3651.95 -966.778 1212620238
3588.12 -990.221 1212620295
3635.1 -1152.08 1212620360
3752.99 -1059.43 1212620415
3751.22 -1056.08 1212620477
3647.51 -1067.25 1212620535
3490.62 -1105.2 1212620595
3290.3 -694.395 1212620655
3171.52 -308.131 1212620716
3074.02 -77.0339 1212620785
3050.08 219.941 1212620845
3020.83 577.219 1212620905
2982.72 1075.2 1212620965
2982.72 1075.2 1212620979
3007.54 1285.12 1212621031
3238 1527.43 1212621069
3340.82 1633.51 1212621084
3424.14 1715.03 1212621133
3290.3 1827.81 1212621188
3168.86 1958.47 1212621248
3026.15 2091.36 1212621308
2977.4 2137.14 1212621377
2639.68 2311.35 1212621428
2431.38 2303.54 1212621488
2225.74 2492.27 1212621557
1992.61 2506.79 1212621613
1509.53 2407.39 1212621669
1252.48 2408.51 1212621730
800.414 2352.67 1212621789
518.541 2305.77 1212621849
-328.852 2175.11 1212621914
-983.011 2074.61 1212621969
-1264.88 2027.7 1212622046
-2056.44 1907.1 1212622095
-2413.65 1892.58 1212622149
-2844.44 1881.41 1212622214
-3045.65 1876.95 1212622278
-3045.65 1876.95 1212622291
-3045.65 1876.95 1212622293
-3045.65 1881.41 1212622376
-3092.63 2029.94 1212622414
-3075.79 2073.49 1212622474
-3005.76 2273.38 1212622542
-3058.95 2314.7 1212622594
-3321.32 2283.43 1212622659
-3739.7 2485.57 1212622786
-4053.48 2469.93 1212622831
-4339.79 2447.6 1212622887
-4537.45 2437.55 1212622924
-4654.46 2507.9 1212623045
-4651.8 2514.61 1212623106
-4294.58 2649.74 1212623155
-3778.7 2677.66 1212623215
-3269.91 2704.46 1212623275
-2327.67 2803.86 1212623401
-1913.73 2871.98 1212623472
-1735.56 2898.79 1212623525
-1423.55 2947.93 1212623579
-879.303 3039.51 1212623640
-436.992 3113.22 1212623700
60.2748 3191.4 1212623772
247.304 3219.32 1212623821
477.767 3253.95 1212623882
613.385 3320.96 1212623942
604.521 3334.36 1212624006
546.905 3678.37 1212624070
556.656 3996.71 1212624123
911.213 4050.32 1212624197
1208.16 4176.54 1212624308
1173.59 4404.42 1212624368
1107.11 4808.8 1212624412
1064.56 5003.17 1212624473
1131.04 5159.57 1212624528
1364.16 5194.2 1212624631
1378.34 5195.32 1212624643
1517.51 5127.17 1212624699
1867.63 5165.16 1212624745
2097.21 5208.72 1212624805
2298.42 5381.88 1212624865
2282.47 5387.47 1212624925
2271.83 5383 1212624985
2274.49 5380.77 1212625055
2273.6 5379.65 1212625091
2290.44 5364.01 1212625135
2458.86 5298.1 1212625198
2582.95 5218.78 1212625252
2971.19 4911.57 1212625376
3064.27 4338.51 1212625431
3145.81 3871.61 1212625492
3056.29 3663.85 1212625528
3148.47 3710.77 1212625576
3041.22 3864.9 1212625642
3143.15 3899.53 1212625701
3144.04 3877.19 1212625717
3146.7 3829.16 1212625748
3184.82 3654.92 1212625808
3222.04 3594.6 1212625868
3249.52 3547.69 1212625932
3201.66 3403.61 1212625993
2993.35 3148.96 1212626048
2710.59 2878.68 1212626110
2490.77 2718.98 1212626166
2485.45 2717.86 1212626173
2476.59 2716.74 1212626218
2353.38 2564.86 1212626264
1966.91 2539.17 1212626327
1544.99 2479.98 1212626388
1354.41 2457.65 1212626458
1105.33 2408.51 1212626534
728.616 2484.45 1212626589
695.82 2734.61 1212626662
599.203 2816.14 1212626705
610.726 2825.08 1212626731
610.726 2825.08 1212626748
1071.65 2933.41 1212626795
1232.09 2942.34 1212626855
1627.42 3020.52 1212626921
2025.41 3079.72 1212626976
2423.4 3195.87 1212627042
2708.82 3185.82 1212627101
2961.44 3228.26 1212627157
2985.38 3234.96 1212627224
3022.61 3280.75 1212627266
3157.34 3354.47 1212627332
3191.02 3394.68 1212627395
3190.13 3479.56 1212627448
3428.57 3673.91 1212627501
3511.89 4052.56 1212627573
3098.83 4787.57 1212627689
2963.22 4962.96 1212627749
2691.09 5188.62 1212627803
2446.45 5319.32 1212627873
2332.1 5381.88 1212627924
2293.99 5383 1212627979
2285.12 5385.24 1212627986
2283.35 5383 1212628004
2335.65 5356.19 1212628073
2457.09 5300.33 1212628139
2580.29 5222.13 1212628184
2910.03 4958.49 1212628244
3022.61 4527.29 1212628312
3092.63 4144.15 1212628364
3153.79 3729.75 1212628439
3240.66 3564.45 1212628499
3270.8 3527.59 1212628556
3041.22 3351.12 1212628682
2725.66 3043.98 1212628753
2473.04 2710.04 1212628799
2415.42 2699.99 1212628856
2218.65 2781.52 1212628923
2176.98 2879.8 1212628977
2197.37 2933.41 1212629035
2206.24 2931.17 1212629037
2431.38 2934.53 1212629097
2504.95 2953.51 1212629122
2549.27 2911.07 1212629213
2582.95 2962.45 1212629240
2624.61 2963.56 1212629297
2638.8 2830.66 1212629357
2755.8 2772.59 1212629418
2774.41 2789.34 1212629478
2774.41 2789.34 1212629508
2752.25 2764.77 1212629563
2997.79 2534.71 1212629619
3123.65 2377.24 1212629674
2988.92 2008.72 1212629736
2566.11 1559.81 1212629796
2679.57 999.273 1212629856
2755.8 -1502.59 1212629989
2659.18 -2999.32 1212630042
3157.34 -4427.71 1212630078
3612.06 -5848.05 1212630129
3877.09 -7343.99 1212630190
4144.78 -8827.39 1212630238
3087.31 -15372.3 1212630481
4550.75 -16079.9 1212630615
4417.79 -15864.9 1212630871
4228.1 -16104.4 1212630985
4212.15 -16076.6 1212631147
3338.16 -16062.1 1212631208
2964.99 -14652.4 1212631283
2639.68 -13175.7 1212631329
2570.54 -11689.7 1212631367
3490.62 -10513.5 1212631424
4200.62 -9215.48 1212631466
3968.39 -7732.15 1212631519
3709.56 -6250.79 1212631570
3074.9 -4085.15 1212631642
2799.23 -3206.9 1212631708
3579.26 -1744.81 1212631731
3849.61 -228.867 1212631784
3653.72 715.668 1212631818
3109.47 1659.2 1212631877
3472.01 1751.88 1212631939
3566.85 1842.33 1212632004
3568.62 1841.21 1212632023
3417.05 1708.33 1212632095
3015.51 1318.62 1212632144
2595.36 1723.96 1212632204
2134.44 2186.28 1212632276
1868.52 2095.82 1212632325
1725.81 1970.75 1212632385
1568.03 1928.32 1212632438
1324.27 1897.05 1212632492
1126.61 1793.2 1212632553
866.894 1720.61 1212632600
176.392 1652.5 1212632657
-649.727 1507.33 1212632717
-1459.01 1388.97 1212632777
-1602.6 1374.45 1212632798
-1603.49 1380.03 1212632800
-1669.08 1547.53 1212632860
-1708.08 1778.68 1212632920
-1796.72 2238.76 1212632980
-1369.48 2426.38 1212633041
-898.804 2484.45 1212633101
-715.32 2840.71 1212633167
-291.624 3205.92 1212633282
104.595 3291.92 1212633342
167.529 3089.77 1212633403
170.188 3148.96 1212633463
175.506 3124.39 1212633479
362.535 3022.76 1212633540
937.805 3057.38 1212633596
996.307 2650.85 1212633656
1113.31 1921.62 1212633722
1066.33 1751.88 1212633777
1011.38 1706.1 1212633840
1068.99 1355.47 1212633908
2189.39 1022.72 1212633958
2661.84 -166.348 1212634018
2705.28 -1673.37 1212634071
2738.96 -3167.84 1212634132
3194.57 -4607.36 1212634186
3915.2 -7549.23 1212634266
4181.12 -9058.24 1212634328
3544.69 -10409.8 1212634371
2592.7 -11543.7 1212634411
2606.89 -13084.3 1212634462
2898.51 -14691.4 1212634515
3292.96 -16117.8 1212634569
4381.45 -16213.6 1212634635
4547.2 -16123.4 1212634690
4027.78 -16227 1212634812
4150.1 -16170.2 1212634869
4150.1 -16171.3 1212634875
4148.33 -16172.4 1212634879
4155.42 -16175.7 1212634940
4129.71 -16176.8 1212635003
3842.52 -16136.7 1212635063
3966.62 -16201.4 1212635124
4237.85 -16113.3 1212635345
4390.31 -16042 1212635366
4392.97 -16030.9 1212635435
4393.86 -16029.8 1212635486
4394.74 -16028.7 1212635550
4396.52 -16029.8 1212635606
4394.74 -16032 1212635666
4395.63 -16030.9 1212635726
4394.74 -16028.7 1212635787
4400.06 -16019.7 1212635847
