3731.72 -963.43 1212665049
3729.95 -963.43 1212665109
3731.72 -963.43 1212665173
3716.65 -975.709 1212665234
3581.92 -990.221 1212665293
3582.81 -990.221 1212665325
3581.03 -995.802 1212665385
3574.83 -1137.57 1212665467
2842.67 -1183.34 1212665527
2400.36 -1308.36 1212665587
1669.08 -1329.57 1212665651
1190.43 -1344.08 1212665708
965.284 -1292.73 1212665757
449.402 -1230.22 1212665807
-109.913 -1273.76 1212665872
-744.571 -1488.08 1212665932
-676.319 -1142.04 1212665989
-473.335 -437.632 1212666048
-943.124 -144.019 1212666109
-985.671 234.455 1212666167
-986.557 234.455 1212666233
-990.989 237.805 1212666284
-995.421 238.921 1212666344
-994.535 238.921 1212666404
-988.33 238.921 1212666464
-989.216 237.805 1212666524
-994.535 240.038 1212666586
-992.762 237.805 1212666645
-1060.13 528.092 1212666706
-975.92 926.696 1212666766
-861.575 1152.25 1212666841
-902.35 1451.5 1212666887
-696.706 1787.61 1212666947
-241.099 1860.2 1212667008
-178.165 1871.36 1212667042
191.461 2094.71 1212667106
317.329 2259.98 1212667140
244.645 2258.87 1212667201
100.163 2650.85 1212667257
56.7292 2966.91 1212667321
-4.43197 3368.99 1212667376
-182.597 3773.31 1212667437
-291.624 4175.43 1212667497
-609.839 4319.52 1212667557
-681.637 4739.54 1212667617
-858.03 4912.69 1212667675
-858.916 4912.69 1212667682
-714.434 4933.91 1212667742
-522.973 4689.27 1212667802
-332.398 4434.58 1212667862
-42.5469 4424.52 1212667922
424.583 4384.31 1212667984
493.722 3954.26 1212668047
502.586 3783.37 1212668102
460.039 3758.79 1212668162
513.222 3773.31 1212668223
519.427 3761.03 1212668284
507.904 3791.19 1212668344
502.586 3783.37 1212668404
513.222 3769.96 1212668464
514.995 3772.2 1212668524
510.563 3780.02 1212668585
509.677 3782.25 1212668645
511.45 3781.13 1212668706
498.154 3800.12 1212668767
450.288 3277.4 1212668888
76.2299 3196.99 1212668948
58.502 2945.69 1212669009
-201.212 2723.45 1212669069
-346.58 2701.11 1212669092
-405.969 2907.72 1212669181
-249.963 3248.36 1212669233
-223.371 3258.42 1212669294
-226.031 3256.18 1212669354
-224.258 3255.06 1212669414
-223.371 3251.71 1212669474
-223.371 3253.95 1212669525
-225.144 3252.83 1212669591
-225.144 3252.83 1212669597
-93.9578 2956.86 1212669657
224.258 2789.34 1212669718
848.279 2784.87 1212669786
1087.61 2137.14 1212669843
1056.58 1421.35 1212669898
1956.27 1037.24 1212669961
2637.02 223.291 1212670018
2888.76 -644.16 1212670060
2645 -1816.24 1212670103
2792.14 -3306.22 1212670161
3216.73 -4745.72 1212670215
3670.56 -6222.9 1212670270
3933.82 -7696.46 1212670316
4182.01 -9149.68 1212670372
2609.55 -13130 1212670516
3285.86 -16101.1 1212670620
4411.59 -15863.7 1212670745
4295.47 -15871.5 1212670796
4291.92 -15878.2 1212670846
4294.58 -15880.5 1212670884
4294.58 -15880.5 1212670886
3175.95 -15393.5 1212671006
2638.8 -14008.3 1212671071
1340.23 -14236.7 1212671113
313.784 -14588.9 1212671157
-572.611 -13391.9 1212671214
-1485.6 -12227 1212671267
-2513.81 -11138.9 1212671317
-2841.78 -9692.76 1212671366
-3149.36 -8217.33 1212671419
-3159.11 -6702.59 1212671472
-3152.02 -6034.36 1212671490
-3126.31 -5516.7 1212671550
-3146.7 -5282.4 1212671586
-3418.82 -4935.4 1212671646
-3433.89 -4697.74 1212671678
-3431.23 -4699.97 1212671708
-3432.12 -4698.86 1212671795
-3431.23 -4702.2 1212671805
-3414.39 -4897.47 1212671852
-3284.98 -5251.16 1212671911
-3192.79 -5295.79 1212671977
-2734.53 -5332.61 1212672033
-1917.27 -5568.02 1212672094
-1381 -5164.13 1212672154
-1022.01 -4032.7 1212672194
214.507 -3167.84 1212672244
2789.48 -2671.2 1212672356
3744.13 -1479.15 1212672382
3847.84 48.007 1212672433
3847.84 48.007 1212672502
3627.13 1719.5 1212672514
3692.72 2208.61 1212672575
3380.71 2517.96 1212672643
2868.37 2837.36 1212672695
2861.28 2798.27 1212672722
2839.12 2773.7 1212672723
2729.21 2655.32 1212672784
2396.81 2344.86 1212672843
2172.55 2156.13 1212672904
2017.43 2245.47 1212672964
1866.75 2095.82 1212673024
1664.65 1958.47 1212673084
1437.73 1919.38 1212673144
1255.13 1979.68 1212673204
1198.41 2360.49 1212673265
1099.13 2991.48 1212673332
975.92 3730.87 1212673385
820.801 3832.51 1212673422
587.68 3786.72 1212673487
505.245 3785.6 1212673547
507.904 3783.37 1212673602
507.904 3784.48 1212673669
507.018 3788.95 1212673722
507.018 3788.95 1212673779
513.222 3769.96 1212673839
507.904 3764.38 1212673895
2.65918 3398.03 1212674009
-263.259 3144.49 1212674071
-436.106 3123.27 1212674136
-455.607 3112.1 1212674137
-834.984 3054.03 1212674213
-1464.32 2956.86 1212674257
-1672.63 2930.06 1212674322
-1698.33 2920.01 1212674333
-1604.37 3141.14 1212674443
-1255.13 3290.8 1212674512
-919.191 3436 1212674563
-669.228 3586.79 1212674624
-669.228 3586.79 1212674653
-458.266 3348.88 1212674722
-395.332 2940.11 1212674774
-346.58 2603.95 1212674842
-279.214 2196.33 1212674893
-109.027 2095.82 1212674953
572.611 2206.38 1212675013
1080.51 2192.98 1212675073
1139.9 1780.91 1212675133
1053.92 1421.35 1212675203
1921.7 1042.82 1212675253
2695.53 671.007 1212675313
2470.38 -2146.63 1212675444
3327.52 -5030.24 1212675553
3729.95 -6500.67 1212675599
4005.62 -8035.53 1212675657
4091.6 -9565.64 1212675725
3273.45 -10722 1212675781
2988.04 -15048 1212675922
