3186.59 -15435.8 1212726243
3820.36 -6891.11 1212726533
3544.69 -5404.01 1212726593
2877.24 -3460.23 1212726694
2357.81 1280.65 1212726888
1710.74 1967.4 1212727005
1562.71 2877.57 1212727063
1513.96 3255.06 1212727124
1456.35 3635.93 1212727184
1231.2 4192.18 1212727243
1160.29 4480.38 1212727308
1100.02 4506.07 1212727368
1055.7 4169.84 1212727505
1116.86 3755.44 1212727552
1232.09 3016.06 1212727610
1303 2655.32 1212727675
1340.23 2387.29 1212727736
1843.7 2406.28 1212727795
2207.12 2459.88 1212727866
1886.25 2731.26 1212727911
1660.22 2908.84 1212727971
1629.19 2903.25 1212727984
1564.49 2893.2 1212728021
1436.85 2678.77 1212728080
1521.05 2366.07 1212728137
1583.1 1852.38 1212728202
1677.06 1573.21 1212728262
1409.37 1349.89 1212728323
1417.34 540.374 1212728379
1466.98 -166.348 1212728445
1690.35 -888.637 1212728562
1747.97 -1194.5 1212728662
1699.22 -586.109 1212728722
1655.78 15.6302 1212728783
1438.62 341.637 1212728843
1400.5 886.5 1212728903
1398.73 1088.6 1212728969
1499.78 1385.62 1212729024
1654.01 1568.75 1212729096
1856.11 1785.38 1212729149
2146.85 2210.85 1212729204
2113.16 2321.4 1212729278
2291.33 2461 1212729330
2287.78 2463.23 1212729385
2301.08 2442.01 1212729446
2293.99 2443.13 1212729509
2302.85 2436.43 1212729559
2156.6 2176.23 1212729615
2199.14 2402.93 1212729680
2270.06 2456.53 1212729727
2360.47 2335.92 1212729732
2186.74 2146.08 1212729793
2036.05 2296.84 1212729845
1392.53 2233.18 1212729927
1100.9 1976.33 1212730062
928.055 1814.41 1212730122
760.526 1815.53 1212730167
562.86 1783.15 1212730191
223.371 1737.36 1212730238
-213.621 1799.9 1212730317
-266.805 2190.74 1212730370
-1232.97 2462.12 1212730491
