2071.5 3307.56 1211614254
2254.99 3354.47 1211614291
2254.99 3354.47 1211614381
1987.3 3002.65 1211614435
1987.3 3002.65 1211614465
2072.39 2598.36 1211614536
2072.39 2598.36 1211614590
2018.32 2235.41 1211614606
1763.04 2003.14 1211614666
1763.04 2003.14 1211614681
1650.47 1885.88 1211614740
1260.45 1498.4 1211614791
1095.58 1337.6 1211614852
979.466 1225.94 1211614912
661.25 896.549 1211614988
273.896 506.879 1211615038
239.326 308.143 1211615093
280.987 -217.703 1211615159
321.761 -766.957 1211615218
324.42 -829.472 1211615279
324.42 -829.472 1211615289
149.801 -985.756 1211615365
-77.1163 -662.021 1211615414
-119.663 -112.759 1211615479
