2109.62 5145.05 1211745111
1833.95 5161.8 1211745167
1731.13 5140.58 1211745416
1716.06 5140.58 1211745505
1720.49 5142.81 1211745631
1716.06 5134.99 1211745686
1716.06 5133.88 1211745751
1722.26 5137.23 1211745820
1719.61 5138.34 1211746054
1719.61 5137.23 1211746108
1722.26 5138.34 1211746168
1723.15 5139.46 1211746228
1723.15 5142.81 1211746288
1721.38 5141.7 1211746410
1724.04 5138.34 1211746470
1723.15 5134.99 1211746529
1724.04 5133.88 1211746589
1722.26 5139.46 1211746650
1720.49 5129.41 1211746727
1720.49 5148.4 1211746773
1719.61 5146.16 1211746831
1724.04 5140.58 1211746900
1720.49 5165.16 1211747072
1726.7 5157.34 1211747147
1724.04 5147.28 1211747197
1724.92 5147.28 1211747257
1724.04 5151.75 1211747312
1720.49 5153.98 1211747372
1721.38 5157.34 1211747437
1723.15 5146.16 1211747492
1719.61 5153.98 1211747563
1718.72 5151.75 1211747683
1717.83 5149.52 1211747706
1770.13 5152.87 1211747777
1647.81 5038.92 1211747827
1716.95 4745.12 1211747887
1969.57 4649.05 1211747951
1988.18 4653.52 1211748023
2240.81 4509.42 1211748060
2434.04 4331.81 1211748120
2618.41 4170.96 1211748180
2777.07 4040.27 1211748249
2951.69 3740.92 1211748310
2999.56 3294.16 1211748370
3094.4 3086.42 1211748430
3224.7 2883.15 1211748490
3417.94 2516.84 1211748551
3253.95 2256.63 1211748612
2900.28 1900.4 1211748673
2689.32 834.022 1211748734
2505.84 -2049.52 1211748863
2863.05 -3513.79 1211748894
3267.25 -4928.71 1211748950
3049.2 -5809 1211749056
3137.84 -5234.42 1211749131
3282.32 -5035.82 1211749157
3280.55 -5036.94 1211749163
3276.11 -5020.2 1211749223
3276.11 -5016.85 1211749283
2973.85 -5330.37 1211749343
2531.54 -5456.45 1211749403
2059.98 -5290.21 1211749467
1864.09 -4925.36 1211749521
1929.68 -4662.04 1211749581
998.967 -4808.2 1211749641
629.34 -4483.51 1211749702
545.133 -4621.87 1211749751
475.994 -4746.84 1211749812
475.994 -4745.72 1211749827
-20.3871 -5135.12 1211749933
-406.855 -4916.43 1211749993
-555.769 -4743.49 1211750053
-697.592 -4604.01 1211750113
-903.236 -4423.25 1211750173
-1039.74 -4356.3 1211750234
-1095.58 -4337.33 1211750295
-1589.31 -5345.99 1211750355
-2990.69 -5841.35 1211750403
-3099.72 -7345.1 1211750455
-3172.41 -8199.48 1211750484
-2918.9 -9645.93 1211750544
-2934.85 -10113.2 1211750606
-2947.26 -9686.07 1211750665
-3073.13 -9676.04 1211750707
-3073.13 -9677.15 1211750709
-3042.11 -9563.41 1211750770
-2900.28 -9521.03 1211750830
-2851.53 -9676.04 1211750891
-3136.95 -8179.41 1211750946
-3159.11 -6630.08 1211751007
-2162.8 -5544.59 1211751067
-1107.99 -4496.9 1211751122
-940.465 -3845.23 1211751144
382.922 -3117.62 1211751193
1850.79 -3117.62 1211751257
2475.7 -2248.2 1211751301
2732.75 -1687.88 1211751363
2777.07 -1258.13 1211751423
2422.52 -1301.66 1211751489
2147.73 -1188.92 1211751550
1815.34 -1214.59 1211751610
1749.74 -1173.29 1211751670
1661.1 -1060.55 1211751731
1631.85 -1229.11 1211751791
1590.19 -1238.04 1211751851
1365.93 -1246.97 1211751911
1355.3 -1086.22 1211751943
1325.16 -755.794 1211752003
1170.04 -637.461 1211752064
1120.4 -635.229 1211752152
1082.29 -159.649 1211752222
1057.47 156.303 1211752272
1045.95 401.928 1211752332
1042.4 462.218 1211752392
1025.56 668.774 1211752452
1216.13 898.782 1211752512
1519.28 918.88 1211752572
1572.46 919.997 1211752632
1665.54 926.696 1211752693
1725.81 933.396 1211752753
1898.66 947.911 1211752813
1942.09 950.144 1211752873
1945.64 945.678 1211752934
1996.16 955.727 1211753004
2084.8 1018.25 1211753068
2096.32 1029.42 1211753124
2383.51 1234.87 1211753245
2200.03 1453.73 1211753305
1947.41 1704.98 1211753339
1465.21 1927.2 1211753407
1471.41 1949.53 1211753424
1133.7 1774.21 1211753489
1034.42 1748.53 1211753544
581.475 1671.48 1211753615
-60.2748 1572.1 1211753665
-151.573 1541.95 1211753727
-141.823 1536.36 1211753786
-140.05 1536.36 1211753846
-139.164 1538.6 1211753906
-144.482 1545.3 1211753966
-160.437 1549.76 1211754040
-167.529 1487.23 1211754045
-261.486 1329.79 1211754111
-590.339 1165.64 1211754175
-827.892 1133.26 1211754229
-902.35 1118.75 1211754302
-1022.9 1098.65 1211754360
-1111.54 1085.25 1211754419
-1226.77 1065.15 1211754486
-1311.86 1052.87 1211754512
-1458.12 1235.99 1211754635
-1190.43 1286.24 1211754684
-904.122 1462.66 1211754749
-945.783 1731.78 1211754804
-535.382 2454.3 1211754933
-342.148 2486.69 1211754985
-331.512 2578.26 1211755044
-435.22 2580.5 1211755107
-433.447 2576.03 1211755138
-449.402 2681.01 1211755161
150.687 2778.17 1211755211
729.503 2869.75 1211755276
979.466 2841.83 1211755345
989.216 2840.71 1211755360
1056.58 2322.52 1211755413
1206.38 2203.03 1211755479
1381 2228.71 1211755534
1769.24 2292.37 1211755595
2082.14 1852.38 1211755655
2673.37 1263.91 1211755726
2914.46 1471.6 1211755776
3472.89 858.586 1211755836
3834.54 -563.782 1211755896
3818.59 -1042.69 1211755963
3821.25 -1040.45 1211755990
3820.36 -1043.8 1211756061
3823.02 -1052.73 1211756113
3746.79 -996.919 1211756172
3583.69 -962.313 1211756243
3581.03 -966.778 1211756288
