4323.83 -16154.6 1211172183
4548.98 -15993 1211172282
4200.62 -16064.3 1211172341
3330.18 -16030.9 1211172405
2978.29 -14535.4 1211172450
1617.67 -14088.5 1211172510
231.349 -14580 1211172559
-612.499 -13347.3 1211172606
-1543.21 -12145.7 1211172657
-2567 -11077.6 1211172710
-2654.75 -10264.8 1211172731
-3156.45 -8347.82 1211172853
-3252.18 -4881.85 1211172930
-3496.83 -4480.16 1211172997
-3471.12 -3882.05 1211173062
-3465.8 -3267.16 1211173114
-3526.08 -1903.31 1211173234
-3787.56 -1917.82 1211173266
-3904.57 -1941.26 1211173327
-3556.21 -1915.58 1211173371
-3556.21 -1908.89 1211173391
-3562.42 -1914.47 1211173429
-3543.8 -1983.67 1211173448
-3543.8 -1992.6 1211173454
-3518.1 -2655.58 1211173510
-3512.78 -3080.79 1211173570
-3216.73 -3251.54 1211173630
-2520.91 -3816.21 1211173690
-2002.37 -3996.99 1211173755
-1725.81 -4075.1 1211173810
-1448.37 -4155.45 1211173870
-1062.79 -4365.23 1211173930
-608.067 -4713.36 1211173991
-361.649 -4956.6 1211174044
121.436 -5223.27 1211174108
1017.58 -5570.25 1211174164
1529.03 -5353.8 1211174224
2060.87 -5492.15 1211174284
2121.14 -5580.29 1211174344
2121.14 -5579.17 1211174404
2179.64 -5468.72 1211174464
2630.82 -4966.64 1211174593
2317.92 -4537.06 1211174719
1820.65 -4413.21 1211174774
1820.65 -4413.21 1211174790
1727.58 -4403.17 1211174843
1718.72 -4392.01 1211174869
1745.31 -4385.31 1211174916
1977.55 -4678.77 1211174976
2791.26 -4410.98 1211175033
3066.92 -4319.48 1211175103
3201.66 -4107.46 1211175160
3829.22 -4405.4 1211175219
4205.06 -4427.71 1211175273
4271.53 -4356.3 1211175313
4277.74 -4338.45 1211175329
4120.85 -4502.47 1211175379
3690.06 -4304.97 1211175436
3570.4 -4202.31 1211175496
3566.85 -4206.78 1211175525
3112.13 -4086.26 1211175571
2932.19 -4347.37 1211175644
1413.8 -4638.6 1211175764
794.209 -4638.6 1211175820
364.308 -4369.69 1211175880
298.715 -4223.51 1211175932
300.488 -4221.28 1211175945
307.579 -4205.66 1211175957
330.625 -4108.58 1211175980
-6.20476 -4125.32 1211176065
-13.2959 -4148.75 1211176125
-16.8415 -4134.24 1211176299
-19.5007 -4134.24 1211176393
-187.029 -4376.39 1211176449
-698.479 -4397.59 1211176573
-368.74 -4701.09 1211176621
-21.2735 -4152.1 1211176730
19.5007 -4103 1211176731
150.687 -3860.85 1211176793
154.233 -3855.27 1211176851
155.119 -3853.04 1211176911
999.853 -2748.21 1211177092
1052.15 -2309.59 1211177152
1231.2 -2191.28 1211177187
2337.42 -2280.57 1211177322
2528 -2329.68 1211177379
2526.22 -2328.56 1211177428
2524.45 -2329.68 1211177502
2742.5 -3040.61 1211177582
3038.56 -3913.3 1211177631
3963.96 -4503.59 1211177757
4269.76 -4357.42 1211177818
4221.01 -4402.05 1211177943
4139.46 -4499.13 1211177961
4026 -4246.95 1211178036
4329.15 -3825.14 1211178075
4214.81 -3094.18 1211178195
3765.4 -2775 1211178255
3369.19 -2593.08 1211178310
3361.21 -2590.84 1211178335
3322.21 -2574.1 1211178391
2998.67 -2191.28 1211178456
2752.25 -1832.99 1211178506
2840.89 -1493.66 1211178528
2698.18 -1148.73 1211178593
2617.52 -792.633 1211178648
2598.02 -703.326 1211178708
2559.91 -139.554 1211178776
2535.97 181.981 1211178806
2535.97 183.098 1211178817
2489.88 696.687 1211178876
2481.9 1023.84 1211178940
2662.73 1210.31 1211179000
2899.4 1458.2 1211179060
3182.16 1928.32 1211179121
3160 1968.52 1211179181
3160 2134.91 1211179199
3845.18 2798.27 1211179259
9656.38 6870.09 1211179516
11091.5 7175.14 1211179565
12538 7602.01 1211179615
12290.7 9096.21 1211179669
12013.3 10572.8 1211179727
11817.4 11933.4 1211179784
12836.8 12187.2 1211179844
13612.4 12312.4 1211179908
14117.6 12390.7 1211179969
14455.3 12448.8 1211180024
14598.9 12740.7 1211180095
14770 12803.3 1211180118
14769.1 12802.2 1211180122
14771.8 12798.8 1211180182
14770.9 12795.5 1211180242
14789.5 12801 1211180275
14826.7 12613.2 1211180333
14990.7 13020.2 1211180388
14965.9 14791.7 1211180632
14700.9 15396.8 1211180633
14693.8 15391.2 1211180695
14816.1 14962.8 1211180733
14954.4 14466.2 1211180793
15001.3 13861.2 1211180853
14731.9 13620.7 1211180913
14739.9 13438.4 1211180938
14740.7 13432.8 1211180940
14766.4 13193.5 1211181000
14821.4 12527.1 1211181060
14433.2 12458.9 1211181126
13969.6 12382.9 1211181180
13303.9 12274.4 1211181241
12750.8 12181.6 1211181301
12018.6 12000.5 1211181362
11770.4 11502.9 1211181422
12092.2 10016.1 1211181473
12371.4 8500.51 1211181527
11774.9 7351.7 1211181588
10803.4 7248.89 1211181650
10205.9 7033.23 1211181708
8732.76 6706.96 1211181762
7342.89 6254.44 1211181814
6110.8 5398.64 1211181870
5129.56 4248.03 1211181924
4159.85 3105.4 1211181982
3064.27 2077.96 1211182039
2432.27 1515.15 1211182101
2146.85 1506.21 1211182165
1992.61 1723.96 1211182221
1943.86 1740.71 1211182281
1983.75 1726.2 1211182341
1990.84 1726.2 1211182401
1993.5 1725.08 1211182461
1992.61 1725.08 1211182522
1976.66 1729.55 1211182582
1992.61 1672.6 1211182644
1761.27 1911.57 1211182703
2052 2255.52 1211182764
2243.46 2465.47 1211182824
2404.79 2621.82 1211182885
2629.93 2882.03 1211182949
2999.56 2937.88 1211183009
3254.84 3268.47 1211183069
3349.68 3265.12 1211183129
2958.78 2874.22 1211183189
2708.82 2971.38 1211183249
2610.43 2840.71 1211183309
2293.1 2522.42 1211183369
2279.81 2532.47 1211183410
2201.8 2602.83 1211183470
2137.98 2979.2 1211183530
2039.59 3664.97 1211183590
1966.02 4088.3 1211183651
1899.54 4487.08 1211183715
1868.52 4852.36 1211183771
2286.01 4894.81 1211183831
2296.65 4821.08 1211183886
2296.65 4821.08 1211183887
2003.25 4704.91 1211183947
2134.44 4585.38 1211184007
2341.85 4406.65 1211184067
2341.85 4403.3 1211184095
2157.48 4141.92 1211184155
1085.83 3910.7 1211184216
1195.75 3251.71 1211184276
1243.61 2945.69 1211184336
1287.93 2534.71 1211184397
1216.13 2529.12 1211184415
1340.23 2755.83 1211184475
1450.14 2774.82 1211184535
1446.6 2772.59 1211184598
1451.03 2765.88 1211184657
1454.57 2767 1211184722
1456.35 2770.35 1211184783
1455.46 2769.24 1211184838
1451.03 2777.05 1211184898
1598.17 2781.52 1211184958
2099.87 2870.87 1211185018
2316.15 2826.19 1211185078
2290.44 2510.14 1211185139
2291.33 2500.09 1211185155
2539.52 2558.16 1211185210
2975.63 2085.77 1211185271
2673.37 1036.12 1211185331
2872.8 -456.611 1211185385
2563.45 -1940.14 1211185436
1667.31 -3124.31 1211185494
433.447 -3281.67 1211185554
376.718 -3501.52 1211185614
806.619 -3519.37 1211185667
806.619 -3519.37 1211185668
1420 -3473.62 1211185728
2093.66 -3327.43 1211185788
2671.59 -3108.69 1211185845
2842.67 -3625.39 1211185905
2964.99 -3542.81 1211185965
2966.76 -3535 1211186025
2966.76 -3536.11 1211186086
2968.53 -3540.58 1211186145
2746.05 -3003.78 1211186205
2718.57 -1974.74 1211186267
2839.12 -1501.47 1211186331
2848.87 -1340.73 1211186389
2894.08 -481.171 1211186429
2711.48 1007.09 1211186482
2391.49 1928.32 1211186542
2113.16 2324.75 1211186602
2323.24 2530.24 1211186662
2443.79 2657.55 1211186722
2765.55 2717.86 1211186782
2284.24 2443.13 1211186848
2211.55 2601.71 1211186903
2362.24 2609.53 1211186945
2293.1 2516.84 1211187005
2289.56 2521.31 1211187066
2286.9 2526.89 1211187126
2286.01 2525.77 1211187148
2286.9 2524.66 1211187209
2287.78 2523.54 1211187269
2291.33 2513.49 1211187330
2283.35 2517.96 1211187375
2286.9 2519.07 1211187435
2291.33 2513.49 1211187500
2285.12 2511.25 1211187555
2284.24 2514.61 1211187626
2279.81 2496.74 1211187656
1927.02 2133.79 1211187716
1732.01 1956.23 1211187776
1588.42 1797.66 1211187836
1335.8 1567.63 1211187902
1150.54 1384.5 1211187957
1171.81 1098.65 1211188019
1216.13 564.937 1211188079
1427.98 183.098 1211188140
1466.1 2.23288 1211188200
1466.98 44.6577 1211188242
1466.98 48.007 1211188243
1466.1 51.3563 1211188244
1424.44 576.102 1211188305
1400.5 1091.95 1211188365
1574.24 1061.8 1211188426
2589.16 1430.28 1211188486
2722.12 1591.08 1211188547
2814.3 1916.03 1211188607
2826.71 1913.8 1211188668
2823.17 1905.98 1211188712
2586.5 2139.38 1211188773
2347.17 2397.34 1211188833
2198.26 2666.49 1211188893
2282.47 2510.14 1211188953
2055.55 2294.6 1211188997
1863.2 2094.71 1211189058
1509.53 1745.18 1211189118
1240.07 1454.85 1211189178
972.375 1204.73 1211189238
594.771 761.446 1211189299
596.543 734.649 1211189359
601.862 735.766 1211189396
602.748 735.766 1211189408
622.249 837.371 1211189460
827.006 1040.59 1211189518
1256.91 1468.25 1211189580
1665.54 1875.83 1211189640
2041.37 2254.4 1211189701
2229.28 2444.25 1211189761
2473.93 2653.09 1211189822
2249.67 2440.9 1211189883
2260.31 2471.05 1211189889
2339.19 2554.81 1211189910
2340.08 2553.69 1211189911
2690.21 2822.84 1211189972
3109.47 3040.63 1211190032
3116.56 2797.16 1211190092
2998.67 2908.84 1211190153
2729.21 2940.11 1211190213
2377.31 2600.6 1211190274
2300.19 2504.55 1211190300
1963.36 2323.64 1211190353
