3093.52 -15219.7 1211148151
2793.92 -13715.1 1211148210
2573.2 -12183.6 1211148254
3201.66 -10801.1 1211148298
4111.98 -9570.1 1211148338
4028.66 -8028.84 1211148393
3752.11 -6504.02 1211148434
3571.28 -5501.08 1211148462
3076.68 -4072.87 1211148509
2785.05 -3171.19 1211148570
3600.53 -1712.44 1211148591
3857.59 -259.01 1211148642
3400.21 1144.43 1211148692
3090.86 1644.68 1211148751
2674.25 2048.92 1211148821
2406.56 2315.82 1211148871
2169.89 2742.43 1211148932
2194.71 2878.68 1211148992
2194.71 2878.68 1211149000
2308.17 2893.2 1211149194
2308.17 2893.2 1211149201
2567 2935.64 1211149264
2632.59 2854.11 1211149322
2850.64 2683.24 1211149376
2991.58 2514.61 1211149443
3172.41 2724.56 1211149502
2922.44 2982.55 1211149564
3082.88 3871.61 1211149737
3149.36 3819.11 1211149798
2992.47 4105.06 1211149863
2582.95 4223.46 1211149933
2579.41 4227.93 1211149957
2428.72 4341.86 1211150011
1886.25 4817.73 1211150073
1576.01 5094.78 1211150132
1427.1 5213.19 1211150191
1426.21 5212.08 1211150213
1786.08 4884.76 1211150270
2132.67 4592.08 1211150341
2332.99 4406.65 1211150390
2332.99 4406.65 1211150403
2388.83 4216.76 1211150450
2411.88 4093.89 1211150519
2437.58 3921.87 1211150576
2452.65 3821.34 1211150631
2480.13 3697.36 1211150696
2559.02 3211.51 1211150756
2424.29 3123.27 1211150851
2413.65 3199.22 1211150866
2440.24 3249.48 1211150995
2054.66 3490.73 1211151055
2101.64 3514.19 1211151088
2180.53 3529.82 1211151107
2352.49 3561.1 1211151164
2790.37 3671.67 1211151241
2792.14 3745.39 1211151252
2506.72 3680.61 1211151312
2373.76 3734.22 1211151373
2203.58 3546.58 1211151435
1916.38 3383.51 1211151496
1337.57 3289.69 1211151555
924.509 3227.14 1211151616
467.13 3151.2 1211151692
-329.739 3026.11 1211151752
-1014.92 2871.98 1211151810
-975.92 1836.75 1211151861
-920.077 1445.92 1211151919
-1618.56 1211.43 1211152044
-1560.05 829.556 1211152109
-1593.74 470.034 1211152162
-1939.43 371.782 1211152279
-1938.54 366.2 1211152341
-1937.66 366.2 1211152342
-1933.23 358.385 1211152369
-2044.03 333.822 1211152434
-1982.86 353.919 1211152513
-1974 356.152 1211152583
-1509.53 483.432 1211152633
-1576.9 975.825 1211152757
-1602.6 1151.13 1211152798
-518.541 1394.55 1211152905
59.3884 1486.11 1211152966
563.747 1645.8 1211153026
525.632 1856.85 1211153097
528.291 1856.85 1211153148
