3125.43 -15294.3 1212783901
3966.62 -7661.88 1212784129
3691.83 -6169.35 1212784161
3241.54 -4693.28 1212784220
2820.51 -3242.61 1212784274
3623.58 -1713.55 1212784348
3855.82 -199.84 1212784417
3395.78 1229.29 1212784454
3105.93 1645.8 1212784529
2823.17 1912.68 1212784574
2678.68 2046.69 1212784639
2434.04 2300.19 1212784697
2418.97 2321.4 1212784755
2195.6 2654.2 1212784825
2230.17 2887.62 1212784881
2217.76 2885.38 1212784935
2217.76 2885.38 1212784938
2217.76 2885.38 1212784939
2308.17 2893.2 1212784971
2449.11 2944.58 1212785033
2636.14 2861.93 1212785094
2798.35 2693.29 1212785153
2899.4 2586.08 1212785222
2907.37 2590.55 1212785234
2904.71 2595.01 1212785257
3113.02 2234.3 1212785323
2800.12 1917.15 1212785378
2514.7 1630.16 1212785438
2282.47 1400.13 1212785498
1986.41 1085.25 1212785558
1975.77 951.261 1212785627
2092.78 952.377 1212785658
1983.75 1032.77 1212785718
2169.89 1265.02 1212785790
2373.76 1219.24 1212785833
2262.08 1406.83 1212785893
2267.4 1655.85 1212785953
2483.68 1869.13 1212785992
2656.52 2041.1 1212786067
3050.08 2423.03 1212786123
3183.04 2316.94 1212786172
3230.91 2263.33 1212786206
3584.58 1908.22 1212786278
3576.6 1849.03 1212786316
2818.73 1503.98 1212786450
2471.27 1856.85 1212786497
1978.43 2328.1 1212786553
1653.13 2280.08 1212786623
1237.41 2220.9 1212786675
1151.43 2591.66 1212786734
952.874 2820.61 1212786799
548.678 2764.77 1212786822
-309.352 2603.95 1212786882
-487.517 2611.77 1212786947
-485.744 2618.47 1212786969
-367.854 2646.39 1212786994
