3642.19 -944.452 1212845970
3649.29 -970.127 1212846031
3602.31 -970.127 1212846091
3599.65 -967.895 1212846151
3601.42 -976.825 1212846211
3596.99 -979.058 1212846271
3570.4 -1138.69 1212846331
3705.13 -1143.15 1212846344
3986.12 -843.984 1212846410
3501.26 883.15 1212846475
2705.28 2019.89 1212846557
2841.78 2238.76 1212846616
2551.04 2571.56 1212846675
2496.97 2708.93 1212846740
2580.29 2856.35 1212846782
2654.75 2860.81 1212846834
2588.27 2539.17 1212846893
2410.11 2729.03 1212846959
2412.77 2733.5 1212846965
2049.34 2726.8 1212847020
1862.31 2848.53 1212847080
1789.63 3337.71 1212847141
1623.87 3469.51 1212847201
1623.87 3469.51 1212847206
1064.56 3364.52 1212847269
725.957 3316.49 1212847328
319.988 3241.66 1212847388
-335.943 3138.91 1212847452
-926.282 3042.86 1212847508
-1552.08 2949.04 1212847577
-1678.83 2927.82 1212847633
-1853.45 2897.67 1212847693
-2365.79 2816.14 1212847749
-2748.71 2675.42 1212847846
-2749.6 2679.89 1212847911
-2748.71 2676.54 1212847972
-2728.32 2351.56 1212848027
-2715.03 2124.86 1212848086
-2816.08 1687.11 1212848170
-2815.19 1692.7 1212848220
-2815.19 1692.7 1212848246
-2909.15 2215.31 1212848315
-2409.22 2333.69 1212848373
-1561.83 2398.46 1212848503
-1071.65 2485.57 1212848564
-1072.54 2478.87 1212848604
-921.85 2823.96 1212848669
-76.2299 2960.21 1212848733
673.66 3080.83 1212848785
1055.7 3232.73 1212848855
997.194 3616.94 1212848905
871.326 4354.15 1212848966
396.218 4294.95 1212849027
7.97755 4229.04 1212849101
12.4095 4243.56 1212849126
12.4095 4246.92 1212849133
-163.983 4307.24 1212849259
-239.326 4519.47 1212849325
-624.022 4450.22 1212849378
-324.42 4286.01 1212849429
-23.9326 4118.46 1212849507
459.152 4196.65 1212849550
762.299 4251.38 1212849592
1037.97 4212.29 1212849641
1206.38 3992.24 1212849701
1275.52 3711.88 1212849738
1578.67 3643.75 1212849799
1576.9 3754.33 1212849840
1373.91 4042.5 1212849913
1084.95 4080.48 1212849961
915.645 4093.89 1212850021
588.566 4431.23 1212850088
846.507 4455.8 1212850213
818.142 4717.19 1212850268
598.316 4860.18 1212850323
296.942 4806.56 1212850392
-50.5245 4760.76 1212850442
-49.6381 4762.99 1212850454
-82.4347 4623.36 1212850514
-78.0027 4620.01 1212850584
-75.3435 4632.3 1212850639
-82.4347 4622.24 1212850695
-84.2075 4622.24 1212850763
-84.2075 4623.36 1212850788
-304.92 4503.83 1212850848
-633.772 4418.94 1212850909
-161.324 4294.95 1212851008
111.686 4139.68 1212851057
460.925 4128.51 1212851124
498.154 3881.66 1212851186
546.019 3613.59 1212851248
478.653 3354.47 1212851312
409.514 3360.05 1212851349
309.352 3224.91 1212851399
369.626 2836.24 1212851469
435.22 2433.08 1212851519
606.294 2206.38 1212851584
780.914 2143.84 1212851645
1313.64 2215.31 1212851704
1396.96 2027.7 1212851764
1817.99 2080.19 1212851865
1817.99 2079.07 1212851872
1852.56 2083.54 1212851938
2170.78 2108.11 1212851992
2051.12 2249.93 1212852048
2035.16 2282.32 1212852084
1723.15 2285.67 1212852123
1526.37 2251.05 1212852183
1381.89 2229.83 1212852254
1098.24 2184.04 1212852314
1099.13 2028.82 1212852365
596.543 1678.18 1212852484
-10.6367 1576.56 1212852545
-149.801 1336.49 1212852610
-163.097 1240.46 1212852673
-160.437 1240.46 1212852725
-169.301 1232.64 1212852791
-360.763 1201.38 1212852807
-880.19 1133.26 1212852876
-1264 1059.57 1212852935
-1569.8 1010.44 1212852987
-1529.03 635.278 1212853048
-1529.92 484.549 1212853122
-1530.8 482.316 1212853179
-1848.13 413.093 1212853354
-2146.85 308.143 1212853409
-2421.63 454.403 1212853470
-2651.21 441.005 1212853530
-2743.39 790.476 1212853661
-2743.39 790.476 1212853687
-2742.5 792.71 1212853737
-2744.28 786.01 1212853801
-2743.39 779.311 1212853830
-2725.66 658.725 1212853895
-2668.93 641.977 1212853957
-2627.27 472.267 1212854007
-2627.27 471.15 1212854070
-2625.5 466.684 1212854133
-2624.61 464.451 1212854190
-2625.5 465.568 1212854219
-2620.18 480.083 1212854279
-2626.39 627.462 1212854340
-2383.51 657.609 1212854404
-1786.97 876.451 1212854460
-1674.4 1232.64 1212854520
-1229.43 1267.26 1212854591
-372.286 1413.53 1212854644
296.942 1518.5 1212854700
906.782 1625.7 1212854760
1303 1108.7 1212854821
2649.43 868.635 1212854881
2872.8 -491.218 1212854951
2539.52 -1981.44 1212854990
2843.55 -3440.14 1212855044
3263.7 -4889.66 1212855092
3699.81 -6348.96 1212855136
3965.73 -7824.73 1212855180
4083.62 -8483.89 1212855205
3877.98 -9976 1212855254
2864.83 -11064.2 1212855295
2578.52 -12542.5 1212855343
2816.96 -14032.8 1212855396
3124.54 -15496 1212855452
3784.02 -16244.8 1212855518
4427.54 -16218.1 1212855577
4466.54 -16208 1212855608
4465.66 -16203.6 1212855640
4466.54 -16204.7 1212855642
4518.84 -16143.4 1212855708
4240.51 -15981.9 1212855763
3378.94 -16144.5 1212855823
2646.77 -13250.3 1212855921
4200.62 -9177.56 1212856066
3955.98 -7676.38 1212856114
3684.74 -6163.77 1212856167
3230.02 -4715.59 1212856203
2785.94 -3268.28 1212856257
2691.09 -1789.45 1212856312
2516.47 -1283.8 1212856378
1988.18 -1328.45 1212856440
1556.51 -1254.78 1212856492
1521.05 -734.583 1212856557
1689.47 -540.338 1212856645
1877.38 -504.615 1212856689
2162.8 -481.171 1212856759
2336.54 -609.553 1212856809
2346.29 -644.16 1212856869
2346.29 -644.16 1212856934
2332.1 -603.971 1212856994
2355.15 -887.52 1212857064
2354.26 -894.218 1212857087
2351.6 -894.218 1212857142
2354.26 -887.52 1212857202
2355.15 -887.52 1212857222
2376.42 -1161.01 1212857283
2405.67 -1322.87 1212857343
2538.63 -1971.39 1212857403
2847.1 -3442.37 1212857461
3278.77 -4932.06 1212857520
3703.36 -6375.73 1212857562
3895.7 -7445.49 1212857593
4163.39 -8921.07 1212857641
3611.17 -10323.9 1212857687
2627.27 -11474.5 1212857737
2606 -12985 1212857783
2890.53 -14473 1212857834
3230.91 -15921.7 1212857889
4033.09 -16192.4 1212857955
4521.5 -16165.7 1212858015
4531.25 -16157.9 1212858052
4531.25 -16157.9 1212858058
4534.79 -16154.6 1212858118
4263.56 -15959.6 1212858173
3358.55 -16101.1 1212858239
2964.1 -14642.4 1212858283
2638.8 -13143.3 1212858351
2575.86 -11657.4 1212858381
3522.53 -10472.2 1212858424
4198.85 -9148.57 1212858475
3966.62 -7696.46 1212858520
3702.47 -6211.74 1212858568
3253.07 -4765.8 1212858618
2814.3 -3314.03 1212858665
2672.48 -1824.06 1212858723
2553.7 -1259.25 1212858783
1929.68 -1321.76 1212858847
1547.64 -1105.2 1212858904
1531.69 -931.057 1212858963
1507.76 -563.782 1212859025
1482.94 -281.338 1212859084
1429.75 337.171 1212859204
1420 528.092 1212859264
1411.14 749.164 1212859329
1404.94 826.206 1212859349
1388.09 871.985 1212859421
1240.07 535.908 1212859465
851.825 509.112 1212859534
298.715 468.917 1212859591
65.5932 470.034 1212859648
17.7279 686.638 1212859706
-6.20476 964.659 1212859777
-116.118 1212.54 1212859836
-168.415 1544.18 1212859886
-618.703 1490.58 1212859951
-916.532 1549.76 1212860006
-1418.23 1684.88 1212860077
-1758.61 1621.23 1212860126
-2215.1 1750.76 1212860200
-2230.17 1961.82 1212860288
-2229.28 1942.83 1212860306
-2204.46 1554.23 1212860355
-1761.27 1615.65 1212860420
-1307.43 1173.46 1212860595
-1082.29 1084.13 1212860674
-835.87 1123.21 1212860739
-823.46 1126.56 1212860743
-696.706 1046.17 1212860803
-827.006 1026.07 1212860830
-894.372 940.095 1212860884
-893.486 928.929 1212860911
-801.301 808.341 1212860991
-811.051 1127.68 1212861041
-693.16 1363.28 1212861091
-311.124 1423.58 1212861152
180.824 1500.63 1212861221
699.365 1584.38 1212861278
784.459 1183.51 1212861386
784.459 1182.39 1212861388
781.8 1177.93 1212861448
631.113 1242.69 1212861522
284.533 1307.45 1212861568
-90.4122 1246.04 1212861639
-276.555 1214.77 1212861699
-628.454 1160.06 1212861758
-806.619 1132.15 1212861809
-956.42 1108.7 1212861875
-1306.55 1053.99 1212861929
-1529.03 1013.79 1212862001
-1156.74 1077.43 1212862051
-799.528 1134.38 1212862112
-569.065 1386.73 1212862172
-185.256 1447.03 1212862233
-181.711 1672.6 1212862293
-271.237 2155.01 1212862358
-325.307 2564.86 1212862423
-350.126 2648.62 1212862480
-261.486 2921.12 1212862564
226.917 2889.85 1212862669
375.831 2815.02 1212862718
944.01 2897.67 1212862838
1277.29 2962.45 1212862900
1352.64 2976.97 1212862994
1702.76 2943.46 1212863057
1876.5 2848.53 1212863115
2092.78 2885.38 1212863171
