4412.47 -16001.9 1212990062
4267.99 -15954 1212990301
4236.97 -16027.5 1212990367
3977.25 -16142.3 1212990427
4143.89 -16990.2 1212990487
5297.09 -17920.4 1212990528
6505.25 -18906.3 1212990577
7569.81 -19298.4 1212990612
9028.81 -19347.4 1212990660
10123.5 -20348.6 1212990706
11112.7 -21494.5 1212990752
12055.9 -22692.6 1212990795
13368.6 -22714.8 1212990854
14493.4 -22149.2 1212990926
14364 -22259.5 1212990976
14369.3 -22265 1212991009
14578.5 -22029 1212991069
14282.5 -21800.7 1212991136
13266.7 -22740.4 1212991205
12008.9 -22527.8 1212991245
11048.9 -21399.9 1212991289
10071.2 -20271.8 1212991341
8907.38 -19329.5 1212991388
7433.3 -19276.1 1212991425
6096.62 -18544.3 1212991470
4957.6 -17606.3 1212991513
3823.91 -16648.2 1212991560
4197.08 -16117.8 1212991640
4404.49 -16028.7 1212991704
4189.99 -16056.5 1212991915
3795.54 -16282.7 1212991975
4033.09 -16185.8 1212992036
4027.78 -16178 1212992059
3562.42 -16541.2 1212992122
4754.62 -17462.6 1212992170
5906.05 -18415 1212992229
6569.07 -19061.1 1212992285
6650.62 -18842.8 1212992341
6757.87 -18929.7 1212992389
6758.76 -18930.8 1212992396
6679.87 -18853.9 1212992451
6491.07 -18734.7 1212992511
6140.94 -18053 1212992572
5313.05 -17386.8 1212992633
4655.34 -17324.4 1212992693
3574.83 -16359.6 1212992754
4229.87 -16114.5 1212992815
4413.36 -16042 1212992876
4417.79 -16022 1212992937
4416.02 -16024.2 1212992997
4412.47 -16025.3 1212993058
4412.47 -16028.7 1212993118
4412.47 -16028.7 1212993178
4416.02 -16024.2 1212993238
4415.13 -16025.3 1212993298
4415.13 -16025.3 1212993381
4414.24 -16026.4 1212993441
4414.24 -16026.4 1212993502
4413.36 -16025.3 1212993562
4407.15 -16027.5 1212993623
4419.56 -16023.1 1212993794
4329.15 -16171.3 1212993969
4527.7 -16095.5 1212994076
4230.76 -16048.7 1212994153
3417.05 -16200.2 1212994213
2982.72 -14771.7 1212994258
2649.43 -13245.9 1212994321
2562.57 -11723.1 1212994350
3457.82 -10541.3 1212994395
4192.65 -9236.67 1212994440
3970.16 -7735.5 1212994485
3706.02 -6255.25 1212994532
3254.84 -4803.74 1212994574
2857.74 -3340.82 1212994622
3625.35 -1683.42 1212994681
3852.27 -150.718 1212994730
3352.34 1277.3 1212994780
3842.52 1942.83 1212994950
3850.5 1947.3 1212994951
3869.11 1969.63 1212994960
3689.17 2197.45 1212995020
3257.5 2625.17 1212995080
3045.65 2863.05 1212995140
2819.62 3074.13 1212995200
2783.28 3515.3 1212995265
2730.09 3866.02 1212995320
2740.73 3918.52 1212995353
2601.57 3915.17 1212995413
2491.65 3656.03 1212995473
2448.22 3042.86 1212995533
2448.22 3042.86 1212995554
2448.22 3042.86 1212995556
2066.19 2569.33 1212995616
2516.47 2197.45 1212995677
2832.03 1890.35 1212995738
3050.97 1653.61 1212995774
3283.21 1397.9 1212995795
3834.54 -12.2808 1212995853
3682.08 -1549.47 1212995889
2749.6 -2764.95 1212995935
3101.49 -4215.7 1212995980
3579.26 -5647.23 1212996029
3846.95 -7142.09 1212996069
4113.76 -8637.79 1212996112
3793.77 -10090.9 1212996157
2760.23 -11173.5 1212996200
2577.64 -12677.4 1212996252
2837.35 -14127.5 1212996306
3154.68 -15609.7 1212996348
4159.85 -16125.6 1212996415
4396.52 -16035.3 1212996484
4401.83 -16032 1212996530
4401.83 -16033.1 1212996589
4399.18 -16037.6 1212996650
4398.29 -16035.3 1212996710
4400.06 -16038.7 1212996770
4400.06 -16040.9 1212996830
4398.29 -16043.1 1212996890
4406.27 -16030.9 1212996955
4320.29 -16160.1 1212997016
4538.34 -16065.4 1212997088
3921.41 -16239.2 1212997140
4045.5 -16209.2 1212997197
4044.62 -16183.5 1212997239
3259.27 -15698.8 1212997299
2965.88 -14234.5 1212997346
2629.93 -12768.8 1212997392
2762.01 -12503.5 1212997447
2762.01 -12503.5 1212997493
2762.01 -12503.5 1212997496
2728.32 -12833.5 1212997562
2602.45 -12279.4 1212997622
2591.82 -12994 1212997682
2881.67 -14458.5 1212997721
3234.45 -15927.3 1212997771
4170.49 -16142.3 1212997826
4218.35 -16126.7 1212997848
4350.42 -16178 1212997908
4362.83 -15889.4 1212997973
4240.51 -16027.5 1212998034
