4041.07 -9709.49 1212261737
4201.51 -9087.23 1212261741
3737.93 -6429.28 1212261827
2902.06 -3509.33 1212261956
2498.75 -2085.24 1212262013
2764.66 -1537.19 1212262047
2913.58 -932.173 1212262102
2628.16 -32.3766 1212262208
2733.64 406.394 1212262259
2723.89 866.402 1212262319
2713.25 1584.38 1212262409
3113.9 1955.12 1212262474
3055.4 2058.97 1212262529
2717.69 2353.79 1212262650
2442.02 2650.85 1212262728
2315.26 2753.6 1212262780
2163.69 2743.55 1212262842
2165.46 2887.62 1212262897
2161.03 2879.8 1212262966
2160.14 2885.38 1212263012
2174.33 2879.8 1212263079
2186.74 2885.38 1212263134
2194.71 2882.03 1212263179
2519.13 2936.76 1212263239
2618.41 2889.85 1212263312
2861.28 2634.1 1212263369
3244.2 2247.7 1212263419
3421.48 2081.31 1212263480
3508.35 1983.03 1212263544
3604.08 1926.08 1212263605
3605.85 1936.13 1212263619
3603.19 1921.62 1212263688
3601.42 1913.8 1212263689
3722.86 2008.72 1212263755
3976.37 2253.28 1212263815
3792 2511.25 1212263880
3509.24 2731.26 1212263934
3199.88 3116.57 1212263997
3136.06 3290.8 1212264071
3144.04 3281.87 1212264119
3316 3660.5 1212264185
3440.98 3988.89 1212264239
3341.71 4026.87 1212264306
3110.36 3991.12 1212264359
2719.46 4090.54 1212264426
2595.36 4202.24 1212264490
2463.29 4272.61 1212264541
2275.37 4478.14 1212264599
1850.79 4427.87 1212264663
1396.07 4354.15 1212264722
1178.02 4365.32 1212264780
1115.97 4790.92 1212264840
963.511 4920.51 1212264900
405.082 4830.02 1212264961
-73.5707 4754.06 1212265021
-86.8667 4654.64 1212265085
-82.4347 4644.58 1212265122
-87.753 4643.47 1212265125
-34.5694 4500.48 1212265245
211.848 4466.97 1212265316
577.929 4519.47 1212265381
919.191 4582.03 1212265454
981.239 4368.67 1212265524
979.466 4364.2 1212265585
990.103 4376.49 1212265619
983.011 4367.55 1212265670
999.853 4351.92 1212265796
1036.2 4253.62 1212265855
1129.27 3707.41 1212265913
1280.84 3711.88 1212265966
1241.84 3956.5 1212266013
2943.72 4273.72 1212266191
3099.72 4113.99 1212266264
3279.66 3817.99 1212266313
3230.91 3494.08 1212266353
3230.91 3494.08 1212266364
3423.26 3828.05 1212266381
3363.87 3629.23 1212266425
3633.33 3806.82 1212266505
3772.49 3848.15 1212266626
3760.09 3862.67 1212266638
3755.65 3882.78 1212266700
3646.63 4001.18 1212266761
3635.99 3953.15 1212266821
3802.63 3460.57 1212266941
3345.25 2995.95 1212267003
3152.02 2809.44 1212267071
2969.42 2938.99 1212267130
2880.78 3007.12 1212267185
2863.05 3148.96 1212267245
2494.31 3030.57 1212267307
2470.38 3021.64 1212267365
2470.38 3021.64 1212267388
2419.86 3011.59 1212267451
2235.49 2789.34 1212267511
2376.42 2601.71 1212267576
2273.6 2473.28 1212267599
2116.71 2331.45 1212267651
1875.61 2105.87 1212267727
1743.54 1964.05 1212267771
1356.18 1593.31 1212267896
1270.2 1907.1 1212268028
1234.75 2088.01 1212268073
1162.06 2644.15 1212268136
1106.22 2942.34 1212268200
993.648 3432.65 1212268260
926.282 3406.96 1212268314
927.169 3408.08 1212268315
711.775 3392.44 1212268381
291.624 3344.42 1212268450
158.665 3207.04 1212268507
199.439 3010.47 1212268577
231.349 2927.82 1212268638
344.807 3081.95 1212268688
317.329 3087.53 1212268753
295.169 3277.4 1212268829
192.348 4040.27 1212268985
185.256 4046.97 1212268992
75.3435 4031.33 1212269054
43.4333 3917.4 1212269107
120.55 3434.88 1212269227
165.756 3226.03 1212269303
218.053 2955.75 1212269353
230.463 2809.44 1212269430
388.241 2810.56 1212269491
401.537 2807.21 1212269552
404.196 2818.38 1212269623
405.969 2821.73 1212269671
494.608 2840.71 1212269731
1017.58 2918.89 1212269851
1030.88 2932.29 1212269912
1029.99 2933.41 1212269983
1026.44 2909.96 1212270032
1013.15 2911.07 1212270098
1015.81 2909.96 1212270222
1020.24 2908.84 1212270275
1025.56 2936.76 1212270347
1031.76 2938.99 1212270393
1029.1 2921.12 1212270453
1029.1 2917.77 1212270539
1029.99 2918.89 1212270635
1316.3 2940.11 1212270695
1654.9 3028.34 1212270755
2404.79 3118.81 1212270922
2367.56 3018.29 1212270987
2297.53 2916.66 1212271045
2724.78 2853 1212271224
2745.16 2737.96 1212271276
2975.63 2899.9 1212271399
2870.15 3061.85 1212271462
2990.69 2928.94 1212271675
2983.6 2937.88 1212271681
2962.33 2972.5 1212271736
2876.35 3043.98 1212271854
2610.43 3108.75 1212271922
2473.04 3035.04 1212271966
2214.21 2965.8 1212272026
1915.5 2928.94 1212272086
1437.73 2854.11 1212272146
1172.7 2836.24 1212272206
733.935 2792.69 1212272271
169.301 2702.23 1212272326
-136.505 2650.85 1212272386
-1487.37 2423.03 1212272512
-1718.72 2387.29 1212272572
-2020.09 2364.96 1212272643
-2460.63 2343.74 1212272705
-2895.85 2322.52 1212272767
-3012.85 2316.94 1212272769
-3228.25 2303.54 1212272829
-3786.68 2462.12 1212272941
-3779.59 2475.52 1212272955
-3651.95 2258.87 1212273001
-3587.24 2242.11 1212273061
-3594.33 2457.65 1212273133
-3491.51 2274.5 1212273200
-2918.01 2302.42 1212273241
-2571.43 2321.4 1212273309
-2336.54 2326.99 1212273328
-1585.76 2399.58 1212273388
-561.974 2545.87 1212273449
71.7979 2655.32 1212273509
170.188 3189.17 1212273750
140.05 3380.16 1212273818
333.284 3959.85 1212273987
489.29 3983.3 1212274042
489.29 3983.3 1212274063
475.994 3988.89 1212274120
229.576 3946.44 1212274179
85.0939 3704.06 1212274302
124.982 3402.49 1212274362
135.618 3355.58 1212274373
288.965 3347.77 1212274433
235.781 3715.23 1212274489
342.148 3955.38 1212274575
474.221 4072.66 1212274643
473.335 4067.08 1212274660
472.448 4070.43 1212274672
649.727 4120.69 1212274732
883.735 4154.2 1212274782
889.94 4154.2 1212274800
1028.22 4183.25 1212274869
1185.11 4206.7 1212274934
1621.22 4279.31 1212274989
1940.32 4436.81 1212275040
2195.6 4470.32 1212275104
2444.68 4316.17 1212275165
2629.05 4159.79 1212275229
2795.69 4005.64 1212275280
2922.44 3651.57 1212275341
3305.36 3695.13 1212275401
3464.92 3742.04 1212275453
3463.14 3740.92 1212275455
3663.47 3686.19 1212275519
3647.51 3289.69 1212275580
3040.33 2697.76 1212275698
2822.28 2472.17 1212275748
2563.45 2222.01 1212275808
2662.73 2048.92 1212275863
3025.26 1688.23 1212275929
3299.16 1364.4 1212275984
3828.34 -1.11644 1212276045
3810.61 -906.498 1212276110
3739.7 -956.732 1212276165
3581.92 -977.942 1212276363
3578.37 -980.174 1212276467
3575.72 -1019.24 1212276536
3584.58 -1118.59 1212276587
3574.83 -1145.39 1212276649
3684.74 -1120.83 1212276713
3659.04 -1127.52 1212276767
3655.49 -1121.94 1212276828
3804.4 -1138.69 1212276893
3838.09 -1054.97 1212276948
3462.26 -1872.05 1212277014
2332.99 -2833.03 1212277072
-1770.13 -5422.98 1212277279
-2052 -5237.77 1212277342
-2578.52 -5112.81 1212277394
