2428.72 3114.34 1212247560
2442.9 3109.87 1212247657
2442.9 3109.87 1212247689
2441.13 3103.17 1212247716
2441.13 3103.17 1212247734
2524.45 3151.2 1212247776
2528 3152.31 1212247836
2527.11 3137.79 1212247896
2529.77 3136.68 1212247957
2520.02 3136.68 1212248018
2520.91 3114.34 1212248077
2480.13 3112.1 1212248138
2529.77 3134.44 1212248197
2520.91 3118.81 1212248263
2522.68 3108.75 1212248318
2525.34 3114.34 1212248384
2464.18 3096.47 1212248433
2449.11 3071.9 1212248498
2444.68 3064.08 1212248510
2125.57 3075.25 1212248576
2063.53 3471.74 1212248630
2467.72 3562.21 1212248692
2901.17 3635.93 1212248760
3056.29 3677.26 1212248816
3083.77 3680.61 1212248876
3148.47 3686.19 1212248931
3152.02 3395.79 1212248998
3151.13 3394.68 1212249001
2974.74 3334.36 1212249061
2410.99 2720.1 1212249191
2215.99 2798.27 1212249252
2213.33 2822.84 1212249305
2230.17 2829.54 1212249366
2215.99 2835.13 1212249422
2231.05 2842.95 1212249483
2205.35 2845.18 1212249542
2209.78 2839.59 1212249603
2173.44 2853 1212249638
2191.17 2857.46 1212249698
2184.08 2859.7 1212249758
2192.94 2856.35 1212249820
2199.14 2848.53 1212249878
2203.58 2863.05 1212249946
2184.96 2911.07 1212250000
2182.3 2863.05 1212250058
2205.35 2861.93 1212250118
2200.03 2815.02 1212250179
2231.94 2951.28 1212250239
2222.19 2913.31 1212250304
2196.49 2883.15 1212250360
2234.6 2898.79 1212250421
2199.14 2809.44 1212250481
2192.94 2875.33 1212250544
2202.69 2863.05 1212250602
2204.46 2885.38 1212250663
2187.62 2863.05 1212250723
2164.58 2883.15 1212250784
2170.78 2870.87 1212250845
2176.98 2865.28 1212250907
2146.85 2883.15 1212250967
2149.51 2885.38 1212251028
2208.01 2848.53 1212251060
2201.8 2848.53 1212251120
2200.03 2859.7 1212251180
2202.69 2863.05 1212251246
2206.24 2880.92 1212251301
2200.92 2888.74 1212251341
2502.29 2944.58 1212251400
2842.67 2668.72 1212251520
3078.45 2417.45 1212251587
2575.86 1596.66 1212251641
2592.7 71.4524 1212251700
2640.57 -2965.84 1212251813
3144.04 -4380.85 1212251871
3606.74 -5827.97 1212251913
3868.23 -7293.79 1212251966
4134.14 -8774.97 1212252017
3687.4 -10226.9 1212252064
2590.04 -12873.6 1212252176
2854.19 -14322.5 1212252248
4470.97 -16202.5 1212252410
4531.25 -16152.3 1212252476
