902.35 3747.62 1211095039
861.575 3476.21 1211095081
984.784 2816.14 1211095147
1001.63 2730.15 1211095159
1031.76 2487.8 1211095173
1033.54 2473.28 1211095175
1153.2 1663.66 1211095235
1106.22 1338.72 1211095296
993.648 1217.01 1211095356
1000.74 861.936 1211095416
1026.44 538.141 1211095477
1046.83 248.97 1211095537
1133.7 176.399 1211095599
1217.91 176.399 1211095600
1240.95 332.705 1211095660
1229.43 459.985 1211095720
1227.66 453.286 1211095780
1227.66 444.354 1211095831
1240.07 349.453 1211095888
1513.08 370.666 1211095952
1716.95 386.297 1211096008
1788.74 1038.35 1211096095
2060.87 1442.57 1211096155
2605.11 1986.38 1211096215
3050.08 2429.73 1211096264
3252.18 2641.92 1211096330
3252.18 2641.92 1211096439
3048.31 2860.81 1211096440
3048.31 2859.7 1211096455
3207.86 3051.79 1211096516
3110.36 2778.17 1211096572
2823.17 2498.97 1211096633
2403.02 2322.52 1211096693
2316.15 2402.93 1211096755
2309.06 2408.51 1211096792
2297.53 2423.03 1211096808
2276.26 2446.48 1211096811
2276.26 2446.48 1211096898
2276.26 2446.48 1211096921
1436.85 2448.72 1211096940
1436.85 2448.72 1211096969
1436.85 2448.72 1211096988
1209.93 2417.45 1211096996
1057.47 2293.49 1211097048
999.853 1960.7 1211097103
999.853 1960.7 1211097118
1004.28 1844.56 1211097128
1105.33 1862.43 1211097139
1178.9 1595.55 1211097199
1192.2 1404.6 1211097257
1189.54 907.715 1211097317
1202.84 720.134 1211097370
998.08 938.978 1211097430
983.898 1186.86 1211097491
1315.41 1665.9 1211097551
1293.25 1774.21 1211097604
1162.06 2536.94 1211097660
2113.16 3313.14 1211097866
2113.16 3313.14 1211097952
2200.03 2985.9 1211097964
2016.55 2968.03 1211098019
2016.55 2968.03 1211098039
2013.89 2998.19 1211098040
1810.9 2251.05 1211098178
1883.59 1825.58 1211098229
1766.58 1708.33 1211098289
1467.87 1412.42 1211098350
1380.12 1127.68 1211098403
1365.93 942.328 1211098464
1366.82 941.212 1211098525
1367.71 944.561 1211098585
1368.59 941.212 1211098646
1366.82 937.862 1211098707
1396.07 875.334 1211098768
1428.87 367.316 1211098829
1252.48 353.919 1211098846
1236.52 444.354 1211098868
1419.12 535.908 1211098928
1443.94 233.339 1211098971
1463.44 -151.834 1211099029
1463.44 -151.834 1211099044
1143.45 -193.142 1211099089
