3616.49 -979.058 1211475722
3574.83 -980.174 1211475783
3579.26 -982.407 1211475849
3577.49 -981.29 1211475909
3568.62 -1148.73 1211475964
3304.48 -910.963 1211476024
3272.57 -416.421 1211476093
3314.23 -24.5616 1211476149
3656.38 102.713 1211476206
3747.68 54.7057 1211476265
3783.13 300.327 1211476325
3382.48 1285.12 1211476396
3260.16 1805.48 1211476451
3319.55 1786.5 1211476489
3289.41 1822.23 1211476582
3016.4 1701.63 1211476634
2963.22 1750.76 1211476671
2952.58 1801.01 1211476726
3137.84 1960.7 1211476786
3092.63 1650.26 1211476846
3636.88 692.221 1211476915
3800.86 -1137.57 1211477026
3450.73 -1309.48 1211477087
3278.77 -1780.53 1211477148
2941.06 -1549.47 1211477208
2858.62 -1807.31 1211477268
2829.37 -1796.15 1211477282
2774.41 -1774.94 1211477342
2841.78 -1369.76 1211477385
2642.34 -1225.76 1211477421
2560.79 -1254.78 1211477449
2560.79 -1257.01 1211477488
2560.79 -1257.01 1211477514
2560.79 -1257.01 1211477526
2237.26 -1320.64 1211477574
1632.74 -1336.27 1211477671
1567.15 -1328.45 1211477711
1745.31 -1131.99 1211477770
1716.95 -722.304 1211477831
1684.15 -327.11 1211477896
1649.58 152.953 1211477959
1841.93 395.229 1211478028
2318.81 468.917 1211478090
2767.32 506.879 1211478137
3024.38 448.82 1211478193
3026.15 398.578 1211478211
2938.4 433.189 1211478260
3040.33 660.958 1211478314
3557.1 705.619 1211478365
3474.67 842.954 1211478399
3271.68 590.617 1211478462
3363.87 459.985 1211478495
3493.28 419.792 1211478609
3491.51 424.258 1211478665
3490.62 425.374 1211478725
3489.73 423.141 1211478789
3489.73 427.607 1211478852
3485.3 434.306 1211478915
3487.96 424.258 1211478969
3487.96 423.141 1211479028
3487.08 425.374 1211479037
3690.95 424.258 1211479104
3825.68 -414.188 1211479157
3450.73 -1901.07 1211479231
2821.39 -3253.77 1211479267
3228.25 -4739.03 1211479317
3678.54 -6210.62 1211479366
4036.64 -8206.18 1211479426
4009.16 -9747.4 1211479487
