4205.94 -16065.4 1212946300
3425.91 -16208 1212946364
2988.92 -14771.7 1212946414
2559.91 -11814.6 1212946520
3431.23 -10589.3 1212946585
4187.33 -9314.73 1212946628
3981.68 -7770.07 1212946685
3710.45 -6255.25 1212946721
3284.09 -4828.29 1212946782
2870.15 -3376.53 1212946824
2730.09 -2875.44 1212946884
3655.49 -1639.88 1212946898
3855.82 -160.766 1212946950
3356.78 1259.44 1212947006
3671.45 1768.63 1212947067
3893.93 2003.14 1212947132
3543.8 2352.67 1212947195
3157.34 2751.37 1212947251
2909.15 3075.25 1212947330
2981.83 3181.35 1212947380
3026.15 3148.96 1212947415
3018.17 3170.18 1212947476
3016.4 3163.48 1212947537
3018.17 3160.13 1212947545
3027.04 3150.08 1212947605
3070.47 3033.92 1212947665
3245.09 2918.89 1212947736
3167.09 2816.14 1212947786
3002.22 2648.62 1212947846
3060.72 2455.42 1212947906
3503.92 2774.82 1212947970
3849.61 2439.78 1212948026
4197.08 2744.67 1212948095
4163.39 2418.56 1212948146
3796.43 2110.34 1212948221
3263.7 2634.1 1212948269
3144.93 2754.72 1212948327
3002.22 2895.44 1212948362
2863.05 3037.28 1212948419
2847.99 3107.64 1212948479
2553.7 3055.14 1212948543
2121.14 3058.5 1212948598
2201.8 3318.73 1212948658
2247.9 3212.62 1212948718
2297.53 2987.02 1212948778
2469.49 2640.8 1212948839
2876.35 2218.66 1212948909
3004.88 2089.12 1212948963
3092.63 1649.15 1212949020
3645.74 682.172 1212949084
3589.9 -970.127 1212949269
3573.94 -996.919 1212949319
