3645.74 -929.94 1212157955
3653.72 -903.149 1212158023
3653.72 -899.8 1212158071
3653.72 -898.683 1212158124
3655.49 -904.265 1212158184
3571.28 -974.593 1212158244
3578.37 -977.942 1212158304
3579.26 -977.942 1212158364
3571.28 -1004.73 1212158424
3571.28 -1004.73 1212158484
3570.4 -1003.62 1212158544
3571.28 -1002.5 1212158605
3575.72 -1104.08 1212158665
3090.86 -1182.22 1212158725
2466.84 -1300.55 1212158785
2453.54 -1298.31 1212158802
2374.65 -1086.22 1212158862
2308.17 -826.123 1212158928
2178.76 -660.905 1212159007
1946.52 -670.952 1212159056
1800.27 -869.659 1212159116
1565.37 -890.869 1212159180
1554.74 -873.008 1212159206
1556.51 -876.357 1212159212
1495.35 -880.822 1212159242
1090.27 -921.01 1212159296
945.783 -933.289 1212159357
926.282 -1202.32 1212159423
468.016 -1238.04 1212159478
-21.2735 -1262.59 1212159538
-731.275 -1440.08 1212159621
-998.967 -1488.08 1212159687
-1301.23 -1576.26 1212159742
-1431.53 -1589.65 1212159803
-1464.32 -1624.26 1212159858
-1474.96 -1624.26 1212159859
-2002.37 -1488.08 1212159919
-2052 -1328.45 1212159979
-2241.69 -1037.11 1212160100
