4397.4 -16042 1212131194
4395.63 -16043.1 1212131195
4392.97 -16042 1212131196
4402.72 -16035.3 1212131197
3648.4 -16215.8 1212131375
4068.55 -16173.5 1212131488
4051.71 -16153.4 1212131680
3758.31 -16146.8 1212131719
3112.13 -15157.3 1212131780
2785.05 -13661.6 1212131829
3217.61 -10783.3 1212131925
4104.01 -9555.6 1212131968
4024.23 -8033.3 1212132024
3760.97 -6568.72 1212132067
3406.41 -5112.81 1212132105
2969.42 -3680.07 1212132147
3542.03 -1789.45 1212132225
3857.59 -294.734 1212132269
3641.31 427.607 1212132329
3382.48 274.648 1212132390
3425.03 -241.147 1212132460
3425.03 -271.29 1212132494
3421.48 -273.523 1212132504
3422.37 -276.872 1212132559
3425.91 -272.406 1212132624
3426.8 -271.29 1212132632
3398.44 84.8497 1212132692
3456.94 411.976 1212132753
3729.06 165.235 1212132812
3767.18 -1323.99 1212132863
2918.9 -2578.57 1212132912
2783.28 -3165.61 1212132931
3196.34 -4608.48 1212132978
3644.85 -6044.4 1212133024
3896.59 -7436.57 1212133065
4015.37 -8076.8 1212133086
4080.07 -9600.21 1212133134
3269.02 -10715.3 1212133174
2537.75 -12015.2 1212133220
2697.3 -13547.9 1212133266
2993.35 -15048 1212133325
3616.49 -16292.7 1212133375
3616.49 -16292.7 1212133390
3999.41 -16180.2 1212133406
4414.24 -16015.3 1212133470
4291.92 -16151.2 1212133581
