4458.56 -15921.7 1211344516
3173.29 -15478.2 1211344650
2861.28 -13894.6 1211344692
2586.5 -12433.3 1211344740
3008.42 -10955 1211344793
3826.56 -10067.4 1211344853
4125.28 -8595.41 1211344881
3854.04 -7106.4 1211344931
3583.69 -5601.49 1211344982
3103.27 -4184.46 1211345041
2570.54 -2771.65 1211345109
2793.03 -1398.78 1211345151
2793.03 -1398.78 1211345175
2652.09 -117.225 1211345221
2468.61 1083.02 1211345277
2266.51 1385.62 1211345307
1708.08 1936.13 1211345368
1461.66 1919.38 1211345433
1247.16 2066.79 1211345488
1144.34 2691.06 1211345548
1034.42 3375.69 1211345608
908.554 4157.56 1211345668
812.824 4775.28 1211345728
491.063 4849.01 1211345793
293.397 4812.15 1211345857
180.824 4899.28 1211345894
43.4333 4844.54 1211345959
-93.0714 4747.36 1211346016
-38.115 4425.64 1211346079
-12.4095 4260.32 1211346116
417.492 4298.3 1211346180
390.9 4605.49 1211346241
514.995 4771.93 1211346281
513.222 4776.4 1211346299
661.25 4866.88 1211346314
1096.47 4843.43 1211346374
1178.02 4340.75 1211346440
1227.66 4013.46 1211346499
1256.91 3812.41 1211346545
1318.95 3430.42 1211346605
1601.71 3433.77 1211346665
1787.86 3252.83 1211346725
1972.23 3076.37 1211346846
2046.68 2591.66 1211346872
2337.42 2696.64 1211346937
