3215.84 -10794.4 1212607999
3762.74 -6585.45 1212608146
3762.74 -6585.45 1212608165
3425.91 -5136.24 1212608205
2971.19 -3680.07 1212608251
3941.8 -924.359 1212608374
3383.37 1452.61 1212608480
3484.42 1587.73 1212608540
3511.01 1617.88 1212608600
3604.08 1702.75 1212608661
3674.1 1769.75 1212608725
3674.99 1789.85 1212608786
3877.09 1994.2 1212608818
3879.75 1996.43 1212608878
3872.66 1993.08 1212608938
3879.75 1986.38 1212608998
3667.9 2229.83 1212609059
3439.21 2459.88 1212609118
3086.43 2818.38 1212609194
2913.58 2993.72 1212609243
2862.17 3092 1212609299
2851.53 3252.83 1212609336
2786.82 3215.97 1212609549
1587.53 3332.13 1212609727
1223.22 3297.51 1212609802
1212.59 3279.64 1212609836
1198.41 3295.27 1212609904
1196.63 3290.8 1212609946
1184.22 3298.62 1212610002
1173.59 3296.39 1212610062
1120.4 3813.52 1212610302
1098.24 3966.55 1212610362
1021.13 4469.21 1212610422
949.328 4898.16 1212610482
925.396 5102.6 1212610542
899.69 5112.65 1212610604
928.941 4903.75 1212610663
972.375 4643.47 1212610736
1240.95 4424.52 1212610848
1526.37 4007.88 1212610977
1544.99 3871.61 1212611000
1613.24 3563.33 1212611060
1643.38 3342.18 1212611122
1461.66 3307.56 1212611181
1462.55 3319.84 1212611240
1459.01 3325.43 1212611305
1458.12 3319.84 1212611360
1464.32 3310.91 1212611412
1462.55 3324.31 1212611486
1463.44 3323.19 1212611533
1461.66 3326.55 1212611593
1460.78 3328.78 1212611654
1456.35 3339.95 1212611714
1462.55 3329.9 1212611781
1459.89 3334.36 1212611840
1462.55 3327.66 1212611955
1462.55 3325.43 1212612015
1462.55 3324.31 1212612080
1462.55 3326.55 1212612135
1464.32 3329.9 1212612201
1465.21 3326.55 1212612257
1466.1 3316.49 1212612317
1464.32 3317.61 1212612377
1463.44 3319.84 1212612444
1459.01 3327.66 1212612497
1460.78 3319.84 1212612562
1459.01 3320.96 1212612597
1459.01 3320.96 1212612634
1457.23 3328.78 1212612704
1459.89 3324.31 1212612758
1458.12 3322.08 1212612876
1392.53 3310.91 1212612935
1569.8 3430.42 1212613005
1651.35 3229.38 1212613064
2162.8 3421.48 1212613176
3174.18 3554.39 1212613449
3327.52 3615.83 1212613509
3016.4 3651.57 1212613599
3011.97 3649.33 1212613655
2935.74 3679.49 1212613724
2762.01 3605.77 1212613844
2832.03 3632.58 1212613896
2826.71 3663.85 1212613967
2851.53 3695.13 1212614023
2841.78 3685.08 1212614102
2850.64 3624.76 1212614162
2856.85 3602.42 1212614222
2855.08 3630.35 1212614360
2824.05 3685.08 1212614414
2845.33 3568.91 1212614464
2787.71 3782.25 1212614571
2821.39 3663.85 1212614623
2856.85 3533.17 1212614684
