4201.51 -16072.1 1212035987
2950.81 -14557.7 1212036099
2629.05 -13118.8 1212036166
2577.64 -11635.1 1212036215
4202.4 -9095.04 1212036307
3944.46 -7601.65 1212036364
3220.27 -4669.85 1212036458
2769.98 -3223.64 1212036512
2715.03 -1704.62 1212036572
2741.62 -222.168 1212036649
2569.66 980.291 1212036692
2220.42 1429.17 1212036752
1593.74 1938.37 1212036815
1275.52 1899.28 1212036887
1194.86 2348.21 1212036934
1095.58 2885.38 1212036998
873.985 3023.87 1212037054
870.439 3014.94 1212037103
871.326 3016.06 1212037105
912.986 3112.1 1212037170
1004.28 2626.28 1212037235
1110.65 1984.15 1212037287
1414.69 1832.28 1212037346
1395.18 1890.35 1212037369
1369.48 2253.28 1212037430
1303 2724.56 1212037489
1263.11 2962.45 1212037549
1220.57 3242.78 1212037610
1451.03 3413.66 1212037670
1448.37 3417.01 1212037677
1448.37 3419.25 1212037728
1451.03 3415.9 1212037730
1675.29 3123.27 1212037790
1709.85 2942.34 1212037822
1817.11 2276.73 1212037887
1828.63 2177.34 1212037910
1634.51 2347.09 1212037970
1537.89 3010.47 1212038037
1504.21 3405.84 1212038096
1599.94 3609.12 1212038151
1886.25 3716.35 1212038211
1804.7 4185.48 1212038286
1807.36 4489.31 1212038341
1808.24 4491.55 1212038360
2214.21 4473.67 1212038405
2372.88 4394.36 1212038465
2495.2 4267.02 1212038525
2536.86 4288.25 1212038540
2668.93 4148.62 1212038600
2430.49 4097.24 1212038681
2467.72 3758.79 1212038723
2472.15 3691.78 1212038781
2213.33 3567.8 1212038841
2213.33 3567.8 1212038853
2171.67 3649.33 1212038920
2180.53 3554.39 1212038972
1928.79 3384.62 1212039033
1989.96 3084.18 1212039093
2047.57 2574.91 1212039154
2414.54 2245.47 1212039209
2354.26 1965.17 1212039269
2122.91 2190.74 1212039308
2117.6 2185.16 1212039313
2383.51 2372.78 1212039371
2390.61 2362.72 1212039377
2886.1 2270.03 1212039437
2995.13 2347.09 1212039473
2996.9 2350.44 1212039474
3189.25 2318.05 1212039534
2562.57 1422.47 1212039596
2598.02 54.7057 1212039654
2769.98 -1413.29 1212039725
2417.2 -2624.33 1212039773
1219.68 -3162.26 1212039841
-761.413 -3597.49 1212039919
-1188.65 -4876.27 1212039974
-1777.22 -5428.56 1212040047
