3299.16 274.648 1212447651
2872.8 1421.35 1212447854
2756.69 1570.98 1212447918
2381.74 1949.53 1212447974
2379.97 2300.19 1212448034
2578.52 2519.07 1212448095
2964.99 2899.9 1212448217
3120.99 3041.74 1212448277
3398.44 3346.65 1212448328
3343.48 3580.08 1212448388
3405.53 3733.1 1212448444
3450.73 3866.02 1212448504
3450.73 3866.02 1212448529
3040.33 3794.54 1212448568
2963.22 4255.85 1212448628
2561.68 4214.52 1212448689
2159.26 4078.25 1212448751
1107.99 3974.37 1212448811
958.192 3950.91 1212448875
756.981 4239.1 1212448941
749.003 4236.86 1212448969
722.411 4368.67 1212448987
583.248 4537.35 1212449031
558.428 4532.88 1212449041
120.55 4450.22 1212449093
-190.575 4512.77 1212449154
-389.127 4475.91 1212449214
-478.653 4385.43 1212449280
-75.3435 4410 1212449338
296.056 4468.09 1212449406
794.209 4549.63 1212449456
976.807 4573.09 1212449497
1016.69 4402.18 1212449518
1181.56 4338.51 1212449578
1075.2 4167.61 1212449690
1075.2 4169.84 1212449694
976.807 4700.44 1212449771
937.805 4913.8 1212449813
511.45 4864.65 1212449873
228.69 5054.56 1212449934
358.103 5091.42 1212450003
504.358 5267.93 1212450064
322.648 5215.43 1212450130
250.85 5064.61 1212450176
230.463 5062.38 1212450178
166.642 5012.11 1212450238
68.2524 4771.93 1212450304
-156.892 4522.82 1212450364
-333.284 4403.3 1212450423
-175.506 4367.55 1212450480
-171.961 4302.77 1212450540
-170.188 4300.53 1212450607
-170.188 4298.3 1212450661
-30.1374 4317.29 1212450722
842.961 4251.38 1212450902
1176.25 4312.82 1212450969
1486.48 4348.57 1212451033
2046.68 4449.1 1212451112
2027.18 4672.51 1212451163
1864.09 4833.37 1212451233
1660.22 5071.32 1212451342
2459.74 5262.35 1212451350
2834.69 5035.57 1212451480
3163.54 4640.12 1212451597
3282.32 4466.97 1212451652
3304.48 4426.76 1212451712
3323.98 4397.71 1212451768
3806.18 3738.69 1212451930
3802.63 3736.45 1212451989
3625.35 3566.68 1212451999
3400.21 3357.82 1212452116
3022.61 2978.08 1212452176
2903.83 3064.08 1212452241
2886.1 3138.91 1212452276
2866.6 3395.79 1212452339
2941.06 3400.26 1212452396
2984.49 3429.3 1212452456
2910.92 3383.51 1212452482
2321.47 3184.7 1212452542
2315.26 2800.51 1212452602
2435.81 2688.82 1212452662
2649.43 2463.23 1212452722
2974.74 2127.09 1212452782
3363.87 1732.9 1212452847
3053.63 1345.42 1212452902
3011.08 1013.79 1212452980
3011.97 574.986 1212453043
3461.37 554.889 1212453087
3607.63 561.588 1212453145
3608.51 568.287 1212453170
3029.7 533.675 1212453230
2996.01 522.51 1212453261
2764.66 509.112 1212453319
2406.56 480.083 1212453376
2340.97 472.267 1212453436
2270.94 470.034 1212453516
2083.91 454.403 1212453556
2008.57 443.238 1212453617
1552.96 378.481 1212453683
1512.19 378.481 1212453705
1512.19 378.481 1212453714
1249.82 349.453 1212453776
1228.54 524.743 1212453815
1201.06 867.518 1212453882
1187.77 1055.1 1212453935
1164.72 1359.93 1212454009
1304.77 1524.08 1212454065
1311.86 1661.43 1212454120
1268.43 1980.8 1212454180
1170.93 2615.12 1212454236
1379.23 2976.97 1212454296
1521.05 3065.2 1212454356
1447.48 3095.35 1212454401
1414.69 3090.88 1212454403
1223.22 3147.84 1212454463
1211.7 3356.7 1212454523
1241.84 3374.57 1212454538
1465.21 3533.17 1212454598
1696.56 3657.15 1212454669
2019.21 3707.41 1212454719
2410.11 3777.78 1212454779
2541.29 3800.12 1212454840
2620.18 3786.72 1212454900
2648.55 3804.59 1212454930
2895.85 3858.2 1212454990
3142.27 3952.03 1212455050
3341.71 3908.47 1212455112
3379.82 3907.35 1212455153
3409.96 3709.65 1212455211
3607.63 3482.91 1212455272
3091.74 3021.64 1212455342
2638.8 2597.25 1212455392
2340.97 2273.38 1212455452
1828.63 1768.63 1212455517
1392.53 1332.02 1212455594
1388.09 892.083 1212455635
1443.05 236.688 1212455693
1488.26 -356.136 1212455756
1521.94 -876.357 1212455821
1366.82 -886.404 1212455883
1362.39 -888.637 1212455930
1360.62 -888.637 1212455931
1328.71 -826.123 1212455973
1311.86 -549.269 1212456033
1263.11 111.645 1212456103
1226.77 543.723 1212456153
1240.95 893.199 1212456213
1573.35 916.647 1212456273
1787.86 1036.12 1212456332
1888.91 1275.07 1212456391
2068.84 1454.85 1212456468
2259.42 1653.61 1212456512
2633.48 2019.89 1212456572
3008.42 2379.48 1212456632
3228.25 2274.5 1212456692
3306.25 2191.86 1212456752
3463.14 2042.22 1212456822
3636.88 1859.08 1212456876
3671.45 1821.11 1212456947
3740.58 1755.23 1212457007
3671.45 1659.2 1212457070
3672.33 1660.31 1212457079
4003.84 1595.55 1212457157
4066.78 1402.37 1212457222
4080.96 1233.76 1212457238
4133.26 601.782 1212457299
4346.88 602.899 1212457364
4384.11 1049.52 1212457413
4368.15 1042.82 1212457474
4369.04 1038.35 1212457534
4436.4 850.77 1212457594
4166.94 471.15 1212457672
3930.27 749.164 1212457716
3827.45 737.999 1212457729
3828.34 740.232 1212457738
3661.7 726.834 1212457801
3106.81 1221.47 1212457841
2977.4 1260.56 1212457908
3000.45 1230.41 1212458031
3023.49 1186.86 1212458095
3017.29 1200.26 1212458147
3012.85 1213.66 1212458213
3025.26 1258.32 1212458243
3023.49 1269.49 1212458271
2752.25 1568.75 1212458332
2606 1672.6 1212458393
2152.17 1269.49 1212458452
1987.3 1081.9 1212458512
1996.16 626.346 1212458572
1654.01 389.646 1212458632
1456.35 362.85 1212458699
835.87 270.183 1212458812
885.508 -341.623 1212458872
921.85 -862.961 1212458942
959.965 -1365.29 1212458998
949.328 -1914.47 1212459052
656.818 -1936.79 1212459113
620.476 -1944.6 1212459147
780.027 -1514.87 1212459238
765.845 -1307.24 1212459307
766.731 -1311.71 1212459347
756.094 -1234.69 1212459429
749.89 -1172.18 1212459441
922.737 -931.057 1212459500
1120.4 -913.196 1212459550
1307.43 -524.709 1212459610
1299.45 -363.951 1212459645
1271.98 -26.7945 1212459698
1269.32 7.81507 1212459699
1191.31 998.157 1212459820
1191.31 1072.97 1212459885
1173.59 1335.37 1212459940
1309.2 1692.7 1212460060
1245.38 2090.24 1212460120
1136.36 2790.45 1212460191
1191.31 3150.08 1212460240
1200.18 3157.9 1212460257
1219.68 3253.95 1212460313
1212.59 3274.05 1212460349
1440.39 3401.38 1212460420
1751.52 3472.86 1212460468
2193.83 3540.99 1212460530
2771.76 3585.67 1212460589
2772.64 3811.29 1212460660
2906.49 3757.68 1212460710
2925.1 3608.01 1212460770
2597.14 3470.63 1212460833
2385.29 3443.82 1212460891
2248.78 3427.07 1212460951
2222.19 3350 1212461015
2257.65 3211.51 1212461055
2162.8 3006 1212461116
2171.67 3069.66 1212461176
2570.54 3146.73 1212461234
2965.88 3215.97 1212461294
3035.01 3108.75 1212461354
3035.01 3108.75 1212461401
2790.37 3594.6 1212461460
2732.75 3786.72 1212461532
2673.37 4223.46 1212461580
2520.91 4203.35 1212461638
1482.05 4038.04 1212461706
1121.29 3984.42 1212461756
1109.77 3982.19 1212461824
844.734 4549.63 1212461936
-62.0476 4430.11 1212462001
-483.971 4465.85 1212462049
-477.767 4462.5 1212462086
-478.653 4468.09 1212462153
-477.767 4468.09 1212462159
-226.917 4518.36 1212462193
-36.3422 4765.23 1212462284
182.597 4978.6 1212462341
305.806 5023.28 1212462399
187.916 4971.89 1212462455
178.165 4996.47 1212462488
277.441 5048.97 1212462543
241.986 5017.69 1212462642
346.58 4859.06 1212462660
928.941 4913.8 1212462719
1363.27 4981.95 1212462816
1572.46 4649.05 1212462940
1622.99 4312.82 1212462983
1707.2 3823.58 1212463039
1770.13 3470.63 1212463099
1945.64 3259.53 1212463159
2004.14 2858.58 1212463220
2016.55 2859.7 1212463264
2016.55 2860.81 1212463271
2176.98 2928.94 1212463330
2295.76 3119.92 1212463371
2959.67 3228.26 1212463433
3062.49 3087.53 1212463503
3196.34 3233.84 1212463529
3395.78 3266.23 1212463599
3796.43 3472.86 1212463655
3910.77 3372.34 1212463674
3921.41 3326.55 1212463699
3678.54 3329.9 1212463745
3263.7 2928.94 1212463815
2550.16 2226.48 1212463966
2273.6 2438.66 1212464011
1930.57 2529.12 1212464072
1649.58 2490.04 1212464132
1113.31 2399.58 1212464198
677.205 2328.1 1212464258
-77.1163 2210.85 1212464318
-77.1163 1859.08 1212464368
-63.8204 1820 1212464450
-64.7068 1820 1212464462
-60.2748 1792.08 1212464469
-220.712 1882.53 1212464523
-229.576 1964.05 1212464558
-343.921 1659.2 1212464633
-468.016 1505.1 1212464683
-846.507 1439.22 1212464709
-1154.97 1184.63 1212464772
-1206.38 1076.32 1212464832
-1265.77 1060.69 1212464837
-1343.77 936.745 1212464886
-1612.35 1208.08 1212464956
-1670.85 1574.33 1212465022
-1972.23 1591.08 1212465070
-2044.03 2198.56 1212465152
-2052.89 2338.16 1212465192
-2178.76 2844.06 1212465267
-2474.81 2796.04 1212465307
-2507.61 2792.69 1212465308
-2516.47 2790.45 1212465321
-2583.84 2774.82 1212465337
-2547.5 2488.92 1212465423
-2528 2120.39 1212465450
-2496.97 1531.9 1212465508
-1778.99 1602.25 1212465574
-1648.69 1344.3 1212465651
-1170.04 1282.89 1212465699
-874.871 1198.03 1212465755
-827.892 1118.75 1212465819
-827.892 1119.86 1212465841
-807.505 1122.1 1212465858
-717.093 1144.43 1212465957
-639.977 1157.83 1212465968
129.414 1501.75 1212466079
628.454 1579.91 1212466139
997.194 1633.51 1212466205
1533.46 2035.52 1212466321
1693.01 2091.36 1212466380
1806.47 2080.19 1212466440
1841.93 2082.42 1212466505
1746.2 1970.75 1212466521
1698.33 2056.74 1212466586
1512.19 2438.66 1212466641
1293.25 2744.67 1212466707
1258.68 2972.5 1212466760
1256.91 2979.2 1212466767
1276.41 3041.74 1212466804
1276.41 3041.74 1212466805
1537.89 3019.41 1212466871
1229.43 3127.74 1212466926
1211.7 3218.21 1212466959
1318.95 3486.26 1212467019
1268.43 3793.42 1212467079
1220.57 4125.16 1212467125
1222.34 4112.87 1212467184
1225 4127.4 1212467244
1225 4120.69 1212467304
1218.79 4108.41 1212467364
1212.59 4099.47 1212467408
1209.93 4108.41 1212467410
1334.02 4225.69 1212467446
1507.76 4136.33 1212467509
1568.92 3671.67 1212467564
1637.17 3354.47 1212467624
1663.76 3127.74 1212467690
1817.99 3038.39 1212467745
2028.07 3304.21 1212467805
3036.79 2912.19 1212468014
3154.68 3037.28 1212468040
3370.07 2957.98 1212468096
3443.64 2877.57 1212468128
3960.41 3008.24 1212468187
4180.24 2993.72 1212468247
4167.83 3000.42 1212468288
3896.59 3257.3 1212468348
3464.92 3639.28 1212468408
3298.27 3610.24 1212468473
3064.27 3777.78 1212468529
2888.76 3515.3 1212468590
2523.56 3511.95 1212468649
2523.56 3511.95 1212468668
2615.75 3532.06 1212468729
2711.48 3985.54 1212468792
2678.68 4221.22 1212468858
2567 4187.71 1212468908
2546.61 4205.59 1212468947
1250.7 4000.06 1212469067
1117.74 3986.66 1212469126
1013.15 4490.43 1212469184
741.912 4569.74 1212469241
546.905 4550.75 1212469299
543.36 4569.74 1212469327
111.686 4575.33 1212469379
-184.37 4531.76 1212469444
-450.288 4382.08 1212469514
-327.08 4375.37 1212469564
-306.692 4255.85 1212469590
-128.527 4071.55 1212469643
-55.8428 3578.97 1212469704
250.85 3221.56 1212469769
749.003 3307.56 1212469813
749.003 3307.56 1212469824
1108.88 3351.12 1212469875
1162.95 3496.31 1212469936
1113.31 3871.61 1212470001
1205.5 4119.58 1212470061
1193.97 4208.94 1212470106
1486.48 4242.45 1212470158
1532.58 3938.62 1212470217
1591.96 3593.49 1212470277
1622.99 3447.17 1212470341
1694.79 3022.76 1212470407
2160.14 3081.95 1212470462
2437.58 3052.91 1212470513
2437.58 3052.91 1212470515
2428.72 3040.63 1212470536
2314.38 2987.02 1212470604
1531.69 2883.15 1212470651
1309.2 2851.88 1212470673
1091.15 2832.89 1212470735
-326.193 2602.83 1212470860
-485.744 2353.79 1212470915
-647.954 2386.18 1212470976
-647.954 2385.06 1212470988
-645.295 2386.18 1212471069
-645.295 2383.94 1212471104
-307.579 2375.01 1212471164
-256.168 2024.35 1212471237
-48.7517 1439.22 1212471332
644.409 1565.4 1212471397
1919.04 1031.65 1212471517
2658.3 263.484 1212471579
2833.8 -1119.71 1212471640
2972.08 -1216.83 1212471672
