3409.07 -16191.3 1211853367
2648.55 -13264.8 1211853464
2561.68 -11745.4 1211853507
4197.08 -9188.71 1211853597
3951.55 -7648.5 1211853644
3688.29 -6187.2 1211853687
3235.34 -4728.98 1211853732
3235.34 -4728.98 1211853751
2785.94 -3257.12 1211853782
2680.46 -1777.18 1211853834
2805.44 -289.152 1211853887
2536.86 999.273 1211853947
1584.87 1099.77 1211854007
1480.28 1118.75 1211854068
1480.28 1118.75 1211854081
1449.25 1123.21 1211854128
903.236 1071.85 1211854191
788.891 1010.44 1211854249
601.862 825.089 1211854334
-120.55 250.086 1211854389
-638.204 212.126 1211854449
-638.204 212.126 1211854464
-1110.65 169.7 1211854516
-1309.2 151.837 1211854661
-1156.74 165.235 1211854685
-1001.63 183.098 1211854699
-1001.63 183.098 1211854720
-1068.11 633.045 1211854763
-1087.61 750.281 1211854765
6.20476 793.826 1211854980
40.7741 264.6 1211855040
60.2748 96.0143 1211855100
834.097 133.974 1211855222
1082.29 157.419 1211855282
1450.14 114.994 1211855327
1660.22 42.4248 1211855410
1809.13 604.015 1211855499
1802.04 1037.24 1211855555
2022.75 997.04 1211855616
2021.87 1000.39 1211855677
2022.75 998.157 1211855737
2023.64 997.04 1211855797
1975.77 943.445 1211855858
2024.52 241.154 1211855919
2078.59 -465.542 1211855993
2078.59 -465.542 1211856120
2146.85 -1242.5 1211856131
2143.3 -1231.34 1211856293
2142.42 -1233.57 1211856392
2142.42 -1309.48 1211856453
2367.56 -1327.34 1211856515
2682.23 -1725.83 1211856564
2746.94 -3197.97 1211856619
2746.94 -3197.97 1211856633
3210.52 -4679.89 1211856663
3665.24 -6143.69 1211856705
3928.5 -7608.34 1211856748
4189.1 -9085 1211856795
2579.41 -11576 1211856888
2610.43 -13085.4 1211856932
2891.42 -14567.7 1211856983
3263.7 -16019.7 1211857032
