3672.33 -16322.8 1212019124
4053.48 -16212.5 1212019246
4052.6 -16196.9 1212019300
3991.43 -16076.6 1212019522
2979.17 -14390.5 1212019646
3653.72 -10303.8 1212019802
3874.43 -9320.31 1212019875
3418.82 -8415.85 1212019922
3321.32 -8317.71 1212019992
2760.23 -7521.34 1212020042
2229.28 -6078.98 1212020170
421.924 -5279.05 1212020304
-270.35 -4866.23 1212020440
-21.2735 -4432.18 1212020495
176.392 -4094.07 1212020546
172.847 -4095.19 1212020598
169.301 -4106.35 1212020680
132.073 -4177.76 1212020715
109.027 -4216.82 1212020722
-33.683 -4597.32 1212020778
-257.941 -4993.42 1212020854
1073.42 -5677.35 1212020968
1279.95 -5762.14 1212021012
2094.55 -6044.4 1212021083
2444.68 -6785.13 1212021137
2739.85 -7540.3 1212021193
3250.41 -8278.67 1212021253
3675.88 -9022.55 1212021314
3748.56 -10076.4 1212021378
3455.17 -10467.7 1212021433
2592.7 -11541.4 1212021493
2601.57 -13008.5 1212021553
2885.21 -14493.1 1212021613
3234.45 -15942.9 1212021670
4228.99 -16106.7 1212021717
