3355.89 -16105.5 1211133774
2996.01 -14853 1211133827
2550.16 -11893.7 1211133913
4184.67 -9328.11 1211134011
3981.68 -7816.92 1211134075
3754.77 -6551.99 1211134111
3394 -5111.69 1211134164
2948.15 -3680.07 1211134205
2466.84 -2209.13 1211134261
2909.15 -743.514 1211134319
2715.91 732.416 1211134366
2376.42 1269.49 1211134431
2039.59 1615.65 1211134495
1789.63 1843.45 1211134547
1749.74 1939.48 1211134607
1642.49 1965.17 1211134668
1598.17 1971.87 1211134728
1558.28 1943.95 1211134788
1417.34 1955.12 1211134853
1363.27 2313.59 1211134909
1337.57 2506.79 1211134969
1252.48 3019.41 1211135096
1215.25 3306.44 1211135157
1200.18 3338.83 1211135310
1321.61 3394.68 1211135384
895.258 3232.73 1211135430
84.2075 3094.23 1211135511
-736.594 2959.1 1211135580
-1053.04 2436.43 1211135645
-947.556 1652.5 1211135756
-935.146 1552 1211135813
-936.033 1541.95 1211135837
-936.033 1541.95 1211135838
-935.146 1541.95 1211135840
-1089.38 1700.51 1211135910
-1038.85 1736.25 1211135976
-970.602 1750.76 1211136025
-935.146 1758.58 1211136082
-991.875 2000.9 1211136152
-1031.76 2450.95 1211136204
-953.76 2879.8 1211136262
-979.466 3011.59 1211136332
-1030.88 3386.86 1211136389
-1075.2 3631.46 1211136443
-1401.39 4015.7 1211136503
-1210.81 4163.14 1211136563
-918.305 4290.48 1211136624
-776.482 4308.35 1211136688
-482.199 4452.45 1211136748
-470.675 4482.61 1211136778
-473.335 4480.38 1211136780
-330.625 4416.7 1211136844
-331.512 4391.01 1211136915
-167.529 4396.6 1211136956
-167.529 4397.71 1211136964
1035.31 4272.61 1211137078
1498.89 4024.63 1211137158
2231.05 4149.74 1211137200
2241.69 4373.14 1211137265
2301.08 4415.59 1211137308
2301.97 4415.59 1211137310
2559.91 4212.29 1211137370
2753.14 4042.5 1211137440
3004.88 3858.2 1211137490
3180.38 3836.98 1211137550
3256.61 3421.48 1211137616
3698.92 2815.02 1211137672
3245.98 2349.32 1211137730
3201.66 2297.95 1211137790
2599.79 1279.54 1211137851
2645.89 -152.951 1211137923
2850.64 -1030.41 1211137970
3500.37 -1165.48 1211138019
3581.92 -991.337 1211138079
3581.03 -983.523 1211138137
3582.81 -989.105 1211138194
3583.69 -984.639 1211138254
3589.9 -983.523 1211138314
3594.33 -981.29 1211138375
3595.22 -992.453 1211138436
3593.44 -989.105 1211138496
3591.67 -984.639 1211138556
3589.9 -1156.55 1211138630
3992.32 -854.031 1211138677
3814.16 382.947 1211138747
3578.37 1687.11 1211138802
3868.23 1962.93 1211138863
3856.7 1964.05 1211138917
3868.23 1988.62 1211138977
3784.02 2105.87 1211139042
3134.29 2763.65 1211139115
2878.12 3046.21 1211139161
2787.71 3549.93 1211139222
2692.87 4068.2 1211139282
2640.57 4162.02 1211139349
2562.57 4236.86 1211139369
2416.31 4351.92 1211139448
2016.55 4720.55 1211139490
1953.61 5185.26 1211139554
2363.13 5250.06 1211139619
2296.65 5383 1211139670
2288.67 5387.47 1211139720
2291.33 5384.12 1211139785
2247.9 5387.47 1211139787
2242.58 5388.59 1211139798
2532.43 5251.18 1211139850
2598.91 5204.26 1211139893
2604.23 5203.14 1211139958
2935.74 4935.03 1211140018
3063.38 4404.42 1211140078
3089.08 4157.56 1211140149
3292.96 3576.73 1211140193
3044.76 3402.49 1211140249
3044.76 3402.49 1211140256
3044.76 3402.49 1211140270
2983.6 3363.4 1211140271
2733.64 3039.51 1211140332
2698.18 2808.32 1211140396
2453.54 2695.53 1211140434
2453.54 2695.53 1211140464
2366.67 2712.28 1211140499
1583.1 2670.96 1211140555
1560.94 2849.65 1211140623
1529.92 2845.18 1211140652
1501.55 3251.71 1211140713
1245.38 3276.29 1211140767
1161.18 3564.45 1211140832
1100.9 3926.34 1211140893
1090.27 4081.6 1211140947
1092.04 4080.48 1211140970
1225.88 4060.38 1211141029
1267.54 3773.31 1211141070
1394.3 3707.41 1211141135
1672.63 3444.94 1211141241
1715.17 3452.75 1211141302
1742.65 3457.22 1211141362
1837.5 3473.98 1211141422
1882.7 3480.68 1211141479
1885.36 3489.61 1211141480
1458.12 3404.73 1211141540
1300.34 3593.49 1211141604
1300.34 3593.49 1211141617
1345.55 3411.43 1211141660
1208.16 3295.27 1211141720
1187.77 3371.22 1211141785
1309.2 3387.97 1211141825
1439.5 3415.9 1211141875
1600.83 3434.88 1211141949
1666.42 3232.73 1211141997
2036.93 3294.16 1211142052
2543.95 3362.29 1211142107
2687.55 4126.28 1211142227
2951.69 4270.37 1211142292
2856.85 4960.72 1211142347
2643.23 5210.96 1211142408
2365.79 5378.53 1211142468
2287.78 5394.17 1211142499
2277.15 5395.29 1211142531
2276.26 5389.7 1211142583
2261.19 5410.93 1211142658
2248.78 5395.29 1211142663
2230.17 5376.3 1211142724
2458.86 5299.21 1211142784
2587.39 5218.78 1211142844
2903.83 4966.31 1211142912
3074.02 4331.81 1211142965
3102.38 3745.39 1211143026
2785.94 3718.58 1211143096
2742.5 3900.65 1211143151
2753.14 3931.92 1211143166
2753.14 3930.81 1211143168
2698.18 4145.27 1211143230
2623.73 4232.39 1211143288
2189.39 4147.5 1211143348
1392.53 4015.7 1211143408
1112.43 3973.25 1211143468
1098.24 3893.95 1211143528
1162.95 3404.73 1211143588
1073.42 3361.17 1211143654
809.278 3175.77 1211143713
-417.492 3018.29 1211143829
-1049.49 2797.16 1211143889
-1022.9 2509.02 1211143949
-1051.26 2321.4 1211144020
-1129.27 1721.73 1211144069
-1615.9 1645.8 1211144140
-2012.12 1585.5 1211144204
-2410.11 1696.05 1211144252
-2442.9 2312.47 1211144322
-1908.41 2354.91 1211144371
-1582.21 2395.11 1211144396
-1531.69 2402.93 1211144408
-1191.31 2463.23 1211144422
-389.127 2565.98 1211144483
281.873 2800.51 1211144618
499.926 2832.89 1211144644
879.303 2890.97 1211144710
1024.67 2463.23 1211144765
1111.54 1914.92 1211144836
1154.09 1760.81 1211144886
1448.37 1626.81 1211144947
1491.8 1572.1 1211145003
1493.57 1573.21 1211145014
1500.67 1538.6 1211145017
1497.12 1453.73 1211145093
1590.19 1118.75 1211145137
1594.62 750.281 1211145206
1621.22 381.831 1211145262
1663.76 -116.109 1211145317
1962.48 -136.204 1211145377
2314.38 -112.759 1211145437
2317.04 -107.177 1211145497
2317.04 -110.527 1211145558
2317.92 -109.41 1211145619
2319.69 -104.945 1211145683
2534.2 -91.5474 1211145739
2530.66 260.134 1211145803
2706.16 499.063 1211145860
3147.59 522.51 1211145919
3366.53 417.559 1211145979
3367.41 416.442 1211145991
3254.84 542.607 1211146051
2788.6 511.345 1211146112
2494.31 621.88 1211146173
2138.87 609.598 1211146232
1702.76 579.452 1211146301
1505.98 518.044 1211146360
1433.3 294.745 1211146426
1448.37 208.777 1211146479
1466.98 -145.136 1211146535
1508.64 -640.81 1211146595
1555.62 -704.442 1211146655
1743.54 -1161.01 1211146726
