3695.38 -16318.4 1211848703
4032.21 -16182.4 1211848763
4026.89 -16178 1211848823
4007.39 -16130.1 1211848888
3618.26 -16176.8 1211848890
3050.08 -15046.9 1211848950
2831.14 -13741.9 1211849010
2556.36 -12020.8 1211849051
4174.92 -9368.26 1211849147
3988.77 -7882.73 1211849193
3723.74 -6399.16 1211849237
3307.14 -4973.34 1211849281
2897.62 -3533.88 1211849325
2494.31 -2088.59 1211849371
2898.51 -639.694 1211849417
2678.68 874.218 1211849474
2678.68 874.218 1211849529
2387.06 1254.97 1211849534
1871.18 1784.26 1211849595
1318.95 1999.79 1211849700
1197.52 2343.74 1211849760
