2406.56 -812.727 1211897650
2148.62 -833.937 1211897694
2083.91 -835.053 1211897728
2005.02 -679.883 1211897784
1987.3 -314.83 1211897844
2137.1 -254.544 1211897904
2244.35 -290.269 1211897978
2314.38 -361.718 1211897987
2349.83 -783.702 1211898047
2379.08 -1198.97 1211898107
2765.55 -1392.08 1211898241
2514.7 -2706.92 1211898288
2603.34 -3113.15 1211898408
2067.07 -3328.54 1211898478
1724.92 -3445.72 1211898534
1721.38 -3379.88 1211898589
1718.72 -3359.79 1211898599
1388.98 -3196.86 1211898694
1326.05 -3209.13 1211898704
881.076 -3260.47 1211898785
819.915 -2968.07 1211898908
996.307 -2706.92 1211898966
1048.6 -2314.05 1211899026
1029.99 -2110.91 1211899089
983.011 -1499.24 1211899149
922.737 -732.351 1211899268
898.804 -434.283 1211899333
884.622 -233.332 1211899389
489.29 119.46 1211899514
62.934 117.227 1211899639
62.934 109.412 1211899694
64.7068 107.179 1211899816
63.8204 110.528 1211899879
54.9565 127.275 1211899941
57.6156 106.062 1211899992
66.4796 106.062 1211900072
63.8204 109.412 1211900113
48.7517 205.427 1211900174
36.3422 390.763 1211900220
21.2735 599.549 1211900282
385.582 649.793 1211900347
679.865 677.706 1211900419
1022.9 560.471 1211900463
1053.92 156.303 1211900523
1082.29 -194.258 1211900578
1283.5 -544.804 1211900667
1453.69 -541.455 1211900727
1694.79 -502.382 1211900793
1869.41 -482.287 1211900856
2154.82 -465.542 1211900923
2479.25 -438.748 1211900970
2552.82 -454.378 1211901029
2560.79 -452.145 1211901066
2580.29 -577.178 1211901081
2579.41 -798.214 1211901156
2349.83 -814.959 1211901203
2122.91 -855.147 1211901264
1886.25 -858.496 1211901335
1540.55 -862.961 1211901460
1342 -895.335 1211901515
1343.77 -898.683 1211901539
1323.39 -759.143 1211901577
1144.34 -740.165 1211901645
1185.11 -663.137 1211901713
1093.81 -52.4724 1211901757
1041.51 308.143 1211901837
1017.58 674.356 1211901891
998.08 949.027 1211901947
999.853 942.328 1211902003
998.967 943.445 1211902074
998.967 943.445 1211902086
990.103 1041.7 1211902146
984.784 1168.99 1211902207
1077.86 1290.7 1211902261
1111.54 1329.79 1211902322
1295.91 1518.5 1211902442
1318.95 1583.26 1211902502
1308.32 1659.2 1211902565
1298.57 1713.91 1211902639
1280.84 1794.31 1211902693
1275.52 1849.03 1211902753
1266.66 1879.18 1211902806
1375.68 2230.95 1211902982
1329.59 2483.34 1211903041
1269.32 2873.1 1211903101
1230.32 3102.05 1211903161
1211.7 3281.87 1211903221
1202.84 3278.52 1211903282
1202.84 3278.52 1211903342
1206.38 3285.22 1211903406
1205.5 3286.34 1211903464
1206.38 3285.22 1211903525
1358.84 3396.91 1211903585
1629.19 3399.14 1211903646
1638.94 3256.18 1211903707
1888.91 3274.05 1211903768
1963.36 3286.34 1211903833
2022.75 3303.09 1211903888
2044.91 3522 1211903953
2231.05 3746.51 1211904008
2384.4 3780.02 1211904069
2449.11 3784.48 1211904139
2766.44 3832.51 1211904194
2820.51 3870.49 1211904241
3329.3 3880.54 1211904297
3409.96 3893.95 1211904321
3421.48 3912.93 1211904349
3423.26 3838.1 1211904405
3394 3656.03 1211904531
3658.15 3377.92 1211904585
3245.98 2854.11 1211904709
2979.17 2622.93 1211904766
2929.53 2574.91 1211904825
3047.42 2453.18 1211904899
2800.12 1852.38 1211904945
2709.71 611.831 1211905007
2895.85 -896.451 1211905070
3277.89 -4938.75 1211905231
3555.33 -5531.2 1211905292
4036.64 -8239.64 1211905412
3056.29 -10891.4 1211905523
2783.28 -13827.7 1211905629
3059.83 -15282.1 1211905687
3768.95 -16248.2 1211905752
