1469.64 2913.31 1212253182
1127.49 2856.35 1212253243
1098.24 3159.01 1212253305
1324.27 3195.87 1212253363
1898.66 3265.12 1212253423
2373.76 3332.13 1212253483
2705.28 3354.47 1212253545
2742.5 3614.71 1212253605
3039.45 3838.1 1212253671
3105.04 3886.13 1212253737
3139.61 3836.98 1212253786
3124.54 3850.38 1212253845
3180.38 3790.07 1212253905
3140.5 3830.28 1212253965
3154.68 3811.29 1212254024
3168.86 3819.11 1212254084
3195.45 2970.26 1212254144
2863.94 2983.67 1212254205
2598.02 3221.56 1212254265
2387.06 3267.35 1212254323
2387.06 3267.35 1212254324
2418.97 3136.68 1212254384
2849.76 3164.6 1212254444
2802.78 3604.66 1212254510
2826.71 3823.58 1212254569
3024.38 4401.07 1212254831
3025.26 4401.07 1212254888
3027.92 4387.66 1212254969
3066.92 4320.64 1212255028
3087.31 4302.77 1212255086
3144.04 3901.76 1212255189
3120.99 3754.33 1212255255
3198.11 3635.93 1212255309
3230.91 3551.04 1212255385
3439.21 3341.06 1212255437
3214.07 3136.68 1212255509
2980.06 3017.17 1212255558
2802.78 2790.45 1212255614
2907.37 2616.23 1212255669
3202.54 2302.42 1212255729
2667.16 1090.83 1212255789
2611.32 -1876.52 1212255886
2814.3 -3360.91 1212255939
3243.32 -4819.36 1212255984
3682.97 -6286.48 1212256028
3955.98 -7813.57 1212256074
