2723 -1710.2 1212621268
2844.44 -1351.9 1212621295
3360.32 -1171.06 1212621353
3633.33 -917.661 1212621471
3616.49 -990.221 1212621527
3616.49 -990.221 1212621544
3615.6 -987.988 1212621587
3616.49 -987.988 1212621652
3616.49 -989.105 1212621716
3618.26 -985.756 1212621773
3616.49 -986.872 1212621828
3617.38 -987.988 1212621899
3613.83 -995.802 1212621949
3615.6 -990.221 1212622009
3620.03 -971.244 1212622069
3616.49 -1000.27 1212622129
3612.06 -1010.31 1212622241
3610.28 -1009.2 1212622300
3616.49 -994.686 1212622356
3618.26 -990.221 1212622416
3618.26 -985.756 1212622488
3619.15 -982.407 1212622546
3616.49 -981.29 1212622601
3619.15 -983.523 1212622663
3617.38 -983.523 1212622721
3618.26 -982.407 1212622777
3617.38 -991.337 1212622842
3578.37 -1128.64 1212622897
3447.19 -1000.27 1212622968
3281.43 -614.018 1212623022
3244.2 -102.712 1212623078
3056.29 139.556 1212623137
3026.15 506.879 1212623199
2988.04 964.659 1212623273
3034.13 1279.54 1212623320
2712.37 1611.18 1212623380
1940.32 2391.76 1212623501
1903.09 2577.14 1212623564
1843.7 3093.12 1212623622
1813.56 3141.14 1212623682
1983.75 3288.57 1212623744
2353.38 3344.42 1212623803
2546.61 3374.57 1212623864
2774.41 3533.17 1212623929
2826.71 3940.86 1212623989
2829.37 3914.05 1212624044
2908.26 3891.71 1212624105
3336.39 4034.69 1212624234
3452.51 3889.48 1212624290
3468.46 3907.35 1212624293
3476.44 3889.48 1212624317
3437.44 3436 1212624377
3636.88 3344.42 1212624437
3394.89 3042.86 1212624557
3414.39 2916.66 1212624620
3456.05 2841.83 1212624678
3402.87 2736.85 1212624738
3600.53 2829.54 1212624803
3695.38 2630.75 1212624860
3840.75 2421.91 1212624923
3991.43 2296.84 1212624979
4059.69 2248.82 1212625033
4072.98 2233.18 1212625039
4070.32 2230.95 1212625041
4064.12 2198.56 1212625101
3971.05 2106.99 1212625161
4180.24 2378.36 1212625221
3538.49 2416.33 1212625281
3134.29 2754.72 1212625341
3031.47 2877.57 1212625401
2889.65 2988.13 1212625461
2838.23 3188.05 1212625521
2832.92 3424.83 1212625587
2691.98 3534.29 1212625642
2421.63 3477.33 1212625703
2096.32 3423.72 1212625767
2037.82 3645.98 1212625824
1997.05 3904 1212625885
1919.93 3892.83 1212625922
1899.54 3895.06 1212625939
1879.16 3644.87 1212625984
1895.11 3507.48 1212626044
2191.17 3540.99 1212626105
2271.83 3544.34 1212626165
2502.29 3585.67 1212626230
2767.32 3653.8 1212626285
3061.61 3660.5 1212626346
3181.27 3699.6 1212626405
3356.78 3754.33 1212626465
3456.05 3731.99 1212626525
3495.05 3841.45 1212626585
3434.78 3839.21 1212626645
3434.78 3839.21 1212626652
3361.21 3573.38 1212626726
3219.38 3425.95 1212626774
3059.83 3281.87 1212626834
3006.65 3229.38 1212626896
2706.16 2909.96 1212626958
2489.88 2704.46 1212627014
2129.12 2567.09 1212627074
1794.95 2503.44 1212627134
1599.06 2697.76 1212627194
1673.51 2813.91 1212627253
1670.85 2815.02 1212627298
1676.17 2813.91 1212627358
1675.29 2812.79 1212627418
1675.29 2813.91 1212627428
1863.2 2837.36 1212627490
2153.05 2935.64 1212627551
2336.54 3083.07 1212627606
2428.72 3160.13 1212627666
2479.25 3331.01 1212627727
2798.35 3436 1212627787
2798.35 3508.6 1212627847
3001.33 3530.94 1212627910
3035.01 3623.64 1212627947
3171.52 3652.68 1212628007
3021.72 3558.86 1212628067
2878.12 3519.77 1212628132
2801.89 3516.42 1212628192
2645.89 4148.62 1212628254
2590.04 4202.24 1212628308
2409.22 4361.97 1212628368
2353.38 4481.49 1212628428
2353.38 4481.49 1212628443
2312.6 4747.36 1212628489
2254.1 5108.18 1212628549
2239.03 5142.81 1212628592
2244.35 5142.81 1212628595
2114.05 5215.43 1212628656
1730.24 5159.57 1212628716
1730.24 5160.69 1212628780
1729.36 5162.92 1212628836
1729.36 5164.04 1212628854
1583.1 5072.43 1212628916
1583.1 5072.43 1212628918
1816.22 4861.3 1212628984
2156.6 4583.15 1212629039
2343.63 4410 1212629099
2656.52 4134.1 1212629159
2828.48 3987.77 1212629219
2853.3 3587.9 1212629279
3011.97 3332.13 1212629339
2914.46 3318.73 1212629409
2914.46 3318.73 1212629413
2500.52 3367.87 1212629473
2578.52 3068.55 1212629533
2549.27 3067.43 1212629593
2552.82 3058.5 1212629600
2547.5 3048.44 1212629660
2333.88 3006 1212629724
2337.42 2715.63 1212629786
2414.54 2691.06 1212629843
2675.14 2430.85 1212629908
2521.79 2185.16 1212629964
2251.44 2067.9 1212630024
2258.53 2073.49 1212630079
2258.53 2073.49 1212630080
2107.85 2318.05 1212630140
2246.12 2438.66 1212630200
2261.19 2438.66 1212630209
2380.86 2330.34 1212630270
2017.43 1954 1212630327
1861.43 1801.01 1212630388
1529.92 1471.6 1212630449
1381 1316.39 1212630521
1375.68 1116.51 1212630581
1427.1 435.422 1212630634
1451.03 198.728 1212630673
1449.25 199.845 1212630674
1248.93 269.066 1212630734
1234.75 455.519 1212630795
1230.32 535.908 1212630855
1206.38 871.985 1212630915
1737.33 935.629 1212630975
1759.49 942.328 1212631040
1762.15 941.212 1212631104
1825.09 1179.04 1212631155
1999.71 1382.27 1212631220
2248.78 1644.68 1212631276
2340.08 1978.57 1212631337
2242.58 2085.77 1212631357
1953.61 2405.16 1212631417
2169.89 2670.96 1212631477
2178.76 2779.29 1212631501
2176.98 2779.29 1212631502
2465.95 2931.17 1212631562
2580.29 2953.51 1212631585
2672.48 2815.02 1212631645
2749.6 2756.95 1212631691
2779.73 2713.39 1212631745
2816.96 2736.85 1212631801
3149.36 3070.78 1212631861
3064.27 3250.6 1212631922
3214.07 3563.33 1212631970
3362.09 3790.07 1212632030
3624.47 3843.68 1212632090
3690.95 3767.73 1212632110
3781.36 3824.69 1212632171
3538.49 4149.74 1212632206
3173.29 4668.04 1212632264
2940.17 4975.24 1212632327
2673.37 5189.73 1212632381
2373.76 5352.84 1212632443
1962.48 5291.39 1212632503
1619.44 5241.12 1212632569
1538.78 5231.07 1212632583
1539.67 5228.83 1212632608
1539.67 5228.83 1212632610
1473.19 5317.09 1212632670
1342 5300.33 1212632721
1365.93 5023.28 1212632788
1396.96 4831.14 1212632841
1442.16 4528.41 1212632911
1463.44 4394.36 1212632961
1523.71 4051.44 1212633021
1569.8 3720.82 1212633081
1599.06 3548.81 1212633141
1631.85 3348.88 1212633184
1692.13 3006 1212633244
1789.63 2310.24 1212633304
1786.97 2009.84 1212633370
1617.67 1842.33 1212633425
1364.16 1642.45 1212633486
1101.79 1332.02 1212633550
984.784 1214.77 1212633607
756.981 986.991 1212633666
384.695 615.181 1212633726
14.1823 265.717 1212633781
-117.004 -167.464 1212633841
-75.3435 -737.932 1212633906
-216.28 -830.588 1212633956
-215.394 -831.704 1212633986
-215.394 -831.704 1212633987
-217.167 -831.704 1212634047
-219.826 -833.937 1212634107
-220.712 -833.937 1212634167
-255.282 -945.569 1212634228
-4.43197 -1002.5 1212634288
397.991 -966.778 1212634354
669.228 -947.801 1212634410
1042.4 -917.661 1212634471
1221.45 -907.614 1212634531
1487.37 -880.822 1212634592
1531.69 -859.612 1212634636
1494.46 -425.352 1212634696
1451.03 119.46 1212634757
1435.96 305.91 1212634817
1427.1 507.995 1212634879
1616.78 573.869 1212634939
1601.71 760.33 1212634997
1601.71 760.33 1212634999
1754.17 938.978 1212635059
1829.52 1183.51 1212635124
2101.64 1548.65 1212635185
1801.15 1967.4 1212635240
2084.8 2263.33 1212635305
2505.84 2713.39 1212635360
2654.75 2951.28 1212635461
2856.85 2859.7 1212635521
2940.17 3059.61 1212635581
2833.8 3394.68 1212635642
2759.35 3831.4 1212635701
2618.41 4176.54 1212635770
2619.3 4176.54 1212635797
2619.3 4176.54 1212635798
2661.84 4224.58 1212635858
3092.63 4126.28 1212635918
3144.04 3885.01 1212635978
3139.61 3855.97 1212635996
3113.9 3645.98 1212636061
3028.81 3337.71 1212636116
2946.38 3228.26 1212636176
2542.18 3079.72 1212636237
2171.67 2966.91 1212636297
2177.87 2990.37 1212636313
2059.98 3042.86 1212636359
1837.5 3024.99 1212636420
1818.88 3169.06 1212636459
1981.98 3286.34 1212636519
2606 3385.74 1212636580
2546.61 3264 1212636639
2546.61 3264 1212636644
2574.09 2988.13 1212636705
2591.82 2888.74 1212636765
2814.3 3061.85 1212636826
3107.7 3457.22 1212636886
3359.43 3500.78 1212636947
3503.92 3716.35 1212637007
3646.63 3686.19 1212637068
3679.42 3692.89 1212637129
3771.61 3734.22 1212637190
3770.72 3734.22 1212637192
3640.42 3752.09 1212637252
3465.8 3592.37 1212637312
3497.71 3529.82 1212637372
2864.83 3093.12 1212637432
2851.53 3098.7 1212637444
2647.66 2874.22 1212637504
2268.28 2486.69 1212637564
2149.51 2370.54 1212637589
2003.25 2215.31 1212637649
1763.04 1994.2 1212637714
1667.31 2255.52 1212637770
1596.4 2692.18 1212637830
1951.84 2859.7 1212637891
1985.52 2864.16 1212637921
2218.65 2913.31 1212637981
2533.32 2951.28 1212638041
2685.78 2989.25 1212638105
2780.62 2903.25 1212638168
2979.17 3178 1212638228
3307.14 3264 1212638283
3425.91 3406.96 1212638343
3655.49 3591.25 1212638408
3786.68 3671.67 1212638454
3791.11 3676.14 1212638457
3792.88 3676.14 1212638467
3741.47 3428.18 1212638532
3255.73 2918.89 1212638588
2925.99 2954.63 1212638643
2750.48 2894.32 1212638650
2714.14 3010.47 1212638687
3238 3042.86 1212638748
3428.57 2863.05 1212638809
3654.6 2782.64 1212638870
4068.55 3061.85 1212638930
5216.43 4449.1 1212638991
6105.48 5483.55 1212639055
5745.61 6017.58 1212639112
5495.65 6582.93 1212639171
5353.82 7140.5 1212639231
5172.11 7549.49 1212639291
5282.91 7665.7 1212639345
5282.91 7665.7 1212639347
5149.95 7482.44 1212639407
5359.14 7119.27 1212639467
5441.58 6667.85 1212639530
5727.88 6117.02 1212639588
6086.87 5461.2 1212639654
5236.82 4388.78 1212639713
4283.06 3266.23 1212639764
3969.27 2917.77 1212639785
3591.67 3251.71 1212639845
3612.06 3491.85 1212639882
3547.35 3723.05 1212639942
3641.31 3704.06 1212639984
3562.42 3557.75 1212640044
3401.98 3601.31 1212640104
3029.7 3238.31 1212640164
2812.53 3033.92 1212640223
2586.5 2804.97 1212640279
2241.69 2431.96 1212640339
1817.11 2261.1 1212640399
1499.78 2244.35 1212640459
1096.47 2181.81 1212640522
503.472 2092.47 1212640580
87.753 2014.3 1212640642
-249.963 1948.42 1212640702
-811.937 1849.03 1212640763
-804.846 1792.08 1212640807
-804.846 1792.08 1212640808
-961.738 1821.11 1212640868
-1033.54 2255.52 1212640906
-1043.29 2774.82 1212640965
-962.624 2914.42 1212641025
-721.525 3077.48 1212641085
-275.669 3142.26 1212641151
-124.095 3181.35 1212641172
733.935 3303.09 1212641225
1015.81 3352.23 1212641285
985.671 3470.63 1212641348
950.215 3909.58 1212641405
1142.56 3983.3 1212641465
2215.1 4155.32 1212641525
2735.41 4250.27 1212641586
3044.76 4290.48 1212641646
3181.27 4239.1 1212641704
3363.87 4137.45 1212641706
3309.8 3726.4 1212641763
3528.74 4055.91 1212641827
3161.77 4682.56 1212641883
2595.36 5181.91 1212641943
2047.57 5097.01 1212642004
2029.84 5083.6 1212642062
2028.07 5085.84 1212642068
1911.07 5369.6 1212642123
1800.27 5376.3 1212642183
1790.52 5371.83 1212642189
1724.92 5152.87 1212642249
2078.59 4634.53 1212642309
2235.49 4283.78 1212642371
2284.24 4014.58 1212642431
2329.44 3715.23 1212642492
2351.6 3595.72 1212642552
2363.13 3482.91 1212642614
2363.13 3481.79 1212642641
2361.35 3481.79 1212642644
2379.08 3410.31 1212642715
2508.5 3183.58 1212642761
2454.43 3138.91 1212642812
2719.46 3180.23 1212642872
2784.16 3482.91 1212642932
2704.39 4079.37 1212642997
2591.82 4201.12 1212643052
2556.36 4222.34 1212643102
2556.36 4222.34 1212643103
2484.56 4312.82 1212643163
2482.79 4300.53 1212643195
2542.18 4220.11 1212643258
2663.62 4145.27 1212643315
2858.62 3956.5 1212643375
2826.71 3748.74 1212643436
2941.94 3545.46 1212643483
2790.37 3526.47 1212643540
2989.81 3346.65 1212643604
3365.64 2932.29 1212643660
3643.08 2657.55 1212643720
3835.43 2448.72 1212643790
3835.43 2448.72 1212643822
3655.49 2286.78 1212643882
3651.95 2283.43 1212643942
3659.92 2282.32 1212644003
3565.08 2333.69 1212644063
3191.91 2710.04 1212644124
2920.67 3046.21 1212644183
2852.42 3115.46 1212644244
2589.16 3997.82 1212644304
2405.67 4186.6 1212644365
2279.81 4162.02 1212644398
2176.98 4138.57 1212644473
1369.48 4014.58 1212644524
957.306 3964.32 1212644579
809.278 3940.86 1212644640
777.368 3918.52 1212644700
804.846 4033.57 1212644750
804.846 4034.69 1212644752
649.727 3940.86 1212644812
668.341 4223.46 1212644872
923.623 4264.79 1212644932
1175.36 4313.94 1212644992
1219.68 4074.9 1212645053
1344.66 4002.29 1212645112
1556.51 4002.29 1212645173
2470.38 4189.95 1212645233
2666.27 4137.45 1212645295
2863.94 3935.27 1212645355
2868.37 3727.52 1212645420
2925.99 3375.69 1212645476
3018.17 3337.71 1212645528
3314.23 3001.54 1212645589
2826.71 2469.93 1212645650
2541.29 2204.15 1212645710
2308.17 1971.87 1212645770
2069.73 1731.78 1212645830
1767.47 1708.33 1212645890
1537.01 1477.18 1212645950
1391.64 1308.57 1212646012
1076.08 1077.43 1212646071
1048.6 1185.74 1212646108
1045.06 1200.26 1212646109
1214.36 1428.05 1212646170
1345.55 1552 1212646230
1437.73 1644.68 1212646290
1580.44 1784.26 1212646341
1855.22 2071.25 1212646401
2083.91 2292.37 1212646461
2271.83 2475.52 1212646521
2501.41 2713.39 1212646581
2533.32 2746.9 1212646627
2838.23 3116.57 1212646680
3252.18 3309.79 1212646740
3369.19 3491.85 1212646800
3628.9 3681.72 1212646866
3813.27 3737.57 1212646921
3820.36 3733.1 1212646982
3562.42 4126.28 1212647042
3077.56 4806.56 1212647105
2689.32 5187.5 1212647165
2369.33 5357.31 1212647229
2066.19 5409.81 1212647286
1927.91 5391.94 1212647347
1762.15 5365.13 1212647388
1335.8 5300.33 1212647448
1513.96 5131.64 1212647511
1787.86 4897.05 1212647567
1997.93 4703.79 1212647627
2149.51 4575.33 1212647687
2315.26 4425.64 1212647748
2460.63 4298.3 1212647802
2774.41 4025.75 1212647862
2834.69 3731.99 1212647923
2845.33 3485.15 1212647983
3410.85 3678.37 1212648043
3313.34 3513.07 1212648103
3059.83 3411.43 1212648163
2642.34 3304.21 1212648224
2227.51 3234.96 1212648284
1980.21 3200.34 1212648312
1690.35 3171.3 1212648372
1395.18 2983.67 1212648433
1635.4 3024.99 1212648498
2015.66 3083.07 1212648553
2564.34 3148.96 1212648614
2964.1 3207.04 1212648674
2986.26 3200.34 1212648697
2669.82 2905.49 1212648757
2464.18 2694.41 1212648818
2099.87 2334.81 1212648878
1893.34 2119.27 1212648938
1473.19 1939.48 1212648999
1055.7 1759.7 1212649059
350.126 1636.86 1212649180
