2737.19 -3368.72 1212587119
2737.19 -3368.72 1212587174
2740.73 -3316.27 1212587229
2672.48 -3100.88 1212587268
2456.2 -2331.91 1212587333
2879.01 -1053.85 1212587388
2676.02 251.202 1212587448
2125.57 1049.52 1212587509
1160.29 1205.84 1212587569
1132.81 1246.04 1212587600
1066.33 1411.3 1212587660
1042.4 1558.7 1212587726
824.347 1713.91 1212587785
344.807 2061.2 1212587911
268.578 2541.41 1212587967
235.781 2778.17 1212588017
198.552 3021.64 1212588110
169.301 3188.05 1212588166
112.572 3532.06 1212588263
57.6156 3880.54 1212588323
21.2735 4113.99 1212588377
-13.2959 4325.11 1212588437
-36.3422 4432.34 1212588498
-521.2 4466.97 1212588622
-239.326 4512.77 1212588684
-179.052 4510.54 1212588737
-177.279 4510.54 1212588798
-178.165 4512.77 1212588858
-180.824 4515 1212588918
-69.1388 4533.99 1212588978
-30.1374 4414.47 1212589043
108.14 4138.57 1212589101
117.89 4135.21 1212589121
585.02 4213.41 1212589208
1135.47 4298.3 1212589268
1413.8 4350.8 1212589329
1733.79 4408.89 1212589389
2072.39 4460.27 1212589435
2235.49 4485.96 1212589495
2089.23 4643.47 1212589569
1727.58 4960.72 1212589616
1659.33 5059.03 1212589676
1658.44 5063.5 1212589678
1609.69 5046.74 1212589738
1926.14 4766.35 1212589807
2029.84 4618.89 1212589864
2012.12 4439.05 1212589883
1529.92 4373.14 1212589943
1529.92 4000.06 1212590009
1587.53 3654.92 1212590063
1599.06 3561.1 1212590123
1564.49 3320.96 1212590188
1311.86 3286.34 1212590253
1207.27 3289.69 1212590303
946.669 3226.03 1212590367
922.737 3126.62 1212590430
1013.15 2561.51 1212590496
1118.63 1889.23 1212590545
1192.2 1466.01 1212590605
1153.2 1383.38 1212590653
977.693 1069.62 1212590704
1019.35 557.122 1212590765
1126.61 -830.588 1212590956
1141.68 -1071.71 1212591020
1164.72 -1338.5 1212591073
1319.84 -1373.1 1212591117
1318.07 -1369.76 1212591165
1318.07 -1369.76 1212591171
1368.59 -1356.36 1212591241
1338.46 -943.336 1212591287
1049.49 -918.777 1212591346
754.322 -939.987 1212591410
655.932 -950.034 1212591443
374.058 -970.127 1212591503
143.596 -945.569 1212591568
126.754 -747.979 1212591580
90.4122 -269.057 1212591640
66.4796 69.2195 1212591717
81.5483 295.861 1212591765
138.278 350.569 1212591820
299.601 515.811 1212591843
417.492 563.821 1212591877
238.44 356.152 1212591956
231.349 360.617 1212592006
228.69 362.85 1212592076
754.322 973.592 1212592265
1042.4 1258.32 1212592324
1166.5 1386.73 1212592398
1319.84 1612.3 1212592449
1417.34 2227.6 1212592572
1487.37 2230.95 1212592625
1488.26 2237.65 1212592632
1340.23 2538.06 1212592733
1534.35 2574.91 1212592788
1879.16 2802.74 1212592853
1555.62 2944.58 1212592916
1484.71 3100.94 1212592992
1218.79 3057.38 1212593030
1097.36 3042.86 1212593095
652.386 2954.63 1212593150
312.897 2803.86 1212593219
85.9803 2874.22 1212593273
-303.147 2815.02 1212593328
-391.786 2961.33 1212593403
-106.367 3160.13 1212593475
283.646 3227.14 1212593548
717.979 3299.74 1212593595
885.508 3328.78 1212593656
1014.92 3527.59 1212593715
899.69 4243.56 1212593784
807.505 4831.14 1212593896
905.009 4907.1 1212593960
2279.81 5234.42 1212594151
2371.99 5311.5 1212594175
2371.11 5311.5 1212594220
2371.11 5311.5 1212594240
2333.88 5377.42 1212594252
2316.15 5385.24 1212594322
2316.15 5385.24 1212594377
2317.04 5383 1212594432
2298.42 5384.12 1212594497
1992.61 5308.15 1212594614
1997.93 5300.33 1212594855
1991.73 5300.33 1212594916
1994.39 5294.75 1212595102
1993.5 5298.1 1212595217
1945.64 5292.51 1212595271
1486.48 5197.55 1212595333
2008.57 4700.44 1212595529
2083.91 4460.27 1212595589
2083.91 4460.27 1212595607
1775.45 4415.59 1212595650
1480.28 4361.97 1212595709
1474.96 4259.2 1212595729
1160.29 4102.82 1212595842
1037.97 4279.31 1212595854
1065.45 4399.95 1212595887
678.978 4339.63 1212595944
187.916 4260.32 1212596015
-110.799 4217.87 1212596142
372.286 4288.25 1212596205
737.48 4268.14 1212596272
831.438 3802.36 1212596380
910.327 3303.09 1212596436
944.01 2970.26 1212596501
1383.66 2976.97 1212596557
1981.98 3070.78 1212596616
2404.79 3138.91 1212596676
2776.19 3202.57 1212596741
2986.26 3255.06 1212596797
3118.34 3178 1212596859
3119.22 3179.12 1212596865
3145.81 3060.73 1212596921
2998.67 2964.68 1212596968
2912.69 2989.25 1212597029
2902.06 2995.95 1212597084
2908.26 3336.6 1212597179
2500.52 3461.69 1212597232
1854.34 3379.04 1212597292
1560.05 3325.43 1212597352
1241.84 3281.87 1212597412
1212.59 3218.21 1212597442
1170.04 3325.43 1212597497
1168.27 3332.13 1212597534
1139.9 3323.19 1212597550
1065.45 3248.36 1212597578
995.421 3328.78 1212597640
1006.06 3335.48 1212597698
1001.63 3338.83 1212597784
1002.51 3339.95 1212597785
1159.4 3383.51 1212597845
1630.97 3386.86 1212597905
1595.51 3319.84 1212597979
1950.95 3266.23 1212598030
2546.61 3337.71 1212598086
2783.28 3398.03 1212598152
2940.17 3425.95 1212598216
3063.38 3467.27 1212598271
2988.92 3371.22 1212598337
2977.4 3247.25 1212598391
2988.92 3176.88 1212598457
3252.18 2865.28 1212598521
3312.46 2707.81 1212598568
3443.64 2586.08 1212598634
2572.32 1572.1 1212598759
2600.68 96.0143 1212598810
2781.51 -1402.13 1212598864
3122.77 -4298.28 1212598969
3589.9 -5716.4 1212599027
3848.72 -7182.25 1212599064
4111.98 -8654.52 1212599119
2715.91 -11253.8 1212599236
2590.04 -12783.3 1212599275
4458.56 -16179.1 1212599483
