3149.36 3546.58 1211397892
3161.77 3536.52 1211397942
3089.97 3363.4 1211397967
3089.97 3363.4 1211397973
3089.97 3363.4 1211397979
2710.59 3373.45 1211398035
2568.77 3253.95 1211398096
2565.23 3181.35 1211398129
2563.45 3179.12 1211398131
2492.54 3040.63 1211398195
2436.7 3094.23 1211398256
2535.09 3150.08 1211398311
2707.05 3194.75 1211398349
2949.03 3219.32 1211398408
3089.08 3073.01 1211398473
2965.88 2624.05 1211398593
2667.16 2308 1211398672
2506.72 2169.53 1211398708
2230.17 1706.1 1211398773
2528.88 1397.9 1211398828
2727.44 1566.51 1211398892
2864.83 1702.75 1211398974
2713.25 2006.49 1211399030
2769.98 2162.83 1211399099
2732.75 2372.78 1211399154
2305.51 2412.98 1211399210
2061.75 2545.87 1211399270
1638.06 2476.63 1211399330
1281.73 2429.73 1211399456
1178.02 2506.79 1211399514
1111.54 2933.41 1211399572
1021.13 3478.44 1211399632
884.622 4289.36 1211399693
353.671 4497.13 1211399767
268.578 4480.38 1211399778
-88.6394 4428.99 1211399841
-775.595 4318.41 1211399904
-1230.32 4269.26 1211400067
-1231.2 4269.26 1211400089
-1131.04 4202.24 1211400133
-961.738 4391.01 1211400188
-631.113 4449.1 1211400249
-352.785 4491.55 1211400318
-140.05 4531.76 1211400374
-40.7741 4454.68 1211400434
173.733 4145.27 1211400585
442.311 4195.53 1211400648
717.093 4234.63 1211400705
1072.54 4292.71 1211400827
1531.69 4365.32 1211400906
2012.12 4450.22 1211400950
2238.15 4470.32 1211401006
2301.08 4458.04 1211401058
2353.38 4421.17 1211401059
2692.87 4447.98 1211401119
2933.08 4387.66 1211401181
2949.03 4804.33 1211401250
3018.17 4587.61 1211401315
3070.47 4287.13 1211401364
3255.73 3803.47 1211401534
3148.47 3784.48 1211401555
3171.52 3669.44 1211401625
3204.32 3458.34 1211401677
3006.65 3252.83 1211401732
2692.87 2943.46 1211401792
2466.84 2718.98 1211401857
2272.72 2502.32 1211401912
1988.18 2333.69 1211401974
1761.27 2291.25 1211402032
1388.98 2239.88 1211402073
1263.11 2329.22 1211402152
1565.37 2401.81 1211402192
1562.71 2393.99 1211402219
1562.71 2393.99 1211402223
1627.42 2477.75 1211402286
1573.35 2826.19 1211402324
1547.64 2984.78 1211402384
1388.09 3086.42 1211402444
1501.55 3217.09 1211402504
1991.73 3287.45 1211402564
2537.75 3374.57 1211402627
2738.07 3422.6 1211402644
2872.8 3423.72 1211402705
3088.2 3400.26 1211402765
2859.51 3390.21 1211402829
2532.43 3286.34 1211402884
2167.23 3204.8 1211402944
2013 3190.29 1211402990
1678.83 3125.51 1211403030
1669.97 2933.41 1211403106
1280.84 2859.7 1211403150
1227.66 3138.91 1211403210
1180.68 3466.16 1211403270
1280.84 3601.31 1211403335
1436.85 3727.52 1211403391
1596.4 3635.93 1211403451
1620.33 3491.85 1211403511
2121.14 3526.47 1211403572
2338.31 3559.98 1211403634
2567.88 3594.6 1211403700
2762.89 3660.5 1211403763
2976.51 3814.64 1211403831
3342.59 3857.09 1211403926
3428.57 3704.06 1211403984
3448.96 3672.79 1211404023
3396.66 3768.85 1211404082
3016.4 3661.62 1211404162
2768.21 3697.36 1211404207
2768.21 3697.36 1211404223
2496.09 4288.25 1211404343
2397.7 4378.73 1211404402
2012.12 4756.29 1211404461
1900.43 5172.98 1211404526
1909.29 5168.51 1211404615
2340.08 5248.94 1211404676
2276.26 5389.7 1211404797
2276.26 5393.06 1211404817
2293.99 5370.71 1211404877
2433.15 5315.97 1211404952
2596.25 5222.13 1211405003
2837.35 5052.33 1211405035
2840.89 5045.62 1211405100
2691.98 5186.38 1211405134
2691.98 5186.38 1211405135
2822.28 5044.51 1211405192
2784.16 4995.35 1211405231
2716.8 5027.75 1211405303
2715.03 5021.05 1211405401
2710.59 5021.05 1211405428
2861.28 4907.1 1211405483
3006.65 4718.31 1211405547
3074.02 4300.53 1211405606
3152.02 3683.96 1211405674
3082.88 3551.04 1211405722
3308.02 3329.9 1211405923
3191.91 3303.09 1211405986
2801.01 3331.01 1211406043
2707.05 3319.84 1211406105
2352.49 3249.48 1211406166
2208.89 3304.21 1211406224
2169.89 3294.16 1211406251
2072.39 3299.74 1211406312
2156.6 3516.42 1211406372
2320.58 3565.56 1211406430
2322.35 3565.56 1211406431
2361.35 3433.77 1211406493
2359.58 3451.64 1211406503
2111.39 3417.01 1211406564
1772.79 3453.87 1211406623
1737.33 3675.02 1211406683
1669.97 4110.64 1211406748
1603.49 4490.43 1211406804
1572.46 4741.77 1211406865
1574.24 4771.93 1211406887
1827.75 4845.66 1211406942
1820.65 4842.31 1211406965
2156.6 4897.05 1211407025
2366.67 5033.33 1211407145
2138.87 4884.76 1211407205
2188.51 4589.85 1211407265
2417.2 4354.15 1211407326
2707.94 4103.94 1211407385
3144.93 4065.96 1211407457
2958.78 3390.21 1211407526
2885.21 3114.34 1211407586
3125.43 3037.28 1211407652
3292.96 2801.62 1211407707
3438.32 2544.76 1211407773
3135.18 2160.59 1211407828
2681.34 1750.76 1211407889
2606 1270.61 1211407956
2697.3 745.815 1211408009
2858.62 -377.347 1211408085
2769.98 -1445.66 1211408112
2632.59 -2929.01 1211408164
3136.06 -4361.88 1211408217
3599.65 -5775.53 1211408283
3858.47 -7245.83 1211408325
4123.51 -8714.75 1211408380
3709.56 -10195.7 1211408448
2860.39 -14276.9 1211408599
3184.82 -15765.7 1211408654
4499.34 -15912.8 1211408771
4358.4 -15853.7 1211408815
4358.4 -15852.6 1211408816
3796.43 -16201.4 1211408885
3114.79 -15281 1211408936
4017.14 -9754.1 1211409159
4060.57 -8248.56 1211409221
3795.54 -6767.29 1211409261
3491.51 -5263.43 1211409315
2994.24 -3815.1 1211409370
2760.23 -3058.47 1211409427
2710.59 -3057.35 1211409487
2690.21 -3070.75 1211409552
2663.62 -3110.92 1211409625
2659.18 -3122.08 1211409668
2657.41 -3129.89 1211409764
2659.18 -3128.78 1211409834
2660.96 -3131.01 1211409884
2660.07 -3128.78 1211409944
2663.62 -3133.24 1211410058
2637.91 -3248.19 1211410129
2613.09 -3407.78 1211410186
