2523.56 -3019.41 1212876951
2528.88 -2668.97 1212877011
2559.91 -2181.23 1212877076
2788.6 -1714.67 1212877131
2834.69 -1461.29 1212877192
2636.14 -1053.85 1212877252
2591.82 -670.952 1212877313
2569.66 -360.602 1212877374
2529.77 176.399 1212877435
2512.04 423.141 1212877495
2124.69 457.752 1212877556
1817.99 456.636 1212877617
1736.45 752.514 1212877677
1753.29 941.212 1212877737
1751.52 947.911 1212877802
1749.74 949.027 1212877858
1746.2 949.027 1212877925
1746.2 950.144 1212877980
1745.31 950.144 1212878040
1742.65 951.261 1212878100
1745.31 949.027 1212878166
1746.2 951.261 1212878225
1747.08 951.261 1212878281
1746.2 947.911 1212878342
1746.2 949.027 1212878402
1746.2 950.144 1212878461
1746.2 950.144 1212878522
1746.2 953.494 1212878582
1747.08 954.61 1212878626
1747.97 955.727 1212878686
1747.97 955.727 1212878751
1748.86 952.377 1212878812
1749.74 952.377 1212878867
1749.74 952.377 1212878928
1749.74 951.261 1212878988
1748.86 951.261 1212879048
1748.86 950.144 1212879118
1748.86 949.027 1212879168
1746.2 947.911 1212879228
1747.08 945.678 1212879289
1747.97 944.561 1212879353
1747.97 949.027 1212879409
1747.08 950.144 1212879469
1747.97 947.911 1212879529
1748.86 946.794 1212879589
1749.74 946.794 1212879649
1749.74 949.027 1212879709
1750.63 947.911 1212879769
1749.74 947.911 1212879830
1747.08 950.144 1212879890
1744.42 954.61 1212879951
1745.31 954.61 1212880012
1748.86 950.144 1212880073
1748.86 945.678 1212880133
1749.74 956.843 1212880194
1748.86 955.727 1212880254
1749.74 956.843 1212880280
1750.63 953.494 1212880341
1749.74 944.561 1212880401
1749.74 945.678 1212880465
1752.4 953.494 1212880521
1753.29 954.61 1212880581
1752.4 952.377 1212880641
1750.63 947.911 1212880702
1752.4 947.911 1212880762
1752.4 950.144 1212880823
1757.72 944.561 1212880883
1758.61 955.727 1212880944
1746.2 951.261 1212881004
1737.33 943.445 1212881066
1750.63 947.911 1212881126
1753.29 944.561 1212881187
1751.52 945.678 1212881248
1751.52 951.261 1212881308
1742.65 945.678 1212881368
1748.86 950.144 1212881429
1750.63 951.261 1212881489
1749.74 951.261 1212881550
1748.86 951.261 1212881610
1749.74 951.261 1212881671
1750.63 955.727 1212881731
1750.63 955.727 1212881792
1749.74 955.727 1212881852
1748.86 955.727 1212881914
1749.74 953.494 1212881975
1749.74 952.377 1212882036
1748.86 951.261 1212882097
1747.97 953.494 1212882157
1747.97 954.61 1212882217
1748.86 953.494 1212882264
1749.74 953.494 1212882321
1750.63 952.377 1212882371
1746.2 950.144 1212882433
1749.74 954.61 1212882465
1749.74 955.727 1212882525
1749.74 955.727 1212882585
1753.29 949.027 1212882649
1780.77 952.377 1212882705
1829.52 1192.44 1212882765
2126.46 1519.61 1212882825
1958.05 1689.35 1212882885
1903.09 1753 1212882945
1880.04 1691.58 1212883006
1897.77 1681.53 1212883082
1898.66 1682.65 1212883131
1907.52 1673.71 1212883168
1909.29 1669.25 1212883202
1951.84 1623.46 1212883237
1803.81 1474.95 1212883273
1666.42 1576.56 1212883313
1546.76 1753 1212883374
1836.61 2058.97 1212883434
2037.82 2256.63 1212883493
2358.7 2348.21 1212883553
2209.78 2153.89 1212883613
2047.57 2285.67 1212883674
1771.02 2301.3 1212883734
1294.14 2224.25 1212883795
1162.06 2648.62 1212883855
1065.45 3253.95 1212883916
956.42 3866.02 1212883976
645.295 4229.04 1212884038
500.813 4222.34 1212884098
501.699 4222.34 1212884103
238.44 4168.73 1212884164
223.371 4169.84 1212884170
204.757 3916.29 1212884226
260.6 3542.11 1212884285
304.033 3266.23 1212884345
382.036 2784.87 1212884405
439.652 2419.68 1212884461
523.859 1901.52 1212884521
458.266 1664.78 1212884581
449.402 1658.08 1212884593
366.967 1926.08 1212884653
349.239 2043.34 1212884713
316.443 2258.87 1212884773
268.578 2516.84 1212884833
234.008 2735.73 1212884893
228.69 2840.71 1212884951
415.719 3037.28 1212885002
936.033 3038.39 1212885062
1174.47 2933.41 1212885122
1374.8 2982.55 1212885182
1845.47 3057.38 1212885242
2262.97 3115.46 1212885299
2395.92 3128.86 1212885341
2395.92 3128.86 1212885343
2445.56 2944.58 1212885403
2455.31 2883.15 1212885463
2452.65 2855.23 1212885523
2403.02 2831.78 1212885576
2463.29 2915.54 1212885630
2543.07 2945.69 1212885692
2574.98 2968.03 1212885751
2754.03 3096.47 1212885811
2975.63 3188.05 1212885871
3031.47 3138.91 1212885932
2924.22 2959.1 1212885983
2860.39 3043.98 1212886048
2615.75 3077.48 1212886098
2429.61 3099.82 1212886158
2416.31 3154.55 1212886181
2414.54 3173.53 1212886183
2380.86 3331.01 1212886243
2423.4 3408.08 1212886271
2388.83 3462.81 1212886336
2059.09 3412.55 1212886390
1344.66 3317.61 1212886451
1323.39 3467.27 1212886512
1269.32 3500.78 1212886560
1269.32 3500.78 1212886561
1142.56 3648.22 1212886653
1126.61 3743.16 1212886691
1082.29 3707.41 1212886757
1089.38 3738.69 1212886814
1093.81 3797.89 1212886874
1087.61 3810.17 1212886924
964.397 3842.57 1212886966
1102.67 3935.27 1212887031
1199.29 4098.35 1212887071
1110.65 3978.84 1212887132
814.596 3933.04 1212887197
319.102 3852.62 1212887252
266.805 3477.33 1212887313
333.284 3068.55 1212887378
290.737 2806.09 1212887434
290.737 2806.09 1212887449
202.098 2982.55 1212887511
172.847 3156.78 1212887561
139.164 3368.99 1212887623
101.935 3605.77 1212887683
49.6381 3929.69 1212887744
109.913 4140.8 1212887804
343.035 4173.19 1212887865
343.035 4173.19 1212887871
484.858 3997.82 1212887933
779.141 3925.22 1212887993
925.396 3949.79 1212888050
1574.24 4039.15 1212888124
2234.6 4156.44 1212888157
2743.39 4239.1 1212888220
3049.2 4280.43 1212888278
3097.95 4121.81 1212888322
3365.64 3782.25 1212888382
3778.7 3212.62 1212888442
3966.62 3047.33 1212888498
3966.62 3046.21 1212888500
4137.69 3010.47 1212888560
3914.32 3248.36 1212888620
3891.27 3260.65 1212888652
3754.77 3384.62 1212888674
3554.44 3602.42 1212888734
3399.32 3669.44 1212888794
3334.62 3357.82 1212888857
3160.88 3247.25 1212888915
2712.37 3260.65 1212888975
2434.93 3236.08 1212889036
2239.03 3218.21 1212889060
2226.62 3208.16 1212889087
2095.44 3291.92 1212889153
2699.07 3387.97 1212889207
2780.62 3633.7 1212889268
2727.44 3905.12 1212889329
2698.18 4096.12 1212889389
2527.11 4293.83 1212889449
2487.22 4502.72 1212889510
2488.11 4506.07 1212889523
2301.97 4491.55 1212889581
2071.5 4458.04 1212889639
1922.59 4431.23 1212889665
1857 4809.91 1212889726
1597.28 5073.55 1212889786
1227.66 5076.9 1212889847
1068.99 5022.16 1212889907
1087.61 4950.67 1212889973
1298.57 4969.66 1212890028
1556.51 5014.34 1212890089
1855.22 4759.64 1212890150
1907.52 4454.68 1212890207
1908.41 4454.68 1212890209
2205.35 4474.79 1212890269
2292.22 4444.63 1212890329
2323.24 4423.41 1212890389
2426.95 4323.99 1212890454
2645 4143.03 1212890509
2682.23 4109.52 1212890569
3070.47 4011.23 1212890635
3144.04 3826.93 1212890690
3273.45 3715.23 1212890750
3257.5 3499.67 1212890811
2894.96 3257.3 1212890870
2629.05 3287.45 1212890930
2157.48 3202.57 1212890990
1739.99 3150.08 1212891050
1740.88 3145.61 1212891086
1708.97 2893.2 1212891146
1806.47 2263.33 1212891206
2090.12 1828.93 1212891266
2393.26 1529.66 1212891326
2324.13 1139.96 1212891387
2597.14 100.48 1212891447
2775.3 -1414.41 1212891506
2615.75 -2911.15 1212891563
3128.09 -4338.45 1212891619
3607.63 -5850.28 1212891665
3872.66 -7341.76 1212891715
2562.57 -12366.4 1212891919
2796.57 -13853.3 1212891971
3073.13 -15327.8 1212892024
3766.29 -16299.4 1212892084
4100.46 -16179.1 1212892138
4095.14 -16183.5 1212892217
4107.55 -16179.1 1212892237
4117.3 -16172.4 1212892297
4087.16 -16162.4 1212892385
3628.01 -16231.4 1212892445
3875.32 -16225.9 1212892471
4230.76 -16108.9 1212892549
3960.41 -16044.3 1212892583
3138.72 -15260.9 1212892641
2818.73 -13749.7 1212892695
2660.96 -13254.8 1212892755
2640.57 -13055.3 1212892815
2628.16 -12825.6 1212892880
2634.36 -12670.7 1212892940
2674.25 -12366.4 1212893001
2444.68 -11859.2 1212893065
2677.8 -11282.8 1212893120
3490.62 -10517.9 1212893255
4205.06 -9211.02 1212893290
3972.82 -7739.96 1212893350
3698.92 -6234.05 1212893401
3251.29 -4803.74 1212893450
2822.28 -3345.28 1212893504
2616.64 -1874.29 1212893567
2859.51 -380.697 1212893621
2579.41 965.776 1212893677
2200.03 1467.13 1212893743
2201.8 1459.31 1212893783
2371.99 1763.05 1212893843
2920.67 2311.35 1212893903
3058.06 2443.13 1212893963
3153.79 2742.43 1212894028
2990.69 2896.55 1212894083
2896.74 3185.82 1212894143
2793.92 3518.65 1212894203
2707.94 4012.35 1212894263
2670.71 4126.28 1212894323
2526.22 4267.02 1212894361
2525.34 4267.02 1212894364
2388.83 4377.61 1212894427
2366.67 4407.77 1212894485
2316.15 4497.13 1212894545
2278.03 4491.55 1212894605
1950.07 4436.81 1212894666
1616.78 4385.43 1212894726
1226.77 4214.52 1212894787
1224.11 4036.92 1212894847
1284.39 3682.84 1212894907
1289.7 3597.95 1212894932
1178.9 3485.15 1212894992
1036.2 3461.69 1212895052
923.623 3141.14 1212895112
1060.13 2225.36 1212895172
1032.65 1742.95 1212895232
839.416 1712.8 1212895293
202.984 1610.06 1212895354
253.509 1509.56 1212895414
252.622 1508.45 1212895435
252.622 1508.45 1212895437
155.119 1402.37 1212895497
-4.43197 1457.08 1212895558
123.209 1495.05 1212895622
655.932 1579.91 1212895681
1295.02 1689.35 1212895750
1138.13 2759.18 1212895805
1298.57 3181.35 1212895863
1605.26 3226.03 1212895919
2086.57 3305.32 1212895979
2652.98 3401.38 1212896039
2638.8 3610.24 1212896099
2584.73 3904 1212896159
2458.86 3785.6 1212896232
2571.43 3083.07 1212896280
2652.09 2851.88 1212896340
2652.09 2851.88 1212896357
2814.3 2668.72 1212896402
3126.31 2371.66 1212896461
3163.54 2196.33 1212896521
2680.46 966.893 1212896581
2879.9 -529.175 1212896638
2535.97 -1991.48 1212896691
2849.76 -3488.13 1212896746
2906.49 -4350.72 1212896808
2152.17 -4598.43 1212896868
1196.63 -4694.39 1212896927
787.118 -4542.64 1212896988
748.117 -4360.76 1212897048
343.921 -4115.27 1212897109
139.164 -3860.85 1212897174
328.852 -3578.52 1212897230
894.372 -2867.63 1212897291
1043.29 -2344.18 1212897354
1263.11 -1894.38 1212897410
1494.46 -1450.12 1212897470
1495.35 -1452.36 1212897493
1465.21 -1330.69 1212897553
1634.51 -982.407 1212897610
1615.9 -750.212 1212897679
1700.99 -624.065 1212897742
1646.92 -511.313 1212897792
1591.08 -544.804 1212897856
1453.69 -348.321 1212897911
1308.32 -657.556 1212897971
1344.66 -1048.27 1212898031
1364.16 -1404.36 1212898097
1226.77 -1950.19 1212898151
1085.83 -2057.34 1212898214
1088.49 -2055.1 1212898238
1087.61 -2053.99 1212898240
1186.88 -1979.21 1212898300
1304.77 -1816.24 1212898352
1466.1 -1505.94 1212898412
1815.34 -1335.15 1212898477
2128.23 -1323.99 1212898531
2825.83 -1406.59 1212898596
2918.9 -782.586 1212898647
2816.96 362.85 1212898708
2961.44 98.2472 1212898767
2962.33 97.1307 1212898779
2938.4 462.218 1212898839
2898.51 1038.35 1212898900
3156.45 1449.27 1212898960
3570.4 1845.68 1212899025
3570.4 1845.68 1212899027
3070.47 1362.17 1212899088
2629.93 1690.46 1212899148
2029.84 2299.07 1212899209
1758.61 2295.72 1212899268
1388.98 2237.65 1212899328
1204.61 2281.2 1212899392
1171.81 2557.04 1212899449
1081.4 3145.61 1212899512
1020.24 3472.86 1212899568
658.591 4227.93 1212899640
254.395 4173.19 1212899688
242.872 4175.43 1212899727
242.872 4173.19 1212899732
10.6367 4160.91 1212899793
249.077 4168.73 1212899852
462.698 4203.35 1212899908
731.275 4246.92 1212899973
996.307 4293.83 1212900029
1180.68 4318.41 1212900058
1459.89 4368.67 1212900105
1853.45 4453.57 1212900166
2137.98 4577.56 1212900226
2137.1 4579.79 1212900288
2141.53 4568.62 1212900348
2140.64 4570.86 1212900409
2225.74 4513.89 1212900468
2317.04 4430.11 1212900529
2410.99 4349.68 1212900589
2571.43 4212.29 1212900651
2672.48 4138.57 1212900716
2757.57 4052.56 1212900772
2886.1 3795.65 1212900836
2333.88 4517.24 1212900892
2832.92 3161.25 1212900974
2903.83 3256.18 1212901034
3291.18 2963.56 1212901093
3285.86 2963.56 1212901095
3334.62 2710.04 1212901157
3160.88 2693.29 1212901215
2773.53 2485.57 1212901276
2764.66 2481.1 1212901336
2647.66 2353.79 1212901397
2551.93 2218.66 1212901458
2403.02 2319.17 1212901519
2320.58 2519.07 1212901579
2326.79 2512.37 1212901643
2341.85 2491.15 1212901678
2327.67 2514.61 1212901739
2326.79 2514.61 1212901793
2327.67 2530.24 1212901853
2326.79 2531.36 1212901903
2315.26 2536.94 1212901958
2318.81 2526.89 1212902054
2322.35 2536.94 1212902119
2318.81 2529.12 1212902181
2318.81 2523.54 1212902241
2317.92 2549.23 1212902296
2320.58 2543.64 1212902356
2332.99 2531.36 1212902416
2469.49 2697.76 1212902476
2446.45 3021.64 1212902538
2765.55 3077.48 1212902599
2870.15 3332.13 1212902657
3355 3305.32 1212902740
3011.97 3029.46 1212902800
2988.92 3041.74 1212902835
2812.53 2788.22 1212902891
2313.49 2263.33 1212902958
2170.78 2120.39 1212903012
1762.15 1706.1 1212903073
1532.58 1477.18 1212903141
1404.05 806.108 1212903197
1431.53 368.433 1212903252
1472.3 -52.4724 1212903322
1491.8 -391.86 1212903372
1491.8 -391.86 1212903382
1491.8 -391.86 1212903395
1511.3 -695.511 1212903457
1528.14 -913.196 1212903515
1526.37 -914.312 1212903538
1540.55 -1014.78 1212903542
1365.93 -1072.83 1212903607
1325.16 -754.677 1212903663
1310.98 -554.851 1212903721
1481.17 -343.856 1212903772
1770.13 -332.692 1212903832
1880.04 -322.644 1212903862
1848.13 -148.485 1212903922
1815.34 376.248 1212903982
1777.22 1003.74 1212904042
1903.09 1288.47 1212904102
2012.12 1403.48 1212904162
2292.22 1687.11 1212904228
2888.76 2272.27 1212904283
3113.02 2501.2 1212904344
3103.27 2781.52 1212904391
3090.86 2775.94 1212904394
2940.17 2803.86 1212904453
2878.12 3163.48 1212904518
2501.41 3274.05 1212904569
2053.78 3192.52 1212904630
1701.88 3183.58 1212904690
1658.44 3141.14 1212904710
1825.97 3266.23 1212904772
2428.72 3357.82 1212904836
2415.42 3280.75 1212904892
2444.68 3073.01 1212904953
2442.9 2972.5 1212905003
2434.04 2975.85 1212905009
2419.86 2859.7 1212905064
2696.41 2759.18 1212905125
2705.28 2749.13 1212905169
2778.85 2712.28 1212905220
2768.21 2870.87 1212905281
2415.42 2699.99 1212905341
2022.75 2309.12 1212905406
1716.95 1986.38 1212905462
1421.78 1629.05 1212905523
1220.57 1440.33 1212905583
1025.56 1251.62 1212905608
715.32 950.144 1212905667
571.724 818.39 1212905738
565.52 808.341 1212905742
315.556 554.889 1212905788
-165.756 194.263 1212905848
-189.688 -360.602 1212905908
-270.35 -525.826 1212905967
-276.555 -526.942 1212905969
-80.6619 -283.57 1212906036
62.934 -6.69863 1212906096
66.4796 69.2195 1212906115
45.2061 242.271 1212906179
68.2524 295.861 1212906235
377.604 597.316 1212906295
725.957 942.328 1212906355
941.351 1061.8 1212906415
1320.73 1100.88 1212906485
1790.52 1098.65 1212906587
2033.39 1415.77 1212906647
2247.01 1626.81 1212906688
2247.01 1626.81 1212906690
2406.56 1911.57 1212906752
2167.23 2382.83 1212906829
2366.67 2586.08 1212906886
2805.44 3017.17 1212906936
2893.19 3162.36 1212906985
3165.31 3122.16 1212907050
2916.24 2574.91 1212907165
2558.13 2216.43 1212907225
2699.07 2016.54 1212907291
2892.31 1823.35 1212907325
2892.31 1823.35 1212907330
3156.45 1950.65 1212907381
3568.62 1851.26 1212907441
3832.77 2114.81 1212907506
3909.89 2181.81 1212907524
3778.7 2074.61 1212907585
3379.82 1675.95 1212907642
3021.72 1319.74 1212907702
2734.53 901.015 1212907772
2573.2 832.905 1212907823
2573.2 838.488 1212907843
2470.38 797.176 1212907900
2246.12 616.297 1212907963
1735.56 578.335 1212908019
1439.5 550.423 1212908080
1186 533.675 1212908149
1138.13 529.209 1212908159
1016.69 676.59 1212908219
983.898 1161.18 1212908279
880.19 1533.01 1212908340
731.275 1701.63 1212908426
273.009 1641.33 1212908485
222.485 1932.78 1212908521
185.256 2134.91 1212908587
140.05 2395.11 1212908643
101.049 2653.09 1212908709
50.5245 2978.08 1212908782
4.43197 3270.7 1212908824
-55.8428 3664.97 1212908885
-111.686 3990.01 1212908945
-158.665 4301.65 1212909005
-156.005 4298.3 1212909055
-156.892 4298.3 1212909057
-9.75034 4273.72 1212909117
13.2959 4117.34 1212909178
22.1599 4139.68 1212909185
75.3435 3744.27 1212909245
129.414 3413.66 1212909301
713.548 3295.27 1212909362
895.258 3249.48 1212909422
1144.34 2730.15 1212909482
1325.16 2751.37 1212909542
1638.06 2800.51 1212909602
2112.28 2884.27 1212909668
2127.35 2976.97 1212909723
2142.42 2979.2 1212909739
1914.61 2944.58 1212909799
1722.26 2923.36 1212909858
1497.12 2890.97 1212909912
1288.82 2830.66 1212909973
1104.45 2923.36 1212910034
924.509 3334.36 1212910095
619.59 3284.1 1212910155
318.216 3247.25 1212910220
122.322 3479.56 1212910277
121.436 3523.12 1212910321
123.209 3518.65 1212910427
120.55 3510.83 1212910457
117.004 3509.72 1212910481
117.004 3573.38 1212910544
59.3884 3879.43 1212910618
53.1837 4154.2 1212910661
340.375 4179.9 1212910721
441.424 4191.07 1212910752
878.417 4263.67 1212910807
1051.26 4157.56 1212910867
1245.38 3876.07 1212910927
1254.25 3814.64 1212910951
1279.07 3662.74 1212911006
1183.34 3468.39 1212911058
880.19 3418.13 1212911118
970.602 2895.44 1212911178
1075.2 2185.16 1212911245
1114.2 1372.22 1212911304
983.011 1217.01 1212911359
990.989 921.113 1212911425
1011.38 605.132 1212911485
1012.26 606.248 1212911496
1022.9 626.346 1212911557
1024.67 567.17 1212911596
1007.83 516.927 1212911655
1010.49 765.912 1212911710
990.103 1062.92 1212911770
1328.71 1755.23 1212911835
1540.55 2060.09 1212911894
1627.42 1894.81 1212911958
1644.26 1859.08 1212911965
2106.96 1505.1 1212912025
2332.1 1745.18 1212912085
2547.5 2184.04 1212912145
2338.31 2395.11 1212912207
2156.6 2800.51 1212912266
1927.91 2834.01 1212912326
1868.52 2848.53 1212912352
1901.32 3039.51 1212912412
2120.26 3201.45 1212912472
1371.25 3093.12 1212912536
1156.74 3045.09 1212912592
1027.33 3413.66 1212912657
991.875 3650.45 1212912714
934.26 3869.37 1212912772
506.131 3879.43 1212912837
427.242 4407.77 1212912898
411.287 4464.74 1212912958
411.287 4488.2 1212913018
890.826 4576.44 1212913074
1083.17 3990.01 1212913133
1225.88 3993.36 1212913178
1395.18 4004.53 1212913180
2481.02 4205.59 1212913241
2808.1 4250.27 1212913306
2844.44 4049.21 1212913362
2858.62 3955.38 1212913388
2700.84 4039.15 1212913448
2356.92 3724.17 1212913508
2058.21 3612.47 1212913568
2282.47 3793.42 1212913628
2453.54 3832.51 1212913689
2520.91 3410.31 1212913749
2563.45 3062.96 1212913810
2891.42 2621.82 1212913870
3280.55 2224.25 1212913931
3604.08 1895.93 1212913992
3671.45 1734.01 1212914022
3709.56 1777.56 1212914075
3706.02 1771.98 1212914079
3942.68 1920.5 1212914139
3819.47 2065.67 1212914199
3534.05 2345.97 1212914259
3087.31 2817.26 1212914319
2975.63 2932.29 1212914343
2799.23 3374.57 1212914403
2621.07 3583.43 1212914468
2239.92 3505.25 1212914524
2261.19 3529.82 1212914537
2483.68 3583.43 1212914597
2675.14 3535.41 1212914662
2710.59 3934.16 1212914715
2865.71 3943.09 1212914780
2862.17 3769.96 1212914840
2937.51 3523.12 1212914896
2788.6 3012.7 1212914956
2469.49 2692.18 1212915016
2062.64 2291.25 1212915076
1631.85 1862.43 1212915136
1303.89 1530.78 1212915192
1181.56 1407.95 1212915252
1186 952.377 1212915312
1221.45 477.85 1212915372
1084.95 164.118 1212915446
1084.06 164.118 1212915463
1084.95 163.002 1212915465
1206.38 353.919 1212915525
1212.59 351.686 1212915564
1236.52 367.316 1212915586
1187.77 1010.44 1212915646
911.213 1339.84 1212915706
869.553 1621.23 1212915767
820.801 1911.57 1212915832
771.163 2225.36 1212915889
692.274 2707.81 1212915953
655.045 2955.75 1212916009
597.43 3305.32 1212916074
508.79 3861.55 1212916134
335.057 4071.55 1212916191
335.943 4070.43 1212916200
431.674 4189.95 1212916255
481.312 4198.88 1212916272
918.305 4269.26 1212916332
1124.83 3705.18 1212916392
1414.69 3718.58 1212916454
1419.12 3719.7 1212916465
1383.66 4002.29 1212916525
1590.19 4020.16 1212916597
2374.65 4178.78 1212916645
2557.25 4206.7 1212916692
2414.54 4060.38 1212916752
2468.61 3685.08 1212916813
2124.69 2989.25 1212916940
1985.52 2968.03 1212916965
1755.06 2620.7 1212917025
1751.52 2502.32 1212917060
1730.24 2497.85 1212917062
1583.99 2746.9 1212917122
1400.5 2964.68 1212917182
1356.18 3228.26 1212917242
1317.18 3471.74 1212917303
1275.52 3721.93 1212917373
1369.48 4008.99 1212917433
2481.02 4197.77 1212917483
2758.46 4035.8 1212917544
2900.28 3835.86 1212917604
2902.94 3645.98 1212917667
2004.14 3403.61 1212917731
1365.05 3200.34 1212917786
1393.41 2951.28 1212917815
1391.64 2952.39 1212917816
1266.66 2847.41 1212917876
1302.11 2552.58 1212917936
1365.05 2178.46 1212917997
1405.82 1922.73 1212918062
1497.12 1454.85 1212918117
1374.8 1310.8 1212918177
1386.32 923.346 1212918237
1434.19 312.609 1212918297
1474.96 -251.195 1212918357
1279.07 -129.506 1212918418
1248.04 288.046 1212918478
1225.88 537.024 1212918543
1371.25 905.481 1212918599
1567.15 921.113 1212918660
1733.79 876.451 1212918720
1738.22 880.917 1212918781
1787.86 839.605 1212918842
1876.5 586.151 1212918902
2223.96 608.481 1212918963
2328.56 683.289 1212919024
2329.44 683.289 1212919084
2329.44 682.172 1212919150
2328.56 684.405 1212919205
2329.44 684.405 1212919266
2330.33 683.289 1212919326
2328.56 682.172 1212919392
2329.44 682.172 1212919447
2329.44 683.289 1212919508
2326.79 682.172 1212919569
2328.56 686.638 1212919631
2328.56 685.522 1212919694
2327.67 683.289 1212919752
2327.67 685.522 1212919812
2326.79 684.405 1212919873
2332.99 667.657 1212919917
2221.3 791.593 1212919977
2298.42 1125.45 1212920042
2707.94 470.034 1212920098
2895.85 -868.543 1212920164
2748.71 -1502.59 1212920190
2555.48 -2798.43 1212920246
2649.43 -3110.92 1212920309
2652.09 -3113.15 1212920366
2647.66 -3106.46 1212920426
2645.89 -3112.04 1212920487
