4215.69 -16061 1212108854
3507.46 -16257.1 1212108914
3017.29 -14908.7 1212108975
2679.57 -13408.6 1212109028
2551.04 -11906 1212109078
3391.35 -10629.4 1212109135
4181.12 -9337.03 1212109182
3984.34 -7816.92 1212109234
3722.86 -6355.65 1212109287
3277 -4893 1212109331
2880.78 -3464.69 1212109386
2533.32 -2014.92 1212109432
2881.67 -518.011 1212109494
2667.16 877.567 1212109546
2102.53 1047.29 1212109605
1934.11 1060.69 1212109665
1720.49 1065.15 1212109728
1641.6 1077.43 1212109786
1523.71 1099.77 1212109846
1392.53 1114.28 1212109907
1257.79 1141.08 1212109967
1163.84 1201.38 1212110028
1054.81 1479.41 1212110088
1017.58 1709.45 1212110149
733.048 1700.51 1212110209
500.813 1663.66 1212110270
-58.502 1576.56 1212110339
-416.605 1520.73 1212110364
-889.054 1440.33 1212110423
-1079.63 1617.88 1212110483
-1113.31 1763.05 1212110534
-1115.08 1760.81 1212110610
-1117.74 1763.05 1212110630
-1104.45 1734.01 1212110690
-1107.99 1731.78 1212110750
-1412.03 1681.53 1212110791
-1551.19 1892.58 1212110857
-1609.69 2224.25 1212110913
-1669.97 2577.14 1212110974
-1585.76 2924.47 1212111039
-1257.79 2979.2 1212111099
-436.106 3114.34 1212111159
-293.397 3137.79 1212111195
149.801 3208.16 1212111257
785.345 3307.56 1212111316
1143.45 3375.69 1212111377
1310.98 3391.33 1212111437
1333.14 3363.4 1212111470
1356.18 3199.22 1212111530
1412.91 2864.16 1212111590
1439.5 2687.71 1212111651
1492.69 2227.6 1212111711
1552.96 1954 1212111771
1425.32 1922.73 1212111831
1435.96 1697.16 1212111891
1434.19 1697.16 1212111910
1443.05 1697.16 1212111935
1381 1612.3 1212111985
1304.77 1719.5 1212112044
1253.36 2033.29 1212112105
1346.43 2223.13 1212112171
1373.91 2287.9 1212112209
1316.3 2612.88 1212112270
1607.92 2799.39 1212112330
1819.77 2831.78 1212112390
2221.3 2890.97 1212112450
2332.99 2879.8 1212112510
2418.97 2736.85 1212112573
2326.79 2771.47 1212112597
2299.31 2797.16 1212112657
2139.76 2987.02 1212112718
2076.82 3392.44 1212112778
2020.09 3772.2 1212112838
1846.36 3990.01 1212112899
1805.59 4097.24 1212112955
1805.59 4097.24 1212112957
1661.1 4072.66 1212113019
1491.8 4265.91 1212113078
1440.39 4577.56 1212113142
1393.41 4894.81 1212113202
1360.62 5080.25 1212113267
1517.51 5130.52 1212113318
1737.33 4940.61 1212113379
2113.16 4607.72 1212113443
2316.15 4447.98 1212113503
2392.38 4361.97 1212113542
2489.88 4278.19 1212113586
2746.94 4055.91 1212113652
2879.9 3892.83 1212113715
3240.66 3921.87 1212113773
3317.77 3901.76 1212113809
3330.18 3906.23 1212113827
3275.23 3672.79 1212113883
3194.57 3589.02 1212113943
3006.65 3328.78 1212114003
2725.66 3279.64 1212114063
2729.21 3276.29 1212114123
2730.98 3272.93 1212114131
2725.66 3280.75 1212114191
2566.11 3240.54 1212114251
2555.48 3255.06 1212114263
2411.88 3258.42 1212114323
1813.56 3160.13 1212114378
1181.56 3057.38 1212114439
1076.08 3080.83 1212114499
1052.15 3327.66 1212114562
1053.04 3327.66 1212114564
1126.61 3350 1212114623
1269.32 3390.21 1212114683
1264.88 3401.38 1212114743
1331.36 3392.44 1212114803
1606.15 3442.7 1212114865
2101.64 3522 1212114925
2208.89 3557.75 1212114986
2214.21 3553.28 1212115046
2202.69 3568.91 1212115107
2188.51 3587.9 1212115167
2189.39 3591.25 1212115228
2189.39 3591.25 1212115233
2204.46 3421.48 1212115294
1732.01 3368.99 1212115354
1242.73 3272.93 1212115414
927.169 3224.91 1212115480
472.448 3143.38 1212115535
-331.512 3009.35 1212115595
-1036.2 2844.06 1212115655
-1048.6 2293.49 1212115715
-960.852 1751.88 1212115776
-1626.53 1651.38 1212115836
-2013.89 1574.33 1212115896
-2960.56 1468.25 1212115958
-3571.28 1430.28 1212116020
-4639.39 1362.17 1212116079
-5143.75 1346.54 1212116139
-5145.52 1365.52 1212116162
-5164.13 1488.35 1212116222
-5243.02 1544.18 1212116282
-5279.37 1868.01 1212116339
-5296.21 2147.19 1212116397
-4885.81 2186.28 1212116457
-4554.29 2210.85 1212116518
-4252.03 2227.6 1212116582
-3791.11 2239.88 1212116642
-3686.51 2259.98 1212116702
-3601.42 2268.92 1212116763
-3262.82 2286.78 1212116823
-2646.77 2324.75 1212116893
-2247.9 2340.39 1212116928
-1407.59 2421.91 1212116988
-1225.88 2444.25 1212117048
-1222.34 2447.6 1212117108
-1222.34 2463.23 1212117176
-1224.11 2452.07 1212117242
-1225.88 2447.6 1212117293
-1232.09 2434.2 1212117348
-1225.88 2457.65 1212117409
-1222.34 2459.88 1212117474
-1226.77 2440.9 1212117521
-1225.88 2440.9 1212117582
-1227.66 2439.78 1212117643
-1226.77 2444.25 1212117704
-1227.66 2444.25 1212117764
-1232.09 2435.31 1212117841
-1236.52 2424.15 1212117891
-1232.09 2438.66 1212117944
-1224.11 2454.3 1212118008
-1228.54 2439.78 1212118066
-1228.54 2443.13 1212118126
-1225 2453.18 1212118186
-1228.54 2442.01 1212118246
-1228.54 2438.66 1212118306
-1230.32 2447.6 1212118366
-1225.88 2449.83 1212118427
-1231.2 2444.25 1212118487
-1227.66 2445.36 1212118552
-1230.32 2437.55 1212118609
-1232.09 2439.78 1212118670
-1232.09 2438.66 1212118730
-1232.09 2438.66 1212118747
-1232.09 2435.31 1212118790
-1230.32 2445.36 1212118850
-1229.43 2445.36 1212118914
-1230.32 2446.48 1212118974
-1230.32 2446.48 1212119034
-1234.75 2444.25 1212119094
-1230.32 2444.25 1212119155
-1229.43 2444.25 1212119217
-1230.32 2445.36 1212119277
-1228.54 2444.25 1212119342
-1228.54 2444.25 1212119397
-1228.54 2443.13 1212119457
-1228.54 2442.01 1212119518
-1227.66 2442.01 1212119577
-1230.32 2443.13 1212119637
-741.026 2519.07 1212119698
-373.172 2571.56 1212119752
-18.6143 2645.27 1212119811
749.003 2773.7 1212119877
1081.4 2735.73 1212119932
1210.81 2737.96 1212119992
1474.96 2785.99 1212120052
1685.92 2812.79 1212120112
1951.84 2856.35 1212120156
2246.12 2898.79 1212120221
2459.74 2917.77 1212120257
2424.29 3011.59 1212120317
2399.47 3328.78 1212120377
2787.71 3422.6 1212120447
2738.07 3811.29 1212120497
3148.47 4027.98 1212120557
3142.27 3937.51 1212120618
3133.4 3834.75 1212120683
3137.84 3795.65 1212120739
3151.13 3566.68 1212120800
3534.94 3134.44 1212120869
3730.83 2932.29 1212120919
3688.29 2799.39 1212120979
3460.48 2564.86 1212121039
3209.63 2312.47 1212121114
2681.34 1756.35 1212121160
2666.27 260.134 1212121217
2815.19 -1255.9 1212121273
2544.84 -2756.02 1212121327
3010.2 -3974.67 1212121374
3519.87 -5385.04 1212121426
3789.34 -6869.91 1212121478
4057.03 -8357.86 1212121529
3955.09 -9837.73 1212121581
2853.3 -11074.3 1212121635
2572.32 -12559.2 1212121690
2829.37 -14068.4 1212121741
3141.38 -15565.1 1212121809
3865.57 -16223.6 1212121865
4463 -16143.4 1212121925
4422.22 -15862.6 1212121985
4422.22 -15862.6 1212122023
4434.63 -15828.1 1212122075
4288.38 -15883.8 1212122152
4225.44 -15975.2 1212122166
4003.84 -16167.9 1212122227
