2912.69 -14120.8 1212091751
2798.35 -11152.3 1212091856
4106.67 -9554.49 1212091927
4019.8 -8024.38 1212091983
3751.22 -6525.22 1212092047
3363.87 -5059.25 1212092091
3363.87 -5059.25 1212092105
2929.53 -3609.77 1212092145
2795.69 -1374.22 1212092234
2651.21 -109.41 1212092298
2631.71 1256.09 1212092357
2503.18 1813.3 1212092421
2168.12 2155.01 1212092456
1867.63 2098.06 1212092515
1867.63 2098.06 1212092550
1631.85 1850.15 1212092605
1354.41 1585.5 1212092668
1002.51 1235.99 1212092724
684.297 917.764 1212092789
256.168 492.364 1212092849
40.7741 222.174 1212092894
40.7741 222.174 1212092921
149.801 91.5484 1212092972
69.1388 8.93151 1212093017
66.4796 70.3359 1212093056
257.941 471.15 1212093151
591.225 803.875 1212093258
586.793 1036.12 1212093379
483.971 1231.52 1212093442
351.012 1317.5 1212093516
439.652 1489.46 1212093558
411.287 1640.21 1212093629
355.444 2028.82 1212093683
310.238 2262.22 1212093752
265.032 2488.92 1212093808
244.645 2764.77 1212093871
217.167 2932.29 1212093934
192.348 3040.63 1212093988
187.916 3113.22 1212094054
180.824 3116.57 1212094074
-13.2959 3189.17 1212094229
-390.014 3128.86 1212094299
-482.199 3500.78 1212094349
-889.94 3452.75 1212094411
-1167.38 3409.2 1212094471
-1181.56 3410.31 1212094526
-1215.25 3401.38 1212094537
-1278.18 2991.48 1212094633
-995.421 3024.99 1212094701
-654.159 3083.07 1212094744
-399.764 2950.16 1212094804
-382.922 2884.27 1212094835
-340.375 2729.03 1212094895
-412.173 2702.23 1212094948
-420.151 2701.11 1212095069
-414.833 2696.64 1212095120
-411.287 2696.64 1212095182
-401.537 2701.11 1212095230
-397.105 2702.23 1212095282
-397.105 2702.23 1212095295
-408.628 2691.06 1212095342
-168.415 2727.91 1212095408
253.509 2796.04 1212095522
197.666 2788.22 1212095583
153.346 2383.94 1212095650
183.484 2198.56 1212095712
330.625 2179.58 1212095752
330.625 2179.58 1212095754
330.625 2198.56 1212095814
258.827 2553.69 1212095879
236.667 2783.75 1212095937
602.748 2851.88 1212095997
1013.15 2917.77 1212096057
1340.23 3020.52 1212096117
1723.15 3084.18 1212096183
1717.83 3032.81 1212096238
1717.83 3020.52 1212096300
1724.92 3043.98 1212096360
1833.95 3043.98 1212096421
1788.74 2922.24 1212096481
1469.64 2888.74 1212096543
1481.17 2867.52 1212096602
1471.41 2867.52 1212096667
1413.8 2854.11 1212096728
1392.53 3027.22 1212096776
1373.02 3148.96 1212096840
1340.23 3347.77 1212096895
1419.12 3406.96 1212096955
1423.55 3409.2 1212096960
1600.83 3439.35 1212097021
1650.47 3299.74 1212097063
1796.72 3344.42 1212097122
1705.42 3565.56 1212097183
1501.55 3534.29 1212097243
1500.67 3532.06 1212097303
1500.67 3533.17 1212097365
1488.26 3576.73 1212097391
1252.48 3492.96 1212097450
990.103 3515.3 1212097510
916.532 4024.63 1212097576
842.961 4545.17 1212097709
546.905 4639 1212097751
354.558 4606.6 1212097811
353.671 4607.72 1212097854
353.671 4612.19 1212097911
353.671 4612.19 1212097970
352.785 4608.84 1212098023
354.558 4608.84 1212098054
356.331 4609.95 1212098055
-10.6367 4549.63 1212098115
-242.872 4513.89 1212098176
-507.018 4475.91 1212098237
-589.452 4464.74 1212098310
-390.9 4487.08 1212098366
-359.876 4488.2 1212098393
-210.962 4504.95 1212098464
173.733 4584.26 1212098511
535.382 4637.88 1212098571
990.103 4817.73 1212098633
1264 4760.76 1212098693
1264 4760.76 1212098711
1505.98 4793.16 1212098753
1538.78 4800.98 1212098796
1538.78 4800.98 1212098797
1815.34 4844.54 1212098871
2046.68 4662.46 1212098927
2141.53 4595.43 1212098945
1763.92 4515 1212099028
1713.4 4506.07 1212099093
1714.29 4506.07 1212099140
1714.29 4506.07 1212099146
1474.96 4347.45 1212099203
1555.62 3844.8 1212099263
1613.24 3581.2 1212099323
1633.62 3482.91 1212099383
1641.6 3334.36 1212099443
1704.54 2935.64 1212099509
1772.79 2567.09 1212099564
1542.33 2471.05 1212099625
1496.23 2361.61 1212099685
1529.92 2194.1 1212099757
1570.69 1905.98 1212099809
1666.42 1770.86 1212099867
1730.24 1696.05 1212099927
1674.4 1615.65 1212099994
1600.83 1520.73 1212100048
1582.21 1527.43 1212100108
1468.76 1656.96 1212100172
1522.83 2042.22 1212100228
1539.67 2137.14 1212100279
1539.67 2137.14 1212100284
1538.78 2137.14 1212100301
1562.71 2254.4 1212100360
1754.17 2286.78 1212100420
1809.13 2266.68 1212100482
1825.09 2169.53 1212100510
1872.07 2073.49 1212100569
2122.91 1806.6 1212100629
2251.44 1670.36 1212100661
2371.99 1547.53 1212100722
2262.08 1366.63 1212100783
2418.08 1087.48 1212100843
2672.48 829.556 1212100903
2660.07 259.018 1212100964
2853.3 -1090.69 1212101024
2455.31 -2519.41 1212101095
2681.34 -3132.13 1212101150
2649.43 -3095.3 1212101209
2648.55 -3100.88 1212101265
2650.32 -3099.76 1212101326
2650.32 -3095.3 1212101385
2649.43 -3089.72 1212101445
2647.66 -3094.18 1212101505
2647.66 -3094.18 1212101519
2652.09 -3091.95 1212101575
2654.75 -3100.88 1212101626
2588.27 -3146.63 1212101686
2645.89 -3394.39 1212101746
2565.23 -3277.21 1212101806
