4197.96 -16068.8 1211341767
3362.09 -16261.5 1211341831
2981.83 -14776.1 1211341874
2661.84 -13303.8 1211341922
2550.16 -11780 1211341974
3469.35 -10530.2 1211342022
4196.19 -9182.02 1211342061
3956.86 -7692 1211342106
3686.51 -6184.97 1211342154
3235.34 -4751.3 1211342205
2796.57 -3302.87 1211342253
2664.5 -1803.97 1211342313
2830.26 -331.575 1211342368
2538.63 999.273 1211342428
1245.38 1141.08 1211342493
990.989 1735.13 1211342554
496.381 1663.66 1211342609
294.283 1428.05 1211342685
275.669 1200.26 1211342721
275.669 1201.38 1211342785
265.032 1199.14 1211342793
613.385 1250.51 1211342853
886.394 1397.9 1211342908
1113.31 1243.81 1211342969
1652.24 1058.45 1211343003
2656.52 244.504 1211343064
2444.68 -2387.71 1211343153
2964.99 -3806.17 1211343196
3458.71 -5238.89 1211343239
3769.84 -6732.7 1211343283
4044.62 -8266.4 1211343327
4002.96 -9750.75 1211343374
3036.79 -10922.6 1211343429
2563.45 -12359.7 1211343476
3068.7 -15314.4 1211343568
3863.79 -16219.2 1211343628
