4442.61 -16015.3 1211872746
4431.97 -16019.7 1211872808
4436.4 -16015.3 1211872923
4433.74 -16016.4 1211872988
4429.31 -16017.5 1211873046
4421.34 -16010.8 1211873123
4358.4 -16182.4 1211873183
4419.56 -15866 1211873247
4283.06 -15927.3 1211873335
3039.45 -14925.5 1211873455
2684 -13430.9 1211873504
2549.27 -11893.7 1211873562
3372.73 -10631.6 1211873604
4182.9 -9340.38 1211873653
3989.66 -7821.38 1211873702
3716.65 -6299.87 1211873756
3270.8 -4843.91 1211873802
2862.17 -3363.14 1211873851
3222.04 -2220.29 1211873911
3941.8 -912.079 1211873952
3758.31 576.102 1211874003
3573.06 1674.83 1211874063
4205.06 2338.16 1211874123
4221.01 3247.25 1211874183
4007.39 3536.52 1211874244
3671.45 3968.78 1211874304
3401.98 4344.1 1211874344
3077.56 4806.56 1211874404
3048.31 4996.47 1211874464
3039.45 4981.95 1211874483
3036.79 4986.42 1211874502
3031.47 4986.42 1211874562
3036.79 4974.13 1211874587
3008.42 5044.51 1211874646
2994.24 4936.14 1211874706
3207.86 4574.21 1211874766
3542.03 4098.35 1211874835
3651.06 3914.05 1211874886
4217.46 3156.78 1211874948
4033.98 2161.71 1211875010
3799.97 1939.48 1211875069
3387.8 989.224 1211875129
3834.54 -445.447 1211875187
3438.32 -1915.58 1211875243
2292.22 -2857.58 1211875298
872.212 -3183.46 1211875351
-575.27 -3470.27 1211875398
-1200.18 -4884.08 1211875449
-2508.5 -5526.74 1211875507
-3116.56 -6124.72 1211875568
