3697.15 -927.708 1211670817
3696.26 -926.591 1211670855
3696.26 -925.475 1211670915
3719.31 -918.777 1211671013
3737.93 -967.895 1211671074
3737.93 -966.778 1211671135
3737.04 -966.778 1211671195
3737.93 -966.778 1211671259
3737.93 -966.778 1211671316
3737.93 -965.662 1211671377
3737.93 -965.662 1211671430
3725.52 -946.685 1211671493
3724.63 -947.801 1211671550
3725.52 -947.801 1211671610
3724.63 -947.801 1211671670
3709.56 -905.381 1211671732
3658.15 -977.942 1211671792
3657.26 -979.058 1211671853
3657.26 -977.942 1211671913
3657.26 -977.942 1211671974
3658.15 -977.942 1211672039
3658.15 -980.174 1211672095
3658.15 -979.058 1211672160
3658.15 -981.29 1211672217
3657.26 -977.942 1211672277
3658.15 -977.942 1211672301
3659.04 -979.058 1211672361
3596.99 -986.872 1211672421
3578.37 -1144.27 1211672481
3977.25 -1126.41 1211672542
3875.32 -480.054 1211672601
3572.17 809.458 1211672665
3269.91 1822.23 1211672747
3269.91 1822.23 1211672767
3603.19 1888.11 1211672806
3795.54 2072.37 1211672868
3994.09 2275.62 1211672929
3815.93 2488.92 1211672993
3808.84 2467.7 1211673013
3457.82 2888.74 1211673069
3109.47 3085.3 1211673133
2959.67 2980.32 1211673190
2673.37 2876.45 1211673209
2851.53 2942.34 1211673250
2851.53 3021.64 1211673312
2824.94 3213.74 1211673372
2814.3 3328.78 1211673433
2791.26 3573.38 1211673490
2737.19 3828.05 1211673552
2643.23 4144.15 1211673609
2420.74 4329.58 1211673669
2427.83 4318.41 1211673714
2427.83 4319.52 1211673716
2427.83 4317.29 1211673753
2255.87 4487.08 1211673809
1980.21 4450.22 1211673868
1601.71 4399.95 1211673928
1182.45 4281.54 1211673991
1203.72 4167.61 1211674033
1202.84 4167.61 1211674038
1211.7 4132.98 1211674098
1483.82 4149.74 1211674158
1632.74 4385.43 1211674218
2036.93 4444.63 1211674277
2018.32 4694.85 1211674343
1699.22 4981.95 1211674398
1544.99 5122.7 1211674459
1644.26 5237.77 1211674519
1645.15 5237.77 1211674530
1787.86 5183.03 1211674590
1654.01 5132.76 1211674641
1369.48 5089.19 1211674701
917.418 5017.69 1211674761
939.578 4825.55 1211674833
1006.94 4385.43 1211674923
1007.83 4379.84 1211674929
1005.17 4372.02 1211674939
1051.26 4158.67 1211675001
1147.88 3526.47 1211675062
1162.06 3395.79 1211675122
1176.25 3279.64 1211675185
1276.41 2754.72 1211675240
1312.75 2553.69 1211675303
1381.89 2058.97 1211675366
1436.85 1665.9 1211675420
1183.34 1410.18 1211675480
1188.65 901.015 1211675606
1215.25 573.869 1211675661
1217.02 542.607 1211675711
1215.25 541.49 1211675713
1041.51 519.16 1211675776
616.044 583.918 1211675834
589.452 930.046 1211675900
576.156 1105.35 1211675957
406.855 1329.79 1211676016
339.489 1317.5 1211676036
288.078 1512.91 1211676098
696.706 1574.33 1211676157
991.875 1631.28 1211676220
1274.64 1881.41 1211676279
1209.93 2303.54 1211676339
1107.11 3017.17 1211676400
1010.49 3530.94 1211676462
1443.05 3925.22 1211676581
1520.17 3947.56 1211676608
1483.82 4332.93 1211676666
1606.15 4380.96 1211676726
1606.15 4379.84 1211676735
1684.15 3974.37 1211676794
1738.22 3628.11 1211676854
1756.83 3473.98 1211676914
1645.15 3451.64 1211676980
1568.92 3786.72 1211677040
1518.39 4129.63 1211677101
1638.94 4388.78 1211677160
2046.68 4525.06 1211677220
2019.21 4666.93 1211677284
1760.38 4936.14 1211677341
1498.01 5162.92 1211677404
1560.05 5235.54 1211677462
1559.17 5232.18 1211677473
1574.24 5121.59 1211677537
1529.03 4926.09 1211677594
1604.37 4449.1 1211677716
1620.33 4344.1 1211677742
1686.81 3973.25 1211677802
1727.58 3697.36 1211677863
1763.92 3503.02 1211677925
1911.07 3484.03 1211677986
1945.64 3304.21 1211678047
2018.32 2966.91 1211678103
2280.69 2696.64 1211678165
2431.38 2667.61 1211678226
2431.38 2665.37 1211678253
2430.49 2665.37 1211678258
2374.65 2600.6 1211678320
2183.19 2802.74 1211678379
2145.07 2943.46 1211678453
2175.21 3028.34 1211678677
2192.05 3109.87 1211678738
2398.58 3109.87 1211678799
2389.72 3095.35 1211678857
2440.24 3108.75 1211678889
2505.84 3151.2 1211678954
2801.89 3214.86 1211679009
2802.78 3361.17 1211679074
2735.41 3764.38 1211679129
2642.34 4151.97 1211679189
2527.11 4255.85 1211679249
2350.72 4411.12 1211679313
2350.72 4411.12 1211679338
2350.72 4411.12 1211679340
2061.75 4661.34 1211679404
1631.85 5038.92 1211679460
1490.03 5202.02 1211679521
1610.58 5236.65 1211679581
1833.06 5267.93 1211679642
1838.38 5267.93 1211679655
1943.86 5137.23 1211679715
2387.95 5145.05 1211679775
2607.77 5177.44 1211679804
2944.6 4927.21 1211679863
3074.02 4300.53 1211679928
3173.29 3585.67 1211679986
3133.4 3620.29 1211680016
3113.9 3641.51 1211680021
3113.02 3632.58 1211680055
3076.68 3578.97 1211680109
2933.08 3207.04 1211680234
3100.61 3104.29 1211680289
3546.46 2729.03 1211680349
3837.2 2452.07 1211680416
3554.44 2122.62 1211680470
3554.44 2120.39 1211680490
3554.44 2120.39 1211680492
3569.51 1931.67 1211680557
3665.24 1940.6 1211680613
3799.09 2069.02 1211680673
4002.96 2270.03 1211680735
4002.07 2295.72 1211680749
3744.13 2549.23 1211680809
3463.14 2808.32 1211680870
3074.9 3006 1211680930
2810.76 3003.77 1211680991
2665.39 2863.05 1211681052
2470.38 2699.99 1211681117
2465.95 2687.71 1211681174
2365.79 2599.48 1211681218
2328.56 2591.66 1211681222
2192.94 2650.85 1211681283
2363.13 3065.2 1211681405
2379.97 3138.91 1211681465
2391.49 3136.68 1211681528
2409.22 3137.79 1211681586
2434.04 3086.42 1211681704
2448.22 3075.25 1211681764
2447.34 3074.13 1211681768
2349.83 3019.41 1211681889
2170.78 2969.15 1211681950
1420 2869.75 1211682080
1286.16 2867.52 1211682132
1156.74 2835.13 1211682193
1100.02 2972.5 1211682235
1068.11 3203.69 1211682256
952.874 3871.61 1211682315
848.279 4540.7 1211682373
793.323 4873.59 1211682433
417.492 4836.72 1211682494
179.052 5031.1 1211682558
280.987 5066.85 1211682617
280.987 5066.85 1211682626
202.984 4816.61 1211682679
-54.9565 4751.82 1211682739
-72.6843 4560.8 1211682799
-316.443 4499.37 1211682861
-327.966 4397.71 1211682925
-77.1163 4323.99 1211682980
-4.43197 4254.74 1211683015
416.605 4296.06 1211683075
729.503 4308.35 1211683136
779.141 4019.05 1211683193
863.348 3484.03 1211683257
1133.7 3368.99 1211683316
1458.12 3418.13 1211683378
1880.93 3484.03 1211683437
2149.51 3547.69 1211683500
2475.7 3577.85 1211683557
2502.29 3538.76 1211683579
2503.18 3534.29 1211683581
2565.23 3269.58 1211683736
2303.74 3229.38 1211683779
1817.99 3190.29 1211683842
1771.02 3456.11 1211683881
1708.97 3841.45 1211683938
1634.51 4287.13 1211684000
1578.67 4663.57 1211684059
1529.03 4971.89 1211684119
1498.89 5109.3 1211684179
1371.25 5095.89 1211684239
1340.23 5094.78 1211684279
1340.23 5094.78 1211684284
1201.95 5136.11 1211684347
1320.73 5185.26 1211684406
1615.01 5215.43 1211684466
1767.47 5327.14 1211684527
1724.92 5365.13 1211684585
1633.62 5349.49 1211684645
1395.18 5307.03 1211684711
1346.43 5148.4 1211684769
1201.95 5123.82 1211684829
1298.57 5178.56 1211684890
1337.57 5188.62 1211684949
1521.05 5122.7 1211685009
1698.33 5140.58 1211685070
1837.5 5161.8 1211685130
1922.59 5170.74 1211685191
1971.34 5180.8 1211685257
1979.32 5180.8 1211685315
1977.55 5181.91 1211685374
1980.21 5177.44 1211685432
1979.32 5177.44 1211685494
1974.89 5179.68 1211685554
2199.14 5110.42 1211685615
2781.51 5073.55 1211685675
2997.79 4690.38 1211685741
3073.13 3590.14 1211685919
3003.99 3459.46 1211685977
2703.5 3300.86 1211686037
2497.86 3249.48 1211686100
2279.81 3079.72 1211686165
2403.02 3152.31 1211686218
2426.06 3036.16 1211686281
2367.56 3021.64 1211686338
2304.63 3029.46 1211686401
2310.83 2909.96 1211686459
2468.61 2831.78 1211686561
2578.52 2827.31 1211686621
2598.02 2802.74 1211686681
2473.93 2685.47 1211686741
2270.94 2486.69 1211686801
2074.16 2281.2 1211686865
1872.95 2089.12 1211686930
1670.85 1887 1211686984
1510.42 1761.93 1211687044
1415.57 1882.53 1211687105
1111.54 1876.95 1211687166
842.961 1735.13 1211687226
862.462 1632.4 1211687253
771.163 1385.62 1211687309
510.563 1346.54 1211687369
347.467 1313.04 1211687429
-105.481 1248.27 1211687490
-164.869 1528.55 1211687552
-234.008 1954 1211687610
-277.441 2214.2 1211687673
-378.49 2803.86 1211687731
-312.897 3132.21 1211687792
117.89 3201.45 1211687851
172.847 3121.04 1211687890
204.757 2944.58 1211687950
779.141 2878.68 1211688070
1011.38 2927.82 1211688132
1412.03 2998.19 1211688193
1932.34 3066.31 1211688258
2381.74 3148.96 1211688312
2434.93 3061.85 1211688373
2302.85 3030.57 1211688436
2153.05 3008.24 1211688496
1852.56 3006 1211688568
2072.39 3067.43 1211688621
2248.78 3152.31 1211688685
2280.69 2848.53 1211688748
2336.54 2708.93 1211688806
2590.93 2514.61 1211688864
2975.63 2122.62 1211688925
2748.71 1856.85 1211688988
2701.73 656.492 1211689046
2894.08 -734.583 1211689110
2455.31 -2180.11 1211689162
2899.4 -3623.16 1211689215
3228.25 -4968.88 1211689277
2885.21 -5345.99 1211689396
2903.83 -5349.34 1211689516
2698.18 -5719.75 1211689582
2375.54 -6129.19 1211689643
1554.74 -5846.93 1211689698
1388.98 -5793.38 1211689759
1349.98 -5893.79 1211689824
1363.27 -5935.07 1211689858
1363.27 -5935.07 1211689870
2169.89 -6066.71 1211689999
2709.71 -5752.1 1211690053
3116.56 -5248.93 1211690113
3098.83 -4173.3 1211690172
2646.77 -1855.31 1211690276
2499.63 -1262.59 1211690336
2083.03 -1316.17 1211690399
1567.15 -1328.45 1211690457
1546.76 -1050.5 1211690513
1433.3 -888.637 1211690579
1146.99 -908.73 1211690633
1119.52 -713.373 1211690698
1085.83 -224.401 1211690754
883.735 148.488 1211690815
460.039 117.227 1211690876
116.118 92.6649 1211690939
115.231 90.432 1211690958
115.231 90.432 1211690971
47.8653 241.154 1211691032
171.074 391.879 1211691092
374.058 588.384 1211691154
522.973 740.232 1211691212
717.093 932.279 1211691272
947.556 1162.29 1211691332
1073.42 1291.82 1211691378
1323.39 1536.36 1211691436
1568.92 1789.85 1211691496
1734.67 2036.64 1211691557
1960.7 2217.55 1211691588
2180.53 2412.98 1211691649
2382.63 2608.42 1211691705
2541.29 2744.67 1211691766
2756.69 2957.98 1211691826
2737.19 2987.02 1211691852
2738.96 2985.9 1211691854
2628.16 2932.29 1211691914
2551.93 2839.59 1211691964
2223.08 2583.85 1211692027
2177.87 2674.31 1211692085
2145.96 3022.76 1211692142
2073.28 3399.14 1211692204
2203.58 3567.8 1211692326
2192.94 3563.33 1211692345
2213.33 3440.47 1211692405
2255.87 3171.3 1211692467
2416.31 3109.87 1211692529
2358.7 3077.48 1211692587
2416.31 2964.68 1211692649
2562.57 2865.28 1211692766
2578.52 2868.63 1211692829
2477.47 2750.25 1211692890
2325.9 2497.85 1211692950
2069.73 2302.42 1211693015
1902.2 2139.38 1211693039
1723.15 1971.87 1211693103
1230.32 1892.58 1211693159
1123.06 1826.7 1211693222
727.73 1690.46 1211693280
78.0027 1582.15 1211693342
-576.156 1481.65 1211693400
-905.009 1116.51 1211693511
-1130.15 1084.13 1211693571
-1132.81 1084.13 1211693604
-1253.36 1064.03 1211693615
-1408.48 1046.17 1211693648
-1262.23 1170.11 1211693706
-741.912 1251.62 1211693769
-240.213 1335.37 1211693829
-148.028 1340.95 1211693855
-148.028 1340.95 1211693868
-148.914 1459.31 1211693923
-188.802 1611.18 1211693945
-203.871 1786.5 1211694005
-226.917 2077.96 1211694067
460.039 2194.1 1211694125
1108.88 2291.25 1211694193
1487.37 2361.61 1211694312
2161.03 2995.95 1211694490
2158.37 3001.54 1211694509
2159.26 3003.77 1211694514
2223.08 3083.07 1211694573
2235.49 3008.24 1211694632
2239.03 2920.01 1211694676
2296.65 2798.27 1211694739
2144.19 2799.39 1211694796
2126.46 2823.96 1211694860
2137.1 2825.08 1211694924
2147.73 2837.36 1211694979
2152.17 2840.71 1211695044
2145.07 2842.95 1211695097
2143.3 2846.3 1211695157
2204.46 2885.38 1211695239
2283.35 2892.09 1211695300
2584.73 2936.76 1211695358
2672.48 3148.96 1211695424
2714.14 3182.47 1211695482
2722.12 4053.67 1211695607
2761.12 4243.56 1211695720
2843.55 4149.74 1211695780
2844.44 4121.81 1211695818
2844.44 4121.81 1211695820
2855.96 4157.56 1211695846
2816.08 4074.9 1211695908
2516.47 4291.6 1211695966
2255.87 4490.43 1211696028
1665.54 5028.87 1211696088
1662.88 5043.39 1211696156
1661.1 5043.39 1211696204
1660.22 5053.44 1211696216
1577.78 5080.25 1211696272
1769.24 4910.45 1211696329
2130.89 4594.32 1211696392
2342.74 4421.17 1211696450
2440.24 4318.41 1211696517
2449.99 4308.35 1211696563
2375.54 4350.8 1211696618
2373.76 4349.68 1211696626
2451.77 4312.82 1211696683
2513.81 4260.32 1211696732
2520.91 4252.5 1211696752
2546.61 4231.28 1211696784
2250.56 4167.61 1211696844
1397.84 4023.52 1211696905
983.898 3950.91 1211696967
819.915 3938.62 1211697024
359.876 3859.32 1211697084
-522.973 3787.83 1211697204
-599.203 4202.24 1211697265
-612.499 4308.35 1211697303
-616.931 4363.09 1211697318
-381.15 4488.2 1211697378
-348.353 4490.43 1211697403
-439.652 4268.14 1211697458
-542.473 3836.98 1211697541
-479.539 3438.24 1211697602
-435.22 3159.01 1211697665
-834.984 3057.38 1211697719
-1410.25 2965.8 1211697784
-1841.93 2898.79 1211697844
-2551.04 2561.51 1211697959
-2549.27 2548.11 1211697981
-2551.04 2550.34 1211698000
-2556.36 2559.28 1211698099
-2375.54 2326.99 1211698187
-2412.77 2124.86 1211698246
-2850.64 2099.17 1211698305
-3241.54 2055.62 1211698361
-3216.73 1629.05 1211698422
-3866.45 1328.67 1211698486
-3704.24 656.492 1211698542
-4120.85 569.403 1211698602
-4761.71 535.908 1211698662
-5334.32 180.865 1211698726
-5272.27 -938.871 1211698784
-5244.8 -1999.3 1211698896
-5232.39 -1999.3 1211698897
-5202.25 -1930.09 1211698917
-5235.93 -1373.1 1211698978
-5258.09 -749.096 1211699038
-5521.35 -649.741 1211699099
-5524.9 -608.436 1211699134
-5524.9 -608.436 1211699250
-5518.69 -609.553 1211699310
-5518.69 -609.553 1211699367
-5521.35 -607.32 1211699428
-5521.35 -606.204 1211699488
-5310.39 -543.687 1211699546
-5304.18 -138.437 1211699606
-4914.17 102.713 1211699672
-4525.04 303.677 1211699732
-3968.39 574.986 1211699810
-1800.27 874.218 1211700007
289.851 1474.95 1211700224
357.217 1106.47 1211700285
592.998 871.985 1211700340
592.998 871.985 1211700378
614.271 596.2 1211700381
840.302 322.657 1211700445
1015.81 336.055 1211700509
1035.31 338.288 1211700552
1039.74 338.288 1211700553
