3547.35 3228.26 1212706421
3578.37 3124.39 1212706451
3595.22 3088.65 1212706457
3610.28 3076.37 1212706459
3628.9 3059.61 1212706466
3799.97 2864.16 1212706528
3841.63 2826.19 1212706586
4479.84 3451.64 1212706648
5642.79 4859.06 1212706709
6058.51 5324.91 1212706763
8614.87 6675.67 1212706832
10077.4 6946.08 1212706883
11545.3 7194.14 1212706941
11955.7 6099.14 1212707000
12123.2 4694.85 1212707063
13568 4609.95 1212707112
14890.5 3962.08 1212707162
16179.4 3221.56 1212707232
19554.7 180.865 1212707392
20402.1 -1047.15 1212707454
21086.4 -2238.15 1212707516
21076.7 -2879.9 1212707570
20753.2 -3686.77 1212707631
20824.1 -4194.5 1212707693
19803.8 -4942.1 1212707751
19772.8 -5351.57 1212707811
19834.8 -5375 1212707847
19834.8 -5375 1212707849
20178.8 -5007.93 1212707910
21029.7 -3649.94 1212708031
