3663.47 -952.266 1212234438
3675.88 -972.36 1212234465
3674.99 -972.36 1212234493
3657.26 -912.079 1212234553
3576.6 -1006.97 1212234614
3416.16 -1162.13 1212234674
2461.52 -1300.55 1212234745
2061.75 -1312.83 1212234805
1565.37 -1317.29 1212234866
1535.24 -973.476 1212234926
1498.01 -458.843 1212234987
1459.89 60.2879 1212235048
1435.96 357.268 1212235108
1416.46 528.092 1212235171
1451.03 22.3288 1212235229
1491.8 -503.498 1212235292
1531.69 -998.035 1212235351
1560.05 -1308.36 1212235410
1334.02 -1743.69 1212235471
1174.47 -2065.15 1212235531
1237.41 -1946.84 1212235592
1430.64 -1575.14 1212235652
1536.12 -1355.24 1212235713
1532.58 -931.057 1212235775
1530.8 -889.753 1212235834
1519.28 -884.171 1212235856
1505.1 -712.257 1212235916
1505.98 -520.244 1212235976
1501.55 -531.407 1212236036
1500.67 -521.36 1212236097
1672.63 -343.856 1212236153
1672.63 -343.856 1212236155
1630.97 -880.822 1212236236
1139.02 -913.196 1212236355
646.182 -944.452 1212236415
655.045 -944.452 1212236476
653.273 -944.452 1212236533
649.727 -948.918 1212236594
210.962 -979.058 1212236654
114.345 -621.832 1212236714
76.2299 -97.1296 1212236774
66.4796 71.4524 1212236834
64.7068 74.8017 1212236851
64.7068 73.6853 1212236898
63.8204 71.4524 1212236958
57.6156 73.6853 1212237021
62.0476 98.2472 1212237078
69.1388 -78.1503 1212237139
92.185 85.9662 1212237199
54.9565 252.319 1212237261
117.89 448.82 1212237321
199.439 454.403 1212237342
217.167 629.695 1212237403
217.167 615.181 1212237463
208.303 698.92 1212237524
171.961 818.39 1212237560
59.3884 800.525 1212237614
62.0476 798.292 1212237674
61.1612 796.059 1212237690
492.835 841.838 1212237747
582.361 840.721 1212237807
805.733 685.522 1212237867
1077.86 520.277 1212237928
1381.89 541.49 1212237963
1381.89 541.49 1212237967
1381.89 539.257 1212238025
1496.23 550.423 1212238085
1629.19 217.708 1212238147
1667.31 -216.586 1212238205
1700.1 -510.196 1212238265
1895.11 -662.021 1212238325
1706.31 -735.7 1212238386
1529.03 -807.145 1212238445
1504.21 -536.989 1212238505
1475.85 -99.3624 1212238566
1447.48 207.66 1212238612
1607.92 377.365 1212238673
1662.88 -161.882 1212238733
1667.31 -218.819 1212238760
1667.31 -219.935 1212238764
1668.19 -218.819 1212238804
1668.19 -219.935 1212238867
1500.67 -343.856 1212238919
1275.52 -93.7803 1212238980
1234.75 390.763 1212239040
1183.34 1070.73 1212239101
1169.15 1294.05 1212239162
1293.25 1512.91 1212239222
1152.31 1924.97 1212239282
1153.2 1923.85 1212239307
1393.41 885.383 1212239424
1404.05 542.607 1212239484
1440.39 552.656 1212239543
1635.4 310.376 1212239602
1693.01 -492.334 1212239662
1751.52 -1263.71 1212239723
1938.54 -1334.04 1212239786
2633.48 -1255.9 1212239844
3463.14 -1167.71 1212239904
3708.67 -1048.27 1212239966
3610.28 -1148.73 1212240028
3288.52 -1172.18 1212240087
2843.55 -1193.39 1212240147
2200.92 -1316.17 1212240208
1567.15 -1328.45 1212240270
1532.58 -898.683 1212240330
1491.8 -357.252 1212240390
1494.46 -358.369 1212240396
1677.06 -336.041 1212240457
2151.28 -300.316 1212240517
2564.34 -333.808 1212240577
2566.11 -357.252 1212240601
2685.78 -520.244 1212240658
2669.82 -791.516 1212240721
2511.16 -803.796 1212240780
2091 -841.751 1212240841
1905.75 -704.442 1212240901
2006.8 -807.145 1212240955
2007.68 -804.912 1212241015
1930.57 -848.449 1212241075
1548.53 -880.822 1212241141
1504.21 -526.942 1212241195
1475.85 -167.464 1212241255
1459.01 78.151 1212241276
1190.43 169.7 1212241338
813.71 140.672 1212241397
182.597 92.6649 1212241457
106.367 85.9662 1212241519
103.708 89.3155 1212241579
104.595 90.432 1212241640
103.708 91.5484 1212241665
99.2762 94.8978 1212241723
78.8891 81.5004 1212241783
49.6381 240.038 1212241843
7.09116 769.262 1212241904
-110.799 1204.73 1212241964
-150.687 1463.78 1212242025
-212.735 1855.73 1212242081
-304.033 2411.86 1212242151
-637.318 2543.64 1212242211
-1245.38 2473.28 1212242272
-1245.38 2473.28 1212242332
-1245.38 2473.28 1212242393
-1246.27 2476.63 1212242454
-1247.16 2481.1 1212242515
-1248.04 2491.15 1212242575
-1245.38 2472.17 1212242636
-1246.27 2473.28 1212242696
-1246.27 2474.4 1212242757
-1246.27 2474.4 1212242817
-1246.27 2471.05 1212242878
-1245.38 2469.93 1212242938
-1246.27 2467.7 1212242999
-1247.16 2473.28 1212243023
-1248.93 2477.75 1212243080
-1247.16 2474.4 1212243140
-1246.27 2468.82 1212243200
-1243.61 2463.23 1212243260
-1243.61 2462.12 1212243321
-1245.38 2473.28 1212243382
-1244.5 2465.47 1212243443
-1245.38 2467.7 1212243503
-1243.61 2468.82 1212243564
-1243.61 2462.12 1212243624
-1240.95 2440.9 1212243685
-1242.73 2463.23 1212243745
-1244.5 2467.7 1212243806
-1240.95 2449.83 1212243869
-1246.27 2463.23 1212243927
-1617.67 2402.93 1212243988
-1799.38 2224.25 1212244049
-1688.58 1681.53 1212244109
-1621.22 1237.11 1212244171
-1354.41 1043.94 1212244231
-845.62 1125.45 1212244293
-278.328 1219.24 1212244351
-67.366 1248.27 1212244411
357.217 1315.27 1212244472
459.152 1332.02 1212244493
902.35 1388.97 1212244553
937.805 1187.98 1212244613
974.147 1080.78 1212244676
1178.9 906.598 1212244733
1396.07 753.63 1212244796
1439.5 223.291 1212244855
1475.85 -241.147 1212244918
1498.01 -505.731 1212244948
1537.01 -1034.87 1212245009
974.147 -1091.8 1212245070
489.29 -1230.22 1212245130
-121.436 -1282.69 1212245190
-1379.23 -1605.28 1212245304
-1408.48 -1615.33 1212245366
-2204.46 -2205.78 1212245426
-2465.06 -2252.66 1212245486
-2442.9 -2723.66 1212245547
-2416.31 -2869.86 1212245600
-2416.31 -2859.82 1212245660
-2416.31 -2857.58 1212245721
-2417.2 -2856.47 1212245758
-2486.34 -3200.2 1212245818
-1942.98 -3259.35 1212245880
-1384.55 -3195.74 1212245939
-736.594 -3193.51 1212245998
-16.8415 -3211.36 1212246061
1439.5 -3162.26 1212246116
2851.53 -3393.27 1212246176
3253.07 -4843.91 1212246221
3694.49 -6292.06 1212246268
3964.84 -7801.3 1212246310
4171.37 -9331.46 1212246352
3389.57 -10611.6 1212246393
2538.63 -11835.7 1212246435
2586.5 -12722 1212246460
2841.78 -14201.1 1212246509
3162.66 -15669.9 1212246564
3954.21 -16202.5 1212246624
4529.48 -15941.7 1212246684
4370.81 -15860.4 1212246743
4374.36 -15854.8 1212246806
4375.24 -15860.4 1212246841
4373.47 -15860.4 1212246845
4153.64 -16066.5 1212246906
3214.95 -15611.9 1212246967
2912.69 -14135.3 1212247019
2604.23 -12647.3 1212247063
2807.21 -11141.2 1212247111
3846.95 -10038.4 1212247159
4116.42 -8548.57 1212247208
3846.07 -7040.58 1212247253
3577.49 -5568.02 1212247306
3089.08 -4161.02 1212247347
2562.57 -2762.72 1212247393
2835.58 -1412.17 1212247454
2256.76 -1313.94 1212247514
1996.16 -1320.64 1212247575
1560.05 -1251.43 1212247636
1533.46 -895.335 1212247697
1533.46 -854.031 1212247721
1195.75 -726.769 1212247777
1102.67 -415.304 1212247828
1053.92 155.186 1212247889
689.615 131.741 1212247949
265.918 100.48 1212248010
268.578 -52.4724 1212248036
267.691 -52.4724 1212248039
270.35 -66.986 1212248098
256.168 -260.126 1212248158
288.965 -359.485 1212248219
109.027 -447.679 1212248279
156.892 -358.369 1212248317
196.78 -357.252 1212248377
290.737 -372.882 1212248439
9.75034 -453.261 1212248498
-2.65918 -438.748 1212248519
-83.3211 -543.687 1212248578
-105.481 -263.475 1212248638
-139.164 160.769 1212248700
-63.8204 214.359 1212248731
177.279 385.18 1212248791
577.043 480.083 1212248851
840.302 500.18 1212248911
1205.5 528.092 1212248953
1205.5 528.092 1212248954
1405.82 545.956 1212249014
1456.35 21.2124 1212249074
1498.01 -475.589 1212249143
1529.03 -874.124 1212249198
1465.21 -1490.31 1212249257
1238.29 -1941.26 1212249319
1164.72 -2148.86 1212249380
1350.87 -2298.42 1212249438
1351.75 -2297.31 1212249498
1351.75 -2297.31 1212249558
1351.75 -2298.42 1212249592
1217.02 -2229.22 1212249653
1125.72 -2180.11 1212249680
1232.09 -2182.35 1212249705
1263.11 -2127.65 1212249809
1263.11 -2126.54 1212249874
1265.77 -2128.77 1212249933
1266.66 -2129.89 1212249946
1158.52 -2093.05 1212250000
782.686 -2685.71 1212250059
-322.648 -3425.63 1212250119
-712.661 -3552.85 1212250180
-1340.23 -3546.16 1212250240
-1614.12 -3528.3 1212250277
-1615.01 -3527.19 1212250278
-1591.08 -3206.9 1212250338
-1302.11 -3195.74 1212250400
-608.953 -3193.51 1212250458
-124.095 -3190.16 1212250518
107.254 -3071.86 1212250609
-130.3 -3097.53 1212250666
-159.551 -3137.71 1212250726
-152.46 -3139.94 1212250786
-152.46 -3139.94 1212250847
-152.46 -3141.05 1212250908
-151.573 -3139.94 1212250934
-11.5231 -2943.52 1212250998
148.028 -2858.7 1212251054
150.687 -2868.74 1212251114
136.505 -2945.75 1212251177
-23.9326 -3151.1 1212251234
259.714 -3162.26 1212251299
1754.17 -3155.56 1212251343
3007.54 -2394.41 1212251392
3877.09 -1140.92 1212251437
3817.7 355.035 1212251484
3491.51 1591.08 1212251545
3823.91 1959.58 1212251605
3932.93 2047.8 1212251666
4170.49 2303.54 1212251726
4244.06 2863.05 1212251787
4212.15 3267.35 1212251847
3848.72 3747.62 1212251912
3592.56 4078.25 1212251969
3287.64 4504.95 1212252029
2918.01 4997.59 1212252089
2640.57 5212.08 1212252151
2505.84 5286.93 1212252211
2253.21 5375.18 1212252272
1928.79 5395.29 1212252333
1595.51 5350.6 1212252387
1596.4 5350.6 1212252390
1490.03 5160.69 1212252450
1555.62 5124.94 1212252510
1600.83 5137.23 1212252571
1597.28 5143.93 1212252631
1598.17 5140.58 1212252691
1599.06 5136.11 1212252751
1544.1 5110.42 1212252812
2050.23 4659.11 1212252873
2223.96 4513.89 1212252933
2223.96 4513.89 1212252945
2427.83 4318.41 1212253006
2626.39 4170.96 1212253066
2708.82 4108.41 1212253126
2880.78 3888.36 1212253186
2896.74 3765.5 1212253247
2773.53 3886.13 1212253307
2848.87 3602.42 1212253367
2907.37 3290.8 1212253427
2499.63 2635.22 1212253487
2494.31 2634.1 1212253498
2413.65 2561.51 1212253551
2225.74 2517.96 1212253615
1691.24 2438.66 1212253662
1581.33 2790.45 1212253721
2022.75 2865.28 1212253782
2301.08 3047.33 1212253842
2412.77 3088.65 1212253902
2326.79 3022.76 1212253962
2328.56 3019.41 1212254022
2322.35 3037.28 1212254082
2303.74 3074.13 1212254143
2308.17 3064.08 1212254204
2306.4 3070.78 1212254265
2318.81 3043.98 1212254325
2301.08 3056.26 1212254386
2297.53 2998.19 1212254446
2293.1 3007.12 1212254467
2418.08 2712.28 1212254523
2043.14 2557.04 1212254583
1703.65 2520.19 1212254643
1708.08 2533.59 1212254705
1710.74 2531.36 1212254763
1601.71 2682.12 1212254824
1708.08 3037.28 1212254884
2418.08 3124.39 1212254944
2306.4 3062.96 1212255005
2309.06 3049.56 1212255034
2309.06 3048.44 1212255038
2123.8 3002.65 1212255099
1841.04 2978.08 1212255159
1426.21 2880.92 1212255220
1388.09 3070.78 1212255280
1350.87 3258.42 1212255340
1583.1 3442.7 1212255400
1646.92 3260.65 1212255461
1786.08 3255.06 1212255491
1778.11 3366.75 1212255553
1310.09 3285.22 1212255611
1051.26 3272.93 1212255671
1003.4 3559.98 1212255724
900.577 4174.31 1212255784
562.86 4424.52 1212255844
186.143 4369.79 1212255905
10.6367 4339.63 1212255963
10.6367 4339.63 1212255965
-22.1599 4386.54 1212256025
-21.2735 4427.87 1212256085
390.9 4497.13 1212256145
712.661 4439.05 1212256206
814.596 4363.09 1212256266
1011.38 4384.31 1212256326
1077.86 3997.82 1212256386
1143.45 3498.55 1212256446
1208.16 3303.09 1212256503
1044.17 3245.01 1212256563
1004.28 2635.22 1212256624
1110.65 2000.9 1212256684
1130.15 1823.35 1212256744
1041.51 1537.48 1212256805
1773.68 1046.17 1212256865
2694.64 347.22 1212256927
2841.78 -1140.92 1212256984
2433.15 -2581.91 1212257042
1473.19 -3116.5 1212257093
1121.29 -3160.03 1212257113
846.507 -3187.93 1212257158
881.962 -3517.14 1212257218
839.416 -3801.71 1212257278
835.87 -3827.37 1212257338
836.756 -3817.33 1212257398
837.643 -3816.21 1212257459
837.643 -3815.1 1212257483
893.486 -3715.78 1212257543
897.031 -3510.45 1212257593
855.371 -3243.73 1212257653
2264.74 -2921.2 1212257714
3505.69 -1822.94 1212257770
3852.27 -377.347 1212257820
3438.32 966.893 1212257872
3248.64 1807.71 1212257926
3125.43 1995.32 1212257986
2733.64 2393.99 1212258046
2517.36 2603.95 1212258106
2453.54 2636.34 1212258166
2612.2 2811.67 1212258226
2850.64 3031.69 1212258286
2957.01 3127.74 1212258346
3166.2 3117.69 1212258407
3231.79 3029.46 1212258467
3250.41 3030.57 1212258528
3260.16 3035.04 1212258588
3262.82 3037.28 1212258649
3256.61 3038.39 1212258711
3267.25 3038.39 1212258770
3265.48 3038.39 1212258802
3264.59 3039.51 1212258862
3288.52 2942.34 1212258922
3152.91 2816.14 1212258982
3148.47 2809.44 1212259045
3167.97 2784.87 1212259104
3169.75 2785.99 1212259165
3129.86 2821.73 1212259226
3206.09 2787.1 1212259286
3199.88 2785.99 1212259315
3015.51 2935.64 1212259375
2885.21 3084.18 1212259435
2849.76 3555.51 1212259496
2628.16 3479.56 1212259518
1857.88 3365.64 1212259578
1373.02 3295.27 1212259638
1223.22 3266.23 1212259699
1024.67 3385.74 1212259759
943.124 3948.68 1212259820
550.451 3995.59 1212259882
333.284 4064.84 1212259943
333.284 4064.84 1212259952
509.677 4097.24 1212260012
729.503 3910.7 1212260073
820.801 3927.46 1212260133
1065.45 3966.55 1212260193
1242.73 3924.1 1212260253
1287.93 3656.03 1212260313
1310.09 3517.54 1212260373
1306.55 3504.13 1212260434
1305.66 3504.13 1212260473
1066.33 3466.16 1212260533
1009.6 3505.25 1212260597
1009.6 3505.25 1212260605
999.853 3509.72 1212260668
1006.06 3510.83 1212260729
1013.15 3519.77 1212260789
1004.28 3510.83 1212260849
1004.28 3508.6 1212260877
1005.17 3508.6 1212260935
1003.4 3529.82 1212261055
1007.83 3515.3 1212261176
1009.6 3514.19 1212261236
1011.38 3513.07 1212261296
1012.26 3513.07 1212261303
1289.7 3596.84 1212261363
1602.6 3571.15 1212261426
1629.19 3362.29 1212261487
1693.01 3061.85 1212261549
2121.14 3081.95 1212261637
2615.75 3156.78 1212261700
2774.41 3172.42 1212261721
2774.41 3172.42 1212261722
2820.51 3336.6 1212261785
2684.89 3481.79 1212261843
2520.91 3500.78 1212261902
2518.25 3498.55 1212261962
2526.22 3514.19 1212262023
2518.25 3496.31 1212262083
2517.36 3498.55 1212262152
2515.59 3498.55 1212262204
2514.7 3496.31 1212262251
2518.25 3499.67 1212262271
2518.25 3499.67 1212262274
2504.95 3575.62 1212262334
2749.6 3606.89 1212262394
2931.31 3527.59 1212262454
3012.85 3271.82 1212262520
3214.95 3102.05 1212262574
3437.44 2873.1 1212262638
3766.29 2646.39 1212262698
3900.14 2415.21 1212262763
3903.68 2421.91 1212262785
3903.68 2421.91 1212262790
3781.36 2510.14 1212262855
3537.6 2750.25 1212262909
3313.34 2974.73 1212262968
3117.45 2835.13 1212263036
2946.38 2598.36 1212263080
3052.74 2458.77 1212263144
3191.91 2318.05 1212263200
3722.86 2538.06 1212263260
3776.04 2344.86 1212263320
3971.05 2258.87 1212263382
3757.43 2038.87 1212263428
3761.86 2031.05 1212263431
3799.97 2060.09 1212263491
3550.01 2345.97 1212263551
3167.09 2743.55 1212263612
2989.81 2898.79 1212263672
2873.69 3049.56 1212263733
2692.87 2858.58 1212263795
2518.25 2708.93 1212263854
2270.94 2483.34 1212263893
2195.6 2418.56 1212263945
1960.7 2313.59 1212264008
2027.18 2657.55 1212264070
2194.71 2744.67 1212264127
2095.44 2765.88 1212264177
2095.44 2764.77 1212264186
1758.61 2711.16 1212264248
1550.3 2681.01 1212264314
1460.78 2571.56 1212264367
1542.33 2396.23 1212264422
1784.31 2427.5 1212264477
2214.21 2469.93 1212264540
2220.42 2589.43 1212264598
2132.67 3035.04 1212264665
2120.26 3109.87 1212264676
2103.41 3175.77 1212264710
2000.59 3389.09 1212264770
1622.1 3338.83 1212264831
1130.15 3266.23 1212264891
913.873 3336.6 1212264951
896.145 3334.36 1212265014
1016.69 2540.29 1212265105
1070.76 2229.83 1212265171
649.727 2117.04 1212265226
506.131 1997.55 1212265290
522.086 1882.53 1212265320
522.086 1882.53 1212265322
569.952 1596.66 1212265382
727.73 1483.88 1212265442
996.307 1420.23 1212265503
1131.93 1220.36 1212265556
1626.53 1062.92 1212265584
2706.16 557.122 1212265645
2884.33 -972.36 1212265703
2430.49 -2424.54 1212265759
1182.45 -3174.54 1212265819
356.331 -3109.81 1212265845
-331.512 -3350.86 1212265871
-1125.72 -4312.78 1212265931
-851.825 -4462.3 1212265992
-608.953 -4703.32 1212266050
-606.294 -4701.09 1212266110
-405.969 -4730.1 1212266170
-280.101 -4534.83 1212266231
-283.646 -4530.37 1212266291
-312.011 -4589.51 1212266351
-235.781 -4713.36 1212266412
-41.6605 -4822.71 1212266471
-40.7741 -4821.59 1212266539
-41.6605 -4820.48 1212266552
-41.6605 -4820.48 1212266600
-331.512 -4645.3 1212266664
-270.35 -4539.3 1212266673
-125.868 -4307.2 1212266702
-113.458 -4283.77 1212266707
367.854 -3540.58 1212266833
526.518 -3359.79 1212266885
530.95 -3347.51 1212266926
533.609 -3358.67 1212266985
537.155 -3360.91 1212267043
546.905 -3357.56 1212267103
542.473 -3349.75 1212267163
534.496 -3356.44 1212267212
530.064 -3358.67 1212267272
569.065 -3288.37 1212267332
1408.48 -3176.77 1212267392
2793.03 -2668.97 1212267449
3751.22 -1530.49 1212267510
3841.63 -1155.43 1212267566
3724.63 -928.824 1212267626
3588.12 -936.638 1212267686
3581.92 -945.569 1212267746
3573.94 -975.709 1212267919
3579.26 -979.058 1212268015
