2954.35 4912.69 1211710409
2965.88 4908.22 1211710411
2972.08 4895.93 1211710413
2975.63 4878.06 1211710417
2983.6 4832.25 1211710421
2963.22 4275.96 1211710481
2833.8 4255.85 1211710517
2781.51 4234.63 1211710552
2951.69 4268.14 1211710600
3189.25 4181.01 1211710662
3198.11 4178.78 1211710747
3197.22 4150.85 1211710804
3176.84 4291.6 1211710857
3074.02 4284.89 1211710918
2694.64 4232.39 1211710979
2530.66 4239.1 1211711039
2697.3 4222.34 1211711099
2703.5 4221.22 1211711119
2871.03 3953.15 1211711176
2930.42 3761.03 1211711197
2966.76 3296.39 1211711257
3099.72 3051.79 1211711317
3129.86 2789.34 1211711378
2894.96 2554.81 1211711438
2447.34 2273.38 1211711499
2407.45 2440.9 1211711559
2476.59 2417.45 1211711621
2003.25 1928.32 1211711681
2241.69 1694.93 1211711742
2316.15 1811.06 1211711802
2316.15 1811.06 1211711804
2282.47 1671.48 1211711864
2505.84 1899.28 1211711925
2524.45 2200.8 1211711984
2347.17 2382.83 1211712045
2457.09 2484.45 1211712104
2522.68 2466.58 1211712161
2517.36 2197.45 1211712221
2830.26 1883.65 1211712279
3291.18 1368.87 1211712341
3784.9 310.376 1211712401
4161.62 125.042 1211712462
4211.26 -314.83 1211712522
4210.37 -313.713 1211712533
4202.4 -288.036 1211712597
4179.35 25.6781 1211712658
3960.41 315.958 1211712716
3398.44 1156.71 1211712776
2787.71 1935.02 1211712837
