3667.01 -918.777 1212501189
3681.2 -958.964 1212501249
3575.72 -1024.83 1212501309
3467.58 -1152.08 1212501370
2914.46 -1104.08 1212501430
2931.31 -627.414 1212501489
2631.71 -646.392 1212501550
2631.71 -646.392 1212501569
2590.93 -549.269 1212501617
2537.75 135.09 1212501666
2473.93 974.709 1212501726
2484.56 1031.65 1212501786
3019.95 1576.56 1212501846
3261.93 1822.23 1212501906
3009.31 2105.87 1212501966
2611.32 2502.32 1212502033
2407.45 2774.82 1212502088
2498.75 2874.22 1212502149
2499.63 2876.45 1212502154
2602.45 2849.65 1212502215
2884.33 2598.36 1212502275
3182.16 2325.87 1212502336
3418.82 2074.61 1212502400
3320.43 1782.03 1212502458
3542.03 1815.53 1212502521
3542.03 1813.3 1212502578
3541.15 1815.53 1212502636
3542.03 1808.83 1212502696
3542.92 1815.53 1212502758
3541.15 1817.76 1212502818
3545.58 1822.23 1212502881
3544.69 1818.88 1212502939
3542.92 1816.65 1212503000
3547.35 1818.88 1212503060
3553.56 1824.46 1212503121
3552.67 1830.05 1212503182
3551.78 1831.16 1212503229
3552.67 1830.05 1212503289
3559.76 1861.31 1212503350
3552.67 1841.21 1212503410
3554.44 1837.86 1212503473
3551.78 1837.86 1212503533
3559.76 1844.56 1212503591
3561.53 1842.33 1212503652
3552.67 1840.1 1212503716
3552.67 1843.45 1212503773
3552.67 1843.45 1212503833
3554.44 1843.45 1212503893
3565.08 1853.5 1212503959
3572.17 1841.21 1212504013
3573.06 1847.91 1212504069
3563.31 1854.61 1212504129
3571.28 1853.5 1212504189
3573.06 1852.38 1212504255
3581.92 1874.71 1212504279
3768.95 2054.5 1212504340
3974.59 2239.88 1212504401
3877.09 2420.8 1212504461
3604.97 2693.29 1212504522
3332.84 2970.26 1212504583
3128.09 3175.77 1212504645
3034.13 3339.95 1212504680
3048.31 3343.3 1212504685
3191.02 3481.79 1212504742
3235.34 3488.5 1212504802
3464.03 3227.14 1212504862
3635.1 3036.16 1212504923
3761.86 2905.49 1212504943
3487.96 2596.13 1212505003
3229.13 2340.39 1212505063
3023.49 2123.74 1212505123
3167.97 1936.13 1212505194
3493.28 1773.1 1212505243
3502.14 1782.03 1212505304
3514.55 1794.31 1212505364
3526.96 1803.25 1212505426
3529.62 1807.71 1212505486
3535.83 1812.18 1212505544
3544.69 1818.88 1212505608
3544.69 1818.88 1212505666
3542.92 1816.65 1212505726
3542.92 1817.76 1212505786
3553.56 1828.93 1212505849
3553.56 1828.93 1212505908
3553.56 1828.93 1212505969
3554.44 1833.4 1212506029
3558.87 1833.4 1212506094
3561.53 1834.51 1212506133
3573.94 1825.58 1212506193
3569.51 1831.16 1212506253
3568.62 1834.51 1212506313
3574.83 1835.63 1212506374
3563.31 1845.68 1212506410
3073.13 1364.4 1212506473
2601.57 1722.85 1212506530
2448.22 1871.36 1212506595
2172.55 2113.69 1212506627
1762.15 1704.98 1212506689
1763.04 1704.98 1212506707
1529.03 1710.56 1212506768
1731.13 1698.28 1212506853
2190.28 1240.46 1212506913
2385.29 1053.99 1212506973
2691.09 1062.92 1212507037
3068.7 1355.47 1212507119
3204.32 1466.01 1212507143
3396.66 1682.65 1212507201
3550.9 1827.81 1212507234
3559.76 1832.28 1212507294
3565.96 1840.1 1212507354
3571.28 1835.63 1212507415
3573.06 1832.28 1212507475
3569.51 1835.63 1212507535
3572.17 1836.75 1212507595
3573.94 1849.03 1212507656
3573.94 1854.61 1212507714
3786.68 2062.32 1212507774
3981.68 2273.38 1212507834
3739.7 2553.69 1212507895
3526.96 2763.65 1212507954
3276.11 3020.52 1212508017
3453.39 3165.71 1212508066
3459.6 3175.77 1212508068
3409.07 3036.16 1212508128
3152.91 2806.09 1212508190
2959.67 2614 1212508249
3030.58 2464.35 1212508309
3165.31 2270.03 1212508370
3023.49 2121.51 1212508430
3252.18 1851.26 1212508491
3459.6 1740.71 1212508551
3570.4 1860.2 1212508594
3784.02 2083.54 1212508654
3703.36 2185.16 1212508714
3334.62 2559.28 1212508775
2924.22 2855.23 1212508835
2818.73 2768.12 1212508880
2818.73 2768.12 1212508882
2739.85 2758.07 1212508944
2737.19 2750.25 1212509002
2730.09 2750.25 1212509062
2733.64 2755.83 1212509087
2775.3 2775.94 1212509152
2915.35 2593.9 1212509208
3162.66 2334.81 1212509269
3020.83 2122.62 1212509329
3195.45 1905.98 1212509392
3398.44 1700.51 1212509456
3566.85 1845.68 1212509513
3594.33 1880.3 1212509557
3805.29 2096.94 1212509617
3832.77 2465.47 1212509682
4000.3 2841.83 1212509739
3956.86 3039.51 1212509799
3818.59 3333.25 1212509866
3478.21 3675.02 1212509921
3557.99 3769.96 1212509959
3534.05 3839.21 1212509994
3542.92 3842.57 1212509996
3659.92 3687.31 1212510060
3873.54 3549.93 1212510117
3736.15 3423.72 1212510177
3685.63 3472.86 1212510239
3477.33 3733.1 1212510296
3345.25 3872.72 1212510356
3405.53 3711.88 1212510417
3732.61 3296.39 1212510479
4213.03 3003.77 1212510536
4030.44 2587.2 1212510596
3953.32 2503.44 1212510624
3613.83 2692.18 1212510677
3332.84 2953.51 1212510739
3284.98 2942.34 1212510797
3232.68 2878.68 1212510827
3228.25 2880.92 1212510828
2964.99 2626.28 1212510888
2845.33 2257.75 1212510953
2984.49 2112.57 1212511009
3206.98 1897.05 1212511056
3139.61 1433.63 1212511138
2902.94 1457.08 1212511199
2910.03 1464.9 1212511201
3329.3 1200.26 1212511261
3741.47 550.423 1212511294
3903.68 -941.103 1212511344
3192.79 -2259.36 1212511393
2933.08 -3683.42 1212511453
3399.32 -5136.24 1212511502
3750.33 -6612.23 1212511548
4013.59 -8084.61 1212511595
4087.16 -9579.02 1212511641
3206.09 -10804.5 1212511701
3567.74 -10920.4 1212511764
4377.02 -10899.2 1212511823
4410.7 -11310.6 1212511885
4039.3 -11861.4 1212511949
4442.61 -11714.2 1212512004
4463.88 -11756.6 1212512046
4463.88 -11756.6 1212512048
4417.79 -11677.4 1212512111
4009.16 -11834.6 1212512174
3985.23 -11827.9 1212512232
3720.2 -11997.4 1212512296
3211.41 -11787.8 1212512351
3206.98 -11783.3 1212512411
3215.84 -10788.9 1212512531
