3479.98 1808.83 1212677290
3511.01 1794.31 1212677352
3526.08 1825.58 1212677412
3527.85 1814.41 1212677473
3531.4 1813.3 1212677763
3540.26 1821.11 1212677831
3537.6 1827.81 1212677884
3536.71 1823.35 1212677944
3559.76 1835.63 1212678005
3557.99 1836.75 1212678028
3572.17 1845.68 1212678088
3575.72 1843.45 1212678184
3588.12 1863.55 1212678215
3588.12 1863.55 1212678240
3809.72 2063.44 1212678262
3727.29 2172.88 1212678324
3425.03 2477.75 1212678386
3040.33 2859.7 1212678436
2840.01 3038.39 1212678496
2806.32 3390.21 1212678556
2791.26 3595.72 1212678616
2754.03 4129.63 1212678764
2719.46 4124.04 1212678769
2459.74 4082.72 1212678827
2427.83 4082.72 1212678887
2077.71 4032.45 1212678948
1844.59 3900.65 1212679008
1892.45 3561.1 1212679069
1928.79 3389.09 1212679131
1971.34 3115.46 1212679190
2014.77 2853 1212679250
2098.1 2354.91 1212679315
1818.88 2296.84 1212679372
1822.43 2296.84 1212679394
1820.65 2216.43 1212679432
2205.35 1722.85 1212679497
2243.46 1682.65 1212679521
2391.49 1533.01 1212679546
2528.88 1394.55 1212679609
2963.22 1352.12 1212679670
3157.34 1445.92 1212679727
3373.62 1660.31 1212679788
3534.05 1809.95 1212679848
3538.49 1814.41 1212679910
3540.26 1815.53 1212679970
3542.92 1809.95 1212680031
3542.03 1816.65 1212680091
3554.44 1828.93 1212680152
3564.19 1834.51 1212680222
3563.31 1837.86 1212680276
3565.96 1833.4 1212680333
3565.08 1835.63 1212680395
3563.31 1834.51 1212680453
3560.65 1840.1 1212680513
3571.28 1837.86 1212680573
3571.28 1834.51 1212680633
3570.4 1835.63 1212680694
3560.65 1851.26 1212680757
3565.08 1844.56 1212680815
3569.51 1843.45 1212680879
3590.78 1876.95 1212680913
3807.95 2060.09 1212680973
3781.36 2491.15 1212681033
4006.5 2861.93 1212681093
3870.88 3276.29 1212681153
3634.22 3514.19 1212681213
3667.9 3574.5 1212681245
3707.79 3754.33 1212681293
3498.6 3716.35 1212681354
3453.39 3870.49 1212681414
3237.11 4004.53 1212681478
3026.15 3957.61 1212681513
2980.94 4049.21 1212681554
2941.06 4406.65 1212681643
2864.83 4872.47 1212681699
2596.25 5238.89 1212681762
2372.88 5351.72 1212681820
2123.8 5321.56 1212681885
1706.31 5253.41 1212681940
1536.12 5229.95 1212682064
1536.12 5229.95 1212682121
1527.26 5227.72 1212682183
1523.71 5232.18 1212682222
1523.71 5226.6 1212682276
1526.37 5229.95 1212682336
1527.26 5232.18 1212682398
1529.03 5228.83 1212682456
1528.14 5231.07 1212682502
1176.25 5171.86 1212682610
1053.92 5059.03 1212682670
1075.2 4951.78 1212682733
1112.43 4733.95 1212682773
1083.17 4728.36 1212682828
1080.51 4726.13 1212682857
1103.56 4725.01 1212682906
1085.83 4946.2 1212682960
1067.22 5041.15 1212683020
1646.03 5134.99 1212683081
2292.22 5236.65 1212683141
2483.68 5266.82 1212683207
2603.34 5206.49 1212683263
2917.12 4954.02 1212683322
2952.58 4588.73 1212683386
3076.68 4232.39 1212683447
3320.43 3971.02 1212683502
3252.18 4253.62 1212683562
3377.16 3878.31 1212683622
3490.62 3862.67 1212683657
3490.62 3862.67 1212683659
3614.72 3557.75 1212683720
3490.62 3396.91 1212683780
3387.8 3361.17 1212683839
3151.13 3144.49 1212683899
3106.81 3325.43 1212683959
3257.5 3459.46 1212684024
3308.91 3547.69 1212684079
3308.91 3547.69 1212684080
3547.35 3238.31 1212684140
3639.54 3037.28 1212684200
3706.02 2826.19 1212684263
3772.49 2523.54 1212684323
4057.03 2239.88 1212684382
3894.82 2032.17 1212684443
3917.86 1948.42 1212684498
3917.86 1948.42 1212684500
4029.55 1740.71 1212684562
4098.69 999.273 1212684629
3698.92 734.649 1212684682
3414.39 906.598 1212684744
3042.99 1321.97 1212684803
3383.37 1728.43 1212684865
3105.93 1654.73 1212684929
2738.07 1579.91 1212684984
