3586.35 -998.035 1211550149
3508.35 -1154.32 1211550211
2993.35 -1195.62 1211550271
2901.17 -1047.15 1211550303
2897.62 -521.36 1211550359
2747.82 360.617 1211550409
2569.66 492.364 1211550450
2532.43 42.4248 1211550567
2590.04 -370.649 1211550632
2598.91 -429.817 1211550692
2671.59 -368.416 1211550748
2699.96 -577.178 1211550808
2700.84 -433.167 1211550858
2571.43 -348.321 1211550919
2529.77 184.214 1211550979
2473.93 922.23 1211551039
2786.82 1074.08 1211551099
3151.13 1441.45 1211551159
3506.58 1794.31 1211551219
3788.45 2084.66 1211551279
3982.57 2268.92 1211551312
3951.55 2488.92 1211551372
4140.35 2536.94 1211551432
4076.53 2602.83 1211551494
4072.1 2610.65 1211551546
3987.89 2831.78 1211551606
4168.71 2802.74 1211551666
4168.71 2802.74 1211551765
4173.15 2807.21 1211551825
4175.8 2809.44 1211551885
4174.03 2808.32 1211551907
4104.89 2912.19 1211551967
3850.5 2999.3 1211552028
3604.97 2713.39 1211552089
3411.73 2523.54 1211552149
2853.3 1967.4 1211552209
2485.45 1601.13 1211552269
2323.24 1443.68 1211552330
2013 1636.86 1211552390
1664.65 2150.54 1211552450
1615.9 2461 1211552510
1558.28 2468.82 1211552571
1551.19 2467.7 1211552602
1509.53 2465.47 1211552608
1339.34 2465.47 1211552668
1265.77 2895.44 1211552734
1265.77 2895.44 1211552748
1227.66 3141.14 1211552793
1200.18 3309.79 1211552849
1412.03 3403.61 1211552910
1412.03 3405.84 1211552913
1422.66 3743.16 1211552973
1386.32 3995.59 1211553033
1566.26 4043.62 1211553104
2498.75 4205.59 1211553153
2758.46 4239.1 1211553188
2758.46 4239.1 1211553190
2809.87 4248.03 1211553251
2984.49 4070.43 1211553336
2716.8 4248.03 1211553448
2712.37 4248.03 1211553589
2671.59 4235.75 1211553591
2531.54 4244.68 1211553653
2738.96 4454.68 1211553730
2937.51 4377.61 1211553777
3092.63 4147.5 1211553832
3245.09 3630.35 1211553952
3410.85 3320.96 1211554014
3408.19 3301.97 1211554064
3409.07 3303.09 1211554071
3509.24 3202.57 1211554131
3579.26 3268.47 1211554209
3547.35 3458.34 1211554249
3636.88 3373.45 1211554313
3553.56 3357.82 1211554369
3425.03 3404.73 1211554430
3122.77 3379.04 1211554498
3182.16 3258.42 1211554561
3075.79 3540.99 1211554615
2941.94 3537.64 1211554735
3013.74 3729.75 1211554791
2953.47 3675.02 1211554857
2907.37 3701.83 1211554922
2961.44 3723.05 1211555037
2967.65 3625.88 1211555101
2970.31 3630.35 1211555179
2972.08 3618.06 1211555247
