3221.16 3781.13 1211924582
2862.17 3834.75 1211924631
2598.91 3711.88 1211924690
2489.88 3651.57 1211924751
2444.68 3249.48 1211924812
2200.03 3190.29 1211924872
2119.37 3191.4 1211924904
2120.26 3190.29 1211924906
2106.07 3313.14 1211924965
2339.19 3358.94 1211925021
2436.7 3362.29 1211925041
2434.93 3364.52 1211925049
2810.76 3417.01 1211925111
3061.61 3440.47 1211925170
3168.86 3432.65 1211925240
3283.21 3510.83 1211925290
3337.28 3578.97 1211925350
3494.17 3713 1211925415
3587.24 3711.88 1211925472
3640.42 3697.36 1211925524
3659.04 3677.26 1211925544
3801.75 3509.72 1211925610
3737.93 3320.96 1211925658
3530.51 3214.86 1211925750
3642.19 3048.44 1211925784
3799.97 3172.42 1211925845
4064.12 2927.82 1211925915
4075.64 2777.05 1211926032
4072.98 2770.35 1211926084
4077.41 2769.24 1211926216
4075.64 2768.12 1211926217
4020.69 2841.83 1211926282
4065 2885.38 1211926337
4138.58 3001.54 1211926407
3556.21 3580.08 1211926527
3518.1 3723.05 1211926578
3529.62 3726.4 1211926605
3533.17 3726.4 1211926610
3619.15 3678.37 1211926673
3655.49 3700.71 1211926728
3699.81 3628.11 1211926789
3744.13 3389.09 1211926853
3514.55 3346.65 1211926914
3370.07 3469.51 1211926969
2998.67 3372.34 1211927030
2978.29 3195.87 1211927090
3126.31 3372.34 1211927151
3175.95 3405.84 1211927191
3276.11 3489.61 1211927252
3740.58 3506.37 1211927381
3739.7 3469.51 1211927403
3859.36 3286.34 1211927459
3625.35 3529.82 1211927534
3434.78 3634.81 1211927581
3216.73 3584.55 1211927640
2864.83 3529.82 1211927701
2397.7 3460.57 1211927757
2091 3422.6 1211927817
1684.15 3350 1211927877
1247.16 3289.69 1211927938
1128.38 3271.82 1211927998
924.509 3226.03 1211928059
649.727 3181.35 1211928125
600.089 3173.53 1211928166
598.316 3176.88 1211928204
591.225 3176.88 1211928206
482.199 3081.95 1211928266
683.41 3080.83 1211928326
1055.7 3138.91 1211928398
1151.43 3151.2 1211928446
1319.84 3191.4 1211928506
1663.76 3171.3 1211928566
1684.15 3055.14 1211928611
1752.4 2638.57 1211928673
1810.02 2229.83 1211928735
1907.52 2029.94 1211928803
2370.22 1557.58 1211928852
2489 1438.1 1211928917
2672.48 1260.56 1211928972
2722.12 1280.65 1211928994
3045.65 1597.78 1211929053
3372.73 994.807 1211929113
3824.79 -89.3146 1211929160
3807.95 -835.053 1211929220
3746.79 -1041.57 1211929280
3587.24 -935.522 1211929340
3588.12 -956.732 1211929460
3582.81 -975.709 1211929582
3581.92 -983.523 1211929642
3634.22 -943.336 1211929703
3628.01 -924.359 1211929763
3628.01 -924.359 1211929824
3628.9 -925.475 1211929885
3628.01 -924.359 1211929946
3627.13 -922.126 1211930009
3627.13 -922.126 1211930068
3627.13 -924.359 1211930128
3628.9 -926.591 1211930188
3628.01 -925.475 1211930248
3628.01 -925.475 1211930308
3627.13 -924.359 1211930368
3627.13 -923.242 1211930428
3627.13 -923.242 1211930488
3627.13 -924.359 1211930548
3627.13 -925.475 1211930612
3628.01 -925.475 1211930668
3628.01 -925.475 1211930737
3628.9 -925.475 1211930790
3624.47 -922.126 1211930855
3627.13 -923.242 1211930876
3628.9 -928.824 1211930941
3628.9 -927.708 1211930997
3628.01 -922.126 1211931062
3628.9 -925.475 1211931116
3629.79 -925.475 1211931176
3629.79 -924.359 1211931237
3629.79 -924.359 1211931305
3629.79 -924.359 1211931359
3627.13 -922.126 1211931420
3627.13 -922.126 1211931480
3628.01 -926.591 1211931541
3629.79 -923.242 1211931601
3629.79 -923.242 1211931661
3628.9 -924.359 1211931721
3628.01 -927.708 1211931781
3627.13 -933.289 1211931842
3628.9 -928.824 1211931902
3628.9 -922.126 1211931962
3627.13 -926.591 1211932023
3624.47 -931.057 1211932083
3624.47 -931.057 1211932144
3626.24 -928.824 1211932203
3627.13 -926.591 1211932264
3628.01 -922.126 1211932325
3623.58 -932.173 1211932387
3622.69 -934.405 1211932409
3627.13 -919.893 1211932469
3625.35 -923.242 1211932529
3627.13 -922.126 1211932589
3627.13 -919.893 1211932649
3627.13 -922.126 1211932709
3624.47 -933.289 1211932769
3623.58 -928.824 1211932829
3623.58 -922.126 1211932888
3628.01 -932.173 1211932948
3630.67 -924.359 1211933009
3629.79 -926.591 1211933070
3628.9 -919.893 1211933131
3628.01 -931.057 1211933191
3628.9 -928.824 1211933252
3628.01 -925.475 1211933312
3628.01 -927.708 1211933373
3627.13 -927.708 1211933433
3627.13 -934.405 1211933494
3628.01 -924.359 1211933559
3628.01 -923.242 1211933615
3628.9 -918.777 1211933680
3631.56 -921.01 1211933735
3625.35 -925.475 1211933795
3626.24 -931.057 1211933859
3626.24 -922.126 1211933915
3627.13 -922.126 1211933975
3627.13 -923.242 1211934035
3628.9 -931.057 1211934096
3628.9 -931.057 1211934156
3628.9 -928.824 1211934217
3628.01 -926.591 1211934277
3628.01 -927.708 1211934338
3628.9 -926.591 1211934399
3628.9 -926.591 1211934460
3629.79 -926.591 1211934520
3628.9 -927.708 1211934581
3633.33 -924.359 1211934626
3631.56 -924.359 1211934689
3630.67 -925.475 1211934763
3629.79 -926.591 1211934809
3629.79 -925.475 1211934869
3629.79 -925.475 1211934929
3629.79 -926.591 1211934989
3629.79 -926.591 1211935049
3629.79 -923.242 1211935109
3629.79 -923.242 1211935169
3629.79 -925.475 1211935230
3628.9 -923.242 1211935289
3628.9 -923.242 1211935344
3629.79 -922.126 1211935413
3628.9 -922.126 1211935463
3628.01 -921.01 1211935524
3628.9 -922.126 1211935584
3628.9 -923.242 1211935644
3628.9 -923.242 1211935704
3628.9 -923.242 1211935766
3628.9 -922.126 1211935824
3628.9 -922.126 1211935891
3629.79 -922.126 1211935945
3629.79 -922.126 1211936006
3628.9 -922.126 1211936049
3628.01 -934.405 1211936109
3628.9 -927.708 1211936169
3628.9 -926.591 1211936229
3628.9 -925.475 1211936289
3628.9 -924.359 1211936349
3628.01 -922.126 1211936411
3628.9 -923.242 1211936472
3628.9 -923.242 1211936533
3628.9 -922.126 1211936593
3628.01 -922.126 1211936654
3628.01 -922.126 1211936714
3627.13 -923.242 1211936775
3627.13 -924.359 1211936835
3627.13 -925.475 1211936859
3602.31 -989.105 1211936924
3581.03 -1052.73 1211936979
4002.07 -1118.59 1211937039
3860.25 -41.3081 1211937099
3365.64 1135.5 1211937147
3476.44 1576.56 1211937178
3808.84 1895.93 1211937234
3896.59 2004.25 1211937294
3800.86 2105.87 1211937355
3799.97 2101.41 1211937385
3786.68 2117.04 1211937404
3495.05 2060.09 1211937464
3300.05 1870.25 1211937524
2960.56 1524.08 1211937592
2588.27 1164.53 1211937638
2589.16 1165.64 1211937644
2434.93 1218.12 1211937678
2255.87 1405.72 1211937741
2030.73 1625.7 1211937794
1876.5 1792.08 1211937860
1686.81 2130.44 1211937971
1686.81 2130.44 1211938026
1686.81 2130.44 1211938171
1686.81 2130.44 1211938215
1400.5 3890.6 1211938221
1400.5 3890.6 1211938310
1400.5 3890.6 1211938414
1334.02 4331.81 1211938441
1475.85 4319.52 1211938444
1545.87 3896.18 1211938504
1585.76 3677.26 1211938564
1844.59 3476.21 1211938624
1961.59 3498.55 1211938667
2047.57 3496.31 1211938727
2056.44 3504.13 1211938787
2334.76 3570.03 1211938847
2652.09 3650.45 1211938907
2767.32 3609.12 1211938967
2975.63 3657.15 1211939027
3081.99 3879.43 1211939098
3227.36 3899.53 1211939138
3228.25 3899.53 1211939139
3458.71 3876.07 1211939203
3039.45 3776.67 1211939330
2803.67 3720.82 1211939379
2493.43 3637.05 1211939439
2528.88 3202.57 1211939500
2615.75 3159.01 1211939534
2815.19 3310.91 1211939574
2800.12 3618.06 1211939641
2725.66 3945.33 1211939706
2626.39 4166.49 1211939758
2487.22 4290.48 1211939823
1964.25 4748.47 1211939876
1331.36 4981.95 1211939941
1213.47 5079.14 1211940011
1209.93 5089.19 1211940012
1318.07 5191.97 1211940072
1532.58 5113.77 1211940137
1818.88 4862.42 1211940192
2137.98 4587.61 1211940252
2326.79 4415.59 1211940312
2543.07 4221.22 1211940372
2656.52 4127.4 1211940437
2852.42 3946.44 1211940487
2608.66 3912.93 1211940547
2574.09 3991.12 1211940607
2721.23 4032.45 1211940677
2971.19 4070.43 1211940729
3100.61 4112.87 1211940788
3177.72 3713 1211940852
3330.18 3516.42 1211940908
3582.81 3375.69 1211940968
3598.76 3338.83 1211940990
3593.44 3324.31 1211940995
3498.6 3361.17 1211941041
3404.64 3315.38 1211941093
3080.22 3076.37 1211941153
2800.12 2743.55 1211941218
2359.58 2300.19 1211941273
1866.75 1817.76 1211941343
1711.63 1909.33 1211941395
1615.9 2569.33 1211941454
1849.02 2839.59 1211941518
2203.58 2858.58 1211941579
2211.55 2845.18 1211941605
2211.55 2842.95 1211941609
2278.92 2887.62 1211941650
2415.42 3028.34 1211941705
2700.84 3173.53 1211941765
2431.38 3240.54 1211941825
2301.08 3221.56 1211941863
2088.35 3298.62 1211941918
2064.41 3498.55 1211941978
2049.34 3595.72 1211942023
2005.02 3874.96 1211942069
1966.91 4131.86 1211942129
2020.98 4444.63 1211942190
2330.33 4494.9 1211942250
2208.89 4483.73 1211942310
2208.89 4483.73 1211942325
2208.89 4488.2 1211942334
2208.89 4488.2 1211942336
2335.65 4436.81 1211942396
2541.29 4224.58 1211942478
2710.59 4077.13 1211942544
2891.42 3890.6 1211942599
2913.58 3597.95 1211942659
2831.14 3325.43 1211942719
2414.54 3256.18 1211942779
2414.54 3256.18 1211942786
2414.54 3256.18 1211942806
1657.56 3143.38 1211942842
1173.59 3069.66 1211942902
1082.29 3110.99 1211942963
967.943 3809.06 1211943028
838.529 4603.25 1211943083
818.142 4755.17 1211943125
818.142 4755.17 1211943137
766.731 4779.75 1211943138
686.956 4593.2 1211943198
407.741 4525.06 1211943258
20.3871 4552.98 1211943318
-194.12 4519.47 1211943378
-182.597 4420.06 1211943417
-78.0027 4317.29 1211943476
13.2959 4140.8 1211943535
191.461 4148.62 1211943568
151.573 4233.51 1211943659
122.322 4379.84 1211943709
122.322 4378.73 1211943736
682.524 4547.4 1211943810
979.466 4694.85 1211943856
979.466 4694.85 1211943875
940.465 4941.73 1211943916
1338.46 5080.25 1211943962
1345.55 5179.68 1211944022
1356.18 5190.85 1211944075
1384.55 5188.62 1211944077
1384.55 5188.62 1211944092
1127.49 4947.32 1211944145
390.014 4827.79 1211944197
381.15 4817.73 1211944250
84.2075 4773.05 1211944283
-69.1388 4755.17 1211944343
-53.1837 4527.29 1211944403
-30.1374 4372.02 1211944473
94.8442 4296.06 1211944523
12.4095 4292.71 1211944583
13.2959 4287.13 1211944661
15.0687 4281.54 1211944705
11.5231 4291.6 1211944772
15.0687 4286.01 1211944828
12.4095 4290.48 1211944888
13.2959 4292.71 1211944943
18.6143 4294.95 1211945003
15.0687 4284.89 1211945070
15.0687 4303.88 1211945124
15.0687 4298.3 1211945184
13.2959 4293.83 1211945249
9.75034 4279.31 1211945304
12.4095 4286.01 1211945364
11.5231 4290.48 1211945429
9.75034 4278.19 1211945484
14.1823 4292.71 1211945549
7.97755 4273.72 1211945606
15.0687 4293.83 1211945675
16.8415 4306.12 1211945727
15.9551 4303.88 1211945799
16.8415 4296.06 1211945848
16.8415 4296.06 1211945908
11.5231 4293.83 1211945968
10.6367 4292.71 1211946032
10.6367 4292.71 1211946089
11.5231 4287.13 1211946150
12.4095 4286.01 1211946233
12.4095 4290.48 1211946285
15.0687 4290.48 1211946337
12.4095 4290.48 1211946384
10.6367 4287.13 1211946446
8.86394 4284.89 1211946500
7.97755 4284.89 1211946548
11.5231 4284.89 1211946612
12.4095 4286.01 1211946673
13.2959 4286.01 1211946728
12.4095 4286.01 1211946793
11.5231 4288.25 1211946853
9.75034 4292.71 1211946908
5.31837 4292.71 1211946968
7.09116 4289.36 1211947033
9.75034 4284.89 1211947104
8.86394 4286.01 1211947149
7.97755 4288.25 1211947215
8.86394 4289.36 1211947270
10.6367 4289.36 1211947332
7.97755 4291.6 1211947390
8.86394 4290.48 1211947419
10.6367 4287.13 1211947482
9.75034 4288.25 1211947538
9.75034 4288.25 1211947598
11.5231 4288.25 1211947663
10.6367 4293.83 1211947718
10.6367 4288.25 1211947778
11.5231 4288.25 1211947838
11.5231 4288.25 1211947898
11.5231 4287.13 1211947964
11.5231 4287.13 1211948019
10.6367 4296.06 1211948082
9.75034 4290.48 1211948139
8.86394 4287.13 1211948199
16.8415 4294.95 1211948264
15.0687 4289.36 1211948319
9.75034 4286.01 1211948379
7.97755 4291.6 1211948439
7.97755 4289.36 1211948466
9.75034 4283.78 1211948531
8.86394 4281.54 1211948586
8.86394 4284.89 1211948646
8.86394 4284.89 1211948659
9.75034 4283.78 1211948707
10.6367 4283.78 1211948767
10.6367 4283.78 1211948828
11.5231 4281.54 1211948888
12.4095 4281.54 1211948948
11.5231 4286.01 1211949009
8.86394 4284.89 1211949129
8.86394 4284.89 1211949153
11.5231 4283.78 1211949215
11.5231 4280.43 1211949273
-12.4095 4310.59 1211949333
136.505 4284.89 1211949393
292.51 4166.49 1211949455
358.99 3861.55 1211949511
421.924 3424.83 1211949571
421.924 3424.83 1211949585
464.471 3259.53 1211949631
735.707 3296.39 1211949680
735.707 3296.39 1211949681
1020.24 3347.77 1211949741
1182.45 3371.22 1211949806
1143.45 3669.44 1211949861
1455.46 4022.4 1211949921
2532.43 4200 1211949978
2422.52 4345.21 1211950062
2075.05 4649.05 1211950123
1940.32 4758.53 1211950183
1940.32 4759.64 1211950229
1848.13 4813.26 1211950298
1895.11 4530.64 1211950338
1956.27 4144.15 1211950394
2008.57 3794.54 1211950456
1941.2 3495.2 1211950517
1943.86 3280.75 1211950578
1742.65 3147.84 1211950638
1724.92 3141.14 1211950699
1724.04 3142.26 1211950759
1722.26 3145.61 1211950820
1727.58 3143.38 1211950885
1728.47 3142.26 1211950956
1728.47 3137.79 1211951001
1729.36 3141.14 1211951067
1727.58 3151.2 1211951131
1727.58 3144.49 1211951181
1732.01 3145.61 1211951242
1733.79 3143.38 1211951311
1734.67 3155.66 1211951362
1732.9 3143.38 1211951422
1615.01 3131.09 1211951482
1509.53 3198.1 1211951546
1465.21 3515.3 1211951602
1433.3 3705.18 1211951667
1382.78 4002.29 1211951722
1345.55 4226.81 1211951787
1278.18 4683.68 1211951842
1521.94 4865.77 1211951900
1529.92 4866.88 1211951960
1536.12 4861.3 1211952028
1536.12 4868 1211952086
1537.01 4873.59 1211952141
1644.26 4880.29 1211952216
1576.01 4869.12 1211952261
1578.67 4869.12 1211952333
1544.1 4919.39 1211952381
1720.49 4669.16 1211952446
1750.63 4348.57 1211952493
1834.84 3948.68 1211952553
1853.45 3659.39 1211952613
2173.44 3561.1 1211952673
2211.55 3599.07 1211952733
2215.99 3587.9 1211952794
2223.96 3578.97 1211952842
2207.12 3539.87 1211952868
2131.78 3532.06 1211952879
2131.78 3533.17 1211952888
1908.41 3504.13 1211952948
1995.27 3010.47 1211953010
2094.55 2449.83 1211953068
2504.06 2186.28 1211953139
2862.17 2249.93 1211953189
3374.5 2746.9 1211953249
3947.11 3420.36 1211953309
4010.93 3438.24 1211953339
4010.93 3439.35 1211953345
3982.57 3134.44 1211953385
3707.79 2831.78 1211953407
3601.42 2718.98 1211953441
3436.55 2860.81 1211953482
3485.3 2913.31 1211953545
3433.01 2879.8 1211953605
3428.57 2878.68 1211953666
3442.76 2879.8 1211953726
3445.42 2876.45 1211953788
3444.53 2876.45 1211953792
3245.09 3045.09 1211953855
3183.93 3095.35 1211953869
2895.85 2678.77 1211953929
2410.11 2344.86 1211953994
1764.81 1709.45 1211954050
1377.46 1295.17 1211954119
1408.48 717.901 1211954170
1234.75 343.87 1211954233
1230.32 326.006 1211954251
1176.25 526.976 1211954303
604.521 694.454 1211954363
612.499 800.525 1211954429
592.998 867.518 1211954489
605.407 676.59 1211954544
828.779 285.813 1211954608
390.014 110.528 1211954663
77.1163 84.8497 1211954725
103.708 317.075 1211954784
381.15 600.666 1211954822
804.846 1021.6 1211954882
904.122 1402.37 1211954942
944.896 1624.58 1211955012
1194.86 1669.25 1211955062
1121.29 1976.33 1211955123
1129.27 1875.83 1211955147
990.989 1853.5 1211955183
989.216 1845.68 1211955192
1117.74 1918.27 1211955261
1004.28 1706.1 1211955311
1071.65 1339.84 1211955371
1565.37 1072.97 1211955432
2582.07 1359.93 1211955492
3523.42 2483.34 1211955546
4539.23 3566.68 1211955605
5502.74 4692.62 1211955648
6514.11 5828.77 1211955694
7843.7 6451.09 1211955744
9261.94 6787.41 1211955792
10707.6 7095.81 1211955841
12156.9 7420.98 1211955889
12414.8 8573.15 1211955954
12984.8 8862.62 1211956016
13055.7 9241.51 1211956072
13008.7 9444.93 1211956130
13007 9448.29 1211956196
13002.5 9461.7 1211956203
13043.3 9288.45 1211956251
13139.9 8914.03 1211956310
12382.9 8731.85 1211956371
12423.7 8348.52 1211956431
11713.7 7333.82 1211956503
10816.7 7193.02 1211956551
9793.77 6913.67 1211956611
8307.29 6622.04 1211956663
6923.63 6082.38 1211956714
5831.59 5076.9 1211956765
4845.03 3916.29 1211956820
3837.2 2800.51 1211956872
3027.92 2075.72 1211956932
2745.16 2370.54 1211956992
2576.75 2543.64 1211957052
2435.81 2756.95 1211957112
2234.6 2879.8 1211957172
2055.55 2971.38 1211957233
1515.73 2887.62 1211957292
1385.43 3071.9 1211957352
1329.59 3300.86 1211957415
1341.11 3307.56 1211957472
1342.89 3308.67 1211957532
1348.21 3314.26 1211957599
1334.02 3307.56 1211957654
1334.91 3312.03 1211957715
1348.21 3320.96 1211957775
1334.02 3307.56 1211957844
1347.32 3313.14 1211957899
1346.43 3313.14 1211957943
1637.17 3353.35 1211958097
1750.63 3036.16 1211958098
2108.73 3084.18 1211958120
1930.57 3377.92 1211958176
1591.96 3338.83 1211958236
1094.7 3258.42 1211958290
782.686 3205.92 1211958335
270.35 3119.92 1211958396
-334.171 3013.82 1211958457
-361.649 3009.35 1211958482
-358.99 2689.94 1211958543
-276.555 2200.8 1211958602
-218.053 1837.86 1211958662
-154.233 1362.17 1211958722
-31.0238 1032.77 1211958782
39.0014 318.191 1211958844
44.3197 238.921 1211958904
58.502 96.0143 1211958942
268.578 99.3636 1211959002
631.999 128.391 1211959065
1036.2 156.303 1211959123
1240.95 339.404 1211959183
1034.42 523.626 1211959244
1084.95 880.917 1211959304
1215.25 553.772 1211959376
1418.23 507.995 1211959425
1351.75 5.58219 1211959486
1246.27 291.396 1211959550
1205.5 886.5 1211959607
1363.27 946.794 1211959666
1364.16 947.911 1211959727
1368.59 950.144 1211959786
1401.39 745.815 1211959846
1423.55 467.801 1211959906
1266.66 179.749 1211959966
1265.77 -59.171 1211960026
1284.39 -342.739 1211960087
1320.73 -833.937 1211960147
1353.52 -1269.29 1211960208
1249.82 -1801.73 1211960269
1294.14 -1349.66 1211960329
1736.45 -1334.04 1211960395
2218.65 -1320.64 1211960449
3188.36 -1184.46 1211960510
3747.68 -1088.45 1211960573
3589.01 -932.173 1211960631
3588.12 -933.289 1211960691
3577.49 -955.615 1211960752
3576.6 -955.615 1211960812
3575.72 -958.964 1211960878
3576.6 -962.313 1211960938
3561.53 -972.36 1211960993
3557.1 -983.523 1211961056
3562.42 -985.756 1211961119
3576.6 -980.174 1211961177
3612.06 -982.407 1211961235
3687.4 -922.126 1211961295
