3284.09 3939.74 1211179160
3341.71 3941.98 1211179190
3159.11 3905.12 1211179262
3375.39 3922.99 1211179323
3357.66 3880.54 1211179384
3450.73 3906.23 1211179444
3450.73 3906.23 1211179504
3392.23 3887.24 1211179564
3559.76 3861.55 1211179623
3552.67 3871.61 1211179683
3644.85 4426.76 1211179783
3495.05 3843.68 1211179843
3479.1 3844.8 1211179903
3588.12 3844.8 1211179962
3559.76 3892.83 1211180022
2879.01 3650.45 1211180082
2598.91 3582.32 1211180143
2046.68 3638.16 1211180203
1625.65 3548.81 1211180264
1487.37 3528.71 1211180312
1487.37 3528.71 1211180316
1283.5 3671.67 1211180374
1254.25 3882.78 1211180631
1150.54 3562.21 1211180632
1081.4 3040.63 1211180633
1249.82 3182.47 1211180679
1256.91 3170.18 1211180690
1357.96 3229.38 1211180752
1285.27 3692.89 1211180811
1280.84 3711.88 1211180829
1052.15 3761.03 1211180889
884.622 3738.69 1211180916
885.508 3737.57 1211180918
913.873 3745.39 1211180942
799.528 3878.31 1211181002
688.728 4236.86 1211181054
807.505 4253.62 1211181115
881.962 4351.92 1211181175
1028.22 4298.3 1211181235
1287.04 4003.41 1211181295
2217.76 4150.85 1211181355
2226.62 4366.44 1211181416
2318.81 4698.2 1211181476
2451.77 4728.36 1211181506
2452.65 4728.36 1211181508
2444.68 4731.72 1211181567
2318.81 4497.13 1211181627
2361.35 4388.78 1211181687
2446.45 4315.05 1211181710
2650.32 4135.21 1211181770
2910.92 3845.92 1211181830
2991.58 3973.25 1211181896
3440.98 3807.94 1211181951
3404.64 3784.48 1211181989
3390.46 3775.55 1211182050
3378.05 3767.73 1211182110
3378.05 3764.38 1211182170
3375.39 3757.68 1211182230
3371.84 3754.33 1211182290
3381.59 3758.79 1211182342
3377.16 3756.56 1211182387
3373.62 3752.09 1211182447
3380.71 3767.73 1211182507
3376.28 3759.91 1211182551
3381.59 3756.56 1211182583
3381.59 3755.44 1211182710
3394 3761.03 1211182770
3370.07 3701.83 1211182830
3440.98 3753.21 1211182890
3440.98 3752.09 1211182978
3378.94 3715.23 1211183044
3371.84 3705.18 1211183104
3384.25 3708.53 1211183180
3378.05 3700.71 1211183240
3383.37 3706.3 1211183301
3367.41 3680.61 1211183365
3363.87 3675.02 1211183426
3367.41 3685.08 1211183482
3388.69 3698.48 1211183520
3383.37 3710.77 1211183580
3382.48 3695.13 1211183640
3466.69 3764.38 1211183700
3414.39 3723.05 1211183760
3412.62 3721.93 1211183820
3414.39 3723.05 1211183842
3414.39 3724.17 1211184015
3464.03 3753.21 1211184064
3361.21 3936.39 1211184300
3428.57 3802.36 1211184366
3497.71 3499.67 1211184423
3414.39 3087.53 1211184483
3141.38 2821.73 1211184543
3074.02 2456.53 1211184604
2838.23 1888.11 1211184664
2704.39 528.092 1211184726
2882.55 -893.102 1211184786
2562.57 -1259.25 1211184817
2346.29 -1310.59 1211184877
2118.48 -1316.17 1211184901
1734.67 -1274.87 1211184966
1742.65 -1260.36 1211185005
1747.08 -1250.32 1211185030
1732.9 -1252.55 1211185055
1732.9 -1274.87 1211185120
1738.22 -1264.83 1211185176
1736.45 -1255.9 1211185236
1737.33 -1255.9 1211185296
1734.67 -1283.8 1211185358
1733.79 -1287.15 1211185429
1814.45 -1332.92 1211185484
2200.92 -1322.87 1211185544
3239.77 -1179.99 1211185604
3747.68 -1008.08 1211185664
3676.76 -914.312 1211185716
3581.03 -957.848 1211185749
3581.03 -955.615 1211185808
3580.15 -955.615 1211185869
3577.49 -954.499 1211185929
3577.49 -956.732 1211185993
3577.49 -960.081 1211186049
3567.74 -969.011 1211186112
3588.12 -970.127 1211186169
3571.28 -972.36 1211186229
3575.72 -975.709 1211186289
3560.65 -976.825 1211186350
3562.42 -976.825 1211186413
3635.1 -983.523 1211186458
