3909.89 -16238.1 1211231725
3433.89 -16164.6 1211231978
3245.98 -15675.4 1211231992
2611.32 -12825.6 1211232113
3706.9 -10225.8 1211232205
3892.16 -7308.29 1211232315
3631.56 -5849.16 1211232362
3175.06 -4416.56 1211232418
2792.14 -3192.39 1211232478
2807.21 -2674.55 1211232540
3733.49 -1502.59 1211232557
3846.95 12.2808 1211232616
3350.57 1308.57 1211232685
3854.04 1947.3 1211232736
3865.57 1975.22 1211232796
3693.61 2189.63 1211232856
3446.3 2447.6 1211232921
3198.11 2713.39 1211232977
2913.58 3009.35 1211233036
2925.1 3125.51 1211233101
2442.02 3041.74 1211233160
2390.61 3048.44 1211233177
2390.61 3048.44 1211233182
2386.17 3052.91 1211233242
2315.26 3039.51 1211233302
2123.8 2937.88 1211233378
2184.08 3236.08 1211233423
2565.23 3361.17 1211233496
2838.23 3604.66 1211233543
3061.61 3592.37 1211233604
2973.85 3513.07 1211233664
2676.02 3507.48 1211233724
1863.2 3383.51 1211233784
1746.2 3581.2 1211233847
1693.01 3927.46 1211233904
1693.01 3927.46 1211233923
1819.77 3888.36 1211233984
1902.2 3680.61 1211234045
1914.61 3499.67 1211234105
2173.44 3517.54 1211234166
2272.72 3553.28 1211234195
2592.7 3614.71 1211234257
2843.55 3727.52 1211234315
2847.99 3668.32 1211234384
3069.58 3612.47 1211234435
3074.02 3660.5 1211234496
3010.2 3558.86 1211234578
3032.36 3879.43 1211234643
2882.55 3901.76 1211234700
2937.51 3949.79 1211234709
2833.8 3820.23 1211234770
2520.02 3726.4 1211234830
2545.72 3367.87 1211234897
2543.95 3314.26 1211234910
2570.54 3195.87 1211234982
2571.43 3186.93 1211234989
2567 3141.14 1211235048
2696.41 3141.14 1211235104
2777.96 3176.88 1211235141
2815.19 3440.47 1211235201
2725.66 3805.71 1211235267
2855.08 3851.5 1211235321
2924.22 3714.12 1211235381
3026.15 3286.34 1211235442
3005.76 3288.57 1211235503
2998.67 3256.18 1211235528
3222.93 3436 1211235589
3387.8 3599.07 1211235659
3378.05 3442.7 1211235714
3440.98 3676.14 1211235770
3498.6 3782.25 1211235829
3611.17 3698.48 1211235869
3824.79 3461.69 1211235930
4007.39 3392.44 1211235985
4216.58 3128.86 1211236049
4191.76 2817.26 1211236104
3940.02 2496.74 1211236160
3676.76 2247.7 1211236225
3372.73 1938.37 1211236280
3114.79 1675.95 1211236356
3162.66 1514.03 1211236402
3823.91 -774.771 1211236511
3745.9 -994.686 1211236635
3586.35 -935.522 1211236674
3595.22 -961.197 1211236761
3601.42 -973.476 1211236827
3630.67 -936.638 1211236887
3651.95 -928.824 1211236954
