4205.06 -16067.7 1211442355
3656.38 -16434.2 1211442421
4745.76 -17475.9 1211442470
4178.46 -17883.7 1211442527
4012.71 -17708.8 1211442580
4026 -17699.9 1211442600
4026.89 -17696.5 1211442660
4026 -17696.5 1211442720
4034.87 -17693.2 1211442780
4038.41 -17694.3 1211442840
4022.46 -17693.2 1211442900
4182.01 -17911.5 1211442960
4572.91 -17823.5 1211443021
3937.36 -16742.9 1211443141
4185.55 -16121.1 1211443206
4410.7 -16018.6 1211443268
4410.7 -16018.6 1211443282
4344.22 -16174.6 1211443329
4310.54 -15925 1211443389
3728.18 -16220.3 1211443428
3196.34 -15552.9 1211443477
2910.03 -14068.4 1211443527
2598.02 -12554.8 1211443562
2889.65 -11057.6 1211443604
2889.65 -11057.6 1211443618
3920.52 -9940.32 1211443657
4091.6 -8391.32 1211443688
3825.68 -6886.65 1211443736
3557.1 -5405.13 1211443777
3042.11 -3963.51 1211443822
2737.19 -2926.78 1211443882
3602.31 -1719.13 1211443902
3853.16 -232.216 1211443956
3362.98 1189.09 1211444010
3683.86 1777.56 1211444073
3803.52 2063.44 1211444132
3668.79 2224.25 1211444192
3127.2 2780.4 1211444254
2850.64 3043.98 1211444314
3104.15 3047.33 1211444374
3126.31 2794.92 1211444435
2986.26 2903.25 1211444495
2621.07 2564.86 1211444555
2445.56 2649.74 1211444615
2430.49 2928.94 1211444676
2574.09 2970.26 1211444736
2703.5 3165.71 1211444798
3003.99 3223.79 1211444857
3176.84 3393.56 1211444923
3536.71 3735.34 1211444980
3702.47 3612.47 1211445040
3711.33 3591.25 1211445058
3603.19 3258.42 1211445118
3304.48 2963.56 1211445178
3134.29 2782.64 1211445239
2777.07 2375.01 1211445298
2356.92 2007.6 1211445353
1867.63 1778.68 1211445400
1449.25 1926.08 1211445460
1088.49 1755.23 1211445522
351.012 1634.63 1211445581
-419.265 1515.15 1211445641
-1138.13 1397.9 1211445702
-1708.08 997.04 1211445765
-2251.44 679.939 1211445824
-2714.14 647.56 1211445888
-3347.91 616.297 1211445933
-4435.52 554.889 1211446018
-4923.92 312.609 1211446054
-5477.03 276.881 1211446114
-5516.92 59.1714 1211446174
-5516.92 59.1714 1211446222
-5517.81 59.1714 1211446223
-5771.31 58.055 1211446276
-6187.03 40.1919 1211446336
-6521.2 174.166 1211446397
-6607.18 704.503 1211446457
-6698.48 1707.21 1211446517
-6453.84 2206.38 1211446577
-5785.5 2150.54 1211446637
-4939.88 2187.39 1211446697
-4082.73 2237.65 1211446757
-3286.75 2282.32 1211446818
-2652.09 2315.82 1211446870
-2198.26 2344.86 1211446930
-1862.31 2366.07 1211446991
-1377.46 2428.61 1211447053
-1060.13 2471.05 1211447113
-623.135 2563.74 1211447172
-285.419 2223.13 1211447237
-189.688 1635.75 1211447292
-206.53 1514.03 1211447352
-206.53 1514.03 1211447417
-217.167 1511.8 1211447477
-208.303 1510.68 1211447533
-215.394 1511.8 1211447593
-159.551 1463.78 1211447653
-79.7755 1112.05 1211447713
18.6143 528.092 1211447773
59.3884 206.544 1211447834
59.3884 206.544 1211447850
52.2973 235.572 1211447851
13.2959 725.717 1211447912
-138.278 1346.54 1211447972
-334.171 1533.01 1211448032
-1029.1 1422.47 1211448092
-1642.49 1390.08 1211448154
-2010.34 1579.91 1211448214
-2699.07 1495.05 1211448275
-2983.6 1806.6 1211448335
-3009.31 2280.08 1211448396
-2985.38 2297.95 1211448450
-2964.1 2299.07 1211448452
-2630.82 2320.29 1211448513
-2169.89 2348.21 1211448572
-1700.99 2380.59 1211448633
-887.281 2617.35 1211448702
-252.622 2610.65 1211448752
733.935 2771.47 1211448813
1007.83 2807.21 1211448878
1204.61 2742.43 1211448933
1537.89 2794.92 1211448993
1623.87 2796.04 1211449062
1622.99 2797.16 1211449114
1622.99 2798.27 1211449180
1617.67 2794.92 1211449235
1620.33 2812.79 1211449295
1620.33 2806.09 1211449356
1622.99 2798.27 1211449416
1620.33 2812.79 1211449476
1740.88 2682.12 1211449536
1842.81 2096.94 1211449598
2210.67 1722.85 1211449657
2671.59 1260.56 1211449717
2931.31 1490.58 1211449777
3400.21 936.745 1211449838
3827.45 -459.96 1211449898
3822.13 -1113.01 1211449959
3732.61 -1069.48 1211450019
3732.61 -1070.59 1211450079
3732.61 -1069.48 1211450117
3733.49 -1069.48 1211450178
3732.61 -1068.36 1211450243
3730.83 -1063.9 1211450303
3730.83 -1063.9 1211450324
3730.83 -1063.9 1211450370
