3683.86 -954.499 1212069314
3668.79 -980.174 1212069369
3579.26 -1069.48 1212069439
3495.94 -1124.18 1212069489
3074.9 -1185.57 1212069549
2941.94 -693.279 1212069609
2742.5 -638.578 1212069670
2699.96 -643.043 1212069698
2632.59 -647.509 1212069735
2768.21 -685.464 1212069795
2773.53 -689.93 1212069831
2612.2 -649.741 1212069891
2593.59 -789.284 1212069951
2156.6 -833.937 1212070018
1959.82 -839.519 1212070079
1760.38 -869.659 1212070142
1579.55 -871.892 1212070198
1563.6 -862.961 1212070217
1511.3 -648.625 1212070277
1489.14 -347.205 1212070337
1455.46 71.4524 1212070397
1412.91 652.026 1212070457
1396.96 1069.62 1212070517
1498.01 1382.27 1212070577
1629.19 1559.81 1212070637
1807.36 1729.55 1212070697
1960.7 1897.05 1212070757
2186.74 2123.74 1212070817
1942.09 2401.81 1212070877
1978.43 2645.27 1212070938
2395.04 2702.23 1212070998
2382.63 2724.56 1212071060
2371.11 2720.1 1212071129
2377.31 2717.86 1212071164
2469.49 2634.1 1212071217
2785.94 2321.4 1212071273
2977.4 2122.62 1212071333
2985.38 2110.34 1212071393
2990.69 1911.57 1212071450
2990.69 1911.57 1212071465
2990.69 1912.68 1212071467
3116.56 1962.93 1212071528
3026.15 2088.01 1212071588
2883.44 2243.23 1212071648
2603.34 2516.84 1212071708
2414.54 2740.2 1212071770
2387.06 2706.69 1212071829
2455.31 2688.82 1212071890
2407.45 2701.11 1212071950
2383.51 2694.41 1212072010
2396.81 2716.74 1212072052
2445.56 2676.54 1212072116
2822.28 2272.27 1212072176
2986.26 2099.17 1212072232
2421.63 1537.48 1212072292
2348.06 1460.43 1212072347
1974 1022.72 1212072412
1988.18 730.183 1212072467
2145.07 545.956 1212072527
2145.07 547.073 1212072558
2147.73 544.84 1212072586
2147.73 544.84 1212072588
2156.6 472.267 1212072652
2005.91 557.122 1212072713
1975.77 936.745 1212072768
1803.81 1067.38 1212072828
2075.05 1463.78 1212072889
2031.62 1630.16 1212072954
1737.33 1916.03 1212073010
1824.2 2037.75 1212073070
1943.86 1994.2 1212073131
2169.01 2217.55 1212073191
2067.07 2319.17 1212073251
1942.98 2405.16 1212073311
2226.62 2676.54 1212073366
2402.13 2704.46 1212073464
2377.31 2751.37 1212073510
2389.72 2760.3 1212073570
2373.76 2763.65 1212073620
2381.74 2775.94 1212073689
2338.31 2749.13 1212073740
2365.79 2718.98 1212073800
2406.56 2707.81 1212073815
2381.74 2721.21 1212073874
2419.86 2648.62 1212073936
2282.47 2477.75 1212073997
1891.57 2313.59 1212074053
1592.85 2259.98 1212074112
1498.01 2261.1 1212074146
1498.89 2258.87 1212074148
1389.87 2235.41 1212074208
1371.25 2281.2 1212074269
1630.97 2410.75 1212074330
1727.58 2578.26 1212074390
1954.5 2647.5 1212074443
2300.19 2692.18 1212074499
2378.2 2698.88 1212074559
2371.11 2707.81 1212074614
2379.97 2693.29 1212074685
2379.97 2707.81 1212074735
2406.56 2713.39 1212074797
2414.54 2731.26 1212074855
2415.42 2721.21 1212074924
2415.42 2722.33 1212074975
2412.77 2723.45 1212075004
2409.22 2720.1 1212075064
2407.45 2721.21 1212075124
2408.33 2716.74 1212075203
2407.45 2714.51 1212075227
2415.42 2720.1 1212075303
2410.99 2722.33 1212075313
2376.42 2618.47 1212075373
2137.1 2563.74 1212075459
1744.42 2504.55 1212075518
1281.73 2416.33 1212075576
1178.9 2405.16 1212075649
759.64 2342.62 1212075696
19.5007 2225.36 1212075756
-781.8 2102.52 1212075817
-987.443 2069.02 1212075880
-1555.62 1902.63 1212075938
-1524.6 1677.06 1212076000
-1547.64 1582.15 1212076056
-1548.53 1585.5 1212076057
-1522.83 1607.83 1212076117
-1196.63 1707.21 1212076167
-1061.9 1729.55 1212076188
-950.215 1818.88 1212076217
-1256.91 2303.54 1212076281
-1768.36 2219.78 1212076349
-2227.51 2136.02 1212076405
-2535.09 2119.27 1212076435
-2629.93 2115.92 1212076453
-2646.77 2110.34 1212076488
-2623.73 2253.28 1212076547
-2651.21 2752.48 1212076630
-2473.04 2897.67 1212076755
-2465.95 2892.09 1212076819
-2466.84 2892.09 1212076851
-2456.2 2659.79 1212076916
-2443.79 2359.37 1212076976
-2433.15 2241 1212077032
-2418.08 1922.73 1212077092
-2682.23 1690.46 1212077152
-2679.57 1411.3 1212077212
-3016.4 1030.54 1212077282
-2726.55 685.522 1212077333
-2546.61 231.106 1212077458
-2486.34 -259.01 1212077518
-2275.37 -1011.43 1212077575
-1831.29 -1521.56 1212077640
-1520.17 -1620.91 1212077694
-1448.37 -1628.72 1212077756
-1251.59 -1879.87 1212077820
-598.316 -2493.74 1212077883
-194.12 -2889.95 1212077941
78.0027 -2959.14 1212077996
132.959 -3013.83 1212078049
132.959 -3013.83 1212078052
132.959 -3011.6 1212078111
132.073 -3010.48 1212078171
136.505 -2984.81 1212078202
433.447 -3335.24 1212078259
626.681 -3209.13 1212078320
1037.97 -2508.25 1212078400
908.554 -2270.52 1212078490
960.852 -2435.71 1212078550
82.4347 -3094.18 1212078611
-44.3197 -3160.03 1212078672
-309.352 -3416.7 1212078741
-70.9116 -3699.04 1212078792
148.028 -3454.65 1212078852
117.89 -3471.39 1212078889
387.354 -3306.22 1212078949
331.512 -3041.73 1212079009
119.663 -3026.1 1212079054
119.663 -3027.22 1212079060
139.164 -2979.23 1212079084
347.467 -3141.05 1212079153
639.09 -3364.25 1212079204
858.03 -3475.85 1212079264
983.011 -3510.45 1212079301
781.8 -3894.33 1212079358
558.428 -4273.73 1212079427
382.922 -4567.19 1212079482
378.49 -4577.23 1212079486
615.158 -4184.46 1212079543
883.735 -3726.94 1212079603
1385.43 -3475.85 1212079673
1269.32 -3226.99 1212079734
2418.08 -2843.07 1212079785
3587.24 -1734.76 1212079838
3850.5 -254.544 1212079894
3362.09 1166.76 1212079943
3359.43 1418 1212079991
3466.69 1564.28 1212080051
3595.22 1702.75 1212080111
3660.81 1783.15 1212080173
3882.41 2018.77 1212080232
3418.82 2478.87 1212080299
3360.32 2756.95 1212080354
3467.58 2821.73 1212080415
3445.42 2840.71 1212080441
3440.98 2846.3 1212080443
3386.91 2880.92 1212080504
3006.65 2890.97 1212080624
2925.1 2942.34 1212080695
2868.37 3035.04 1212080755
2618.41 3018.29 1212080816
2313.49 2995.95 1212080876
2363.13 2934.53 1212080932
2374.65 2898.79 1212080988
2384.4 2710.04 1212081048
2365.79 2743.55 1212081099
2372.88 2754.72 1212081159
2376.42 2750.25 1212081219
2375.54 2739.08 1212081279
2364.9 2755.83 1212081339
2380.86 2704.46 1212081390
2457.09 2867.52 1212081455
2467.72 3011.59 1212081510
2433.15 3126.62 1212081570
2427.83 3207.04 1212081630
2331.22 3585.67 1212081691
2298.42 3645.98 1212081753
2206.24 3599.07 1212081801
2204.46 3602.42 1212081803
2191.17 3618.06 1212081864
2220.42 3442.7 1212081924
2266.51 3334.36 1212081960
2761.12 3417.01 1212082026
2702.62 3949.79 1212082080
3054.52 3428.18 1212082140
3096.18 3729.75 1212082205
3070.47 3632.58 1212082261
3066.92 3690.66 1212082285
3066.92 3690.66 1212082291
3086.43 3756.56 1212082351
3278.77 3643.75 1212082416
3294.73 3649.33 1212082474
3124.54 3525.35 1212082581
3074.9 3481.79 1212082640
3080.22 3155.66 1212082686
2957.9 3012.7 1212082754
2884.33 3094.23 1212082804
2660.07 2870.87 1212082868
2410.11 2720.1 1212082926
2357.81 2761.42 1212082989
2374.65 2726.8 1212083053
2392.38 2730.15 1212083105
2366.67 2729.03 1212083150
2424.29 2702.23 1212083207
2792.14 2316.94 1212083267
3077.56 2032.17 1212083327
3465.8 2015.42 1212083388
3461.37 2014.3 1212083392
3545.58 2094.71 1212083452
3856.7 2391.76 1212083512
3870 2156.13 1212083572
3568.62 2329.22 1212083632
3274.34 2630.75 1212083693
3080.22 2831.78 1212083755
2905.6 3030.57 1212083814
2868.37 3080.83 1212083874
2668.05 2893.2 1212083940
2410.11 2731.26 1212083995
2378.2 2731.26 1212084056
2332.1 2729.03 1212084132
2334.76 2731.26 1212084193
2336.54 2732.38 1212084253
2324.13 2734.61 1212084321
2352.49 2726.8 1212084344
2200.92 2767 1212084404
1874.72 2811.67 1212084464
1861.43 3031.69 1212084524
2262.97 3179.12 1212084586
2262.97 3179.12 1212084599
2828.48 3218.21 1212084651
2933.08 3217.09 1212084692
2976.51 3223.79 1212084757
3305.36 3336.6 1212084812
3457.82 3510.83 1212084872
3862.91 3713 1212084932
3766.29 3863.79 1212084992
3680.31 3936.39 1212085015
3667.9 3929.69 1212085021
3643.97 4010.11 1212085082
3643.97 4010.11 1212085099
3306.25 4331.81 1212085150
3236.23 4319.52 1212085170
3127.2 4015.7 1212085226
3184.82 3630.35 1212085300
3347.91 3696.24 1212085356
3330.18 3680.61 1212085407
3196.34 3561.1 1212085468
3152.02 3406.96 1212085527
3039.45 3327.66 1212085587
2704.39 3324.31 1212085658
2431.38 3265.12 1212085708
2251.44 3143.38 1212085767
2358.7 3144.49 1212085830
2418.08 3084.18 1212085889
2406.56 3056.26 1212085921
2187.62 3017.17 1212085980
1697.45 2926.71 1212086040
1322.5 2868.63 1212086112
1128.38 2879.8 1212086166
1049.49 3364.52 1212086227
929.828 4074.9 1212086281
856.257 4506.07 1212086352
698.479 4673.63 1212086402
700.252 4680.33 1212086409
692.274 4583.15 1212086467
988.33 4531.76 1212086527
1010.49 4410 1212086554
883.735 3933.04 1212086635
882.849 3931.92 1212086695
882.849 3931.92 1212086709
883.735 3931.92 1212086798
879.303 3929.69 1212086865
883.735 3934.16 1212086922
882.849 3934.16 1212086949
1083.17 3901.76 1212087014
1130.15 3624.76 1212087070
869.553 3497.43 1212087130
976.807 2683.24 1212087202
1107.99 1949.53 1212087250
1134.58 1817.76 1212087311
1025.56 1614.53 1212087383
1076.97 1349.89 1212087431
2335.65 994.807 1212087494
2691.09 675.473 1212087553
2587.39 53.5892 1212087625
2891.42 -662.021 1212087675
2771.76 -1451.24 1212087735
2603.34 -1885.45 1212087795
2535.09 -2728.12 1212087874
3061.61 -4116.39 1212087902
3557.99 -5530.08 1212087950
3825.68 -7051.74 1212087997
4093.37 -8529.61 1212088041
3856.7 -9997.19 1212088085
2838.23 -11085.4 1212088130
2583.84 -12600.5 1212088185
2827.6 -14059.5 1212088232
3136.06 -15543.9 1212088276
3767.18 -16298.3 1212088336
4080.07 -16228.1 1212088412
4065.89 -16179.1 1212088456
3945.34 -16045.4 1212088503
3915.2 -16084.4 1212088507
3915.2 -16084.4 1212088521
4021.57 -16180.2 1212088566
