2146.85 -1320.64 1212763952
1862.31 -1327.34 1212763996
1569.8 -1332.92 1212764063
1173.59 -1329.57 1212764147
976.807 -1281.57 1212764207
559.315 -1315.06 1212764268
190.575 -1342.97 1212764328
152.46 -1088.45 1212764389
134.732 -865.194 1212764449
104.595 -464.425 1212764510
72.6843 1.11644 1212764574
53.1837 231.106 1212764631
157.778 370.666 1212764691
423.697 633.045 1212764754
626.681 466.684 1212764812
343.921 283.58 1212764873
265.918 -20.0959 1212764933
179.938 -264.592 1212764994
111.686 -620.716 1212765054
138.278 -952.266 1212765118
161.324 -1171.06 1212765178
140.937 -937.754 1212765239
109.913 -535.873 1212765297
-3.54558 -447.679 1212765381
17.7279 -614.018 1212765443
15.0687 -570.48 1212765502
15.9551 -569.364 1212765548
-120.55 -63.6367 1212765651
-137.391 129.508 1212765709
-141.823 221.058 1212765769
-772.936 200.961 1212765834
-972.375 186.447 1212765890
-1054.81 544.84 1212765951
-1323.39 516.927 1212766016
-1817.11 427.607 1212766071
-1898.66 404.161 1212766117
-1898.66 404.161 1212766119
-1899.54 400.811 1212766139
-1541.44 477.85 1212766220
-1508.64 578.335 1212766280
-1579.55 992.574 1212766340
-1585.76 1078.55 1212766392
-1587.53 1084.13 1212766450
-1591.96 1086.37 1212766556
-1590.19 1085.25 1212766616
-1584.87 1084.13 1212766670
-1584.87 1083.02 1212766708
-1584.87 1081.9 1212766732
-1421.78 942.328 1212766792
-1274.64 676.59 1212766855
-1249.82 507.995 1212766975
-1242.73 522.51 1212767033
-1230.32 530.325 1212767093
-1212.59 532.558 1212767147
-1184.22 534.791 1212767190
-1118.63 547.073 1212767252
-1051.26 510.228 1212767276
-1036.2 478.966 1212767365
-1141.68 655.375 1212767425
-1308.32 628.579 1212767485
-1303 621.88 1212767546
-1183.34 652.026 1212767604
-1326.93 621.88 1212767704
-1304.77 608.481 1212767810
-1307.43 611.831 1212767870
-1276.41 622.996 1212767912
-1512.19 700.037 1212767972
-1609.69 1173.46 1212768032
-1615.9 1250.51 1212768093
-1388.98 1464.9 1212768153
-1211.7 1488.35 1212768182
-1205.5 1443.68 1212768223
-1203.72 1440.33 1212768283
-1204.61 1440.33 1212768306
-1196.63 1436.98 1212768371
-1198.41 1436.98 1212768402
-1606.15 1327.55 1212768458
-1625.65 1287.35 1212768520
-1480.28 1243.81 1212768581
-894.372 1337.6 1212768638
-506.131 1396.78 1212768670
162.21 1505.1 1212768732
677.205 1588.85 1212768790
824.347 1608.95 1212768850
1216.13 1668.13 1212768970
1597.28 1790.96 1212769031
2192.94 1576.56 1212769096
2453.54 1845.68 1212769151
3027.04 2399.58 1212769211
3106.81 2482.22 1212769272
3175.95 2551.46 1212769334
3200.77 2581.61 1212769396
3253.07 2621.82 1212769454
3474.67 2844.06 1212769514
3478.21 2841.83 1212769570
3478.21 2842.95 1212769601
3471.12 2849.65 1212769662
3521.65 2905.49 1212769698
3521.65 2905.49 1212769700
3840.75 3242.78 1212769761
3766.29 3376.81 1212769793
3933.82 3308.67 1212769856
3999.41 3390.21 1212769915
3992.32 3391.33 1212769955
4031.32 3341.06 1212770015
4038.41 3316.49 1212770076
4042.85 3313.14 1212770135
4041.96 3306.44 1212770196
3999.41 3304.21 1212770231
3647.51 3505.25 1212770290
3476.44 3743.16 1212770351
3360.32 4029.1 1212770412
3270.8 4005.64 1212770445
2997.79 4112.87 1212770507
2992.47 4115.11 1212770541
2992.47 4115.11 1212770543
2925.99 4492.66 1212770603
2869.26 4916.04 1212770654
2690.21 5073.55 1212770712
2488.11 5171.86 1212770772
2109.62 5100.36 1212770833
2021.87 4768.58 1212770893
1886.25 4548.52 1212770954
1781.65 4143.03 1212771015
1836.61 3781.13 1212771076
1858.77 3635.93 1212771137
1942.98 3291.92 1212771198
1860.54 3153.43 1212771239
1269.32 3081.95 1212771299
1117.74 3064.08 1212771359
1083.17 3060.73 1212771421
1071.65 3105.4 1212771436
1360.62 3161.25 1212771496
2055.55 3289.69 1212771556
2056.44 3509.72 1212771616
1888.02 3628.11 1212771676
1896.88 3537.64 1212771737
1980.21 3476.21 1212771797
2068.84 3514.19 1212771858
2075.05 3494.08 1212771918
2071.5 3501.9 1212771982
2071.5 3501.9 1212772039
2216.87 3453.87 1212772100
1819.77 3367.87 1212772160
1248.04 3269.58 1212772221
1214.36 3294.16 1212772281
1209.93 3290.8 1212772320
1143.45 3675.02 1212772381
985.671 3745.39 1212772443
863.348 3511.95 1212772501
882.849 3405.84 1212772551
893.486 3413.66 1212772606
889.054 3375.69 1212772642
956.42 2874.22 1212772737
1062.79 2265.57 1212772797
1115.08 1931.67 1212772860
1079.63 1756.35 1212772917
1008.72 1716.15 1212772977
1063.67 1362.17 1212773037
1967.8 1041.7 1212773098
2598.91 101.597 1212773158
2781.51 -1389.85 1212773216
2609.55 -2888.83 1212773270
3131.63 -4330.64 1212773319
3595.22 -5728.67 1212773366
3856.7 -7220.17 1212773416
4119.96 -8683.52 1212773461
3758.31 -10138.8 1212773512
2731.87 -11237.1 1212773557
2589.16 -12730.9 1212773606
2847.1 -14226.7 1212773656
3167.97 -15721.1 1212773708
3955.98 -16248.2 1212773773
4078.3 -16189.1 1212773837
4079.19 -16184.6 1212773855
4099.57 -16172.4 1212773954
4231.65 -16111.1 1212774191
4211.26 -16092.2 1212774198
3282.32 -15803.6 1212774260
1518.39 -14140.9 1212774373
91.2986 -14469.7 1212774430
-699.365 -13215.8 1212774479
-1622.1 -12029.7 1212774530
-2625.5 -10912.6 1212774584
-3160.88 -8522.92 1212774675
-2690.21 -5602.6 1212774786
-2135.32 -5551.28 1212774802
-1114.2 -4655.34 1212774864
-1379.23 -4439.99 1212774922
-1379.23 -4534.83 1212774985
-1724.04 -4583.93 1212775042
-1448.37 -4816.01 1212775106
-1431.53 -4955.49 1212775145
-1810.02 -5140.7 1212775205
-1240.07 -4831.64 1212775265
-988.33 -4439.99 1212775327
-1052.15 -4203.43 1212775389
74.4571 -3212.48 1212775444
1521.94 -3154.45 1212775493
2494.31 -2131 1212775548
2911.81 -819.425 1212775610
2717.69 391.879 1212775668
2406.56 1218.12 1212775734
2283.35 1363.28 1212775789
1963.36 1683.76 1212775849
1484.71 1926.08 1212775909
1218.79 2237.65 1212775972
1112.43 2921.12 1212776030
1024.67 3480.68 1212776090
905.009 4200 1212776151
568.179 4538.46 1212776210
216.28 4479.26 1212776271
-143.596 4528.41 1212776331
-211.848 4519.47 1212776391
-216.28 4512.77 1212776453
-216.28 4512.77 1212776475
-216.28 4515 1212776480
-233.122 4511.65 1212776540
-294.283 4500.48 1212776562
-328.852 4385.43 1212776624
131.186 4452.45 1212776684
545.133 4518.36 1212776744
932.487 4375.37 1212776811
1315.41 4416.7 1212776868
1607.03 4389.9 1212776926
1794.06 4225.69 1212776986
1815.34 4095 1212777015
1815.34 4095 1212777017
1664.65 4115.11 1212777077
1295.02 4117.34 1212777138
1186 4298.3 1212777200
1058.35 4296.06 1212777258
904.122 4269.26 1212777318
905.009 4273.72 1212777378
905.009 4271.49 1212777438
905.009 4263.67 1212777498
904.122 4269.26 1212777540
664.796 4230.16 1212777601
321.761 4174.31 1212777665
70.0252 4134.1 1212777711
-86.8667 4000.06 1212777795
-85.0939 3997.82 1212777878
130.3 3816.88 1212777991
505.245 3876.07 1212778031
892.599 3931.92 1212778096
1023.79 3958.73 1212778153
1222.34 3992.24 1212778214
1581.33 4042.5 1212778289
2268.28 4155.32 1212778334
2379.97 4181.01 1212778395
2681.34 4227.93 1212778460
3038.56 4278.19 1212778520
3155.56 4013.46 1212778575
3221.16 3905.12 1212778621
3221.16 3905.12 1212778623
3222.93 3905.12 1212778651
3382.48 3749.86 1212778708
3556.21 3485.15 1212778769
3620.92 3278.52 1212778828
3174.18 2822.84 1212778890
2940.17 2599.48 1212778950
2742.5 2428.61 1212779013
2447.34 2082.42 1212779071
2340.97 2008.72 1212779092
2340.97 2008.72 1212779094
2209.78 2120.39 1212779154
2392.38 2316.94 1212779214
2681.34 2580.5 1212779276
2985.38 2895.44 1212779335
2944.6 2964.68 1212779395
2894.96 3055.14 1212779456
2847.99 3132.21 1212779516
2688.43 2879.8 1212779577
2417.2 2744.67 1212779636
2194.71 2771.47 1212779699
2195.6 2867.52 1212779759
2186.74 2860.81 1212779817
2176.1 2878.68 1212779877
2176.1 2880.92 1212779939
2176.98 2880.92 1212780001
2176.98 2882.03 1212780064
2178.76 2885.38 1212780118
2189.39 2882.03 1212780173
2276.26 2887.62 1212780234
2456.2 2839.59 1212780295
2595.36 2817.26 1212780355
2824.94 2768.12 1212780415
2920.67 2638.57 1212780479
3196.34 2579.38 1212780542
3138.72 2751.37 1212780597
3019.95 2712.28 1212780662
2975.63 2688.82 1212780717
2978.29 2684.36 1212780725
3042.11 2485.57 1212780850
3207.86 2598.36 1212780907
3048.31 2860.81 1212780967
2980.94 2931.17 1212781028
3195.45 2868.63 1212781089
3109.47 2750.25 1212781147
3069.58 2726.8 1212781207
3067.81 2723.45 1212781267
3069.58 2724.56 1212781328
3069.58 2724.56 1212781392
3070.47 2722.33 1212781450
3070.47 2723.45 1212781510
3018.17 2683.24 1212781572
2897.62 2332.57 1212781632
2832.03 2660.9 1212781692
2919.78 2596.13 1212781752
2877.24 2462.12 1212781802
2755.8 2404.04 1212781862
2588.27 2534.71 1212781927
2481.02 2651.97 1212781957
2411.88 2740.2 1212782017
2198.26 2792.69 1212782078
2192.05 2997.07 1212782138
2083.91 3448.29 1212782199
2210.67 3575.62 1212782259
2224.85 3618.06 1212782288
2224.85 3618.06 1212782290
2207.12 3571.15 1212782350
2198.26 3575.62 1212782410
2205.35 3563.33 1212782470
2202.69 3573.38 1212782530
2200.03 3573.38 1212782590
2204.46 3567.8 1212782651
2208.89 3567.8 1212782711
2213.33 3566.68 1212782760
1916.38 3599.07 1212782820
1606.15 3532.06 1212782880
1683.26 3054.03 1212782940
1730.24 2749.13 1212783007
1680.6 2281.2 1212783060
1520.17 2180.69 1212783121
1520.17 2162.83 1212783159
1520.17 2162.83 1212783163
1519.28 2162.83 1212783184
1534.35 2061.2 1212783242
1373.02 2266.68 1212783303
1324.27 2465.47 1212783365
1311.86 2630.75 1212783411
1295.91 2755.83 1212783471
1263.11 2819.49 1212783534
1250.7 2826.19 1212783616
1474.07 2963.56 1212783677
1702.76 2920.01 1212783737
1787.86 2395.11 1212783798
1766.58 1994.2 1212783858
1518.39 1748.53 1212783922
1241.84 1469.36 1212783980
1154.09 1368.87 1212784040
1179.79 1046.17 1212784100
1178.9 1050.64 1212784161
1178.02 1049.52 1212784221
1192.2 1022.72 1212784283
1198.41 1083.02 1212784328
1341.11 1112.05 1212784388
1565.37 1028.3 1212784449
2706.16 404.161 1212784570
2859.51 -1076.18 1212784633
2457.97 -2499.32 1212784683
2994.24 -3905.49 1212784738
3523.42 -5354.92 1212784785
3781.36 -6809.68 1212784833
4050.82 -8315.48 1212784883
3994.09 -9768.59 1212784944
3019.06 -10927.1 1212784998
2565.23 -12341.9 1212785051
2788.6 -13824.4 1212785100
3062.49 -15297.7 1212785147
3768.95 -16298.3 1212785209
4072.98 -16206.9 1212785269
4071.21 -16152.3 1212785350
4065 -16151.2 1212785410
4064.12 -16173.5 1212785468
4079.19 -16162.4 1212785529
4068.55 -16170.2 1212785589
4072.98 -16147.9 1212785653
4028.66 -16062.1 1212785663
3825.68 -16243.7 1212785723
4205.94 -16075.5 1212785818
3287.64 -15880.5 1212785878
2947.26 -14418.4 1212785937
2629.05 -12948.3 1212785998
2657.41 -11446.7 1212786050
3263.7 -10750.9 1212786111
4203.28 -9198.75 1212786151
3969.27 -7722.11 1212786203
3708.67 -6263.06 1212786255
3251.29 -4793.7 1212786310
2894.96 -3441.26 1212786365
1425.32 -3115.39 1212786447
628.454 -3211.36 1212786509
227.803 -3366.49 1212786567
342.148 -3550.62 1212786630
377.604 -3504.87 1212786688
272.123 -3638.78 1212786714
13.2959 -3750.37 1212786774
-95.7306 -3682.3 1212786834
-360.763 -3497.05 1212786874
-579.702 -3811.75 1212786924
-862.462 -4144.29 1212786987
-1053.92 -4142.05 1212787024
-1397.84 -4134.24 1212787111
-1744.42 -4057.25 1212787174
-1934.11 -4001.45 1212787233
-1968.68 -3996.99 1212787286
-2413.65 -3857.5 1212787394
-2804.55 -3604.19 1212787454
-3112.13 -3290.6 1212787521
-3524.3 -3238.15 1212787578
-3543.8 -3309.57 1212787679
-3541.15 -3307.34 1212787740
-3539.37 -3306.22 1212787821
-3570.4 -3106.46 1212787859
-4411.59 -3081.91 1212788043
-4411.59 -3081.91 1212788103
-4411.59 -3083.02 1212788160
-4411.59 -3081.91 1212788223
-4153.64 -3100.88 1212788277
-4023.34 -3096.41 1212788319
-3893.93 -3087.49 1212788325
-3664.35 -2872.09 1212788391
-3629.79 -2852 1212788421
-3219.38 -2837.49 1212788523
-3124.54 -2712.5 1212788546
-3094.4 -2644.42 1212788556
-2984.49 -2507.14 1212788582
-2779.73 -2290.61 1212788640
-2670.71 -2161.14 1212788667
-2325.9 -2232.57 1212788729
-2293.99 -2213.6 1212788755
-2592.7 -2263.82 1212788818
-2616.64 -2249.31 1212788875
-2493.43 -1970.28 1212788936
-2277.15 -1633.19 1212788997
-2209.78 -1118.59 1212789063
-2341.85 -910.963 1212789120
-2483.68 -261.242 1212789178
-2403.9 56.9385 1212789238
-2188.51 291.396 1212789298
-2060.87 337.171 1212789324
-1902.2 389.646 1212789383
-1386.32 505.762 1212789443
-1080.51 711.202 1212789503
-1137.24 1058.45 1212789563
-1171.81 1276.19 1212789628
-905.009 1326.44 1212789685
-361.649 1418 1212789744
356.331 1534.13 1212789806
942.237 1627.93 1212789863
1553.85 1861.31 1212789926
1846.36 1782.03 1212789984
2307.28 2239.88 1212790044
2581.18 2502.32 1212790106
2799.23 2714.51 1212790164
3107.7 3031.69 1212790225
3385.14 3258.42 1212790285
3588.12 3537.64 1212790346
3814.16 3739.81 1212790406
3848.72 3715.23 1212790440
3873.54 3686.19 1212790442
3760.97 3420.36 1212790503
3578.37 3247.25 1212790564
3350.57 2984.78 1212790624
3383.37 2906.6 1212790646
3715.77 2574.91 1212790706
3682.97 2242.11 1212790768
3355 1917.15 1212790808
3088.2 1645.8 1212790868
3771.61 462.218 1212790928
3806.18 -795.982 1212790988
3746.79 -1003.62 1212791095
3585.47 -946.685 1212791156
3584.58 -961.197 1212791216
3583.69 -960.081 1212791278
3576.6 -960.081 1212791337
3583.69 -984.639 1212791398
3583.69 -986.872 1212791434
3584.58 -985.756 1212791492
3669.67 -971.244 1212791557
3697.15 -969.011 1212791615
3618.26 -914.312 1212791674
3618.26 -975.709 1212791734
3660.81 -912.079 1212791794
3664.35 -961.197 1212791854
3669.67 -943.336 1212791915
