4203.28 -16072.1 1211219157
3277 -15862.6 1211219217
2936.62 -14366 1211219270
2620.18 -12891.4 1211219321
2668.93 -11396.5 1211219373
3667.01 -10272.6 1211219424
4158.08 -8785.01 1211219472
3890.39 -7304.95 1211219519
3755.65 -6536.37 1211219543
3381.59 -5084.91 1211219593
2956.13 -3645.48 1211219646
2810.76 -2670.08 1211219706
3735.27 -1473.57 1211219743
3933.82 -809.378 1211219765
3691.83 678.823 1211219816
3581.92 1691.58 1211219876
3879.75 1990.85 1211219937
3556.21 2337.04 1211219999
3368.3 2532.47 1211220058
3037.67 2868.63 1211220123
2873.69 3009.35 1211220178
2865.71 3112.1 1211220241
2879.9 3733.1 1211220302
3068.7 3893.95 1211220363
3113.9 3876.07 1211220417
3115.68 3912.93 1211220475
3159.11 3853.74 1211220536
3159.11 3853.74 1211220555
3104.15 3571.15 1211220630
2963.22 3382.39 1211220694
2963.22 3387.97 1211220696
2908.26 3553.28 1211220759
2484.56 3501.9 1211220816
2366.67 3509.72 1211220877
1775.45 3367.87 1211220938
1224.11 3287.45 1211220998
1207.27 3297.51 1211221058
1206.38 3297.51 1211221061
1193.09 3353.35 1211221121
883.735 3386.86 1211221181
1006.06 2698.88 1211221242
1100.9 2016.54 1211221304
1113.31 1903.75 1211221362
711.775 1635.75 1211221422
752.549 1394.55 1211221482
731.275 1378.92 1211221542
725.957 1380.03 1211221565
598.316 1442.57 1211221624
710.002 1467.13 1211221684
703.797 1480.53 1211221745
715.32 1472.71 1211221805
710.002 1476.06 1211221866
709.116 1474.95 1211221926
710.888 1658.08 1211221992
572.611 1673.71 1211222048
181.711 1617.88 1211222108
-88.6394 1574.33 1211222162
-91.2986 1569.86 1211222307
-89.5258 1570.98 1211222362
-90.4122 1570.98 1211222388
-163.097 1490.58 1211222448
-143.596 1358.82 1211222509
185.256 1393.43 1211222571
612.499 1463.78 1211222630
894.372 1482.76 1211222690
1296.8 1570.98 1211222751
1540.55 1729.55 1211222811
1622.99 1797.66 1211222872
1869.41 1802.13 1211222932
2092.78 2027.7 1211222993
2330.33 2263.33 1211223058
2488.11 2222.01 1211223092
2496.97 2211.96 1211223094
2208.01 2105.87 1211223154
1950.07 2172.88 1211223215
1864.09 2091.36 1211223255
1597.28 1942.83 1211223317
1780.77 1653.61 1211223373
2384.4 1053.99 1211223434
2476.59 646.443 1211223480
2485.45 504.646 1211223540
2477.47 486.782 1211223577
2466.84 485.665 1211223579
2221.3 468.917 1211223641
1800.27 398.578 1211223699
1711.63 553.772 1211223759
1472.3 557.122 1211223820
1436.85 553.772 1211223866
1241.84 537.024 1211223926
1238.29 534.791 1211223935
1152.31 353.919 1211223993
1386.32 363.967 1211224055
1507.76 372.899 1211224117
1791.4 390.763 1211224176
1785.2 999.273 1211224238
1948.29 1046.17 1211224296
2402.13 1008.21 1211224358
2648.55 1208.08 1211224417
2951.69 1509.56 1211224477
3265.48 1820 1211224538
3438.32 1986.38 1211224598
3440.1 1988.62 1211224617
3457.82 2010.95 1211224634
3376.28 1802.13 1211224694
3175.06 1607.83 1211224755
3184.82 1598.9 1211224816
3184.82 1600.01 1211224876
3184.82 1598.9 1211224890
3284.98 1818.88 1211224984
2941.06 2175.11 1211225042
3079.33 2464.35 1211225104
3521.65 2892.09 1211225163
3719.31 3102.05 1211225223
3797.31 3178 1211225284
3729.06 3421.48 1211225344
3456.94 3711.88 1211225405
3452.51 3773.31 1211225423
3434.78 3933.04 1211225449
3286.75 4306.12 1211225508
3133.4 4303.88 1211225569
3101.49 4141.92 1211225629
3144.93 3921.87 1211225689
3093.52 3581.2 1211225751
3137.84 3488.5 1211225811
3029.7 3358.94 1211225875
2836.46 3295.27 1211225934
2682.23 3270.7 1211225953
2414.54 3212.62 1211226017
1673.51 3129.97 1211226074
1247.16 3061.85 1211226135
981.239 3021.64 1211226198
648.841 2861.93 1211226256
627.567 2865.28 1211226269
540.701 2847.41 1211226337
292.51 2806.09 1211226392
204.757 2980.32 1211226452
168.415 3180.23 1211226509
159.551 3218.21 1211226562
135.618 3414.78 1211226614
89.5258 3692.89 1211226670
483.971 3874.96 1211226737
802.187 3925.22 1211226790
921.85 4089.42 1211226850
831.438 4630.06 1211226915
951.101 4866.88 1211226970
1060.13 5036.69 1211227030
1068.99 5141.7 1211227080
1068.99 5141.7 1211227082
1474.96 5214.31 1211227142
1737.33 5250.06 1211227202
1910.18 5284.69 1211227263
1997.05 5300.33 1211227326
1995.27 5296.98 1211227384
1994.39 5298.1 1211227444
1940.32 5169.62 1211227505
1966.91 5019.93 1211227565
2011.23 4722.78 1211227626
2236.37 4491.55 1211227687
2452.65 4301.65 1211227751
2487.22 4296.06 1211227768
2384.4 4374.26 1211227828
2654.75 4440.16 1211227889
2943.72 4267.02 1211227949
3286.75 4323.99 1211228010
3316.89 4471.44 1211228070
3150.25 4713.84 1211228130
3025.26 4879.17 1211228190
2894.08 5022.16 1211228252
2634.36 5214.31 1211228311
2271.83 5240 1211228379
1791.4 5177.44 1211228435
1743.54 5134.99 1211228493
1745.31 5136.11 1211228507
1717.83 5149.52 1211228567
1559.17 5121.59 1211228602
1714.29 4735.07 1211228664
1768.36 4348.57 1211228724
1857.88 3914.05 1211228782
1931.45 3392.44 1211228846
1817.11 3363.4 1211228903
1254.25 3261.77 1211228963
990.103 3232.73 1211229023
918.305 3152.31 1211229051
994.535 2645.27 1211229111
728.616 2339.27 1211229171
327.08 2274.5 1211229231
-293.397 2166.18 1211229291
-1004.28 2018.77 1211229351
-959.965 1713.91 1211229411
-1037.08 1411.3 1211229472
-1701.88 1231.52 1211229533
-2689.32 1392.32 1211229654
-2816.96 1271.72 1211229715
-2817.85 1271.72 1211229754
-2817.85 1271.72 1211229756
-2816.96 1271.72 1211229816
-2956.13 992.574 1211229897
-2733.64 653.142 1211229957
-2867.49 627.462 1211230014
-2857.74 624.113 1211230099
-2857.74 624.113 1211230316
-2440.24 638.628 1211230379
-2403.9 72.5688 1211230437
-2479.25 -395.21 1211230502
-2075.05 -1426.68 1211230558
-1427.1 -1633.19 1211230618
-749.003 -2218.06 1211230678
-478.653 -2758.25 1211230738
-78.0027 -2932.36 1211230800
97.5034 -2968.07 1211230859
389.127 -3272.74 1211230919
771.163 -3235.92 1211230979
1140.79 -3373.18 1211231039
1352.64 -3422.28 1211231069
1435.07 -3441.26 1211231129
1946.52 -3396.62 1211231190
2328.56 -3256 1211231250
2324.13 -3257.12 1211231296
2414.54 -3337.47 1211231354
2584.73 -3133.24 1211231413
2062.64 -3336.35 1211231473
1453.69 -3462.46 1211231533
1453.69 -3462.46 1211231536
1453.69 -3462.46 1211231539
1097.36 -3269.4 1211231603
521.2 -3186.81 1211231659
157.778 -2956.91 1211231720
158.665 -2956.91 1211231736
150.687 -2917.85 1211231764
655.932 -2604.24 1211231824
950.215 -2266.06 1211231884
1057.47 -2205.78 1211231947
1049.49 -2209.13 1211232005
1044.17 -2211.37 1211232065
1040.63 -2209.13 1211232125
1040.63 -2209.13 1211232185
1040.63 -2209.13 1211232216
1037.08 -2210.25 1211232280
1047.72 -2199.09 1211232336
1146.99 -1860.89 1211232397
1193.09 -1553.93 1211232457
1341.11 -1347.43 1211232517
1723.15 -1336.27 1211232577
1740.88 -1335.15 1211232608
1743.54 -1335.15 1211232610
2018.32 -1325.1 1211232633
2137.1 -1174.41 1211232694
2263.85 -1010.31 1211232754
2387.95 -1288.27 1211232816
2808.1 -1216.83 1211232879
3377.16 -1171.06 1211232934
3526.08 -1161.01 1211232997
3722.86 -924.359 1211233049
3584.58 -963.43 1211233112
3577.49 -969.011 1211233133
3573.94 -963.43 1211233254
3634.22 -946.685 1211233312
3639.54 -926.591 1211233339
3639.54 -926.591 1211233342
3639.54 -927.708 1211233362
3638.65 -926.591 1211233371
3638.65 -926.591 1211233380
3638.65 -926.591 1211233384
3638.65 -926.591 1211233393
3638.65 -926.591 1211233397
3638.65 -926.591 1211233399
3638.65 -926.591 1211233405
3638.65 -925.475 1211233461
