2704.39 2810.56 1212343266
2734.53 2840.71 1212343327
2691.09 2793.81 1212343387
2859.51 2936.76 1212343449
2817.85 2901.02 1212343511
2773.53 2851.88 1212343569
2750.48 2832.89 1212343630
2746.05 2823.96 1212343688
2734.53 2806.09 1212343749
2730.09 2798.27 1212343773
2715.91 2787.1 1212343837
2730.98 2735.73 1212343870
2932.19 2559.28 1212343930
3449.85 2044.45 1212343990
3651.95 2203.03 1212344050
3866.45 2405.16 1212344110
4057.91 2232.06 1212344170
4062.35 2224.25 1212344189
3873.54 2156.13 1212344248
3890.39 2423.03 1212344307
3686.51 2627.4 1212344368
3432.12 2846.3 1212344428
3445.42 2858.58 1212344489
3451.62 2863.05 1212344550
3409.96 2831.78 1212344613
3394 2818.38 1212344677
3405.53 2829.54 1212344732
3417.05 2845.18 1212344793
3399.32 2832.89 1212344853
3395.78 2830.66 1212344913
3409.96 2837.36 1212344973
3391.35 2827.31 1212345034
3394 2828.43 1212345069
3226.48 2894.32 1212345129
2942.83 2612.88 1212345189
2730.09 2397.34 1212345249
2225.74 1895.93 1212345309
1866.75 1789.85 1212345369
1685.92 1958.47 1212345408
1476.73 1881.41 1212345463
1264.88 1960.7 1212345525
1144.34 2407.39 1212345584
648.841 2325.87 1212345643
-126.754 2201.91 1212345703
-948.442 2075.72 1212345763
-1273.75 2022.12 1212345810
-1547.64 1980.8 1212345867
-1689.47 1654.73 1212345929
-1683.26 1601.13 1212345987
-1636.28 1345.42 1212346042
-1612.35 1189.09 1212346105
-1585.76 1014.91 1212346162
-1541.44 1007.09 1212346205
-1540.55 1009.32 1212346256
-1540.55 1009.32 1212346258
-1366.82 1042.82 1212346319
-1210.81 1066.27 1212346379
-896.145 1116.51 1212346439
-700.252 1148.9 1212346499
-898.804 1118.75 1212346561
-1115.08 1086.37 1212346619
-1331.36 1036.12 1212346679
-1280.84 720.134 1212346740
-1250.7 529.209 1212346801
-1463.44 602.899 1212346862
-1553.85 781.544 1212346922
-1613.24 1220.36 1212346983
-1498.89 1431.4 1212347044
-1626.53 1267.26 1212347104
-1838.38 856.353 1212347159
-2196.49 818.39 1212347219
-2670.71 683.289 1212347279
9455.17 8474.8 1212347334
8140.65 7666.82 1212347343
5498.3 6061.15 1212347370
2505.84 4169.84 1212347379
-1516.62 1686 1212347399
-2711.48 1163.41 1212347454
-2820.51 1269.49 1212347518
-2888.76 1224.82 1212347578
-3022.61 1020.49 1212347644
-2902.94 1059.57 1212347699
-2910.92 1052.87 1212347757
-2909.15 1051.75 1212347820
-2933.08 1081.9 1212347879
-3011.08 1050.64 1212347944
-2703.5 1254.97 1212348066
-2809.87 1277.3 1212348121
-2821.39 1270.61 1212348181
-2919.78 1193.56 1212348239
-2933.08 1195.79 1212348300
-2928.65 1177.93 1212348362
-2975.63 1127.68 1212348428
-3081.99 1017.14 1212348486
-3379.82 754.747 1212348541
-3754.77 827.323 1212348608
-3557.99 1366.63 1212348661
-3236.23 1358.82 1212348724
-3169.75 1461.55 1212348782
-3804.4 1419.12 1212348847
-4270.65 1393.43 1212348902
-4332.7 1921.62 1212348984
-4354.86 2300.19 1212349044
-4358.4 2472.17 1212349104
-4565.82 2611.77 1212349164
-4860.99 2416.33 1212349225
-5218.2 2430.85 1212349292
-5665.83 2782.64 1212349346
-5284.68 2887.62 1212349405
-4782.98 3003.77 1212349465
-4408.93 3061.85 1212349525
-3812.38 4214.52 1212349651
-3568.62 4832.25 1212349706
-3476.44 5301.45 1212349826
