-127.641 -4310.55 1211649665
72.6843 -3982.48 1211649742
356.331 -3549.5 1211649803
653.273 -3174.54 1211649865
1003.4 -2666.74 1211649921
1059.24 -2290.61 1211649981
1043.29 -2170.07 1211650042
936.919 -934.405 1211650210
911.213 -615.134 1211650274
892.599 -359.485 1211650328
856.257 138.44 1211650388
476.88 114.994 1211650448
172.847 94.8978 1211650516
-35.4558 81.5004 1211650573
-234.008 157.419 1211650628
-241.099 166.351 1211650667
17.7279 254.552 1211650728
46.0925 238.921 1211650790
66.4796 29.0274 1211650849
54.0701 212.126 1211650909
197.666 406.394 1211651032
444.97 659.842 1211651092
564.633 786.01 1211651149
685.183 898.782 1211651184
886.394 1096.42 1211651244
967.943 1180.16 1211651307
1071.65 1289.59 1211651346
1254.25 1473.83 1211651371
1164.72 1363.28 1211651455
1165.61 1214.77 1211651509
1031.76 1087.48 1211651572
997.194 1080.78 1211651604
1059.24 1273.96 1211651666
1270.2 1476.06 1211651727
1413.8 1629.05 1211651787
1631.85 1594.43 1211651851
1846.36 1773.1 1211651909
2313.49 2243.23 1211651967
2558.13 2488.92 1211652032
2953.47 2918.89 1211652150
2903.83 3006 1211652212
2802.78 3322.08 1211652271
2780.62 3533.17 1211652352
2741.62 4020.16 1211652412
2949.92 4166.49 1211652473
2949.92 4166.49 1211652494
2980.06 4058.14 1211652554
2837.35 4130.75 1211652614
2905.6 3802.36 1211652676
2990.69 3296.39 1211652734
2919.78 3163.48 1211652794
2843.55 3042.86 1211652859
2616.64 2819.49 1211652914
2383.51 2789.34 1211652977
2507.61 2906.6 1211653034
2808.98 3029.46 1211653099
2529.77 3301.97 1211653159
2290.44 3214.86 1211653215
2059.98 3202.57 1211653270
