2535.09 3157.9 1212859214
2804.55 3423.72 1212859340
2732.75 3880.54 1212859395
2808.98 4254.74 1212859455
2847.99 5034.45 1212859575
2562.57 5267.93 1212859635
2559.91 5270.17 1212859674
2556.36 5271.29 1212859688
2217.76 5390.82 1212859741
2295.76 5364.01 1212859798
2480.13 5288.04 1212859856
2044.91 5200.9 1212859916
1592.85 5132.76 1212859982
1364.16 5095.89 1212860003
641.75 4869.12 1212860179
-325.307 4908.22 1212860303
-694.047 4799.86 1212860363
-607.18 4449.1 1212860421
-347.467 4489.31 1212860513
-327.08 4396.6 1212860577
-116.118 4412.24 1212860634
418.378 4492.66 1212860702
726.843 4348.57 1212860754
777.368 4025.75 1212860816
834.984 3682.84 1212860877
929.828 3067.43 1212860935
1037.08 2395.11 1212860995
1106.22 1984.15 1212861055
1131.04 1359.93 1212861178
981.239 1209.19 1212861238
590.339 782.661 1212861359
591.225 781.544 1212861372
602.748 695.571 1212861406
642.636 150.721 1212861471
-110.799 75.9182 1212861586
-205.644 244.504 1212861651
-801.301 200.961 1212861706
-1039.74 490.131 1212861773
-1086.72 736.882 1212861796
-1253.36 542.607 1212861859
-1217.02 315.958 1212861896
-1230.32 163.002 1212861919
-1400.5 156.303 1212862084
-1400.5 156.303 1212862094
-1103.56 171.933 1212862153
-538.928 216.592 1212862274
-240.213 200.961 1212862337
-215.394 -138.437 1212862398
-167.529 -791.516 1212862456
-5.31837 -1003.62 1212862518
361.649 -1320.64 1212862642
793.323 -1388.73 1212862699
1204.61 -1354.13 1212862739
1723.15 -1337.38 1212862792
2744.28 -1292.73 1212862916
2509.38 -2705.8 1212862972
3061.61 -4125.32 1212863026
3565.08 -5565.79 1212863076
3836.32 -7093.01 1212863129
4101.35 -8583.15 1212863172
3144.93 -15574 1212863415
4339.79 -15852.6 1212863594
4339.79 -15850.4 1212863654
4339.79 -15850.4 1212863655
