3634.22 -966.778 1211578986
3654.6 -908.73 1211579013
3652.83 -913.196 1211579073
3653.72 -908.73 1211579133
3652.83 -910.963 1211579193
3652.83 -912.079 1211579253
3651.95 -915.428 1211579316
3653.72 -909.847 1211579376
3652.83 -908.73 1211579436
3652.83 -909.847 1211579495
3652.83 -914.312 1211579556
3654.6 -910.963 1211579616
3654.6 -909.847 1211579677
3653.72 -909.847 1211579737
3654.6 -907.614 1211579798
3655.49 -905.381 1211579858
3655.49 -905.381 1211579919
3651.95 -910.963 1211579979
3651.95 -908.73 1211580041
3651.95 -912.079 1211580101
3652.83 -910.963 1211580165
3652.83 -910.963 1211580222
3652.83 -910.963 1211580283
3652.83 -910.963 1211580346
3652.83 -912.079 1211580384
3653.72 -910.963 1211580444
3654.6 -909.847 1211580504
3654.6 -909.847 1211580565
3654.6 -910.963 1211580625
3654.6 -910.963 1211580685
3654.6 -910.963 1211580746
3655.49 -907.614 1211580806
3654.6 -908.73 1211580867
3652.83 -909.847 1211580928
3653.72 -912.079 1211580988
3652.83 -912.079 1211581048
3653.72 -913.196 1211581109
3651.06 -915.428 1211581169
3652.83 -913.196 1211581230
3652.83 -913.196 1211581290
3652.83 -913.196 1211581351
3652.83 -912.079 1211581411
3651.95 -912.079 1211581472
3652.83 -910.963 1211581533
3652.83 -912.079 1211581594
3653.72 -912.079 1211581654
3653.72 -910.963 1211581716
3653.72 -912.079 1211581776
3654.6 -912.079 1211581837
3654.6 -912.079 1211581897
3654.6 -912.079 1211581958
3653.72 -913.196 1211582018
3653.72 -912.079 1211582079
3653.72 -910.963 1211582139
3653.72 -910.963 1211582200
3653.72 -910.963 1211582264
3653.72 -912.079 1211582320
3653.72 -912.079 1211582343
3653.72 -912.079 1211582376
3652.83 -912.079 1211582436
3652.83 -913.196 1211582496
3652.83 -912.079 1211582556
3652.83 -912.079 1211582616
3651.95 -912.079 1211582677
3651.95 -912.079 1211582737
3651.95 -910.963 1211582799
3653.72 -910.963 1211582859
3653.72 -913.196 1211582920
3653.72 -912.079 1211582982
3652.83 -910.963 1211583042
3653.72 -910.963 1211583105
3654.6 -910.963 1211583163
3653.72 -910.963 1211583224
3653.72 -912.079 1211583285
3651.95 -909.847 1211583345
3653.72 -909.847 1211583406
3653.72 -910.963 1211583472
3650.17 -913.196 1211583528
3652.83 -914.312 1211583588
3651.95 -913.196 1211583649
3652.83 -912.079 1211583709
3652.83 -910.963 1211583769
3652.83 -910.963 1211583830
3652.83 -910.963 1211583890
3651.95 -910.963 1211583951
3651.95 -910.963 1211584012
3651.06 -909.847 1211584073
3651.06 -908.73 1211584133
3651.06 -909.847 1211584194
3651.95 -909.847 1211584254
3651.06 -909.847 1211584315
3651.06 -910.963 1211584375
3652.83 -912.079 1211584436
3653.72 -913.196 1211584496
3652.83 -912.079 1211584557
3654.6 -910.963 1211584617
3653.72 -910.963 1211584679
3652.83 -909.847 1211584742
3652.83 -909.847 1211584800
3651.95 -909.847 1211584863
3651.95 -908.73 1211584922
3651.95 -910.963 1211584981
3652.83 -912.079 1211585042
3654.6 -912.079 1211585105
3653.72 -910.963 1211585163
3653.72 -910.963 1211585223
3652.83 -909.847 1211585283
3652.83 -910.963 1211585343
3652.83 -910.963 1211585408
3652.83 -910.963 1211585463
3651.95 -909.847 1211585524
3651.95 -909.847 1211585586
3651.95 -909.847 1211585643
3653.72 -910.963 1211585703
3651.95 -909.847 1211585763
3652.83 -912.079 1211585823
3653.72 -912.079 1211585883
3653.72 -913.196 1211585943
3653.72 -912.079 1211586006
3654.6 -913.196 1211586063
3657.26 -914.312 1211586126
3658.15 -914.312 1211586184
3655.49 -913.196 1211586245
3653.72 -912.079 1211586293
3654.6 -912.079 1211586353
3659.04 -914.312 1211586413
3659.92 -915.428 1211586473
3659.04 -914.312 1211586534
3656.38 -912.079 1211586594
3655.49 -912.079 1211586655
3655.49 -913.196 1211586715
3653.72 -914.312 1211586776
3654.6 -914.312 1211586836
3654.6 -914.312 1211586897
3653.72 -914.312 1211586957
3653.72 -914.312 1211587019
3652.83 -913.196 1211587078
3653.72 -913.196 1211587139
3654.6 -913.196 1211587199
3655.49 -914.312 1211587261
3654.6 -915.428 1211587321
3655.49 -914.312 1211587382
3655.49 -914.312 1211587443
3655.49 -913.196 1211587503
3654.6 -913.196 1211587563
3654.6 -914.312 1211587623
3653.72 -914.312 1211587683
3653.72 -915.428 1211587744
3652.83 -917.661 1211587804
3651.95 -916.544 1211587872
3651.06 -913.196 1211587924
3652.83 -913.196 1211587984
3653.72 -913.196 1211588044
3653.72 -912.079 1211588104
3654.6 -913.196 1211588164
3653.72 -913.196 1211588225
3654.6 -913.196 1211588288
3654.6 -912.079 1211588346
3654.6 -912.079 1211588407
3653.72 -910.963 1211588468
3654.6 -912.079 1211588528
3653.72 -912.079 1211588589
3653.72 -910.963 1211588649
3655.49 -910.963 1211588710
3654.6 -913.196 1211588770
3654.6 -913.196 1211588831
3654.6 -914.312 1211588891
3654.6 -914.312 1211588952
3654.6 -913.196 1211589012
3654.6 -913.196 1211589072
3654.6 -914.312 1211589139
3654.6 -914.312 1211589192
3653.72 -914.312 1211589312
3654.6 -913.196 1211589373
3655.49 -910.963 1211589435
3654.6 -908.73 1211589496
3654.6 -908.73 1211589556
3655.49 -907.614 1211589617
3654.6 -907.614 1211589677
3654.6 -905.381 1211589738
3655.49 -905.381 1211589798
3655.49 -907.614 1211589859
3654.6 -907.614 1211589919
3655.49 -909.847 1211589980
3654.6 -909.847 1211590040
3653.72 -909.847 1211590101
3654.6 -909.847 1211590161
3654.6 -909.847 1211590222
3654.6 -908.73 1211590284
3654.6 -908.73 1211590343
3654.6 -908.73 1211590406
3653.72 -912.079 1211590463
3654.6 -913.196 1211590523
3654.6 -906.498 1211590583
3652.83 -907.614 1211590644
3653.72 -906.498 1211590704
3655.49 -907.614 1211590766
3655.49 -906.498 1211590827
3655.49 -907.614 1211590888
3654.6 -908.73 1211590948
3654.6 -910.963 1211591009
3653.72 -910.963 1211591069
3653.72 -910.963 1211591130
3653.72 -909.847 1211591190
3652.83 -909.847 1211591251
3653.72 -908.73 1211591311
3654.6 -909.847 1211591377
3652.83 -910.963 1211591432
3652.83 -910.963 1211591493
3652.83 -912.079 1211591553
3651.06 -913.196 1211591614
3651.06 -913.196 1211591674
3651.95 -913.196 1211591735
3653.72 -912.079 1211591795
3653.72 -912.079 1211591857
3652.83 -912.079 1211591916
3651.95 -910.963 1211591978
3651.06 -913.196 1211592038
3651.95 -913.196 1211592101
3652.83 -912.079 1211592161
3652.83 -910.963 1211592222
3652.83 -910.963 1211592281
3652.83 -912.079 1211592342
3652.83 -912.079 1211592402
3652.83 -910.963 1211592463
3653.72 -910.963 1211592523
3653.72 -910.963 1211592586
3652.83 -912.079 1211592644
3651.95 -912.079 1211592705
3652.83 -912.079 1211592765
3653.72 -912.079 1211592827
3653.72 -910.963 1211592888
3654.6 -912.079 1211592949
3654.6 -912.079 1211593009
3654.6 -912.079 1211593069
3654.6 -912.079 1211593106
3653.72 -912.079 1211593167
3653.72 -912.079 1211593227
3653.72 -912.079 1211593288
3653.72 -913.196 1211593349
3652.83 -913.196 1211593410
3651.95 -912.079 1211593470
3651.06 -910.963 1211593531
3651.95 -912.079 1211593591
3652.83 -918.777 1211593653
3654.6 -914.312 1211593713
3653.72 -913.196 1211593773
3654.6 -914.312 1211593833
3653.72 -912.079 1211593894
3652.83 -912.079 1211593954
3654.6 -914.312 1211594014
3655.49 -916.544 1211594075
3654.6 -916.544 1211594135
3655.49 -916.544 1211594176
3654.6 -915.428 1211594236
3654.6 -915.428 1211594296
3654.6 -914.312 1211594356
3654.6 -914.312 1211594417
3654.6 -914.312 1211594478
3654.6 -913.196 1211594538
3651.95 -909.847 1211594599
3652.83 -910.963 1211594660
3653.72 -914.312 1211594720
3653.72 -914.312 1211594783
3652.83 -913.196 1211594841
3652.83 -914.312 1211594904
3651.95 -914.312 1211594963
3651.95 -912.079 1211595024
3652.83 -912.079 1211595084
3652.83 -912.079 1211595145
3653.72 -913.196 1211595205
3653.72 -913.196 1211595266
3655.49 -912.079 1211595326
3653.72 -912.079 1211595387
3654.6 -912.079 1211595447
3654.6 -912.079 1211595508
3654.6 -910.963 1211595568
3652.83 -909.847 1211595629
3653.72 -910.963 1211595689
3652.83 -912.079 1211595753
3652.83 -912.079 1211595811
3652.83 -913.196 1211595871
3653.72 -915.428 1211595898
3652.83 -913.196 1211595958
3652.83 -913.196 1211596018
3652.83 -913.196 1211596040
3652.83 -913.196 1211596105
3652.83 -914.312 1211596160
3653.72 -914.312 1211596220
3653.72 -914.312 1211596280
3653.72 -914.312 1211596341
3653.72 -914.312 1211596401
3653.72 -915.428 1211596461
3653.72 -915.428 1211596521
3653.72 -913.196 1211596581
3653.72 -913.196 1211596641
3653.72 -913.196 1211596704
3653.72 -914.312 1211596762
3654.6 -914.312 1211596822
3654.6 -915.428 1211596883
3654.6 -915.428 1211596944
3655.49 -916.544 1211597005
3655.49 -915.428 1211597061
3654.6 -915.428 1211597121
3654.6 -914.312 1211597181
3653.72 -914.312 1211597241
3654.6 -913.196 1211597302
3654.6 -913.196 1211597362
3654.6 -914.312 1211597423
3654.6 -915.428 1211597483
3654.6 -915.428 1211597544
3655.49 -914.312 1211597604
3654.6 -914.312 1211597665
3657.26 -916.544 1211597726
3652.83 -918.777 1211597786
3651.95 -916.544 1211597846
3656.38 -919.893 1211597910
3699.81 -981.29 1211597967
3745.9 -973.476 1211598003
3745.02 -969.011 1211598063
3744.13 -969.011 1211598123
3742.36 -972.36 1211598184
3741.47 -973.476 1211598240
3721.97 -919.893 1211598300
3620.92 -990.221 1211598360
3620.92 -990.221 1211598420
3620.92 -998.035 1211598488
8274.49 2721.21 1211598594
6817.26 1564.28 1211598604
5407.01 437.655 1211598609
4174.92 -549.269 1211598631
3586.35 -1004.73 1211598690
3828.34 -1147.62 1211598748
3993.21 -1121.94 1211598808
3993.21 -1121.94 1211598821
3859.36 -247.846 1211598881
3386.03 1271.72 1211598940
2929.53 1796.55 1211599000
2553.7 2163.94 1211599062
2262.08 2445.36 1211599152
2255.87 2479.98 1211599159
