4207.71 -16068.8 1211304990
4139.46 -16089.9 1211305020
3169.75 -15468.2 1211305082
2887.87 -13958.1 1211305130
2582.95 -12429.9 1211305179
2971.19 -10979.5 1211305232
3979.91 -9823.23 1211305281
4073.87 -8328.86 1211305328
3795.54 -6772.86 1211305376
3500.37 -5283.51 1211305423
3007.54 -3860.85 1211305471
2765.55 -2732.58 1211305532
3711.33 -1540.54 1211305577
3851.38 -33.4931 1211305630
3325.75 1369.98 1211305687
2977.4 1707.21 1211305748
2845.33 1892.58 1211305808
2683.12 2025.47 1211305868
2476.59 2243.23 1211305928
2410.99 2310.24 1211305990
2215.1 2610.65 1211306051
2158.37 3037.28 1211306109
2270.94 3059.61 1211306177
2278.92 3029.46 1211306230
2266.51 3077.48 1211306263
2247.9 3151.2 1211306320
2651.21 3167.95 1211306377
2930.42 3209.27 1211306438
3011.08 3123.27 1211306497
3052.74 2982.55 1211306557
3033.24 3000.42 1211306574
2923.33 2955.75 1211306642
2923.33 2955.75 1211306656
2886.99 2970.26 1211306714
2926.87 3125.51 1211306777
3042.99 3230.49 1211306838
3480.87 2797.16 1211306898
3775.15 1904.87 1211307017
3350.57 1189.09 1211307077
3834.54 -223.285 1211307127
3571.28 -1732.53 1211307179
2721.23 -2981.46 1211307234
3159.11 -4417.67 1211307287
3620.92 -5881.52 1211307337
3893.93 -7412.03 1211307388
4166.94 -8918.84 1211307441
3620.03 -10319.4 1211307500
2645 -11434.4 1211307543
2604.23 -12978.4 1211307593
2892.31 -14505.3 1211307640
3245.98 -15958.5 1211307693
4234.31 -16164.6 1211307750
4471.86 -15886 1211307814
4466.54 -15881.6 1211307871
4464.77 -15881.6 1211307934
4464.77 -15881.6 1211307968
4464.77 -15881.6 1211307970
4261.78 -15928.4 1211308031
3842.52 -16170.2 1211308093
3324.87 -15948.4 1211308134
2978.29 -14513.1 1211308189
1728.47 -14049.5 1211308255
371.399 -14590 1211308301
-570.838 -13389.7 1211308359
-1503.32 -12189.1 1211308411
-2884.33 -9631.43 1211308521
-3127.2 -8155.99 1211308571
-3130.75 -6140.34 1211308648
-1346.43 -5125.08 1211308721
-1072.54 -4368.57 1211308781
-1404.94 -4493.55 1211308841
-1629.19 -4819.36 1211308902
-2058.21 -5340.42 1211309025
-2409.22 -5111.69 1211309083
-2543.07 -4893 1211309146
-2549.27 -4834.98 1211309205
-2548.38 -4841.68 1211309266
-2550.16 -4841.68 1211309325
-2551.93 -4846.14 1211309361
-2857.74 -4913.09 1211309424
-3231.79 -4834.98 1211309483
-3223.82 -3880.94 1211309543
-3190.13 -3268.28 1211309604
-3169.75 -2917.85 1211309664
-3166.2 -2853.12 1211309724
-3091.74 -2641.07 1211309784
-2840.89 -2358.69 1211309844
-2708.82 -2214.71 1211309905
-2698.18 -2197.97 1211310010
-2694.64 -2192.39 1211310012
-2603.34 -2280.57 1211310077
-1683.26 -1853.08 1211310135
-1435.96 -1657.74 1211310193
-1170.93 -1569.56 1211310253
-701.138 -1460.17 1211310314
-237.554 -1113.01 1211310375
119.663 -990.221 1211310435
136.505 -840.635 1211310495
99.2762 -407.49 1211310557
68.2524 6.69863 1211310617
62.934 68.103 1211310653
-147.141 72.5688 1211310713
-374.945 110.528 1211310773
-201.212 168.584 1211310831
-201.212 170.817 1211310852
-200.325 171.933 1211310911
-200.325 173.05 1211310972
-200.325 171.933 1211311032
5.31837 248.97 1211311092
115.231 326.006 1211311139
177.279 390.763 1211311199
479.539 700.037 1211311259
578.816 800.525 1211311319
827.892 1036.12 1211311379
1303 1511.8 1211311439
1578.67 1796.55 1211311499
1714.29 2106.99 1211311560
2026.3 2270.03 1211311621
2209.78 2421.91 1211311681
2444.68 2490.04 1211311742
2440.24 2811.67 1211311804
2581.18 2777.05 1211311862
2641.46 2816.14 1211311893
2863.05 2935.64 1211311945
3111.24 3241.66 1211312005
3277 3523.12 1211312065
3277 3523.12 1211312090
3277 3523.12 1211312097
3376.28 3710.77 1211312151
3512.78 3482.91 1211312212
3342.59 3575.62 1211312273
3443.64 3793.42 1211312338
3299.16 3944.21 1211312395
2916.24 3858.2 1211312453
3105.93 4127.4 1211312514
3049.2 4070.43 1211312542
2806.32 3887.24 1211312599
2865.71 3699.6 1211312661
2904.71 3463.92 1211312724
3146.7 3438.24 1211312781
3086.43 3404.73 1211312839
2843.55 3291.92 1211312899
2690.21 3278.52 1211312960
2428.72 3247.25 1211313020
1799.38 3150.08 1211313081
1716.06 2960.21 1211313141
1743.54 2873.1 1211313202
1462.55 2885.38 1211313288
1125.72 2835.13 1211313348
1230.32 2952.39 1211313408
1297.68 2964.68 1211313470
1320.73 2944.58 1211313496
1315.41 2944.58 1211313627
1322.5 2915.54 1211313685
1310.98 2984.78 1211313745
1323.39 2926.71 1211313772
1686.81 3014.94 1211313835
1727.58 2853 1211313877
1731.13 2816.14 1211313878
1764.81 2515.72 1211313938
1822.43 2182.93 1211313999
1733.79 1975.22 1211314060
1624.76 1850.15 1211314119
1366.82 1595.55 1211314169
1146.11 1549.76 1211314255
1295.02 1587.73 1211314315
1310.09 1584.38 1211314375
1320.73 1633.51 1211314431
1350.87 1799.9 1211314492
1570.69 1820 1211314551
2108.73 1327.55 1211314615
2395.92 994.807 1211314672
2491.65 509.112 1211314733
2517.36 209.893 1211314793
2551.04 -225.517 1211314854
2667.16 -348.321 1211314915
2636.14 -293.618 1211314975
2635.25 -277.988 1211315039
2628.16 -312.597 1211315096
2628.16 -311.48 1211315340
2629.93 -303.666 1211315399
2629.05 -305.898 1211315464
2628.16 -313.713 1211315519
2628.16 -313.713 1211315600
2628.16 -310.364 1211315660
2628.16 -308.131 1211315722
2631.71 -299.2 1211315734
2574.98 -284.687 1211315792
2528.88 222.174 1211315852
2489 689.988 1211315912
2475.7 988.107 1211315940
2416.31 1227.06 1211315999
2292.22 1359.93 1211316059
2026.3 1627.93 1211316120
1534.35 1755.23 1211316179
1393.41 1612.3 1211316242
1396.07 1612.3 1211316299
1390.75 1625.7 1211316319
1390.75 1625.7 1211316322
1369.48 1608.95 1211316383
1279.95 1795.43 1211316442
1622.99 1826.7 1211316507
1900.43 1845.68 1211316565
1777.22 1888.11 1211316626
1778.99 1987.5 1211316679
1693.01 2053.39 1211316739
1649.58 2362.72 1211316799
1600.83 2662.02 1211316859
1509.53 3191.4 1211316919
1267.54 3279.64 1211316979
1081.4 3253.95 1211317040
1010.49 3554.39 1211317102
897.918 4165.37 1211317164
769.39 4138.57 1211317220
229.576 4052.56 1211317282
-247.304 3976.6 1211317342
-683.41 3906.23 1211317402
-827.892 3897.3 1211317449
-827.892 3897.3 1211317453
-525.632 3788.95 1211317532
-526.518 3510.83 1211317592
-749.003 3270.7 1211317653
-1085.83 3122.16 1211317713
-1149.65 3088.65 1211317773
-1142.56 3027.22 1211317777
-1256.02 2993.72 1211317797
-1639.83 2927.82 1211317858
-1888.02 2887.62 1211317921
-1928.79 2883.15 1211317939
-1931.45 2878.68 1211318083
-1928.79 2882.03 1211318145
-1934.11 2886.5 1211318207
-1931.45 2886.5 1211318265
-1931.45 2886.5 1211318281
-1864.97 2887.62 1211318341
-1365.93 2964.68 1211318404
-952.874 2835.13 1211318462
-904.122 2522.42 1211318524
-456.493 2377.24 1211318582
-252.622 2031.05 1211318642
-194.12 1669.25 1211318702
-178.165 1559.81 1211318762
-194.12 1519.61 1211318823
-192.348 1521.85 1211318883
-177.279 1537.48 1211318947
-162.21 1501.75 1211319010
-141.823 1526.31 1211319064
-142.71 1539.71 1211319185
-141.823 1540.83 1211319245
-144.482 1538.6 1211319307
-146.255 1540.83 1211319365
-147.141 1536.36 1211319425
-144.482 1539.71 1211319485
-152.46 1558.7 1211319546
-163.983 1480.53 1211319606
-159.551 1463.78 1211319666
-136.505 1457.08 1211319697
-132.073 1459.31 1211319699
-130.3 1459.31 1211319701
-130.3 1459.31 1211319703
-130.3 1460.43 1211319705
550.451 1563.16 1211319765
748.117 1418 1211319826
933.373 1195.79 1211319886
1042.4 1071.85 1211319947
1151.43 1080.78 1211319969
1152.31 1080.78 1211319970
1368.59 1108.7 1211320030
1513.96 1067.38 1211320090
2668.05 1172.34 1211320150
2716.8 1584.38 1211320210
2947.26 1759.7 1211320273
3068.7 1636.86 1211320296
3774.27 451.053 1211320356
3826.56 -774.771 1211320416
3745.9 -1059.43 1211320476
3589.9 -929.94 1211320536
3574.83 -965.662 1211320639
3581.92 -985.756 1211320699
3579.26 -972.36 1211320753
3574.83 -976.825 1211320816
3641.31 -953.383 1211320874
3642.19 -953.383 1211320882
3642.19 -953.383 1211320891
3642.19 -953.383 1211320901
3642.19 -954.499 1211320909
3642.19 -954.499 1211320918
