4309.65 -16161.2 1211864906
4533.91 -16098.9 1211865059
4188.21 -16024.2 1211865122
3490.62 -16478.8 1211865181
4694.34 -17420.2 1211865231
5863.5 -18387.2 1211865275
7076.97 -19251.6 1211865317
8569.66 -19329.5 1211865363
9856.71 -20043.5 1211865415
10834.4 -21158.2 1211865460
11782 -22292.9 1211865502
11352.1 -23145.7 1211865563
9614.72 -23171.3 1211865679
9703.36 -23078.9 1211865701
9701.59 -23412.9 1211865762
10033.1 -23773.6 1211865822
11376 -23162.4 1211865877
12414 -23067.8 1211865937
11482.4 -21892 1211865986
10541 -20799.6 1211866027
9572.17 -19696 1211866075
8139.76 -19305 1211866120
6695.82 -19037.7 1211866166
5549.72 -18085.3 1211866206
4382.33 -17115 1211866259
3792.88 -16237 1211866319
