4197.08 -16081 1211946828
3310.68 -16036.5 1211946891
2944.6 -14557.7 1211946937
2688.43 -13430.9 1211946963
2545.72 -11923.8 1211947006
3351.46 -10645 1211947048
4157.19 -9399.48 1211947086
3993.21 -7899.46 1211947130
3721.97 -6385.77 1211947177
3293.84 -4935.4 1211947228
2886.99 -3431.21 1211947272
3390.46 -1985.9 1211947332
3870.88 -553.735 1211947382
3472.01 914.414 1211947427
2908.26 1811.06 1211947492
3004.88 2387.29 1211947547
3113.9 2777.05 1211947607
3035.9 2870.87 1211947667
3035.9 2870.87 1211947670
3226.48 2866.4 1211947729
3407.3 2515.72 1211947789
3402.87 2514.61 1211947812
3206.09 2313.59 1211947875
2623.73 1213.66 1211947932
2710.59 551.539 1211947959
2892.31 -943.336 1211948019
2442.9 -2415.62 1211948072
2961.44 -3815.1 1211948128
3453.39 -5233.31 1211948174
3757.43 -6736.05 1211948217
3898.36 -7475.61 1211948240
4169.6 -8948.95 1211948281
3577.49 -10365.2 1211948325
2598.91 -11533.6 1211948367
2606 -13059.7 1211948409
2888.76 -14543.2 1211948457
3257.5 -16008.6 1211948498
