4331.81 -16186.9 1212604308
4384.11 -15879.3 1212604373
3659.04 -16210.3 1212604431
3937.36 -16239.2 1212604491
4044.62 -16191.3 1212604548
4037.53 -16181.3 1212604610
3790.22 -16136.7 1212604713
3172.41 -15371.2 1212604772
2929.53 -14031.7 1212604836
2598.91 -12545.9 1212604889
2887.87 -11057.6 1212604942
3533.17 -10459.9 1212604970
4205.06 -9093.92 1212605022
3945.34 -7598.3 1212605074
3676.76 -6102.41 1212605124
3214.95 -4617.4 1212605179
2763.78 -3202.44 1212605230
2711.48 -1699.04 1212605288
2694.64 -181.977 1212605344
2633.48 1258.32 1212605404
2848.87 1686 1212605464
2929.53 1773.1 1212605525
2688.43 2034.4 1212605585
2480.13 2243.23 1212605646
2396.81 2326.99 1212605709
2206.24 2560.39 1212605768
2177.87 2804.97 1212605827
2173.44 3061.85 1212605888
2177.87 3105.4 1212605949
2201.8 3107.64 1212606009
2239.92 3236.08 1212606069
2241.69 3175.77 1212606130
2270.94 3123.27 1212606190
2270.94 3123.27 1212606214
2332.1 3076.37 1212606273
2123.8 2975.85 1212606333
1717.83 2918.89 1212606395
1537.89 2884.27 1212606421
1497.12 2896.55 1212606484
1498.01 2893.2 1212606502
1474.96 2854.11 1212606589
1493.57 2436.43 1212606649
1576.9 2321.4 1212606709
1624.76 1930.55 1212606775
1919.93 1536.36 1212606830
2386.17 1053.99 1212606892
2488.11 710.086 1212606952
2528.88 214.359 1212607013
2560.79 -259.01 1212607073
2664.5 -365.067 1212607134
2712.37 -532.524 1212607194
2707.05 -538.106 1212607239
2707.05 -535.873 1212607296
2708.82 -534.756 1212607356
2707.94 -504.615 1212607403
2700.84 -397.442 1212607421
2572.32 -296.967 1212607479
2527.11 310.376 1212607539
2675.14 558.238 1212607600
2785.94 791.593 1212607663
2822.28 930.046 1212607706
2708.82 1224.82 1212607763
2869.26 1429.17 1212607824
2742.5 1573.21 1212607884
2883.44 1836.75 1212607946
2676.91 2046.69 1212608006
2918.01 2306.89 1212608066
3084.65 2471.05 1212608126
3622.69 2980.32 1212608185
3717.54 3100.94 1212608248
3833.66 3317.61 1212608307
3737.93 3421.48 1212608339
3491.51 3709.65 1212608400
3399.32 3705.18 1212608460
3394 3608.01 1212608520
3239.77 3428.18 1212608580
2984.49 3272.93 1212608640
2664.5 3276.29 1212608700
2434.93 3258.42 1212608760
1975.77 3166.83 1212608821
1855.22 3126.62 1212608903
1786.97 3498.55 1212608964
1773.68 3572.27 1212609024
1775.45 3571.15 1212609126
1775.45 3574.5 1212609160
1670.85 3565.56 1212609220
1505.1 3842.57 1212609280
1163.84 3776.67 1212609340
1154.97 3489.61 1212609400
1190.43 3258.42 1212609460
1287.93 2694.41 1212609521
1312.75 2514.61 1212609582
1346.43 2290.14 1212609642
1382.78 2058.97 1212609703
1342 2004.25 1212609766
1397.84 2123.74 1212609825
1392.53 2129.32 1212609837
1381.89 2194.1 1212609897
1334.91 2487.8 1212609957
1300.34 2674.31 1212610018
1246.27 2957.98 1212610080
892.599 3953.15 1212610319
897.031 3954.26 1212610369
897.031 3954.26 1212610374
896.145 3954.26 1212610431
765.845 4126.28 1212610492
751.662 4230.16 1212610528
922.737 4269.26 1212610588
1086.72 3974.37 1212610649
1571.58 4042.5 1212610720
2551.04 4207.82 1212610780
2651.21 4146.39 1212610841
2750.48 4011.23 1212610901
3054.52 3881.66 1212610964
3350.57 3902.88 1212611022
3430.35 3538.76 1212611085
3513.67 3872.72 1212611146
3513.67 3872.72 1212611152
3295.61 3469.51 1212611212
2949.92 3201.45 1212611275
2702.62 3278.52 1212611332
2537.75 3275.17 1212611393
2110.51 3186.93 1212611458
1443.94 3093.12 1212611514
1218.79 3199.22 1212611574
1226.77 3377.92 1212611634
1353.52 3409.2 1212611696
1214.36 3384.62 1212611739
1028.22 3434.88 1212611799
866.007 3434.88 1212611861
870.439 3368.99 1212611921
892.599 3339.95 1212611979
863.348 3516.42 1212612040
857.143 3494.08 1212612101
858.03 3491.85 1212612133
983.898 2802.74 1212612250
1078.74 2138.26 1212612310
1128.38 1892.58 1212612370
1020.24 1650.26 1212612430
1061.9 1372.22 1212612491
2099.87 1035 1212612550
2589.16 14.5137 1212612613
2755.8 -1488.08 1212612673
2637.02 -2977 1212612719
3146.7 -4389.78 1212612769
3607.63 -5824.62 1212612818
3872.66 -7306.06 1212612869
4141.23 -8796.16 1212612917
3679.42 -10239.2 1212612974
2679.57 -11347.4 1212613024
2596.25 -12842.4 1212613075
2856.85 -14296.9 1212613126
3188.36 -15767.9 1212613184
4035.75 -16184.6 1212613244
4507.32 -15917.2 1212613304
4479.84 -15889.4 1212613328
4479.84 -15889.4 1212613390
4483.38 -15883.8 1212613477
4482.5 -15886 1212613537
4481.61 -15888.3 1212613597
4478.95 -15890.5 1212613657
4480.72 -15888.3 1212613719
4481.61 -15887.1 1212613778
4481.61 -15887.1 1212613839
4476.29 -15887.1 1212613904
4430.2 -15869.3 1212613964
4178.46 -16046.5 1212614024
4013.59 -16173.5 1212614081
