4460.34 -15900.5 1211934843
4140.35 -16104.4 1211934912
3141.38 -15403.5 1211934966
2850.64 -13858.9 1211935015
2579.41 -12398.7 1211935064
3019.06 -10941.6 1211935118
4003.84 -9779.74 1211935166
4065 -8282.02 1211935219
3792.88 -6766.17 1211935264
3510.12 -5291.32 1211935321
3044.76 -3967.98 1211935380
2856.85 -2648.88 1211935434
3753.88 -1445.66 1211935487
3844.29 64.7537 1211935541
3317.77 1376.68 1211935601
3128.97 1574.33 1211935661
2965.88 1751.88 1211935721
2864.83 1860.2 1211935759
2676.91 2042.22 1211935819
2422.52 2293.49 1211935882
2227.51 2494.5 1211935944
2183.19 2830.66 1211936006
2173.44 3178 1211936062
1800.27 3253.95 1211936123
2174.33 3319.84 1211936183
2361.35 3351.12 1211936243
2387.95 3333.25 1211936306
2237.26 3234.96 1211936422
2228.4 3233.84 1211936482
2093.66 3276.29 1211936550
2388.83 3328.78 1211936607
2341.85 3236.08 1211936689
2341.85 3236.08 1211936691
2284.24 3119.92 1211936758
2827.6 3222.67 1211936815
2802.78 3282.99 1211936874
2783.28 3571.15 1211936935
2794.8 3591.25 1211937000
2892.31 3639.28 1211937055
3179.5 3666.09 1211937118
3347.03 3728.64 1211937175
3507.46 3773.31 1211937235
3471.12 3796.77 1211937295
3433.01 3783.37 1211937355
3430.35 3816.88 1211937415
3427.69 3946.44 1211937476
3433.89 4011.23 1211937537
3442.76 3881.66 1211937602
3440.98 4008.99 1211937658
3442.76 3997.82 1211937698
3352.34 4137.45 1211937759
3097.06 4301.65 1211937821
2921.56 4378.73 1211937879
2689.32 4451.33 1211937939
2496.09 4489.31 1211938005
2294.88 4494.9 1211938060
1825.97 4420.06 1211938120
1482.05 4309.47 1211938182
977.693 4173.19 1211938306
644.409 4120.69 1211938367
318.216 4127.4 1211938418
318.216 4127.4 1211938420
319.102 4128.51 1211938433
179.052 4469.21 1211938500
-48.7517 4432.34 1211938553
-502.586 4358.62 1211938618
-737.48 4322.87 1211938678
-887.281 4301.65 1211938733
-1485.6 4374.26 1211938794
-1961.59 4388.78 1211938853
-2284.24 3859.32 1211938916
-2092.78 3315.38 1211938974
-2093.66 2965.8 1211939029
-2077.71 2696.64 1211939084
-2060.87 2429.73 1211939144
-2128.23 2359.37 1211939205
-2440.24 2376.13 1211939265
-2442.9 2414.1 1211939271
-2250.56 2560.39 1211939322
-2247.01 2560.39 1211939324
-2077.71 2828.43 1211939385
-2092.78 3106.52 1211939446
-2048.46 3515.3 1211939506
-2114.94 4176.54 1211939567
-1571.58 4490.43 1211939627
-1056.58 4271.49 1211939689
-773.822 4309.47 1211939748
-279.214 4392.13 1211939810
-38.115 4520.59 1211939874
-39.8877 4527.29 1211939882
-173.733 4522.82 1211939917
-212.735 4518.36 1211939958
-326.193 4415.59 1211940008
219.826 4468.09 1211940106
951.101 4583.15 1211940226
1016.69 4405.53 1211940282
1095.58 3908.47 1211940345
1361.5 3708.53 1211940402
1607.92 3529.82 1211940465
1627.42 3357.82 1211940525
1657.56 3162.36 1211940586
1637.17 3122.16 1211940608
1604.37 3119.92 1211940702
1644.26 3226.03 1211940760
1984.64 3280.75 1211940821
2489 3366.75 1211940884
2793.03 3504.13 1211940942
2927.76 3616.94 1211941003
2928.65 3610.24 1211941007
2919.78 3604.66 1211941067
2485.45 3485.15 1211941127
1846.36 3374.57 1211941247
1359.73 3296.39 1211941310
1251.59 3282.99 1211941375
849.166 3210.39 1211941427
585.907 3381.27 1211941491
572.611 3394.68 1211941525
572.611 3393.56 1211941527
397.991 3610.24 1211941593
642.636 3893.95 1211941651
928.055 3941.98 1211941709
1066.33 3965.43 1211941772
1508.64 4029.1 1211941835
2259.42 4127.4 1211941895
2261.19 4129.63 1211941952
2262.97 4125.16 1211942013
2385.29 4177.66 1211942071
2873.69 4253.62 1211942131
3105.93 4080.48 1211942191
3454.28 3909.58 1211942252
3477.33 3729.75 1211942313
3346.14 3591.25 1211942373
3136.06 3355.58 1211942436
2993.35 3198.1 1211942494
3110.36 3090.88 1211942555
3237.11 2897.67 1211942616
3483.53 2606.18 1211942677
3265.48 2371.66 1211942738
3006.65 2023.24 1211942772
2690.21 791.593 1211942830
2896.74 -691.046 1211942881
2474.81 -2136.58 1211942925
2787.71 -3279.44 1211942966
3801.75 -6903.38 1211943066
4075.64 -8433.7 1211943107
3885.07 -9960.39 1211943157
2855.96 -11068.7 1211943203
2573.2 -12601.6 1211943249
2820.51 -14060.6 1211943294
3138.72 -15546.2 1211943351
4029.55 -16166.8 1211943405
