3750.33 3408.08 1211297949
3484.42 3717.47 1211298008
3461.37 3921.87 1211298069
3463.14 3925.22 1211298104
3462.26 3930.81 1211298106
3464.92 3935.27 1211298170
3465.8 3936.39 1211298172
3464.92 3937.51 1211298182
3447.19 3915.17 1211298237
3447.19 3915.17 1211298254
3364.75 3776.67 1211298317
3081.11 3639.28 1211298374
2997.79 3608.01 1211298436
2564.34 3574.5 1211298496
2504.95 3589.02 1211298562
2463.29 3576.73 1211298573
2262.08 3549.93 1211298703
2221.3 3436 1211298761
2263.85 3195.87 1211298798
2294.88 2950.16 1211298851
2312.6 2628.52 1211298911
2644.11 2463.23 1211298971
2559.02 2205.26 1211299035
2792.14 1922.73 1211299092
2971.19 1740.71 1211299156
3760.09 499.063 1211299211
3887.73 -1013.66 1211299264
3155.56 -2309.59 1211299313
2963.22 -3799.47 1211299370
3455.17 -5219.92 1211299418
3765.4 -6697.01 1211299465
4029.55 -8170.49 1211299513
4041.96 -9682.73 1211299563
3134.29 -10839 1211299614
2773.53 -13770.9 1211299727
3051.86 -15258.7 1211299783
3671.45 -16331.7 1211299841
4073.87 -16229.2 1211299961
4073.87 -16166.8 1211300011
4068.55 -16147.9 1211300015
3633.33 -16284.9 1211300077
4210.37 -16108.9 1211300132
