-3901.91 2706.69 1211161663
-3803.52 2650.85 1211161666
-3736.15 1511.8 1211161856
-3220.27 1447.03 1211161911
-2999.56 1460.43 1211161966
-1960.7 1583.26 1211162033
-1654.01 1431.4 1211162092
-1084.95 1302.99 1211162221
-695.82 1364.4 1211162245
-143.596 1382.27 1211162316
-81.5483 1112.05 1211162370
393.559 869.752 1211162485
393.559 868.635 1211162493
396.218 823.973 1211162578
399.764 780.428 1211162580
398.877 771.495 1211162581
-813.71 199.845 1211162771
-904.122 194.263 1211162783
-1053.92 179.749 1211162795
-1196.63 208.777 1211162827
-1252.48 572.753 1211162887
-1256.91 600.666 1211162888
-1027.33 777.078 1211162951
-905.009 1454.85 1211163071
-1003.4 2046.69 1211163139
-897.031 2828.43 1211163190
-401.537 3012.7 1211163261
-541.587 3876.07 1211163380
-647.954 4532.88 1211163552
-698.479 4756.29 1211163584
-696.706 4755.17 1211163588
-649.727 4533.99 1211163655
-572.611 4455.8 1211163713
-264.146 4394.36 1211163773
263.259 4472.56 1211163851
742.799 4555.22 1211163891
1139.02 3632.58 1211164028
1181.56 3324.31 1211164089
1263.11 2861.93 1211164142
1423.55 2765.88 1211164193
1709.85 2811.67 1211164254
2115.82 2886.5 1211164319
2204.46 2898.79 1211164374
2204.46 2889.85 1211164376
2605.11 2941.23 1211164506
2678.68 2812.79 1211164556
