4307.88 -15913.9 1212822255
3800.86 -16195.8 1212822293
3096.18 -15215.2 1212822359
2569.66 -12207 1212822455
3177.72 -10819 1212822504
4095.14 -9587.94 1212822562
4027.78 -8067.87 1212822601
3754.77 -6547.53 1212822648
2719.46 -2846.42 1212822812
3647.51 -1648.81 1212822822
3852.27 -125.04 1212822873
3350.57 1305.22 1212822938
3686.51 1803.25 1212822997
4002.96 2119.27 1212823058
4254.69 3009.35 1212823116
4173.15 3335.48 1212823168
4131.48 3370.1 1212823226
4072.98 3424.83 1212823231
4075.64 3422.6 1212823264
3784.02 3815.76 1212823324
3468.46 4244.68 1212823379
3111.24 4754.06 1212823446
2674.25 5186.38 1212823517
2259.42 5131.64 1212823575
1610.58 5019.93 1212823620
715.32 4663.57 1212823754
-496.381 4529.53 1212823936
-559.315 4929.44 1212823990
-478.653 4434.58 1212824139
-474.221 4402.18 1212824142
-31.9102 4404.42 1212824208
-470.675 4262.55 1212824339
-511.45 3660.5 1212824453
-457.38 3332.13 1212824520
-411.287 3098.7 1212824597
-392.673 2933.41 1212824608
-390.9 2920.01 1212824610
-152.46 1407.95 1212824877
-124.095 1248.27 1212824942
-0.886394 850.77 1212824998
327.08 650.909 1212825053
520.314 735.766 1212825113
803.96 1012.67 1212825184
978.579 1086.37 1212825243
996.307 887.617 1212825304
1062.79 2.23288 1212825423
2119.37 -475.589 1212825720
2174.33 -614.018 1212825839
2186.74 -774.771 1212825896
2189.39 -807.145 1212825901
