4077.41 -8340.01 1212530908
3852.27 -7107.51 1212530950
3760.97 -6597.73 1212530979
3598.76 -5687.39 1212531006
3302.71 -4925.36 1212531016
3224.7 -4629.68 1212531018
2723.89 -2983.7 1212531088
3847.84 -245.613 1212531174
3620.03 1711.68 1212531295
3837.2 1987.5 1212531360
3843.41 1984.15 1212531408
3682.08 2211.96 1212531469
3235.34 2691.06 1212531528
2958.78 2961.33 1212531588
2861.28 3097.59 1212531713
2597.14 3080.83 1212531768
2361.35 3039.51 1212531835
2361.35 3039.51 1212531844
2344.51 3182.47 1212531903
2587.39 2999.3 1212531958
2629.93 2845.18 1212532025
2813.42 2662.02 1212532079
3095.29 2404.04 1212532157
2819.62 1920.5 1212532259
2828.48 1882.53 1212532286
2918.01 1797.66 1212532288
2934.85 1779.8 1212532290
3116.56 1574.33 1212532350
3799.09 318.191 1212532410
3831 -81.4996 1212532429
3665.24 -1574.03 1212532481
2836.46 -2644.42 1212532557
3061.61 -4109.69 1212532600
3557.1 -5532.32 1212532649
4087.16 -8488.35 1212532764
