4400.95 -16015.3 1211557416
4399.18 -16038.7 1211557474
4398.29 -16039.8 1211557543
4397.4 -16039.8 1211557636
4397.4 -16039.8 1211557705
4397.4 -16040.9 1211557760
4397.4 -16038.7 1211557810
4398.29 -16040.9 1211557964
4397.4 -16040.9 1211558021
4397.4 -16040.9 1211558086
4398.29 -16042 1211558142
4397.4 -16042 1211558201
4396.52 -16042 1211558261
4396.52 -16042 1211558321
4397.4 -16039.8 1211558382
4397.4 -16037.6 1211558453
4397.4 -16038.7 1211558468
4397.4 -16037.6 1211558540
4398.29 -16042 1211558645
4398.29 -16040.9 1211558705
4398.29 -16040.9 1211558738
4398.29 -16040.9 1211558798
4398.29 -16040.9 1211558859
4397.4 -16040.9 1211558920
4397.4 -16039.8 1211558984
4397.4 -16039.8 1211559039
4397.4 -16040.9 1211559099
4397.4 -16042 1211559164
4398.29 -16040.9 1211559235
4399.18 -16039.8 1211559291
4399.18 -16039.8 1211559341
4396.52 -16040.9 1211559401
