-1966.91 655.375 1212213583
-1551.19 888.733 1212213598
-1047.72 1309.69 1212213777
263.259 1519.61 1212213887
939.578 1626.81 1212213965
1326.05 1796.55 1212214022
1347.32 1799.9 1212214058
1347.32 1799.9 1212214067
1407.59 1725.08 1212214103
1282.61 1785.38 1212214130
1257.79 2073.49 1212214185
1142.56 2734.61 1212214261
1065.45 3964.32 1212214416
2453.54 4187.71 1212214538
2602.45 4176.54 1212214588
2602.45 4176.54 1212214614
2600.68 4176.54 1212214665
2871.92 3855.97 1212214745
2494.31 3644.87 1212214804
2504.06 3024.99 1212214864
2722.12 2631.87 1212214938
2176.98 1838.98 1212215059
1874.72 1257.21 1212215204
1874.72 1258.32 1212215205
1874.72 1257.21 1212215229
1793.18 1071.85 1212215276
1642.49 1196.91 1212215340
1646.03 1209.19 1212215341
1646.03 1209.19 1212215387
1902.2 1288.47 1212215401
1910.18 1296.29 1212215433
2246.12 1637.98 1212215474
2835.58 2223.13 1212215533
3442.76 2656.44 1212215598
3445.42 2651.97 1212215634
3438.32 2555.93 1212215641
3214.07 2319.17 1212215711
3303.59 2201.91 1212215768
3310.68 2195.21 1212215769
3468.46 2306.89 1212215829
3402.87 2877.57 1212215949
3328.41 2914.42 1212216003
3328.41 2914.42 1212216009
3291.18 2949.04 1212216095
3159.11 3083.07 1212216111
2840.89 3023.87 1212216222
2709.71 4069.31 1212216358
2270.94 4168.73 1212216463
1193.09 3997.82 1212216588
874.871 4363.09 1212216653
-44.3197 4515 1212216850
-46.9789 4519.47 1212216859
-63.8204 4537.35 1212216867
-936.919 4296.06 1212217040
-1078.74 3670.56 1212217171
-1019.35 3211.51 1212217305
-1669.97 2918.89 1212217359
-2301.08 2813.91 1212217656
-2103.41 2845.18 1212217697
-1762.15 2899.9 1212217709
-1281.73 2976.97 1212217769
-960.852 3035.04 1212217789
-343.921 3135.56 1212217840
306.692 3231.61 1212217900
868.667 3326.55 1212217969
1029.99 3355.58 1212218020
1174.47 3434.88 1212218081
1109.77 3879.43 1212218141
1242.73 3992.24 1212218220
1241.84 3993.36 1212218236
1242.73 3994.47 1212218271
2301.08 4281.54 1212218379
2434.93 4305 1212218449
2442.9 4408.89 1212218604
2392.38 4399.95 1212218666
2567 4206.7 1212218730
2649.43 4139.68 1212218751
2063.53 4021.28 1212218872
1706.31 3860.44 1212218945
1635.4 3527.59 1212218993
1574.24 3538.76 1212219017
1574.24 3539.87 1212219035
1409.37 3494.08 1212219050
1370.37 3191.4 1212219136
1494.46 3209.27 1212219163
1620.33 3228.26 1212219196
1537.89 3113.22 1212219257
1119.52 3042.86 1212219312
972.375 3018.29 1212219385
953.76 2937.88 1212219437
1019.35 2608.42 1212219488
1015.81 2598.36 1212219489
995.421 2493.39 1212219641
936.033 2476.63 1212219723
944.896 2477.75 1212219725
1029.99 2467.7 1212219748
1061.9 2292.37 1212219809
1170.04 1768.63 1212219856
1337.57 1789.85 1212219900
1595.51 809.458 1212220140
1638.06 223.291 1212220213
1676.17 -267.941 1212220261
1714.29 -855.147 1212220325
1724.04 -1024.83 1212220367
1724.04 -1029.29 1212220375
1530.8 -1019.24 1212220434
1507.76 -1067.25 1212220480
1100.9 -468.891 1212220590
1056.58 122.809 1212220650
842.961 504.646 1212220710
592.998 892.083 1212220770
611.612 1348.77 1212220845
561.974 1661.43 1212220896
492.835 2178.46 1212220962
352.785 3006 1212221137
265.032 3514.19 1212221211
18.6143 4113.99 1212221383
20.3871 4119.58 1212221435
-21.2735 4392.13 1212221450
-45.2061 4526.18 1212221539
-169.301 4518.36 1212221602
-170.188 4512.77 1212221718
-171.074 4522.82 1212221775
-174.62 4527.29 1212221808
-150.687 4532.88 1212221832
793.323 4138.57 1212222112
878.417 4263.67 1212222172
1014.92 4279.31 1212222249
1185.11 3327.66 1212222335
1229.43 3125.51 1212222395
1323.39 2440.9 1212222476
1107.11 2006.49 1212222521
1034.42 1747.41 1212222576
684.297 1691.58 1212222651
-134.732 1318.62 1212222780
-120.55 1222.59 1212222782
-119.663 1214.77 1212222825
579.702 1003.74 1212222915
585.02 866.402 1212222968
615.158 554.889 1212223028
1008.72 515.811 1212223103
1092.04 524.743 1212223127
1229.43 486.782 1212223235
1217.02 662.075 1212223236
1377.46 906.598 1212223296
1428.87 1069.62 1212223370
2676.91 1128.8 1212223423
3359.43 2301.3 1212223484
4420.45 3410.31 1212223540
5387.51 4540.7 1212223586
6476.88 5774.02 1212223645
7810.02 6428.74 1212223701
9236.23 6788.53 1212223757
10665.1 7077.93 1212223828
12116.1 7381.87 1212223887
15208.8 7822.15 1212224110
15458.7 7903.73 1212224170
15458.7 7904.85 1212224230
15460.5 7903.73 1212224264
15472 7909.32 1212224293
15228.3 7935.02 1212224346
15269 8126.12 1212224357
15214.1 8589.92 1212224419
15178.6 8650.27 1212224472
15177.7 8649.15 1212224592
15175.1 8649.15 1212224654
15252.2 8089.24 1212224818
15114.8 7447.8 1212224881
