4281.29 -15947.3 1211620146
3483.53 -16345.1 1211620192
5764.22 -18295.9 1211620315
6983.02 -19214.8 1211620368
8442.02 -19326.2 1211620409
11750 -22231.6 1211620562
13315.4 -24346.8 1211620648
15528.7 -26419.2 1211620895
15514.6 -26432.6 1211621069
15480 -26481.6 1211621085
15249.5 -26033.1 1211621134
15012 -25809.4 1211621186
14736.3 -25898.4 1211621226
13779 -24933.4 1211621280
12016.8 -22550 1211621413
11128.7 -21474.5 1211621463
10678.4 -21180.5 1211621532
10256.5 -21544.6 1211621617
10256.5 -21532.4 1211621671
10260.9 -21540.2 1211621846
10260.9 -21540.2 1211621915
