1099.13 3047.33 1212197610
846.507 4528.41 1212197711
797.755 4856.83 1212197786
1042.4 4928.33 1212197838
1359.73 4983.06 1212197891
1652.24 5110.42 1212197952
1922.59 5178.56 1212198029
2295.76 5386.35 1212198072
2295.76 5386.35 1212198112
2287.78 5386.35 1212198202
1987.3 5405.35 1212198280
1919.04 5396.41 1212198313
1919.93 5308.15 1212198339
2216.87 4377.61 1212198567
2221.3 4374.26 1212198572
2354.26 4388.78 1212198601
2447.34 4313.94 1212198644
2557.25 4213.41 1212198713
2726.55 4062.61 1212198771
2849.76 3950.91 1212198792
2893.19 3659.39 1212198917
2926.87 3404.73 1212198973
2991.58 3278.52 1212199040
3141.38 3102.05 1212199093
3176.84 2829.54 1212199154
3159.11 2812.79 1212199178
3159.11 2809.44 1212199187
3160 2809.44 1212199260
3121.88 2777.05 1212199263
2974.74 2534.71 1212199332
3089.08 2421.91 1212199396
3826.56 2118.16 1212199515
3982.57 2268.92 1212199544
3980.8 2271.15 1212199586
4239.62 3184.7 1212199648
4207.71 3274.05 1212199690
3932.05 3279.64 1212199830
3342.59 3831.4 1212199951
3253.95 4160.91 1212199999
3140.5 4510.54 1212200061
2933.97 4604.37 1212200110
2669.82 5190.85 1212200179
1547.64 5023.28 1212200294
974.147 4922.74 1212200396
-72.6843 4764.11 1212200527
-72.6843 4762.99 1212200545
-325.307 4650.17 1212200581
-286.305 4515 1212200767
