3499.49 -16259.3 1212600488
2999.56 -14847.5 1212600543
2672.48 -13366.3 1212600599
2545.72 -11871.4 1212600652
3395.78 -10618.3 1212600687
4170.49 -9359.34 1212600730
3996.75 -7864.88 1212600776
3727.29 -6365.69 1212600832
3293.84 -4888.54 1212600877
2893.19 -3445.72 1212600923
3461.37 -1935.68 1212600987
3858.47 -481.171 1212601030
3398.44 990.341 1212601082
3667.01 1811.06 1212601147
3801.75 1920.5 1212601212
4071.21 2163.94 1212601262
4072.98 2169.53 1212601322
3756.54 2529.12 1212601382
3472.01 2810.56 1212601442
3411.73 2857.46 1212601502
