2583.84 -11617.2 1213030115
4110.21 -9539.99 1213030127
4020.69 -8039.99 1213030177
3365.64 -5048.09 1213030265
3763.63 560.471 1213030472
3518.1 1615.65 1213030528
3633.33 1723.96 1213030594
3809.72 1921.62 1213030662
3837.2 1968.52 1213030707
3550.01 2352.67 1213030767
3368.3 2538.06 1213030841
3659.92 3172.42 1213030949
3560.65 3314.26 1213031009
3542.92 3380.16 1213031071
3528.74 3386.86 1213031079
3526.08 3383.51 1213031159
3502.14 3420.36 1213031161
3435.66 3574.5 1213031220
3521.65 3634.81 1213031291
3719.31 3509.72 1213031312
3595.22 3266.23 1213031359
3213.18 2865.28 1213031417
2785.05 2424.15 1213031484
2250.56 2058.97 1213031544
2261.19 2080.19 1213031555
2262.08 2080.19 1213031557
2272.72 2216.43 1213031622
2513.81 2209.73 1213031678
2146.85 1811.06 1213031743
2076.82 1738.48 1213031798
1905.75 1557.58 1213031857
2482.79 1038.35 1213031925
2591.82 -25.678 1213031976
2838.23 -1521.56 1213032096
2870.15 -1465.75 1213032338
2863.94 -1424.45 1213032398
2858.62 -1424.45 1213032432
2858.62 -1424.45 1213032434
2768.21 -1243.62 1213032482
2505.84 -2661.16 1213032612
2762.01 -3222.52 1213032639
3209.63 -4647.53 1213032684
3660.81 -6113.57 1213032743
4018.03 -8104.68 1213032806
