3966.62 -7713.19 1211251081
3733.49 -6391.35 1211251123
3440.98 -5163.02 1211251176
3242.43 -4712.25 1211251184
3193.68 -4486.85 1211251223
2851.53 -3334.12 1211251226
3911.66 -695.511 1211251338
3593.44 772.612 1211251379
3674.1 1765.28 1211251436
3847.84 1937.25 1211251497
4009.16 2255.52 1211251556
3763.63 2535.82 1211251629
3612.06 2685.47 1211251652
3306.25 2935.64 1211251722
3059.83 3322.08 1211251777
3355.89 3709.65 1211251833
3478.21 3890.6 1211251902
3494.17 3870.49 1211251928
3572.17 3670.56 1211251997
3702.47 3444.94 1211252196
3628.9 3513.07 1211252197
3629.79 3513.07 1211252216
3458.71 3645.98 1211252274
3425.91 3907.35 1211252322
3048.31 3787.83 1211252371
3101.49 3876.07 1211252431
