3327.52 -15944 1212355661
2985.38 -14458.5 1212355715
2623.73 -12968.3 1212355766
2656.52 -11428.8 1212355824
3648.4 -10299.4 1212355860
4174.92 -8893.18 1212355906
3917.86 -7418.72 1212355955
3643.08 -5889.33 1212355995
3178.61 -4408.74 1212356045
2723 -2989.28 1212356099
3573.06 -1747.04 1212356160
3847.84 -254.544 1212356195
3357.66 1203.61 1212356256
3649.29 1746.3 1212356310
3845.18 2044.45 1212356430
3288.52 2620.7 1212356495
3139.61 2765.88 1212356551
2878.12 3012.7 1212356617
2828.48 3185.82 1212356657
2797.46 3432.65 1212356711
2467.72 3556.63 1212356832
2319.69 3529.82 1212356887
2319.69 3529.82 1212356889
2327.67 3581.2 1212357001
2213.33 3549.93 1212357051
1760.38 3459.46 1212357111
1637.17 3354.47 1212357172
1671.74 3113.22 1212357232
1771.9 2713.39 1212357297
1783.43 2420.8 1212357352
1537.89 2251.05 1212357427
1543.21 2069.02 1212357473
1729.36 2067.9 1212357505
1756.83 2072.37 1212357560
1760.38 2071.25 1212357625
1761.27 2080.19 1212357680
2040.48 1887 1212357758
2327.67 1435.87 1212357805
2289.56 1153.36 1212357861
2689.32 308.143 1212357921
2454.43 -2208.02 1212358026
2904.71 -3622.04 1212358068
3352.34 -5065.95 1212358124
3737.93 -6543.06 1212358157
4035.75 -8215.1 1212358223
4013.59 -9729.56 1212358263
