2902.06 -11041.9 1212009946
4156.3 -9418.44 1212009957
3997.64 -7910.61 1212010008
3734.38 -6434.86 1212010040
3320.43 -4973.34 1212010090
2913.58 -3500.4 1212010145
3751.22 -1447.89 1212010223
3840.75 91.5484 1212010275
3448.07 1545.3 1212010333
3813.27 1898.17 1212010395
4225.44 2542.52 1212010455
4216.58 3262.88 1212010515
3771.61 3427.07 1212010636
3586.35 3589.02 1212010696
3567.74 3700.71 1212010757
3623.58 3750.98 1212010790
3568.62 3821.34 1212010861
3637.76 3824.69 1212010889
3660.81 3802.36 1212010891
3785.79 3729.75 1212010951
3915.2 3618.06 1212011011
4223.67 3065.2 1212011072
4158.08 2294.6 1212011132
3872.66 2007.6 1212011198
3719.31 1776.45 1212011253
3717.54 1769.75 1212011321
3721.08 1775.33 1212011374
3731.72 1796.55 1212011449
3702.47 1748.53 1212011495
3723.74 1783.15 1212011562
3612.94 1602.25 1212011621
3369.19 1049.52 1212011680
3837.2 -107.177 1212011715
3560.65 -1742.57 1212011773
