3971.05 -16836.5 1212035248
5122.47 -17772.3 1212035291
6254.4 -18699.1 1212035336
7641.61 -19301.7 1212035402
9099.73 -19356.3 1212035445
10160.7 -20390.9 1212035486
11142 -21526.8 1212035542
12089.5 -22697 1212035603
14835.6 -26257.9 1212035743
16894.7 -28540.1 1212035849
20273.6 -30368.9 1212035993
21371 -30538 1212036011
22791 -30952.9 1212036071
23979.6 -31818.1 1212036129
25154.1 -32687.8 1212036174
26210.7 -33527.3 1212036227
26002.4 -33422.8 1212036357
25995.3 -33433.9 1212036371
26029.9 -33321.6 1212036500
26026.3 -33650.7 1212036727
26115 -33576.2 1212036785
23992.9 -31808.1 1212036921
21370.1 -30524.6 1212037029
19914.6 -30272.1 1212037057
16273.3 -27822.4 1212037223
13346.4 -24363.5 1212037355
11524.9 -21949.9 1212037455
10018 -20208.3 1212037515
9655.49 -19789.5 1212037574
9453.4 -19555.6 1212037639
9147.59 -19355.2 1212037700
5664.06 -18184.5 1212037859
4536.57 -17248.7 1212037904
