2419.86 -1441.19 1211156676
1819.77 -1321.76 1211156742
1654.9 -1232.46 1211156798
1651.35 -1244.73 1211156863
1651.35 -1244.73 1211156919
1651.35 -1245.85 1211156981
1649.58 -1249.2 1211157040
1649.58 -1251.43 1211157085
1649.58 -1251.43 1211157141
1649.58 -1252.55 1211157206
1648.69 -1241.39 1211157322
1551.19 -1115.25 1211157368
1505.1 -500.149 1211157455
1505.1 -499.033 1211157457
1462.55 13.3973 1211157516
1437.73 358.385 1211157577
1210.81 357.268 1211157648
1028.22 505.762 1211157698
1001.63 933.396 1211157758
876.644 1068.5 1211157819
755.208 1395.67 1211157879
710.002 1687.11 1211157940
575.27 1792.08 1211158004
509.677 2076.84 1211158062
436.992 2536.94 1211158127
145.369 2788.22 1211158186
-240.213 2721.21 1211158242
-349.239 2715.63 1211158278
-358.103 2733.5 1211158281
-378.49 2879.8 1211158341
-21.2735 2859.7 1211158401
241.099 2696.64 1211158459
263.259 2542.52 1211158519
322.648 2187.39 1211158581
391.786 1757.46 1211158642
423.697 1586.61 1211158704
460.039 1358.82 1211158772
576.156 1123.21 1211158823
569.065 811.691 1211158883
553.997 801.642 1211158908
385.582 1017.14 1211158969
450.288 1227.06 1211159004
553.997 1348.77 1211159053
562.86 1355.47 1211159114
561.974 1356.58 1211159188
562.86 1357.7 1211159245
507.018 1347.65 1211159262
468.016 1346.54 1211159273
421.924 1636.86 1211159333
366.967 1957.35 1211159401
357.217 2027.7 1211159427
525.632 1894.81 1211159482
569.065 1586.61 1211159542
639.09 1166.76 1211159603
934.26 1194.68 1211159664
977.693 1093.07 1211159723
1050.38 880.917 1211159783
1201.06 752.514 1211159844
998.08 957.96 1211159904
998.08 1001.51 1211159925
998.967 999.273 1211159927
998.967 1001.51 1211159929
1201.95 1416.88 1211159989
1318.07 1621.23 1211160054
1230.32 2201.91 1211160111
1650.47 2479.98 1211160170
1708.08 2602.83 1211160230
1708.08 2605.06 1211160245
1889.79 2636.34 1211160300
2184.96 2778.17 1211160360
2182.3 2820.61 1211160383
2183.19 2887.62 1211160443
2189.39 2906.6 1211160493
2577.64 2964.68 1211160553
2577.64 2964.68 1211160573
2726.55 3013.82 1211160613
2746.94 3194.75 1211160673
2795.69 3486.26 1211160734
2729.21 3921.87 1211160794
2684.89 4210.05 1211160855
2929.53 4270.37 1211160917
3343.48 4344.1 1211160982
3378.05 4383.19 1211161038
3377.16 4384.31 1211161047
3007.54 4902.63 1211161102
2818.73 5092.54 1211161155
2530.66 5168.51 1211161215
2269.17 5006.52 1211161275
2332.1 4598.78 1211161351
2288.67 4494.9 1211161396
2223.96 4338.51 1211161457
2271.83 4045.86 1211161517
2326.79 3672.79 1211161578
2223.08 3451.64 1211161638
2260.31 3232.73 1211161699
2255.87 3229.38 1211161718
2089.23 3203.69 1211161738
1349.98 3090.88 1211161804
1086.72 3057.38 1211161863
666.569 2890.97 1211161919
665.682 2888.74 1211161927
951.101 2908.84 1211161993
1387.21 2979.2 1211162047
1684.15 3024.99 1211162084
2243.46 3124.39 1211162146
2269.17 3129.97 1211162165
2269.17 3129.97 1211162179
2428.72 3117.69 1211162225
2320.58 3037.28 1211162285
1697.45 2923.36 1211162345
1440.39 2751.37 1211162405
1321.61 2645.27 1211162465
1025.56 2596.13 1211162525
1136.36 1797.66 1211162587
1123.06 1359.93 1211162646
866.894 1108.7 1211162708
866.894 1108.7 1211162725
682.524 966.893 1211162781
682.524 966.893 1211162786
680.751 970.242 1211162846
681.637 968.009 1211162908
682.524 968.009 1211162936
683.41 968.009 1211162996
683.41 968.009 1211163057
683.41 968.009 1211163117
684.297 968.009 1211163177
684.297 966.893 1211163238
683.41 966.893 1211163289
683.41 965.776 1211163349
681.637 962.426 1211163409
681.637 962.426 1211163469
682.524 961.31 1211163530
682.524 961.31 1211163590
683.41 962.426 1211163651
676.319 956.843 1211163711
676.319 956.843 1211163772
678.092 956.843 1211163833
678.978 957.96 1211163855
680.751 959.077 1211163915
682.524 959.077 1211163976
686.956 961.31 1211164036
685.183 962.426 1211164097
684.297 961.31 1211164164
683.41 961.31 1211164217
683.41 962.426 1211164278
682.524 963.543 1211164337
686.956 955.727 1211164398
686.956 954.61 1211164438
686.069 954.61 1211164440
587.68 926.696 1211164500
427.242 659.842 1211164551
313.784 519.16 1211164611
313.784 519.16 1211164618
808.392 1026.07 1211164678
1143.45 1357.7 1211164738
1203.72 1419.12 1211164798
1295.91 1774.21 1211164858
1214.36 2297.95 1211164918
1247.16 2753.6 1211164978
1374.8 2771.47 1211165038
1572.46 2830.66 1211165098
1521.05 3159.01 1211165160
2125.57 3314.26 1211165220
2769.98 3654.92 1211165341
2700.84 4057.03 1211165406
2501.41 4269.26 1211165461
2501.41 4269.26 1211165476
2502.29 4273.72 1211165495
2418.08 4350.8 1211165521
2419.86 4350.8 1211165533
2356.04 4481.49 1211165575
2084.8 4458.04 1211165635
1938.54 4237.98 1211165697
2003.25 3844.8 1211165752
2000.59 3845.92 1211165763
1951.84 3613.59 1211165822
1906.63 3526.47 1211165841
1908.41 3506.37 1211165867
2216.87 3459.46 1211165929
2061.75 3409.2 1211165971
1948.29 3288.57 1211166031
2374.65 3347.77 1211166091
2792.14 3400.26 1211166146
2714.14 4001.18 1211166207
2808.1 4244.68 1211166268
3090.86 4200 1211166333
3090.86 4198.88 1211166349
3089.97 4197.77 1211166373
3130.75 4100.59 1211166401
2969.42 4262.55 1211166460
2925.99 4570.86 1211166523
2978.29 4819.97 1211166578
2980.06 4814.38 1211166598
2889.65 4731.72 1211166658
2852.42 4993.12 1211166718
2756.69 5139.46 1211166778
2323.24 5138.34 1211166838
1689.47 5038.92 1211166906
1597.28 5074.67 1211166946
1597.28 5074.67 1211166948
1498.01 5166.27 1211167009
1630.08 5234.42 1211167069
1786.97 5188.62 1211167132
1645.15 5013.23 1211167190
1934.11 4764.11 1211167254
2135.32 4585.38 1211167279
2316.15 4432.34 1211167372
2361.35 4451.33 1211167405
2338.31 4407.77 1211167475
2421.63 4336.28 1211167491
2156.6 4145.27 1211167584
2156.6 4145.27 1211167610
1236.52 3996.71 1211167644
1277.29 3704.06 1211167704
1332.25 3319.84 1211167775
1366.82 3117.69 1211167825
1526.37 3093.12 1211167890
1366.82 3171.3 1211167945
1762.15 3248.36 1211168006
2237.26 3304.21 1211168066
2283.35 3105.4 1211168135
2419.86 3065.2 1211168191
2193.83 3023.87 1211168256
1834.84 3049.56 1211168311
1834.84 3049.56 1211168325
1915.5 3066.31 1211168339
1814.45 2931.17 1211168388
1433.3 2856.35 1211168451
1276.41 2745.78 1211168511
1170.04 2600.6 1211168566
1066.33 2220.9 1211168629
1165.61 1605.6 1211168686
1113.31 1346.54 1211168747
984.784 1231.52 1211168807
780.027 976.942 1211168868
780.914 965.776 1211168873
614.271 657.609 1211168934
614.271 497.947 1211168961
422.81 110.528 1211169019
171.074 91.5484 1211169063
233.122 414.209 1211169123
230.463 425.374 1211169183
213.621 665.424 1211169248
66.4796 1026.07 1211169304
43.4333 1373.33 1211169364
109.027 1374.45 1211169399
109.027 1374.45 1211169401
124.982 1380.03 1211169424
43.4333 1272.84 1211169482
-153.346 1462.66 1211169542
-647.954 1472.71 1211169604
-1397.84 1356.58 1211169664
-1680.6 1583.26 1211169723
-1998.82 1577.68 1211169783
-2404.79 1754.11 1211169848
-2439.36 2313.59 1211169903
-2451.77 2497.85 1211169968
-2456.2 2536.94 1211169972
-2219.53 1713.91 1211170090
-2035.16 1721.73 1211170112
-1757.72 1614.53 1211170158
-1649.58 1402.37 1211170183
-1209.04 1271.72 1211170223
-680.751 1361.05 1211170268
-147.141 1343.19 1211170329
-92.185 1046.17 1211170389
-95.7306 1089.72 1211170435
-96.617 1095.3 1211170443
-146.255 1418 1211170504
523.859 1563.16 1211170595
1276.41 1675.95 1211170655
1172.7 2541.41 1211170719
1225.88 2952.39 1211170775
1527.26 3007.12 1211170845
1640.72 3236.08 1211170901
1907.52 3279.64 1211170955
2271.83 3117.69 1211171031
2418.08 3055.14 1211171076
2423.4 3041.74 1211171100
2425.18 3031.69 1211171103
2353.38 2997.07 1211171173
2363.13 3064.08 1211171228
2369.33 3039.51 1211171297
2161.03 3006 1211171343
1723.15 2922.24 1211171404
1860.54 2870.87 1211171464
1960.7 3059.61 1211171524
2341.85 3119.92 1211171585
2349.83 3136.68 1211171621
2426.06 3058.5 1211171662
2297.53 2942.34 1211171727
2371.11 2710.04 1211171777
2401.24 2744.67 1211171816
2401.24 2744.67 1211171817
2371.99 2782.64 1211171837
2148.62 2873.1 1211171898
2136.21 3089.77 1211171958
2292.22 3131.09 1211171986
2424.29 3045.09 1211172044
2020.09 2969.15 1211172099
1425.32 2882.03 1211172159
1287.04 2861.93 1211172220
1122.18 2840.71 1211172270
1155.86 2994.84 1211172330
1155.86 2995.95 1211172337
1246.27 2864.16 1211172397
1239.18 2950.16 1211172458
1398.73 2943.46 1211172532
1552.08 2793.81 1211172578
1860.54 2888.74 1211172638
1933.23 3060.73 1211172699
2212.44 3113.22 1211172761
2402.13 3223.79 1211172819
2223.96 3212.62 1211172885
2109.62 3104.29 1211172959
2422.52 3099.82 1211173001
2423.4 3103.17 1211173060
2418.08 3106.52 1211173120
2426.06 3095.35 1211173188
2428.72 3094.23 1211173241
2421.63 3078.6 1211173289
2139.76 2992.6 1211173349
1533.46 2890.97 1211173409
1416.46 2828.43 1211173470
1463.44 2779.29 1211173528
1463.44 2779.29 1211173529
1554.74 2884.27 1211173590
1513.96 3183.58 1211173650
1513.96 3183.58 1211173664
1832.18 3265.12 1211173724
1958.05 3202.57 1211173759
2055.55 3093.12 1211173805
2367.56 3172.42 1211173865
2392.38 3141.14 1211173883
2731.87 3198.1 1211173947
2715.03 4021.28 1211174081
3056.29 4074.9 1211174128
3273.45 4117.34 1211174185
3296.5 4118.46 1211174219
3297.39 4118.46 1211174221
3184.82 4316.17 1211174285
3159.11 4315.05 1211174293
2823.17 4197.77 1211174358
2715.91 4128.51 1211174391
2572.32 4116.23 1211174443
2442.02 3910.7 1211174503
2551.93 3238.31 1211174563
2147.73 2992.6 1211174623
1857.88 2949.04 1211174670
1858.77 2956.86 1211174719
1858.77 2955.75 1211174721
1956.27 3073.01 1211174781
2557.25 3135.56 1211174842
2815.19 3443.82 1211174906
2709.71 4036.92 1211174967
2816.08 4258.09 1211175028
2687.55 4226.81 1211175085
2876.35 3902.88 1211175140
2932.19 3735.34 1211175201
2953.47 3434.88 1211175261
2979.17 3288.57 1211175285
2979.17 3287.45 1211175287
2983.6 3228.26 1211175349
2562.57 2788.22 1211175410
2302.85 2531.36 1211175468
2224.85 2453.18 1211175518
2025.41 2252.17 1211175580
1471.41 1709.45 1211175633
1221.45 1466.01 1211175693
916.532 1158.94 1211175754
446.743 842.954 1211175814
105.481 720.134 1211175875
101.935 724.6 1211175882
174.62 640.861 1211175929
458.266 675.473 1211175974
579.702 796.059 1211176032
983.011 883.15 1211176092
1228.54 901.015 1211176153
1583.99 926.696 1211176213
1802.93 1124.33 1211176274
2027.18 1418 1211176334
2694.64 2084.66 1211176395
3255.73 2610.65 1211176456
3283.21 2647.5 1211176517
3282.32 2650.85 1211176525
3347.03 2745.78 1211176548
3634.22 2644.15 1211176610
3596.1 1897.05 1211176729
3599.65 1874.71 1211176769
3597.88 1875.83 1211176777
3797.31 2070.14 1211176858
3985.23 2261.1 1211176926
3832.77 2407.39 1211176983
3305.36 1876.95 1211177045
3050.97 1620.11 1211177098
2978.29 1555.35 1211177113
2755.8 1569.86 1211177173
2491.65 1832.28 1211177234
2012.12 2325.87 1211177302
1778.11 2522.42 1211177354
1154.97 2526.89 1211177415
1113.31 2859.7 1211177476
577.929 3179.12 1211177536
-163.983 3055.14 1211177605
-973.261 2924.47 1211177656
-1276.41 2966.91 1211177717
-1277.29 2966.91 1211177751
-1278.18 2971.38 1211177763
-1335.8 2978.08 1211177781
-1593.74 2845.18 1211177861
-1763.04 2665.37 1211177917
-1942.09 2375.01 1211177977
-1376.57 2490.04 1211178112
-1381.89 2535.82 1211178157
-1381 2533.59 1211178229
-1381 2533.59 1211178256
-1372.14 2446.48 1211178293
-366.967 2577.14 1211178358
487.517 2736.85 1211178412
1123.06 2726.8 1211178481
1317.18 2756.95 1211178532
1537.01 2800.51 1211178592
2062.64 2865.28 1211178652
2025.41 3182.47 1211178695
1989.96 3191.4 1211178739
1990.84 3189.17 1211178742
1833.95 3152.31 1211178788
1794.95 3350 1211178848
1763.92 3544.34 1211178908
1674.4 4059.26 1211178969
1594.62 4554.1 1211179029
1617.67 4807.68 1211179090
1917.27 4854.6 1211179150
2041.37 4883.64 1211179191
2041.37 4883.64 1211179203
1991.73 4710.49 1211179247
2360.47 4389.9 1211179303
2528 4242.45 1211179359
2690.21 4109.52 1211179419
2872.8 3906.23 1211179484
2956.13 3360.05 1211179544
3011.08 2985.9 1211179607
2916.24 2861.93 1211179645
2336.54 2281.2 1211179702
2063.53 2006.49 1211179764
1745.31 1697.16 1211179828
1590.19 1095.3 1211179888
1609.69 574.986 1211179947
1636.28 179.749 1211180007
1705.42 -512.429 1211180067
1779.88 -506.847 1211180093
1779.88 -506.847 1211180099
1702.76 -673.185 1211180154
1572.46 -876.357 1211180214
1574.24 -868.543 1211180276
1574.24 -868.543 1211180297
1528.14 -818.308 1211180361
1500.67 -496.8 1211180631
1435.96 349.453 1211180632
1403.16 835.138 1211180633
1493.57 1385.62 1211180658
1479.39 1607.83 1211180729
1438.62 1845.68 1211180785
1382.78 2203.03 1211180840
1321.61 2580.5 1211180902
1259.57 2978.08 1211180962
1201.06 3331.01 1211181022
1165.61 3565.56 1211181055
1110.65 3973.25 1211181115
2192.05 4140.8 1211181175
2250.56 4059.26 1211181230
2251.44 4058.14 1211181232
2125.57 4065.96 1211181296
2376.42 4181.01 1211181352
2386.17 4192.18 1211181378
1346.43 4015.7 1211181451
1246.27 4007.88 1211181456
1245.38 4007.88 1211181457
1223.22 4097.24 1211181486
1111.54 3985.54 1211181546
1094.7 3882.78 1211181606
1141.68 3599.07 1211181666
1066.33 3256.18 1211181740
972.375 2818.38 1211181787
1128.38 1850.15 1211181850
1130.15 1358.82 1211181926
978.579 1120.98 1211181968
1009.6 711.202 1211182037
1031.76 420.908 1211182089
1061.9 -5.58219 1211182150
1083.17 -296.967 1211182211
1137.24 -981.29 1211182271
1182.45 -1702.39 1211182336
1078.74 -2039.48 1211182392
1017.58 -2229.22 1211182452
711.775 -2252.66 1211182514
711.775 -2252.66 1211182524
804.846 -1847.5 1211182584
754.322 -1165.48 1211182645
354.558 -972.36 1211182705
124.982 -724.536 1211182765
78.0027 -82.616 1211182826
55.8428 206.544 1211182885
187.029 406.394 1211182948
663.023 877.567 1211183006
657.705 946.794 1211183069
656.818 947.911 1211183127
655.045 947.911 1211183188
660.364 945.678 1211183226
655.045 946.794 1211183287
653.273 947.911 1211183347
653.273 947.911 1211183408
655.045 946.794 1211183468
655.045 947.911 1211183530
659.477 945.678 1211183573
656.818 947.911 1211183638
656.818 946.794 1211183735
656.818 946.794 1211183796
656.818 946.794 1211183857
657.705 947.911 1211183917
657.705 949.027 1211183977
657.705 947.911 1211184038
656.818 947.911 1211184098
652.386 949.027 1211184159
654.159 947.911 1211184220
654.159 947.911 1211184280
654.159 946.794 1211184345
587.68 851.887 1211184402
838.529 871.985 1211184463
1381 928.929 1211184523
1388.98 925.58 1211184587
1395.18 922.23 1211184665
1395.18 923.346 1211184725
1386.32 934.512 1211184785
1406.71 1085.25 1211184845
1582.21 1008.21 1211184905
2644.11 877.567 1211184966
2872.8 -478.938 1211185031
3029.7 -1201.2 1211185086
3539.37 -1046.04 1211185146
3609.4 -581.644 1211185206
3570.4 -750.212 1211185282
3573.06 -608.436 1211185335
3579.26 -794.865 1211185387
3585.47 -952.266 1211185448
3589.9 -963.43 1211185513
3581.92 -965.662 1211185573
3578.37 -956.732 1211185633
3580.15 -956.732 1211185688
3587.24 -972.36 1211185764
3596.99 -986.872 1211185818
3613.83 -980.174 1211185875
3615.6 -982.407 1211185928
3615.6 -983.523 1211185988
3614.72 -984.639 1211186053
3614.72 -984.639 1211186118
3724.63 -979.058 1211186169
