3646.63 -957.848 1211071226
3622.69 -985.756 1211071278
3622.69 -982.407 1211071348
3623.58 -981.29 1211071398
3586.35 -987.988 1211071458
3573.94 -1133.11 1211071540
3392.23 -1157.66 1211071606
2473.93 -1274.87 1211071714
2473.93 -1270.41 1211071747
2438.47 -814.959 1211071806
2396.81 -285.803 1211071880
2056.44 -302.549 1211071925
1786.08 -319.295 1211071991
1595.51 -334.925 1211072046
1532.58 -347.205 1211072083
1493.57 -333.808 1211072130
1465.21 -1.11644 1211072190
1861.43 42.4248 1211072252
2014.77 429.84 1211072312
1990.84 769.262 1211072373
2010.34 1046.17 1211072433
2395.92 1011.56 1211072494
2832.03 1109.81 1211072560
3322.21 1614.53 1211072620
3575.72 1853.5 1211072673
3575.72 1853.5 1211072674
3593.44 1875.83 1211072735
3764.52 2051.15 1211072795
3683.86 2222.01 1211072855
3401.98 2486.69 1211072915
3154.68 2744.67 1211072975
3072.24 2817.26 1211073035
3008.42 2886.5 1211073096
2895.85 2981.43 1211073170
2860.39 3046.21 1211073217
2715.91 2931.17 1211073277
2548.38 2772.59 1211073333
2395.04 2619.58 1211073398
2208.01 2430.85 1211073453
1987.3 2211.96 1211073514
1796.72 2029.94 1211073574
1484.71 1717.26 1211073639
1351.75 1587.73 1211073695
1191.31 1565.4 1211073755
1065.45 1541.95 1211073816
804.846 1500.63 1211073879
457.38 1445.92 1211073935
453.834 1359.93 1211073965
453.834 1359.93 1211073971
453.834 1357.7 1211073995
304.92 1404.6 1211074050
265.918 1672.6 1211074110
210.075 1998.67 1211074185
180.824 2189.63 1211074237
158.665 2315.82 1211074301
92.185 2735.73 1211074422
49.6381 3020.52 1211074475
9.75034 3262.88 1211074534
-37.2286 3554.39 1211074598
7.09116 4124.04 1211074784
21.2735 4102.82 1211074791
33.683 4038.04 1211074810
348.353 3968.78 1211074858
790.664 3967.67 1211074913
797.755 3859.32 1211074978
819.915 3791.19 1211075044
856.257 3554.39 1211075100
895.258 3368.99 1211075153
983.898 2771.47 1211075214
1088.49 2128.21 1211075279
1120.4 1951.77 1211075346
1191.31 1526.31 1211075394
1381.89 984.758 1211075454
1435.07 338.288 1211075514
1537.01 194.263 1211075574
1477.62 17.863 1211075635
1448.37 217.708 1211075710
1424.44 534.791 1211075756
1423.55 572.753 1211075792
1424.44 573.869 1211075800
1416.46 631.928 1211075831
1407.59 727.95 1211075832
1203.72 871.985 1211075892
1186.88 1056.22 1211075952
1165.61 1323.09 1211076014
1303.89 1692.7 1211076133
1239.18 2102.52 1211076199
1164.72 2584.96 1211076254
1127.49 2785.99 1211076315
1015.81 3472.86 1211076375
882.849 3839.21 1211076435
801.301 3824.69 1211076495
760.526 3819.11 1211076529
760.526 3819.11 1211076536
760.526 3819.11 1211076537
691.388 3610.24 1211076604
994.535 3547.69 1211076657
1064.56 3561.1 1211076733
1365.05 3610.24 1211076777
1598.17 3603.54 1211076838
1637.17 3365.64 1211076898
1684.15 3071.9 1211076958
1744.42 2706.69 1211077018
1783.43 2478.87 1211077078
1841.93 2103.64 1211077138
2178.76 2108.11 1211077198
2376.42 2309.12 1211077258
2762.01 2699.99 1211077319
2947.26 2883.15 1211077384
2921.56 2973.61 1211077439
2921.56 2973.61 1211077469
2924.22 2973.61 1211077485
2902.06 2984.78 1211077549
2704.39 2915.54 1211077600
2553.7 2772.59 1211077650
2400.36 2620.7 1211077714
2177.87 2397.34 1211077769
1841.93 2061.2 1211077836
1530.8 1756.35 1211077904
1116.86 1347.65 1211078016
995.421 1218.12 1211078071
999.853 856.353 1211078133
1019.35 534.791 1211078198
1037.97 322.657 1211078261
1062.79 -14.5137 1211078319
1083.17 -308.131 1211078364
1083.17 -309.248 1211078366
1106.22 -514.662 1211078426
1311.86 -550.386 1211078510
1293.25 -334.925 1211078544
1271.09 -18.9794 1211078610
1271.09 -18.9794 1211078622
1195.75 954.61 1211078711
1184.22 1075.2 1211078778
803.96 1089.72 1211078823
742.799 1471.6 1211078878
723.298 1597.78 1211078942
493.722 1873.6 1211079007
353.671 2044.45 1211079073
254.395 2044.45 1211079120
253.509 2043.34 1211079169
349.239 2039.99 1211079180
349.239 2039.99 1211079197
151.573 2382.83 1211079321
106.367 2653.09 1211079379
56.7292 2965.8 1211079426
6.20476 3280.75 1211079482
-73.5707 3782.25 1211079547
-171.074 4385.43 1211079671
-180.824 4466.97 1211079738
-187.916 4507.19 1211079752
-106.367 4530.64 1211079769
320.875 4601.02 1211079829
1110.65 4721.66 1211079924
1306.55 4439.05 1211079974
1754.17 4451.33 1211080039
1833.95 3978.84 1211080113
1868.52 3767.73 1211080154
1907.52 3497.43 1211080216
2192.94 3536.52 1211080276
2348.06 3559.98 1211080307
2797.46 3618.06 1211080364
2928.65 3793.42 1211080425
3193.68 3695.13 1211080485
3342.59 3738.69 1211080554
3342.59 3738.69 1211080566
3503.03 3793.42 1211080584
3274.34 3702.95 1211080628
2935.74 3651.57 1211080688
2663.62 3618.06 1211080748
2346.29 3576.73 1211080814
2208.01 3529.82 1211080870
2208.01 3529.82 1211080875
1950.07 3381.27 1211080932
2008.57 2898.79 1211080992
2011.23 2854.11 1211081054
2091.89 2401.81 1211081114
2083.91 2331.45 1211081174
2019.21 2314.7 1211081215
1940.32 2393.99 1211081265
1889.79 2720.1 1211081325
1816.22 3155.66 1211081385
2087.46 3297.51 1211081447
2705.28 3385.74 1211081505
2818.73 3412.55 1211081535
2818.73 3412.55 1211081537
2607.77 3480.68 1211081597
2302.85 3439.35 1211081631
2243.46 3425.95 1211081665
2226.62 3352.23 1211081727
2474.81 3343.3 1211081786
2723.89 3370.1 1211081825
2723.89 3370.1 1211081826
2793.03 3404.73 1211081870
2787.71 3564.45 1211081886
2725.66 3995.59 1211081956
2702.62 4086.07 1211082008
2406.56 4359.74 1211082066
2189.39 4584.26 1211082131
2108.73 5073.55 1211082198
2089.23 5195.32 1211082246
1974 5219.9 1211082287
1974 5219.9 1211082297
1966.91 5263.47 1211082321
1963.36 5277.99 1211082328
1512.19 5132.76 1211082466
1724.92 4945.08 1211082538
2296.65 4451.33 1211082648
2322.35 4442.4 1211082708
2387.95 4363.09 1211082776
2390.61 4357.5 1211082778
2389.72 4357.5 1211082784
2637.02 4168.73 1211082844
2783.28 4040.27 1211082924
2873.69 3817.99 1211082964
2980.06 3058.5 1211083082
2986.26 3231.61 1211083129
3037.67 3194.75 1211083158
3037.67 3194.75 1211083159
2993.35 3037.28 1211083225
