3692.72 -879.706 1212081936
3683.86 -909.847 1212081996
3681.2 -915.428 1212082057
3681.2 -913.196 1212082117
3682.97 -910.963 1212082187
3682.08 -909.847 1212082238
3682.08 -908.73 1212082298
3682.97 -908.73 1212082358
3682.08 -908.73 1212082428
3680.31 -909.847 1212082479
3682.97 -908.73 1212082543
3684.74 -910.963 1212082641
3684.74 -909.847 1212082696
3683.86 -912.079 1212082756
3682.97 -912.079 1212082822
3684.74 -919.893 1212082893
3682.97 -914.312 1212082950
3682.08 -913.196 1212082997
3681.2 -912.079 1212083035
3681.2 -913.196 1212083096
3681.2 -914.312 1212083159
3682.08 -915.428 1212083223
3682.08 -914.312 1212083277
3681.2 -914.312 1212083346
3681.2 -912.079 1212083402
3681.2 -913.196 1212083457
3681.2 -912.079 1212083518
3681.2 -909.847 1212083638
3681.2 -908.73 1212083698
3681.2 -909.847 1212083763
3681.2 -908.73 1212083824
3682.08 -908.73 1212083887
3682.08 -909.847 1212083942
3681.2 -909.847 1212083999
3680.31 -910.963 1212084064
3681.2 -909.847 1212084127
3680.31 -908.73 1212084180
3681.2 -909.847 1212084245
3682.08 -914.312 1212084300
3682.97 -912.079 1212084361
3682.97 -909.847 1212084426
3682.08 -907.614 1212084482
3682.08 -908.73 1212084542
3681.2 -909.847 1212084602
3681.2 -909.847 1212084783
3681.2 -909.847 1212084848
3682.08 -907.614 1212084908
3680.31 -907.614 1212084964
3681.2 -907.614 1212085024
3682.08 -907.614 1212085095
3684.74 -905.381 1212085159
3683.86 -905.381 1212085206
3683.86 -906.498 1212085266
3683.86 -906.498 1212085335
3682.97 -906.498 1212085392
3683.86 -906.498 1212085449
3683.86 -906.498 1212085519
3683.86 -907.614 1212085573
3682.97 -906.498 1212085634
3682.97 -907.614 1212085690
3682.97 -906.498 1212085761
3682.97 -906.498 1212085810
3682.97 -906.498 1212085870
3682.97 -906.498 1212085934
3682.97 -906.498 1212085995
3683.86 -906.498 1212086050
3682.97 -906.498 1212086114
3683.86 -907.614 1212086170
3682.97 -908.73 1212086240
3682.97 -908.73 1212086301
3682.97 -907.614 1212086366
3683.86 -907.614 1212086410
3683.86 -907.614 1212086470
3682.97 -906.498 1212086530
3683.86 -906.498 1212086607
3683.86 -906.498 1212086656
3683.86 -907.614 1212086720
3683.86 -907.614 1212086785
3684.74 -907.614 1212086832
3683.86 -908.73 1212086860
3683.86 -908.73 1212086925
3682.97 -907.614 1212086980
3682.97 -905.381 1212087041
3682.97 -906.498 1212087114
3682.97 -906.498 1212087162
3682.97 -906.498 1212087223
3682.97 -906.498 1212087282
3682.97 -907.614 1212087350
3682.97 -908.73 1212087402
3682.97 -906.498 1212087463
3685.63 -907.614 1212087523
3682.97 -908.73 1212087600
3682.08 -907.614 1212087625
3681.2 -908.73 1212087686
3681.2 -907.614 1212087746
3682.08 -906.498 1212087801
3682.97 -907.614 1212087866
3683.86 -907.614 1212087921
3684.74 -908.73 1212087986
3685.63 -909.847 1212088050
3686.51 -910.963 1212088107
3685.63 -910.963 1212088165
3683.86 -909.847 1212088287
3685.63 -913.196 1212088348
3686.51 -913.196 1212088407
3686.51 -910.963 1212088532
3686.51 -909.847 1212088582
3685.63 -909.847 1212088647
3685.63 -909.847 1212088711
3687.4 -913.196 1212088769
3685.63 -910.963 1212088822
3683.86 -908.73 1212088890
3683.86 -908.73 1212088943
3681.2 -904.265 1212089008
3682.97 -907.614 1212089063
3683.86 -908.73 1212089124
3683.86 -908.73 1212089184
3686.51 -914.312 1212089255
3684.74 -909.847 1212089320
3683.86 -909.847 1212089365
3703.36 -981.29 1212089426
3743.24 -969.011 1212089486
3679.42 -900.916 1212089560
3610.28 -982.407 1212089607
3622.69 -964.546 1212089666
3623.58 -969.011 1212089732
3624.47 -966.778 1212089788
3624.47 -966.778 1212089848
3624.47 -966.778 1212089909
3623.58 -965.662 1212089970
3623.58 -964.546 1212090034
3623.58 -964.546 1212090095
3623.58 -964.546 1212090158
3624.47 -964.546 1212090215
3623.58 -961.197 1212090341
3620.92 -954.499 1212090399
3621.81 -956.732 1212090455
3622.69 -957.848 1212090511
3623.58 -960.081 1212090570
3624.47 -961.197 1212090635
3623.58 -962.313 1212090690
3621.81 -973.476 1212090756
3621.81 -974.593 1212090811
3621.81 -975.709 1212090872
3621.81 -977.942 1212090936
3621.81 -979.058 1212090990
3622.69 -979.058 1212091118
3621.81 -979.058 1212091177
3621.81 -979.058 1212091241
3620.92 -979.058 1212091292
3620.92 -980.174 1212091352
3616.49 -972.36 1212091424
