3320.43 4117.34 1213053032
3173.29 4273.72 1213053083
2895.85 4272.61 1213053149
2589.16 4221.22 1213053210
2510.27 4265.91 1213053248
2061.75 4661.34 1213053317
1652.24 5089.19 1213053372
1940.32 5206.49 1213053427
1939.43 5206.49 1213053434
1799.38 5272.4 1213053499
1802.93 5086.96 1213053549
1691.24 5037.8 1213053613
1651.35 5119.35 1213053669
1605.26 5044.51 1213053740
1811.79 4870.24 1213053804
2125.57 4586.5 1213053846
2092.78 4464.74 1213053906
1497.12 4367.55 1213054036
1443.05 4569.74 1213054091
1453.69 4684.8 1213054150
1532.58 4699.32 1213054216
1794.06 4733.95 1213054275
1988.18 4718.31 1213054338
2202.69 4439.05 1213054386
2241.69 4183.25 1213054446
2259.42 4071.55 1213054512
2280.69 3965.43 1213054566
2345.4 3591.25 1213054624
2355.15 3487.38 1213054656
2243.46 3348.88 1213054716
2270.94 3171.3 1213054777
2313.49 2853 1213054846
2337.42 2611.77 1213054897
2139.76 2366.07 1213054957
2044.91 2285.67 1213055021
2045.8 2289.02 1213055024
1947.41 2373.89 1213055084
1918.16 2572.68 1213055145
2166.35 2677.66 1213055205
2416.31 2697.76 1213055265
2709.71 2399.58 1213055335
2857.74 2248.82 1213055394
3120.11 2517.96 1213055450
3106.81 2801.62 1213055505
2892.31 3009.35 1213055566
2808.98 3487.38 1213055626
2790.37 3616.94 1213055692
2844.44 3606.89 1213055747
3167.97 3686.19 1213055807
3337.28 3717.47 1213055867
3484.42 3754.33 1213055927
