3657.26 -969.011 1212494504
3617.38 -986.872 1212494564
3618.26 -985.756 1212494624
3598.76 -979.058 1212494684
3497.71 -1133.11 1212494745
3486.19 -1126.41 1212494806
3260.16 -1171.06 1212494866
2911.81 -626.298 1212494926
2717.69 916.647 1212494991
3274.34 2167.29 1212495051
3512.78 2391.76 1212495117
2852.42 3043.98 1212495195
2154.82 3107.64 1212495487
2426.95 3188.05 1212495561
2655.64 3399.14 1212495859
2922.44 3447.17 1212495944
2922.44 3447.17 1212495967
3334.62 3551.04 1212495973
3334.62 3551.04 1212495995
3664.35 3797.89 1212496033
3705.13 3759.91 1212496051
3506.58 3731.99 1212496127
3507.46 3731.99 1212496149
3116.56 3382.39 1212496247
3116.56 3382.39 1212496266
2881.67 3274.05 1212496278
2881.67 3274.05 1212496312
2411.88 3092 1212496470
2270.06 3137.79 1212496625
2270.06 3137.79 1212496658
2270.06 3143.38 1212496685
