1206.38 3281.87 1212544133
1206.38 3281.87 1212544172
2550.16 3591.25 1212544210
2550.16 3591.25 1212544254
2593.59 3484.03 1212544286
2593.59 3484.03 1212544343
2261.19 3433.77 1212544350
2261.19 3433.77 1212544374
2217.76 3415.9 1212544379
2272.72 3165.71 1212544439
2272.72 3165.71 1212544469
2309.06 2940.11 1212544502
2317.04 2895.44 1212544515
2317.04 2895.44 1212544547
2326.79 2781.52 1212544563
2326.79 2781.52 1212544568
2335.65 2740.2 1212544569
2335.65 2740.2 1212544583
2364.01 2593.9 1212544589
2364.01 2593.9 1212544590
2276.26 2482.22 1212544650
2276.26 2482.22 1212544666
1900.43 2136.02 1212544731
1743.54 1979.68 1212544791
1743.54 1979.68 1212544805
1282.61 1510.68 1212544851
1031.76 1267.26 1212544911
765.845 994.807 1212544971
626.681 856.353 1212545045
626.681 856.353 1212545069
192.348 424.258 1212545111
192.348 424.258 1212545128
-133.846 82.6168 1212545171
-96.617 -461.076 1212545232
-57.6156 -994.686 1212545292
-56.7292 -1017.01 1212545320
-57.6156 -1015.9 1212545334
220.712 -983.523 1212545391
503.472 -964.546 1212545447
809.278 -939.987 1212545508
942.237 -928.824 1212545541
1115.08 -914.312 1212545601
1192.2 -902.032 1212545661
1154.09 -909.847 1212545704
955.533 -921.01 1212545768
955.533 -921.01 1212545788
747.231 -1156.55 1212545828
336.83 -1242.5 1212545889
241.986 -1430.03 1212545949
267.691 -1432.27 1212546018
221.599 -1426.68 1212546027
148.028 -1065.01 1212546087
528.291 -961.197 1212546148
914.759 -931.057 1212546218
1212.59 -905.381 1212546278
1322.5 -739.049 1212546328
1289.7 -313.713 1212546377
1269.32 -25.678 1212546437
1229.43 472.267 1212546497
1209.04 758.097 1212546533
1193.09 942.328 1212546590
1193.97 818.39 1212546651
1007.83 649.793 1212546711
572.611 485.665 1212546781
168.415 270.183 1212546834
10.6367 90.432 1212546933
43.4333 103.829 1212546939
48.7517 98.2472 1212546940
48.7517 97.1307 1212546941
-12.4095 -288.036 1212547009
7.97755 -624.065 1212547058
6.20476 -631.88 1212547060
87.753 -149.601 1212547154
87.753 -149.601 1212547180
71.7979 77.0346 1212547209
598.316 118.343 1212547278
861.575 144.022 1212547339
1215.25 166.351 1212547399
1225.88 531.442 1212547459
1206.38 780.428 1212547480
1193.97 935.629 1212547499
1176.25 1156.71 1212547558
1175.36 1395.67 1212547614
1317.18 1593.31 1212547674
1295.91 1738.48 1212547734
1219.68 2200.8 1212547794
1592.85 3017.17 1212547940
1592.85 3017.17 1212548165
2096.32 3280.75 1212548179
2096.32 3280.75 1212548235
2335.65 3551.04 1212548265
2335.65 3551.04 1212548294
2609.55 3572.27 1212548312
2609.55 3572.27 1212548331
2735.41 3652.68 1212548346
2864.83 3638.16 1212548408
2952.58 3379.04 1212548409
3099.72 3323.19 1212548476
3086.43 3068.55 1212548539
3086.43 3068.55 1212548557
3197.22 2946.81 1212548606
3192.79 2992.6 1212548666
3019.06 2887.62 1212548726
2977.4 2928.94 1212548759
2977.4 2928.94 1212548782
2806.32 3240.54 1212548822
2806.32 3240.54 1212548845
2665.39 3509.72 1212548883
2665.39 3509.72 1212548930
1981.09 3401.38 1212548955
1981.09 3401.38 1212549053
1596.4 3640.4 1212549065
1596.4 3641.51 1212549090
1596.4 3641.51 1212549152
1763.92 3482.91 1212549167
1763.92 3482.91 1212549198
2299.31 3114.34 1212549348
2533.32 3122.16 1212549367
2533.32 3122.16 1212549387
2533.32 3122.16 1212549408
2925.1 3132.21 1212549414
2925.1 3132.21 1212549436
2935.74 3173.53 1212549447
3050.97 3071.9 1212549471
3106.81 3024.99 1212549473
3182.16 2966.91 1212549595
3182.16 2966.91 1212549676
3160 2922.24 1212549698
3160 2922.24 1212549774
3177.72 2964.68 1212549791
3156.45 2956.86 1212549851
3165.31 2959.1 1212549911
3165.31 2959.1 1212549985
3162.66 2952.39 1212550003
3162.66 2952.39 1212550020
3167.09 2960.21 1212550088
3167.09 2960.21 1212550135
3182.16 2981.43 1212550185
3182.16 2981.43 1212550252
3165.31 2959.1 1212550367
3247.75 3032.81 1212550454
3270.8 3182.47 1212550503
3613.83 3517.54 1212550563
3725.52 3622.53 1212550602
3589.9 3202.57 1212550662
3182.16 3089.77 1212550728
3182.16 3089.77 1212550741
2856.85 2796.04 1212550788
2569.66 2498.97 1212550848
2004.14 1949.53 1212550908
2004.14 1949.53 1212550921
1258.68 1888.11 1212551001
678.092 1690.46 1212551146
678.092 1690.46 1212551168
-456.493 1506.21 1212551235
-958.192 417.559 1212551521
-897.031 510.228 1212551543
-897.918 518.044 1212551549
-1040.63 1095.3 1212551764
-425.469 1192.44 1212551775
-425.469 1192.44 1212551827
15.9551 1261.67 1212551848
303.147 1308.57 1212551900
335.943 1314.15 1212551916
470.675 1329.79 1212551946
470.675 1330.9 1212551949
549.565 1750.76 1212552026
549.565 1750.76 1212552048
470.675 2292.37 1212552080
384.695 2826.19 1212552142
351.012 3011.59 1212552201
298.715 3320.96 1212552258
221.599 3801.24 1212552318
100.163 4546.28 1212552440
100.163 4546.28 1212552513
-107.254 4886.99 1212552528
-352.785 5114.88 1212552627
-103.708 4783.1 1212552684
-103.708 4783.1 1212552832
0 4216.76 1212552860
11.5231 4136.33 1212552874
11.5231 4136.33 1212552900
87.753 4138.57 1212552912
293.397 4169.84 1212552942
