2793.92 3469.51 1213081539
3497.71 3736.45 1213081540
3465.8 3786.72 1213081541
3442.76 3776.67 1213081542
3472.01 3791.19 1213081596
3452.51 3788.95 1213081716
3464.92 3833.63 1213081776
3433.89 3832.51 1213081791
3163.54 3676.14 1213081838
2942.83 3520.89 1213081898
2590.93 3533.17 1213081959
2452.65 3064.08 1213082019
2429.61 3076.37 1213082047
2429.61 3076.37 1213082059
2469.49 2950.16 1213082109
2534.2 2839.59 1213082177
2723 2674.31 1213082238
2255.87 2197.45 1213082290
1535.24 1472.71 1213082411
1201.95 726.834 1213082537
1229.43 394.112 1213082591
1434.19 192.03 1213082652
1420 531.442 1213082712
1398.73 837.371 1213082777
1608.81 588.384 1213082836
1811.79 448.82 1213082902
1624.76 360.617 1213082965
1670.85 -229.983 1213083015
1657.56 11.1644 1213083072
1630.97 368.433 1213083142
1591.08 911.064 1213083193
1768.36 993.69 1213083261
1564.49 741.349 1213083319
1416.46 562.704 1213083379
1457.23 21.2124 1213083440
1500.67 -547.036 1213083494
1524.6 -864.078 1213083570
1573.35 -1347.43 1213083616
1721.38 -823.89 1213083675
1657.56 10.048 1213083799
1630.08 376.248 1213083861
1646.92 401.928 1213083920
1644.26 403.044 1213083979
1641.6 403.044 1213084044
1641.6 401.928 1213084116
1646.92 400.811 1213084160
1646.92 400.811 1213084215
1655.78 389.646 1213084275
1639.83 187.564 1213084336
1692.13 -486.753 1213084396
1734.67 -1066.13 1213084457
2032.5 -1327.34 1213084517
2703.5 -1234.69 1213084582
3749.45 -1068.36 1213084669
3587.24 -969.011 1213084910
3640.42 -987.988 1213084954
