4213.92 -16063.2 1212380097
3682.97 -16233.7 1212380162
3057.17 -15053.6 1212380221
2727.44 -13563.5 1212380265
2556.36 -12075.4 1212380324
3330.18 -10681.8 1212380368
4156.3 -9412.86 1212380416
4002.07 -7934.03 1212380464
3738.81 -6452.7 1212380511
3332.84 -4999 1212380556
2930.42 -3550.62 1212380607
3316 -2093.05 1212380661
3926.73 -737.932 1212380704
3651.95 731.3 1212380752
3349.68 1904.87 1212380814
3656.38 2209.73 1212380873
3458.71 2444.25 1212380936
2975.63 2937.88 1212380994
2977.4 3156.78 1212381053
2976.51 3157.9 1212381054
2971.19 3166.83 1212381062
3045.65 3148.96 1212381128
3243.32 2924.47 1212381183
3405.53 2516.84 1212381246
3208.75 2321.4 1212381305
2589.16 1632.4 1212381366
2611.32 140.672 1212381420
2882.55 -544.804 1212381448
2533.32 -1992.6 1212381497
2858.62 -3485.89 1212381550
3283.21 -4933.17 1212381596
3709.56 -6389.12 1212381640
3970.16 -7847.03 1212381682
4143.89 -9421.79 1212381726
3323.98 -10671.8 1212381785
2536.86 -11939.4 1212381815
2660.96 -13439.8 1212381856
2940.17 -14907.6 1212381900
3445.42 -16320.6 1212381947
4264.44 -16125.6 1212382007
