3159.11 3721.93 1211255851
3173.29 3705.18 1211255911
3120.99 3793.42 1211256015
3183.93 3482.91 1211256060
3256.61 3536.52 1211256125
3272.57 3526.47 1211256163
3272.57 3526.47 1211256176
3277.89 3544.34 1211256222
3260.16 3459.46 1211256285
3302.71 3503.02 1211256343
3290.3 3487.38 1211256393
3276.11 3470.63 1211256430
3669.67 3124.39 1211256491
4156.3 3116.57 1211256551
5196.04 4349.68 1211256611
5645.45 4879.17 1211256650
6658.6 5981.83 1211256696
8410.11 6677.91 1211256771
9867.34 6915.91 1211256815
11290.9 7210.9 1211256863
12609.8 7752.87 1211256922
12260.6 9222.51 1211256968
11976.1 10696.9 1211257017
11651.7 12152.5 1211257064
11329 13597.2 1211257113
11475.3 14204.5 1211257166
12188.8 14148.6 1211257227
12567.3 14376.7 1211257290
12561.1 14400.2 1211257356
12554 14427 1211257466
12211.9 14151.9 1211257526
11431.8 14205.6 1211257586
11313.9 13446.3 1211257646
11658.7 11987 1211257701
11714.6 11761.2 1211257710
12032.8 10306.7 1211257758
12291.6 8823.5 1211257807
12034.6 7422.1 1211257868
10822 7229.9 1211257931
10677.5 7198.61 1211257989
9250.41 6810.87 1211258044
9250.41 6810.87 1211258056
7823.32 6453.32 1211258101
6452.95 5814.24 1211258154
5489.44 4687.03 1211258208
4535.68 3565.56 1211258261
3614.72 2840.71 1211258311
3485.3 3358.94 1211258372
3302.71 3183.58 1211258432
2899.4 2964.68 1211258507
2889.65 3486.26 1211258569
3109.47 3632.58 1211258615
3293.84 3817.99 1211258675
3457.82 3745.39 1211258735
3477.33 3811.29 1211258795
3215.84 3586.79 1211258857
3378.05 3757.68 1211258916
3382.48 3816.88 1211258981
3381.59 3823.58 1211259048
3391.35 3825.81 1211259110
3377.16 3848.15 1211259217
3384.25 3845.92 1211259231
3152.91 3778.9 1211259292
3097.06 3657.15 1211259352
2905.6 3451.64 1211259412
2525.34 3257.3 1211259472
2039.59 3193.64 1211259537
2025.41 3194.75 1211259557
1964.25 3153.43 1211259584
2145.07 2861.93 1211259636
2173.44 2879.8 1211259657
2176.1 2879.8 1211259723
2165.46 2878.68 1211259782
2189.39 2867.52 1211259838
2181.42 2871.98 1211259897
2192.05 2863.05 1211259960
2176.1 2888.74 1211260025
2170.78 2888.74 1211260086
2166.35 2883.15 1211260139
2296.65 2826.19 1211260199
2342.74 2608.42 1211260259
2101.64 2319.17 1211260326
1900.43 2121.51 1211260380
1745.31 1970.75 1211260445
1441.28 1923.85 1211260501
1121.29 1869.13 1211260561
776.482 1770.86 1211260626
774.709 1767.51 1211260668
766.731 1763.05 1211260669
713.548 1749.65 1211260703
1295.91 1753 1211260816
1801.15 1730.66 1211260868
2192.05 2124.86 1211260929
2504.06 2465.47 1211260989
2767.32 2706.69 1211261049
3004.88 2903.25 1211261109
3161.77 3112.1 1211261151
3217.61 3191.4 1211261179
3105.93 2971.38 1211261256
2840.01 2777.05 1211261299
2158.37 2081.31 1211261364
1866.75 1814.41 1211261420
1534.35 1482.76 1211261480
1533.46 1477.18 1211261540
1045.95 1072.97 1211261605
1019.35 561.588 1211261662
1044.17 348.336 1211261729
1075.2 -120.574 1211261781
1088.49 -365.067 1211261841
965.284 -921.01 1211261901
740.139 -1105.2 1211261968
162.21 -1165.48 1211262022
-192.348 -1187.8 1211262076
-192.348 -1187.8 1211262083
-37.2286 -1249.2 1211262138
4.43197 -1806.2 1211262204
126.754 -2235.92 1211262263
405.969 -2506.02 1211262324
406.855 -2506.02 1211262390
408.628 -2502.67 1211262440
406.855 -2500.44 1211262476
407.741 -2502.67 1211262533
409.514 -2501.56 1211262593
407.741 -2501.56 1211262665
407.741 -2499.32 1211262720
407.741 -2500.44 1211262785
406.855 -2502.67 1211262839
406.855 -2500.44 1211262904
410.401 -2504.9 1211262960
405.969 -2503.79 1211263020
403.309 -2499.32 1211263074
405.082 -2501.56 1211263145
403.309 -2506.02 1211263205
405.082 -2507.14 1211263256
409.514 -2513.83 1211263320
407.741 -2510.48 1211263382
405.969 -2511.6 1211263441
406.855 -2509.37 1211263500
406.855 -2508.25 1211263563
405.969 -2511.6 1211263631
405.082 -2509.37 1211263678
404.196 -2506.02 1211263746
402.423 -2500.44 1211263796
406.855 -2507.14 1211263856
403.309 -2503.79 1211263922
405.969 -2510.48 1211263977
409.514 -2516.07 1211264042
405.082 -2504.9 1211264106
405.969 -2504.9 1211264157
406.855 -2507.14 1211264282
407.741 -2507.14 1211264337
406.855 -2507.14 1211264393
610.726 -2445.75 1211264465
872.212 -2368.74 1211264525
1055.7 -2272.75 1211264585
1375.68 -1682.3 1211264645
1561.83 -1312.83 1211264705
1510.42 -587.225 1211264765
1488.26 -22.3287 1211264826
1366.82 186.447 1211264879
1232.09 441.005 1211264944
1451.03 541.49 1211265001
1784.31 918.88 1211265061
1906.63 1288.47 1211265121
2188.51 1573.21 1211265181
2691.98 2075.72 1211265241
2664.5 2596.13 1211265302
2974.74 2888.74 1211265366
3233.57 3203.69 1211265400
3144.04 3110.99 1211265461
975.034 3602.42 1211265727
966.17 3619.18 1211265737
978.579 3614.71 1211265782
981.239 3614.71 1211265783
1260.45 3689.54 1211265843
1320.73 3342.18 1211265903
1349.98 3196.99 1211265964
1403.16 2945.69 1211266005
1417.34 2790.45 1211266065
1763.92 2485.57 1211266125
1842.81 2092.47 1211266185
2081.25 2134.91 1211266251
2080.37 2125.97 1211266254
2404.79 2356.02 1211266314
2752.25 2708.93 1211266375
2783.28 2720.1 1211266431
2867.49 3038.39 1211266476
2768.21 3524.24 1211266542
2591.82 4192.18 1211266597
2304.63 4446.86 1211266657
1923.48 4789.8 1211266717
1923.48 4789.8 1211266725
2082.14 4634.53 1211266779
2445.56 4308.35 1211267046
2615.75 4169.84 1211267055
2730.09 4051.44 1211267056
2870.15 3858.2 1211267079
2907.37 3889.48 1211267139
2801.01 3633.7 1211267194
3050.97 3451.64 1211267225
3442.76 3383.51 1211267286
3384.25 3240.54 1211267347
3405.53 3277.4 1211267407
3425.03 3275.17 1211267467
3381.59 3250.6 1211267528
3476.44 3354.47 1211267588
3404.64 3284.1 1211267649
3409.07 3281.87 1211267709
3412.62 3291.92 1211267775
3435.66 3300.86 1211267830
3430.35 3323.19 1211267890
3431.23 3319.84 1211267950
3430.35 3310.91 1211268010
3425.91 3301.97 1211268071
3431.23 3308.67 1211268131
3439.21 3308.67 1211268197
3393.12 3303.09 1211268251
3033.24 3307.56 1211268311
3144.93 3379.04 1211268371
3240.66 3454.99 1211268431
3284.09 3520.89 1211268491
3250.41 3468.39 1211268552
3260.16 3476.21 1211268612
3253.95 3471.74 1211268673
3253.07 3452.75 1211268733
3346.14 3577.85 1211268801
3324.87 3594.6 1211268855
3311.57 3555.51 1211268915
3294.73 3522 1211268975
3288.52 3511.95 1211268995
3793.77 2971.38 1211269056
3690.95 2801.62 1211269116
3640.42 2645.27 1211269176
3768.06 2598.36 1211269236
4345.99 3326.55 1211269297
5317.48 4477.02 1211269343
6483.98 5844.41 1211269405
7830.41 6455.56 1211269449
9430.35 6856.69 1211269501
10916.8 7144.97 1211269552
12367.9 7479.09 1211269602
12304.9 8983.32 1211269658
12034.6 10464.4 1211269705
11706.6 11941.2 1211269754
11364.5 13400.4 1211269806
11641.9 14223.5 1211269867
12239.3 14144.1 1211269927
12666.6 14253.7 1211269962
12538.9 14820.7 1211270022
12410.4 15315.1 1211270082
12460.9 15103.7 1211270142
12593 14588.1 1211270206
12651.5 14384.5 1211270262
12650.6 14380.1 1211270322
12562.9 14233.6 1211270383
11926.4 14249.2 1211270443
11155.3 14267.1 1211270503
11418.5 12957.6 1211270563
11778.4 11487.3 1211270617
12009.8 10440.9 1211270651
12276.6 8966.56 1211270699
12248.2 7488.03 1211270760
10845 7216.49 1211270820
10010.1 6967.31 1211270881
8561.68 6672.32 1211270939
8179.65 6591.87 1211270953
8032.51 6533.77 1211270959
6672.78 5989.65 1211271013
5663.17 4888.11 1211271065
4697 3749.86 1211271119
3589.01 2871.98 1211271178
3533.17 3299.74 1211271239
3443.64 3344.42 1211271300
3475.55 3740.92 1211271360
3508.35 3816.88 1211271421
3433.89 3778.9 1211271481
3409.07 3768.85 1211271542
3280.55 3662.74 1211271602
3374.5 3702.95 1211271683
3320.43 3605.77 1211271743
3291.18 3596.84 1211271771
3108.59 3556.63 1211271831
2371.11 3448.29 1211271891
1800.27 3357.82 1211271928
1667.31 3226.03 1211271988
1710.74 3045.09 1211272038
1710.74 3046.21 1211272040
2111.39 3095.35 1211272100
2779.73 3213.74 1211272160
2777.07 3527.59 1211272220
2980.06 3705.18 1211272280
3312.46 3794.54 1211272340
3443.64 3785.6 1211272400
3461.37 3790.07 1211272425
3431.23 3799 1211272490
3433.89 3809.06 1211272546
3410.85 3805.71 1211272606
3442.76 3781.13 1211272666
3418.82 3788.95 1211272726
3403.75 3793.42 1211272786
3415.28 3792.3 1211272847
3425.03 3791.19 1211272908
3417.05 3800.12 1211272969
3405.53 3795.65 1211273029
3426.8 3799 1211273090
3414.39 3785.6 1211273150
3412.62 3797.89 1211273211
3418.82 3795.65 1211273277
3411.73 3794.54 1211273331
3404.64 3800.12 1211273392
3390.46 3804.59 1211273452
3392.23 3795.65 1211273512
3396.66 3814.64 1211273572
3405.53 3817.99 1211273632
3394.89 3804.59 1211273698
3398.44 3824.69 1211273758
3392.23 3835.86 1211273813
3385.14 3843.68 1211273878
3425.91 3869.37 1211273933
3426.8 3868.26 1211273993
3382.48 3876.07 1211274035
3346.14 3882.78 1211274095
3349.68 3879.43 1211274155
3364.75 3880.54 1211274215
3349.68 3879.43 1211274275
3348.8 3878.31 1211274336
3366.53 3864.9 1211274396
3395.78 3839.21 1211274457
3429.46 3847.03 1211274497
3448.07 4002.29 1211274557
3473.78 3905.12 1211274617
3487.96 3965.43 1211274678
3512.78 3892.83 1211274738
3524.3 3843.68 1211274799
3511.89 3979.95 1211274859
3452.51 3985.54 1211274920
3448.07 3398.03 1211274980
3402.87 3392.44 1211275041
3418.82 3421.48 1211275101
3408.19 3394.68 1211275162
3407.3 3398.03 1211275222
3401.1 3396.91 1211275283
3390.46 3280.75 1211275343
3485.3 3368.99 1211275365
3688.29 3631.46 1211275427
3835.43 3498.55 1211275487
3929.39 3374.57 1211275547
3889.5 3271.82 1211275570
3758.31 3402.49 1211275630
3254.84 2898.79 1211275690
2702.62 2392.88 1211275750
2098.1 1768.63 1211275810
1754.17 1898.17 1211275870
1129.27 1813.3 1211275930
896.145 1727.31 1211275991
39.8877 1586.61 1211276051
-944.01 1428.05 1211276112
-1727.58 1214.77 1211276172
-2026.3 806.108 1211276234
-2511.16 657.609 1211276294
-2812.53 455.519 1211276355
-2777.96 -144.019 1211276415
-2764.66 -338.274 1211276451
-2763.78 -339.39 1211276452
-2764.66 -344.972 1211276512
-2785.94 90.432 1211276572
-2722.12 430.956 1211276632
-2334.76 367.316 1211276692
-2020.98 349.453 1211276752
-1513.96 483.432 1211276812
-1569.8 955.727 1211276873
-1219.68 1062.92 1211276934
-878.417 1119.86 1211276994
-745.458 1345.42 1211277054
-156.892 1500.63 1211277115
-148.028 1534.13 1211277175
-146.255 1527.43 1211277236
-148.914 1525.2 1211277296
-146.255 1533.01 1211277357
-143.596 1536.36 1211277417
-160.437 1467.13 1211277481
-23.0463 1474.95 1211277538
467.13 1554.23 1211277599
998.08 1637.98 1211277660
1150.54 1668.13 1211277721
1234.75 2121.51 1211277773
1134.58 2912.19 1211277833
1227.66 2949.04 1211277893
1416.46 3199.22 1211277953
2093.66 3294.16 1211278013
2578.52 3299.74 1211278073
2629.05 3658.27 1211278134
2678.68 4103.94 1211278194
2801.89 4250.27 1211278255
2504.06 4309.47 1211278316
2660.96 4141.92 1211278377
2869.26 3947.56 1211278437
2951.69 3866.02 1211278498
2871.92 3664.97 1211278558
3448.96 3763.26 1211278622
3333.73 3656.03 1211278673
3294.73 3482.91 1211278733
3147.59 3382.39 1211278793
3240.66 3905.12 1211278853
3240.66 3902.88 1211278862
3296.5 3823.58 1211278922
3404.64 3683.96 1211278984
3264.59 2916.66 1211279045
3106.81 2390.64 1211279106
2655.64 1729.55 1211279166
2632.59 204.311 1211279225
2797.46 -1291.62 1211279280
2365.79 -2743.75 1211279332
939.578 -3185.7 1211279390
-496.381 -3422.28 1211279441
-1126.61 -4306.09 1211279501
-986.557 -4399.82 1211279561
-429.015 -4918.67 1211279621
7.97755 -5165.25 1211279681
446.743 -5560.21 1211279742
447.629 -5560.21 1211279763
446.743 -5560.21 1211279824
446.743 -5560.21 1211279856
399.764 -5537.89 1211279905
269.464 -5312.52 1211279961
-276.555 -4992.31 1211280021
-247.304 -4503.59 1211280081
12.4095 -4068.41 1211280141
381.15 -3517.14 1211280201
802.187 -2983.7 1211280261
1037.08 -2437.94 1211280320
1190.43 -2037.25 1211280391
1422.66 -1581.84 1211280440
1580.44 -1342.97 1211280500
2005.02 -1322.87 1211280560
2791.26 -1219.06 1211280620
3253.07 -1174.41 1211280680
3750.33 -987.988 1211280740
3587.24 -946.685 1211280800
3591.67 -953.383 1211280860
3594.33 -954.499 1211280920
3639.54 -918.777 1211280981
3643.97 -918.777 1211281037
3666.13 -970.127 1211281098
3661.7 -917.661 1211281158
3694.49 -964.546 1211281218
3692.72 -931.057 1211281279
3680.31 -902.032 1211281339
3648.4 -973.476 1211281400
3647.51 -973.476 1211281460
3648.4 -973.476 1211281521
3645.74 -975.709 1211281581
3647.51 -974.593 1211281642
3647.51 -973.476 1211281702
3648.4 -974.593 1211281763
3652.83 -972.36 1211281848
