3577.49 -967.895 1212588827
3576.6 -1155.43 1212588888
3419.71 -732.351 1212588943
3271.68 -410.839 1212589003
3320.43 -20.0959 1212589063
3292.96 438.772 1212589123
3426.8 823.973 1212589189
3098.83 1225.94 1212589243
3187.47 1474.95 1212589303
3516.33 1793.2 1212589357
3516.33 1795.43 1212589417
3515.44 1795.43 1212589477
3515.44 1795.43 1212589538
3515.44 1794.31 1212589598
3529.62 1801.01 1212589658
3522.53 1794.31 1212589718
3526.08 1798.78 1212589779
3532.28 1807.71 1212589840
3529.62 1803.25 1212589901
3525.19 1795.43 1212589961
3532.28 1801.01 1212590031
3539.37 1808.83 1212590087
3539.37 1811.06 1212590147
3539.37 1813.3 1212590202
3539.37 1811.06 1212590262
3539.37 1813.3 1212590315
3539.37 1814.41 1212590370
3540.26 1807.71 1212590430
3541.15 1806.6 1212590491
3544.69 1807.71 1212590551
3545.58 1811.06 1212590612
3555.33 1823.35 1212590672
3555.33 1827.81 1212590738
3554.44 1827.81 1212590793
3555.33 1827.81 1212590854
3556.21 1830.05 1212590888
3436.55 1718.38 1212590948
3051.86 1344.3 1212591008
2843.55 1126.56 1212591068
2484.56 1017.14 1212591134
2468.61 1016.02 1212591190
2492.54 549.306 1212591251
2480.13 52.4728 1212591312
2376.42 49.1234 1212591335
2374.65 50.2399 1212591337
2375.54 50.2399 1212591343
2375.54 51.3563 1212591426
2376.42 50.2399 1212591485
2374.65 54.7057 1212591546
2374.65 52.4728 1212591606
2374.65 51.3563 1212591672
2457.09 -93.7803 1212591731
2564.34 -311.48 1212591792
2592.7 -752.445 1212591846
2765.55 -1393.2 1212591907
2544.84 -2771.65 1212591968
3066.92 -4172.18 1212592028
3565.96 -5608.18 1212592091
3823.02 -7066.24 1212592140
4092.48 -8549.69 1212592199
3838.97 -10025.1 1212592260
2787.71 -11141.2 1212592316
2580.29 -12666.2 1212592364
2848.87 -14155.4 1212592427
3150.25 -15614.1 1212592471
3932.93 -16194.7 1212592531
