3623.58 -16274.9 1212874653
4041.96 -16200.2 1212874707
4036.64 -16173.5 1212874838
2623.73 -13025.2 1212875052
3605.85 -10352.9 1212875139
4177.58 -8926.64 1212875188
3907.23 -7384.14 1212875248
3637.76 -5881.52 1212875300
3186.59 -4456.73 1212875336
2725.66 -2949.1 1212875389
3855.82 -275.756 1212875501
3399.32 1151.13 1212875558
3164.43 1534.13 1212875616
3096.18 1621.23 1212875680
2996.9 1726.2 1212875736
2849.76 1870.25 1212875797
2611.32 2112.57 1212875862
2437.58 2293.49 1212875917
2322.35 2408.51 1212875977
2169.89 2798.27 1212876042
2148.62 2945.69 1212876097
2088.35 3252.83 1212876157
2068.84 3401.38 1212876222
2086.57 3508.6 1212876279
2088.35 3511.95 1212876339
2090.12 3514.19 1212876364
2090.12 3514.19 1212876365
2089.23 3515.3 1212876431
2091.89 3504.13 1212876488
2091.89 3505.25 1212876545
2095.44 3510.83 1212876605
2094.55 3513.07 1212876667
2092.78 3511.95 1212876727
2092.78 3510.83 1212876789
2098.1 3509.72 1212876848
2220.42 3446.05 1212876911
2260.31 3213.74 1212876969
2373.76 3157.9 1212877031
2551.93 3142.26 1212877103
2676.02 3260.65 1212877150
2668.05 3357.82 1212877210
2643.23 3557.75 1212877272
2739.85 3640.4 1212877332
2917.12 3577.85 1212877393
2978.29 3499.67 1212877464
2974.74 3298.62 1212877483
3035.01 3251.71 1212877541
3025.26 3154.55 1212877601
3023.49 3176.88 1212877667
2970.31 3137.79 1212877795
3008.42 3138.91 1212877842
3095.29 3056.26 1212877912
3376.28 3384.62 1212878033
3721.97 3791.19 1212878102
3819.47 3763.26 1212878162
3884.18 3676.14 1212878206
4030.44 3425.95 1212878341
4221.9 2894.32 1212878391
3553.56 1688.23 1212878505
3800.86 360.617 1212878564
3072.24 -2416.73 1212878665
1856.11 -3099.76 1212878725
-960.852 -3845.23 1212878850
-1488.26 -5236.65 1212878895
-2281.58 -5527.85 1212878923
-3172.41 -8218.44 1212879063
-2699.96 -10148.8 1212879113
-2443.79 -10826.8 1212879220
-2443.79 -10826.8 1212879315
-1451.91 -10448.8 1212879394
