3270.8 -15832.5 1212993996
2930.42 -14339.3 1212994051
2619.3 -12874.7 1212994094
2682.23 -11376.4 1212994145
3693.61 -10235.8 1212994211
4162.51 -8825.16 1212994241
3895.7 -7333.95 1212994291
3628.01 -5849.16 1212994341
3172.41 -4442.22 1212994389
2612.2 -2866.51 1212994446
2783.28 -1418.87 1212994502
2909.15 -759.143 1212994528
2726.55 578.335 1212994588
1824.2 1061.8 1212994648
1111.54 1288.47 1212994708
850.939 1712.8 1212994784
-101.935 1556.46 1212994950
-309.352 2352.67 1212994951
-425.469 2806.09 1212995010
-425.469 2806.09 1212995147
-367.854 2696.64 1212995177
-367.854 2695.53 1212995185
156.892 2796.04 1212995228
332.398 2725.68 1212995283
972.375 2802.74 1212995370
1152.31 2729.03 1212995426
1336.68 2752.48 1212995485
1909.29 2850.76 1212995561
2270.94 2706.69 1212995620
2270.94 2706.69 1212995632
2404.79 2668.72 1212995681
2521.79 2488.92 1212995711
3099.72 2409.63 1212995778
3582.81 1904.87 1212995831
3847.84 2132.67 1212995896
4021.57 2256.63 1212995951
4018.91 2258.87 1212996012
4037.53 2229.83 1212996072
4045.5 2225.36 1212996134
4046.39 2227.6 1212996194
4057.03 2213.08 1212996264
4057.03 2228.71 1212996315
4045.5 2227.6 1212996375
4052.6 2228.71 1212996442
4062.35 2217.55 1212996460
3763.63 1845.68 1212996526
3347.03 1286.24 1212996581
3832.77 -118.342 1212996640
3647.51 -1603.05 1212996694
2667.16 -2728.12 1212996749
1260.45 -3154.45 1212996804
-46.0925 -3189.04 1212996864
249.077 -2863.16 1212996924
445.856 -2783.92 1212996965
445.856 -2783.92 1212996967
444.084 -2775 1212997028
444.97 -2776.11 1212997089
444.97 -2775 1212997150
444.97 -2775 1212997181
165.756 -2858.7 1212997241
132.073 -2975.88 1212997301
132.073 -2985.93 1212997361
129.414 -2987.04 1212997421
-68.2524 -3179 1212997478
2467.72 -2338.6 1212997598
2852.42 -1320.64 1212997659
2630.82 161.885 1212997718
2661.84 1208.08 1212997757
2801.01 1630.16 1212997787
3257.5 1838.98 1212997847
3748.56 2025.47 1212997907
4072.1 2220.9 1212997966
3966.62 2017.65 1212998033
3565.08 2331.45 1212998097
2982.72 2912.19 1212998148
2869.26 3147.84 1212998208
2283.35 3218.21 1212998312
2283.35 3218.21 1212998362
2283.35 3218.21 1212998433
1740.88 2829.54 1212998439
1854.34 2832.89 1212998472
1974.89 2845.18 1212998488
2335.65 2774.82 1212998573
2565.23 2583.85 1212998633
2918.9 2208.61 1212998691
2984.49 2114.81 1212998751
3322.21 2150.54 1212998789
3541.15 1960.7 1212998835
3703.36 1977.45 1212998896
4054.37 2191.86 1212998957
3881.52 2022.12 1212999018
3880.63 2024.35 1212999034
3667.01 1945.07 1212999095
3352.34 1198.03 1212999156
3830.11 -237.798 1212999212
3600.53 -1693.46 1212999265
2715.91 -2907.81 1212999320
3137.84 -4340.68 1212999372
3603.19 -5798.96 1212999424
3854.93 -7264.79 1212999473
4119.07 -8735.94 1212999523
3473.78 -10942.7 1212999638
3771.61 -10773.2 1212999871
3778.7 -10885.9 1212999894
3488.85 -10912.6 1212999896
3838.97 -10060.7 1212999967
4137.69 -8606.57 1213000008
3867.34 -7111.97 1213000061
3596.99 -5602.6 1213000113
3096.18 -4145.4 1213000166
2748.71 -2933.47 1213000222
3750.33 -986.872 1213000336
3663.47 -982.407 1213000401
3663.47 -981.29 1213000456
3577.49 -1072.83 1213000516
3865.57 -1131.99 1213000556
3463.14 2015.42 1213000816
3768.95 2318.05 1213000877
3993.21 2310.24 1213000938
4014.48 2149.43 1213000998
3836.32 2054.5 1213001063
3846.95 2072.37 1213001118
3401.1 1691.58 1213001184
2757.57 1568.75 1213001239
2366.67 1482.76 1213001300
2056.44 1176.81 1213001360
1739.11 755.864 1213001421
1462.55 734.649 1213001487
1215.25 544.84 1213001541
842.961 506.879 1213001601
439.652 257.901 1213001667
165.756 91.5484 1213001725
64.7068 46.8905 1213001781
66.4796 50.2399 1213001841
68.2524 50.2399 1213001901
65.5932 55.8221 1213001970
54.9565 193.146 1213002021
51.4109 263.484 1213002081
2.65918 846.304 1213002141
-107.254 1189.09 1213002176
-149.801 1537.48 1213002231
-142.71 1536.36 1213002303
-143.596 1530.78 1213002351
-141.823 1535.25 1213002411
-145.369 1537.48 1213002471
-141.823 1541.95 1213002532
-150.687 1552 1213002597
-154.233 1553.11 1213002621
23.9326 1273.96 1213002703
-23.0463 1077.43 1213002763
-21.2735 1078.55 1213002810
-138.278 1342.07 1213002919
-280.987 1315.27 1213002925
-281.873 1297.4 1213002932
-23.0463 1014.91 1213002993
139.164 451.053 1213003050
397.991 608.481 1213003111
397.991 608.481 1213003131
507.018 713.435 1213003157
578.816 786.01 1213003218
829.665 1038.35 1213003278
1322.5 1596.66 1213003338
1288.82 1773.1 1213003398
1183.34 2437.55 1213003458
2383.51 3297.51 1213003709
2383.51 3297.51 1213003733
2554.59 3154.55 1213003771
2609.55 2908.84 1213003831
3089.08 2414.1 1213003892
3308.91 2196.33 1213003919
3493.28 2006.49 1213003980
4010.93 2271.15 1213004041
4021.57 2151.66 1213004101
3699.81 1837.86 1213004161
3477.33 859.703 1213004221
3801.75 257.901 1213004260
