4161.62 -16075.5 1211228785
3382.48 -16209.2 1211228850
2956.13 -14746 1211228896
2646.77 -13282.7 1211228960
2554.59 -11743.2 1211228991
3469.35 -10524.6 1211229056
4196.19 -9214.36 1211229086
3956.86 -7680.84 1211229139
3226.48 -4670.96 1211229228
2771.76 -3228.1 1211229275
2701.73 -1729.18 1211229327
2765.55 -237.798 1211229393
2707.05 1023.84 1211229447
3213.18 2148.31 1211229508
3771.61 2722.33 1211229568
4424.88 3392.44 1211229628
5209.34 4322.87 1211229689
6086.87 5386.35 1211229748
7626.54 6372.88 1211229789
9489.74 6867.86 1211229837
10935.4 7143.86 1211229888
12389.1 7488.03 1211229940
12301.4 8919.62 1211230001
12038.1 10389.5 1211230051
11717.2 11833.9 1211230102
11524 12622.1 1211230128
11233.3 14082.6 1211230181
11140.2 15597 1211230233
10487.8 16951.7 1211230283
10221.9 18421.9 1211230334
9740.59 19845.3 1211230383
9617.38 21368.6 1211230438
9704.25 22793.7 1211230503
10514.4 24005.1 1211230563
9902.8 24238 1211230613
10004.7 24311.9 1211230763
10006.5 24296.3 1211230984
10000.3 24303 1211230986
10001.2 24303 1211231012
9910.78 24395.9 1211231077
10097.8 24214.5 1211231139
10005.6 23037.8 1211231203
9441.87 21732.4 1211231263
9897.48 20309.8 1211231308
9962.19 18822.5 1211231366
10472.8 17402.6 1211231427
10923 15981.8 1211231476
11285.6 14519.9 1211231531
11412.3 13029.2 1211231583
11767.8 11559.9 1211231645
12081.6 10117.8 1211231697
12330.6 8641.33 1211231761
12113.5 7442.21 1211231826
11593.2 7307 1211231838
10820.2 7210.9 1211231903
10470.1 7124.86 1211231961
9037.68 6760.59 1211232016
7605.26 6356.12 1211232071
5338.75 4485.96 1211232174
4364.61 3338.83 1211232236
3322.21 2310.24 1211232297
3057.17 2109.22 1211232337
3549.12 1832.28 1211232415
3734.38 1769.75 1211232481
3754.77 1794.31 1211232550
3850.5 1853.5 1211232598
3851.38 1849.03 1211232708
3924.95 1857.96 1211232767
3909 1869.13 1211232826
3908.11 1879.18 1211232959
3952.43 1907.1 1211232995
3818.59 2075.72 1211233055
3417.05 2491.15 1211233115
3145.81 2739.08 1211233176
2931.31 2972.5 1211233219
2769.1 2981.43 1211233279
2613.98 2837.36 1211233339
2644.11 2779.29 1211233392
2642.34 2777.05 1211233394
2552.82 2701.11 1211233416
2389.72 2598.36 1211233477
2153.05 2552.58 1211233537
1805.59 2524.66 1211233604
1199.29 2418.56 1211233659
905.009 2380.59 1211233724
62.0476 2236.53 1211233780
-97.5034 2313.59 1211233842
-9.75034 2326.99 1211233851
254.395 2366.07 1211233888
310.238 2292.37 1211233949
246.418 2263.33 1211233989
251.736 2272.27 1211234029
242.872 2257.75 1211234134
249.963 2267.8 1211234201
153.346 2328.1 1211234254
296.056 2367.19 1211234309
374.058 2713.39 1211234364
703.797 2762.53 1211234425
1123.06 2725.68 1211234490
1272.86 2750.25 1211234549
1633.62 2779.29 1211234626
1933.23 2846.3 1211234664
2400.36 2923.36 1211234735
2535.97 2953.51 1211234795
2598.02 2979.2 1211234845
2594.48 2880.92 1211234905
2754.91 2796.04 1211234965
2776.19 2813.91 1211234978
2914.46 2579.38 1211235038
3048.31 2467.7 1211235095
3100.61 2469.93 1211235159
3087.31 2488.92 1211235203
3090.86 2482.22 1211235234
3091.74 2477.75 1211235292
3097.95 2473.28 1211235353
3096.18 2473.28 1211235413
3097.95 2473.28 1211235473
3084.65 2472.17 1211235534
3075.79 2471.05 1211235596
3235.34 2611.77 1211235657
3590.78 2692.18 1211235717
3965.73 2320.29 1211235778
3697.15 2002.02 1211235838
3556.21 1853.5 1211235859
3560.65 1844.56 1211235930
3565.96 1842.33 1211235979
3572.17 1840.1 1211236039
3582.81 1849.03 1211236100
3578.37 1838.98 1211236160
3577.49 1844.56 1211236221
3575.72 1844.56 1211236284
3580.15 1842.33 1211236342
3577.49 1843.45 1211236403
3574.83 1845.68 1211236464
3574.83 1845.68 1211236524
3665.24 1827.81 1211236608
3704.24 1692.7 1211236668
3604.97 1587.73 1211236706
3596.1 1572.1 1211236772
3551.78 1573.21 1211236827
3557.99 1576.56 1211236896
3558.87 1575.45 1211236952
3547.35 1565.4 1211237012
3541.15 1566.51 1211237069
3547.35 1567.63 1211237129
3546.46 1569.86 1211237180
3489.73 1591.08 1211237207
3383.37 1517.38 1211237267
3821.25 87.0826 1211237323
3744.13 -1399.89 1211237378
2889.65 -2605.35 1211237433
3048.31 -4057.25 1211237493
3551.78 -5486.57 1211237543
3815.04 -6974.77 1211237591
3978.14 -7883.84 1211237620
4151.87 -9398.37 1211237671
2535.09 -11951.7 1211237772
3413.5 -16317.2 1211237931
4428.43 -16272.7 1211238009
4525.93 -15927.3 1211238052
4275.97 -15902.7 1211238112
4143.01 -16068.8 1211238173
3955.09 -16251.5 1211238233
4068.55 -16230.3 1211238261
4068.55 -16231.4 1211238262
4068.55 -16230.3 1211238268
4091.6 -16218.1 1211238328
4069.44 -16229.2 1211238393
3854.04 -16133.4 1211238448
3078.45 -15024.6 1211238534
2789.48 -13663.9 1211238589
2575.86 -12171.3 1211238646
4087.16 -9615.82 1211238759
4045.5 -8131.45 1211238811
3780.47 -6647.92 1211238865
3458.71 -5194.26 1211238921
2986.26 -3779.39 1211238975
2772.64 -3177.88 1211239021
2616.64 -2779.46 1211239076
2685.78 -1954.65 1211239136
2807.21 -1798.38 1211239196
2807.21 -1797.27 1211239257
2807.21 -1797.27 1211239317
2808.1 -1799.5 1211239378
2808.1 -1799.5 1211239438
2807.21 -1800.62 1211239499
2807.21 -1800.62 1211239559
2806.32 -1800.62 1211239620
2806.32 -1799.5 1211239682
2805.44 -1798.38 1211239743
2803.67 -1796.15 1211239803
2807.21 -1799.5 1211239864
2784.16 -1754.85 1211239924
2837.35 -1485.84 1211239990
2957.9 -1217.94 1211240055
3459.6 -1164.36 1211240105
3748.56 -1135.34 1211240146
3686.51 -904.265 1211240203
3582.81 -958.964 1211240263
3582.81 -957.848 1211240324
3581.03 -950.034 1211240384
3576.6 -948.918 1211240447
3578.37 -965.662 1211240506
3581.92 -986.872 1211240572
3633.33 -941.103 1211240627
3652.83 -986.872 1211240698
3653.72 -987.988 1211240748
3651.06 -981.29 1211240808
