24292.5 -36039.8 1212143081
24070 -36617.8 1212143137
24457.4 -37072.3 1212143212
24328 -37568 1212143258
23942.4 -37568 1212143318
23591.4 -37799.2 1212143380
23570.1 -37819.2 1212143440
23904.3 -37592.5 1212143501
24297.8 -37604.7 1212143567
24141 -36682.2 1212143691
23765.1 -36273.2 1212143751
23911.4 -35636.3 1212143801
24804.9 -34370.1 1212143986
26100.8 -33615.1 1212144111
25846.4 -33155.9 1212144172
22314.1 -30720.4 1212144322
20885.2 -30452.3 1212144358
19453.7 -30083 1212144404
14923.3 -26323.5 1212144615
13966 -25193.9 1212144655
13058.4 -23963.9 1212144714
12154.2 -22752.7 1212144761
11220 -21594.7 1212144804
10256.5 -20477.8 1212144861
9241.55 -19389.7 1212144901
7780.77 -19290.6 1212144938
6366.08 -18769.3 1212144995
5210.23 -17814.6 1212145032
3222.04 -15685.5 1212145130
2921.56 -14204.4 1212145169
3789.34 -10116.5 1212145320
4139.46 -8673.48 1212145359
3863.79 -7133.17 1212145410
3594.33 -5630.5 1212145455
3098.83 -4177.76 1212145503
2798.35 -3205.78 1212145564
3493.28 -1869.82 1212145593
3656.38 -1146.5 1212145650
2995.13 -1196.73 1212145712
2275.37 -1312.83 1212145768
1734.67 -1289.38 1212145829
1732.9 -1290.5 1212145889
1736.45 -1289.38 1212145937
1739.99 -1289.38 1212145997
1752.4 -1292.73 1212146058
1748.86 -1290.5 1212146117
1764.81 -1289.38 1212146177
1739.11 -1282.69 1212146243
1738.22 -1281.57 1212146297
1743.54 -1310.59 1212146364
1751.52 -1317.29 1212146423
1920.82 -1334.04 1212146488
2714.14 -1234.69 1212146549
3450.73 -1166.59 1212146609
3747.68 -991.337 1212146660
3628.01 -953.383 1212146903
3631.56 -952.266 1212146958
