4213.92 -16067.7 1212952707
3381.59 -16149 1212952768
2957.9 -14662.5 1212952827
2635.25 -13165.6 1212952878
2569.66 -11685.2 1212952913
3493.28 -10499 1212952958
4203.28 -9169.76 1212953004
3955.09 -7671.92 1212953049
3690.95 -6192.77 1212953100
3243.32 -4743.49 1212953151
2808.98 -3308.45 1212953200
2666.27 -1814.01 1212953260
2894.96 -473.356 1212953321
2718.57 887.617 1212953381
3245.09 2150.54 1212953441
3498.6 2345.97 1212953507
3407.3 2483.34 1212953562
3068.7 2830.66 1212953628
2918.01 2979.2 1212953683
2877.24 3074.13 1212953743
2978.29 3166.83 1212953803
3027.04 3137.79 1212953865
3039.45 3198.1 1212953884
3044.76 3240.54 1212953907
3082.88 3281.87 1212953970
3130.75 3138.91 1212953994
3281.43 3247.25 1212954015
3464.92 3413.66 1212954086
3694.49 3625.88 1212954136
3696.26 3608.01 1212954151
3518.99 3645.98 1212954211
3413.5 3637.05 1212954271
3339.93 3573.38 1212954332
3167.97 3518.65 1212954392
2953.47 3557.75 1212954468
2646.77 3518.65 1212954517
2660.07 3496.31 1212954528
2417.2 3491.85 1212954588
2379.08 3402.49 1212954652
2395.04 3301.97 1212954683
2268.28 3229.38 1212954742
2265.62 3113.22 1212954802
2267.4 3133.33 1212954811
2151.28 3085.3 1212954871
2090.12 3391.33 1212954931
2025.41 3780.02 1212955004
1961.59 4176.54 1212955051
1850.79 4805.44 1212955173
1661.1 5016.58 1212955233
1455.46 5199.79 1212955290
1455.46 5199.79 1212955292
1304.77 5185.26 1212955352
1358.84 5191.97 1212955412
1361.5 5193.08 1212955473
1361.5 5194.2 1212955503
1360.62 5196.44 1212955563
1489.14 5159.57 1212955623
1695.67 4842.31 1212955683
1751.52 4453.57 1212955743
1819.77 4054.79 1212955803
1885.36 3750.98 1212955863
1904.86 3545.46 1212955924
1939.43 3383.51 1212955984
2002.37 3010.47 1212956045
1939.43 2961.33 1212956105
1941.2 2957.98 1212956165
1981.09 2988.13 1212956225
1947.41 2943.46 1212956289
1950.95 2949.04 1212956345
1948.29 2953.51 1212956405
1854.34 3043.98 1212956465
2042.25 2940.11 1212956525
2135.32 2497.85 1212956586
2098.1 2418.56 1212956645
2102.53 2412.98 1212956672
2097.21 2408.51 1212956732
2103.41 2404.04 1212956794
2101.64 2405.16 1212956854
2096.32 2407.39 1212956914
2094.55 2405.16 1212956976
2093.66 2407.39 1212957036
2093.66 2407.39 1212957051
2098.98 2408.51 1212957106
2098.98 2409.63 1212957168
2098.1 2408.51 1212957222
2091 2406.28 1212957275
2094.55 2409.63 1212957335
2096.32 2415.21 1212957396
2098.1 2412.98 1212957456
2100.75 2409.63 1212957517
2098.98 2408.51 1212957577
2103.41 2409.63 1212957637
2095.44 2414.1 1212957704
2098.98 2409.63 1212957764
2101.64 2416.33 1212957827
2106.07 2414.1 1212957881
2108.73 2430.85 1212957941
2103.41 2419.68 1212958002
2100.75 2420.8 1212958056
2103.41 2419.68 1212958120
2102.53 2418.56 1212958226
2098.1 2415.21 1212958282
2099.87 2417.45 1212958342
2104.3 2417.45 1212958402
2103.41 2416.33 1212958462
2148.62 2445.36 1212958524
2150.39 2445.36 1212958570
2170.78 2463.23 1212958630
2172.55 2455.42 1212958691
2171.67 2452.07 1212958751
2185.85 2464.35 1212958811
2185.85 2464.35 1212958874
2185.85 2465.47 1212958904
2186.74 2465.47 1212958964
2120.26 2369.42 1212959019
1926.14 2516.84 1212959081
1845.47 3128.86 1212959145
1775.45 3436 1212959196
1724.04 3727.52 1212959262
1685.04 3984.42 1212959316
1621.22 4350.8 1212959378
1589.31 4594.32 1212959447
1564.49 4732.83 1212959500
1507.76 5085.84 1212959557
1527.26 5111.53 1212959617
1464.32 5295.86 1212959677
1456.35 5309.27 1212959690
1454.57 5318.21 1212959705
1455.46 5319.32 1212959739
1455.46 5319.32 1212959741
1334.02 5295.86 1212959802
1357.07 5187.5 1212959861
1357.96 5186.38 1212959921
1357.96 5187.5 1212959947
1357.96 5188.62 1212960003
1357.96 5190.85 1212960062
1357.96 5193.08 1212960122
1358.84 5193.08 1212960142
1382.78 5092.54 1212960201
941.351 5021.05 1212960273
968.829 4693.74 1212960321
975.92 4633.41 1212960381
1006.94 4408.89 1212960441
1111.54 3792.3 1212960502
1132.81 3664.97 1212960522
1160.29 3485.15 1212960584
891.713 3365.64 1212960642
905.009 2903.25 1212960713
561.088 2849.65 1212960758
561.088 2849.65 1212960759
504.358 2838.48 1212960819
405.082 2811.67 1212960854
244.645 2798.27 1212960913
211.848 2906.6 1212960963
212.735 2909.96 1212960965
450.288 3041.74 1212961025
960.852 3122.16 1212961085
1502.44 3215.97 1212961160
2145.07 3312.03 1212961209
2735.41 3453.87 1212961275
2908.26 3457.22 1212961331
3027.04 3319.84 1212961401
3000.45 3108.75 1212961450
3419.71 2842.95 1212961511
3713.11 2584.96 1212961565
3989.66 2309.12 1212961626
4057.91 2270.03 1212961686
4064.12 2275.62 1212961704
3968.39 2340.39 1212961769
3677.65 2627.4 1212961835
3486.19 2812.79 1212961855
3456.94 2867.52 1212961922
3458.71 2871.98 1212961940
3110.36 3021.64 1212961986
2816.08 2755.83 1212962044
2369.33 2282.32 1212962114
1897.77 1854.61 1212962164
1847.25 1812.18 1212962223
1788.74 1869.13 1212962289
1602.6 1950.65 1212962350
1461.66 1911.57 1212962410
1109.77 1872.48 1212962464
1093.81 1865.78 1212962483
996.307 1850.15 1212962549
1141.68 1974.1 1212962605
1365.05 2010.95 1212962664
1390.75 2006.49 1212962670
1295.02 1894.81 1212962725
1007.83 1746.3 1212962786
268.578 1625.7 1212962845
-141.823 1559.81 1212962905
-241.986 1543.06 1212962965
-813.71 1447.03 1212963025
-905.895 1401.25 1212963060
-903.236 1399.02 1212963061
-890.826 1325.32 1212963101
-867.78 1177.93 1212963179
-861.575 1145.55 1212963239
-864.235 1137.73 1212963268
-844.734 1030.54 1212963328
-977.693 1002.62 1212963391
-975.92 992.574 1212963411
-862.462 1019.37 1212963471
-848.279 1115.4 1212963532
-862.462 1195.79 1212963592
-663.023 1382.27 1212963652
-74.4571 1469.36 1212963713
572.611 1569.86 1212963783
988.33 1637.98 1212963836
1219.68 1672.6 1212963893
1373.02 2013.19 1212963954
1603.49 2053.39 1212964020
1787.86 2091.36 1212964075
1787.86 2091.36 1212964090
1784.31 2099.17 1212964100
1781.65 2100.29 1212964160
1782.54 2102.52 1212964225
1644.26 2070.14 1212964283
1591.08 1852.38 1212964342
1715.17 1899.28 1212964358
1794.06 1991.97 1212964383
1810.02 2024.35 1212964455
1810.02 2018.77 1212964507
1810.02 2015.42 1212964559
1988.18 1947.3 1212964619
2160.14 2198.56 1212964681
2435.81 2378.36 1212964739
2718.57 2650.85 1212964799
2894.08 2842.95 1212964859
2840.89 3122.16 1212964919
2541.29 3316.49 1212964979
2490.77 3667.2 1212965050
2491.65 3666.09 1212965060
2491.65 3666.09 1212965084
2525.34 3314.26 1212965126
2540.41 3182.47 1212965147
2617.52 2869.75 1212965211
2798.35 2725.68 1212965262
3166.2 2285.67 1212965322
2816.96 1929.43 1212965382
2443.79 1548.65 1212965443
2424.29 1461.55 1212965508
2425.18 1460.43 1212965563
2438.47 1468.25 1212965624
2441.13 1472.71 1212965684
2505.84 1418 1212965744
2657.41 1250.51 1212965804
2818.73 921.113 1212965866
3051.86 110.528 1212965986
3165.31 -311.48 1212966046
3211.41 -707.791 1212966106
3332.84 -1017.01 1212966171
3309.8 -994.686 1212966226
3308.02 -1006.97 1212966261
3482.64 -1088.45 1212966329
3481.76 -1091.8 1212966347
3488.85 -1144.27 1212966359
3651.06 -1115.25 1212966410
3585.47 -955.615 1212966542
3580.15 -969.011 1212966596
3580.15 -992.453 1212966650
3573.94 -992.453 1212966711
3564.19 -994.686 1212966771
3647.51 -923.242 1212966832
3651.95 -937.754 1212966892
3651.95 -935.522 1212966953
3651.06 -938.871 1212967013
3655.49 -925.475 1212967074
3656.38 -925.475 1212967095
