-6372.29 2210.85 1211434709
-5700.4 2146.08 1211434759
-5179.2 2172.88 1211434819
-3848.72 2244.35 1211434940
-3517.21 2270.03 1211435000
-3266.36 2272.27 1211435064
-2007.68 2348.21 1211435180
-1310.98 2440.9 1211435250
-1207.27 2457.65 1211435282
-1590.19 2252.17 1211435340
-1688.58 1649.15 1211435453
-1646.03 1399.02 1211435504
-2070.62 772.612 1211435564
-3390.46 610.714 1211435685
-3317.77 617.414 1211435771
-3183.04 618.53 1211435773
-2720.34 486.782 1211435839
-2700.84 430.956 1211435874
-2420.74 654.259 1211435927
-1719.61 899.899 1211435984
-1482.94 1238.22 1211436049
-879.303 1338.72 1211436104
-165.756 1457.08 1211436183
514.995 1556.46 1211436229
1195.75 2373.89 1211436347
1227.66 2937.88 1211436407
1381.89 2943.46 1211436467
1797.61 3047.33 1211436528
2289.56 3136.68 1211436588
2387.06 3084.18 1211436643
2387.95 3080.83 1211436645
2514.7 2838.48 1211436714
2619.3 2880.92 1211436765
2797.46 2740.2 1211436826
2774.41 2756.95 1211436855
2862.17 3245.01 1211436905
2824.94 3757.68 1211436979
2735.41 4063.73 1211437026
2417.2 4350.8 1211437099
2107.85 4452.45 1211437146
2074.16 4441.28 1211437166
1601.71 4386.54 1211437227
1182.45 4302.77 1211437287
1052.15 4305 1211437347
472.448 4201.12 1211437412
83.3211 4138.57 1211437479
-8.86394 4313.94 1211437519
496.381 4418.94 1211437581
984.784 4489.31 1211437651
1469.64 4361.97 1211437759
1932.34 4348.57 1211437819
1939.43 4331.81 1211437864
1939.43 4331.81 1211437869
2229.28 4477.02 1211437931
2175.21 4560.8 1211437994
2115.82 4608.84 1211438011
2014.77 4694.85 1211438052
2079.48 4261.44 1211438112
2284.24 3956.5 1211438172
2364.9 3516.42 1211438237
2402.13 3353.35 1211438293
2430.49 3152.31 1211438363
2440.24 2823.96 1211438426
2386.17 2846.3 1211438473
2418.97 2856.35 1211438522
2457.09 2923.36 1211438523
2620.18 2931.17 1211438583
2792.14 2715.63 1211438649
3146.7 3103.17 1211438719
3438.32 3373.45 1211438771
3601.42 3546.58 1211438810
3379.82 3698.48 1211438865
3401.1 3782.25 1211438925
2777.96 3620.29 1211438985
2488.11 4297.18 1211439052
2390.61 4370.91 1211439117
2177.87 4670.28 1211439169
2176.1 4670.28 1211439185
2176.1 4671.39 1211439187
2126.46 5094.78 1211439251
2317.92 5378.53 1211439310
1925.25 5398.64 1211439432
1438.62 5311.5 1211439572
1039.74 4929.44 1211439719
-7.97755 4441.28 1211439764
-417.492 4383.19 1211439814
-417.492 4383.19 1211439822
-306.692 4500.48 1211439891
-38.115 4480.38 1211439938
94.8442 4243.56 1211439997
465.357 4196.65 1211440058
773.822 4045.86 1211440119
896.145 3326.55 1211440184
676.319 2868.63 1211440242
235.781 2748.02 1211440301
283.646 2473.28 1211440371
303.147 2383.94 1211440422
242.872 2641.92 1211440482
249.963 2705.58 1211440523
695.82 2762.53 1211440566
1046.83 2779.29 1211440627
1258.68 2748.02 1211440699
1413.8 2763.65 1211440746
1568.92 2819.49 1211440787
1543.21 2980.32 1211440853
1745.31 2631.87 1211440908
1832.18 2081.31 1211440973
2360.47 1563.16 1211441028
2668.93 1259.44 1211441088
2921.56 1406.83 1211441150
2840.89 1672.6 1211441209
3362.98 2132.67 1211441340
3363.87 2132.67 1211441393
3363.87 2132.67 1211441453
3366.53 2131.56 1211441461
3011.08 1577.68 1211441522
2544.84 1764.16 1211441577
1969.57 2331.45 1211441637
1678.83 2281.2 1211441697
1189.54 2205.26 1211441772
808.392 2142.73 1211441824
212.735 2047.8 1211441888
-218.053 1977.45 1211441938
-437.879 1939.48 1211441998
-437.879 1938.37 1211442042
-437.879 1938.37 1211442043
38604.3 24893.1 1211442104
-218.053 1653.61 1211442163
-152.46 1411.3 1211442230
-1.77279 883.15 1211442283
40.7741 314.842 1211442344
47.8653 171.933 1211442409
52.2973 151.837 1211442415
248.19 212.126 1211442477
228.69 415.326 1211442538
577.929 804.992 1211442607
756.981 971.359 1211442664
1081.4 1294.05 1211442726
1472.3 1699.4 1211442778
1664.65 1881.41 1211442844
2142.42 1922.73 1211442894
2400.36 2165.06 1211442954
2400.36 2165.06 1211442989
2400.36 2163.94 1211442997
2602.45 1985.27 1211443051
2622.84 2004.25 1211443064
2575.86 1324.2 1211443124
1493.57 1116.51 1211443184
1003.4 1077.43 1211443244
996.307 898.782 1211443304
1019.35 538.141 1211443364
1023.79 248.97 1211443439
978.579 244.504 1211443486
868.667 226.64 1211443492
472.448 119.46 1211443547
58.502 127.275 1211443607
120.55 333.822 1211443668
572.611 783.777 1211443729
1046.83 1258.32 1211443789
1037.08 1596.66 1211443851
543.36 1668.13 1211443911
-11.5231 1488.35 1211443972
547.792 1562.05 1211444032
1079.63 1648.03 1211444095
1737.33 1689.35 1211444153
2165.46 1544.18 1211444223
2476.59 1857.96 1211444275
2484.56 1866.9 1211444285
2606.89 1727.31 1211444345
2326.79 1010.44 1211444405
1100.9 1296.29 1211444465
682.524 1688.23 1211444526
-265.918 1539.71 1211444587
-421.037 1199.14 1211444645
-882.849 1122.1 1211444705
-1134.58 992.574 1211444766
-1075.2 983.641 1211444785
-868.667 1215.89 1211444840
-584.134 1376.68 1211444900
53.1837 1486.11 1211444961
741.026 1593.31 1211445021
1031.76 1643.56 1211445093
1296.8 1765.28 1211445146
1518.39 1524.08 1211445201
2372.88 1767.51 1211445261
2655.64 2034.4 1211445323
2978.29 2357.14 1211445381
3232.68 2266.68 1211445441
3356.78 2137.14 1211445502
3378.05 2115.92 1211445556
3280.55 1852.38 1211445617
2953.47 1763.05 1211445677
2613.98 1723.96 1211445744
2652.98 235.572 1211445793
2729.21 -1221.29 1211445853
1824.2 -1323.99 1211445915
1545.87 -1073.94 1211445983
1530.8 -840.635 1211446041
1522.83 -769.19 1211446044
1491.8 -371.765 1211446102
1451.91 151.837 1211446162
1426.21 353.919 1211446223
1392.53 940.095 1211446282
1780.77 1042.82 1211446367
2078.59 1460.43 1211446417
2479.25 1862.43 1211446477
2983.6 2123.74 1211446537
3257.5 1845.68 1211446597
3383.37 1931.67 1211446657
3383.37 1930.55 1211446662
3322.21 2146.08 1211446722
3323.98 2148.31 1211446753
3987 2826.19 1211446814
4001.18 3148.96 1211446868
3937.36 3272.93 1211446911
3503.03 3793.42 1211446980
3539.37 4065.96 1211447037
3134.29 4719.43 1211447091
2653.86 5191.97 1211447151
2025.41 5093.66 1211447207
1663.76 5041.15 1211447267
960.852 4920.51 1211447328
376.718 4828.9 1211447387
-86.8667 5180.8 1211447447
-161.324 5119.35 1211447500
-162.21 5118.24 1211447502
-122.322 4533.99 1211447562
-479.539 4417.82 1211447627
-468.903 4365.32 1211447683
-21.2735 4336.28 1211447747
187.916 4154.2 1211447824
399.764 4187.71 1211447826
852.711 3653.8 1211447947
952.874 2952.39 1211448015
1167.38 2304.65 1211448067
1482.94 2342.62 1211448129
2104.3 2485.57 1211448188
2256.76 2476.63 1211448238
2046.68 2276.73 1211448298
1857.88 2876.45 1211448359
1768.36 3343.3 1211448419
2178.76 3519.77 1211448480
2150.39 3839.21 1211448540
2070.62 4380.96 1211448601
2045.8 4550.75 1211448661
2087.46 4574.21 1211448683
2087.46 4574.21 1211448684
2377.31 4315.05 1211448744
2425.18 3988.89 1211448804
2482.79 3640.4 1211448869
2599.79 2968.03 1211448924
2629.05 2898.79 1211448936
2356.04 2957.98 1211448996
2184.96 2954.63 1211449056
1820.65 2989.25 1211449116
1295.02 2904.37 1211449176
1047.72 2820.61 1211449237
332.398 2730.15 1211449302
-827.006 2517.96 1211449357
-893.486 2524.66 1211449393
-468.016 2682.12 1211449453
-335.943 2548.11 1211449514
-265.918 2118.16 1211449574
-177.279 1568.75 1211449634
-143.596 1537.48 1211449694
-140.05 1539.71 1211449754
-141.823 1536.36 1211449814
-140.05 1543.06 1211449874
-143.596 1554.23 1211449935
-140.937 1563.16 1211449995
-145.369 1536.36 1211450046
-144.482 1539.71 1211450113
-157.778 1463.78 1211450167
288.965 1524.08 1211450228
1001.63 1640.21 1211450288
1406.71 1098.65 1211450350
2703.5 425.374 1211450416
2847.99 -1070.59 1211450465
3425.91 -1167.71 1211450526
3656.38 -906.498 1211450599
3583.69 -957.848 1211450650
3581.92 -960.081 1211450710
3582.81 -963.43 1211450770
3584.58 -965.662 1211450830
3584.58 -960.081 1211450874
3577.49 -973.476 1211450934
3573.06 -962.313 1211450994
3580.15 -967.895 1211451060
3625.35 -926.591 1211451123
3663.47 -962.313 1211451175
3678.54 -958.964 1211451236
3674.1 -962.313 1211451296
