3643.08 -868.543 1212372978
3660.81 -923.242 1212373046
3659.04 -916.544 1212373098
3658.15 -916.544 1212373153
3733.49 -979.058 1212373214
3742.36 -979.058 1212373274
3742.36 -976.825 1212373335
3741.47 -972.36 1212373401
3740.58 -970.127 1212373455
3743.24 -980.174 1212373515
3740.58 -971.244 1212373576
3740.58 -970.127 1212373641
3739.7 -967.895 1212373708
3585.47 -946.685 1212373757
3587.24 -982.407 1212373816
3590.78 -986.872 1212373876
3582.81 -981.29 1212373936
3582.81 -983.523 1212373997
3586.35 -983.523 1212374061
3586.35 -984.639 1212374119
3585.47 -983.523 1212374158
3580.15 -985.756 1212374212
3571.28 -1012.55 1212374271
3242.43 -1176.64 1212374326
2278.92 -1312.83 1212374396
1529.03 -1329.57 1212374448
1336.68 -915.428 1212374506
1328.71 -803.796 1212374531
1156.74 -729.002 1212374587
944.896 -740.165 1212374657
753.435 -1022.59 1212374708
469.789 -1056.08 1212374769
468.016 -1053.85 1212374829
473.335 -1051.62 1212374890
493.722 -1054.97 1212374948
764.958 -941.103 1212375012
899.69 -410.839 1212375074
850.939 222.174 1212375129
816.369 655.375 1212375189
822.574 1039.47 1212375249
1044.17 1257.21 1212375309
1034.42 1249.39 1212375369
1123.06 1343.19 1212375415
1203.72 1426.93 1212375416
1258.68 2005.37 1212375476
1145.22 2685.47 1212375547
1040.63 3361.17 1212375653
919.191 4059.26 1212375706
380.263 4292.71 1212375822
18.6143 4232.39 1212375882
-11.5231 4287.13 1212375924
-48.7517 4513.89 1212375985
-197.666 4521.71 1212376052
-457.38 4481.49 1212376114
-502.586 4472.56 1212376134
-549.565 4345.21 1212376265
93.0714 4449.1 1212376324
866.007 4570.86 1212376373
1011.38 4410 1212376433
1447.48 4458.04 1212376494
1889.79 4538.46 1212376561
1920.82 4327.34 1212376610
1927.02 4330.69 1212376624
1927.02 4329.58 1212376633
1939.43 4323.99 1212376713
2075.05 4346.33 1212376773
2234.6 4482.61 1212376843
2171.67 4665.81 1212376893
2652.98 4752.94 1212377022
2651.21 4752.94 1212377039
2651.21 4754.06 1212377040
2619.3 4685.92 1212377107
2316.15 4819.97 1212377162
2245.24 5105.95 1212377222
2279.81 5370.71 1212377283
1921.7 5398.64 1212377343
1665.54 5358.42 1212377404
1611.47 5348.37 1212377465
1550.3 5464.56 1212377585
1544.1 5461.2 1212377655
1539.67 5458.97 1212377706
1544.1 5457.85 1212377718
1506.87 5138.34 1212377819
1685.92 4872.47 1212377879
1742.65 4500.48 1212377954
1811.79 4103.94 1212377999
1868.52 3723.05 1212378063
1912.84 3501.9 1212378120
1927.02 3303.09 1212378179
2204.46 3351.12 1212378239
2251.44 3257.3 1212378298
2214.21 3234.96 1212378316
2247.9 3125.51 1212378360
2496.97 3145.61 1212378423
2951.69 3210.39 1212378486
3126.31 3073.01 1212378541
3479.98 3393.56 1212378661
3821.25 3731.99 1212378721
4163.39 3264 1212378788
4096.03 3399.14 1212378852
4093.37 3399.14 1212378875
3868.23 3515.3 1212378985
3671.45 3469.51 1212379045
3483.53 3720.82 1212379067
2959.67 3672.79 1212379127
2411.88 3571.15 1212379187
2201.8 3576.73 1212379240
2201.8 3576.73 1212379241
2231.94 3517.54 1212379306
2232.83 3518.65 1212379309
2071.5 3522 1212379369
1649.58 3453.87 1212379429
1598.17 3403.61 1212379489
1599.06 3406.96 1212379550
1599.06 3404.73 1212379610
1600.83 3405.84 1212379671
1599.94 3410.31 1212379731
1603.49 3419.25 1212379797
2010.34 3505.25 1212379852
2223.08 3516.42 1212379918
2208.89 3536.52 1212379937
2207.12 3538.76 1212379938
2204.46 3545.46 1212379944
2204.46 3554.39 1212380010
2109.62 3526.47 1212380071
1783.43 3478.44 1212380092
1640.72 3554.39 1212380153
1640.72 3561.1 1212380213
1639.83 3570.03 1212380273
1641.6 3571.15 1212380335
1647.81 3548.81 1212380396
1647.81 3548.81 1212380450
1629.19 3352.23 1212380510
957.306 3238.31 1212380571
179.938 3103.17 1212380640
-27.4782 2961.33 1212380690
-23.9326 2965.8 1212380759
-23.0463 2971.38 1212380810
-36.3422 2982.55 1212380872
-20.3871 2988.13 1212380896
219.826 2903.25 1212380948
232.235 2771.47 1212381002
297.829 2416.33 1212381067
362.535 2201.91 1212381122
382.922 1823.35 1212381182
-174.62 1527.43 1212381304
-161.324 1458.2 1212381318
-148.028 1359.93 1212381331
-82.4347 1114.28 1212381400
280.987 1013.79 1212381453
581.475 951.261 1212381523
