4207.71 -16071 1211304435
3341.71 -16056.5 1211304488
2950.81 -14570 1211304550
2628.16 -13088.7 1211304594
2546.61 -11872.5 1211304638
3392.23 -10618.3 1211304691
4171.37 -9362.68 1211304739
3991.43 -7869.34 1211304788
3725.52 -6384.65 1211304834
3307.14 -4942.1 1211304887
2919.78 -3519.37 1211304948
3169.75 -2285.03 1211305012
3936.48 -975.709 1211305052
3818.59 338.288 1211305103
3471.12 1575.45 1211305156
3641.31 1771.98 1211305206
3604.97 2283.43 1211305266
3339.93 2561.51 1211305326
3085.54 2809.44 1211305386
3011.97 2897.67 1211305453
2931.31 3008.24 1211305517
2872.8 3056.26 1211305566
2600.68 3060.73 1211305626
2543.95 3065.2 1211305682
2337.42 3023.87 1211305706
2288.67 3017.17 1211305709
2114.94 3049.56 1211305770
2098.98 3262.88 1211305830
2069.73 3390.21 1211305851
2067.07 3488.5 1211305914
2098.1 3500.78 1211305972
2132.67 3520.89 1211306032
2134.44 3522 1211306047
2231.94 3449.4 1211306106
2260.31 3184.7 1211306163
2308.17 3016.06 1211306223
2399.47 2722.33 1211306291
2384.4 2716.74 1211306342
2352.49 2739.08 1211306353
2589.16 2920.01 1211306425
2725.66 2988.13 1211306470
2776.19 3014.94 1211306535
2654.75 3500.78 1211306590
2364.01 3566.68 1211306650
2211.55 3551.04 1211306710
2218.65 3501.9 1211306771
2222.19 3549.93 1211306801
1929.68 3498.55 1211306861
1590.19 3336.6 1211306921
1124.83 3300.86 1211306981
925.396 3135.56 1211307041
985.671 2755.83 1211307108
1019.35 2515.72 1211307140
417.492 2291.25 1211307184
53.1837 2039.99 1211307245
-283.646 1860.2 1211307360
-351.899 1851.26 1211307362
-524.746 1919.38 1211307436
-277.441 2079.07 1211307482
-328.852 2580.5 1211307558
-191.461 2724.56 1211307599
559.315 2845.18 1211307650
955.533 2908.84 1211307709
1365.93 2997.07 1211307770
1808.24 3054.03 1211307829
2380.86 3094.23 1211307889
2715.03 3188.05 1211307956
3008.42 3215.97 1211308012
3128.97 3103.17 1211308070
3422.37 2849.65 1211308130
3713.11 2706.69 1211308200
3907.23 2388.41 1211308251
3925.84 2196.33 1211308327
3820.36 2079.07 1211308372
3820.36 2076.84 1211308385
3518.99 2392.88 1211308444
3276.11 2637.45 1211308499
3452.51 2802.74 1211308578
3196.34 3129.97 1211308631
3133.4 3226.03 1211308688
3100.61 3346.65 1211308757
3146.7 3400.26 1211308809
3283.21 3465.04 1211308870
3386.03 3446.05 1211308894
3367.41 3615.83 1211308934
3337.28 3702.95 1211308957
3336.39 3795.65 1211309018
3415.28 3795.65 1211309086
