3635.99 -961.197 1211378734
3630.67 -950.034 1211378783
3630.67 -948.918 1211378847
3639.54 -912.079 1211378904
3618.26 -917.661 1211378965
3578.37 -1116.36 1211379025
3441.87 -766.957 1211379086
3269.91 -472.24 1211379146
3318.66 -23.4452 1211379205
3291.18 400.811 1211379266
3362.98 762.563 1211379325
3160 1161.18 1211379385
3319.55 1603.36 1211379445
3494.17 1773.1 1211379505
3495.05 1771.98 1211379565
3495.05 1773.1 1211379626
3492.39 1773.1 1211379686
3493.28 1773.1 1211379747
3502.14 1780.91 1211379802
3507.46 1788.73 1211379862
3510.12 1789.85 1211379928
3509.24 1789.85 1211379945
3517.21 1798.78 1211380006
3530.51 1803.25 1211380066
3532.28 1803.25 1211380125
3530.51 1805.48 1211380186
3530.51 1805.48 1211380233
3634.22 1910.45 1211380307
4020.69 2304.65 1211380343
4026.89 2300.19 1211380403
3635.99 2711.16 1211380488
3629.79 3021.64 1211380548
3670.56 3175.77 1211380618
3522.53 3360.05 1211380668
3364.75 3497.43 1211380728
3219.38 3673.91 1211380781
3219.38 3672.79 1211380783
3211.41 3671.67 1211380803
3222.93 3675.02 1211380857
3192.79 3668.32 1211380883
2953.47 3671.67 1211380927
2652.98 3726.4 1211380971
2228.4 3553.28 1211381031
2205.35 3513.07 1211381091
2232.83 3444.94 1211381113
2364.9 3348.88 1211381173
2785.94 3410.31 1211381234
3026.15 3427.07 1211381295
3152.91 3433.77 1211381356
3436.55 3150.08 1211381416
3463.14 3126.62 1211381429
3685.63 3086.42 1211381489
3608.51 3213.74 1211381549
3678.54 3333.25 1211381609
3690.06 3443.82 1211381669
3498.6 3599.07 1211381736
3478.21 3816.88 1211381790
3463.14 3782.25 1211381822
3440.98 3669.44 1211381855
3357.66 4001.18 1211381916
3004.88 3959.85 1211381971
2988.04 4080.48 1211382019
2898.51 4692.62 1211382079
2700.84 5033.33 1211382145
2708.82 5035.57 1211382198
2711.48 5035.57 1211382205
2593.59 5158.45 1211382266
2827.6 5040.04 1211382320
2931.31 4938.38 1211382380
3008.42 4691.5 1211382441
3088.2 4255.85 1211382501
3136.95 3882.78 1211382561
3415.28 3952.03 1211382621
3497.71 3869.37 1211382681
3231.79 3691.78 1211382741
2958.78 3620.29 1211382802
2747.82 3565.56 1211382858
2907.37 3629.23 1211382918
3040.33 3731.99 1211382978
3043.88 3857.09 1211383039
2930.42 4496.01 1211383089
2850.64 4989.77 1211383154
2840.89 5008.76 1211383209
2705.28 4974.13 1211383259
2704.39 4968.54 1211383265
2528 5147.28 1211383326
2092.78 5184.15 1211383380
2027.18 5304.8 1211383440
1981.98 5196.44 1211383496
1982.86 5193.08 1211383556
1983.75 5191.97 1211383624
1981.09 5195.32 1211383678
1981.09 5197.55 1211383738
1981.09 5197.55 1211383798
1981.09 5194.2 1211383858
1982.86 5193.08 1211383890
1983.75 4904.87 1211383951
2292.22 4914.92 1211384011
2470.38 4939.5 1211384071
2467.72 4941.73 1211384131
2470.38 4948.43 1211384163
2250.56 5111.53 1211384223
2823.17 5043.39 1211384289
2923.33 4950.67 1211384336
3155.56 4647.94 1211384395
3433.01 4254.74 1211384456
3709.56 3844.8 1211384516
3789.34 3771.08 1211384578
4068.55 3398.03 1211384638
4234.31 3056.26 1211384699
4181.12 2339.27 1211384759
3795.54 1933.9 1211384820
3339.93 1286.24 1211384880
3835.43 -127.273 1211384930
3635.1 -1639.88 1211384983
2765.55 -2739.28 1211385041
2772.64 -3128.78 1211385102
2840.89 -3326.31 1211385162
2964.99 -3791.66 1211385234
3225.59 -4724.52 1211385286
3535.83 -5414.05 1211385357
3729.06 -6500.67 1211385405
3996.75 -7995.38 1211385461
4123.51 -9486.46 1211385522
3274.34 -10723.1 1211385575
2543.07 -12020.8 1211385620
2679.57 -13501.1 1211385685
2962.33 -14967.8 1211385738
3490.62 -16321.7 1211385793
4533.91 -16115.6 1211385854
4387.65 -15853.7 1211385914
4344.22 -15870.4 1211385968
4295.47 -15894.9 1211385971
3914.32 -16189.1 1211386048
