3637.76 -956.732 1211208067
3629.79 -954.499 1211208128
3629.79 -954.499 1211208168
3615.6 -982.407 1211208228
3496.83 -1144.27 1211208288
3390.46 -699.977 1211208348
3260.16 -312.597 1211208408
3317.77 -26.7945 1211208474
3290.3 407.51 1211208528
3420.6 819.507 1211208589
3146.7 1176.81 1211208649
3343.48 1629.05 1211208709
3562.42 1836.75 1211208769
3573.06 1849.03 1211208833
3573.94 1844.56 1211208880
3434.78 1581.03 1211208941
3823.02 82.6168 1211209005
2888.76 -2606.47 1211209102
2852.42 -3380.99 1211209180
2926.87 -3668.91 1211209228
3061.61 -4104.12 1211209288
3183.04 -4528.14 1211209359
3243.32 -4810.44 1211209403
3370.07 -5090.49 1211209463
3556.21 -5517.81 1211209533
3666.13 -6151.5 1211209583
3851.38 -7182.25 1211209645
4119.96 -8685.75 1211209707
3758.31 -10138.8 1211209758
2715.03 -11263.8 1211209818
2585.61 -12745.4 1211209861
2847.1 -14207.8 1211209912
3166.2 -15720 1211209968
3992.32 -16262.6 1211210033
4055.25 -16185.8 1211210072
4069.44 -16194.7 1211210085
3649.29 -16201.4 1211210140
4225.44 -16130.1 1211210211
4384.99 -16040.9 1211210408
4394.74 -16048.7 1211210457
4383.22 -16023.1 1211210519
4386.77 -16033.1 1211210582
4387.65 -16037.6 1211210650
4380.56 -16024.2 1211210696
4381.45 -16022 1211210741
4385.88 -16039.8 1211210818
4391.2 -16053.2 1211210873
4386.77 -16044.3 1211210927
4392.08 -16052.1 1211210981
4388.54 -16040.9 1211211047
4390.31 -16045.4 1211211101
4388.54 -16040.9 1211211223
4389.43 -16039.8 1211211292
4391.2 -16045.4 1211211343
4391.2 -16044.3 1211211403
4385.88 -16027.5 1211211463
4388.54 -16036.5 1211211539
4388.54 -16032 1211211595
4388.54 -16030.9 1211211643
4392.08 -16042 1211211709
4391.2 -16036.5 1211211763
4395.63 -16048.7 1211211839
4397.4 -16057.6 1211211899
4396.52 -16058.7 1211211943
4379.67 -16052.1 1211212008
