4327.38 -16218.1 1212726774
4253.81 -16032 1212727020
3720.2 -16221.4 1212727084
3030.58 -14985.6 1212727140
2715.03 -13532.3 1212727187
2553.7 -12013 1212727237
4136.8 -9468.62 1212727343
4004.73 -7942.96 1212727388
3735.27 -6446.01 1212727440
3324.87 -5001.23 1212727491
2912.69 -3558.43 1212727536
2489.88 -2135.47 1212727583
2688.43 -1219.06 1212727644
2145.07 -1317.29 1212727704
1490.92 -1332.92 1212727765
993.648 -1367.52 1212727825
434.333 -1411.06 1212727885
208.303 -1250.32 1212727945
-288.965 -1277.11 1212728010
-983.011 -1495.89 1212728065
-1669.97 -1716.9 1212728125
-1702.76 -1882.1 1212728185
-1577.78 -1752.62 1212728245
-847.393 -1478.03 1212728305
-712.661 -1242.5 1212728365
-505.245 -404.141 1212728431
-70.9116 72.5688 1212728551
378.49 17.863 1212728631
378.49 16.7466 1212728643
378.49 16.7466 1212728658
382.036 15.6302 1212728719
382.922 14.5137 1212728783
278.328 113.877 1212728840
102.822 73.6853 1212728901
