3643.08 -919.893 1212761289
3640.42 -932.173 1212761350
3634.22 -912.079 1212761411
3587.24 -984.639 1212761466
3549.12 -1145.39 1212761532
3397.55 -708.908 1212761598
3269.02 -410.839 1212761647
3320.43 -7.81506 1212761707
3282.32 483.432 1212761767
3443.64 844.071 1212761827
3040.33 1291.82 1212761887
3378.05 1670.36 1212761947
3152.02 1958.47 1212762028
2969.42 2137.14 1212762083
2711.48 2404.04 1212762104
2521.79 2584.96 1212762165
2393.26 2752.48 1212762232
2374.65 2763.65 1212762284
2179.64 2796.04 1212762344
2266.51 3098.7 1212762404
2413.65 3231.61 1212762466
2475.7 3358.94 1212762526
2800.12 3460.57 1212762587
2712.37 3561.1 1212762634
2535.09 3555.51 1212762694
2231.94 3527.59 1212762754
2220.42 3452.75 1212762814
2261.19 3209.27 1212762874
2410.99 3184.7 1212762931
2414.54 3192.52 1212762960
2431.38 3051.79 1212763020
2022.75 3020.52 1212763081
1680.6 2895.44 1212763142
1298.57 2845.18 1212763206
1090.27 2826.19 1212763263
39.8877 2681.01 1212763392
-358.99 2599.48 1212763443
-671.887 2542.52 1212763505
-1015.81 2471.05 1212763571
-944.896 1653.61 1212763695
-1616.78 1326.44 1212763791
-1632.74 1292.94 1212763846
-1571.58 927.813 1212763906
-1501.55 493.481 1212763981
-1887.13 408.627 1212764024
-1882.7 399.695 1212764040
-1887.13 401.928 1212764046
-1890.68 387.413 1212764136
-1766.58 428.724 1212764188
-1532.58 475.616 1212764249
-1514.85 618.53 1212764309
-1571.58 969.126 1212764360
-1240.95 1060.69 1212764419
-888.167 1119.86 1212764473
-886.394 1265.02 1212764551
-939.578 1689.35 1212764611
-942.237 1699.4 1212764671
-938.692 1697.16 1212764732
-939.578 1699.4 1212764798
-936.919 1700.51 1212764840
-839.416 1778.68 1212764899
-500.813 1818.88 1212764959
17.7279 1900.4 1212765020
17.7279 1900.4 1212765036
505.245 1980.8 1212765081
949.328 2051.15 1212765151
1112.43 1990.85 1212765201
1234.75 1987.5 1212765261
1414.69 2022.12 1212765321
1793.18 2079.07 1212765381
1804.7 2088.01 1212765442
1694.79 2100.29 1212765498
1691.24 2114.81 1212765503
1591.08 2529.12 1212765559
1598.17 2721.21 1212765619
1550.3 2944.58 1212765679
1558.28 3000.42 1212765708
2069.73 3089.77 1212765768
2523.56 3159.01 1212765828
2801.89 3221.56 1212765888
3030.58 3127.74 1212765949
3139.61 3069.66 1212766009
3156.45 3099.82 1212766039
3156.45 3100.94 1212766050
3273.45 3232.73 1212766101
3443.64 3327.66 1212766166
3542.92 3600.19 1212766222
3477.33 3874.96 1212766281
3540.26 4058.14 1212766341
3214.95 4612.19 1212766401
2889.65 5023.28 1212766461
2661.84 5212.08 1212766522
2663.62 5213.19 1212766542
2560.79 5238.89 1212766603
2902.94 4974.13 1212766662
3177.72 4623.36 1212766723
3436.55 4254.74 1212766783
3504.8 4160.91 1212766843
3699.81 3853.74 1212766904
3743.24 3822.46 1212766964
3872.66 3950.91 1212767024
3864.68 3944.21 1212767085
3808.84 3855.97 1212767145
3671.45 3977.72 1212767206
3662.58 3988.89 1212767210
3377.16 4385.43 1212767276
3046.54 4852.36 1212767331
2980.06 4941.73 1212767397
2862.17 5046.74 1212767521
2864.83 5052.33 1212767576
2864.83 5052.33 1212767608
2865.71 5050.09 1212767668
2860.39 5054.56 1212767728
2860.39 5053.44 1212767788
2861.28 5052.33 1212767849
2858.62 5056.79 1212767909
2853.3 5061.26 1212767969
2852.42 5061.26 1212768029
2851.53 5061.26 1212768060
2348.95 5143.93 1212768145
2126.46 4946.2 1212768206
2067.07 4886.99 1212768239
2067.07 4885.88 1212768265
2080.37 4631.18 1212768325
2304.63 4436.81 1212768380
2349.83 4396.6 1212768444
2608.66 4164.26 1212768501
2840.89 3920.75 1212768561
3128.09 3858.2 1212768623
3413.5 3790.07 1212768683
3413.5 3773.31 1212768707
3422.37 3717.47 1212768733
3431.23 3653.8 1212768759
3403.75 3802.36 1212768799
3156.45 3761.03 1212768859
3227.36 3673.91 1212768920
2918.01 3652.68 1212768980
2549.27 3620.29 1212769041
2317.92 3563.33 1212769101
2145.07 3558.86 1212769162
1831.29 3480.68 1212769228
1615.9 3404.73 1212769282
1609.69 3410.31 1212769348
1608.81 3411.43 1212769402
1607.92 3413.66 1212769463
1606.15 3413.66 1212769522
1641.6 3333.25 1212769588
1645.15 3286.34 1212769645
1857 3056.26 1212769706
2052.89 3079.72 1212769746
2100.75 3320.96 1212769796
1681.49 3362.29 1212769856
1225 3300.86 1212769916
1003.4 3572.27 1212769980
764.958 4256.97 1212770036
448.516 4202.24 1212770102
56.7292 4140.8 1212770156
20.3871 4145.27 1212770193
8.86394 4191.07 1212770194
13.2959 4230.16 1212770217
278.328 4261.44 1212770277
593.884 4224.58 1212770337
587.68 4043.62 1212770399
579.702 4041.39 1212770410
692.274 3910.7 1212770470
860.689 3675.02 1212770530
1023.79 3341.06 1212770591
1201.95 3383.51 1212770651
1500.67 3420.36 1212770679
1899.54 3488.5 1212770735
2335.65 3551.04 1212770794
2643.23 3525.35 1212770854
2965.88 3603.54 1212770914
3133.4 3738.69 1212770974
3139.61 3792.3 1212771036
3139.61 3792.3 1212771048
3292.07 3632.58 1212771109
3415.28 3638.16 1212771166
3524.3 3695.13 1212771226
3436.55 4034.69 1212771286
3046.54 3940.86 1212771346
3004.88 4072.66 1212771381
2893.19 4778.63 1212771441
2681.34 5186.38 1212771501
2099.87 5149.52 1212771566
1964.25 5166.27 1212771621
1989.96 5225.48 1212771655
1989.96 5227.72 1212771657
1989.96 5227.72 1212771682
1965.14 5262.35 1212771684
1939.43 5206.49 1212771744
1987.3 4898.16 1212771804
2014.77 4712.73 1212771874
2091.89 4265.91 1212771924
2118.48 4067.08 1212771953
2156.6 3860.44 1212772019
2238.15 3847.03 1212772073
2356.92 3761.03 1212772133
2477.47 3666.09 1212772194
2559.91 3073.01 1212772253
2573.2 3032.81 1212772314
2582.07 2995.95 1212772323
2793.92 2741.31 1212772384
3147.59 2390.64 1212772445
3040.33 2064.55 1212772470
2676.91 957.96 1212772534
2831.14 -333.808 1212772595
2629.93 -1857.54 1212772644
2817.85 -3360.91 1212772702
3240.66 -4823.83 1212772758
3678.54 -6251.9 1212772822
3954.21 -7791.27 1212772869
4164.28 -9327 1212772926
3384.25 -10608.2 1212772981
2528.88 -11845.8 1212773038
2642.34 -13366.3 1212773096
2939.28 -14880.9 1212773151
3413.5 -16310.6 1212773211
4217.46 -16116.7 1212773272
4240.51 -16110 1212773299
