15.9551 3223.79 1211697065
-60.2748 3675.02 1211697124
-135.618 4077.13 1211697188
-179.052 4374.26 1211697234
-149.801 4522.82 1211697309
-13.2959 4749.59 1211697357
-12.4095 4749.59 1211697375
-11.5231 4749.59 1211697382
-12.4095 4747.36 1211697443
-5.31837 4758.53 1211697516
-87.753 4690.38 1211697569
-261.486 4515 1211697630
-477.767 4440.16 1211697689
-472.448 4384.31 1211697721
202.984 4455.8 1211697799
967.056 4588.73 1211697851
1112.43 3777.78 1211697903
1213.47 3323.19 1211697970
1257.79 2886.5 1211698023
1651.35 2809.44 1211698083
1858.77 2920.01 1211698146
1968.68 3076.37 1211698204
2424.29 3223.79 1211698266
2436.7 3229.38 1211698296
2400.36 3193.64 1211698334
2400.36 3194.75 1211698335
2406.56 3270.7 1211698407
2373.76 3331.01 1211698455
2532.43 3237.19 1211698521
2306.4 3260.65 1211698575
2240.81 3112.1 1211698656
2265.62 2931.17 1211698695
2440.24 2935.64 1211698737
2477.47 2926.71 1211698761
2707.05 3185.82 1211698896
2505.84 3396.91 1211698932
2530.66 3364.52 1211698968
2531.54 3365.64 1211698987
2551.93 3286.34 1211699030
2543.07 3208.16 1211699078
2584.73 2960.21 1211699137
2762.89 2741.31 1211699205
2841.78 2753.6 1211699238
3011.97 2955.75 1211699299
3071.36 3026.11 1211699328
3095.29 2785.99 1211699365
2949.92 2598.36 1211699438
2687.55 2435.31 1211699481
2850.64 2655.32 1211699542
2833.8 2484.45 1211699614
2237.26 1700.51 1211699722
2236.37 1679.3 1211699744
2145.96 1811.06 1211699798
1888.91 1760.81 1211699858
1674.4 1927.2 1211699918
1420 1645.8 1211699984
1268.43 1490.58 1211700039
977.693 1075.2 1211700099
1023.79 550.423 1211700207
1022.9 535.908 1211700209
1025.56 529.209 1211700238
455.607 475.616 1211700299
35.4558 277.998 1211700359
-772.05 -17.863 1211700431
-496.381 -420.886 1211700481
-1402.28 -1616.44 1211700612
-1748.86 -1886.56 1211700696
-1774.56 -1869.82 1211700742
-1779.88 -1880.98 1211701004
-1780.77 -1874.29 1211701076
-1779.88 -1879.87 1211701185
-1779.88 -1874.29 1211701359
-1778.99 -1875.4 1211701429
-1779.88 -1877.63 1211701485
-1778.99 -1877.63 1211701553
-1779.88 -1879.87 1211701665
-1139.02 -1557.28 1211701720
-796.869 -1510.4 1211701746
-206.53 -1569.56 1211701846
-199.439 -1597.47 1211701906
-200.325 -1598.58 1211701965
-201.212 -1597.47 1211702075
-202.098 -1598.58 1211702145
-203.871 -1596.35 1211702195
-203.871 -1596.35 1211702258
-206.53 -1595.23 1211702308
-208.303 -1574.03 1211702321
-161.324 -1278.22 1211702380
152.46 -1114.13 1211702439
133.846 -837.286 1211702500
87.753 -277.988 1211702565
63.8204 77.0346 1211702621
39.0014 403.044 1211702681
-4.43197 963.543 1211702741
-206.53 1744.06 1211702861
-317.329 2453.18 1211702923
-401.537 2956.86 1211702986
-485.744 3503.02 1211703056
-547.792 3915.17 1211703108
-434.333 3937.51 1211703161
-440.538 3948.68 1211703227
-440.538 3947.56 1211703238
-179.938 4095 1211703298
4.43197 4125.16 1211703365
-7.97755 4289.36 1211703425
3.54558 4336.28 1211703487
428.129 4348.57 1211703530
507.904 3876.07 1211703590
591.225 3386.86 1211703655
911.213 3246.13 1211703711
1025.56 2923.36 1211703781
1330.48 2962.45 1211703830
1387.21 3043.98 1211703882
1387.21 3045.09 1211703883
1386.32 3048.44 1211703891
1634.51 3223.79 1211703952
2089.23 3303.09 1211704012
2780.62 3478.44 1211704073
2702.62 4061.49 1211704134
2676.02 4206.7 1211704200
2665.39 4229.04 1211704255
2662.73 4229.04 1211704281
2659.18 4227.93 1211704288
2281.58 4471.44 1211704365
1707.2 4973.01 1211704411
1975.77 5078.02 1211704476
1969.57 5089.19 1211704524
2113.16 5010.99 1211704600
1863.2 4855.71 1211704644
2124.69 4598.78 1211704704
2214.21 4385.43 1211704764
2226.62 4359.74 1211704824
2227.51 4360.85 1211704897
2225.74 4364.2 1211704911
2298.42 3862.67 1211704971
2364.01 3477.33 1211705034
2418.08 3347.77 1211705092
2508.5 3047.33 1211705157
2507.61 3052.91 1211705184
2510.27 3051.79 1211705186
2511.16 3050.68 1211705192
2477.47 2869.75 1211705252
2381.74 2837.36 1211705312
2067.07 2628.52 1211705372
1899.54 2320.29 1211705437
1895.11 1844.56 1211705492
1521.94 1386.73 1211705548
1597.28 1000.39 1211705610
1550.3 560.471 1211705675
1549.42 556.005 1211705723
1549.42 556.005 1211705736
1549.42 554.889 1211705743
1552.96 557.122 1211705837
1550.3 568.287 1211705891
1560.05 554.889 1211705951
1548.53 551.539 1211706012
1542.33 543.723 1211706066
1419.12 619.647 1211706126
1392.53 1072.97 1211706191
1524.6 1067.38 1211706250
2227.51 1021.6 1211706306
3069.58 2010.95 1211706373
3918.75 2832.89 1211706427
4915.06 4005.64 1211706487
5872.36 5127.17 1211706537
6974.15 6109.2 1211706590
8356.93 6638.8 1211706648
9792 6894.68 1211706702
11222.6 7200.84 1211706750
12589.5 7731.64 1211706801
12269.5 9220.27 1211706853
11974.3 10749.4 1211706905
12079.8 12001.6 1211706965
12936 12200.6 1211707026
13685 12324.7 1211707092
14060.9 12386.2 1211707147
14551.9 12464.5 1211707219
14870.2 12292.3 1211707267
14895.9 11778 1211707327
15090 11624.8 1211707387
15618.3 11705.3 1211707447
16102.2 11798.1 1211707507
16162.5 11159.7 1211707567
16212.2 10516.9 1211707627
16238.7 10173.7 1211707690
16276 10087.7 1211707748
16276 10087.7 1211707808
16276.9 10089.9 1211707869
16274.2 10084.3 1211707929
16276.9 10091 1211707989
16277.7 10088.8 1211708050
16276.9 10088.8 1211708111
16277.7 10088.8 1211708171
16260 10057.5 1211708232
16198 9890.92 1211708292
15657.3 9074.97 1211708359
15804.4 8677.09 1211708413
15805.3 8673.74 1211708474
15804.4 8674.86 1211708528
15804.4 8674.86 1211708530
15803.5 8675.97 1211708590
15699.8 8758.68 1211708650
15670.6 9052.62 1211708710
15603.2 9163.27 1211708772
14921.6 7828.86 1211708827
13724 7503.67 1211708887
12601.9 7585.25 1211708931
11168.6 7233.25 1211708981
10327.4 7073.46 1211709041
8908.26 6732.66 1211709089
7488.26 6303.6 1211709137
6101.94 5395.29 1211709193
5125.13 4250.27 1211709240
4155.42 3106.52 1211709287
3622.69 3213.74 1211709346
3439.21 3078.6 1211709412
3420.6 3087.53 1211709466
3417.05 3090.88 1211709520
3448.96 3070.78 1211709586
3443.64 3079.72 1211709651
3450.73 3064.08 1211709705
3436.55 3079.72 1211709766
3424.14 3090.88 1211709821
3437.44 3076.37 1211709890
3427.69 3086.42 1211709946
3414.39 3086.42 1211709968
3125.43 2769.24 1211710026
2736.3 2404.04 1211710086
2135.32 1802.13 1211710147
1575.12 1493.93 1211710207
1591.08 1098.65 1211710268
1625.65 396.345 1211710332
1587.53 -157.416 1211710389
1584.87 -157.416 1211710449
1585.76 -157.416 1211710461
1453.69 152.953 1211710522
1516.62 416.442 1211710585
1769.24 570.52 1211710644
2580.29 703.386 1211710704
2565.23 808.341 1211710768
2563.45 840.721 1211710797
2574.98 694.454 1211710855
2475.7 901.015 1211710915
2795.69 1356.58 1211710976
2821.39 1664.78 1211711036
2697.3 2008.72 1211711080
2537.75 2173.99 1211711141
2268.28 2448.72 1211711201
2142.42 2973.61 1211711268
2055.55 3467.27 1211711322
2145.96 3801.24 1211711382
2094.55 4120.69 1211711443
2020.98 4663.57 1211711503
1975.77 4958.49 1211711563
2248.78 5107.06 1211711623
2248.78 5107.06 1211711632
1988.18 4880.29 1211711692
2231.94 4501.6 1211711752
2531.54 4244.68 1211711812
2582.07 4193.3 1211711844
2386.17 4080.48 1211711904
1745.31 3971.02 1211711964
1411.14 3922.99 1211712024
819.028 3787.83 1211712085
937.805 3041.74 1211712151
1048.6 2330.34 1211712194
1177.13 1569.86 1211712256
782.686 1388.97 1211712314
283.646 1308.57 1211712374
187.916 1298.52 1211712436
180.824 1298.52 1211712438
586.793 1459.31 1211712498
1084.06 1543.06 1211712561
1379.23 1133.26 1211712621
1770.13 1010.44 1211712680
2451.77 963.543 1211712742
2562.57 839.605 1211712782
2244.35 1035 1211712846
2021.87 1055.1 1211712902
1088.49 1070.73 1211712964
861.575 1064.03 1211713022
606.294 832.905 1211713083
592.111 788.243 1211713100
599.203 741.349 1211713126
522.973 1134.38 1211713185
266.805 1305.22 1211713247
134.732 1286.24 1211713289
134.732 1286.24 1211713291
103.708 1385.62 1211713348
272.123 1598.9 1211713404
271.237 1603.36 1211713419
270.35 1603.36 1211713479
273.009 1601.13 1211713539
285.419 1603.36 1211713599
285.419 1605.6 1211713622
406.855 1960.7 1211713683
1076.08 2071.25 1211713745
1223.22 2189.63 1211713803
1129.27 2769.24 1211713869
1642.49 3448.29 1211713984
1642.49 3448.29 1211714001
2062.64 3506.37 1211714049
2062.64 3506.37 1211714062
2310.83 3548.81 1211714109
2302.85 3530.94 1211714140
2309.94 3513.07 1211714152
2269.17 3260.65 1211714208
2306.4 3026.11 1211714270
2396.81 2667.61 1211714328
2604.23 2229.83 1211714388
2335.65 2005.37 1211714448
1870.29 1780.91 1211714508
1443.94 1923.85 1211714568
1029.1 1754.11 1211714628
287.192 1626.81 1211714688
-140.05 1550.88 1211714753
-137.391 1547.53 1211714813
-140.05 1546.41 1211714874
-140.05 1546.41 1211714898
-139.164 1546.41 1211714935
-138.278 1545.3 1211714995
-147.141 1554.23 1211715060
-140.05 1547.53 1211715116
-140.937 1546.41 1211715175
-143.596 1549.76 1211715241
-140.937 1543.06 1211715296
-157.778 1480.53 1211715396
-33.683 1476.06 1211715455
372.286 1537.48 1211715513
998.08 1633.51 1211715579
1079.63 1321.97 1211715635
2514.7 971.359 1211715689
2712.37 1583.26 1211715750
2881.67 1757.46 1211715810
3138.72 1872.48 1211715900
3403.75 2108.11 1211715956
3405.53 2102.52 1211715996
3407.3 2109.22 1211716058
3411.73 2119.27 1211716121
3413.5 2114.81 1211716145
3409.96 1547.53 1211716206
3720.2 591.734 1211716243
3807.06 -825.006 1211716303
3749.45 -999.151 1211716367
3578.37 -962.313 1211716423
3574.83 -961.197 1211716483
3572.17 -958.964 1211716551
3573.94 -958.964 1211716604
3574.83 -958.964 1211716669
3569.51 -954.499 1211716724
3569.51 -963.43 1211716789
