3625.35 -932.173 1211201228
3586.35 -994.686 1211201289
3571.28 -1108.55 1211201349
3573.94 -1121.94 1211201413
3835.43 -1067.25 1211201469
3410.85 -1953.53 1211201530
2990.69 -2519.41 1211201554
3044.76 -4047.21 1211201609
3550.01 -5469.84 1211201658
3808.84 -6940.19 1211201704
4079.19 -8452.66 1211201754
3862.02 -9996.07 1211201798
2830.26 -11097.7 1211201846
2572.32 -12568.2 1211201899
2823.17 -14089.6 1211201949
3138.72 -15547.3 1211202001
3971.93 -16184.6 1211202061
4322.95 -16153.4 1211202127
4401.83 -16046.5 1211202185
4401.83 -16047.6 1211202246
4401.83 -16046.5 1211202301
4394.74 -16055.4 1211202361
4399.18 -16048.7 1211202421
4403.61 -16048.7 1211202481
4402.72 -16047.6 1211202541
4402.72 -16043.1 1211202601
4400.95 -16045.4 1211202675
4401.83 -16046.5 1211202721
4402.72 -16046.5 1211202781
4404.49 -16047.6 1211202842
4400.95 -16047.6 1211202903
4400.95 -16047.6 1211202968
4400.95 -16047.6 1211203024
4401.83 -16046.5 1211203085
4402.72 -16046.5 1211203145
4403.61 -16046.5 1211203206
4402.72 -16046.5 1211203326
4402.72 -16045.4 1211203391
4402.72 -16045.4 1211203446
4402.72 -16046.5 1211203506
4404.49 -16045.4 1211203576
4404.49 -16047.6 1211203587
4404.49 -16050.9 1211203648
4404.49 -16049.8 1211203709
4400.06 -16045.4 1211203769
4396.52 -16043.1 1211203830
4397.4 -16044.3 1211203890
4398.29 -16045.4 1211203950
4400.95 -16046.5 1211204010
4402.72 -16047.6 1211204071
4401.83 -16046.5 1211204141
4399.18 -16044.3 1211204206
4401.83 -16045.4 1211204251
4406.27 -16048.7 1211204311
4405.38 -16049.8 1211204372
4404.49 -16048.7 1211204432
4402.72 -16045.4 1211204498
4406.27 -16048.7 1211204554
4400.95 -16050.9 1211204615
4403.61 -16047.6 1211204675
4404.49 -16046.5 1211204724
4404.49 -16046.5 1211204785
4402.72 -16045.4 1211204845
4404.49 -16047.6 1211204909
4404.49 -16047.6 1211204970
4405.38 -16047.6 1211205026
4405.38 -16047.6 1211205087
4403.61 -16048.7 1211205147
4403.61 -16048.7 1211205207
4403.61 -16047.6 1211205273
4405.38 -16050.9 1211205329
4402.72 -16048.7 1211205387
4403.61 -16049.8 1211205418
4402.72 -16048.7 1211205478
4401.83 -16045.4 1211205539
4402.72 -16046.5 1211205599
4404.49 -16047.6 1211205659
4401.83 -16044.3 1211205683
4399.18 -16052.1 1211205743
4400.95 -16050.9 1211205803
4401.83 -16047.6 1211205870
4401.83 -16046.5 1211205925
4402.72 -16047.6 1211205985
4401.83 -16045.4 1211206049
4401.83 -16047.6 1211206106
4400.06 -16040.9 1211206171
4400.06 -16043.1 1211206226
4400.95 -16045.4 1211206287
4398.29 -16049.8 1211206347
4396.52 -16047.6 1211206418
4399.18 -16046.5 1211206468
4401.83 -16046.5 1211206528
4401.83 -16046.5 1211206648
4402.72 -16046.5 1211206709
4400.95 -16046.5 1211206770
4405.38 -16039.8 1211206830
4405.38 -16039.8 1211206875
4402.72 -16039.8 1211206935
4404.49 -16042 1211206995
4403.61 -16043.1 1211207055
4401.83 -16045.4 1211207115
4401.83 -16044.3 1211207175
4400.95 -16037.6 1211207235
4404.49 -16049.8 1211207296
4402.72 -16046.5 1211207356
4401.83 -16037.6 1211207417
4402.72 -16044.3 1211207477
4401.83 -16048.7 1211207539
4401.83 -16050.9 1211207599
4411.59 -16016.4 1211207660
