3449.85 3843.68 1211766050
3409.07 3748.74 1211766110
3269.91 3704.06 1211766171
2969.42 3526.47 1211766232
3086.43 3327.66 1211766292
3007.54 3136.68 1211766352
3005.76 3136.68 1211766389
2903.83 2834.01 1211766449
2714.14 2650.85 1211766516
2268.28 2203.03 1211766569
2043.14 1980.8 1211766638
1749.74 1903.75 1211766689
1140.79 1866.9 1211766751
1044.17 1746.3 1211766821
850.939 1718.38 1211766872
136.505 1602.25 1211766933
-631.113 1474.95 1211766993
-888.167 1319.74 1211767055
-862.462 1152.25 1211767115
-1005.17 1105.35 1211767176
-1005.17 1106.47 1211767194
-1281.73 1056.22 1211767254
-1397.84 1037.24 1211767314
-1505.1 1016.02 1211767384
-1262.23 1058.45 1211767435
-1031.76 1095.3 1211767495
-866.007 1214.77 1211767555
-897.918 1411.3 1211767615
-942.237 1696.05 1211767675
-999.853 2029.94 1211767735
-1045.95 2407.39 1211767795
-1027.33 2481.1 1211767846
-528.291 2888.74 1211767906
168.415 2999.3 1211767976
195.007 3038.39 1211767993
192.348 3067.43 1211768055
163.983 3214.86 1211768115
130.3 3413.66 1211768150
-44.3197 3586.79 1211768243
-249.077 3552.16 1211768271
-398.877 3530.94 1211768301
-441.424 3237.19 1211768379
-390.014 2926.71 1211768439
64.7068 2979.2 1211768504
834.097 3100.94 1211768560
978.579 2837.36 1211768620
1065.45 2248.82 1211768680
1162.95 1672.6 1211768740
1382.78 1031.65 1211768800
1425.32 447.704 1211768861
1469.64 -132.855 1211768930
1493.57 -473.356 1211768979
1494.46 -476.705 1211768981
1512.19 -703.326 1211769043
1310.98 -553.735 1211769102
1281.73 -193.142 1211769173
1264 63.6372 1211769222
1256.02 160.769 1211769243
1439.5 327.123 1211769303
1412.03 700.037 1211769363
1435.96 1254.97 1211769423
1705.42 1630.16 1211769484
2094.55 2013.19 1211769544
2438.47 2362.72 1211769604
2716.8 2717.86 1211769664
2764.66 2736.85 1211769724
2967.65 2905.49 1211769784
2962.33 2941.23 1211769810
2962.33 2941.23 1211769812
2902.94 2990.37 1211769883
2906.49 2987.02 1211769937
2777.96 3508.6 1211769998
2718.57 3944.21 1211770053
2546.61 4218.99 1211770118
2444.68 4296.06 1211770178
2515.59 4251.38 1211770222
2515.59 4251.38 1211770224
2515.59 4251.38 1211770226
2669.82 4118.46 1211770286
2696.41 4101.7 1211770346
2970.31 3876.07 1211770406
3216.73 3895.06 1211770454
3431.23 3936.39 1211770515
3470.23 3819.11 1211770569
3470.23 3819.11 1211770576
3523.42 3756.56 1211770631
3737.04 3715.23 1211770694
3823.02 3614.71 1211770753
3789.34 3384.62 1211770814
3667.01 3638.16 1211770873
3791.11 3719.7 1211770939
3781.36 3823.58 1211770974
3397.55 4336.28 1211771034
3440.98 4236.86 1211771094
3540.26 4093.89 1211771142
3306.25 4015.7 1211771196
2873.69 3930.81 1211771258
2913.58 3747.62 1211771317
2957.01 3428.18 1211771377
2582.95 3266.23 1211771442
2265.62 3209.27 1211771498
2253.21 3148.96 1211771562
2288.67 2865.28 1211771618
2286.01 2859.7 1211771635
2307.28 2765.88 1211771695
2384.4 2645.27 1211771722
2332.99 2800.51 1211771783
2202.69 2767 1211771843
2263.85 2894.32 1211771905
2571.43 2924.47 1211771963
2816.08 3022.76 1211772023
2952.58 3233.84 1211772089
3015.51 3164.6 1211772144
3019.06 3150.08 1211772209
3335.5 3261.77 1211772269
3528.74 3446.05 1211772326
3737.04 3749.86 1211772385
3811.5 3750.98 1211772446
3783.13 3826.93 1211772506
3383.37 4369.79 1211772566
3370.07 4384.31 1211772604
3360.32 4396.6 1211772606
3017.29 4879.17 1211772667
3003.1 4903.75 1211772730
3003.1 4903.75 1211772743
2878.12 5009.87 1211772803
2948.15 4933.91 1211772891
3155.56 4647.94 1211772952
3211.41 4575.33 1211773018
3330.18 4402.18 1211773072
3420.6 4277.08 1211773132
3476.44 4196.65 1211773192
3533.17 4124.04 1211773252
3784.9 3790.07 1211773312
4105.78 3343.3 1211773372
4197.08 2552.58 1211773432
3988.77 2276.73 1211773494
3841.63 2115.92 1211773524
3842.52 2114.81 1211773526
3939.14 2201.91 1211773586
3882.41 2439.78 1211773646
3668.79 2622.93 1211773706
3442.76 2867.52 1211773766
3440.1 2858.58 1211773826
3426.8 2859.7 1211773886
3388.69 2875.33 1211773947
3149.36 2791.57 1211774000
3064.27 2714.51 1211774060
2725.66 2431.96 1211774120
2529.77 2194.1 1211774180
2120.26 1785.38 1211774240
1734.67 1913.8 1211774301
1400.5 1622.35 1211774361
1366.82 1588.85 1211774423
1043.29 1271.72 1211774483
751.662 980.291 1211774546
343.921 573.869 1211774604
292.51 532.558 1211774624
275.669 515.811 1211774646
226.917 502.413 1211774732
210.962 679.939 1211774797
207.416 679.939 1211774840
383.809 828.439 1211774895
600.975 848.537 1211774955
600.975 848.537 1211774969
1055.7 1273.96 1211775020
1205.5 1426.93 1211775080
1289.7 1767.51 1211775136
1193.09 2360.49 1211775196
1082.29 3066.31 1211775261
977.693 3749.86 1211775316
691.388 3911.82 1211775361
507.018 3893.95 1211775421
513.222 3889.48 1211775441
436.106 4191.07 1211775560
387.354 4185.48 1211775570
329.739 4182.13 1211775626
147.141 4241.33 1211775696
-13.2959 4444.63 1211775747
-513.222 4363.09 1211775807
-604.521 4557.45 1211775873
-604.521 4557.45 1211775942
-514.109 4571.97 1211775994
-450.288 4232.39 1211776054
-381.15 3811.29 1211776109
-312.897 3377.92 1211776169
-272.123 3126.62 1211776229
-18.6143 2966.91 1211776289
718.866 3083.07 1211776350
910.327 3016.06 1211776409
1026.44 2494.5 1211776469
1131.04 1847.91 1211776530
1153.2 1377.8 1211776591
1182.45 909.948 1211776651
1088.49 528.092 1211776711
1043.29 529.209 1211776748
1042.4 530.325 1211776761
1033.54 362.85 1211776816
1232.97 169.7 1211776871
1227.66 489.015 1211776932
1234.75 529.209 1211776948
1576.01 558.238 1211777009
1625.65 253.435 1211777069
1689.47 -475.589 1211777129
1715.17 -818.308 1211777190
1899.54 -858.496 1211777250
2092.78 -842.867 1211777311
2244.35 -650.858 1211777371
2257.65 -664.254 1211777410
2066.19 -841.751 1211777470
1929.68 -846.216 1211777514
1825.97 -860.729 1211777540
1525.48 -893.102 1211777596
1551.19 -1229.11 1211777633
1551.19 -1230.22 1211777635
1356.18 -1159.9 1211777693
1351.75 -1154.32 1211777722
1352.64 -1152.08 1211777733
1353.52 -1150.97 1211777794
1343.77 -1152.08 1211777829
1343.77 -1152.08 1211777837
1353.52 -1143.15 1211777890
1352.64 -1143.15 1211777916
1326.93 -793.749 1211777975
1291.48 -368.416 1211778035
1266.66 -53.5889 1211778091
1253.36 158.536 1211778156
1225 520.277 1211778211
1209.04 731.3 1211778271
1185.11 1041.7 1211778331
1168.27 1387.85 1211778391
1309.2 1635.75 1211778451
1285.27 1759.7 1211778516
1296.8 1774.21 1211778537
1296.8 1774.21 1211778538
1273.75 1865.78 1211778599
1125.72 1901.52 1211778658
1170.93 1448.15 1211778742
1127.49 1443.68 1211778803
1123.95 1440.33 1211778887
1117.74 1438.1 1211778947
1116.86 1440.33 1211779000
1109.77 1457.08 1211779053
1057.47 1497.28 1211779114
1146.11 1660.31 1211779174
1247.16 2073.49 1211779235
1199.29 2363.84 1211779256
1102.67 2953.51 1211779316
1074.31 3201.45 1211779386
1314.52 3466.16 1211779441
1301.23 3595.72 1211779497
1301.23 3595.72 1211779500
1301.23 3595.72 1211779520
1265.77 3797.89 1211779544
1209.04 4144.15 1211779604
1165.61 4300.53 1211779638
1162.95 4302.77 1211779640
1053.92 4300.53 1211779700
754.322 4248.03 1211779760
487.517 4206.7 1211779825
288.965 4245.8 1211779880
7.09116 4235.75 1211779940
6.20476 4236.86 1211779960
-26.5918 4407.77 1211780011
-47.8653 4522.82 1211780081
-184.37 4521.71 1211780131
-185.256 4521.71 1211780147
-176.392 4417.82 1211780207
-136.505 4151.97 1211780265
-66.4796 3705.18 1211780326
7.09116 3251.71 1211780402
-400.65 3021.64 1211780450
-403.309 3022.76 1211780467
-403.309 3022.76 1211780492
-413.06 3103.17 1211780494
-374.945 3124.39 1211780523
-866.894 3157.9 1211780603
-1310.98 3087.53 1211780663
-1416.46 3069.66 1211780729
-1512.19 3051.79 1211780750
-1573.35 2944.58 1211780810
-1435.96 2952.39 1211780870
-974.147 2931.17 1211780929
-767.618 2841.83 1211780985
90.4122 2978.08 1211781054
880.19 3121.04 1211781105
1333.14 3176.88 1211781165
1915.5 3272.93 1211781225
2247.01 3171.3 1211781285
2287.78 3126.62 1211781345
2281.58 3077.48 1211781406
2312.6 3036.16 1211781466
2098.98 2945.69 1211781527
2075.05 2953.51 1211781539
1854.34 2950.16 1211781601
1959.82 3052.91 1211781636
2179.64 3105.4 1211781697
2418.08 3131.09 1211781757
2421.63 3167.95 1211781969
2313.49 3046.21 1211782029
2284.24 2911.07 1211782090
2285.12 2725.68 1211782150
2098.1 2325.87 1211782211
1902.2 2123.74 1211782271
1636.28 1862.43 1211782334
1386.32 1612.3 1211782392
1251.59 1478.3 1211782453
1162.95 1390.08 1211782513
1190.43 917.764 1211782573
1190.43 917.764 1211782586
1215.25 544.84 1211782633
1215.25 544.84 1211782642
1225 433.189 1211782702
1244.5 200.961 1211782763
1257.79 -2.23288 1211782797
1473.19 -215.47 1211782857
1483.82 -381.813 1211782889
1412.91 -530.291 1211782949
1267.54 -71.4517 1211783009
1254.25 175.283 1211783070
1223.22 578.335 1211783134
1197.52 897.666 1211783190
1197.52 1418 1211783251
1300.34 1712.8 1211783311
1196.63 2357.14 1211783372
1082.29 3116.57 1211783432
901.463 3219.32 1211783493
457.38 3253.95 1211783554
416.605 3489.61 1211783625
425.469 3494.08 1211783628
129.414 3501.9 1211783688
-93.9578 3581.2 1211783749
-94.8442 3582.32 1211783809
-59.3884 3581.2 1211783871
125.868 3418.13 1211783930
129.414 3399.14 1211783936
149.801 3318.73 1211783996
96.617 3089.77 1211784034
-415.719 3009.35 1211784092
-1059.24 2789.34 1211784152
-1021.13 2513.49 1211784212
-1016.69 2086.89 1211784272
-959.965 1763.05 1211784333
-1030.88 1414.65 1211784393
-1670.85 1243.81 1211784453
-2052 788.243 1211784517
-2605.11 653.142 1211784573
-3230.91 616.297 1211784639
-3477.33 305.91 1211784700
-3477.33 305.91 1211784713
-3457.82 78.151 1211784755
-3458.71 79.2675 1211784768
-3470.23 219.941 1211784823
-3202.54 407.51 1211784883
-2825.83 430.956 1211784943
-2729.21 434.306 1211784972
-2731.87 234.455 1211785031
-3254.84 200.961 1211785091
-3667.9 365.083 1211785147
-2635.25 644.21 1211785269
-1858.77 854.12 1211785328
-1474.07 1244.92 1211785388
-1006.94 1320.85 1211785449
-931.601 1621.23 1211785514
-1001.63 2032.17 1211785571
-1053.92 2379.48 1211785641
-1044.17 2775.94 1211785694
-220.712 2935.64 1211785757
514.109 3052.91 1211785813
1251.59 3172.42 1211785875
1731.13 3265.12 1211785933
1738.22 3334.36 1211785978
1738.22 3334.36 1211785979
1488.26 3324.31 1211786039
1334.91 3383.51 1211786073
1304.77 3564.45 1211786133
1253.36 3883.89 1211786197
1211.7 4134.1 1211786253
1049.49 4288.25 1211786297
682.524 4235.75 1211786374
335.057 4179.9 1211786418
334.171 4181.01 1211786420
353.671 3864.9 1211786481
428.129 3441.59 1211786542
337.716 3134.44 1211786601
-346.58 3021.64 1211786662
-994.535 2899.9 1211786726
-1388.09 2443.13 1211786781
-1388.09 2443.13 1211786795
-2180.53 2359.37 1211786843
-2227.51 2364.96 1211786870
-2227.51 2361.61 1211786906
-2222.19 2361.61 1211786991
-2223.08 2361.61 1211787040
-2223.08 2361.61 1211787042
-2228.4 2360.49 1211787085
-2228.4 2359.37 1211787101
-2082.14 2350.44 1211787166
-1347.32 2436.43 1211787222
-1053.04 2320.29 1211787281
-959.079 1755.23 1211787356
-753.435 1351 1211787409
-249.077 1440.33 1211787463
414.833 1546.41 1211787524
999.853 1641.33 1211787584
1058.35 1410.18 1211787645
2138.87 1030.54 1211787711
2587.39 69.2195 1211787765
2778.85 -1387.62 1211787826
2312.6 -2806.24 1211787884
880.19 -3185.7 1211787946
-549.565 -3453.53 1211788001
-1101.79 -4337.33 1211788061
-685.183 -4629.68 1211788113
-486.631 -4862.88 1211788173
-62.934 -5121.73 1211788234
203.871 -5272.36 1211788294
219.826 -5467.61 1211788334
218.053 -5467.61 1211788345
218.939 -5470.95 1211788399
249.077 -5439.71 1211788430
304.92 -5342.65 1211788497
-31.0238 -5157.44 1211788558
-14.1823 -5160.78 1211788618
-12.4095 -5155.21 1211788678
-5.31837 -5161.9 1211788738
-31.9102 -5149.63 1211788799
-101.049 -5088.26 1211788860
-175.506 -5044.75 1211788881
-277.441 -4552.69 1211788951
-29.251 -4144.29 1211789002
293.397 -4321.71 1211789062
633.772 -4475.69 1211789122
632.886 -4477.93 1211789144
635.545 -4480.16 1211789158
360.763 -4362.99 1211789218
-10.6367 -4136.48 1211789278
141.823 -3836.3 1211789338
134.732 -3849.69 1211789346
-136.505 -4307.2 1211789407
-237.554 -4713.36 1211789466
-204.757 -4734.56 1211789481
-201.212 -4739.03 1211789502
-204.757 -4435.52 1211789562
66.4796 -3986.95 1211789623
270.35 -3653.29 1211789674
287.192 -3642.13 1211789695
713.548 -3526.07 1211789751
1328.71 -3484.78 1211789811
1966.02 -3385.46 1211789871
2610.43 -3114.27 1211789931
2793.92 -3492.59 1211789991
2796.57 -3502.63 1211789996
2764.66 -3383.23 1211790056
2713.25 -3065.17 1211790116
2691.98 -2907.81 1211790177
2606.89 -2080.78 1211790237
2830.26 -1552.82 1211790302
2846.21 -1437.85 1211790319
2871.03 -1214.59 1211790342
