3553.56 -16271.6 1211987013
2660.96 -13327.2 1211987067
4188.21 -9257.86 1211987229
3869.11 -7198.98 1211987313
3605.85 -5718.63 1211987344
3138.72 -4287.12 1211987397
3418.82 -1940.14 1211987529
3858.47 -474.473 1211987605
3567.74 797.176 1211987647
3403.75 980.291 1211987713
3354.12 1224.82 1211987772
3344.37 1334.25 1211987843
3444.53 1546.41 1211987897
3823.02 1951.77 1211988012
4237.85 3198.1 1211988248
4086.28 3406.96 1211988324
3729.06 3899.53 1211988444
3729.06 3900.65 1211988476
3728.18 3900.65 1211988552
3726.4 3901.76 1211988619
3726.4 3900.65 1211988624
3723.74 3904 1211988680
3677.65 3880.54 1211988745
3936.48 3614.71 1211988800
4131.48 3326.55 1211988865
