3639.54 -944.452 1212337312
3634.22 -946.685 1212337396
3578.37 -1136.46 1212337456
3027.04 -1194.5 1212337516
2402.13 -1318.41 1212337576
2018.32 -1323.99 1212337636
1562.71 -1316.17 1212337696
1543.21 -1071.71 1212337757
1498.89 -504.615 1212337821
1469.64 3.34932 1212337877
1474.96 5.58219 1212337897
1682.38 -401.908 1212337961
1721.38 -856.263 1212338018
1926.14 -1032.64 1212338078
2184.96 -1008.08 1212338132
2185.85 -1009.2 1212338134
2123.8 -837.286 1212338194
1809.13 -862.961 1212338255
1560.94 -873.008 1212338315
1521.94 -714.489 1212338375
1490.92 -359.485 1212338436
1451.91 141.789 1212338498
1429.75 418.675 1212338562
1410.25 693.337 1212338622
1229.43 724.6 1212338679
1227.66 386.297 1212338734
1211.7 170.817 1212338794
715.32 136.207 1212338855
256.168 102.713 1212338915
54.0701 221.058 1212338976
355.444 577.219 1212339030
576.156 788.243 1212339090
691.388 924.463 1212339150
218.939 819.507 1212339278
-25.7054 1040.59 1212339337
-113.458 1233.76 1212339399
-200.325 1562.05 1212339460
-583.248 1486.11 1212339520
-1301.23 1381.15 1212339580
-1661.99 1506.21 1212339642
-2020.98 1771.98 1212339702
-2019.21 1843.45 1212339729
-2036.93 2120.39 1212339785
-2110.51 2358.26 1212339815
-2542.18 2513.49 1212339875
-2581.18 2781.52 1212340001
-2581.18 2778.17 1212340053
-2458.86 2784.87 1212340104
-1675.29 2911.07 1212340164
-1012.26 3023.87 1212340231
-569.952 3090.88 1212340286
-474.221 3433.77 1212340347
-528.291 3795.65 1212340407
-319.988 3855.97 1212340451
-319.988 3855.97 1212340452
-243.758 3909.58 1212340512
-139.164 4174.31 1212340569
-170.188 4389.9 1212340629
-140.937 4528.41 1212340689
-41.6605 4494.9 1212340749
471.562 4508.3 1212340809
704.684 4546.28 1212340845
1010.49 4401.07 1212340910
877.53 4264.79 1212340965
920.964 4160.91 1212341030
1187.77 4298.3 1212341086
1566.26 4383.19 1212341147
2030.73 4451.33 1212341210
2255.87 4483.73 1212341266
2453.54 4312.82 1212341326
2597.14 4186.6 1212341387
2737.19 4072.66 1212341448
2915.35 3790.07 1212341511
2949.03 3653.8 1212341568
3019.06 3677.26 1212341589
2972.97 4087.18 1212341682
2815.19 4364.2 1212341742
2808.98 4350.8 1212341803
2808.98 4354.15 1212341888
2808.98 4355.27 1212341948
2803.67 4353.03 1212342008
2806.32 4349.68 1212342068
2804.55 4357.5 1212342128
2802.78 4351.92 1212342189
2802.78 4350.8 1212342254
2805.44 4355.27 1212342286
2939.28 4443.51 1212342346
2850.64 4992 1212342407
2553.7 5259 1212342468
2410.99 5256.76 1212342528
1872.07 5172.98 1212342593
1744.42 5152.87 1212342649
1744.42 5152.87 1212342709
1742.65 5157.34 1212342750
1743.54 5153.98 1212342810
1750.63 5159.57 1212342910
1739.99 5155.1 1212342970
1655.78 5143.93 1212343030
1165.61 5060.15 1212343090
1084.06 4954.02 1212343151
1084.06 4954.02 1212343160
1091.15 4910.45 1212343170
1168.27 4428.99 1212343231
1220.57 4069.31 1212343291
1220.57 4068.2 1212343316
1113.31 3983.3 1212343376
814.596 3940.86 1212343436
421.924 3873.84 1212343496
93.0714 3677.26 1212343556
94.8442 3637.05 1212343606
94.8442 3637.05 1212343616
126.754 3441.59 1212343672
156.892 3221.56 1212343732
186.143 3211.51 1212343755
712.661 3304.21 1212343815
1008.72 3341.06 1212343875
1232.09 3381.27 1212343935
1364.16 3116.57 1212343995
1675.29 3019.41 1212344061
1944.75 3060.73 1212344116
2408.33 3133.33 1212344180
2442.02 3115.46 1212344246
2425.18 3107.64 1212344301
2433.15 3099.82 1212344356
2436.7 3093.12 1212344416
2442.02 3100.94 1212344476
2446.45 3099.82 1212344536
2394.15 3121.04 1212344596
2410.99 3109.87 1212344656
2457.09 3089.77 1212344717
2443.79 3074.13 1212344778
2410.11 3078.6 1212344810
2481.02 2915.54 1212344871
2609.55 2850.76 1212344931
2762.89 2723.45 1212344960
2988.92 2917.77 1212345020
3352.34 3246.13 1212345080
3783.13 3711.88 1212345140
3932.05 3634.81 1212345200
4230.76 3085.3 1212345260
4209.49 2736.85 1212345320
4206.83 2716.74 1212345344
4206.83 2716.74 1212345346
4206.83 2667.61 1212345375
4004.73 2296.84 1212345435
3978.14 2531.36 1212345496
3987.89 2522.42 1212345555
3990.55 2523.54 1212345616
3997.64 2542.52 1212345628
4177.58 2737.96 1212345688
4205.06 2668.72 1212345748
4095.14 2246.58 1212345808
3974.59 2112.57 1212345868
3534.94 1660.31 1212345928
3805.29 318.191 1212345988
3816.81 -1220.18 1212346036
3020.83 -2487.05 1212346081
3013.74 -3938.96 1212346135
3518.1 -5347.11 1212346179
3786.68 -6824.18 1212346220
4053.48 -8311.02 1212346264
3993.21 -9785.32 1212346307
3028.81 -10926 1212346354
2568.77 -12354.1 1212346395
2793.92 -13840 1212346450
3067.81 -15297.7 1212346514
3777.81 -16254.8 1212346559
4535.68 -16104.4 1212346624
4326.49 -15876 1212346679
4325.6 -15870.4 1212346697
4326.49 -15870.4 1212346704
4322.06 -15876 1212346789
4149.21 -16069.9 1212346845
3161.77 -16167.9 1212346906
4399.18 -16036.5 1212346970
4392.97 -16019.7 1212347026
4392.97 -16020.9 1212347087
4389.43 -16026.4 1212347151
4390.31 -16024.2 1212347207
4390.31 -16024.2 1212347268
4389.43 -16024.2 1212347332
4388.54 -16025.3 1212347388
4389.43 -16024.2 1212347453
4389.43 -16024.2 1212347509
4391.2 -16027.5 1212347574
4391.2 -16025.3 1212347629
4391.2 -16026.4 1212347688
4393.86 -16032 1212347753
4392.08 -16027.5 1212347816
4392.97 -16032 1212347871
4391.2 -16030.9 1212347940
4387.65 -16018.6 1212347991
4389.43 -16018.6 1212348052
4392.97 -16020.9 1212348112
4391.2 -16022 1212348178
4393.86 -16025.3 1212348232
4394.74 -16026.4 1212348292
