3745.02 -10181.2 1211471130
3843.41 -7062.89 1211471182
2793.03 -3288.37 1211471333
2676.91 -3018.29 1211471393
2580.29 -2814.06 1211471456
2453.54 -2451.33 1211471520
2546.61 -1981.44 1211471586
2726.55 -1637.65 1211471634
2839.12 -1193.39 1211471700
2726.55 495.714 1211471880
2394.15 1176.81 1211471937
2177.87 1469.36 1211472007
2061.75 1585.5 1211472062
1926.14 1722.85 1211472117
1689.47 2066.79 1211472175
1521.05 2225.36 1211472247
1505.1 2425.26 1211472298
1507.76 2415.21 1211472333
1512.19 2409.63 1211472402
1512.19 2411.86 1211472404
1619.44 2485.57 1211472465
1528.14 2459.88 1211472525
1515.73 2256.63 1211472590
1667.31 2063.44 1211472644
1835.72 2084.66 1211472705
1862.31 2057.85 1211472764
2009.46 1922.73 1211472792
2384.4 1544.18 1211472856
2798.35 1120.98 1211472974
2825.83 868.635 1211473078
2833.8 740.232 1211473100
2836.46 673.24 1211473111
2870.15 368.433 1211473173
3360.32 405.277 1211473232
