4375.24 -15887.1 1212693538
4150.1 -16077.7 1212693583
3117.45 -15313.3 1212693653
2819.62 -13780.9 1212693712
2570.54 -12288.4 1212693756
3107.7 -10873.6 1212693799
4057.91 -9697.22 1212693844
4042.85 -8145.95 1212693896
3772.49 -6657.96 1212693939
3436.55 -5175.29 1212693983
2960.56 -3722.48 1212694024
2455.31 -2277.22 1212694071
2908.26 -871.892 1212694118
2724.78 356.152 1212694178
2803.67 1821.11 1212694238
3421.48 2257.75 1212694313
3399.32 2487.8 1212694362
3124.54 2756.95 1212694420
3074.02 2732.38 1212694431
2947.26 2611.77 1212694451
2796.57 2473.28 1212694512
2742.5 2401.81 1212694595
2851.53 2263.33 1212694655
3028.81 2085.77 1212694715
3093.52 1651.38 1212694787
3404.64 940.095 1212694836
3845.18 -483.403 1212694895
3427.69 -1936.79 1212694926
2852.42 -3369.83 1212694976
3089.97 -4178.88 1212695005
3707.79 -6374.61 1212695071
3970.16 -7832.53 1212695110
4166.94 -9353.76 1212695151
3349.68 -10652.8 1212695210
2526.22 -11891.5 1212695257
2652.09 -13420.9 1212695304
2887.87 -14458.5 1212695327
3229.13 -15900.5 1212695381
4217.46 -16113.3 1212695440
