3573.06 -1040.45 1212364112
2395.92 -1298.31 1212364251
2356.04 -829.472 1212364310
2075.05 -839.519 1212364371
1939.43 -842.867 1212364436
1552.96 -880.822 1212364491
1517.51 -730.118 1212364551
1496.23 -373.998 1212364611
1559.17 -340.507 1212364635
1839.27 -322.644 1212364696
1892.45 -590.575 1212364756
1938.54 -1183.34 1212364817
1958.05 -1431.15 1212364878
2225.74 -1878.75 1212364938
1885.36 -2057.34 1212364998
1760.38 -2360.93 1212365058
1584.87 -2338.6 1212365118
1584.87 -2337.49 1212365183
1584.87 -2331.91 1212365239
1526.37 -2328.56 1212365258
1203.72 -2016.04 1212365314
1453.69 -1524.91 1212365374
1539.67 -1360.83 1212365413
1535.24 -894.218 1212365473
1536.12 -898.683 1212365524
1640.72 -1053.85 1212365584
1942.98 -1332.92 1212365647
2546.61 -1286.04 1212365705
2437.58 -2251.55 1212365766
1552.96 -3137.71 1212365827
68.2524 -3196.86 1212365880
-1096.47 -4140.94 1212365939
-1008.72 -4386.43 1212365997
-642.636 -4670.96 1212366056
-530.95 -4783.66 1212366127
-138.278 -5081.57 1212366181
-12.4095 -5350.46 1212366226
-9.75034 -5358.27 1212366228
-8.86394 -5361.61 1212366288
-8.86394 -5361.61 1212366348
-8.86394 -5361.61 1212366408
-47.8653 -5225.5 1212366479
-421.924 -4908.62 1212366533
-375.831 -4715.59 1212366555
-218.053 -4461.19 1212366596
-221.599 -4461.19 1212366688
-108.14 -4265.92 1212366748
-191.461 -4066.18 1212366803
-781.8 -4148.75 1212366868
-1334.02 -4140.94 1212366918
-1647.81 -4089.61 1212366981
-2028.07 -3988.06 1212367043
-2342.74 -3894.33 1212367100
-2357.81 -4043.86 1212367169
-2347.17 -4469 1212367221
-2348.95 -4451.15 1212367239
-2184.08 -4070.64 1212367300
-2047.57 -3989.18 1212367360
-1500.67 -4136.48 1212367424
-990.989 -3998.11 1212367480
213.621 -3160.03 1212367543
1701.88 -3151.1 1212367569
2586.5 -1932.33 1212367623
2877.24 -445.447 1212367682
2599.79 944.561 1212367732
1217.91 1146.66 1212367792
1026.44 1646.91 1212367852
1011.38 1731.78 1212367913
527.405 1946.18 1212367977
473.335 2286.78 1212368033
405.969 2722.33 1212368093
435.22 2825.08 1212368126
436.106 2825.08 1212368128
957.306 2841.83 1212368188
1095.58 2138.26 1212368248
1178.02 1549.76 1212368308
1374.8 1143.31 1212368369
1516.62 980.291 1212368428
2426.95 971.359 1212368488
2618.41 -98.246 1212368548
2741.62 -1239.15 1212368609
2543.07 -2199.09 1212368670
1937.66 -2368.74 1212368731
1646.03 -2347.53 1212368793
1584.87 -2335.26 1212368853
1498.89 -2357.58 1212368913
1616.78 -2345.3 1212368974
1613.24 -2338.6 1212369034
1612.35 -2338.6 1212369070
1644.26 -2345.3 1212369131
2138.87 -2266.06 1212369191
2504.95 -2295.08 1212369251
2530.66 -2327.44 1212369312
2450.88 -2677.9 1212369372
2886.1 -3569.59 1212369432
3314.23 -5007.93 1212369479
3717.54 -6453.82 1212369528
3984.34 -7938.49 1212369584
4139.46 -9426.25 1212369632
3333.73 -10661.7 1212369679
2534.2 -11930.5 1212369731
2655.64 -13426.4 1212369791
2943.72 -14892 1212369829
3410.85 -16309.4 1212369884
4395.63 -16194.7 1212369945
4375.24 -15857.1 1212370005
4282.17 -15897.2 1212370034
4282.17 -15897.2 1212370037
4232.53 -15970.7 1212370097
3292.96 -15900.5 1212370157
2942.83 -14458.5 1212370201
2617.52 -12969.4 1212370245
2654.75 -11419.9 1212370298
3636.88 -10304.9 1212370340
4169.6 -8900.99 1212370390
3909 -7428.76 1212370436
3645.74 -5940.65 1212370482
3184.82 -4511.4 1212370528
2724.78 -3064.05 1212370579
1449.25 -3142.17 1212370625
-7.09116 -3186.81 1212370681
80.6619 -3105.34 1212370712
134.732 -2990.39 1212370744
466.243 -2994.86 1212370795
989.216 -2710.26 1212370850
1039.74 -2360.93 1212370910
1175.36 -2051.76 1212370950
1392.53 -1645.46 1212371005
1553.85 -1229.11 1212371065
1524.6 -829.472 1212371125
1524.6 -826.123 1212371132
1548.53 -344.972 1212371192
1574.24 -216.586 1212371217
1574.24 -216.586 1212371232
1457.23 -13.3972 1212371272
1453.69 245.62 1212371333
1236.52 371.782 1212371393
1227.66 505.762 1212371438
1209.04 745.815 1212371499
1191.31 982.525 1212371564
1178.02 1168.99 1212371619
1203.72 1425.82 1212371679
1305.66 1687.11 1212371739
1225.88 2170.64 1212371804
1107.99 2882.03 1212371864
1365.05 3188.05 1212371924
1771.02 3351.12 1212371979
1763.04 3450.52 1212372041
1726.7 3463.92 1212372100
1219.68 3384.62 1212372160
1061.01 3365.64 1212372221
1045.95 3365.64 1212372227
974.147 3740.92 1212372299
796.869 4252.5 1212372348
519.427 4312.82 1212372408
284.533 4277.08 1212372454
128.527 4372.02 1212372514
-445.856 4375.37 1212372574
-1059.24 4540.7 1212372639
-2093.66 4691.5 1212372700
-3107.7 4859.06 1212372755
-3008.42 4026.87 1212372822
-3273.45 2562.63 1212372881
-3245.98 2102.52 1212372935
-3219.38 1665.9 1212372995
-3604.97 1425.82 1212373045
-4545.43 1371.1 1212373100
-5600.24 1310.8 1212373161
-5892.75 1156.71 1212373225
-5719.9 657.609 1212373292
-5841.34 -152.951 1212373401
-6151.58 -167.464 1212373442
-6152.46 -165.231 1212373473
-6191.47 -171.93 1212373498
-6225.15 11.1644 1212373515
-6066.48 36.8425 1212373530
-6041.66 40.1919 1212373548
-6039.01 96.0143 1212373572
-5979.62 458.869 1212373636
-5023.2 516.927 1212373692
-4079.19 563.821 1212373750
-3667.01 586.151 1212373806
-3482.64 417.559 1212373886
-3490.62 397.462 1212373946
-3566.85 388.53 1212374010
-3826.56 379.598 1212374079
-4157.19 355.035 1212374131
-4721.82 326.006 1212374186
-5011.67 463.335 1212374246
-5011.67 463.335 1212374311
-5009.9 455.519 1212374366
-5009.01 459.985 1212374431
-5009.9 459.985 1212374486
-5009.9 459.985 1212374498
-5010.79 459.985 1212374546
-5011.67 459.985 1212374605
-5012.56 458.869 1212374665
-4520.61 545.956 1212374720
-4160.74 654.259 1212374782
-3829.22 716.785 1212374841
-4042.85 1272.84 1212374907
-3939.14 1405.72 1212374961
-3840.75 1592.2 1212375007
-3839.86 1591.08 1212375018
-3838.97 1591.08 1212375056
-3840.75 1587.73 1212375101
-3841.63 1588.85 1212375159
-3840.75 1588.85 1212375180
-3835.43 1529.66 1212375207
-3841.63 1663.66 1212375287
-3873.54 2224.25 1212375347
-3608.51 2274.5 1212375413
-3277 2277.85 1212375478
-2831.14 2295.72 1212375538
-2189.39 2344.86 1212375588
-1991.73 2358.26 1212375644
-421.924 2565.98 1212375760
-246.418 1980.8 1212375837
-241.986 1942.83 1212375861
-199.439 1706.1 1212375882
-146.255 1363.28 1212375941
328.852 1423.58 1212375998
749.003 1394.55 1212376058
914.759 1189.09 1212376128
977.693 1074.08 1212376179
1019.35 530.325 1212376239
1043.29 216.592 1212376304
1063.67 -102.712 1212376350
1085.83 -372.882 1212376411
1103.56 -545.92 1212376452
1287.04 -284.687 1212376513
1072.54 -33.4931 1212376577
1061.01 334.938 1212376607
1054.81 314.842 1212376612
1053.92 312.609 1212376634
1220.57 351.686 1212376695
1227.66 529.209 1212376756
1420.89 544.84 1212376806
2215.1 608.481 1212376865
2580.29 637.511 1212376926
2976.51 665.424 1212376996
3441.87 637.511 1212377045
3456.94 277.998 1212377092
3456.94 277.998 1212377093
3373.62 399.695 1212377153
2949.92 521.393 1212377213
2895.85 1031.65 1212377274
3195.45 1485 1212377334
3603.19 1888.11 1212377394
3807.95 2080.19 1212377455
3994.98 2296.84 1212377514
3742.36 2548.11 1212377574
3486.19 2826.19 1212377634
3197.22 3096.47 1212377694
2991.58 3315.38 1212377754
2796.57 3100.94 1212377826
2796.57 3100.94 1212377829
3776.04 3696.24 1212378033
3776.04 3696.24 1212378051
3796.43 3807.94 1212378104
3442.76 4281.54 1212378158
3442.76 4281.54 1212378174
3202.54 4313.94 1212378214
2656.52 4227.93 1212378276
2552.82 4235.75 1212378306
2482.79 4284.89 1212378370
2324.13 4173.19 1212378427
1312.75 4016.81 1212378487
1126.61 3705.18 1212378547
1165.61 3419.25 1212378607
979.466 3237.19 1212378676
609.839 3175.77 1212378733
336.83 3039.51 1212378787
339.489 3030.57 1212378806
339.489 3030.57 1212378824
339.489 3030.57 1212378868
184.37 3080.83 1212378888
184.37 3080.83 1212378917
184.37 3080.83 1212378937
165.756 3196.99 1212378943
19.5007 3398.03 1212379004
11.5231 3201.45 1212379069
192.348 3017.17 1212379129
366.081 2880.92 1212379204
390.9 2761.42 1212379258
494.608 2071.25 1212379304
553.997 1707.21 1212379364
573.497 1597.78 1212379393
604.521 1363.28 1212379455
442.311 1452.61 1212379513
434.333 1519.61 1212379534
