4254.69 -15962.9 1212990649
4222.78 -16029.8 1212990709
4160.74 -16081 1212990769
3215.84 -15676.5 1212990834
2912.69 -14210 1212990876
2598.91 -12708.6 1212990924
2745.16 -11221.4 1212990975
3780.47 -10117.6 1212991021
4124.39 -8627.76 1212991071
3952.43 -7667.46 1212991100
3683.86 -6170.46 1212991146
3235.34 -4759.11 1212991197
2802.78 -3309.57 1212991246
2652.98 -1818.48 1212991304
2835.58 -331.575 1212991354
2835.58 -331.575 1212991368
2530.66 1007.09 1212991415
1328.71 1117.63 1212991475
1005.17 1745.18 1212991536
710.888 1698.28 1212991596
17.7279 1588.85 1212991662
-127.641 1775.33 1212991717
-147.141 1776.45 1212991743
-54.9565 1758.58 1212991869
-65.5932 1766.4 1212991932
-195.007 1769.75 1212991991
-158.665 1467.13 1212992051
-151.573 1460.43 1212992111
372.286 1535.25 1212992171
958.192 1632.4 1212992231
1035.31 1536.36 1212992291
1764.81 1048.4 1212992352
2711.48 457.752 1212992412
2871.03 -1031.52 1212992481
2448.22 -2458.03 1212992525
2983.6 -3877.59 1212992578
3480.87 -5281.28 1212992628
3776.93 -6770.63 1212992680
4045.5 -8255.25 1212992716
4107.55 -9531.07 1212992754
3217.61 -10768.8 1212992801
2534.2 -11867 1212992844
2594.48 -12781.1 1212992880
2896.74 -14239 1212992931
3078.45 -15268.7 1212992991
3284.09 -16073.2 1212993052
4197.08 -16120 1212993112
4384.99 -16016.4 1212993173
