4402.72 -16039.8 1212602308
4402.72 -16040.9 1212602367
4401.83 -16045.4 1212602433
4403.61 -16045.4 1212602492
4405.38 -16042 1212602548
4402.72 -16040.9 1212602608
4403.61 -16039.8 1212602669
4403.61 -16039.8 1212602729
4404.49 -16038.7 1212602789
4404.49 -16037.6 1212602849
4404.49 -16037.6 1212602909
4403.61 -16037.6 1212602976
4403.61 -16036.5 1212603034
4408.04 -16036.5 1212603093
4407.15 -16034.2 1212603149
4407.15 -16036.5 1212603210
4408.93 -16036.5 1212603282
4409.81 -16036.5 1212603336
4408.93 -16036.5 1212603395
