2877.24 -13954.8 1211384117
2578.52 -11652.9 1211384225
3188.36 -4475.69 1211384501
3001.33 -3820.68 1211384559
2713.25 -2965.84 1211384624
2783.28 -2718.08 1211384677
3432.12 -1889.91 1211384748
3853.16 -426.468 1211384795
3773.38 533.675 1211384855
3526.96 846.304 1211384927
3384.25 1041.7 1211384980
3360.32 1202.49 1211385036
3352.34 1366.63 1211385082
3500.37 1603.36 1211385138
3628.9 1716.15 1211385192
3875.32 1961.82 1211385264
4049.05 2139.38 1211385318
4207.71 2347.09 1211385382
4232.53 2673.19 1211385439
3592.56 4062.61 1211385679
3446.3 4053.67 1211385744
3130.75 3988.89 1211385795
3234.45 3753.21 1211385855
3240.66 3747.62 1211385901
3240.66 3747.62 1211385904
3167.97 3691.78 1211385962
3279.66 2820.61 1211386156
3473.78 2626.28 1211386203
3282.32 2385.06 1211386273
3544.69 1956.23 1211386329
3661.7 1833.4 1211386390
3666.13 1824.46 1211386450
3486.19 1615.65 1211386505
3819.47 167.467 1211386558
