3637.76 -16247 1211907085
4154.53 -9420.67 1211907246
2914.46 -3572.94 1211907456
2476.59 -2149.98 1211907510
2769.98 -1473.57 1211907555
2907.37 -884.171 1211907626
2608.66 92.6649 1211907697
2446.45 1090.83 1211907736
2252.33 1397.9 1211907861
1927.91 1717.26 1211907929
1732.9 1924.97 1211907981
1335.8 1926.08 1211908036
1264.88 1990.85 1211908097
1213.47 2271.15 1211908163
1115.97 2819.49 1211908226
680.751 2796.04 1211908277
628.454 3126.62 1211908339
625.794 3228.26 1211908404
602.748 3308.67 1211908445
600.975 3316.49 1211908540
602.748 3315.38 1211908546
777.368 3417.01 1211908606
920.077 3102.05 1211908677
1062.79 2296.84 1211908728
1076.97 1970.75 1211908782
993.648 1757.46 1211908858
853.598 1701.63 1211908902
875.758 1594.43 1211908962
1022.9 1424.7 1211909022
1344.66 1103.12 1211909088
2630.82 889.85 1211909147
2858.62 -3476.97 1211909307
3293.84 -4965.53 1211909345
3717.54 -6415.89 1211909399
4031.32 -8172.72 1211909444
