3675.88 -967.895 1211112032
3667.9 -948.918 1211112097
3589.01 -962.313 1211112153
3588.12 -953.383 1211112216
3576.6 -1127.52 1211112275
3976.37 -802.68 1211112339
3662.58 713.435 1211112392
3323.09 1368.87 1211112424
2864.83 1845.68 1211112463
2543.95 2180.69 1211112525
2309.94 2442.01 1211112586
2167.23 2851.88 1211112645
2188.51 2853 1211112707
2193.83 2851.88 1211112763
2218.65 2850.76 1211112824
2204.46 2835.13 1211112884
2204.46 2822.84 1211112946
2200.03 2830.66 1211113006
2225.74 2832.89 1211113067
2226.62 2830.66 1211113128
2219.53 2821.73 1211113188
2226.62 2826.19 1211113248
2190.28 2844.06 1211113309
2181.42 2853 1211113369
2184.08 2849.65 1211113430
2188.51 2847.41 1211113490
2176.98 2845.18 1211113554
2180.53 2845.18 1211113612
2196.49 2851.88 1211113672
2198.26 2860.81 1211113736
2199.14 2860.81 1211113792
2184.96 2876.45 1211113852
2176.98 2899.9 1211113912
2168.12 2905.49 1211113972
2156.6 2896.55 1211114032
2161.92 2908.84 1211114092
2168.12 2909.96 1211114152
2177.87 2914.42 1211114212
2199.14 2894.32 1211114272
2199.14 2893.2 1211114275
2326.79 2803.86 1211114335
2481.02 2612.88 1211114396
2891.42 2209.73 1211114456
3083.77 1655.85 1211114518
3645.74 685.522 1211114576
3907.23 -799.331 1211114637
3277 -2141.05 1211114677
2917.12 -3637.66 1211114738
3357.66 -5078.22 1211114783
3733.49 -6543.06 1211114824
4006.5 -8067.87 1211114867
4093.37 -9551.14 1211114912
3025.26 -15168.4 1211115115
3557.1 -16311.7 1211115171
4425.77 -16206.9 1211115231
4461.22 -16205.8 1211115291
4536.57 -15947.3 1211115360
3673.22 -16205.8 1211115411
4065 -16144.5 1211115510
3901.91 -16113.3 1211115535
3542.92 -16202.5 1211115540
3506.58 -16202.5 1211115542
3506.58 -16202.5 1211115583
3017.29 -14776.1 1211115619
2661.84 -13303.8 1211115667
3985.23 -9809.85 1211115771
4063.23 -8273.09 1211115811
3823.91 -6930.15 1211115851
3558.87 -5454.22 1211115898
3052.74 -3991.41 1211115936
2804.55 -3220.29 1211115997
3553.56 -1781.64 1211116014
3553.56 -1781.64 1211116030
3853.16 -248.962 1211116059
3396.66 1184.63 1211116105
3042.11 1683.76 1211116165
2679.57 2038.87 1211116203
2398.58 2313.59 1211116263
2197.37 2649.74 1211116323
2129.12 2844.06 1211116544
2115.82 2847.41 1211116605
2119.37 2848.53 1211116665
2128.23 2834.01 1211116726
2128.23 2834.01 1211116788
2132.67 2846.3 1211116848
2137.98 2847.41 1211116931
2157.48 2849.65 1211116991
2146.85 2863.05 1211117051
2140.64 2864.16 1211117115
2140.64 2864.16 1211117209
2138.87 2849.65 1211117265
2135.32 2851.88 1211117335
2125.57 2839.59 1211117395
2136.21 2838.48 1211117455
2138.87 2835.13 1211117517
2134.44 2847.41 1211117578
2134.44 2847.41 1211117636
2130.01 2851.88 1211117696
2130.01 2857.46 1211117756
2121.14 2863.05 1211117817
2110.51 2874.22 1211117886
2112.28 2869.75 1211117938
2122.91 2857.46 1211117998
2122.91 2857.46 1211118070
2135.32 2855.23 1211118126
2135.32 2855.23 1211118190
2122.91 2879.8 1211118247
2186.74 2897.67 1211118308
2184.96 2883.15 1211118368
2206.24 2883.15 1211118429
2206.24 2866.4 1211118453
2374.65 2707.81 1211118514
2698.18 2395.11 1211118563
2977.4 2114.81 1211118626
3255.73 1836.75 1211118683
3298.27 1359.93 1211118743
3828.34 -46.8903 1211118795
3687.4 -1538.31 1211118852
2773.53 -2723.66 1211118888
3091.74 -4197.85 1211118936
3580.15 -5655.04 1211118983
3846.95 -7166.63 1211119019
4118.19 -8689.1 1211119059
2883.44 -14491.9 1211119255
3239.77 -15954 1211119308
4489.59 -16195.8 1211119557
4491.36 -16200.2 1211119615
4489.59 -16196.9 1211119684
4491.36 -16196.9 1211119724
4491.36 -16196.9 1211119726
4366.38 -15874.9 1211119790
3410.85 -16188 1211119846
4190.87 -9255.63 1211120086
3707.79 -6288.72 1211120181
3253.95 -4818.25 1211120234
2855.96 -3349.75 1211120279
3421.48 -1937.91 1211120338
3867.34 -503.498 1211120397
3452.51 945.678 1211120436
3042.11 1675.95 1211120496
2790.37 1929.43 1211120569
2559.02 2162.83 1211120616
2295.76 2427.5 1211120687
2194.71 2812.79 1211120737
2217.76 2819.49 1211120803
2238.15 2831.78 1211120857
2186.74 2845.18 1211120956
2181.42 2875.33 1211121022
2172.55 2878.68 1211121076
2176.98 2892.09 1211121142
2166.35 2944.58 1211121200
2173.44 2892.09 1211121258
2180.53 2887.62 1211121315
2178.76 2884.27 1211121375
2186.74 2893.2 1211121441
2201.8 2890.97 1211121482
2669.82 3016.06 1211121608
3016.4 3223.79 1211121720
3120.99 3417.01 1211121779
3254.84 3476.21 1211121840
3510.12 3534.29 1211121905
3518.99 3716.35 1211121949
3518.1 3715.23 1211121970
3608.51 3775.55 1211122016
3578.37 3749.86 1211122072
3497.71 3727.52 1211122131
3439.21 3744.27 1211122192
3202.54 3592.37 1211122256
2906.49 3508.6 1211122325
2657.41 3594.6 1211122375
2336.54 3565.56 1211122414
2191.17 3530.94 1211122474
2193.83 3532.06 1211122534
2193.83 3526.47 1211122568
2193.83 3526.47 1211122629
2192.94 3528.71 1211122689
2192.05 3532.06 1211122749
2190.28 3529.82 1211122809
2217.76 3535.41 1211122869
2216.87 3523.12 1211122935
2225.74 3558.86 1211122989
2224.85 3559.98 1211123017
2746.05 3632.58 1211123079
3029.7 3661.62 1211123143
3208.75 3681.72 1211123207
3388.69 3656.03 1211123257
3386.91 3657.15 1211123264
3304.48 3527.59 1211123320
2975.63 3465.04 1211123380
2579.41 3507.48 1211123440
2224.85 3554.39 1211123500
2228.4 3368.99 1211123561
2337.42 2937.88 1211123631
2339.19 2849.65 1211123684
2309.94 2708.93 1211123741
2306.4 2887.62 1211123801
2324.13 2743.55 1211123861
2324.13 2753.6 1211123897
2324.13 2753.6 1211123918
2317.92 2771.47 1211123978
2316.15 2774.82 1211124029
2388.83 2678.77 1211124095
2563.45 2520.19 1211124165
2101.64 2217.55 1211124211
1966.91 2189.63 1211124271
1947.41 2178.46 1211124336
1943.86 2163.94 1211124392
1924.36 2153.89 1211124452
1903.09 2132.67 1211124512
1965.14 1967.4 1211124573
2140.64 2076.84 1211124636
2329.44 2262.22 1211124695
2332.99 2277.85 1211124719
2531.54 2469.93 1211124777
2699.07 2679.89 1211124837
2909.15 2851.88 1211124962
2939.28 2851.88 1211125027
2981.83 2899.9 1211125079
3051.86 2984.78 1211125144
3078.45 2988.13 1211125199
3078.45 3033.92 1211125271
3124.54 3054.03 1211125320
3168.86 3087.53 1211125386
3233.57 3127.74 1211125440
3282.32 3255.06 1211125509
3281.43 3279.64 1211125560
3335.5 3312.03 1211125620
3363.87 3326.55 1211125686
3432.12 3363.4 1211125741
3479.1 3431.53 1211125801
3512.78 3442.7 1211125866
3513.67 3548.81 1211125926
3588.12 3500.78 1211125981
3554.44 3589.02 1211126059
3620.03 3593.49 1211126111
3635.1 3604.66 1211126166
3677.65 3619.18 1211126283
3689.17 3616.94 1211126354
3725.52 3643.75 1211126407
3759.2 3670.56 1211126462
3787.56 3717.47 1211126586
3787.56 3731.99 1211126662
3836.32 3739.81 1211126705
3975.48 3488.5 1211126769
4122.62 3329.9 1211126824
4116.42 2256.63 1211126950
3717.54 1856.85 1211127021
3702.47 621.88 1211127084
3909.89 -860.729 1211127113
3234.45 -2202.44 1211127169
2930.42 -3697.93 1211127213
3753.88 -6652.39 1211127314
2574.98 -12572.6 1211127480
2824.05 -14045 1211127535
3126.31 -15507.2 1211127570
3982.57 -16198 1211127632
4480.72 -16201.4 1211127692
4478.06 -16194.7 1211127755
4478.06 -16193.6 1211127782
2981.83 -14759.4 1211127953
3550.9 -10428.7 1211128084
3940.02 -7565.96 1211128170
3675.88 -6092.37 1211128212
3219.38 -4644.18 1211128259
2729.21 -3002.67 1211128305
3932.05 -797.098 1211128407
3662.58 710.086 1211128445
3705.13 1805.48 1211128501
3635.99 2263.33 1211128577
3520.76 2373.89 1211128634
3401.98 2495.62 1211128684
3567.74 2674.31 1211128743
3596.1 2702.23 1211128803
3715.77 2812.79 1211128863
3738.81 2837.36 1211128929
3760.09 2865.28 1211128985
3868.23 2884.27 1211129047
3758.31 3100.94 1211129112
3793.77 3161.25 1211129229
4143.01 2968.03 1211129285
4166.05 2994.84 1211129357
4252.03 3006 1211129476
4257.35 3077.48 1211129585
4257.35 3110.99 1211129645
4237.85 3204.8 1211129715
4218.35 3259.53 1211129763
4142.12 3351.12 1211129836
4076.53 3417.01 1211129945
3748.56 3866.02 1211130048
3424.14 4308.35 1211130150
3194.57 4315.05 1211130194
2701.73 4235.75 1211130252
2411.88 4189.95 1211130311
2146.85 4143.03 1211130391
1263.11 4005.64 1211130442
960.852 3958.73 1211130497
811.937 3935.27 1211130560
184.37 3833.63 1211130611
113.458 3509.72 1211130671
170.188 3129.97 1211130731
257.941 2602.83 1211130791
312.897 2271.15 1211130853
339.489 2080.19 1211130920
368.74 1879.18 1211130973
383.809 1888.11 1211131007
380.263 1897.05 1211131009
319.102 2294.6 1211131069
265.032 2685.47 1211131129
905.895 2791.57 1211131196
1263.11 2736.85 1211131247
1264 2750.25 1211131256
1340.23 2397.34 1211131358
1180.68 2199.68 1211131419
985.671 1955.12 1211131481
826.12 1931.67 1211131540
985.671 1946.18 1211131600
994.535 1955.12 1211131663
1014.92 1955.12 1211131720
1023.79 1954 1211131787
1057.47 1959.58 1211131845
1071.65 1966.28 1211131907
1085.83 1964.05 1211131975
1158.52 1972.98 1211132027
1231.2 1985.27 1211132082
1322.5 2008.72 1211132107
1322.5 2008.72 1211132114
1363.27 2010.95 1211132170
1403.16 2033.29 1211132284
1364.16 2320.29 1211132332
1128.38 2791.57 1211132394
1014.04 3516.42 1211132453
959.965 3538.76 1211132473
1162.06 3510.83 1211132532
1243.61 2959.1 1211132592
1539.67 3000.42 1211132657
1853.45 3039.51 1211132712
2233.71 3032.81 1211132774
2224.85 3152.31 1211132813
2407.45 3128.86 1211132869
2826.71 3188.05 1211132929
2778.85 3519.77 1211132990
2909.15 3609.12 1211133051
3242.43 3676.14 1211133111
3485.3 3729.75 1211133171
3695.38 3749.86 1211133231
3805.29 3772.2 1211133291
4228.99 3059.61 1211133357
3979.91 2115.92 1211133478
3724.63 1874.71 1211133537
3332.84 1354.35 1211133593
3667.9 -1580.72 1211133703
2739.85 -2788.39 1211133753
3107.7 -4244.71 1211133806
3581.92 -5661.73 1211133863
3846.07 -7162.17 1211133913
4111.1 -8633.33 1211133947
2846.21 -14206.6 1211134146
3982.57 -16260.4 1211134305
4070.32 -16064.3 1211134417
4063.23 -16035.3 1211134546
3936.48 -16081 1211134629
3854.04 -16128.9 1211134697
3084.65 -15063.6 1211134711
4126.17 -9504.31 1211134907
4009.16 -7974.19 1211134943
3355 -5052.56 1211135039
2929.53 -3603.07 1211135088
2907.37 -713.373 1211135174
2707.94 781.544 1211135233
2415.42 1229.29 1211135293
2821.39 1659.2 1211135361
2676.02 2036.64 1211135416
2414.54 2303.54 1211135474
2212.44 2614 1211135534
2184.96 2838.48 1211135595
2259.42 3003.77 1211135658
2567 3122.16 1211135716
2449.11 3037.28 1211135776
2434.93 3236.08 1211135837
2621.07 3213.74 1211135897
2345.4 3099.82 1211135959
2371.99 2864.16 1211136024
2163.69 2801.62 1211136079
2212.44 2837.36 1211136120
2313.49 2889.85 1211136180
2185.85 2777.05 1211136240
2066.19 3539.87 1211136321
1632.74 3452.75 1211136384
1382.78 3412.55 1211136441
1280.84 3362.29 1211136481
1281.73 3362.29 1211136482
1606.15 3430.42 1211136543
1651.35 3274.05 1211136573
1660.22 3448.29 1211136633
1597.28 3618.06 1211136693
1746.2 3576.73 1211136753
1942.09 3505.25 1211136813
2186.74 3469.51 1211136874
2230.17 3357.82 1211136946
2298.42 3037.28 1211136993
2301.97 2989.25 1211137028
2494.31 2915.54 1211137093
2707.94 2931.17 1211137148
2718.57 3318.73 1211137209
2684.89 3589.02 1211137269
2663.62 3650.45 1211137328
2606 3783.37 1211137389
2576.75 3983.3 1211137448
2481.9 4099.47 1211137508
2413.65 4122.93 1211137569
2374.65 4344.1 1211137635
2507.61 4422.29 1211137690
2457.09 4787.57 1211137750
2270.06 5016.58 1211137810
2367.56 5331.61 1211137870
2296.65 5385.24 1211137931
2296.65 5385.24 1211137932
2220.42 5393.06 1211137994
2592.7 5215.43 1211138068
2596.25 5210.96 1211138070
2936.62 4929.44 1211138130
3280.55 4470.32 1211138196
3098.83 4150.85 1211138261
3136.95 3729.75 1211138318
3185.7 3471.74 1211138376
2739.85 2988.13 1211138432
2547.5 2762.53 1211138492
2473.93 2693.29 1211138544
2471.27 2693.29 1211138546
2345.4 2822.84 1211138605
2190.28 2823.96 1211138666
2170.78 2932.29 1211138726
2171.67 2934.53 1211138783
2454.43 2934.53 1211138846
2648.55 3174.65 1211138900
2966.76 3237.19 1211138967
3121.88 3415.9 1211139043
3348.8 3625.88 1211139087
3717.54 3795.65 1211139157
3713.11 3714.12 1211139211
3796.43 3720.82 1211139271
3906.34 3649.33 1211139335
4170.49 3280.75 1211139382
4145.67 2702.23 1211139487
4096.92 2913.31 1211139542
4146.55 2969.15 1211139619
3827.45 3262.88 1211139665
3601.42 3481.79 1211139692
3768.95 3728.64 1211139758
3771.61 3734.22 1211139820
3635.99 3549.93 1211139939
3487.08 3400.26 1211140005
3094.4 2969.15 1211140046
2996.01 2904.37 1211140109
2804.55 2756.95 1211140167
2514.7 2601.71 1211140248
2373.76 2790.45 1211140298
2364.01 2826.19 1211140337
2352.49 2815.02 1211140339
2196.49 2811.67 1211140400
2208.89 2954.63 1211140459
2209.78 2956.86 1211140468
2025.41 2992.6 1211140539
1435.07 2880.92 1211140590
1289.7 2811.67 1211140650
1005.17 2822.84 1211140713
413.946 2751.37 1211140777
242.872 2696.64 1211140831
298.715 2409.63 1211140892
343.921 2150.54 1211140967
355.444 1989.73 1211141028
386.468 1807.71 1211141072
214.507 1731.78 1211141132
214.507 1731.78 1211141155
393.559 1747.41 1211141213
366.081 1971.87 1211141273
366.081 1972.98 1211141291
373.172 1966.28 1211141348
857.143 2034.4 1211141392
1130.15 1851.26 1211141512
1357.07 1294.05 1211141573
1568.03 1000.39 1211141643
2230.17 1013.79 1211141698
2586.5 82.6168 1211141764
1052.15 -3165.61 1211141936
106.367 -3489.24 1211142064
-54.9565 -3771.58 1211142116
-386.468 -4503.59 1211142191
-842.961 -4961.07 1211142253
-1493.57 -5409.59 1211142323
-1537.89 -5721.98 1211142389
-1528.14 -5680.7 1211142412
-1529.92 -5694.09 1211142468
-1513.08 -5720.86 1211142536
-1512.19 -5716.4 1211142588
-1512.19 -5726.44 1211142649
-1511.3 -5734.25 1211142709
-1513.08 -5736.48 1211142771
-1482.05 -5726.44 1211142831
-959.965 -5449.75 1211142897
-567.292 -5029.13 1211142952
-697.592 -4602.9 1211143022
-936.919 -4405.4 1211143080
-931.601 -3857.5 1211143133
340.375 -3134.36 1211143201
1794.06 -3147.75 1211143253
3090.86 -2373.2 1211143292
3905.45 -1098.5 1211143346
3814.16 388.53 1211143393
3132.52 1566.51 1211143453
2726.55 1997.55 1211143514
2409.22 2312.47 1211143574
2193.83 2706.69 1211143636
2287.78 2885.38 1211143695
2314.38 2920.01 1211143756
2321.47 2880.92 1211143816
2359.58 2826.19 1211143877
2364.01 2780.4 1211143893
2356.04 2659.79 1211143948
2272.72 2485.57 1211144013
2049.34 2284.55 1211144068
1743.54 1968.52 1211144128
1574.24 1936.13 1211144188
1126.61 1832.28 1211144248
1030.88 1749.65 1211144308
684.297 1693.81 1211144374
101.935 1597.78 1211144429
-17.7279 1502.86 1211144496
19.5007 1306.34 1211144560
-346.58 1209.19 1211144736
-384.695 1205.84 1211144793
-391.786 1206.96 1211144812
-392.673 1206.96 1211144813
-392.673 1205.84 1211144855
-288.078 1212.54 1211144899
-240.213 1218.12 1211144955
-218.939 1224.82 1211145016
-188.802 1225.94 1211145086
-129.414 1237.11 1211145141
299.601 1307.45 1211145205
493.722 1135.5 1211145256
962.624 1181.28 1211145318
1063.67 1276.19 1211145381
1193.97 1397.9 1211145447
1386.32 1122.1 1211145559
2135.32 1033.89 1211145627
2700.84 611.831 1211145684
2893.19 -715.606 1211145760
2459.74 -2180.11 1211145805
4009.16 -8085.72 1211145999
4080.07 -9581.25 1211146038
2820.51 -14001.6 1211146215
4358.4 -15858.2 1211146399
4290.15 -15880.5 1211146563
4287.49 -15880.5 1211146635
4287.49 -15880.5 1211146642
