-3287.64 2326.99 1212176520
-3287.64 2324.75 1212176619
-3286.75 2326.99 1212176679
-3287.64 2322.52 1212176744
-3287.64 2322.52 1212176806
-3289.41 2326.99 1212176860
-3295.61 2325.87 1212177021
-3294.73 2325.87 1212177082
-3294.73 2331.45 1212177202
-3292.96 2325.87 1212177263
-3292.96 2323.64 1212177301
-3290.3 2324.75 1212177360
-3291.18 2322.52 1212177489
-3292.96 2326.99 1212177612
-3289.41 2324.75 1212177718
-3290.3 2323.64 1212177784
-3292.96 2325.87 1212177843
-3289.41 2324.75 1212177898
-3286.75 2324.75 1212177963
-3285.86 2324.75 1212178031
-3288.52 2326.99 1212178079
-3286.75 2324.75 1212178139
-3286.75 2326.99 1212178209
-3287.64 2326.99 1212178324
-3288.52 2325.87 1212178442
-3688.29 2483.34 1212178631
-4049.94 2462.12 1212178686
-4362.83 2220.9 1212178861
-4127.05 2235.41 1212178933
-3799.09 2252.17 1212178982
-3115.68 2290.14 1212179180
-2819.62 2306.89 1212179225
-2359.58 2332.57 1212179299
-2295.76 2333.69 1212179344
-2568.77 1909.33 1212179437
-2761.12 1317.5 1212179560
-3039.45 1020.49 1212179611
-3562.42 695.571 1212179671
-3687.4 405.277 1212179731
-3693.61 387.413 1212179753
-3776.93 573.869 1212179808
-2392.38 662.075 1212180039
-1719.61 904.365 1212180095
-1631.85 1244.92 1212180158
-1581.33 1009.32 1212180214
-1050.38 1090.83 1212180341
-703.797 1146.66 1212180389
-265.032 1220.36 1212180449
64.7068 1023.84 1212180535
202.098 750.281 1212180599
11.5231 717.901 1212180646
-96.617 702.27 1212180713
-85.0939 716.785 1212180793
10.6367 797.176 1212180849
-101.935 1156.71 1212180909
-140.05 1374.45 1212180973
-161.324 1534.13 1212181030
-290.737 1541.95 1212181089
-932.487 1438.1 1212181153
-1609.69 1324.2 1212181219
-1806.47 2275.62 1212181361
-2056.44 2370.54 1212181430
-2262.97 2513.49 1212181529
-2262.97 2513.49 1212181540
-2264.74 2507.9 1212181603
-2093.66 2349.32 1212181715
-1687.7 2381.71 1212181775
-647.068 2534.71 1212181903
-348.353 2583.85 1212181951
80.6619 2670.96 1212182019
936.919 2809.44 1212182135
1026.44 2755.83 1212182156
1149.65 2785.99 1212182228
1336.68 2962.45 1212182282
1749.74 3030.57 1212182343
2154.82 3103.17 1212182395
2343.63 3226.03 1212182447
2543.07 3156.78 1212182518
2669.82 3219.32 1212182583
2758.46 3574.5 1212182629
2869.26 3601.31 1212182690
2986.26 3583.43 1212182793
3346.14 3730.87 1212182853
3378.05 3354.47 1212182918
3559.76 3222.67 1212182989
3591.67 3107.64 1212183038
3770.72 2902.14 1212183093
3599.65 2711.16 1212183158
3729.95 2599.48 1212183222
3846.07 2133.79 1212183274
3628.9 1917.15 1212183333
3659.92 1834.51 1212183394
3542.92 1680.41 1212183455
3667.01 673.24 1212183516
3265.48 -2158.91 1212183628
2875.46 -3472.5 1212183688
3271.68 -4900.81 1212183739
4006.5 -8044.45 1212183854
4104.01 -9535.53 1212183913
2727.44 -13639.3 1212184071
3011.08 -15135 1212184134
3460.48 -16325 1212184184
4290.15 -16188 1212184245
4457.68 -16206.9 1212184280
4461.22 -16206.9 1212184295
3306.25 -15877.1 1212184450
2983.6 -14436.2 1212184520
3510.12 -10493.4 1212184691
3707.79 -6237.4 1212184857
3269.91 -4814.9 1212184912
2898.51 -3437.91 1212184966
2818.73 -2670.08 1212185038
3852.27 29.0274 1212185120
3484.42 909.948 1212185180
3408.19 1071.85 1212185243
3392.23 1256.09 1212185301
3210.52 1490.58 1212185366
3181.27 1740.71 1212185427
3461.37 2018.77 1212185485
3652.83 2209.73 1212185546
3388.69 2525.77 1212185649
3097.95 2793.81 1212185693
2918.01 2972.5 1212185748
2894.96 3069.66 1212185808
2855.08 3062.96 1212185936
2783.28 3578.97 1212185996
2707.05 3618.06 1212186062
2431.38 3581.2 1212186117
2433.15 3576.73 1212186154
2433.15 3576.73 1212186156
2610.43 3596.84 1212186216
2732.75 3603.54 1212186285
2822.28 3704.06 1212186338
2874.58 3584.55 1212186402
2877.24 3566.68 1212186444
2941.94 3499.67 1212186504
2819.62 3352.23 1212186565
2529.77 3488.5 1212186635
2334.76 3456.11 1212186685
2045.8 3406.96 1212186747
1505.1 3319.84 1212186806
1467.87 3318.73 1212186866
1368.59 3300.86 1212186926
1231.2 3278.52 1212186986
797.755 3209.27 1212187051
447.629 3150.08 1212187106
-218.053 3047.33 1212187168
-681.637 2975.85 1212187239
-680.751 2975.85 1212187242
-833.211 3060.73 1212187302
-1266.66 2989.25 1212187362
-1553.85 2946.81 1212187422
-1561.83 2944.58 1212187438
-1327.82 3078.6 1212187498
-1020.24 3129.97 1212187558
-735.707 3169.06 1212187618
-452.061 3106.52 1212187678
292.51 3218.21 1212187800
678.092 3294.16 1212187863
1044.17 3353.35 1212187920
1161.18 3372.34 1212187981
1791.4 3468.39 1212188046
2153.05 3526.47 1212188101
2238.15 3526.47 1212188161
2462.4 3581.2 1212188226
2752.25 3562.21 1212188294
2823.17 3597.95 1212188299
3044.76 3577.85 1212188359
3050.08 3578.97 1212188363
3076.68 3644.87 1212188382
3209.63 3602.42 1212188442
2947.26 3544.34 1212188513
2755.8 3555.51 1212188566
2570.54 3490.73 1212188622
2234.6 3441.59 1212188684
1791.4 3370.1 1212188742
1375.68 3300.86 1212188803
1267.54 3287.45 1212188863
896.145 3227.14 1212188923
296.942 3134.44 1212188990
-502.586 3000.42 1212189043
-1050.38 2726.8 1212189105
-1047.72 2275.62 1212189164
-967.056 1788.73 1212189225
-899.69 1345.42 1212189286
-1147.88 1186.86 1212189347
-1067.22 1086.37 1212189404
-969.716 1106.47 1212189447
-914.759 1114.28 1212189452
-867.78 1209.19 1212189516
-944.896 1713.91 1212189572
-1018.47 2175.11 1212189632
-1031.76 2684.36 1212189692
-659.477 2850.76 1212189753
-371.399 2914.42 1212189803
-371.399 2914.42 1212189804
-226.031 2846.3 1212189864
-206.53 2670.96 1212189929
-154.233 2368.31 1212189989
-117.89 2122.62 1212190046
33.683 2120.39 1212190104
492.835 2189.63 1212190164
1089.38 2289.02 1212190224
1249.82 2312.47 1212190284
1495.35 2349.32 1212190352
1703.65 2356.02 1212190416
1743.54 2376.13 1212190445
1799.38 2274.5 1212190503
1830.4 2111.46 1212190563
1958.93 1960.7 1212190623
2065.3 1855.73 1212190684
2214.21 1698.28 1212190743
2387.06 1533.01 1212190809
2566.11 1337.6 1212190853
2667.16 1258.32 1212190908
2801.01 1112.05 1212190974
3003.1 711.202 1212191028
3016.4 506.879 1212191088
3289.41 251.202 1212191153
3723.74 284.697 1212191213
3764.52 -262.359 1212191269
3802.63 -770.306 1212191342
3745.9 -983.523 1212191449
3585.47 -970.127 1212191520
3585.47 -953.383 1212191571
3589.01 -965.662 1212191691
3590.78 -965.662 1212191761
3638.65 -994.686 1212191816
3682.97 -992.453 1212191881
