-3996.75 -1309.48 1212272204
-3876.2 -1303.9 1212272238
-3583.69 -1096.27 1212272326
-3652.83 154.07 1212272573
-3667.01 358.385 1212272617
-3055.4 618.53 1212272745
-2591.82 648.676 1212272806
-2229.28 665.424 1212272867
-1574.24 686.638 1212272928
-1636.28 1349.89 1212273054
-1911.95 1598.9 1212273124
-2115.82 1704.98 1212273174
-2122.91 1835.63 1212273244
-2067.96 1926.08 1212273291
-2049.34 2313.59 1212273365
-2056.44 2559.28 1212273419
-2056.44 2559.28 1212273472
-2083.91 2922.24 1212273536
-2105.19 3289.69 1212273599
-1576.01 3425.95 1212273651
-1117.74 3746.51 1212273712
-1337.57 4174.31 1212273772
-974.147 4286.01 1212273843
-358.99 4374.26 1212273907
56.7292 4440.16 1212273954
313.784 4480.38 1212274013
559.315 4449.1 1212274073
624.908 4434.58 1212274133
649.727 4439.05 1212274136
702.911 4447.98 1212274161
703.797 4447.98 1212274174
401.537 4547.4 1212274250
132.959 4575.33 1212274292
-139.164 4790.92 1212274349
-447.629 5005.41 1212274409
-446.743 5004.29 1212274464
-447.629 5004.29 1212274534
-447.629 5004.29 1212274585
-300.488 4890.34 1212274645
-62.0476 4559.69 1212274705
249.077 4498.25 1212274835
425.469 4404.42 1212274885
708.229 4449.1 1212274948
978.579 4481.49 1212274995
983.011 4465.85 1212274998
1132.81 4535.11 1212275058
1444.82 4460.27 1212275118
1523.71 3956.5 1212275181
1583.99 3633.7 1212275238
1595.51 3571.15 1212275257
1595.51 3571.15 1212275287
1725.81 3454.99 1212275327
2338.31 3555.51 1212275379
2754.91 3539.87 1212275447
2855.08 3573.38 1212275469
2932.19 3255.06 1212275525
3241.54 2905.49 1212275643
2940.17 2603.95 1212275705
2736.3 2401.81 1212275766
2548.38 2210.85 1212275792
2753.14 1954 1212275852
3022.61 1678.18 1212275923
3777.81 449.937 1212275979
3809.72 -839.519 1212276034
3746.79 -1004.73 1212276109
3586.35 -964.546 1212276160
3589.01 -973.476 1212276276
3593.44 -972.36 1212276312
