3276.11 -1171.06 1212931891
2879.9 -1167.71 1212931952
2613.09 12.2808 1212932019
2610.43 1558.7 1212932073
3436.55 2263.33 1212932133
3137.84 2772.59 1212932190
2863.05 3035.04 1212932252
2599.79 3060.73 1212932310
2187.62 2995.95 1212932372
2089.23 2973.61 1212932433
2103.41 3003.77 1212932490
2117.6 2978.08 1212932550
2086.57 2981.43 1212932611
2101.64 2989.25 1212932671
2137.1 2942.34 1212932735
2097.21 2937.88 1212932793
1726.7 2781.52 1212932854
1763.04 2510.14 1212932886
1175.36 2503.44 1212933007
1112.43 2886.5 1212933073
995.421 3683.96 1212933131
878.417 4269.26 1212933196
497.267 4205.59 1212933255
467.13 4203.35 1212933284
301.374 4175.43 1212933307
-134.732 4153.09 1212933358
-205.644 4519.47 1212933419
-571.724 4461.39 1212933479
-1023.79 4994.23 1212933613
-279.214 4882.52 1212933718
-61.1612 4554.1 1212933772
242.872 4585.38 1212933830
777.368 4668.04 1212933896
991.875 4583.15 1212933952
1068.11 4054.79 1212934008
1242.73 3171.3 1212934068
1982.86 3278.52 1212934128
2396.81 3180.23 1212934188
2352.49 3035.04 1212934248
2062.64 2903.25 1212934308
2426.06 2927.82 1212934373
2656.52 2857.46 1212934428
2871.03 2530.24 1212934488
2384.4 2061.2 1212934554
1877.38 1555.35 1212934616
1755.95 1237.11 1212934666
1714.29 1076.32 1212934732
1219.68 1051.75 1212934793
1050.38 1118.75 1212934831
1208.16 1429.17 1212934889
1282.61 1845.68 1212934950
1342.89 2756.95 1212935037
1618.56 2798.27 1212935098
2122.03 2889.85 1212935160
2122.03 2888.74 1212935161
2154.82 3112.1 1212935242
2490.77 3145.61 1212935281
2673.37 3353.35 1212935346
2790.37 3611.36 1212935401
3013.74 3756.56 1212935461
3131.63 3890.6 1212935522
3464.03 3774.43 1212935591
3417.94 3753.21 1212935613
3376.28 3507.48 1212935673
3334.62 2983.67 1212935733
2997.79 2656.44 1212935794
2929.53 2592.78 1212935846
2930.42 2591.66 1212935862
2820.51 2494.5 1212935875
2748.71 2424.15 1212935935
2760.23 2421.91 1212935995
2764.66 2420.8 1212936055
2750.48 2417.45 1212936124
2773.53 2416.33 1212936190
2793.92 2405.16 1212936237
2788.6 2410.75 1212936297
2780.62 2417.45 1212936359
2738.96 2392.88 1212936440
2381.74 2032.17 1212936483
2375.54 2308 1212936562
2762.89 2698.88 1212936611
2855.08 2775.94 1212936664
2941.94 2960.21 1212936720
2941.94 2960.21 1212936726
2769.1 3006 1212936790
2463.29 2686.59 1212936858
2402.13 2802.74 1212936906
2189.39 2847.41 1212936971
2163.69 2842.95 1212937026
2165.46 2851.88 1212937086
2168.12 2906.6 1212937146
2174.33 2887.62 1212937206
2167.23 2911.07 1212937266
2172.55 2903.25 1212937332
2175.21 2893.2 1212937391
2192.94 2876.45 1212937450
2198.26 2864.16 1212937510
2192.05 2877.57 1212937572
2187.62 2883.15 1212937628
2208.89 2857.46 1212937688
2211.55 2865.28 1212937701
2578.52 2953.51 1212937762
2714.14 3144.49 1212937822
2754.91 3495.2 1212937884
2708.82 4032.45 1212937943
2448.22 4326.22 1212938009
2281.58 5389.7 1212938257
2281.58 5389.7 1212938259
2281.58 5388.59 1212938332
2281.58 5388.59 1212938379
2281.58 5388.59 1212938438
2281.58 5388.59 1212938511
2279.81 5388.59 1212938561
2209.78 5387.47 1212938627
1562.71 5336.08 1212938711
1351.75 5123.82 1212938775
930.714 5019.93 1212938831
933.373 4699.32 1212938892
792.437 4681.45 1212938924
329.739 4606.6 1212938989
107.254 4483.73 1212939045
-78.8891 4539.58 1212939104
-226.031 4608.84 1212939208
-48.7517 4567.51 1212939268
-117.89 4964.07 1212939337
-93.0714 4964.07 1212939388
-320.875 4914.92 1212939453
-412.173 5062.38 1212939506
-229.576 4995.35 1212939568
-227.803 4994.23 1212939628
-228.69 4998.7 1212939683
-227.803 4998.7 1212939763
-226.031 4995.35 1212939818
-226.917 4995.35 1212939878
-284.533 4912.69 1212939938
-231.349 4995.35 1212940043
