3662.58 -963.43 1211160502
3619.15 -1000.27 1211160590
3619.15 -996.919 1211160746
3620.03 -998.035 1211160797
3626.24 -982.407 1211160984
3626.24 -982.407 1211161041
3620.92 -991.337 1211161115
3608.51 -1005.85 1211161172
3614.72 -999.151 1211161223
3620.92 -993.57 1211161282
3625.35 -991.337 1211161401
3575.72 -1113.01 1211161462
3979.91 -837.286 1211161583
3745.9 607.365 1211161644
3103.27 1616.76 1211161698
3433.89 1718.38 1211161758
3646.63 1936.13 1211161806
3540.26 2363.84 1211161862
3271.68 2621.82 1211161929
2981.83 2922.24 1211161983
2904.71 3105.4 1211162042
3048.31 3145.61 1211162102
3039.45 3126.62 1211162139
2882.55 2950.16 1211162209
2800.12 3425.95 1211162262
2716.8 4013.46 1211162319
2849.76 3966.55 1211162380
2938.4 3917.4 1211162445
2922.44 3858.2 1211162486
3042.11 3749.86 1211162529
3010.2 3675.02 1211162582
2993.35 3509.72 1211162628
2868.37 3092 1211162692
2923.33 3162.36 1211162742
2704.39 2898.79 1211162802
2508.5 2731.26 1211162862
2374.65 2603.95 1211162932
2142.42 2568.21 1211162982
2085.69 2560.39 1211163017
1446.6 2459.88 1211163072
1174.47 2515.72 1211163126
1141.68 2755.83 1211163194
1115.08 2913.31 1211163247
1061.9 3346.65 1211163295
1061.9 3345.53 1211163331
1061.9 3345.53 1211163333
1184.22 3348.88 1211163393
1081.4 3131.09 1211163463
1201.06 3212.62 1211163538
1207.27 3208.16 1211163550
1184.22 3431.53 1211163610
1117.74 3845.92 1211163673
1111.54 3983.3 1211163730
1053.92 3983.3 1211163771
1053.92 3983.3 1211163773
1053.92 3984.42 1211163828
881.076 4350.8 1211163870
489.29 4526.18 1211163933
-43.4333 4526.18 1211163995
-212.735 4519.47 1211164061
-399.764 4490.43 1211164116
-540.701 4468.09 1211164173
-542.473 4466.97 1211164183
-369.626 4488.2 1211164241
-369.626 4488.2 1211164270
-600.975 4345.21 1211164329
-571.724 4042.5 1211164410
-508.79 3652.68 1211164460
-452.061 3306.44 1211164517
-457.38 2995.95 1211164569
-671.887 2861.93 1211164635
-648.841 2863.05 1211164658
-648.841 2863.05 1211164662
-391.786 3003.77 1211164826
-394.446 3004.89 1211164885
-393.559 3004.89 1211164912
-360.763 2712.28 1211164972
-334.171 2598.36 1211165034
-237.554 1945.07 1211165092
-171.961 1564.28 1211165167
-140.937 1366.63 1211165214
-86.8667 1112.05 1211165295
31.0238 463.335 1211165340
402.423 470.034 1211165412
625.794 483.432 1211165465
841.188 332.705 1211165515
883.735 -340.507 1211165575
925.396 -885.288 1211165635
1141.68 -1102.97 1211165695
1140.79 -1102.97 1211165757
1164.72 -1264.83 1211165759
1131.04 -792.633 1211165816
1301.23 -541.455 1211165876
1256.02 196.495 1211166012
1412.03 540.374 1211166129
1256.02 353.919 1211166185
1233.86 504.646 1211166240
1233.86 505.762 1211166245
1021.13 678.823 1211166301
983.898 1173.46 1211166361
1076.97 1292.94 1211166421
1317.18 1648.03 1211166486
1256.02 2002.02 1211166547
1158.52 2625.17 1211166601
1038.85 3360.05 1211166661
1068.11 3967.67 1211166721
1584.87 4049.21 1211166782
2240.81 4278.19 1211166846
2059.98 4662.46 1211166901
1828.63 4874.7 1211166971
1832.18 4872.47 1211166984
2077.71 4639 1211167054
2232.83 4516.12 1211167078
2335.65 4417.82 1211167127
2495.2 4272.61 1211167210
2512.93 4258.09 1211167212
2690.21 4095 1211167273
2892.31 3888.36 1211167354
3451.62 3918.52 1211167414
3322.21 3450.52 1211167479
3438.32 3716.35 1211167534
3413.5 4125.16 1211167596
3435.66 3737.57 1211167670
3293.84 3389.09 1211167721
3066.04 3247.25 1211167783
2802.78 3312.03 1211167841
2557.25 3284.1 1211167897
2550.16 3294.16 1211167944
2556.36 3275.17 1211168006
2552.82 3274.05 1211168064
2548.38 3265.12 1211168134
2557.25 3275.17 1211168183
2557.25 3278.52 1211168231
2551.93 3290.8 1211168288
2573.2 2998.19 1211168354
2713.25 2811.67 1211168415
2699.07 2811.67 1211168470
2778.85 2760.3 1211168528
2890.53 3261.77 1211168589
2805.44 3304.21 1211168624
2805.44 3304.21 1211168631
2809.87 3467.27 1211168655
2765.55 3568.91 1211168727
2787.71 3616.94 1211168746
2759.35 3673.91 1211168844
2996.9 3922.99 1211168874
2217.76 3570.03 1211168934
1638.94 3451.64 1211168995
1092.92 3364.52 1211169056
757.867 3309.79 1211169117
359.876 3245.01 1211169179
-174.62 3156.78 1211169237
-434.333 3211.51 1211169306
-526.518 3211.51 1211169324
-527.405 3209.27 1211169375
-527.405 3209.27 1211169377
-525.632 2793.81 1211169460
-864.235 2732.38 1211169543
-881.076 2721.21 1211169601
-444.084 2894.32 1211169662
325.307 3028.34 1211169725
905.009 3125.51 1211169788
1546.76 3227.14 1211169859
2079.48 3323.19 1211169912
2053.78 3473.98 1211169976
2045.8 3486.26 1211169980
1914.61 3393.56 1211170041
1953.61 3280.75 1211170101
2075.94 3395.79 1211170162
2208.01 3549.93 1211170222
2302.85 3771.08 1211170283
2252.33 4139.68 1211170349
2249.67 4140.8 1211170385
2403.9 4182.13 1211170464
2404.79 4127.4 1211170489
2425.18 3905.12 1211170553
2443.79 3696.24 1211170614
2334.76 3540.99 1211170669
2228.4 3405.84 1211170730
1795.84 3352.23 1211170790
1786.08 3333.25 1211170805
1864.09 3469.51 1211170865
2015.66 3453.87 1211170928
2200.92 3748.74 1211170985
2431.38 3969.9 1211171047
2407.45 4162.02 1211171106
2417.2 4337.39 1211171167
2589.16 4181.01 1211171232
2666.27 4224.58 1211171293
2404.79 4363.09 1211171348
2303.74 4497.13 1211171416
2062.64 4661.34 1211171480
1967.8 4741.77 1211171504
1814.45 4860.18 1211171563
1911.07 4774.17 1211171609
2130.89 4582.03 1211171674
2332.99 4412.24 1211171732
2440.24 4320.64 1211171790
2627.27 4147.5 1211171850
2871.92 4885.88 1211171966
2872.8 4885.88 1211171981
2853.3 4993.12 1211172034
2951.69 4932.79 1211172089
2934.85 4970.78 1211172152
2891.42 5017.69 1211172176
2559.02 5264.58 1211172220
2076.82 5400.88 1211172315
2078.59 5225.48 1211172362
1840.15 5069.08 1211172435
1782.54 5053.44 1211172490
2200.92 5113.77 1211172542
2899.4 4970.78 1211172607
3181.27 4605.49 1211172658
3030.58 4275.96 1211172718
2653.86 4229.04 1211172778
2609.55 4255.85 1211172829
2607.77 4277.08 1211172831
2422.52 4405.53 1211172891
2349.83 4485.96 1211172950
2342.74 4493.78 1211172974
2324.13 4408.89 1211173035
2509.38 4258.09 1211173101
2873.69 3919.64 1211173164
2871.03 3653.8 1211173235
2906.49 3296.39 1211173277
3061.61 3043.98 1211173337
3027.92 2953.51 1211173362
3029.7 2952.39 1211173363
2894.08 2982.55 1211173425
2831.14 3518.65 1211173484
2751.37 3611.36 1211173544
2710.59 4071.55 1211173604
2586.5 4198.88 1211173674
2483.68 4293.83 1211173729
2346.29 4455.8 1211173791
2342.74 4491.55 1211173793
2314.38 4424.52 1211173860
2403.02 4297.18 1211173915
2393.26 4221.22 1211173974
2449.11 3802.36 1211174034
2571.43 3077.48 1211174104
2681.34 2819.49 1211174159
3098.83 2395.11 1211174221
2741.62 1807.71 1211174274
2699.96 348.336 1211174334
2846.21 -1135.34 1211174394
2483.68 -2613.16 1211174447
3029.7 -4021.54 1211174496
3811.5 -6990.39 1211174601
4076.53 -8487.23 1211174640
