1310.09 2861.93 1212910120
1310.09 2859.7 1212910128
1606.15 2624.05 1212910348
1386.32 3994.47 1212910492
877.53 4358.62 1212910666
854.484 4484.84 1212910692
731.275 4566.39 1212910734
-184.37 4470.32 1212910794
-481.312 4399.95 1212910853
-468.016 4373.14 1212910923
635.545 4536.23 1212911164
1179.79 4323.99 1212911249
1568.92 4373.14 1212911314
2179.64 4466.97 1212911369
2221.3 4370.91 1212911412
2221.3 4370.91 1212911457
1057.47 4205.59 1212911588
379.377 4187.71 1212911794
-77.1163 4437.93 1212911923
-68.2524 4528.41 1212912013
-193.234 4503.83 1212912060
-555.769 4357.5 1212912120
-1422.66 4908.22 1212912180
-2684 4745.12 1212912245
-2999.56 4300.53 1212912300
-3271.68 2991.48 1212912377
-3751.22 1426.93 1212912494
-3829.22 1549.76 1212912541
-3829.22 1549.76 1212912572
-3828.34 1548.65 1212912578
-3828.34 1547.53 1212912634
-3829.22 1547.53 1212912694
-3828.34 1547.53 1212912754
-3825.68 1544.18 1212912815
-3825.68 1544.18 1212912890
-3830.11 1613.41 1212912941
-3864.68 2245.47 1212913013
-3413.5 2272.27 1212913050
-3756.54 2274.5 1212913103
-4522.38 2229.83 1212913163
-4840.6 2541.41 1212913229
-4780.33 2625.17 1212913291
-4365.49 2219.78 1212913343
-3937.36 2242.11 1212913450
-2939.28 2521.31 1212913542
-2938.4 2516.84 1212913597
-2939.28 2515.72 1212913683
-3151.13 2519.07 1212913753
-2982.72 4656.87 1212913853
-1644.26 4827.79 1212913913
-518.541 4351.92 1212913973
396.218 4492.66 1212914033
397.105 4491.55 1212914041
396.218 4490.43 1212914100
395.332 4490.43 1212914107
348.353 4182.13 1212914162
130.3 4412.24 1212914226
-26.5918 4372.02 1212914266
-303.147 4235.75 1212914336
-220.712 3719.7 1212914387
-305.806 3331.01 1212914447
-702.024 3077.48 1212914507
-982.125 3029.46 1212914567
-1156.74 3004.89 1212914635
-1156.74 3004.89 1212914637
-674.546 3073.01 1212914703
-429.901 3202.57 1212914762
-327.08 3485.15 1212914818
-414.833 4031.33 1212914887
-275.669 4386.54 1212914948
-29.251 4393.25 1212914999
67.366 4443.51 1212915060
842.961 4567.51 1212915119
1009.6 4407.77 1212915179
1009.6 4407.77 1212915192
1174.47 3403.61 1212915235
1496.23 2788.22 1212915301
2136.21 2926.71 1212915359
2056.44 2975.85 1212915395
2053.78 2970.26 1212915426
2053.78 2969.15 1212915433
1995.27 2963.56 1212915471
1811.79 3145.61 1212915514
1739.11 3661.62 1212915573
1684.15 3994.47 1212915639
1764.81 4404.42 1212915693
1810.02 4413.35 1212915724
1809.13 4413.35 1212915726
2264.74 4472.56 1212915787
2264.74 4472.56 1212915800
2354.26 4399.95 1212915851
2542.18 4226.81 1212915907
2642.34 4141.92 1212915941
2642.34 4140.8 1212915951
2836.46 3981.07 1212916012
3160 3864.9 1212916091
3245.09 3750.98 1212916136
3413.5 3309.79 1212916196
3689.17 2804.97 1212916252
3148.47 2185.16 1212916317
2683.12 936.745 1212916377
2879.9 -545.92 1212916430
2497.86 -2033.9 1212916480
1482.94 -3135.47 1212916525
-1099.13 -4209.01 1212916620
-1761.27 -5429.67 1212916690
-1687.7 -5581.41 1212916740
-1244.5 -5622.69 1212916815
-807.505 -5315.87 1212916857
-671.887 -5381.7 1212916913
-687.842 -5513.35 1212916985
-947.556 -4752.42 1212917165
-981.239 -4423.25 1212917218
-1061.9 -4269.26 1212917274
1549.42 -3148.87 1212917392
2536.86 -2021.62 1212917425
2622.84 -963.43 1212917486
2523.56 -977.942 1212917515
2457.97 -1298.31 1212917625
1993.5 -1317.29 1212917686
1378.34 -1330.69 1212917747
1311.86 -548.153 1212917807
1265.77 103.829 1212917871
1074.31 533.675 1212917932
1014.92 626.346 1212917955
1014.92 626.346 1212917957
1017.58 649.793 1212918018
1007.83 831.789 1212918077
1351.75 907.715 1212918137
1747.97 935.629 1212918197
1935.89 1318.62 1212918258
2109.62 1503.98 1212918284
2518.25 1899.28 1212918344
2984.49 2391.76 1212918409
2991.58 2387.29 1212918427
3237.11 2653.09 1212918482
2841.78 3033.92 1212918559
2519.13 3042.86 1212918609
2456.2 3052.91 1212918631
2172.55 2989.25 1212918687
1308.32 2859.7 1212918749
825.233 2804.97 1212918812
-1503.32 2426.38 1212918927
-2088.35 2362.72 1212918983
-2708.82 2332.57 1212919043
-3223.82 2304.65 1212919108
-3446.3 2290.14 1212919163
-3508.35 2694.41 1212919326
-3507.46 2694.41 1212919401
-3506.58 2695.53 1212919415
-3502.14 2695.53 1212919480
-3267.25 2923.36 1212919536
-2981.83 4192.18 1212919603
-2073.28 4689.27 1212919663
-860.689 4354.15 1212919724
-731.275 4313.94 1212919728
236.667 4473.67 1212919789
984.784 4560.8 1212919856
1040.63 4216.76 1212919877
1582.21 4041.39 1212919953
2387.06 4178.78 1212919969
2565.23 4204.47 1212920038
2655.64 4132.98 1212920062
2909.15 3859.32 1212920121
3196.34 3590.14 1212920187
3230.02 2890.97 1212920291
3406.41 2511.25 1212920342
3406.41 2511.25 1212920351
3592.56 2975.85 1212920411
3717.54 3099.82 1212920480
3645.74 3566.68 1212920540
3784.9 3723.05 1212920572
3786.68 3720.82 1212920578
3788.45 3721.93 1212920634
3786.68 3720.82 1212920699
3780.47 3728.64 1212920755
3440.1 3429.3 1212920815
2871.92 3104.29 1212921001
1706.31 2925.59 1212921139
1792.29 2381.71 1212921181
1738.22 1971.87 1212921241
1296.8 1527.43 1212921302
1154.09 1385.62 1212921362
1182.45 1014.91 1212921422
1216.13 537.024 1212921482
1435.96 285.813 1212921546
1462.55 31.2603 1212921607
1470.53 -193.142 1212921650
1493.57 -471.123 1212921714
1534.35 -970.127 1212921775
1513.08 -1398.78 1212921832
1250.7 -1913.35 1212921890
1042.4 -2261.59 1212921950
756.094 -2693.52 1212922010
-550.451 -3452.42 1212922063
-1180.68 -4822.71 1212922126
-1991.73 -5436.37 1212922178
-2756.69 -5320.33 1212922239
-4282.17 -5485.46 1212922425
-4271.53 -5562.44 1212922462
-4272.42 -5563.55 1212922488
-4281.29 -5561.32 1212922490
-4397.4 -5393.97 1212922560
-3636.88 -5106.11 1212922612
-2645.89 -5409.59 1212922692
-2016.55 -5717.52 1212922758
-2097.21 -5812.35 1212922867
-2237.26 -5995.31 1212922921
-1910.18 -5913.87 1212922978
-1688.58 -5819.04 1212922998
-1203.72 -5614.88 1212923072
-708.229 -5200.95 1212923132
-257.054 -4533.72 1212923192
-257.054 -4533.72 1212923206
-125.868 -4313.9 1212923219
171.961 -3820.68 1212923280
590.339 -3264.93 1212923335
1002.51 -2689.06 1212923399
1047.72 -2402.22 1212923428
1261.34 -1916.7 1212923488
1300.34 -1841.92 1212923535
1204.61 -2000.41 1212923595
945.783 -2797.32 1212923660
540.701 -3306.22 1212923696
272.123 -3642.13 1212923752
47.8653 -4179.99 1212923811
524.746 -4471.23 1212923871
830.552 -4778.08 1212923932
1433.3 -5284.63 1212924010
