1923.48 4786.45 1212812359
1870.29 5071.32 1212812469
1786.97 5060.15 1212812539
1702.76 4785.34 1212812550
1704.54 4764.11 1212812551
1705.42 4764.11 1212812562
1721.38 4674.74 1212812568
1763.92 4305 1212812624
1844.59 3883.89 1212812683
1911.07 3528.71 1212812743
1911.07 3528.71 1212812959
1010.49 2588.31 1212812976
1144.34 1723.96 1212813036
1192.2 1468.25 1212813096
1051.26 1280.65 1212813161
856.257 1095.3 1212813217
252.622 492.364 1212813347
43.4333 238.921 1212813410
44.3197 173.05 1212813479
53.1837 178.632 1212813530
57.6156 176.399 1212813587
55.8428 188.68 1212813595
203.871 433.189 1212813652
305.806 502.413 1212813666
588.566 667.657 1212813727
912.986 869.752 1212813804
1223.22 902.132 1212813848
1403.16 1083.02 1212813908
1500.67 1381.15 1212813976
1650.47 1583.26 1212814028
1846.36 1784.26 1212814088
2574.98 2494.5 1212814214
2762.89 2721.21 1212814269
2932.19 2946.81 1212814350
3292.07 3172.42 1212814400
3327.52 3174.65 1212814453
3218.5 3077.48 1212814533
3181.27 3108.75 1212814545
3381.59 3342.18 1212814600
3883.29 3265.12 1212814660
4218.35 3079.72 1212814715
4195.3 3019.41 1212814775
4177.58 3011.59 1212814793
4028.66 3151.2 1212814837
3760.09 3390.21 1212814885
3636.88 3552.16 1212814946
3367.41 3205.92 1212815006
2934.85 2984.78 1212815071
2735.41 3088.65 1212815137
2286.01 3042.86 1212815191
2286.01 3042.86 1212815211
2286.01 3042.86 1212815213
2116.71 3038.39 1212815273
2290.44 3163.48 1212815333
2609.55 2887.62 1212815399
