3669.67 -921.01 1212072819
3607.63 -986.872 1212072870
3568.62 -1149.85 1212072923
3273.45 -1168.83 1212073002
3042.99 -1191.15 1212073030
2410.11 -1311.71 1212073096
2189.39 -1318.41 1212073159
1839.27 -1325.1 1212073208
1761.27 -1327.34 1212073268
1393.41 -1336.27 1212073328
1379.23 -1337.38 1212073358
1231.2 -1346.31 1212073419
1167.38 -1758.2 1212073483
1102.67 -1953.53 1212073530
810.165 -1956.88 1212073591
783.573 -1609.75 1212073650
754.322 -1225.76 1212073716
464.471 -958.964 1212073838
157.778 -984.639 1212073892
132.073 -818.308 1212073968
108.14 -512.429 1212074026
82.4347 -168.58 1212074072
72.6843 -31.2602 1212074132
52.2973 242.271 1212074194
48.7517 290.279 1212074254
14.1823 740.232 1212074314
-3.54558 957.96 1212074374
-132.959 1366.63 1212074446
-143.596 1428.05 1212074501
-161.324 1556.46 1212074530
117.89 1706.1 1212074591
539.814 1767.51 1212074663
831.438 1817.76 1212074711
1073.42 1961.82 1212074771
1243.61 1991.97 1212074835
1254.25 2028.82 1212074902
1232.09 2187.39 1212074951
1330.48 2330.34 1212075011
1600.83 2377.24 1212075089
2245.24 2462.12 1212075132
2383.51 2332.57 1212075196
2603.34 2109.22 1212075252
2650.32 2061.2 1212075312
3046.54 2430.85 1212075372
3206.09 2599.48 1212075449
3455.17 2883.15 1212075500
3646.63 3027.22 1212075658
3692.72 3154.55 1212075718
3542.92 3305.32 1212075784
3425.03 3447.17 1212075834
3350.57 3739.81 1212075898
3373.62 3667.2 1212075972
3236.23 3633.7 1212076014
3084.65 3620.29 1212076075
2768.21 3589.02 1212076138
2409.22 3467.27 1212076192
2140.64 3421.48 1212076217
1359.73 3293.04 1212076301
1225 3275.17 1212076361
998.967 3236.08 1212076423
927.169 3226.03 1212076443
667.455 3183.58 1212076508
229.576 3112.1 1212076541
172.847 2563.74 1212076727
249.077 2576.03 1212076732
381.15 2706.69 1212076791
848.279 2792.69 1212076857
962.624 2811.67 1212076916
1083.17 2744.67 1212076982
1131.04 2800.51 1212077030
1098.24 3048.44 1212077090
1247.16 3163.48 1212077155
1527.26 3214.86 1212077215
1918.16 3280.75 1212077271
2071.5 3361.17 1212077334
2068.84 3500.78 1212077392
2189.39 3529.82 1212077454
2469.49 3577.85 1212077529
2705.28 3623.64 1212077577
2902.06 3652.68 1212077632
3063.38 3591.25 1212077708
2978.29 3543.23 1212077752
2964.99 3555.51 1212077780
2964.99 3555.51 1212077786
2563.45 3572.27 1212077832
2216.87 3450.52 1212077895
1691.24 3348.88 1212077952
1642.49 3342.18 1212077987
1130.15 3265.12 1212078043
938.692 3229.38 1212078104
922.737 3327.66 1212078154
1012.26 3339.95 1212078214
1007.83 3348.88 1212078229
1225 3377.92 1212078304
1803.81 3470.63 1212078349
2098.1 3516.42 1212078411
2276.26 3547.69 1212078471
2342.74 3557.75 1212078532
2623.73 3605.77 1212078592
2910.03 3657.15 1212078653
3124.54 3480.68 1212078714
3200.77 3323.19 1212078785
3200.77 3323.19 1212078789
2990.69 3250.6 1212078849
2915.35 3394.68 1212078909
3063.38 3442.7 1212078963
3101.49 3394.68 1212079022
2812.53 3496.31 1212079088
2850.64 3458.34 1212079145
2944.6 3261.77 1212079205
3320.43 2984.78 1212079270
3733.49 2595.01 1212079361
3844.29 2704.46 1212079462
4053.48 2888.74 1212079522
3981.68 3173.53 1212079586
3768.06 3392.44 1212079664
3635.99 3506.37 1212079707
3411.73 3721.93 1212079762
3387.8 3729.75 1212079822
3357.66 3717.47 1212079887
3418.82 3596.84 1212079964
3425.91 3608.01 1212080003
3433.01 3583.43 1212080063
3450.73 3364.52 1212080141
3448.07 3402.49 1212080188
3448.07 3499.67 1212080256
3457.82 3125.51 1212080303
3448.96 3316.49 1212080378
3447.19 3367.87 1212080395
3252.18 3557.75 1212080442
2976.51 3533.17 1212080505
2808.98 3443.82 1212080570
2482.79 3461.69 1212080622
1911.95 3401.38 1212080683
1757.72 3559.98 1212080743
1710.74 3864.9 1212080810
1659.33 4216.76 1212080865
1661.1 4216.76 1212080894
1478.51 4255.85 1212080941
1187.77 4310.59 1212081015
920.077 4282.66 1212081085
880.19 4277.08 1212081097
760.526 4258.09 1212081110
615.158 4231.28 1212081130
674.546 3929.69 1212081184
943.124 3844.8 1212081309
1076.97 3872.72 1212081379
993.648 3766.61 1212081429
846.507 3737.57 1212081498
843.848 3683.96 1212081529
900.577 3250.6 1212081597
725.071 2988.13 1212081678
680.751 2982.55 1212081679
619.59 2968.03 1212081726
162.21 2901.02 1212081843
-248.19 2832.89 1212081906
-369.626 2813.91 1212081956
-811.937 2759.18 1212082016
-862.462 3085.3 1212082076
-990.103 3148.96 1212082136
-990.989 3148.96 1212082144
-1365.93 3081.95 1212082228
-1704.54 3026.11 1212082293
-1721.38 2941.23 1212082315
-1463.44 2942.34 1212082417
-1443.94 2945.69 1212082440
-1206.38 2764.77 1212082500
-1036.2 2790.45 1212082566
195.007 3000.42 1212082681
841.188 3112.1 1212082746
1138.13 3151.2 1212082801
1475.85 3210.39 1212082861
1962.48 3290.8 1212082921
2191.17 3337.71 1212082982
2422.52 3174.65 1212083042
2564.34 3145.61 1212083106
2681.34 2849.65 1212083163
2741.62 2949.04 1212083202
2741.62 2949.04 1212083204
2941.94 3141.14 1212083276
2972.97 3185.82 1212083300
3245.98 3573.38 1212083381
3286.75 3460.57 1212083442
3285.86 3605.77 1212083503
3487.08 3702.95 1212083564
3364.75 3701.83 1212083636
3601.42 3382.39 1212083713
3321.32 2969.15 1212083763
3120.11 2829.54 1212083842
3031.47 2458.77 1212083887
3304.48 2196.33 1212083947
3496.83 2003.14 1212084006
3483.53 1617.88 1212084067
3768.06 474.5 1212084127
3822.13 -313.713 1212084161
3820.36 -1011.43 1212084231
3717.54 -977.942 1212084292
3639.54 -942.22 1212084340
3638.65 -944.452 1212084418
3639.54 -945.569 1212084487
3639.54 -945.569 1212084547
3638.65 -944.452 1212084607
3639.54 -944.452 1212084673
3628.9 -975.709 1212084727
3624.47 -998.035 1212084788
3637.76 -947.801 1212084908
3638.65 -945.569 1212084968
3638.65 -946.685 1212085040
3637.76 -948.918 1212085088
3637.76 -948.918 1212085104
3639.54 -943.336 1212085158
3637.76 -946.685 1212085220
3640.42 -943.336 1212085315
3642.19 -943.336 1212085382
3641.31 -942.22 1212085441
3638.65 -944.452 1212085497
3641.31 -938.871 1212085556
3639.54 -942.22 1212085617
3639.54 -943.336 1212085678
3639.54 -946.685 1212085738
3640.42 -945.569 1212085809
3640.42 -948.918 1212085858
3640.42 -947.801 1212085924
3640.42 -937.754 1212085983
3643.08 -944.452 1212086053
3642.19 -943.336 1212086076
3639.54 -943.336 1212086190
3643.08 -938.871 1212086256
3490.62 -1157.66 1212086394
3000.45 -1195.62 1212086466
2517.36 -1273.76 1212086504
2160.14 -1315.06 1212086560
1965.14 -1323.99 1212086630
1455.46 -1332.92 1212086685
1183.34 -1590.77 1212086745
1033.54 -1995.95 1212086805
804.846 -1888.8 1212086860
772.936 -1419.99 1212086935
577.929 -950.034 1212087048
553.11 -951.15 1212087061
704.684 -766.957 1212087121
690.501 -359.485 1212087182
653.273 112.761 1212087256
627.567 474.5 1212087307
606.294 773.728 1212087373
762.299 971.359 1212087423
1061.9 1272.84 1212087484
1256.91 1397.9 1212087544
1372.14 1390.08 1212087613
1402.28 1359.93 1212087627
1308.32 1295.17 1212087691
1188.65 1285.12 1212087757
1185.11 912.181 1212087802
1225 494.597 1212087862
1238.29 224.407 1212087922
943.124 149.604 1212087988
147.141 94.8978 1212088103
66.4796 97.1307 1212088175
53.1837 264.6 1212088223
15.0687 722.367 1212088283
-84.2075 1122.1 1212088353
-168.415 1242.69 1212088416
-665.682 1157.83 1212088473
-1311.86 1058.45 1212088590
-1561.83 1013.79 1212088647
-1669.08 1569.86 1212088831
-3090.86 1467.13 1212089017
-3150.25 1518.5 1212089070
-3144.04 1512.91 1212089301
-3144.04 1511.8 1212089348
-3145.81 1512.91 1212089404
-3148.47 1512.91 1212089529
-3149.36 1512.91 1212089706
-3150.25 1511.8 1212089766
-3147.59 1511.8 1212089962
-3146.7 1512.91 1212090017
-3149.36 1512.91 1212090082
-3150.25 1514.03 1212090127
-3151.13 1515.15 1212090191
-3159.11 1544.18 1212090308
-3193.68 1667.01 1212090372
-3445.42 1651.38 1212090429
-3863.79 1625.7 1212090488
-4106.67 1612.3 1212090518
-4247.6 1812.18 1212090585
-5344.96 1747.41 1212090758
-5480.58 1739.6 1212090889
-5538.19 1319.74 1212090891
-4704.98 1359.93 1212090951
-3989.66 1396.78 1212091017
-3218.5 1448.15 1212091072
-2790.37 1464.9 1212091141
-2408.33 1319.74 1212091209
-335.057 1418 1212091396
272.123 1512.91 1212091446
869.553 1588.85 1212091509
930.714 1214.77 1212091557
988.33 933.396 1212091631
1020.24 551.539 1212091684
1040.63 222.174 1212091737
1078.74 -155.183 1212091798
1409.37 -176.395 1212091863
1443.94 -171.93 1212091887
1574.24 -253.428 1212091972
1581.33 -331.575 1212091992
1502.44 -342.739 1212092056
1304.77 -348.321 1212092101
1276.41 -144.019 1212092166
971.488 155.186 1212092290
590.339 127.275 1212092341
531.837 122.809 1212092363
257.054 106.062 1212092424
236.667 415.326 1212092489
222.485 609.598 1212092560
196.78 991.457 1212092604
-62.0476 1110.93 1212092664
-117.89 1232.64 1212092725
-171.961 1554.23 1212092785
-748.117 1466.01 1212092845
-1659.33 1516.26 1212092981
-1670.85 1597.78 1212093034
-1929.68 1598.9 1212093086
-3428.57 1447.03 1212093207
-4099.57 1406.83 1212093268
-4229.87 1860.2 1212093332
-4244.94 2175.11 1212093404
-4244.94 2175.11 1212093414
-3835.43 2246.58 1212093535
-3816.81 2248.82 1212093540
-3569.51 2263.33 1212093597
-2382.63 2334.81 1212093778
-1839.27 2364.96 1212093847
-1205.5 2457.65 1212093898
-644.409 2526.89 1212093958
-348.353 2574.91 1212094018
201.212 2678.77 1212094078
242.872 2716.74 1212094145
508.79 2950.16 1212094200
800.414 2985.9 1212094259
935.146 3004.89 1212094319
938.692 3017.17 1212094341
941.351 3014.94 1212094342
942.237 3018.29 1212094380
822.574 2890.97 1212094417
405.969 2827.31 1212094477
-11.5231 2761.42 1212094551
-557.542 2672.07 1212094644
-663.909 2658.67 1212094702
-663.909 2658.67 1212094722
-664.796 2658.67 1212094782
-665.682 2660.9 1212094886
-664.796 2658.67 1212094946
-664.796 2658.67 1212095006
-663.909 2657.55 1212095075
-662.137 2658.67 1212095128
-834.984 2627.4 1212095186
-999.853 2488.92 1212095241
-1004.28 2486.69 1212095302
-1064.56 2363.84 1212095362
-1045.06 2064.55 1212095419
-1525.48 1986.38 1212095468
-1690.35 1696.05 1212095537
-1547.64 1644.68 1212095593
-1542.33 1646.91 1212095625
-954.647 1796.55 1212095672
-632.886 2010.95 1212095738
-262.373 2075.72 1212095792
57.6156 2124.86 1212095849
719.752 2230.95 1212095905
947.556 2270.03 1212095928
1186 2304.65 1212095988
1183.34 2458.77 1212096048
1403.16 2551.46 1212096113
1431.53 2557.04 1212096124
1450.14 2561.51 1212096187
1450.14 2561.51 1212096204
1405.82 2850.76 1212096265
1269.32 2878.68 1212096324
835.87 2810.56 1212096384
432.56 2748.02 1212096445
-181.711 2653.09 1212096548
-181.711 2936.76 1212096612
460.925 3042.86 1212096670
887.281 3113.22 1212096733
1195.75 3159.01 1212096794
1484.71 3198.1 1212096862
2105.19 3285.22 1212096913
2421.63 3345.53 1212096969
2871.92 3436 1212097030
3052.74 3415.9 1212097091
3017.29 3592.37 1212097161
3037.67 3831.4 1212097212
3028.81 4048.09 1212097272
3026.15 4015.7 1212097313
3026.15 4015.7 1212097315
3129.86 3944.21 1212097356
3246.86 3915.17 1212097386
3355 3724.17 1212097442
3348.8 3695.13 1212097506
3346.14 3705.18 1212097562
3347.91 3696.24 1212097632
3351.46 3711.88 1212097693
3364.75 3737.57 1212097742
3347.03 3717.47 1212097802
3339.93 3682.84 1212097862
3408.19 3714.12 1212097932
3409.96 3699.6 1212097934
3368.3 3547.69 1212097994
3096.18 3224.91 1212098060
2744.28 3089.77 1212098121
2553.7 3058.5 1212098175
2469.49 3058.5 1212098241
2422.52 3019.41 1212098270
2413.65 3021.64 1212098321
2345.4 3008.24 1212098326
2120.26 2988.13 1212098387
1882.7 2952.39 1212098443
1380.12 2871.98 1212098502
1284.39 2857.46 1212098563
1098.24 2838.48 1212098622
461.812 2751.37 1212098682
-296.056 2606.18 1212098746
-778.254 2523.54 1212098802
-889.054 2511.25 1212098862
-1348.21 2452.07 1212098991
-1950.07 2376.13 1212099054
-2504.95 2343.74 1212099112
-2690.21 2333.69 1212099169
-3190.13 2304.65 1212099224
-3275.23 2301.3 1212099284
-3618.26 2277.85 1212099360
-4131.48 2248.82 1212099415
-4668.64 2218.66 1212099465
-5019.65 2445.36 1212099585
-5019.65 2445.36 1212099648
-5019.65 2445.36 1212099720
-5026.74 2429.73 1212099786
-5519.58 2379.48 1212099833
-6029.25 2383.94 1212099915
-6025.71 2381.71 1212099923
-5959.23 2044.45 1212099988
-5929.09 1514.03 1212100057
-5432.71 1319.74 1212100104
-4787.42 1354.35 1212100169
-3281.43 1440.33 1212100292
-3040.33 1453.73 1212100356
-2515.59 1357.7 1212100414
-2122.91 1253.86 1212100467
-1825.97 1201.38 1212100527
-1701.88 1214.77 1212100587
-1076.97 1300.75 1212100657
-512.336 1392.32 1212100708
69.1388 1483.88 1212100779
174.62 1501.75 1212100828
381.15 1534.13 1212100893
477.767 1549.76 1212100950
689.615 1583.26 1212101009
746.344 1593.31 1212101069
839.416 1606.71 1212101139
956.42 1631.28 1212101190
1145.22 1663.66 1212101221
1145.22 1662.55 1212101222
1295.91 1684.88 1212101282
1282.61 1864.66 1212101342
1234.75 2156.13 1212101402
1302.11 2214.2 1212101462
1518.39 2201.91 1212101522
1546.76 2026.59 1212101582
1544.1 1489.46 1212101685
1535.24 1480.53 1212101742
1490.03 1558.7 1212101807
1583.99 1788.73 1212101867
1707.2 1914.92 1212101923
1899.54 2104.76 1212101982
2204.46 2407.39 1212102042
2395.04 2583.85 1212102102
2560.79 2752.48 1212102162
2769.98 2963.56 1212102224
2933.08 3153.43 1212102298
3064.27 3304.21 1212102344
3116.56 3309.79 1212102404
3191.91 3319.84 1212102475
3356.78 3561.1 1212102525
3464.92 3736.45 1212102585
3202.54 3501.9 1212102651
3120.11 3518.65 1212102694
2693.75 3382.39 1212102758
2382.63 3548.81 1212102814
2230.17 3547.69 1212102858
2230.17 3547.69 1212102860
1752.4 3469.51 1212102920
1461.66 3423.72 1212102980
1401.39 3405.84 1212103028
1638.06 3352.23 1212103089
1662.88 3132.21 1212103152
1513.08 3195.87 1212103214
1511.3 3231.61 1212103233
1500.67 3282.99 1212103292
1466.98 3513.07 1212103353
1434.19 3704.06 1212103382
1387.21 3983.3 1212103442
1311.86 4117.34 1212103507
1146.11 4088.3 1212103562
1039.74 4074.9 1212103622
908.554 4148.62 1212103692
730.389 4246.92 1212103744
479.539 4203.35 1212103813
171.961 4157.56 1212103864
150.687 4158.67 1212103896
101.935 4148.62 1212103898
46.0925 3994.47 1212103962
85.9803 3746.51 1212104018
117.004 3537.64 1212104078
265.918 3342.18 1212104138
344.807 3020.52 1212104198
390.014 2759.18 1212104258
398.877 2665.37 1212104319
475.994 2211.96 1212104380
544.246 1749.65 1212104445
566.406 1611.18 1212104505
592.998 1438.1 1212104565
768.504 1156.71 1212104626
891.713 1181.28 1212104681
974.147 1153.36 1212104743
1014.92 617.414 1212104802
1043.29 236.688 1212104872
1057.47 -16.7466 1212104926
1252.48 -193.142 1212104975
1643.38 -157.416 1212105035
1809.13 -139.554 1212105095
2122.03 -122.807 1212105155
2314.38 -260.126 1212105215
2335.65 -601.738 1212105276
2348.06 -812.727 1212105338
2371.11 -1088.45 1212105396
2387.06 -1299.43 1212105462
2838.23 -1198.97 1212105518
3378.94 -1169.94 1212105590
3750.33 -1128.64 1212105639
3739.7 -957.848 1212105704
3588.12 -960.081 1212105769
3587.24 -962.313 1212105809
3589.9 -958.964 1212105870
3703.36 -981.29 1212105997
3698.92 -984.639 1212106050
