3277.89 -15854.8 1212955766
2614.86 -12869.1 1212955849
3877.98 -7232.44 1212956046
3606.74 -5718.63 1212956089
3140.5 -4265.92 1212956130
2738.07 -2819.64 1212956186
3690.95 -1541.66 1212956245
3846.07 -2.23288 1212956283
3355 1407.95 1212956327
3589.01 2310.24 1212956448
3107.7 2794.92 1212956506
3058.06 2886.5 1212956567
3130.75 2972.5 1212956630
3155.56 2979.2 1212956647
3234.45 2857.46 1212956697
3430.35 2528.01 1212956765
3028.81 2051.15 1212956813
2668.05 1740.71 1212956844
2686.66 305.91 1212956898
2821.39 -1238.04 1212956952
2520.02 -2697.99 1212956992
3066.04 -4121.97 1212957036
4038.41 -8259.71 1212957155
3998.53 -9750.75 1212957204
2582.07 -12656.2 1212957303
2837.35 -14119.7 1212957345
4185.55 -16124.5 1212957441
4551.64 -16049.8 1212957628
3749.45 -16299.4 1212957727
3939.14 -16240.4 1212957793
4041.96 -16188 1212958015
3003.99 -14682.5 1212958089
3524.3 -10463.3 1212958242
3957.75 -7677.5 1212958332
3690.95 -6188.31 1212958378
3188.36 -4479.04 1212958420
2672.48 -2974.77 1212958469
1178.9 -3177.88 1212958524
15.9551 -3182.35 1212958585
-492.835 -3719.13 1212958700
-370.513 -3661.1 1212958866
-374.058 -3607.53 1212958872
14.1823 -3273.86 1212958932
990.103 -2426.78 1212958988
1148.77 -2123.19 1212959048
1381.89 -1666.67 1212959108
1536.12 -1376.45 1212959168
1849.02 -1335.15 1212959202
2337.42 -1321.76 1212959233
2562.57 -1951.3 1212959308
2829.37 -3403.31 1212959341
3257.5 -4863.99 1212959397
3693.61 -6305.45 1212959435
2606.89 -13098.7 1212959646
4194.42 -16130.1 1212959858
