3647.51 -975.709 1211243930
3729.06 -954.499 1211244153
3728.18 -958.964 1211244197
3729.06 -962.313 1211244260
3729.95 -963.43 1211244316
3731.72 -952.266 1211244372
3729.06 -963.43 1211244436
3729.06 -956.732 1211244547
3729.06 -957.848 1211244587
3736.15 -963.43 1211244674
3733.49 -973.476 1211244749
3737.04 -966.778 1211244799
3649.29 -987.988 1211244975
3648.4 -989.105 1211245108
3648.4 -989.105 1211245159
3648.4 -989.105 1211245221
3648.4 -990.221 1211245289
3647.51 -989.105 1211245460
3647.51 -990.221 1211245523
3647.51 -992.453 1211245593
3646.63 -991.337 1211245640
3646.63 -990.221 1211245712
3644.85 -984.639 1211245832
3645.74 -998.035 1211245894
3647.51 -986.872 1211246006
3646.63 -977.942 1211246138
3646.63 -972.36 1211246187
3481.76 -1043.8 1211246313
3789.34 -851.798 1211246362
3948.89 -723.42 1211246420
3856.7 -108.294 1211246444
3371.84 1307.45 1211246501
3129.86 1581.03 1211246524
3305.36 1799.9 1211246568
3299.16 1817.76 1211246686
3395.78 1958.47 1211246751
3438.32 2002.02 1211246753
3505.69 1797.66 1211246815
2560.79 1674.83 1211246933
2169.01 1292.94 1211246993
2049.34 1180.16 1211247053
1638.06 1094.18 1211247118
1608.81 1088.6 1211247184
1035.31 1079.67 1211247299
1000.74 1076.32 1211247360
666.569 898.782 1211247420
327.966 560.471 1211247479
176.392 425.374 1211247526
176.392 426.491 1211247543
57.6156 294.745 1211247592
246.418 94.8978 1211247652
510.563 727.95 1211247772
570.838 788.243 1211247832
605.407 815.04 1211247892
607.18 819.507 1211247907
1054.81 879.801 1211247958
1548.53 922.23 1211248025
1770.13 942.328 1211248079
1867.63 1250.51 1211248134
2000.59 1395.67 1211248194
2544.84 1930.55 1211248254
3066.92 2443.13 1211248315
3351.46 2729.03 1211248380
3478.21 2598.36 1211248431
3478.21 2598.36 1211248451
3278.77 2621.82 1211248493
3022.61 2869.75 1211248553
2934.85 3146.73 1211248613
3187.47 3437.12 1211248679
3452.51 3648.22 1211248734
3466.69 3742.04 1211248796
3389.57 3720.82 1211248857
3339.93 3647.1 1211248889
3140.5 3486.26 1211248959
3089.97 3342.18 1211249009
2962.33 3429.3 1211249079
2780.62 3496.31 1211249135
2886.1 3402.49 1211249260
2556.36 3183.58 1211249310
2546.61 3076.37 1211249370
2554.59 3203.69 1211249430
2552.82 3178 1211249490
2553.7 3184.7 1211249554
2559.02 3240.54 1211249600
2534.2 3249.48 1211249660
2537.75 3248.36 1211249671
2473.04 3043.98 1211249730
2063.53 2994.84 1211249791
1727.58 2942.34 1211249862
1295.02 2866.4 1211249911
905.009 2821.73 1211250039
682.524 2788.22 1211250092
413.946 2750.25 1211250153
241.986 2705.58 1211250228
286.305 2448.72 1211250291
295.169 2462.12 1211250292
246.418 2735.73 1211250412
566.406 2846.3 1211250477
856.257 3107.64 1211250532
1177.13 3161.25 1211250595
1218.79 3265.12 1211250652
1224.11 3304.21 1211250723
1225 3306.44 1211250746
1217.02 3291.92 1211250800
1207.27 3364.52 1211250856
1343.77 3396.91 1211250885
1591.96 3434.88 1211250946
1651.35 3260.65 1211250988
1911.07 3282.99 1211251044
2225.74 3328.78 1211251092
2505.84 3488.5 1211251156
2764.66 3610.24 1211251212
2934.85 3761.03 1211251285
2925.99 4547.4 1211251395
2880.78 4809.91 1211251449
2613.09 5075.79 1211251498
2510.27 5170.74 1211251554
999.853 4930.56 1211251801
377.604 4827.79 1211251850
169.301 4796.51 1211251901
163.097 4792.04 1211251907
-117.89 4780.87 1211251965
-129.414 4785.34 1211251982
271.237 4794.27 1211252038
778.254 4891.46 1211252097
1122.18 4699.32 1211252176
1187.77 4240.21 1211252218
1454.57 4250.27 1211252285
1454.57 4250.27 1211252311
1599.94 3576.73 1211252417
1752.4 3462.81 1211252486
2174.33 3528.71 1211252537
2210.67 3565.56 1211252598
2209.78 3564.45 1211252657
2207.12 3562.21 1211252717
2208.01 3563.33 1211252790
2200.92 3585.67 1211252792
1919.04 3605.77 1211252851
1489.14 3535.41 1211252911
1038.85 3466.16 1211252972
990.103 3821.34 1211253033
836.756 4540.7 1211253100
-12.4095 4437.93 1211253153
-185.256 4497.13 1211253210
-183.484 4512.77 1211253213
165.756 4571.97 1211253284
167.529 4571.97 1211253335
253.509 4509.42 1211253405
117.89 4469.21 1211253467
-475.107 4379.84 1211253580
-535.382 4455.8 1211253631
-13.2959 4338.51 1211253786
9.75034 4138.57 1211253848
241.099 4154.2 1211253880
634.658 4217.87 1211253958
746.344 4254.74 1211254013
686.956 4642.35 1211254073
658.591 4826.67 1211254129
650.614 4834.49 1211254189
650.614 4833.37 1211254223
992.762 4545.17 1211254253
1021.13 4347.45 1211254321
1564.49 4034.69 1211254436
2537.75 4197.77 1211254502
3086.43 4201.12 1211254561
3129.86 3698.48 1211254617
3482.64 3621.41 1211254679
3482.64 3620.29 1211254724
3436.55 3811.29 1211254748
3451.62 3810.17 1211254758
3456.05 3766.61 1211254814
3360.32 3492.96 1211254869
3010.2 3366.75 1211254929
2676.02 2848.53 1211254989
2466.84 2650.85 1211255062
2416.31 2714.51 1211255109
2382.63 2756.95 1211255138
2567 2853 1211255203
2693.75 2836.24 1211255251
2716.8 2826.19 1211255316
2697.3 2799.39 1211255374
2707.05 2799.39 1211255412
2701.73 2799.39 1211255477
2708.82 2801.62 1211255528
2706.16 2797.16 1211255588
2701.73 2791.57 1211255648
2713.25 2792.69 1211255708
2714.14 2791.57 1211255782
2731.87 2781.52 1211255817
2410.11 2358.26 1211255877
2246.12 2462.12 1211255945
1941.2 2562.63 1211256000
1328.71 2428.61 1211256063
1165.61 2519.07 1211256118
999.853 2820.61 1211256182
704.684 2785.99 1211256252
-145.369 2641.92 1211256302
-421.924 2580.5 1211256369
-1112.43 2477.75 1211256412
-2278.92 2356.02 1211256538
-2446.45 2543.64 1211256609
-2409.22 2553.69 1211256615
-2339.19 2349.32 1211256677
-2337.42 2333.69 1211256713
-2275.37 2332.57 1211256737
-2574.98 2339.27 1211256886
-3089.97 2309.12 1211256936
-3196.34 2311.35 1211256975
-3199.88 2334.81 1211257016
-3238.89 2515.72 1211257039
-2996.01 3630.35 1211257171
-2587.39 4689.27 1211257221
-1404.94 4874.7 1211257279
46.0925 5104.83 1211257404
350.126 4842.31 1211257468
799.528 4886.99 1211257519
1382.78 4983.06 1211257579
1970.45 5221.01 1211257700
1970.45 5219.9 1211257712
2078.59 5248.94 1211257772
1757.72 5156.22 1211257838
1961.59 5032.22 1211258004
2112.28 4601.02 1211258115
2352.49 4391.01 1211258175
2567.88 4203.35 1211258243
2864.83 3922.99 1211258301
2832.03 3691.78 1211258336
2831.14 3659.39 1211258384
2945.49 3497.43 1211258430
2449.99 3478.44 1211258491
1849.02 3356.7 1211258557
1146.11 3251.71 1211258617
920.077 3131.09 1211258679
1008.72 2586.08 1211258738
1105.33 1943.95 1211258797
718.866 1694.93 1211258864
228.69 1616.76 1211258913
-308.465 1458.2 1211258973
-351.012 1314.15 1211259033
-351.899 1319.74 1211259048
-1124.83 1085.25 1211259169
-1535.24 1011.56 1211259250
-1536.12 959.077 1211259267
-1535.24 960.193 1211259315
-1536.12 959.077 1211259382
-1536.12 957.96 1211259446
-1536.12 957.96 1211259476
-1537.01 957.96 1211259536
-1537.01 957.96 1211259596
-1537.01 957.96 1211259740
-1536.12 956.843 1211259800
-1529.92 956.843 1211259832
-1130.15 1078.55 1211259908
-718.866 1143.31 1211259963
-428.129 1287.35 1211260031
-171.074 1549.76 1211260143
-201.212 1536.36 1211260202
-197.666 1537.48 1211260263
-192.348 1535.25 1211260323
-185.256 1537.48 1211260378
-148.028 1382.27 1211260499
-76.2299 1241.57 1211260536
862.462 1397.9 1211260656
1033.54 1424.7 1211260705
1033.54 1422.47 1211260707
1059.24 1347.65 1211260766
848.279 1085.25 1211260832
774.709 1020.49 1211260852
620.476 863.052 1211260912
-40.7741 1065.15 1211261049
-115.231 1225.94 1211261060
-273.009 1540.83 1211261120
-838.529 1451.5 1211261185
-1618.56 1324.2 1211261240
-2644.11 1490.58 1211261360
-2954.35 2293.49 1211261534
-2694.64 1792.08 1211261646
-2590.04 1595.55 1211261699
-2899.4 1474.95 1211261819
-2901.17 1476.06 1211261883
-2930.42 1471.6 1211261983
-2929.53 1469.36 1211262039
-2930.42 1470.48 1211262104
-2933.08 1471.6 1211262157
-2746.94 1467.13 1211262227
-1649.58 1414.65 1211262334
-1059.24 1305.22 1211262404
-355.444 1426.93 1211262456
-99.2762 1469.36 1211262476
559.315 1568.75 1211262536
1029.99 1541.95 1211262596
2160.14 1035 1211262661
2783.28 1802.13 1211262722
3354.12 2144.96 1211262781
3353.23 2141.61 1211262795
3593.44 1904.87 1211262855
3682.97 2216.43 1211262921
3253.95 2632.98 1211262980
2914.46 2581.61 1211263044
2508.5 2616.23 1211263095
2501.41 2714.51 1211263172
2728.32 2952.39 1211263199
2995.13 3121.04 1211263253
3003.99 2884.27 1211263313
2933.97 3179.12 1211263373
2740.73 3739.81 1211263433
2713.25 4026.87 1211263493
2485.45 4292.71 1211263554
2402.13 4402.18 1211263611
2504.95 4440.16 1211263682
2293.1 4489.31 1211263736
2048.46 4679.21 1211263792
2130.01 4586.5 1211263917
2328.56 4403.3 1211263966
2339.19 4413.35 1211264003
1142.56 3988.89 1211264113
670.114 4122.93 1211264173
552.224 4105.06 1211264237
552.224 4103.94 1211264261
290.737 4167.61 1211264307
-6.20476 4313.94 1211264383
-22.1599 4402.18 1211264429
422.81 4387.66 1211264492
445.856 4206.7 1211264536
7.09116 4205.59 1211264587
-171.961 4335.16 1211264648
-139.164 4312.82 1211264672
297.829 4174.31 1211264783
847.393 4255.85 1211264840
990.103 4277.08 1211264905
1448.37 4367.55 1211264965
2018.32 4454.68 1211265026
2335.65 4411.12 1211265086
2438.47 4310.59 1211265146
2557.25 4225.69 1211265212
2640.57 4136.33 1211265267
2848.87 4248.03 1211265327
3098.83 4127.4 1211265391
3390.46 3824.69 1211265457
3409.07 3793.42 1211265470
3663.47 3759.91 1211265499
3663.47 3759.91 1211265522
3431.23 3303.09 1211265582
2899.4 3078.6 1211265642
2612.2 2838.48 1211265702
2434.04 2769.24 1211265771
2408.33 2740.2 1211265830
2463.29 2946.81 1211265890
2315.26 3043.98 1211265950
2041.37 2964.68 1211266015
1705.42 2963.56 1211266070
1209.93 2896.55 1211266130
596.543 2855.23 1211266232
117.004 2579.38 1211266340
249.963 2711.16 1211266405
164.869 3229.38 1211266500
110.799 3590.14 1211266560
163.983 3180.23 1211266681
205.644 2901.02 1211266716
