3700.7 -951.15 1212748576
3700.7 -951.15 1212748589
3700.7 -950.034 1212748655
3701.58 -950.034 1212748709
3702.47 -951.15 1212748781
3699.81 -948.918 1212748830
3698.92 -948.918 1212748899
3699.81 -948.918 1212748944
3701.58 -951.15 1212749004
3701.58 -950.034 1212749064
3700.7 -950.034 1212749127
3700.7 -948.918 1212749184
3700.7 -948.918 1212749255
3700.7 -950.034 1212749308
3699.81 -948.918 1212749376
3701.58 -950.034 1212749424
3701.58 -950.034 1212749473
3700.7 -950.034 1212749536
3701.58 -951.15 1212749598
3701.58 -952.266 1212749657
3700.7 -951.15 1212749712
3701.58 -951.15 1212749772
3701.58 -951.15 1212749848
3701.58 -951.15 1212749902
3700.7 -948.918 1212749954
3701.58 -948.918 1212750015
3700.7 -948.918 1212750075
3700.7 -948.918 1212750146
3699.81 -950.034 1212750197
3698.92 -948.918 1212750261
3698.92 -948.918 1212750320
3701.58 -950.034 1212750376
3700.7 -948.918 1212750414
3700.7 -950.034 1212750469
3698.92 -948.918 1212750539
3700.7 -948.918 1212750590
3701.58 -950.034 1212750654
3702.47 -951.15 1212750780
3700.7 -951.15 1212750830
3699.81 -950.034 1212750894
3699.81 -948.918 1212750950
3698.92 -950.034 1212751010
3697.15 -948.918 1212751037
3697.15 -948.918 1212751097
3699.81 -951.15 1212751157
3700.7 -952.266 1212751219
3700.7 -953.383 1212751379
3701.58 -953.383 1212751435
3701.58 -952.266 1212751494
3701.58 -951.15 1212751560
3700.7 -951.15 1212751609
3698.04 -951.15 1212751730
3694.49 -947.801 1212751794
3694.49 -948.918 1212751854
3698.04 -948.918 1212751910
3698.92 -950.034 1212751985
3699.81 -950.034 1212752106
3699.81 -950.034 1212752151
3699.81 -950.034 1212752220
3698.92 -948.918 1212752281
3699.81 -950.034 1212752336
3698.04 -950.034 1212752389
3696.26 -951.15 1212752443
3696.26 -950.034 1212752503
3696.26 -948.918 1212752563
3696.26 -948.918 1212752684
3698.92 -948.918 1212752752
3699.81 -948.918 1212752804
3700.7 -948.918 1212752865
3700.7 -948.918 1212752925
3703.36 -950.034 1212752986
3703.36 -950.034 1212753027
3700.7 -948.918 1212753078
3699.81 -947.801 1212753142
3700.7 -951.15 1212753210
3699.81 -951.15 1212753258
3699.81 -950.034 1212753452
3700.7 -950.034 1212753504
3702.47 -947.801 1212753559
3701.58 -946.685 1212753621
3698.92 -946.685 1212753686
3698.92 -946.685 1212753801
3696.26 -943.336 1212753861
3699.81 -945.569 1212753921
3700.7 -951.15 1212753981
3700.7 -950.034 1212754041
3698.92 -953.383 1212754162
3699.81 -951.15 1212754222
3699.81 -950.034 1212754279
3699.81 -950.034 1212754404
3698.92 -950.034 1212754469
3699.81 -950.034 1212754534
3700.7 -947.801 1212754581
3700.7 -947.801 1212754641
3700.7 -947.801 1212754702
3700.7 -948.918 1212754772
3700.7 -947.801 1212754822
3700.7 -947.801 1212754858
3700.7 -948.918 1212754918
3700.7 -948.918 1212754983
3698.04 -954.499 1212755033
3698.04 -950.034 1212755097
3699.81 -948.918 1212755153
3699.81 -948.918 1212755219
3698.92 -948.918 1212755274
3699.81 -948.918 1212755404
3699.81 -948.918 1212755453
3699.81 -953.383 1212755584
3700.7 -948.918 1212755634
3700.7 -947.801 1212755695
3698.92 -951.15 1212755771
3700.7 -947.801 1212755815
3701.58 -948.918 1212755875
3700.7 -950.034 1212755935
3700.7 -950.034 1212755995
3701.58 -946.685 1212756055
3701.58 -946.685 1212756122
3701.58 -947.801 1212756179
3700.7 -947.801 1212756302
3700.7 -947.801 1212756357
3700.7 -950.034 1212756432
3700.7 -951.15 1212756478
3700.7 -950.034 1212756557
3702.47 -950.034 1212756609
3699.81 -950.034 1212756664
3699.81 -952.266 1212756729
3699.81 -953.383 1212756785
3700.7 -950.034 1212756840
3700.7 -950.034 1212756900
3700.7 -951.15 1212756981
3700.7 -951.15 1212757041
3701.58 -951.15 1212757124
3700.7 -951.15 1212757171
3699.81 -951.15 1212757221
3700.7 -950.034 1212757411
3700.7 -950.034 1212757462
3700.7 -950.034 1212757527
3702.47 -950.034 1212757707
3702.47 -948.918 1212757768
3700.7 -948.918 1212757883
3700.7 -948.918 1212757943
3699.81 -947.801 1212758003
3700.7 -947.801 1212758063
3700.7 -948.918 1212758131
3699.81 -947.801 1212758183
3700.7 -948.918 1212758244
3699.81 -947.801 1212758304
3698.92 -945.569 1212758380
3699.81 -948.918 1212758425
3698.92 -947.801 1212758497
3702.47 -948.918 1212758553
3699.81 -947.801 1212758610
3698.04 -946.685 1212758675
3699.81 -947.801 1212758735
3698.92 -947.801 1212758790
3699.81 -947.801 1212758845
3699.81 -947.801 1212758906
3700.7 -947.801 1212758966
3700.7 -948.918 1212759035
3699.81 -947.801 1212759086
3699.81 -947.801 1212759157
3700.7 -947.801 1212759213
3700.7 -947.801 1212759269
3701.58 -948.918 1212759328
3700.7 -948.918 1212759393
3699.81 -947.801 1212759458
3699.81 -946.685 1212759509
3696.26 -945.569 1212759583
3697.15 -946.685 1212759630
3699.81 -946.685 1212759807
3699.81 -946.685 1212759863
3700.7 -948.918 1212759919
3700.7 -948.918 1212759979
3701.58 -948.918 1212760044
3700.7 -947.801 1212760110
3702.47 -950.034 1212760222
3702.47 -948.918 1212760278
3702.47 -948.918 1212760337
3701.58 -947.801 1212760397
3699.81 -948.918 1212760461
3698.04 -947.801 1212760528
3700.7 -946.685 1212760582
3700.7 -948.918 1212760642
3700.7 -951.15 1212760703
3700.7 -948.918 1212760763
3699.81 -947.801 1212760823
3700.7 -950.034 1212761000
3700.7 -950.034 1212761064
3700.7 -950.034 1212761124
3698.92 -951.15 1212761184
3699.81 -950.034 1212761249
3700.7 -948.918 1212761378
3700.7 -948.918 1212761424
3700.7 -950.034 1212761489
3701.58 -948.918 1212761600
3701.58 -947.801 1212761659
3701.58 -946.685 1212761730
3699.81 -947.801 1212761907
3699.81 -947.801 1212761960
3698.92 -947.801 1212762030
3699.81 -951.15 1212762081
3699.81 -952.266 1212762156
3671.45 -928.824 1212762208
3668.79 -932.173 1212762252
3669.67 -929.94 1212762311
3668.79 -927.708 1212762434
3671.45 -928.824 1212762608
3670.56 -928.824 1212762668
3669.67 -928.824 1212762729
3667.9 -931.057 1212762788
3672.33 -926.591 1212762854
3668.79 -925.475 1212762909
3670.56 -925.475 1212762980
3672.33 -924.359 1212763031
3670.56 -926.591 1212763089
3669.67 -926.591 1212763162
3669.67 -926.591 1212763217
3659.04 -932.173 1212763269
3663.47 -928.824 1212763330
3645.74 -944.452 1212763390
3664.35 -935.522 1212763521
3668.79 -935.522 1212763571
3671.45 -931.057 1212763630
3670.56 -932.173 1212763690
3667.9 -935.522 1212763755
3667.9 -936.638 1212763821
3670.56 -928.824 1212763870
3672.33 -928.824 1212763931
3667.9 -927.708 1212764001
3670.56 -921.01 1212764062
3667.9 -916.544 1212764126
3667.9 -919.893 1212764175
3670.56 -924.359 1212764250
3669.67 -931.057 1212764294
3671.45 -927.708 1212764354
3671.45 -924.359 1212764474
3671.45 -926.591 1212764605
3672.33 -927.708 1212764715
3670.56 -927.708 1212764840
3670.56 -926.591 1212764895
3670.56 -926.591 1212764961
3671.45 -927.708 1212765020
3671.45 -926.591 1212765077
3670.56 -925.475 1212765141
3672.33 -927.708 1212765200
3671.45 -927.708 1212765268
3639.54 -982.407 1212765328
3572.17 -1143.15 1212765380
3268.14 -1176.64 1212765406
2559.02 -1269.29 1212765468
2161.03 -1315.06 1212765527
1614.12 -1329.57 1212765588
1381 -1335.15 1212765647
1166.5 -1379.8 1212765706
981.239 -1479.15 1212765755
958.192 -1165.48 1212765826
939.578 -941.103 1212765879
905.895 -705.559 1212765934
906.782 -705.559 1212765967
1119.52 -736.816 1212766022
1490.92 -708.908 1212766084
1426.21 521.393 1212766205
1481.17 1354.35 1212766384
1740.88 1668.13 1212766440
2003.25 1933.9 1212766510
2187.62 2114.81 1212766560
2274.49 2456.53 1212766630
2178.76 2759.18 1212766687
2181.42 2882.03 1212766745
2245.24 2848.53 1212766808
2311.72 2882.03 1212766855
2259.42 2798.27 1212766863
1740.88 2705.58 1212766951
1841.04 2093.59 1212767011
1884.47 1823.35 1212767080
1560.94 1491.7 1212767133
1435.07 1368.87 1212767195
1374.8 1138.85 1212767257
1482.94 1278.42 1212767313
1474.96 1284 1212767377
1480.28 1278.42 1212767438
1639.83 1569.86 1212767493
1750.63 1679.3 1212767553
1985.52 1916.03 1212767618
2366.67 2295.72 1212767679
2584.73 2509.02 1212767738
2820.51 2765.88 1212767794
2981.83 2903.25 1212767854
3362.09 3381.27 1212767914
3561.53 3361.17 1212767981
3758.31 3461.69 1212768041
3768.95 3452.75 1212768045
3955.09 3609.12 1212768105
3856.7 3735.34 1212768165
3604.97 4048.09 1212768228
3585.47 4072.66 1212768291
3453.39 3746.51 1212768407
3459.6 3561.1 1212768467
3459.6 3586.79 1212768543
3433.89 3532.06 1212768589
3430.35 3533.17 1212768651
3433.01 3522 1212768711
3432.12 3520.89 1212768724
3432.12 3520.89 1212768739
3325.75 3581.2 1212768773
3180.38 3564.45 1212768842
2949.92 3520.89 1212768893
2611.32 3507.48 1212768947
1878.27 3380.16 1212769007
1541.44 3326.55 1212769067
1229.43 3303.09 1212769127
1043.29 3334.36 1212769187
938.692 3922.99 1212769248
825.233 4626.71 1212769316
795.982 4856.83 1212769378
387.354 4830.02 1212769439
42.5469 5116 1212769494
-320.875 5147.28 1212769560
-799.528 5070.2 1212769611
-1108.88 5014.34 1212769676
-1480.28 5072.43 1212769791
-1457.23 5052.33 1212769851
-1457.23 5052.33 1212769916
-1363.27 5053.44 1212769972
-1757.72 4903.75 1212770037
-2366.67 4787.57 1212770093
-2694.64 4826.67 1212770150
-2694.64 4826.67 1212770156
-2967.65 4922.74 1212770218
-3375.39 5191.97 1212770274
-3707.79 4593.2 1212770340
-3977.25 3912.93 1212770405
-4151.87 3179.12 1212770466
-4372.58 2683.24 1212770515
-4289.26 2435.31 1212770556
-4161.62 2275.62 1212770630
-4525.93 2225.36 1212770770
-4183.78 2222.01 1212770841
-3765.4 2247.7 1212770887
-3431.23 2274.5 1212770951
-3016.4 2300.19 1212771023
-2565.23 2318.05 1212771079
-1917.27 2358.26 1212771128
-1666.42 2388.41 1212771188
-1158.52 2465.47 1212771261
-417.492 2554.81 1212771313
197.666 2669.84 1212771460
250.85 2685.47 1212771461
-301.374 2597.25 1212771543
-335.057 2808.32 1212771616
-196.78 2710.04 1212771690
395.332 2838.48 1212771785
363.422 3018.29 1212771856
494.608 3045.09 1212771910
1036.2 3136.68 1212771966
1317.18 3175.77 1212772067
1859.66 3310.91 1212772126
2387.95 3384.62 1212772182
2704.39 3414.78 1212772243
2792.14 3562.21 1212772484
2795.69 3527.59 1212772559
2800.12 3536.52 1212772566
2784.16 3580.08 1212772573
2875.46 3523.12 1212772633
2878.12 3597.95 1212772708
2884.33 3616.94 1212772753
2881.67 3621.41 1212772836
2882.55 3557.75 1212772896
2660.07 3479.56 1212772956
2660.07 3479.56 1212772971
2343.63 3470.63 1212773016
1471.41 3312.03 1212773112
1471.41 3312.03 1212773127
1061.01 3264 1212773168
624.022 3178 1212773232
-35.4558 3066.31 1212773305
-647.954 2976.97 1212773343
-987.443 3020.52 1212773458
-1410.25 2968.03 1212773557
-1415.57 2966.91 1212773562
-1671.74 2918.89 1212773618
-1676.17 2920.01 1212773645
-1895.11 2880.92 1212773710
-2250.56 2826.19 1212773770
-2681.34 2758.07 1212773828
-3240.66 2718.98 1212773911
-3897.48 2670.96 1212773998
-3873.54 2406.28 1212774082
-3878.86 2402.93 1212774132
-3819.47 2252.17 1212774180
-3464.92 2268.92 1212774244
-2964.1 2297.95 1212774300
-2591.82 2320.29 1212774369
-2252.33 2332.57 1212774421
-1813.56 2353.79 1212774491
-919.191 2482.22 1212774603
-819.915 2727.91 1212774663
-393.559 2792.69 1212774723
-382.036 2799.39 1212774749
-375.831 2873.1 1212774795
-288.965 2917.77 1212774827
-356.331 2810.56 1212774891
-288.078 2918.89 1212774952
-211.848 2752.48 1212775017
-423.697 2688.82 1212775072
-388.241 2876.45 1212775189
-361.649 2744.67 1212775254
-637.318 2654.2 1212775309
-904.122 2523.54 1212775378
-1286.16 2461 1212775429
-1726.7 1731.78 1212775615
-2272.72 1539.71 1212775808
-2845.33 1471.6 1212775868
-3151.13 1556.46 1212775917
-3148.47 1558.7 1212775945
-3147.59 1559.81 1212776054
-3147.59 1559.81 1212776263
-3144.93 1562.05 1212776384
-3150.25 1562.05 1212776448
-3149.36 1563.16 1212776504
-3148.47 1563.16 1212776622
-3147.59 1563.16 1212776671
-3156.45 1650.26 1212776795
-3060.72 2290.14 1212776916
-2737.19 2308 1212776968
-3496.83 2284.55 1212777117
-3846.07 2262.22 1212777178
