3796.43 -10108.7 1213079897
4134.14 -8643.37 1213079947
3866.45 -7152.13 1213080000
3599.65 -5662.85 1213080050
3130.75 -4239.14 1213080114
2734.53 -2789.5 1213080170
3678.54 -1600.82 1213080228
3859.36 -179.745 1213080289
3397.55 1120.98 1213080350
2746.94 1974.1 1213080411
2466.84 2261.1 1213080476
2368.45 2344.86 1213080531
2394.15 2319.17 1213080584
2511.16 2195.21 1213080639
2814.3 1899.28 1213080699
3258.39 1418 1213080759
3799.97 250.086 1213080820
3811.5 -782.586 1213080884
4211.26 -825.006 1213080939
4271.53 -1326.22 1213080999
4249.37 -1856.43 1213081059
4197.96 -2026.08 1213081124
