3693.61 -913.196 1211286802
3619.15 -983.523 1211286862
3594.33 -982.407 1211286935
3571.28 -1005.85 1211286947
3635.99 -1153.2 1211287007
3636.88 -1155.43 1211287070
3636.88 -1156.55 1211287134
4006.5 -1117.48 1211287188
3854.04 2.32831e-09 1211287250
3272.57 1423.58 1211287322
3261.93 1812.18 1211287365
3549.12 1824.46 1211287425
3552.67 1825.58 1211287454
3555.33 1823.35 1211287553
3555.33 1824.46 1211287604
3555.33 1823.35 1211287615
3635.1 1912.68 1211287666
3662.58 2239.88 1211287726
3113.9 2758.07 1211287791
2951.69 2943.46 1211287849
2890.53 2816.14 1211287917
2917.12 2565.98 1211287967
2528 2735.73 1211288028
2793.03 2737.96 1211288095
2754.03 3094.23 1211288150
2688.43 3314.26 1211288174
2677.8 3390.21 1211288195
2676.02 3390.21 1211288273
2678.68 3398.03 1211288293
2675.14 3391.33 1211288359
2675.14 3391.33 1211288413
2671.59 3383.51 1211288474
2683.12 3391.33 1211288533
2683.12 3391.33 1211288547
2645.89 3592.37 1211288614
2210.67 3566.68 1211288684
2210.67 3554.39 1211288744
1753.29 3473.98 1211288809
1213.47 3396.91 1211288869
1068.99 3357.82 1211288909
681.637 3303.09 1211288962
327.08 3246.13 1211289017
7.97755 3193.64 1211289040
-431.674 3211.51 1211289100
-496.381 3602.42 1211289175
-608.067 4330.69 1211289281
-488.403 4470.32 1211289336
-410.401 4888.11 1211289423
-456.493 4989.77 1211289480
-70.9116 4585.38 1211289539
-40.7741 4450.22 1211289610
243.758 4473.67 1211289667
965.284 4587.61 1211289720
1050.38 4173.19 1211289780
1405.82 4015.7 1211289875
2387.06 4177.66 1211289915
2655.64 4139.68 1211289962
2740.73 4062.61 1211290037
2844.44 3949.79 1211290084
3185.7 3654.92 1211290208
3203.43 3613.59 1211290220
3061.61 3395.79 1211290280
3000.45 3402.49 1211290310
2679.57 3274.05 1211290370
2009.46 3849.27 1211290543
2008.57 3850.38 1211290551
1982.86 4011.23 1211290573
1919.93 4416.7 1211290633
1861.43 4780.87 1211290693
1661.1 5024.4 1211290758
1598.17 5118.24 1211290814
1595.51 5114.88 1211290874
1594.62 5126.06 1211290942
1594.62 5131.64 1211291013
1882.7 5175.21 1211291063
2607.77 5209.84 1211291134
2919.78 4960.72 1211291183
3383.37 4328.46 1211291291
3748.56 3823.58 1211291347
3669.67 3885.01 1211291420
3931.16 3622.53 1211291467
3945.34 3605.77 1211291527
3861.13 3832.51 1211291638
3861.13 3832.51 1211291641
3516.33 4183.25 1211291711
2940.17 4973.01 1211291776
2569.66 5181.91 1211291821
2059.98 5206.49 1211291882
1599.06 5131.64 1211291957
1599.06 5121.59 1211291984
1795.84 5156.22 1211292055
2477.47 5266.82 1211292124
2490.77 5269.05 1211292171
2612.2 5203.14 1211292224
2920.67 4949.55 1211292285
