3664.35 -936.638 1211936971
3641.31 -989.105 1211937086
3635.99 -995.802 1211937176
3635.99 -994.686 1211937225
3642.19 -990.221 1211937349
3643.08 -990.221 1211937407
3643.97 -990.221 1211937465
3643.97 -989.105 1211937535
3643.08 -990.221 1211937596
3640.42 -991.337 1211937646
3641.31 -989.105 1211937707
3643.97 -994.686 1211937827
3644.85 -993.57 1211937887
3645.74 -991.337 1211937948
3644.85 -990.221 1211938040
3643.97 -993.57 1211938095
3642.19 -992.453 1211938165
3641.31 -990.221 1211938215
3643.08 -992.453 1211938275
3645.74 -994.686 1211938345
3646.63 -993.57 1211938407
3645.74 -993.57 1211938456
3644.85 -989.105 1211938518
3645.74 -990.221 1211938576
3599.65 -984.639 1211938636
3490.62 -1078.41 1211938698
3746.79 -856.263 1211938757
3891.27 -542.571 1211938820
3480.87 914.414 1211938882
3204.32 1756.35 1211938938
3542.92 1818.88 1211938998
3569.51 1837.86 1211939063
3574.83 1843.45 1211939122
3576.6 1842.33 1211939178
3575.72 1842.33 1211939243
3576.6 1843.45 1211939262
3420.6 1709.45 1211939319
3008.42 1317.5 1211939379
2627.27 1690.46 1211939440
2309.06 1421.35 1211939491
2199.14 1453.73 1211939551
1810.02 1847.91 1211939611
1256.02 1986.38 1211939743
1170.93 2550.34 1211939805
1035.31 3296.39 1211939863
948.442 3906.23 1211939919
811.051 3931.92 1211939966
390.9 3869.37 1211940028
-91.2986 4103.94 1211940153
-74.4571 4108.41 1211940180
70.0252 4029.1 1211940226
314.67 4167.61 1211940280
1171.81 4306.12 1211940521
1172.7 4301.65 1211940528
1172.7 4301.65 1211940554
1213.47 4120.69 1211940597
1230.32 4011.23 1211940653
2369.33 4176.54 1211940764
3049.2 4284.89 1211940824
3257.5 4317.29 1211940889
3483.53 4183.25 1211940945
3594.33 4010.11 1211940984
3594.33 4010.11 1211940987
3653.72 3902.88 1211941032
3687.4 3863.79 1211941076
3760.09 3796.77 1211941151
3431.23 3515.3 1211941196
3201.66 3151.2 1211941264
2997.79 2945.69 1211941322
2369.33 2312.47 1211941451
1879.16 1817.76 1211941496
1670.85 1622.35 1211941560
1364.16 1259.44 1211941617
1399.62 772.612 1211941681
1430.64 370.666 1211941750
1443.94 161.885 1211941797
1474.96 -188.676 1211941859
1509.53 -692.162 1211941919
1510.42 -695.511 1211941936
1514.85 -759.143 1211941973
1552.08 -1232.46 1211942033
1932.34 -1330.69 1211942098
2341.85 -1321.76 1211942155
2780.62 -1695.69 1211942217
2702.62 -1897.73 1211942252
2538.63 -2283.91 1211942310
2913.58 -3446.84 1211942440
2887.87 -3767.11 1211942505
2401.24 -4069.52 1211942633
2407.45 -4068.41 1211942639
2567 -4019.31 1211942695
2794.8 -3942.31 1211942749
2840.89 -3596.37 1211942813
2767.32 -3380.99 1211942873
2535.97 -2800.66 1211942917
2715.91 -1707.97 1211942986
2750.48 -216.586 1211943033
2634.36 1259.44 1211943094
2551.04 1932.78 1211943166
2932.19 2175.11 1211943219
3396.66 1706.1 1211943275
3612.06 1875.83 1211943335
3791.11 2076.84 1211943400
3532.28 2330.34 1211943471
3150.25 2767 1211943515
2880.78 3039.51 1211943579
2797.46 3242.78 1211943642
2648.55 3272.93 1211943695
2571.43 3270.7 1211943755
2582.95 3253.95 1211943815
2574.09 3280.75 1211943878
2572.32 3303.09 1211943936
2485.45 3274.05 1211944058
2485.45 3336.6 1211944118
2563.45 3589.02 1211944178
2629.93 3589.02 1211944207
2886.1 3652.68 1211944276
2925.1 3485.15 1211944327
3051.86 3157.9 1211944401
3183.93 2858.58 1211944453
2939.28 2611.77 1211944488
2772.64 2436.43 1211944548
2777.07 2424.15 1211944577
2781.51 2415.21 1211944591
2652.98 2449.83 1211944643
2497.86 2702.23 1211944712
2641.46 2879.8 1211944764
2709.71 2865.28 1211944819
2691.09 2842.95 1211944880
2691.09 2842.95 1211944940
2831.14 2782.64 1211945010
3063.38 2988.13 1211945070
3160.88 2821.73 1211945121
3160.88 2821.73 1211945124
2698.18 2289.02 1211945190
2113.16 1782.03 1211945244
1917.27 1725.08 1211945305
1721.38 1940.6 1211945365
1348.21 1741.83 1211945426
1024.67 1317.5 1211945486
846.507 1086.37 1211945562
661.25 899.899 1211945609
383.809 831.789 1211945669
13.2959 807.225 1211945734
-92.185 1086.37 1211945783
-95.7306 1100.88 1211945784
-116.118 1231.52 1211945815
-132.959 1244.92 1211945827
-691.388 1152.25 1211945897
-848.279 1033.89 1211945922
-849.166 1032.77 1211945940
-1318.95 1052.87 1211946044
-1321.61 973.592 1211946113
-1330.48 1038.35 1211946165
-1127.49 1068.5 1211946236
-719.752 1138.85 1211946291
-155.119 1233.76 1211946340
-23.0463 1008.21 1211946403
10.6367 659.842 1211946428
228.69 452.17 1211946496
1198.41 526.976 1211946608
1223.22 490.131 1211946678
1259.57 -111.643 1211946733
1296.8 -506.847 1211946794
1330.48 -980.174 1211946859
1377.46 -1555.05 1211946941
1375.68 -1628.72 1211946972
1365.05 -1674.49 1211946979
1283.5 -1800.62 1211947051
1538.78 -1364.17 1211947095
1547.64 -1140.92 1211947154
1503.32 -541.455 1211947215
1271.09 -93.7803 1211947335
1270.2 -35.7259 1211947356
1224.11 515.811 1211947421
1204.61 788.243 1211947476
1178.02 1067.38 1211947528
1161.18 1352.12 1211947584
1313.64 1660.31 1211947648
1294.14 1763.05 1211947708
1234.75 2171.76 1211947768
1264 2745.78 1211947824
1694.79 2808.32 1211947884
1697.45 2806.09 1211947910
1700.99 2807.21 1211947912
2138.87 2904.37 1211947972
2200.03 2887.62 1211948001
2339.19 2721.21 1211948061
2699.96 2397.34 1211948126
2344.51 2008.72 1211948219
2343.63 2008.72 1211948266
2343.63 2008.72 1211948271
2256.76 2069.02 1211948302
2240.81 2073.49 1211948330
2239.92 2071.25 1211948355
1913.73 1852.38 1211948414
1540.55 1472.71 1211948526
1423.55 385.18 1211948654
1452.8 20.0959 1211948708
1490.03 -476.705 1211948784
1518.39 -860.729 1211948835
1531.69 -1071.71 1211948894
1530.8 -1073.94 1211948949
1537.01 -1334.04 1211949009
1440.39 -1528.26 1211949044
1440.39 -1528.26 1211949050
1319.84 -1769.36 1211949105
1386.32 -1656.63 1211949166
1540.55 -1348.55 1211949227
1521.94 -746.863 1211949285
1398.73 -533.64 1211949347
1300.34 -432.05 1211949407
1301.23 -432.05 1211949415
1254.25 152.953 1211949491
1013.15 687.755 1211949541
309.352 649.793 1211949605
6.20476 756.98 1211949662
-236.667 1005.97 1211949725
-443.197 1388.97 1211949782
-725.957 1471.6 1211949897
-1221.45 1569.86 1211949958
-1232.09 1629.05 1211950009
-1233.86 1627.93 1211950036
-921.85 1498.4 1211950072
-892.599 1299.64 1211950132
-1144.34 1055.1 1211950203
-982.125 1041.7 1211950260
-990.989 1078.55 1211950313
-441.424 1187.98 1211950383
-177.279 1230.41 1211950408
13.2959 647.56 1211950473
35.4558 311.492 1211950547
57.6156 92.6649 1211950610
130.3 -91.5474 1211950649
63.8204 42.4248 1211950709
54.0701 218.825 1211950776
161.324 372.899 1211950830
561.088 770.379 1211950961
616.044 499.063 1211951015
1042.4 516.927 1211951070
1233.86 318.191 1211951118
1529.03 195.379 1211951201
1817.11 214.359 1211951272
2130.89 311.492 1211951329
2164.58 300.327 1211951348
2163.69 290.279 1211951409
2170.78 285.813 1211951442
2164.58 300.327 1211951531
2162.8 392.996 1211951596
1816.22 591.734 1211951652
1630.08 570.52 1211951681
1626.53 434.306 1211951735
1646.03 55.8221 1211951801
1205.5 -8.9315 1211951865
1121.29 -4.46575 1211951913
1129.27 1.11644 1211951971
1133.7 -6.69863 1211952031
1139.02 -8.9315 1211952106
1148.77 -5.58219 1211952153
1147.88 3.34932 1211952202
1053.92 196.495 1211952274
1029.99 532.558 1211952325
631.999 673.24 1211952385
455.607 658.725 1211952440
31.0238 622.996 1211952506
3.54558 796.059 1211952577
-272.123 1055.1 1211952620
-454.72 1474.95 1211952689
-480.426 1626.81 1211952740
-650.614 1741.83 1211952800
-655.045 1741.83 1211952865
-656.818 1742.95 1211952926
-653.273 1744.06 1211952973
-252.622 1718.38 1211953039
-248.19 2027.7 1211953088
-348.353 2689.94 1211953148
-271.237 2927.82 1211953208
426.356 3045.09 1211953268
1062.79 3144.49 1211953328
1004.28 3252.83 1211953389
990.989 3278.52 1211953410
757.867 3297.51 1211953471
1036.2 3344.42 1211953531
967.056 3921.87 1211953593
851.825 4574.21 1211953665
463.584 4627.83 1211953713
169.301 4576.44 1211953843
-185.256 4525.06 1211953894
-234.008 4595.43 1211953953
-202.098 4736.18 1211954001
-190.575 4720.55 1211954154
-190.575 4720.55 1211954193
-46.0925 4462.5 1211954237
-27.4782 4427.87 1211954304
632.886 4531.76 1211954358
976.807 4582.03 1211954423
1128.38 3976.6 1211954478
2279.81 4156.44 1211954542
2485.45 4195.53 1211954602
2678.68 4111.76 1211954658
2930.42 3734.22 1211954718
2921.56 3577.85 1211954778
3009.31 3246.13 1211954852
3439.21 2841.83 1211954913
3751.22 2550.34 1211954959
3884.18 2186.28 1211955019
3843.41 2130.44 1211955042
3836.32 2134.91 1211955057
3858.47 2086.89 1211955118
3841.63 2075.72 1211955175
3798.2 2104.76 1211955236
3518.99 2360.49 1211955306
2988.04 2917.77 1211955356
2955.24 3093.12 1211955416
3051.86 3159.01 1211955476
3161.77 3264 1211955556
3166.2 3264 1211955615
3616.49 3246.13 1211955747
3387.8 3456.11 1211955856
3393.12 3488.5 1211955914
3409.96 3510.83 1211955982
3414.39 3515.3 1211956050
3398.44 3509.72 1211956099
3402.87 3516.42 1211956154
3421.48 3422.6 1211956214
3483.53 3362.29 1211956279
3380.71 3673.91 1211956336
3696.26 3759.91 1211956395
3792 3822.46 1211956455
3458.71 4270.37 1211956516
3090.86 4788.69 1211956575
2525.34 5285.81 1211956635
2274.49 5389.7 1211956695
2272.72 5388.59 1211956756
2272.72 5388.59 1211956821
2271.83 5388.59 1211956878
2217.76 5391.94 1211956941
2299.31 5353.96 1211956996
2079.48 5315.97 1211957056
1700.1 5148.4 1211957116
1365.05 5204.26 1211957182
1355.3 5102.6 1211957236
1821.54 4865.77 1211957350
2264.74 4472.56 1211957415
2395.92 4359.74 1211957479
2436.7 4328.46 1211957496
2621.95 4163.14 1211957553
2625.5 4217.87 1211957652
2867.49 3974.37 1211957712
2950.81 3551.04 1211957772
2456.2 3423.72 1211957833
2456.2 3423.72 1211957835
2629.93 3549.93 1211957905
2427.83 3090.88 1211958097
2293.99 3018.29 1211958098
2280.69 3023.87 1211958134
2270.06 3009.35 1211958187
1716.06 2849.65 1211958246
1792.29 2371.66 1211958307
1940.32 1977.45 1211958367
2010.34 1671.48 1211958438
1907.52 1541.95 1211958488
2156.6 1279.54 1211958552
2559.02 841.838 1211958608
2469.49 1004.86 1211958668
2533.32 1094.18 1211958729
2875.46 1426.93 1211958793
3225.59 1780.91 1211958848
3657.26 2214.2 1211958909
3310.68 2590.55 1211958969
3081.99 3004.89 1211959029
3487.08 3129.97 1211959099
3442.76 3108.75 1211959132
3443.64 3100.94 1211959141
3097.06 2807.21 1211959198
2854.19 3050.68 1211959253
2536.86 3048.44 1211959313
2013.89 3000.42 1211959373
1628.31 2940.11 1211959433
1271.09 2953.51 1211959493
1321.61 2861.93 1211959555
1133.7 2850.76 1211959618
592.998 2849.65 1211959678
225.144 2836.24 1211959743
171.074 3201.45 1211959794
88.6394 3698.48 1211959855
14.1823 4154.2 1211959917
-45.2061 4533.99 1211959983
-339.489 4499.37 1211960044
-332.398 4496.01 1211960108
-57.6156 4535.11 1211960158
-33.683 4452.45 1211960220
42.5469 4124.04 1211960284
436.992 4189.95 1211960350
842.961 4255.85 1211960399
1021.13 4282.66 1211960450
1252.48 3870.49 1211960510
1333.14 3405.84 1211960576
1565.37 3202.57 1211960630
1667.31 3141.14 1211960690
1667.31 3140.03 1211960709
1478.51 2992.6 1211960769
1515.73 3200.34 1211960830
1662.88 3217.09 1211960890
1677.94 3049.56 1211960950
1948.29 3078.6 1211961010
2223.96 3029.46 1211961075
1786.08 2935.64 1211961116
1526.37 3113.22 1211961177
1582.21 3434.88 1211961237
1699.22 3452.75 1211961280
1502.44 3322.08 1211961341
873.099 3211.51 1211961400
166.642 3100.94 1211961461
-594.771 2980.32 1211961521
-1019.35 2555.93 1211961581
-1060.13 2359.37 1211961642
-963.511 1766.4 1211961712
-827.006 1346.54 1211961762
-729.503 1354.35 1211961821
-729.503 1354.35 1211961823
-734.821 1141.08 1211961888
-1147.88 1088.6 1211961953
-1512.19 1023.84 1211962008
-1212.59 1284 1211962067
-479.539 1399.02 1211962136
-163.983 1537.48 1211962184
-203.871 1510.68 1211962244
-204.757 1515.15 1211962304
-205.644 1514.03 1211962369
-210.075 1515.15 1211962424
-202.098 1510.68 1211962492
-205.644 1518.5 1211962544
-204.757 1514.03 1211962619
-205.644 1512.91 1211962669
-193.234 1511.8 1211962736
-201.212 1510.68 1211962793
-202.098 1516.26 1211962845
-197.666 1516.26 1211962906
-197.666 1511.8 1211962982
-199.439 1508.45 1211963037
-203.871 1511.8 1211963092
-202.098 1510.68 1211963147
-197.666 1511.8 1211963212
-197.666 1511.8 1211963267
-197.666 1516.26 1211963327
-198.552 1517.38 1211963347
-201.212 1516.26 1211963413
-195.893 1514.03 1211963506
-195.893 1512.91 1211963569
-195.007 1515.15 1211963630
-197.666 1517.38 1211963689
-197.666 1516.26 1211963748
-207.416 1509.56 1211963815
-201.212 1510.68 1211963870
-207.416 1515.15 1211963900
-209.189 1517.38 1211963965
-209.189 1515.15 1211964015
-218.053 1509.56 1211964076
-207.416 1508.45 1211964136
-202.098 1510.68 1211964196
-201.212 1515.15 1211964257
-199.439 1516.26 1211964317
-199.439 1516.26 1211964382
-201.212 1515.15 1211964437
-204.757 1512.91 1211964493
-160.437 1462.66 1211964555
-162.21 1565.4 1211964613
-162.21 1566.51 1211964624
-299.601 1537.48 1211964685
-685.183 1482.76 1211964745
-1473.19 1345.42 1211964806
-1677.94 1611.18 1211964871
-2137.1 1570.98 1211964926
-2658.3 1487.23 1211964990
-2934.85 1679.3 1211965046
-2933.97 1679.3 1211965056
-2994.24 2086.89 1211965104
-3004.88 2285.67 1211965136
-2887.87 1799.9 1211965196
-2615.75 1482.76 1211965256
-2026.3 1574.33 1211965321
-1791.4 1603.36 1211965350
-1458.12 1244.92 1211965412
-782.686 1340.95 1211965481
-435.22 1400.13 1211965499
-127.641 1253.86 1211965564
3.54558 799.409 1211965620
408.628 478.966 1211965681
778.254 499.063 1211965741
1037.97 310.376 1211965802
1078.74 -222.168 1211965863
1085.83 -385.162 1211965917
1085.83 -385.162 1211965919
1295.91 -353.903 1211965984
1251.59 236.688 1211966044
1017.58 650.909 1211966101
612.499 686.638 1211966168
608.067 800.525 1211966224
655.932 955.727 1211966281
585.907 1036.12 1211966311
-119.663 1269.49 1211966432
-182.597 1672.6 1211966492
-93.0714 2100.29 1211966552
319.102 2258.87 1211966611
248.19 2711.16 1211966662
748.117 2871.98 1211966718
1254.25 2953.51 1211966778
1561.83 3003.77 1211966839
2107.85 3090.88 1211966899
2369.33 2971.38 1211966960
2128.23 3013.82 1211967020
1466.98 2907.72 1211967081
1427.98 2762.53 1211967142
1595.51 2807.21 1211967181
1750.63 2834.01 1211967214
1816.22 3138.91 1211967278
1741.77 3666.09 1211967335
2288.67 3783.37 1211967397
2451.77 3836.98 1211967458
2450.88 3838.1 1211967459
2442.02 3828.05 1211967504
2442.02 3828.05 1211967506
2414.54 4181.01 1211967566
2626.39 4211.17 1211967615
2855.96 4031.33 1211967676
2989.81 3660.5 1211967743
2735.41 3423.72 1211967796
2422.52 3252.83 1211967856
2301.97 3131.09 1211967916
2340.97 2925.59 1211967977
2338.31 2945.69 1211967997
2342.74 2946.81 1211968001
2366.67 3028.34 1211968061
2129.12 3042.86 1211968121
2409.22 3147.84 1211968181
2489.88 3368.99 1211968241
2597.14 3552.16 1211968301
2749.6 3714.12 1211968361
2700.84 4222.34 1211968421
3049.2 4279.31 1211968481
3137.84 3937.51 1211968542
3453.39 3778.9 1211968602
3339.93 3682.84 1211968663
3352.34 3632.58 1211968723
3303.59 3689.54 1211968785
3307.14 3695.13 1211968837
3264.59 3671.67 1211968897
3303.59 3716.35 1211968957
3315.12 3729.75 1211969018
3308.91 3734.22 1211969077
3297.39 3735.34 1211969138
3305.36 3721.93 1211969198
3308.02 3718.58 1211969221
3324.87 3747.62 1211969283
3323.98 3740.92 1211969343
3328.41 3737.57 1211969402
3319.55 3737.57 1211969462
3374.5 3668.32 1211969523
3523.42 3459.46 1211969584
3311.57 2983.67 1211969645
2873.69 2974.73 1211969705
2845.33 3043.98 1211969733
2793.03 3513.07 1211969789
2753.14 3831.4 1211969841
2879.9 3524.24 1211969901
2036.93 3413.66 1211969961
1227.66 3281.87 1211970022
925.396 3224.91 1211970082
344.807 3134.44 1211970158
78.8891 3094.23 1211970168
-678.978 2970.26 1211970228
-1060.13 2438.66 1211970288
-950.215 1658.08 1211970351
-1147.88 1388.97 1211970409
-1705.42 982.525 1211970471
-2319.69 674.356 1211970530
-2527.11 445.471 1211970591
-2511.16 40.1919 1211970640
-2511.16 40.1919 1211970641
-2792.14 175.283 1211970701
-2523.56 233.339 1211970761
-2021.87 348.336 1211970826
-1506.87 483.432 1211970887
-1506.87 577.219 1211970918
-1959.82 377.365 1211970973
-1985.52 351.686 1211971044
-2042.25 356.152 1211971094
-2002.37 360.617 1211971163
-2489.88 244.504 1211971224
-2497.86 -101.595 1211971284
-2451.77 -810.494 1211971344
-2086.57 -1456.82 1211971409
-1555.62 -1626.49 1211971464
-1197.52 -1928.98 1211971524
-217.167 -2884.37 1211971644
218.053 -2864.28 1211971704
236.667 -2790.62 1211971761
236.667 -2790.62 1211971763
153.346 -2884.37 1211971823
134.732 -2952.45 1211971883
-369.626 -2793.97 1211971959
-147.141 -2437.94 1211972005
-165.756 -1846.38 1211972065
-561.974 -1466.87 1211972125
-676.319 -1154.32 1211972185
-502.586 -404.141 1211972245
-551.337 35.7261 1211972305
14.1823 78.151 1211972365
29.251 509.112 1211972425
-100.163 1165.64 1211972485
-185.256 1232.64 1211972518
-837.643 1131.03 1211972582
-1311.86 1056.22 1211972639
-1340.23 1260.56 1211972699
-1198.41 1284 1211972713
-919.191 1549.76 1211972774
-616.044 1801.01 1211972834
-195.007 1671.48 1211972892
-19.5007 1472.71 1211972954
423.697 1601.13 1211973013
353.671 2050.04 1211973072
263.259 2570.44 1211973132
343.035 2806.09 1211973193
595.657 2844.06 1211973253
596.543 2840.71 1211973318
624.908 3124.39 1211973374
376.718 3137.79 1211973442
196.78 3000.42 1211973496
286.305 2437.55 1211973557
80.6619 2237.65 1211973617
-248.19 2080.19 1211973678
-177.279 1558.7 1211973738
-902.35 1396.78 1211973799
-753.435 1356.58 1211973859
-178.165 1441.45 1211973920
472.448 1549.76 1211973985
1007.83 1624.58 1211974040
1692.13 1051.75 1211974100
2690.21 351.686 1211974160
2836.46 -1096.27 1211974221
3290.3 -1177.76 1211974286
3744.13 -989.105 1211974345
3589.01 -980.174 1211974401
3578.37 -979.058 1211974462
3581.92 -987.988 1211974522
3583.69 -990.221 1211974587
3614.72 -992.453 1211974645
3659.04 -955.615 1211974713
