210.962 3374.57 1211240294
206.53 3384.62 1211240363
207.416 3381.27 1211240419
207.416 3381.27 1211240534
210.962 3374.57 1211240594
208.303 3376.81 1211240656
208.303 3375.69 1211240737
204.757 3381.27 1211240779
208.303 3374.57 1211240835
210.075 3371.22 1211240897
207.416 3377.92 1211240955
209.189 3379.04 1211241015
207.416 3380.16 1211241076
209.189 3377.92 1211241136
206.53 3377.92 1211241196
209.189 3373.45 1211241264
208.303 3377.92 1211241331
208.303 3376.81 1211241441
208.303 3382.39 1211241497
208.303 3377.92 1211241556
208.303 3375.69 1211241616
207.416 3376.81 1211241676
207.416 3374.57 1211241736
208.303 3375.69 1211241802
210.075 3380.16 1211241858
209.189 3379.04 1211241919
215.394 3396.91 1211241984
209.189 3375.69 1211242039
209.189 3372.34 1211242099
233.122 3383.51 1211242159
282.76 3347.77 1211242377
293.397 3290.8 1211242434
653.273 3288.57 1211242488
886.394 3316.49 1211242549
1141.68 3360.05 1211242603
1314.52 3389.09 1211242668
1746.2 3469.51 1211242724
2188.51 3524.24 1211242784
2444.68 3564.45 1211242846
2753.14 3578.97 1211242904
2813.42 3558.86 1211242945
2831.14 3581.2 1211243005
2836.46 3586.79 1211243065
2840.01 3568.91 1211243130
2843.55 3558.86 1211243178
2855.96 3536.52 1211243238
2854.19 3487.38 1211243303
2676.02 3421.48 1211243364
2269.17 3413.66 1211243420
1789.63 3344.42 1211243484
1428.87 3280.75 1211243539
1355.3 3289.69 1211243599
1433.3 3183.58 1211243659
1438.62 3192.52 1211243674
1814.45 3271.82 1211243734
2360.47 3339.95 1211243798
2785.05 3396.91 1211243866
2925.1 3465.04 1211243916
3062.49 3501.9 1211243938
3084.65 3638.16 1211244010
3197.22 3728.64 1211244045
3343.48 3734.22 1211244110
3377.16 3680.61 1211244165
3446.3 3492.96 1211244229
3494.17 3439.35 1211244290
3367.41 3252.83 1211244406
3312.46 3281.87 1211244466
3466.69 3783.37 1211244521
3522.53 3851.5 1211244590
3648.4 3604.66 1211244641
3784.9 3477.33 1211244701
3725.52 3411.43 1211244761
3479.98 3638.16 1211244821
3458.71 3821.34 1211244886
3409.96 3858.2 1211244956
3331.07 3659.39 1211245013
3330.18 3565.56 1211245068
3265.48 3542.11 1211245116
3056.29 3309.79 1211245176
2954.35 3332.13 1211245239
2768.21 3505.25 1211245296
2638.8 4090.54 1211245369
2481.9 4236.86 1211245429
2114.05 4579.79 1211245480
1957.16 4742.89 1211245538
1805.59 4740.65 1211245601
1806.47 4738.42 1211245637
1806.47 4738.42 1211245644
1715.17 5134.99 1211245824
1716.95 5148.4 1211245830
1576.01 5078.02 1211245958
1698.33 4965.19 1211246016
2135.32 4588.73 1211246077
2380.86 4248.03 1211246197
2408.33 4137.45 1211246253
2413.65 4030.22 1211246317
2448.22 3893.95 1211246372
2457.09 3817.99 1211246443
2535.97 3354.47 1211246495
2521.79 3140.03 1211246558
2590.04 2907.72 1211246614
2481.9 2750.25 1211246690
2467.72 2753.6 1211246693
2582.07 2926.71 1211246760
2672.48 2903.25 1211246819
2557.25 2765.88 1211246861
2253.21 2476.63 1211246925
2086.57 2319.17 1211246949
1877.38 2110.34 1211247010
1424.44 1830.05 1211247136
1384.55 1608.95 1211247195
1164.72 1393.43 1211247266
1101.79 1329.79 1211247312
678.978 913.297 1211247434
438.765 838.488 1211247498
284.533 990.341 1211247553
279.214 998.157 1211247585
282.76 1002.62 1211247591
390.9 880.917 1211247647
860.689 1071.85 1211247767
1119.52 1337.6 1211247809
1266.66 1485 1211247867
1310.98 1665.9 1211247931
1408.48 1809.95 1211247989
1419.12 1966.28 1211248055
1328.71 2520.19 1211248111
1309.2 2632.98 1211248170
1544.99 2793.81 1211248235
1850.79 2829.54 1211248290
2180.53 2844.06 1211248350
2182.3 2844.06 1211248424
2190.28 2713.39 1211248462
2466.84 2925.59 1211248516
2660.96 2957.98 1211248578
2749.6 3036.16 1211248636
2783.28 3194.75 1211248712
2824.05 3207.04 1211248736
2694.64 3631.46 1211248796
2673.37 4130.75 1211248856
2473.93 4291.6 1211248926
2513.81 4256.97 1211248957
2520.02 4253.62 1211248959
2606 4181.01 1211249024
2449.11 4090.54 1211249066
2281.58 4067.08 1211249110
1891.57 3654.92 1211249236
1934.11 3323.19 1211249289
1937.66 3291.92 1211249311
1937.66 3291.92 1211249317
1988.18 3109.87 1211249383
2190.28 3103.17 1211249434
2408.33 3143.38 1211249495
2426.95 3054.03 1211249555
2191.17 3003.77 1211249616
2114.94 3024.99 1211249673
2019.21 2916.66 1211249731
2051.12 2599.48 1211249792
2047.57 2275.62 1211249854
1783.43 2013.19 1211249913
1595.51 1830.05 1211249988
1376.57 1604.48 1211250044
1309.2 1539.71 1211250106
993.648 1220.36 1211250165
684.297 913.297 1211250221
478.653 721.251 1211250277
477.767 721.251 1211250311
522.086 740.232 1211250318
858.916 1074.08 1211250379
1328.71 1536.36 1211250446
1581.33 1789.85 1211250504
1763.92 2026.59 1211250571
2029.84 2247.7 1211250626
2116.71 2333.69 1211250669
2385.29 2335.92 1211250740
2302.85 1959.58 1211250785
1794.95 1451.5 1211250850
1971.34 1246.04 1211250909
1970.45 1248.27 1211250933
2018.32 1136.61 1211250991
2009.46 1395.67 1211251052
2693.75 2083.54 1211251158
2555.48 2562.63 1211251223
2443.79 2678.77 1211251283
2356.04 2815.02 1211251340
2169.01 2923.36 1211251397
2114.94 3167.95 1211251451
2040.48 3635.93 1211251510
1980.21 4011.23 1211251569
1921.7 4402.18 1211251642
1852.56 4822.2 1211251755
2325.9 4994.23 1211251871
2317.04 4997.59 1211251894
2251.44 5228.83 1211251954
2297.53 5386.35 1211252021
2217.76 5390.82 1211252080
1957.16 5403.11 1211252135
1632.74 5348.37 1211252201
1483.82 5322.67 1211252270
1377.46 5309.27 1211252339
2245.24 5120.47 1211252479
2292.22 4871.35 1211252546
2293.1 4869.12 1211252557
2293.1 4868 1211252608
2289.56 4870.24 1211252636
2293.1 4864.65 1211252701
2294.88 4870.24 1211252799
2296.65 4865.77 1211252856
2296.65 4861.3 1211252925
2346.29 4545.17 1211252986
2277.15 4464.74 1211253034
2460.63 4305 1211253098
2527.11 4241.33 1211253148
2574.98 4197.77 1211253204
2922.44 3654.92 1211253323
2680.46 3500.78 1211253386
2005.02 3400.26 1211253439
1950.07 3262.88 1211253495
2031.62 2888.74 1211253555
2194.71 2857.46 1211253616
2194.71 2847.41 1211253623
2297.53 2895.44 1211253680
2408.33 2790.45 1211253787
2448.22 2839.59 1211253853
2481.9 2705.58 1211253932
2332.1 2563.74 1211254002
2161.03 2406.28 1211254052
1954.5 2175.11 1211254117
1568.92 1895.93 1211254174
1583.1 946.794 1211254301
1609.69 588.384 1211254371
1780.77 -356.136 1211254503
1781.65 -357.252 1211254525
1716.95 -493.451 1211254575
1704.54 -676.534 1211254640
1677.94 -873.008 1211254686
1500.67 -542.571 1211254806
1471.41 -130.622 1211254871
1432.41 336.055 1211254926
1395.18 1075.2 1211255051
1508.64 1480.53 1211255106
1461.66 1680.41 1211255166
1382.78 2197.45 1211255231
1307.43 2648.62 1211255289
1241.84 3074.13 1211255351
1209.04 3231.61 1211255409
1144.34 3620.29 1211255468
1102.67 3908.47 1211255533
1068.99 4084.95 1211255588
474.221 4518.36 1211255706
-607.18 4379.84 1211255827
-605.407 4376.49 1211255876
-604.521 4377.61 1211255931
-604.521 4377.61 1211255997
-602.748 4380.96 1211256117
-598.316 4373.14 1211256186
-597.43 4376.49 1211256234
-613.385 4392.13 1211256295
-603.635 4380.96 1211256355
-604.521 4376.49 1211256425
-601.862 4379.84 1211256541
-606.294 4378.73 1211256605
-605.407 4376.49 1211256716
-606.294 4376.49 1211256781
-602.748 4375.37 1211256857
-603.635 4376.49 1211256911
-604.521 4374.26 1211256963
-602.748 4378.73 1211257092
-608.067 4368.67 1211257138
-605.407 4368.67 1211257199
-599.203 4380.96 1211257272
-601.862 4376.49 1211257389
-607.18 4376.49 1211257447
-606.294 4374.26 1211257512
-605.407 4374.26 1211257559
-604.521 4378.73 1211257693
-603.635 4375.37 1211257751
-605.407 4373.14 1211257800
-608.953 4368.67 1211257858
-501.699 4469.21 1211257924
-206.53 4517.24 1211257974
-41.6605 4465.85 1211258042
-22.1599 4342.98 1211258075
7.09116 4212.29 1211258126
27.4782 4025.75 1211258167
217.167 3835.86 1211258232
768.504 3925.22 1211258293
1193.97 3985.54 1211258355
2186.74 4127.4 1211258409
2735.41 4057.03 1211258535
2850.64 3952.03 1211258589
2747.82 3927.46 1211258620
2746.94 3927.46 1211258628
2847.1 3964.32 1211258686
2880.78 3936.39 1211258722
2793.92 3723.05 1211258776
2480.13 3688.43 1211258808
1949.18 3603.54 1211258868
1842.81 3888.36 1211258928
1792.29 4283.78 1211259030
1782.54 4355.27 1211259032
2178.76 4470.32 1211259092
2184.08 4474.79 1211259104
1938.54 4439.05 1211259164
1802.04 4139.68 1211259262
1812.68 4102.82 1211259263
1816.22 4091.65 1211259323
1816.22 4092.77 1211259341
1858.77 3797.89 1211259406
1894.22 3510.83 1211259465
2207.12 3575.62 1211259520
2213.33 3599.07 1211259581
2211.55 3605.77 1211259583
2340.97 3557.75 1211259643
2681.34 3612.47 1211259705
2795.69 3602.42 1211259747
3042.11 3648.22 1211259806
3380.71 3626.99 1211259869
3394.89 3609.12 1211259918
3654.6 3606.89 1211259974
3780.47 3667.2 1211260038
3784.02 3685.08 1211260045
3768.95 3405.84 1211260110
3532.28 3638.16 1211260170
3060.72 3348.88 1211260286
2839.12 3307.56 1211260340
2380.86 3251.71 1211260400
2516.47 3278.52 1211260464
2516.47 3278.52 1211260466
3070.47 3480.68 1211260588
3133.4 3479.56 1211260654
3443.64 3373.45 1211260717
3690.95 3262.88 1211260759
4028.66 3418.13 1211260858
4053.48 3454.99 1211260925
3964.84 3602.42 1211261000
3775.15 3409.2 1211261022
3518.1 3357.82 1211261084
3279.66 3138.91 1211261130
2956.13 2823.96 1211261190
2731.87 2734.61 1211261277
2746.05 2630.75 1211261348
3253.95 3212.62 1211261445
3654.6 3026.11 1211261533
3837.2 2832.89 1211261578
4697 3766.61 1211261644
6041.66 5346.14 1211261758
8675.14 6648.86 1211261818
10123.5 6968.42 1211261890
11572.8 7254.48 1211261935
12583.3 8128.36 1211261993
12204.8 9577.94 1211262042
11898.1 11063.6 1211262117
10639.4 16543.4 1211262309
10424 18044.8 1211262364
9692.72 19384.2 1211262415
9328.42 20871.6 1211262530
9332.85 20901.9 1211262603
9325.76 20907.4 1211262651
9332.85 20910.8 1211262711
9335.51 20910.8 1211262777
9331.96 20910.8 1211262837
9335.51 20905.2 1211262893
9329.3 20904.1 1211263069
9324.87 20916.4 1211263148
9440.1 22059.3 1211263250
