11190.7 23038.9 1212145076
10528.6 22845.2 1212145132
9641.31 22551.9 1212145197
9427.69 21966.4 1212145260
9759.2 20917.5 1212145360
9656.38 19390.9 1212145399
10396.5 18052.6 1212145458
10630.5 16515.4 1212145507
11261.6 15180.9 1212145557
11289.1 13630.8 1212145621
11622.4 12139.1 1212145661
11960.1 10665.6 1212145719
12254.4 9140.92 1212145790
12503.5 7648.94 1212145839
11107.4 7243.31 1212145899
10812.2 7252.25 1212145948
10128.8 7005.3 1212146008
8682.23 6696.9 1212146072
7405.83 6277.91 1212146137
6255.29 5578.51 1212146192
3834.54 2812.79 1212146345
3667.9 3169.06 1212146416
3439.21 3424.83 1212146468
3262.82 3595.72 1212146501
3205.2 3721.93 1212146569
3029.7 3859.32 1212146638
3052.74 3873.84 1212146691
3035.9 3886.13 1212146747
3026.15 3881.66 1212146812
3030.58 3889.48 1212146872
3020.83 3883.89 1212146932
3032.36 3892.83 1212146987
3032.36 3892.83 1212147051
3035.01 3873.84 1212147117
3021.72 3880.54 1212147168
3120.11 3870.49 1212147232
2874.58 3826.93 1212147292
2666.27 3645.98 1212147348
2371.11 3585.67 1212147409
2142.42 3520.89 1212147469
1640.72 3461.69 1212147529
1103.56 3391.33 1212147590
993.648 3670.56 1212147659
967.056 3824.69 1212147682
546.905 3891.71 1212147742
164.869 3836.98 1212147811
119.663 3830.28 1212147827
146.255 3848.15 1212147887
224.258 3843.68 1212147925
779.141 3927.46 1212147985
1057.47 3971.02 1212148045
1427.1 4017.93 1212148111
1570.69 4038.04 1212148137
2548.38 4212.29 1212148197
2737.19 4046.97 1212148257
2981.83 3513.07 1212148322
3040.33 3261.77 1212148377
3303.59 3530.94 1212148447
3764.52 3554.39 1212148497
3822.13 3545.46 1212148563
3968.39 3363.4 1212148622
4012.71 3414.78 1212148627
4168.71 3299.74 1212148688
3964.84 3126.62 1212148740
3585.47 2734.61 1212148791
3253.07 2342.62 1212148851
3448.07 2053.39 1212148911
3883.29 1976.33 1212148977
4058.8 2170.64 1212149050
3804.4 2497.85 1212149092
3484.42 2825.08 1212149152
3484.42 2825.08 1212149154
3127.2 3157.9 1212149214
3267.25 3406.96 1212149280
3421.48 3581.2 1212149296
3440.1 4035.8 1212149361
3212.29 4116.23 1212149416
3143.15 4509.42 1212149481
2889.65 4756.29 1212149536
2652.98 5080.25 1212149596
2468.61 5168.51 1212149656
1896.88 5074.67 1212149722
1552.08 5131.64 1212149776
1365.05 5097.01 1212149837
1073.42 4920.51 1212149906
1139.9 4471.44 1212149960
1056.58 4293.83 1212150024
914.759 4270.37 1212150079
734.821 4246.92 1212150140
333.284 4181.01 1212150200
7.09116 4181.01 1212150276
-101.935 4427.87 1212150326
-606.294 4376.49 1212150382
-608.953 4379.84 1212150451
-602.748 4377.61 1212150506
-605.407 4378.73 1212150566
-609.839 4378.73 1212150626
-604.521 4378.73 1212150691
-604.521 4378.73 1212150741
-602.748 4369.79 1212150815
-628.454 4370.91 1212150871
-627.567 4369.79 1212150922
-625.794 4372.02 1212150982
-626.681 4370.91 1212151042
-626.681 4370.91 1212151113
-625.794 4372.02 1212151169
-619.59 4358.62 1212151224
-620.476 4358.62 1212151231
-478.653 4354.15 1212151261
-305.806 4073.78 1212151321
7.09116 4122.93 1212151381
561.974 4212.29 1212151481
880.19 4348.57 1212151523
475.107 4308.35 1212151582
482.199 4019.05 1212151653
523.859 3689.54 1212151716
584.134 3401.38 1212151763
481.312 3266.23 1212151799
-77.1163 3178 1212151859
-639.09 3084.18 1212151919
-966.17 3036.16 1212151979
-1480.28 2954.63 1212152039
-1682.38 2913.31 1212152099
-2155.71 2841.83 1212152165
-2676.91 2758.07 1212152224
-2843.55 2950.16 1212152279
-3238.89 2930.06 1212152348
-3127.2 2667.61 1212152508
-3205.2 2392.88 1212152562
-3192.79 2395.11 1212152686
-2993.35 2519.07 1212152786
-2818.73 2531.36 1212152806
-2395.92 2555.93 1212152858
-1501.55 2670.96 1212152984
-1067.22 2782.64 1212153040
144.482 2993.72 1212153161
850.939 3109.87 1212153221
1286.16 3175.77 1212153284
2026.3 3299.74 1212153342
2597.14 3399.14 1212153407
2835.58 3431.53 1212153440
2834.69 3431.53 1212153442
2945.49 3454.99 1212153512
2946.38 3305.32 1212153562
2606.89 3338.83 1212153617
2600.68 3308.67 1212153684
2600.68 3309.79 1212153739
2599.79 3298.62 1212153807
2598.02 3298.62 1212153877
2598.91 3314.26 1212153991
2584.73 3276.29 1212154098
2588.27 3293.04 1212154159
2589.16 3289.69 1212154224
2583.84 3301.97 1212154286
2590.93 3286.34 1212154344
2582.07 3275.17 1212154399
2583.84 3270.7 1212154468
2580.29 3271.82 1212154524
2576.75 3272.93 1212154590
2571.43 3267.35 1212154708
2572.32 3268.47 1212154761
2577.64 3269.58 1212154822
2582.95 3290.8 1212154887
2585.61 3313.14 1212154954
2579.41 3281.87 1212155002
2576.75 3279.64 1212155066
2564.34 3266.23 1212155127
2564.34 3260.65 1212155186
2567.88 3264 1212155303
2567.88 3299.74 1212155362
2562.57 3277.4 1212155423
2562.57 3275.17 1212155489
2561.68 3295.27 1212155565
2559.91 3269.58 1212155609
2504.06 3264 1212155673
2529.77 3258.42 1212155724
2544.84 3255.06 1212155790
2556.36 3190.29 1212155839
2557.25 3068.55 1212155875
2033.39 2964.68 1212155935
1408.48 2879.8 1212155996
1103.56 2916.66 1212156056
1038.85 3338.83 1212156118
786.232 3305.32 1212156177
313.784 3240.54 1212156244
-312.897 3135.56 1212156299
-705.57 3069.66 1212156365
-1058.35 3018.29 1212156421
-974.147 3031.69 1212156482
-975.034 3035.04 1212156497
-975.92 3041.74 1212156515
-897.031 3048.44 1212156561
20.3871 3190.29 1212156627
89.5258 3189.17 1212156761
87.753 3202.57 1212156807
182.597 3205.92 1212156881
671.887 3277.4 1212156928
701.138 3284.1 1212156933
1013.15 3337.71 1212156999
1304.77 3392.44 1212157051
1595.51 3430.42 1212157111
1654.01 3269.58 1212157176
1781.65 3264 1212157232
2331.22 3336.6 1212157301
2402.13 3233.84 1212157352
2457.09 2960.21 1212157417
2445.56 2968.03 1212157455
2450.88 2921.12 1212157470
2353.38 2826.19 1212157531
2180.53 2818.38 1212157591
2182.3 2909.96 1212157661
2036.93 2969.15 1212157689
1763.04 2896.55 1212157729
1763.04 2897.67 1212157741
1725.81 2901.02 1212157765
1420.89 2884.27 1212157791
1364.16 3136.68 1212157862
1295.91 3565.56 1212157957
1266.66 3792.3 1212158017
1203.72 4194.42 1212158079
1287.93 4574.21 1212158181
1305.66 4470.32 1212158272
1303.89 4475.91 1212158276
1339.34 4249.15 1212158360
2648.55 4138.57 1212158541
2878.12 3914.05 1212158606
3205.2 3905.12 1212158661
3274.34 3915.17 1212158707
3282.32 3906.23 1212158732
3180.38 3771.08 1212158773
3074.02 3733.1 1212158828
3031.47 3869.37 1212158889
3041.22 3962.08 1212158925
2388.83 4360.85 1212159060
2049.34 4673.63 1212159119
1570.69 5109.3 1212159216
1547.64 5017.69 1212159342
1106.22 4969.66 1212159397
1014.92 5031.1 1212159457
1069.88 5007.64 1212159487
1100.02 4818.85 1212159547
1158.52 4444.63 1212159602
1194.86 4223.46 1212159659
1219.68 4070.43 1212159720
1226.77 4023.52 1212159758
1260.45 3815.76 1212159816
1301.23 3557.75 1212159886
1362.39 3205.92 1212159938
1412.91 2866.4 1212160009
1410.25 2841.83 1212160017
1456.35 2586.08 1212160078
1521.94 2147.19 1212160143
1515.73 1918.27 1212160190
1514.85 1918.27 1212160191
1451.03 1914.92 1212160225
1383.66 2162.83 1212160297
1339.34 2444.25 1212160333
1283.5 2761.42 1212160406
1272.86 2834.01 1212160407
1229.43 3131.09 1212160472
1210.81 3241.66 1212160533
1042.4 3341.06 1212160588
1019.35 3457.22 1212160656
768.504 4568.62 1212160754
347.467 4502.72 1212160817
-176.392 4417.82 1212160861
-482.199 4455.8 1212160964
-484.858 4461.39 1212160965
-326.193 4493.78 1212161011
-180.824 4410 1212161070
-115.231 3998.94 1212161130
-41.6605 3543.23 1212161203
133.846 3313.14 1212161251
517.654 3373.45 1212161325
818.142 3422.6 1212161372
831.438 3424.83 1212161410
873.099 3428.18 1212161422
890.826 3332.13 1212161455
758.754 3314.26 1212161465
576.156 3281.87 1212161525
-33.683 3182.47 1212161605
-692.274 3081.95 1212161705
-719.752 3092 1212161783
-698.479 2964.68 1212161849
-480.426 2217.55 1212161963
-552.224 2045.57 1212162057
95.7306 2128.21 1212162100
1029.99 2277.85 1212162223
1184.22 2472.17 1212162338
1259.57 2742.43 1212162415
1542.33 2798.27 1212162458
1847.25 2937.88 1212162535
1934.11 3284.1 1212162586
2384.4 3353.35 1212162648
2852.42 3443.82 1212162698
2893.19 3462.81 1212162718
2993.35 3250.6 1212162787
3063.38 3377.92 1212162828
2680.46 3313.14 1212162850
2307.28 3249.48 1212162876
1752.4 3144.49 1212162940
1619.44 3227.14 1212163056
2192.94 3332.13 1212163116
2403.02 3281.87 1212163176
2438.47 3070.78 1212163236
2150.39 3000.42 1212163296
1970.45 2960.21 1212163333
1849.02 3028.34 1212163368
1710.74 2907.72 1212163489
1720.49 2781.52 1212163559
1734.67 2649.74 1212163603
1884.47 2726.8 1212163659
1817.99 3137.79 1212163718
1784.31 3335.48 1212163786
2067.07 3516.42 1212163835
2323.24 3562.21 1212163952
2665.39 3612.47 1212164024
2785.94 3631.46 1212164131
2863.05 3608.01 1212164174
3065.15 3676.14 1212164220
3102.38 3801.24 1212164295
3097.95 3804.59 1212164296
3322.21 3833.63 1212164356
3318.66 3526.47 1212164492
3109.47 3355.58 1212164511
2757.57 3050.68 1212164567
2390.61 2801.62 1212164682
2191.17 2819.49 1212164738
2161.92 3041.74 1212164798
2429.61 3078.6 1212164858
2310.83 3040.63 1212164918
2101.64 3012.7 1212164978
1915.5 3003.77 1212165024
2358.7 3107.64 1212165107
2455.31 3198.1 1212165163
2460.63 3274.05 1212165211
2496.97 3384.62 1212165264
2515.59 3462.81 1212165320
2731.87 3641.51 1212165383
2744.28 3814.64 1212165451
2678.68 4073.78 1212165506
2439.36 4335.16 1212165563
2387.06 4389.9 1212165641
2297.53 4491.55 1212165684
2318.81 4725.01 1212165793
2302.85 4803.21 1212165797
2289.56 4831.14 1212165808
2325.9 5248.94 1212165930
3348.8 4380.96 1212166077
3655.49 3918.52 1212166145
3925.84 3615.83 1212166212
3965.73 3430.42 1212166264
4012.71 3332.13 1212166300
4021.57 3312.03 1212166321
4084.51 3236.08 1212166333
4184.67 3293.04 1212166399
3886.84 3706.3 1212166470
3650.17 3993.36 1212166596
3271.68 4528.41 1212166604
3056.29 4833.37 1212166667
2852.42 5051.21 1212166723
2274.49 5130.52 1212166788
2123.8 4969.66 1212166858
2085.69 4796.51 1212166917
2021.87 4768.58 1212166969
1983.75 4899.28 1212166975
2116.71 5006.52 1212167036
2119.37 5000.94 1212167077
2121.14 4975.24 1212167145
2035.16 4884.76 1212167247
1956.27 5067.97 1212167307
1757.72 5153.98 1212167381
1414.69 4711.61 1212167492
1331.36 4348.57 1212167574
1168.27 4310.59 1212167612
1317.18 4337.39 1212167694
1647.81 4287.13 1212167760
