9662.59 22572 1211720911
9424.15 21968.6 1211720981
9508.35 21567.9 1211721046
9806.18 20064.7 1211721093
10123.5 18525.9 1211721153
10473.6 16997.6 1211721202
11120.7 15612.6 1211721249
11213.8 14081.5 1211721303
11517.8 12581.9 1211721360
11871.5 11080.3 1211721408
12180.8 9561.18 1211721448
12516.8 8107.12 1211721495
10801.6 7247.78 1211721621
9723.75 6904.73 1211721682
8247.01 6610.87 1211721726
6885.51 6067.86 1211721770
5798.79 5037.8 1211721826
4829.08 3897.3 1211721877
3805.29 2796.04 1211721932
3604.97 3103.17 1211721961
3296.5 3544.34 1211722023
3157.34 3738.69 1211722081
3134.29 3836.98 1211722141
3128.09 3853.74 1211722207
3125.43 3870.49 1211722262
3127.2 3921.87 1211722322
3187.47 4008.99 1211722387
3192.79 4000.06 1211722442
3191.91 3966.55 1211722503
3186.59 3911.82 1211722563
3165.31 3909.58 1211722623
3141.38 3864.9 1211722684
3162.66 3869.37 1211722744
3154.68 3826.93 1211722804
3154.68 3825.81 1211722806
3148.47 4019.05 1211722866
3176.84 4118.46 1211722926
3166.2 4059.26 1211722986
3056.29 3780.02 1211723058
3066.04 3791.19 1211723106
3133.4 4070.43 1211723151
3093.52 3645.98 1211723211
3074.9 3549.93 1211723271
3089.08 3776.67 1211723339
3183.93 4262.55 1211723394
3126.31 3926.34 1211723452
3173.29 3896.18 1211723513
3083.77 3669.44 1211723580
3073.13 3843.68 1211723634
3068.7 3833.63 1211723695
3069.58 3840.33 1211723715
3078.45 3868.26 1211723744
3095.29 3895.06 1211723803
3074.9 3781.13 1211723870
3076.68 3763.26 1211723927
3077.56 3821.34 1211723984
3065.15 3885.01 1211724045
3070.47 3834.75 1211724101
3068.7 3866.02 1211724161
3074.9 3844.8 1211724226
3070.47 3853.74 1211724281
3072.24 3858.2 1211724341
3058.95 3871.61 1211724401
3056.29 3829.16 1211724461
3068.7 3871.61 1211724530
3069.58 3879.43 1211724581
3066.04 3882.78 1211724641
3059.83 3845.92 1211724701
3066.92 3804.59 1211724761
3066.04 3829.16 1211724826
3064.27 3858.2 1211724881
3074.9 3816.88 1211724946
3065.15 3853.74 1211725002
3073.13 3796.77 1211725062
3077.56 3812.41 1211725115
3071.36 3890.6 1211725193
3072.24 3801.24 1211725240
3076.68 3746.51 1211725295
3064.27 3842.57 1211725355
3074.9 3786.72 1211725415
3065.15 3893.95 1211725480
3058.06 3870.49 1211725538
3066.04 3891.71 1211725596
3055.4 3882.78 1211725664
3083.77 4021.28 1211725721
3076.68 3979.95 1211725777
3058.95 3957.61 1211725837
3059.83 3882.78 1211725897
3086.43 4093.89 1211725957
3044.76 3939.74 1211726017
3051.86 3930.81 1211726077
3052.74 3928.57 1211726119
3101.49 3879.43 1211726179
3072.24 3831.4 1211726244
3095.29 4054.79 1211726296
3035.01 4103.94 1211726438
3050.97 4092.77 1211726503
3050.97 4093.89 1211726514
2946.38 4172.08 1211726571
2457.09 4194.42 1211726630
2160.14 4140.8 1211726701
1110.65 3973.25 1211726746
955.533 3954.26 1211726807
805.733 3921.87 1211726867
368.74 3860.44 1211726927
89.5258 3660.5 1211726987
85.0939 3659.39 1211727001
109.027 3522 1211727056
145.369 3350 1211727116
137.391 3347.77 1211727177
138.278 3347.77 1211727238
138.278 3348.88 1211727308
140.937 3350 1211727366
138.278 3354.47 1211727428
109.913 3514.19 1211727505
-5.31837 3315.38 1211727570
-264.146 3140.03 1211727630
-463.584 3116.57 1211727689
-559.315 3099.82 1211727704
-892.599 3043.98 1211727729
-1519.28 2949.04 1211727789
-1707.2 2920.01 1211727849
-2028.96 2867.52 1211727910
-2528 2781.52 1211727975
-3035.01 2729.03 1211728040
-3417.94 2691.06 1211728091
-3764.52 2275.62 1211728211
-4202.4 2244.35 1211728271
-4356.63 2216.43 1211728331
-3665.24 2264.45 1211728396
-3955.09 2057.85 1211728612
-3961.3 2138.26 1211728629
-3478.21 2270.03 1211728720
-2357.81 2326.99 1211728839
-1494.46 2414.1 1211728905
-620.476 2535.82 1211728954
106.367 2684.36 1211729028
1042.4 2395.11 1211729134
1332.25 2329.22 1211729210
1780.77 2398.46 1211729265
1834.84 2101.41 1211729329
1820.65 2094.71 1211729367
1815.34 2093.59 1211729368
1663.76 2255.52 1211729429
1606.15 2665.37 1211729494
1568.03 2886.5 1211729554
1617.67 3230.49 1211729611
1917.27 3290.8 1211729675
2475.7 3371.22 1211729737
2513.81 3398.03 1211729792
2692.87 3188.05 1211729913
2789.48 3303.09 1211729974
2798.35 3299.74 1211730038
2799.23 3288.57 1211730096
2696.41 3284.1 1211730156
2806.32 3430.42 1211730217
2739.85 3800.12 1211730277
2713.25 4000.06 1211730338
2646.77 4149.74 1211730370
2485.45 4293.83 1211730430
2369.33 4404.42 1211730491
2418.08 4527.29 1211730528
2418.08 4570.86 1211730588
2406.56 4589.85 1211730669
2397.7 4611.07 1211730680
1583.1 4615.54 1211730806
1264 4767.46 1211730870
815.483 4788.69 1211730934
374.058 4684.8 1211730992
-357.217 4754.06 1211731101
-351.012 4757.41 1211731119
-98.3898 4757.41 1211731172
445.856 4727.25 1211731232
878.417 4795.39 1211731299
1365.05 5086.96 1211731414
1797.61 5102.6 1211731501
1660.22 5032.22 1211731558
1588.42 5075.79 1211731618
1803.81 4948.43 1211731682
1932.34 4962.96 1211731742
1977.55 4952.9 1211731804
2013 4719.43 1211731834
2189.39 4538.46 1211731888
1389.87 4017.93 1211732013
1107.11 3793.42 1211732066
864.235 3488.5 1211732126
951.101 2920.01 1211732195
1075.2 2163.94 1211732246
614.271 2002.02 1211732311
378.49 1860.2 1211732366
430.788 1559.81 1211732426
477.767 1249.39 1211732491
555.769 1133.26 1211732566
564.633 1134.38 1211732567
589.452 1139.96 1211732577
-75.3435 1250.51 1211732698
-550.451 1173.46 1211732758
-1316.3 1047.29 1211732874
-1316.3 1048.4 1211732934
-1323.39 1062.92 1211732999
-1319.84 1048.4 1211733049
-1316.3 1043.94 1211733109
-1314.52 1042.82 1211733169
-1314.52 1046.17 1211733236
-1310.98 1047.29 1211733280
-1310.09 1040.59 1211733326
-1310.98 1041.7 1211733385
-1311.86 1040.59 1211733403
-1300.34 1135.5 1211733468
-1353.52 1152.25 1211733510
-1379.23 1143.31 1211733595
-157.778 1450.38 1211733711
584.134 1570.98 1211733771
1172.7 2545.87 1211733894
1115.97 3679.49 1211734021
1204.61 3682.84 1211734045
1193.09 3700.71 1211734099
1193.09 3700.71 1211734100
1310.09 3559.98 1211734166
1333.14 3381.27 1211734224
1330.48 3389.09 1211734282
1336.68 3382.39 1211734345
1328.71 3379.04 1211734403
1342.89 3336.6 1211734463
1406.71 3212.62 1211734524
1748.86 3251.71 1211734578
1749.74 3578.97 1211734661
1709.85 3801.24 1211734727
1712.51 3799 1211734814
1734.67 3704.06 1211734901
1996.16 3490.73 1211734961
2191.17 3557.75 1211735024
2613.98 3615.83 1211735087
2932.19 3625.88 1211735148
2941.94 3517.54 1211735205
3025.26 3262.88 1211735263
3142.27 3043.98 1211735324
3416.16 2885.38 1211735388
3960.41 2799.39 1211735443
4063.23 2802.74 1211735504
4070.32 2780.4 1211735524
4070.32 2780.4 1211735542
4041.96 2838.48 1211735591
4071.21 2896.55 1211735662
3833.66 3152.31 1211735708
3704.24 3451.64 1211735773
3543.8 3625.88 1211735802
3462.26 3801.24 1211735923
3409.07 3803.47 1211735999
3410.85 3801.24 1211736059
3417.94 3985.54 1211736113
3410.85 4013.46 1211736223
3413.5 4035.8 1211736344
3383.37 4039.15 1211736403
3528.74 4110.64 1211736459
3437.44 4294.95 1211736520
3276.11 4509.42 1211736590
3038.56 4859.06 1211736654
2911.81 4999.82 1211736705
2388.83 5360.66 1211736759
2315.26 5384.12 1211736829
2317.92 5386.35 1211736835
2117.6 5390.82 1211736904
2067.07 5323.79 1211736950
1435.07 5104.83 1211737037
1374.8 5082.49 1211737060
1184.22 5060.15 1211737138
939.578 4864.65 1211737203
981.239 4613.31 1211737255
989.216 4547.4 1211737322
1014.04 4406.65 1211737346
962.624 3962.08 1211737412
815.483 3944.21 1211737445
435.22 3920.75 1211737505
-165.756 4350.8 1211737742
21.2735 4547.4 1211737852
114.345 4477.02 1211737921
613.385 4529.53 1211737968
764.958 4159.79 1211738097
850.939 3662.74 1211738157
909.441 3361.17 1211738219
975.92 2817.26 1211738269
1187.77 2311.35 1211738328
1472.3 2360.49 1211738392
1542.33 2151.66 1211738449
2072.39 1462.66 1211738569
2535.09 1910.45 1211738635
2568.77 1943.95 1211738690
2453.54 1570.98 1211738757
2237.26 1422.47 1211738820
2356.92 1734.01 1211738870
2365.79 1744.06 1211738900
2365.79 1744.06 1211738901
2470.38 1846.8 1211738938
3007.54 2383.94 1211738992
3019.95 2133.79 1211739056
2811.64 1926.08 1211739114
2542.18 2178.46 1211739171
2577.64 2516.84 1211739242
2450.88 2678.77 1211739296
2220.42 2790.45 1211739352
2184.96 2864.16 1211739412
2329.44 3042.86 1211739472
2389.72 3104.29 1211739537
2657.41 3162.36 1211739597
2562.57 3249.48 1211739715
2563.45 3257.3 1211739750
2563.45 3259.53 1211739810
2564.34 3262.88 1211739881
2555.48 3209.27 1211739934
2544.84 3228.26 1211740055
2545.72 3211.51 1211740069
2201.8 2999.3 1211740128
2005.02 2981.43 1211740190
1309.2 2869.75 1211740253
1157.63 2823.96 1211740310
1090.27 3119.92 1211740364
976.807 3737.57 1211740426
571.724 4531.76 1211740556
124.095 4461.39 1211740607
-181.711 4517.24 1211740708
-181.711 4517.24 1211740717
-127.641 4527.29 1211740740
-40.7741 4460.27 1211740799
470.675 4508.3 1211740860
702.024 4465.85 1211740920
770.277 4061.49 1211740981
810.165 3845.92 1211741040
908.554 3222.67 1211741101
1022.9 2476.63 1211741161
1115.08 1911.57 1211741220
1144.34 1766.4 1211741283
1223.22 554.889 1211741477
1203.72 347.22 1211741521
1129.27 349.453 1211741581
1098.24 346.103 1211741645
1069.88 341.637 1211741722
1058.35 10.048 1211741763
1085.83 -275.756 1211741823
1128.38 -832.821 1211741888
1154.09 -1223.52 1211741943
1162.95 -1338.5 1211742004
1171.81 -1378.69 1211742057
1171.81 -1378.69 1211742063
1210.81 -1536.07 1211742129
1171.81 -1374.22 1211742179
1161.18 -1269.29 1211742207
1126.61 -799.331 1211742253
1111.54 -570.48 1211742290
1114.2 -702.21 1211742350
1144.34 -1082.87 1211742406
1395.18 -1075.06 1211742481
1502.44 -1067.25 1211742537
1679.72 -1062.78 1211742588
1780.77 -1049.38 1211742662
1663.76 -1231.34 1211742767
1596.4 -1231.34 1211742817
1570.69 -1239.15 1211742877
1739.99 -1341.85 1211742937
2115.82 -1330.69 1211742997
13075.2 6997.48 1211743032
11819.2 5938.26 1211743043
10362 4744 1211743062
4469.2 -312.597 1211743101
3646.63 -973.476 1211743231
3643.97 -975.709 1211743291
3649.29 -964.546 1211743361
3647.51 -972.36 1211743421
3647.51 -973.476 1211743546
3646.63 -975.709 1211743598
3636.88 -994.686 1211743659
3633.33 -1000.27 1211743713
3643.97 -979.058 1211743847
3643.97 -982.407 1211743972
3642.19 -995.802 1211744014
3579.26 -1057.2 1211744089
3101.49 -1185.57 1211744141
2401.24 -1321.76 1211744201
1971.34 -1331.8 1211744268
1715.17 -1328.45 1211744285
1365.93 -1293.85 1211744364
1349.98 -1081.76 1211744422
1368.59 -1077.29 1211744432
1503.32 -1245.85 1211744501
1553.85 -1325.1 1211744558
1935.89 -1332.92 1211744610
2241.69 -1327.34 1211744670
2724.78 -3147.75 1211744792
3159.11 -4535.95 1211744852
3203.43 -5276.82 1211745037
3188.36 -5328.14 1211745052
3188.36 -5328.14 1211745092
3287.64 -4828.29 1211745115
2878.12 -3396.62 1211745153
3389.57 -1970.28 1211745217
2421.63 -1306.13 1211745386
1784.31 -1325.1 1211745510
13844.6 7917.14 1211745537
11624.2 6377.35 1211745562
7513.97 3267.35 1211745575
3964.84 660.958 1211745578
2634.36 -269.057 1211745589
1368.59 -936.638 1211745658
1324.27 -747.979 1211745709
1318.07 -677.65 1211745757
1286.16 -379.58 1211745875
1273.75 -132.855 1211745929
1259.57 -25.678 1211745997
1252.48 85.9662 1211746053
1251.59 145.138 1211746109
1100.02 160.769 1211746170
1044.17 313.725 1211746229
1029.1 496.83 1211746303
1000.74 936.745 1211746362
987.443 1151.13 1211746409
1042.4 1262.79 1211746476
1281.73 1864.66 1211746529
1176.25 2576.03 1211746596
1115.08 2835.13 1211746657
1209.04 3159.01 1211746710
1791.4 3265.12 1211746771
2225.74 3334.36 1211746831
2370.22 3389.09 1211746892
2364.01 3414.78 1211746905
2369.33 3479.56 1211746949
2369.33 3479.56 1211746951
2342.74 3509.72 1211747015
2317.92 3755.44 1211747083
2277.15 4002.29 1211747135
2267.4 4067.08 1211747192
2250.56 4155.32 1211747266
1481.17 4023.52 1211747324
1204.61 4173.19 1211747375
1143.45 4631.18 1211747433
1121.29 4749.59 1211747464
1067.22 5018.81 1211747550
1069.88 5016.58 1211747604
1310.09 5180.8 1211747742
1459.01 5212.08 1211747804
1719.61 5151.75 1211747983
1720.49 5152.87 1211748200
1718.72 5166.27 1211748247
1764.81 5059.03 1211748320
1819.77 4864.65 1211748437
2020.09 4683.68 1211748507
1488.26 4273.72 1211748604
1569.8 3777.78 1211748668
1647.81 3365.64 1211748723
1689.47 3032.81 1211748784
1770.13 2517.96 1211748861
1849.02 2082.42 1211748923
1649.58 1881.41 1211748965
1605.26 1868.01 1211748985
1599.94 1872.48 1211749040
1600.83 1871.36 1211749063
1394.3 1630.16 1211749167
1394.3 1629.05 1211749229
1382.78 1612.3 1211749287
1248.04 1473.83 1211749346
1013.15 1244.92 1211749402
905.009 1135.5 1211749423
554.883 788.243 1211749549
257.054 494.597 1211749613
252.622 494.597 1211749678
24.819 -91.5474 1211749790
-37.2286 -96.0131 1211749803
-56.7292 77.0346 1211749858
134.732 96.0143 1211749918
490.176 117.227 1211749982
916.532 150.721 1211750084
1006.94 160.769 1211750146
1042.4 166.351 1211750206
1049.49 276.881 1211750273
1049.49 324.89 1211750319
1037.08 430.956 1211750380
1034.42 477.85 1211750441
1068.99 1287.35 1211750563
1140.79 1363.28 1211750623
1299.45 1730.66 1211750689
1217.91 2233.18 1211750753
1124.83 2845.18 1211750817
1310.98 2957.98 1211750863
1676.17 3028.34 1211750923
2156.6 3102.05 1211750999
2391.49 3121.04 1211751049
2593.59 3164.6 1211751106
2684 3298.62 1211751169
2684.89 3301.97 1211751175
2685.78 3301.97 1211751231
2574.09 3290.8 1211751300
2554.59 3115.46 1211751370
2587.39 2957.98 1211751428
2622.84 2882.03 1211751474
2815.19 2764.77 1211751546
2980.94 2907.72 1211751588
2933.97 2965.8 1211751649
2864.83 3052.91 1211751710
2653.86 3106.52 1211751770
2293.1 2995.95 1211751830
2167.23 2982.55 1211751890
2177.87 2994.84 1211751952
2177.87 3010.47 1211752011
2173.44 3012.7 1211752087
2134.44 2969.15 1211752134
2119.37 2965.8 1211752194
2102.53 2968.03 1211752257
1341.11 2841.83 1211752298
1054.81 2509.02 1211752436
1061.01 2271.15 1211752489
1116.86 1917.15 1211752539
1130.15 1854.61 1211752604
887.281 1728.43 1211752660
478.653 1663.66 1211752720
-60.2748 1574.33 1211752784
-907.668 1425.82 1211752855
-922.737 1223.71 1211752906
-1501.55 1026.07 1211753038
-1504.21 1020.49 1211753060
-1504.21 1020.49 1211753062
-1593.74 1098.65 1211753128
-1288.82 1270.61 1211753191
-558.428 1386.73 1211753243
9.75034 1478.3 1211753311
660.364 1583.26 1211753374
962.624 1631.28 1211753438
1294.14 1687.11 1211753491
1257.79 2316.94 1211753551
1453.69 2352.67 1211753604
1927.91 2504.55 1211753664
2136.21 2672.07 1211753735
2307.28 2720.1 1211753791
2364.9 2736.85 1211753862
2360.47 2752.48 1211753921
