9.75034 4105.06 1211998433
7.97755 4103.94 1211998488
19.5007 4108.41 1211998541
11.5231 4108.41 1211998614
-117.89 4106.17 1211998687
-132.959 4103.94 1211998699
-510.563 4043.62 1211998749
-554.883 3937.51 1211998804
-500.813 3594.6 1211998859
-457.38 3328.78 1211998919
-411.287 3041.74 1211998985
-366.081 2765.88 1211999040
-367.854 2619.58 1211999112
-294.283 2294.6 1211999161
-235.781 1955.12 1211999214
-146.255 1377.8 1211999343
-156.892 1338.72 1211999384
-193.234 1334.25 1211999401
-468.903 1548.65 1211999510
-494.608 1712.8 1211999569
-946.669 1967.4 1211999704
-1037.97 1951.77 1211999747
-1568.03 1979.68 1211999849
-1926.14 2373.89 1211999927
-2593.59 2330.34 1212000000
-2877.24 2314.7 1212000056
-3228.25 2295.72 1212000115
-3908.11 2257.75 1212000175
-4228.1 2227.6 1212000347
-3550.01 2268.92 1212000407
-2327.67 2337.04 1212000603
-1427.1 2404.04 1212000719
-1425.32 2406.28 1212000775
