3106.81 -15248.6 1211176055
2806.32 -13788.7 1211176100
2568.77 -12269.4 1211176165
3135.18 -10847.9 1211176202
4067.66 -9641.47 1211176249
4032.21 -8110.26 1211176300
3767.18 -6610 1211176361
3434.78 -5159.67 1211176413
2980.06 -3741.45 1211176446
1981.98 -3042.85 1211176509
505.245 -3095.3 1211176578
-85.0939 -2912.27 1211176700
-721.525 -2691.29 1211176750
-924.509 -2058.45 1211176805
-1347.32 -1603.05 1211176869
-1279.95 -1484.73 1211176935
-1459.89 -1000.27 1211176988
-1617.67 -749.096 1211177045
-1863.2 -535.873 1211177104
-2040.48 -622.949 1211177164
-2035.16 -622.949 1211177183
-2035.16 -621.832 1211177243
-1914.61 -477.822 1211177306
-1690.35 -365.067 1211177365
-1807.36 -813.843 1211177425
-2290.44 -965.662 1211177489
-2281.58 -993.57 1211177550
-2199.14 -1548.35 1211177607
-3227.36 -3703.5 1211177904
-3253.95 -4269.26 1211177935
-3278.77 -4751.3 1211177995
-3179.5 -5973 1211178060
-3086.43 -7473.38 1211178122
-3202.54 -8964.56 1211178153
-2673.37 -10406.4 1211178208
-1981.98 -11716.5 1211178254
-1129.27 -12920.4 1211178295
-227.803 -14130.9 1211178339
990.989 -14478.6 1211178399
2397.7 -14117.5 1211178464
3063.38 -15286.5 1211178520
3672.33 -16263.8 1211178571
4248.49 -16098.9 1211178640
