4152.76 -9416.21 1212633856
3789.34 -6749.44 1212633911
3469.35 -5227.73 1212633959
2979.17 -3780.5 1212634000
2821.39 -1312.83 1212634112
2247.01 -1317.29 1212634184
1115.97 -1358.59 1212634304
433.447 -1412.17 1212634413
359.876 -1244.73 1212634475
332.398 -996.919 1212634540
251.736 -878.59 1212634636
261.486 -860.729 1212634699
261.486 -859.612 1212634709
529.177 -881.939 1212634761
729.503 -934.405 1212634833
725.957 -835.053 1212634852
679.865 -323.761 1212634912
649.727 96.0143 1212634959
636.431 391.879 1212635026
610.726 655.375 1212635082
600.975 796.059 1212635143
475.994 1272.84 1212635263
187.916 1292.94 1212635340
-101.935 1248.27 1212635376
-23.9326 1014.91 1212635435
24.819 436.539 1212635496
251.736 132.857 1212635602
229.576 405.277 1212635667
559.315 780.428 1212635722
739.253 959.077 1212635783
951.101 1173.46 1212635843
1295.02 1739.6 1212635918
1219.68 2265.57 1212635962
1119.52 2904.37 1212636037
1068.99 3146.73 1212636083
975.034 3724.17 1212636147
864.235 4404.42 1212636218
1084.06 4830.02 1212636264
962.624 4694.85 1212636350
963.511 4693.74 1212636355
967.943 4598.78 1212636417
125.868 4466.97 1212636521
-36.3422 4546.28 1212636595
-36.3422 4547.4 1212636601
-226.917 4513.89 1212636653
-335.057 4393.25 1212636741
-290.737 4135.21 1212636812
-294.283 4140.8 1212637009
-295.169 4136.33 1212637067
-295.169 4137.45 1212637117
-292.51 4144.15 1212637177
-280.987 4103.94 1212637296
-278.328 4087.18 1212637308
160.437 4151.97 1212637369
495.494 4095 1212637429
886.394 4158.67 1212637496
834.984 3664.97 1212637598
932.487 3043.98 1212637661
1053.04 2322.52 1212637719
1047.72 1463.78 1212637873
1793.18 1047.29 1212637939
2709.71 533.675 1212637992
2881.67 -994.686 1212638061
2969.42 -3832.95 1212638160
3701.58 -6386.89 1212638235
3971.93 -7879.38 1212638295
4151.87 -9383.87 1212638349
3332.84 -10662.9 1212638390
2529.77 -11922.7 1212638451
2664.5 -13457.7 1212638502
2946.38 -14927.7 1212638570
3336.39 -16237 1212638618
3956.86 -16200.2 1212638692
4413.36 -16198 1212638739
4434.63 -15870.4 1212638814
4398.29 -15857.1 1212638829
4382.33 -15852.6 1212638851
4384.99 -15840.3 1212638878
4359.29 -15861.5 1212638933
4146.55 -16074.3 1212638998
4198.85 -16104.4 1212639053
