3954.21 -9870.07 1212372650
4176.69 -9348.19 1212372688
4032.21 -8087.95 1212372724
3768.06 -6617.81 1212372740
3544.69 -5411.82 1212372790
3038.56 -4002.57 1212372835
2704.39 337.171 1212372979
2402.13 1209.19 1212373058
2283.35 1362.17 1212373098
2261.19 1648.03 1212373172
2831.14 2220.9 1212373224
3177.72 2735.73 1212373319
2980.94 2898.79 1212373372
3029.7 3125.51 1212373428
2992.47 2970.26 1212373493
2897.62 2993.72 1212373555
2731.87 3074.13 1212373601
2490.77 3046.21 1212373646
2370.22 3031.69 1212373648
2325.9 3102.05 1212373764
2396.81 3113.22 1212373819
2420.74 3097.59 1212373879
2409.22 2951.28 1212373944
2442.02 2847.41 1212374010
2392.38 2827.31 1212374011
1646.03 2707.81 1212374071
1155.86 2636.34 1212374207
1046.83 2821.73 1212374254
812.824 2806.09 1212374326
-129.414 2650.85 1212374382
-705.57 2540.29 1212374409
-1506.87 2421.91 1212374472
-2031.62 2372.78 1212374545
-2030.73 2376.13 1212374584
-2036.05 2370.54 1212374636
-2257.65 2414.1 1212374674
-2265.62 2359.37 1212374813
-2267.4 2362.72 1212374942
-2268.28 2362.72 1212375150
-2268.28 2362.72 1212375184
-2269.17 2361.61 1212375244
-2268.28 2361.61 1212375355
-2339.19 2341.51 1212375413
-2254.1 2132.67 1212375473
-2200.03 2337.04 1212375540
-1837.5 2361.61 1212375593
-998.967 1969.63 1212375736
-970.602 1803.25 1212375751
-866.007 1154.48 1212375884
-846.507 1035 1212375903
-965.284 1004.86 1212375930
-1549.42 1008.21 1212376046
-1446.6 1028.3 1212376110
-1186.88 1069.62 1212376178
-1002.51 1098.65 1212376227
-915.645 1317.5 1212376296
-532.723 1394.55 1212376348
76.2299 1489.46 1212376413
561.088 1654.73 1212376469
538.928 1866.9 1212376554
454.72 2407.39 1212376603
436.992 2935.64 1212376650
841.188 2992.6 1212376725
1023.79 2478.87 1212376786
1093.81 2088.01 1212376844
1310.98 1787.61 1212376969
1833.95 1608.95 1212377025
2362.24 1202.49 1212377080
2476.59 1308.57 1212377137
2479.25 1315.27 1212377168
2479.25 1314.15 1212377175
2822.28 1667.01 1212377243
2752.25 1926.08 1212377290
2758.46 1943.95 1212377356
2758.46 1941.72 1212377410
2747.82 1924.97 1212377483
2748.71 1937.25 1212377535
2744.28 1923.85 1212377595
2743.39 1922.73 1212377727
2744.28 1943.95 1212377799
2789.48 1912.68 1212377861
2575.86 1693.81 1212377927
2287.78 1409.07 1212377978
2177.87 1558.7 1212378037
2412.77 1794.31 1212378103
3244.2 2625.17 1212378222
2999.56 2899.9 1212378278
2838.23 3062.96 1212378313
2557.25 3070.78 1212378359
2161.03 3000.42 1212378432
1754.17 2938.99 1212378486
1708.97 2850.76 1212378504
1727.58 2707.81 1212378564
1728.47 2667.61 1212378585
1514.85 2473.28 1212378653
810.165 2359.37 1212378705
-181.711 2195.21 1212378781
-983.011 2074.61 1212378826
-1367.71 2012.07 1212378886
-1892.45 1926.08 1212378958
-2717.69 1480.53 1212379071
-3278.77 1447.03 1212379126
-4071.21 1404.6 1212379201
-4424.88 1386.73 1212379252
-4712.07 1366.63 1212379283
-4784.76 1529.66 1212379314
-4784.76 1530.78 1212379320
-4790.08 1602.25 1212379336
-4812.24 2041.1 1212379395
-4413.36 2217.55 1212379455
-3784.02 2253.28 1212379521
-3462.26 2272.27 1212379580
-2738.96 2310.24 1212379711
-2169.01 2342.62 1212379759
-1849.02 2361.61 1212379840
-1264 2445.36 1212379885
-946.669 1667.01 1212380008
-866.007 1152.25 1212380055
-1064.56 1096.42 1212380128
-1422.66 1036.12 1212380185
-1357.07 1042.82 1212380241
-991.875 1102 1212380301
-562.86 1195.79 1212380362
-528.291 1388.97 1212380393
-124.095 1253.86 1212380488
2.65918 789.36 1212380559
234.895 94.8978 1212380776
637.318 126.158 1212380832
1077.86 159.652 1212380891
1246.27 147.371 1212380956
1262.23 110.528 1212381010
1215.25 664.308 1212381040
1171.81 1244.92 1212381108
1258.68 1482.76 1212381167
1185.11 2443.13 1212381277
1078.74 3151.2 1212381337
948.442 3938.62 1212381409
623.135 4117.34 1212381473
318.216 4070.43 1212381534
318.216 4068.2 1212381558
318.216 4063.73 1212381621
318.216 4063.73 1212381622
318.216 4063.73 1212381653
180.824 4025.75 1212381691
546.905 4019.05 1212381748
799.528 3976.6 1212381808
804.846 3867.14 1212381830
1070.76 3878.31 1212381892
1128.38 3766.61 1212381945
1267.54 3595.72 1212381999
1411.14 3826.93 1212382058
1405.82 3845.92 1212382094
1412.91 3821.34 1212382170
1159.4 3788.95 1212382230
1004.28 3756.56 1212382295
920.077 3155.66 1212382433
616.931 2425.26 1212382536
216.28 2379.48 1212382638
163.097 2366.07 1212382640
331.512 2133.79 1212382744
386.468 1796.55 1212382800
280.101 1626.81 1212382861
-331.512 1527.43 1212382922
-905.009 1424.7 1212382983
-867.78 1185.74 1212383043
-858.916 1131.03 1212383078
-857.143 1135.5 1212383100
-430.788 1186.86 1212383145
-384.695 1195.79 1212383158
-155.119 1234.87 1212383206
-163.983 1244.92 1212383212
-744.571 1146.66 1212383288
-1283.5 1057.34 1212383334
-1567.15 915.531 1212383398
-1534.35 686.638 1212383496
-1518.39 615.181 1212383513
-1332.25 724.6 1212383565
-1562.71 902.132 1212383626
-1303.89 1056.22 1212383680
-881.076 1116.51 1212383778
-450.288 1185.74 1212383831
7.09116 789.36 1212383951
54.0701 139.556 1212384079
35.4558 73.6853 1212384110
-132.959 154.07 1212384175
-416.605 226.64 1212384232
-906.782 185.331 1212384295
-990.989 2.32831e-09 1212384349
-990.989 1.11644 1212384434
-481.312 212.126 1212384436
-235.781 194.263 1212384511
-109.027 198.728 1212384558
23.0463 256.785 1212384617
65.5932 39.0754 1212384678
73.5707 -87.0817 1212384705
113.458 -621.832 1212384759
388.241 -967.895 1212384874
779.141 -938.871 1212384945
897.918 -933.289 1212384968
812.824 -928.824 1212385034
410.401 -971.244 1212385110
-221.599 -1010.31 1212385265
-216.28 -1015.9 1212385295
92.185 -291.385 1212385446
85.0939 -212.121 1212385474
84.2075 -211.004 1212385486
64.7068 40.1919 1212385540
51.4109 242.271 1212385599
362.535 580.568 1212385638
449.402 667.657 1212385658
851.825 1053.99 1212385718
752.549 982.525 1212385788
595.657 915.531 1212385875
557.542 1139.96 1212385937
15.9551 1355.47 1212386106
28.3646 1368.87 1212386167
126.754 1510.68 1212386239
717.979 1588.85 1212386289
1297.68 1795.43 1212386343
1178.02 2467.7 1212386390
1262.23 2751.37 1212386456
1375.68 2768.12 1212386485
1522.83 2802.74 1212386504
1883.59 2865.28 1212386566
2037.82 2975.85 1212386600
2121.14 3106.52 1212386657
2036.93 3676.14 1212386717
2037.82 4027.98 1212386777
2061.75 4421.17 1212386848
1959.82 5050.09 1212386962
1951.84 5167.39 1212387023
1951.84 5170.74 1212387030
1893.34 5284.69 1212387161
1529.03 5334.96 1212387208
1521.05 5138.34 1212387268
1638.94 5132.76 1212387328
1645.15 5149.52 1212387349
1803.81 5067.97 1212387399
1818.88 4864.65 1212387471
2122.91 4602.14 1212387525
2334.76 4427.87 1212387579
2453.54 4320.64 1212387639
2653.86 4140.8 1212387691
2660.96 4132.98 1212387743
2716.8 3700.71 1212387803
2821.39 3363.4 1212387873
2334.76 3233.84 1212387926
2259.42 3011.59 1212387991
2134.44 2963.56 1212388047
1496.23 2838.48 1212388117
1433.3 2857.46 1212388140
1593.74 2572.68 1212388200
1593.74 2557.04 1212388222
1586.65 2730.15 1212388278
1862.31 2853 1212388353
2253.21 2917.77 1212388399
2376.42 2867.52 1212388469
1866.75 2733.5 1212388516
1458.12 2682.12 1212388576
1339.34 2555.93 1212388638
1192.2 2533.59 1212388697
1192.2 2532.47 1212388708
1174.47 2515.72 1212388762
1178.9 2510.14 1212388822
1177.13 2502.32 1212388878
1170.93 2530.24 1212388942
1167.38 2543.64 1212389015
1168.27 2536.94 1212389068
1135.47 2516.84 1212389132
1029.99 2487.8 1212389184
1079.63 2173.99 1212389235
1137.24 1802.13 1212389276
858.03 1727.31 1212389325
849.166 1766.4 1212389389
849.166 1767.51 1212389449
833.211 1822.23 1212389479
276.555 1735.13 1212389536
155.119 1606.71 1212389612
-163.097 1550.88 1212389660
-151.573 1369.98 1212389715
-118.777 1266.14 1212389776
-111.686 1217.01 1212389800
19.5007 602.899 1212389856
169.301 90.432 1212389973
195.007 91.5484 1212389993
