210.075 3381.27 1211235899
210.962 3381.27 1211236007
211.848 3384.62 1211236073
208.303 3386.86 1211236130
210.075 3379.04 1211236196
210.962 3377.92 1211236256
210.962 3377.92 1211236306
211.848 3376.81 1211236441
209.189 3377.92 1211236609
209.189 3377.92 1211236657
209.189 3377.92 1211236707
209.189 3377.92 1211236770
210.075 3377.92 1211236830
209.189 3379.04 1211236901
210.075 3377.92 1211236953
207.416 3380.16 1211237009
210.075 3375.69 1211237069
208.303 3379.04 1211237129
204.757 3383.51 1211237190
205.644 3382.39 1211237251
207.416 3380.16 1211237325
209.189 3379.04 1211237385
210.075 3379.04 1211237432
208.303 3384.62 1211237497
211.848 3372.34 1211237562
211.848 3374.57 1211237620
