4205.94 -15993 1212512781
3588.12 -16279.4 1212512847
3013.74 -14903.2 1212512900
2686.66 -13417.5 1212512952
3370.96 -10646.1 1212513052
4162.51 -9396.14 1212513099
3990.55 -7864.88 1212513146
3724.63 -6388 1212513195
3301.82 -4955.49 1212513264
2897.62 -3514.91 1212513298
2493.43 -2098.63 1212513349
2896.74 -637.461 1212513409
2635.25 180.865 1212513473
2709.71 794.943 1212513525
2453.54 1089.72 1212513585
2403.9 1211.43 1212513651
2356.04 1302.99 1212513718
2146.85 1521.85 1212513776
2265.62 1672.6 1212513802
3147.59 2531.36 1212513926
2934.85 3010.47 1212513975
3073.13 3309.79 1212514096
3327.52 3596.84 1212514156
3426.8 3916.29 1212514216
3430.35 3911.82 1212514246
3396.66 3902.88 1212514258
3400.21 3882.78 1212514310
3268.14 3869.37 1212514376
2985.38 4101.7 1212514433
2542.18 5061.26 1212514596
1770.13 5155.1 1212514788
2137.98 5215.43 1212514839
2145.96 5105.95 1212514912
1852.56 5060.15 1212514965
1299.45 4974.13 1212515088
805.733 4837.84 1212515247
829.665 4578.68 1212515293
830.552 4578.68 1212515298
771.163 4568.62 1212515349
762.299 4567.51 1212515386
1556.51 5225.48 1212515635
1520.17 5226.6 1212515718
1493.57 5171.86 1212515720
1515.73 5132.76 1212515766
2052.89 4661.34 1212515846
2438.47 4323.99 1212515965
2684 4108.41 1212516030
2864.83 3950.91 1212516074
2855.96 3743.16 1212516136
3050.08 3725.29 1212516201
3454.28 3881.66 1212516262
3359.43 3701.83 1212516326
3360.32 3702.95 1212516381
3389.57 3792.3 1212516535
3347.03 3987.77 1212516648
3014.63 3826.93 1212516703
2357.81 3677.26 1212516760
1686.81 3558.86 1212516817
1370.37 3509.72 1212516887
1118.63 3478.44 1212516938
306.692 3343.3 1212517074
117.89 3487.38 1212517179
102.822 3637.05 1212517244
99.2762 3634.81 1212517264
96.617 3633.7 1212517326
56.7292 4130.75 1212517462
452.061 4084.95 1212517523
474.221 4107.29 1212517600
474.221 4106.17 1212517660
473.335 4106.17 1212517720
470.675 4202.24 1212517786
733.935 4239.1 1212517842
967.943 4277.08 1212517904
1201.06 4178.78 1212517964
1225.88 4033.57 1212518030
1299.45 3557.75 1212518077
1729.36 3239.43 1212518258
1869.41 3259.53 1212518318
2400.36 3353.35 1212518382
2664.5 3356.7 1212518444
2552.82 3376.81 1212518509
2565.23 3319.84 1212518573
2559.91 3298.62 1212518679
2566.11 3266.23 1212518748
2551.93 3155.66 1212518798
2607.77 3159.01 1212518821
2534.2 3257.3 1212518865
2208.01 3217.09 1212518941
1687.7 3133.33 1212518989
1353.52 3076.37 1212519047
1102.67 3033.92 1212519107
779.141 3079.72 1212519168
692.274 3293.04 1212519230
554.883 3580.08 1212519289
512.336 3855.97 1212519350
418.378 3867.14 1212519422
418.378 3868.26 1212519480
419.265 3871.61 1212519530
418.378 3868.26 1212519616
418.378 3866.02 1212519619
115.231 3821.34 1212519691
16.8415 4107.29 1212519752
497.267 4225.69 1212519876
818.142 3774.43 1212519990
879.303 3421.48 1212520045
1014.04 2532.47 1212520112
1111.54 1923.85 1212520166
1123.95 1761.93 1212520242
889.94 1720.61 1212520302
429.901 1555.35 1212520423
469.789 1351 1212520448
475.994 1347.65 1212520527
417.492 1320.85 1212520534
413.946 1316.39 1212520594
413.06 1317.5 1212520664
413.06 1319.74 1212520715
413.946 1320.85 1212520770
413.946 1321.97 1212520841
281.873 1304.1 1212520901
-148.028 1242.69 1212520957
-148.914 1342.07 1212521010
438.765 1227.06 1212521215
332.398 1333.14 1212521274
671.001 1364.4 1212521331
726.843 1570.98 1212521396
845.62 1605.6 1212521446
1226.77 1664.78 1212521507
1346.43 1794.31 1212521576
1675.29 2062.32 1212521693
1784.31 2074.61 1212521750
1785.2 2073.49 1212521781
1366.82 2013.19 1212521816
1128.38 1865.78 1212521868
534.496 1661.43 1212521922
441.424 1512.91 1212521982
181.711 1287.35 1212522115
-121.436 1302.99 1212522172
-148.028 1430.28 1212522229
301.374 1521.85 1212522303
514.109 1559.81 1212522329
971.488 1631.28 1212522392
1211.7 1451.5 1212522514
1474.96 1470.48 1212522639
1488.26 1455.96 1212522692
1586.65 1113.16 1212522748
1576.9 1007.09 1212522813
1022.01 701.153 1212522938
994.535 697.804 1212522998
881.962 688.871 1212523054
720.639 674.356 1212523114
530.064 742.465 1212523173
800.414 689.988 1212523236
509.677 664.308 1212523298
210.962 816.157 1212523422
505.245 831.789 1212523483
510.563 838.488 1212523527
579.702 844.071 1212523575
1123.95 884.267 1212523642
1281.73 -273.523 1212523816
1309.2 -586.109 1212523877
1335.8 -979.058 1212523932
1364.16 -1298.31 1212523992
1329.59 -1762.67 1212524061
1234.75 -1951.3 1212524124
1146.99 -2118.73 1212524178
1209.04 -2170.07 1212524199
1607.92 -2341.95 1212524265
1734.67 -2358.69 1212524444
1736.45 -2359.81 1212524500
1735.56 -2357.58 1212524620
1732.01 -2358.69 1212524689
1363.27 -2249.31 1212524745
1247.16 -1925.63 1212524814
1358.84 -1187.8 1212524921
1334.02 -916.544 1212524988
1316.3 -639.694 1212525041
1291.48 -184.21 1212525107
1261.34 65.8701 1212525162
1227.66 500.18 1212525237
1110.65 708.969 1212525288
524.746 667.657 1212525414
509.677 841.838 1212525511
509.677 842.954 1212525514
529.177 837.371 1212525664
553.997 845.187 1212525720
863.348 1076.32 1212525780
1009.6 1223.71 1212525842
1283.5 1491.7 1212525906
1560.94 1778.68 1212525966
1700.1 1914.92 1212526022
2022.75 2230.95 1212526083
2226.62 2434.2 1212526151
2405.67 2610.65 1212526202
2473.93 2687.71 1212526272
2489 2699.99 1212526281
2594.48 2799.39 1212526336
2758.46 2689.94 1212526401
2412.77 2707.81 1212526457
2435.81 3006 1212526525
2453.54 3417.01 1212526577
2469.49 3370.1 1212526650
2490.77 3370.1 1212526657
2786.82 3423.72 1212526712
2808.1 3325.43 1212526743
3184.82 3498.55 1212526803
3292.07 3458.34 1212526862
3523.42 3423.72 1212526937
3528.74 3425.95 1212526957
3752.99 3775.55 1212527065
3662.58 3860.44 1212527100
3486.19 3810.17 1212527147
3111.24 3645.98 1212527213
3011.08 4024.63 1212527273
2799.23 4254.74 1212527390
2759.35 4250.27 1212527450
2710.59 4243.56 1212527518
2592.7 4217.87 1212527581
2304.63 4167.61 1212527629
1403.16 4021.28 1212527693
882.849 4303.88 1212527829
655.045 4551.87 1212527871
-353.671 4387.66 1212527991
-757.867 4328.46 1212528058
-774.709 4368.67 1212528078
-778.254 4364.2 1212528098
-662.137 4444.63 1212528121
-631.113 4422.29 1212528151
819.915 4568.62 1212528346
1052.15 4137.45 1212528411
1083.17 3905.12 1212528466
1122.18 3630.35 1212528527
1176.25 3325.43 1212528587
1221.45 3071.9 1212528648
1285.27 2774.82 1212528708
1295.02 2758.07 1212528768
1532.58 2772.59 1212528828
1714.29 2609.53 1212528894
1779.88 2414.1 1212528949
1831.29 2111.46 1212529020
1822.43 2092.47 1212529070
1821.54 2092.47 1212529104
1821.54 2092.47 1212529105
1698.33 2073.49 1212529182
1666.42 2256.63 1212529225
1655.78 2313.59 1212529265
1602.6 2578.26 1212529285
1560.94 2850.76 1212529347
1513.96 3193.64 1212529412
1798.49 3257.3 1212529469
2512.93 3513.07 1212529588
2521.79 3527.59 1212529620
2521.79 3527.59 1212529621
2519.13 3451.64 1212529682
2917.12 3448.29 1212529742
3119.22 3355.58 1212529802
2823.17 3270.7 1212529877
2590.04 3271.82 1212529928
2691.98 3234.96 1212529982
2825.83 3356.7 1212530043
2782.39 3648.22 1212530104
3123.65 3861.55 1212530163
3411.73 3934.16 1212530208
3484.42 3765.5 1212530288
3490.62 3725.29 1212530347
3745.02 3710.77 1212530413
3859.36 3528.71 1212530466
3715.77 3371.22 1212530533
3347.91 2999.3 1212530595
3193.68 3114.34 1212530648
3088.2 3282.99 1212530705
3217.61 3392.44 1212530742
3298.27 3589.02 1212530800
3337.28 3536.52 1212530847
3677.65 3622.53 1212530974
3634.22 3577.85 1212531010
3606.74 3519.77 1212531090
3601.42 3501.9 1212531126
3753.88 3673.91 1212531169
3784.9 3828.05 1212531238
3669.67 3984.42 1212531295
3670.56 3984.42 1212531309
3622.69 3997.82 1212531359
3744.13 3869.37 1212531419
3719.31 3909.58 1212531479
3719.31 3908.47 1212531492
3494.17 3480.68 1212531673
3277.89 3192.52 1212531731
2932.19 2899.9 1212531797
2831.14 2767 1212531836
2831.14 2767 1212531840
2909.15 2610.65 1212531959
3045.65 2461 1212532020
3012.85 2127.09 1212532066
2921.56 2034.4 1212532124
2773.53 1905.98 1212532190
2751.37 1897.05 1212532246
2749.6 1897.05 1212532305
2750.48 1898.17 1212532342
2746.94 1902.63 1212532419
2748.71 1902.63 1212532474
2748.71 1899.28 1212532538
2749.6 1895.93 1212532585
2759.35 1891.46 1212532646
2754.91 1897.05 1212532707
2754.91 1895.93 1212532767
2754.91 1894.81 1212532829
2754.03 1898.17 1212532888
2754.03 1898.17 1212532949
2754.91 1895.93 1212533009
2755.8 1895.93 1212533087
2754.91 1897.05 1212533139
2755.8 1897.05 1212533191
2754.91 1898.17 1212533267
2754.03 1898.17 1212533314
2755.8 1898.17 1212533387
2755.8 1897.05 1212533434
2756.69 1895.93 1212533494
2756.69 1897.05 1212533555
2754.03 1897.05 1212533615
2754.91 1897.05 1212533676
2756.69 1895.93 1212533750
2755.8 1898.17 1212533811
2757.57 1894.81 1212533856
2755.8 1897.05 1212533920
2755.8 1898.17 1212533983
2757.57 1895.93 1212534036
2754.91 1898.17 1212534096
2754.03 1899.28 1212534156
2754.03 1898.17 1212534216
2751.37 1899.28 1212534278
2754.91 1900.4 1212534344
2754.03 1900.4 1212534399
2754.03 1898.17 1212534459
2752.25 1897.05 1212534519
2753.14 1898.17 1212534584
2749.6 1899.28 1212534650
2748.71 1900.4 1212534702
2753.14 1900.4 1212534759
2748.71 1900.4 1212534819
2753.14 1898.17 1212534879
2645 2034.4 1212535000
2773.53 2341.51 1212535065
2485.45 2646.39 1212535134
2410.11 2707.81 1212535180
2377.31 2781.52 1212535240
2182.3 2800.51 1212535278
2189.39 2856.35 1212535299
2119.37 3251.71 1212535360
2037.82 3658.27 1212535423
2033.39 3668.32 1212535444
2294.88 3748.74 1212535536
2582.95 3800.12 1212535606
2826.71 3829.16 1212535655
3270.8 3911.82 1212535719
3319.55 3816.88 1212535771
3530.51 3597.95 1212535831
3808.84 3320.96 1212535895
3915.2 2941.23 1212535952
3962.18 2995.95 1212536002
3956.86 2988.13 1212536004
3857.59 3129.97 1212536080
3765.4 3414.78 1212536130
3504.8 3656.03 1212536189
3413.5 3838.1 1212536244
3361.21 3731.99 1212536314
3308.02 3529.82 1212536367
3214.07 3420.36 1212536425
3119.22 3377.92 1212536441
2820.51 3251.71 1212536509
2448.22 3224.91 1212536562
2285.12 3058.5 1212536622
2113.16 2981.43 1212536682
2094.55 3008.24 1212536698
2069.73 2879.8 1212536759
2374.65 2904.37 1212536823
2584.73 2953.51 1212536878
2646.77 2955.75 1212536905
2717.69 3068.55 1212536951
2698.18 3214.86 1212537017
2389.72 3308.67 1212537073
1753.29 3141.14 1212537141
1500.67 3162.36 1212537192
1465.21 3506.37 1212537252
1405.82 3858.2 1212537323
1280.84 3900.65 1212537374
1236.52 3976.6 1212537414
1229.43 3984.42 1212537481
1226.77 3998.94 1212537500
1247.16 4010.11 1212537539
1347.32 4003.41 1212537577
2218.65 4147.5 1212537637
2528.88 4200 1212537698
2643.23 4129.63 1212537743
2645.89 4130.75 1212537770
2619.3 4025.75 1212537831
2526.22 4305 1212537949
2420.74 4405.53 1212538014
2836.46 3963.2 1212538136
2871.03 3957.61 1212538179
2953.47 3704.06 1212538220
2941.94 3334.36 1212538335
3113.02 3040.63 1212538395
3212.29 2864.16 1212538476
3028.81 2677.66 1212538515
3041.22 2468.82 1212538580
3171.52 2338.16 1212538646
3172.41 2338.16 1212538648
3173.29 2337.04 1212538656
3425.03 2076.84 1212538715
3537.6 1962.93 1212538779
3747.68 1969.63 1212538839
3726.4 1939.48 1212538841
3735.27 1998.67 1212538919
3979.02 2273.38 1212538962
3864.68 2395.11 1212539033
3703.36 2577.14 1212539096
3475.55 2809.44 1212539140
3307.14 2898.79 1212539200
2900.28 2848.53 1212539314
2897.62 2841.83 1212539342
2896.74 2842.95 1212539368
2814.3 2755.83 1212539370
2779.73 2716.74 1212539430
2619.3 2571.56 1212539490
2459.74 2638.57 1212539555
2585.61 2794.92 1212539610
2646.77 2864.16 1212539681
2772.64 2729.03 1212539730
2924.22 2849.65 1212539790
3077.56 3037.28 1212539854
3178.61 3134.44 1212539888
3499.49 3173.53 1212539944
3716.65 3099.82 1212540017
4090.71 3202.57 1212540065
4182.9 3285.22 1212540137
4111.98 3395.79 1212540173
4111.98 3395.79 1212540179
4010.93 3533.17 1212540245
3696.26 3934.16 1212540300
3696.26 3936.39 1212540317
3433.01 4291.6 1212540367
3301.82 4334.04 1212540430
3100.61 4302.77 1212540494
2800.12 4252.5 1212540555
2723.89 4244.68 1212540618
2656.52 4229.04 1212540685
2274.49 4163.14 1212540725
2265.62 4167.61 1212540768
1305.66 4017.93 1212540828
1220.57 4084.95 1212540884
1178.9 4296.06 1212540949
1130.15 4615.54 1212541010
1068.99 5000.94 1212541077
1069.88 5012.11 1212541114
1528.14 5155.1 1212541241
1525.48 5156.22 1212541259
1524.6 5152.87 1212541336
1537.89 5126.06 1212541452
1747.08 5150.63 1212541631
2171.67 5219.9 1212541683
2350.72 5362.89 1212541738
2314.38 5380.77 1212541795
2222.19 5390.82 1212541828
2083.91 5222.13 1212541960
2103.41 5126.06 1212542006
2147.73 4797.62 1212542065
2188.51 4585.38 1212542125
2215.1 4385.43 1212542186
2246.12 4191.07 1212542257
2266.51 4079.37 1212542317
1884.47 3671.67 1212542427
1908.41 3473.98 1212542498
1957.16 3204.8 1212542553
1972.23 3067.43 1212542613
1967.8 3064.08 1212542625
1979.32 2985.9 1212542685
1838.38 2992.6 1212542756
2190.28 3117.69 1212542805
2398.58 3165.71 1212542865
2794.8 3227.14 1212542927
2877.24 3231.61 1212542988
3013.74 3245.01 1212543042
2833.8 3243.9 1212543108
2707.05 3532.06 1212543158
2343.63 3441.59 1212543218
1857.88 3379.04 1212543289
1653.13 3344.42 1212543339
1319.84 3291.92 1212543408
1069.88 3249.48 1212543466
1040.63 3325.43 1212543520
982.125 3657.15 1212543580
978.579 3735.34 1212543643
1036.2 3967.67 1212543717
2361.35 4177.66 1212543829
2734.53 4050.32 1212543941
2967.65 3869.37 1212543994
3157.34 3832.51 1212544054
3065.15 3772.2 1212544101
2785.05 3710.77 1212544137
2496.09 3695.13 1212544192
2305.51 3230.49 1212544290
1669.08 3135.56 1212544350
1271.09 3067.43 1212544411
1123.95 3041.74 1212544483
950.215 2941.23 1212544538
25.7054 2678.77 1212544592
-884.622 2502.32 1212544666
-1817.11 2012.07 1212544786
-2035.16 1873.6 1212544833
-2034.28 1873.6 1212544886
-2023.64 1885.88 1212544960
-2027.18 2302.42 1212545018
-2024.52 2299.07 1212545061
-2023.64 2301.3 1212545248
-2024.52 2301.3 1212545363
-2025.41 2296.84 1212545494
-2032.5 2304.65 1212545563
-2031.62 2304.65 1212545609
-1959.82 2352.67 1212545736
-644.409 2529.12 1212545882
-392.673 2573.79 1212545905
-192.348 2610.65 1212545981
-148.914 2837.36 1212546065
190.575 2753.6 1212546134
635.545 2851.88 1212546206
1217.91 2945.69 1212546305
1410.25 2981.43 1212546366
1661.99 3033.92 1212546415
2819.62 3186.93 1212546522
2825.83 3280.75 1212546591
2772.64 3602.42 1212546651
3123.65 3620.29 1212546718
3469.35 3849.27 1212546984
3351.46 3623.64 1212546993
3116.56 3530.94 1212547055
3056.29 3551.04 1212547121
2709.71 3510.83 1212547170
2380.86 3461.69 1212547235
1799.38 3371.22 1212547290
1191.31 3280.75 1212547350
557.542 3163.48 1212547417
-245.531 3037.28 1212547488
-725.957 3052.91 1212547546
-724.184 3052.91 1212547564
-583.248 3092 1212547573
-289.851 3144.49 1212547612
249.077 3215.97 1212547680
341.262 3039.51 1212547764
378.49 2745.78 1212547829
271.237 2479.98 1212547884
274.782 2412.98 1212547917
166.642 2242.11 1212547989
-419.265 2169.53 1212548048
-1408.48 2004.25 1212548168
-2001.48 1914.92 1212548223
-2067.96 2559.28 1212548289
-2387.95 2557.04 1212548339
-2512.93 2550.34 1212548415
-2512.93 2550.34 1212548433
-2512.93 2550.34 1212548440
-2538.63 2334.81 1212548501
-2023.64 2301.3 1212548629
-2021.87 2302.42 1212548677
-831.438 2483.34 1212548797
-104.595 2639.69 1212548868
1055.7 2759.18 1212548976
1494.46 2771.47 1212549101
1909.29 2857.46 1212549173
2018.32 2892.09 1212549217
2110.51 2674.31 1212549277
2393.26 2743.55 1212549354
2543.95 2877.57 1212549409
2767.32 2736.85 1212549464
2920.67 2985.9 1212549517
2301.08 2519.07 1212549637
2059.98 2254.4 1212549708
1764.81 1989.73 1212549758
1506.87 1926.08 1212549820
1161.18 1876.95 1212549892
887.281 1722.85 1212549949
201.212 1613.41 1212550009
-408.628 1515.15 1212550074
-899.69 1356.58 1212550131
-862.462 1109.81 1212550182
-1151.43 971.359 1212550256
-1151.43 971.359 1212550273
-1151.43 971.359 1212550295
-1230.32 1008.21 1212550341
-1047.72 1091.95 1212550401
-424.583 1404.6 1212550576
-156.892 1519.61 1212550647
-150.687 1521.85 1212550700
-139.164 1521.85 1212550761
-142.71 1520.73 1212550816
-165.756 1550.88 1212550888
-175.506 1658.08 1212550897
322.648 1739.6 1212550957
827.006 1880.3 1212551027
1299.45 2000.9 1212551087
1380.12 2015.42 1212551110
1748.86 2074.61 1212551181
1896.88 2108.11 1212551242
1889.79 2098.06 1212551270
1890.68 2098.06 1212551293
2036.93 2247.7 1212551335
2215.1 2429.73 1212551392
2306.4 2522.42 1212551447
2516.47 2571.56 1212551507
2793.92 2293.49 1212551580
2987.15 2124.86 1212551600
3582.81 1862.43 1212551730
3585.47 1865.78 1212551732
3717.54 2000.9 1212551766
3800.86 2114.81 1212551809
3596.1 2300.19 1212551864
3127.2 2777.05 1212551931
2854.19 3086.42 1212551985
2793.92 3506.37 1212552050
2323.24 3659.39 1212552170
2026.3 3739.81 1212552225
2002.37 3886.13 1212552249
1988.18 3956.5 1212552270
1986.41 3958.73 1212552276
1982.86 3966.55 1212552298
2034.28 3656.03 1212552353
2191.17 3523.12 1212552413
2621.95 3604.66 1212552477
3049.2 3606.89 1212552539
3165.31 3706.3 1212552562
3203.43 3799 1212552628
3194.57 3828.05 1212552656
3119.22 3719.7 1212552733
3088.2 3563.33 1212552787
2821.39 3559.98 1212552836
2397.7 3458.34 1212552896
2322.35 3446.05 1212552957
1634.51 3339.95 1212553029
1222.34 3280.75 1212553082
912.1 3228.26 1212553137
-783.573 2952.39 1212553258
-1055.7 2347.09 1212553378
-957.306 1731.78 1212553439
-994.535 1420.23 1212553506
-1466.98 1347.65 1212553560
-1907.52 841.838 1212553620
-2340.97 671.007 1212553680
-2838.23 -194.258 1212553861
-3016.4 -199.84 1212553922
-3016.4 -199.84 1212553983
-3016.4 -200.956 1212553998
-2729.21 227.757 1212554192
-1957.16 341.637 1212554384
-1963.36 356.152 1212554394
-2010.34 285.813 1212554425
-2025.41 304.793 1212554432
-2066.19 473.383 1212554496
-1601.71 579.452 1212554548
-1522.83 1016.02 1212554637
-689.615 1364.4 1212554836
-427.242 1409.07 1212554864
136.505 1499.51 1212554909
962.624 1845.68 1212555031
1411.14 1797.66 1212555151
1408.48 1961.82 1212555220
1331.36 2515.72 1212555270
1295.91 2722.33 1212555335
1290.59 2760.3 1212555349
1220.57 3153.43 1212555408
1037.97 3324.31 1212555473
929.828 3850.38 1212555528
213.621 3821.34 1212555692
212.735 3826.93 1212555703
633.772 3893.95 1212555754
1029.99 3957.61 1212555829
1067.22 3956.5 1212555836
1232.09 3997.82 1212555896
2272.72 4173.19 1212555961
2513.81 4208.94 1212556033
3107.7 3893.95 1212556145
3320.43 3850.38 1212556213
3201.66 3647.1 1212556242
3200.77 3585.67 1212556264
3200.77 3585.67 1212556298
2983.6 3204.8 1212556345
2801.89 3032.81 1212556393
2613.09 2818.38 1212556453
2293.99 2612.88 1212556485
2099.87 2584.96 1212556558
1537.01 2464.35 1212556606
1037.97 2395.11 1212556675
478.653 2295.72 1212556726
-284.533 2179.58 1212556793
