3555.33 -16272.7 1213007397
3002.22 -14857.5 1213007444
2684 -13410.8 1213007490
3375.39 -10650.6 1213007593
4181.12 -9352.65 1213007636
3986.12 -7831.42 1213007684
3723.74 -6365.69 1213007730
3299.16 -4944.33 1213007783
2879.9 -3465.81 1213007831
2555.48 -1980.32 1213007882
2887.87 -495.684 1213007930
2660.96 884.267 1213007991
1500.67 1102 1213008056
1322.5 1584.38 1213008111
1219.68 2258.87 1213008171
1085.83 3047.33 1213008235
953.76 3446.05 1213008292
954.647 3444.94 1213008312
959.079 3441.59 1213008356
959.079 3441.59 1213008361
959.079 3441.59 1213008380
877.53 3418.13 1213008441
909.441 3209.27 1213008506
1030.88 2468.82 1213008561
1130.15 1759.7 1213008621
1018.47 1654.73 1213008677
1075.2 1328.67 1213008739
1846.36 1051.75 1213008793
