-5727.88 -3770.46 1212774358
-5727.88 -3770.46 1212774372
-5901.61 -3741.45 1212774374
-5613.54 -3212.48 1212774438
-5641.9 -2865.4 1212774490
-6039.89 -2771.65 1212774551
-5666.72 -2877.67 1212774616
-4941.65 -2929.01 1212774679
-4513.52 -2905.57 1212774711
-3559.76 -2855.35 1212774753
-3516.33 -2850.89 1212774813
-3505.69 -2452.45 1212774879
-3531.4 -2001.53 1212774938
-3576.6 -1139.8 1212775002
-3587.24 -741.281 1212775054
-3659.04 245.62 1212775176
-3648.4 387.413 1212775226
-3642.19 387.413 1212775295
-3646.63 384.064 1212775316
-3645.74 385.18 1212775371
-3640.42 390.763 1212775436
-3635.99 394.112 1212775503
-3659.92 380.714 1212775522
-3662.58 381.831 1212775577
-4150.99 -61.4039 1212775681
-4297.24 -430.934 1212775742
-4299.01 -464.425 1212775812
-4296.35 -474.473 1212775813
-3865.57 -467.774 1212775874
-3729.06 -254.544 1212775910
-3650.17 -243.38 1212775971
-3645.74 29.0274 1212776036
-3629.79 593.967 1212776091
-3123.65 616.297 1212776151
-2459.74 654.259 1212776211
-1750.63 888.733 1212776271
-1647.81 1234.87 1212776331
-769.39 1351 1212776391
-157.778 1447.03 1212776452
487.517 1554.23 1212776518
1142.56 1660.31 1212776578
1285.27 1767.51 1212776645
1189.54 2446.48 1212776694
1136.36 3038.39 1212776755
1209.04 3169.06 1212776819
1771.02 3451.64 1212776999
1866.75 3681.72 1212777062
2287.78 3749.86 1212777130
2438.47 3781.13 1212777181
2708.82 3821.34 1212777238
2705.28 4055.91 1212777413
2707.05 4060.38 1212777415
2497.86 4259.2 1212777480
2408.33 4361.97 1212777519
2250.56 4497.13 1212777554
1688.58 4983.06 1212777614
1559.17 5081.37 1212777669
1751.52 5148.4 1212777739
2369.33 5247.82 1212777864
2569.66 5226.6 1212777910
2834.69 5036.69 1212778034
2713.25 5176.33 1212778090
2608.66 5236.65 1212778150
2457.97 5313.74 1212778216
2371.11 5352.84 1212778292
2301.08 5381.88 1212778341
2301.08 5378.53 1212778411
2303.74 5380.77 1212778452
2305.51 5379.65 1212778523
2289.56 5391.94 1212778638
2287.78 5388.59 1212778694
2284.24 5390.82 1212778739
2284.24 5393.06 1212778742
2284.24 5393.06 1212778802
2277.15 5393.06 1212778858
2277.15 5389.7 1212778981
2278.92 5393.06 1212779022
2278.03 5394.17 1212779092
2278.92 5389.7 1212779143
2278.92 5387.47 1212779207
2278.03 5385.24 1212779285
2266.51 5385.24 1212779334
2295.76 5360.66 1212779394
2686.66 5159.57 1212779515
2820.51 5053.44 1212779574
2703.5 5172.98 1212779630
2640.57 5213.19 1212779718
2619.3 5225.48 1212779724
2254.1 5232.18 1212779789
1880.04 5174.09 1212779845
1650.47 5119.35 1212779891
1759.49 4923.86 1212779968
2049.34 4659.11 1212780058
2275.37 4472.56 1212780110
2376.42 4398.83 1212780179
2539.52 4239.1 1212780249
2683.12 4121.81 1212780305
2834.69 3976.6 1212780361
2895.85 3847.03 1212780426
2960.56 3728.64 1212780473
2918.9 3610.24 1212780533
2930.42 3610.24 1212780596
2987.15 3363.4 1212780660
3013.74 3193.64 1212780720
3262.82 3012.7 1212780775
3199 2952.39 1212780835
2925.99 2607.3 1212780900
3014.63 2481.1 1212780955
3001.33 2023.24 1212781015
2684.89 921.113 1212781076
2889.65 -562.666 1212781138
2520.02 -2018.27 1212781185
2865.71 -3502.63 1212781232
3292.96 -4973.34 1212781286
3681.2 -6269.75 1212781330
3946.23 -7746.65 1212781391
4180.24 -9226.63 1212781429
3708.67 -10191.2 1212781472
2684.89 -11322.9 1212781524
2590.04 -12847.9 1212781577
2869.26 -14333.7 1212781650
3199.88 -15834.8 1212781703
3992.32 -16260.4 1212781765
4062.35 -16250.4 1212781810
4066.78 -16243.7 1212781900
4066.78 -16224.8 1212781904
4020.69 -16087.7 1212781963
3780.47 -16260.4 1212782033
4397.4 -16019.7 1212782157
4392.08 -16020.9 1212782214
4392.97 -16020.9 1212782264
4394.74 -16024.2 1212782324
4395.63 -16022 1212782384
