4150.1 -16087.7 1212642890
3261.05 -15776.8 1212642950
4151.87 -8748.2 1212643208
3885.95 -7261.44 1212643263
3618.26 -5772.18 1212643324
3152.02 -4350.72 1212643375
2637.91 -2914.5 1212643444
2793.03 -1428.92 1212643499
2611.32 55.8221 1212643571
2609.55 1552 1212643617
3615.6 2567.09 1212643672
4493.13 3514.19 1212643737
5463.74 4622.24 1212643795
7267.55 6207.52 1212643893
8818.74 6717.01 1212643971
10267.1 6984.07 1212644025
11737.6 7289.12 1212644093
13203.7 7414.27 1212644151
14653 7204.2 1212644204
18220.7 4627.83 1212644348
23557.7 2103.64 1212644565
