9432.12 21991 1211551892
9432.12 21991 1211551922
9411.74 21761.5 1211551979
9903.69 20488.8 1211552049
9863.8 19007.1 1211552111
10471.9 17655.4 1211552168
10831.7 16156.3 1211552228
11360.9 14753.6 1211552264
11223.5 14027.8 1211552306
11516 12552.8 1211552351
11847.5 11151.9 1211552404
11761.6 7348.34 1211552585
10799.8 7252.25 1211552654
9913.44 6944.96 1211552700
9192.8 6797.46 1211552766
7913.73 6486.84 1211552830
6606.3 5949.43 1211552880
5677.36 4918.27 1211552940
4808.69 3872.72 1211553011
3051.86 2105.87 1211553130
3034.13 2106.99 1211553150
2823.17 1933.9 1211553222
2608.66 1725.08 1211553270
2075.94 2267.8 1211553361
1921.7 2477.75 1211553421
1912.84 2541.41 1211553462
1866.75 2835.13 1211553540
1966.02 3029.46 1211553567
2277.15 3068.55 1211553618
2347.17 2917.77 1211553689
2441.13 3008.24 1211553739
2671.59 3145.61 1211553801
2573.2 3291.92 1211553912
2572.32 3287.45 1211553943
2570.54 3276.29 1211554000
2567.88 3253.95 1211554069
2574.09 3281.87 1211554130
2554.59 3234.96 1211554234
2561.68 3243.9 1211554300
2560.79 3306.44 1211554360
2555.48 3299.74 1211554419
2556.36 3317.61 1211554474
2551.93 3300.86 1211554534
2537.75 3275.17 1211554643
2556.36 3329.9 1211554704
2553.7 3332.13 1211554761
2577.64 3314.26 1211554825
2583.84 3258.42 1211554874
2552.82 3280.75 1211554934
2542.18 3287.45 1211555126
2532.43 3212.62 1211555272
2546.61 3098.7 1211555320
2789.48 3194.75 1211555359
2964.99 3199.22 1211555429
3023.49 3298.62 1211555475
3617.38 2558.16 1211555598
3617.38 2550.34 1211555637
3612.06 2732.38 1211555742
3784.9 2058.97 1211555968
3840.75 2104.76 1211556100
3893.04 2401.81 1211556214
3448.96 2876.45 1211556329
3335.5 3004.89 1211556400
3226.48 3104.29 1211556469
3214.07 3131.09 1211556514
3165.31 3135.56 1211556586
3262.82 3680.61 1211556706
3626.24 3571.15 1211556871
3502.14 3626.99 1211556954
3455.17 3823.58 1211556992
3159.11 3794.54 1211557052
3028.81 3820.23 1211557122
3070.47 3864.9 1211557184
3077.56 3861.55 1211557247
3078.45 3887.24 1211557358
3096.18 3877.19 1211557429
3125.43 3879.43 1211557455
3175.95 3590.14 1211557501
3340.82 3514.19 1211557562
3626.24 3055.14 1211557623
3213.18 2319.17 1211557798
2652.09 1725.08 1211557865
2650.32 224.407 1211557910
2809.87 -1273.76 1211557982
3082.88 -4187.81 1211558085
3835.43 -7136.51 1211558193
