3576.6 -16259.3 1211574042
3007.54 -14874.2 1211574099
2673.37 -13379.6 1211574152
2547.5 -11874.8 1211574197
3415.28 -10600.4 1211574249
4179.35 -9318.08 1211574293
3979.02 -7813.57 1211574339
3714.88 -6343.38 1211574389
3295.61 -4926.48 1211574447
2901.17 -3469.16 1211574501
3148.47 -2269.4 1211574561
3932.05 -973.476 1211574612
3770.72 533.675 1211574661
3511.01 1608.95 1211574722
3659.92 1754.11 1211574783
3966.62 2070.14 1211574847
4233.42 2643.04 1211574921
4150.99 3341.06 1211574963
4068.55 3409.2 1211575024
3914.32 3260.65 1211575084
3693.61 3835.86 1211575221
3788.45 3706.3 1211575285
3787.56 3705.18 1211575288
3787.56 3706.3 1211575304
3785.79 3705.18 1211575363
3771.61 3713 1211575424
3639.54 3551.04 1211575478
3554.44 3704.06 1211575548
3537.6 3835.86 1211575598
3433.01 3847.03 1211575669
3422.37 3911.82 1211575710
3113.9 4307.24 1211575810
2704.39 4236.86 1211575867
2437.58 4196.65 1211575923
2148.62 4143.03 1211575999
1263.11 3814.64 1211576097
1365.05 3620.29 1211576180
1369.48 3616.94 1211576220
1369.48 3616.94 1211576222
1462.55 3517.54 1211576287
1588.42 3444.94 1211576342
1961.59 3507.48 1211576403
2247.9 3545.46 1211576475
2622.84 3615.83 1211576528
2725.66 3618.06 1211576545
2876.35 3558.86 1211576608
3143.15 3662.74 1211576663
3266.36 3723.05 1211576738
3292.96 3748.74 1211576750
3375.39 3812.41 1211576814
3646.63 3325.43 1211576869
3489.73 3198.1 1211576934
3741.47 2982.55 1211576989
3847.84 2831.78 1211577050
4866.31 3930.81 1211577103
5809.43 5032.22 1211577170
9669.68 6713.66 1211577340
11093.2 7137.15 1211577392
11641.9 5147.28 1211577496
15552.7 3405.84 1211577645
16823.8 2944.58 1211577713
19891.6 -301.433 1211577987
20930.4 -3264.93 1211578218
20751.4 -4432.18 1211578339
19748.9 -5327.03 1211578471
19873.8 -5376.12 1211578546
20207.1 -5083.8 1211578679
20207.1 -5083.8 1211578693
20824.1 -4300.51 1211578740
21498.6 -3397.73 1211578875
21913.4 -3182.35 1211578921
21379.8 -2396.64 1211578981
20741.6 -1486.96 1211579046
19246.3 675.473 1211579226
18122.3 1588.85 1211579274
17135.8 2750.25 1211579331
13199.3 4775.28 1211579484
11753.6 4994.23 1211579549
11641 5593.03 1211579551
12084.2 6944.96 1211579621
10897.3 7266.77 1211579686
10837.1 7261.18 1211579731
9540.26 6871.21 1211579851
8086.58 6561.7 1211579902
6731.28 6011.99 1211579964
5717.24 4947.32 1211580011
5004.58 4112.87 1211580086
4190.87 3156.78 1211580138
3585.47 3081.95 1211580193
3461.37 3346.65 1211580254
3421.48 3609.12 1211580319
3430.35 3738.69 1211580375
3136.06 3714.12 1211580494
3017.29 3701.83 1211580528
3073.13 3838.1 1211580574
3234.45 3832.51 1211580667
3053.63 3796.77 1211580719
3055.4 4416.7 1211580818
2477.47 4200 1211580945
1466.1 4035.8 1211581002
1201.06 3994.47 1211581063
1120.4 3975.49 1211581132
998.08 3963.2 1211581178
827.892 3940.86 1211581243
803.073 3850.38 1211581295
848.279 3618.06 1211581351
891.713 3339.95 1211581412
959.079 2893.2 1211581472
-298.715 2605.06 1211581594
-897.918 2502.32 1211581664
-2037.82 2364.96 1211581781
-2369.33 2345.97 1211581839
-2591.82 1634.63 1211581949
-2591.82 1630.16 1211581964
-2684.89 1629.05 1211582031
-2707.05 2003.14 1211582065
-2958.78 2093.59 1211582117
-3668.79 1954 1211582217
-3664.35 1860.2 1211582255
-3741.47 1844.56 1211582320
-3838.09 1836.75 1211582348
-3838.97 2266.68 1211582481
-3843.41 2271.15 1211582565
-4110.21 2247.7 1211582626
-4358.4 2453.18 1211582687
-4375.24 2644.15 1211582747
-4386.77 3060.73 1211582808
-3856.7 3771.08 1211582975
-3917.86 3815.76 1211583132
-3775.15 4437.93 1211583186
-3530.51 5022.16 1211583235
-3484.42 5291.39 1211583295
-3119.22 4844.54 1211583365
-1924.36 4742.89 1211583420
-1005.17 5026.63 1211583481
-355.444 5134.99 1211583535
145.369 5027.75 1211583589
349.239 4842.31 1211583649
351.899 4842.31 1211583716
1219.68 4959.6 1211583842
1714.29 5037.8 1211583890
1943.86 5075.79 1211583952
2361.35 5339.43 1211584011
2335.65 5378.53 1211584062
2335.65 5378.53 1211584066
2317.04 5379.65 1211584101
2058.21 5351.72 1211584179
1767.47 5263.47 1211584221
1644.26 5162.92 1211584258
1373.02 5094.78 1211584317
1090.27 5051.21 1211584373
931.601 4931.68 1211584433
961.738 4728.36 1211584501
873.985 4590.96 1211584565
468.903 4517.24 1211584614
-114.345 4428.99 1211584675
-171.074 4342.98 1211584736
-119.663 4045.86 1211584795
-228.69 3661.62 1211584855
-577.043 3602.42 1211584896
-637.318 3594.6 1211584935
-637.318 3594.6 1211584946
-795.982 3576.73 1211584969
-78.0027 4111.76 1211585168
147.141 4146.39 1211585234
157.778 4149.74 1211585262
303.147 4172.08 1211585368
573.497 4214.52 1211585429
979.466 4279.31 1211585493
1144.34 4306.12 1211585554
1316.3 4339.63 1211585610
1325.16 4328.46 1211585669
1326.05 4328.46 1211585734
1322.5 4327.34 1211585790
1367.71 4068.2 1211585849
1375.68 3916.29 1211585916
1261.34 3902.88 1211585957
1261.34 3902.88 1211585964
1209.93 3897.3 1211586000
942.237 3935.27 1211586060
879.303 4323.99 1211586120
434.333 4513.89 1211586193
-342.148 4385.43 1211586242
-674.546 4335.16 1211586302
-788.005 4317.29 1211586368
-1205.5 4173.19 1211586486
-1250.7 3897.3 1211586542
-1352.64 3496.31 1211586603
-2119.37 3406.96 1211586729
-2118.48 3406.96 1211586763
-2118.48 3406.96 1211586765
-2045.8 3395.79 1211586797
-2098.98 3060.73 1211586874
-1888.91 2987.02 1211586949
-1958.93 3282.99 1211587015
-1981.98 3272.93 1211587072
-1978.43 3275.17 1211587121
-1879.16 2964.68 1211587177
-1908.41 2870.87 1211587232
-2528.88 2783.75 1211587292
-2737.19 2542.52 1211587368
-2758.46 2543.64 1211587412
-2759.35 2543.64 1211587450
-2759.35 2543.64 1211587473
-2670.71 2546.99 1211587518
-2466.84 2551.46 1211587556
-2192.94 2564.86 1211587626
-2192.05 2563.74 1211587683
-2191.17 2558.16 1211587738
-2191.17 2555.93 1211587798
-2192.94 2563.74 1211587860
-2184.96 2570.44 1211587921
-2047.57 2386.18 1211587983
-1825.09 2364.96 1211588047
-1513.08 2409.63 1211588110
-1059.24 2479.98 1211588158
-210.962 2611.77 1211588213
93.0714 2672.07 1211588274
1006.06 2641.92 1211588377
1295.91 2311.35 1211588498
1492.69 2129.32 1211588558
1576.01 1845.68 1211588633
1679.72 1646.91 1211588680
2110.51 1482.76 1211588739
2545.72 1927.2 1211588799
2749.6 1927.2 1211588859
2759.35 1899.28 1211588920
2754.03 1912.68 1211588981
2745.16 1917.15 1211589047
2738.96 1922.73 1211589102
2745.16 1922.73 1211589143
2732.75 1907.1 1211589213
2730.09 1878.06 1211589269
2737.19 1903.75 1211589324
2738.96 1907.1 1211589385
2746.05 1922.73 1211589447
2739.85 1942.83 1211589505
2743.39 1900.4 1211589625
2751.37 1882.53 1211589680
2753.14 1887 1211589745
2762.89 1900.4 1211589818
2753.14 1883.65 1211589860
2754.03 1888.11 1211589984
2754.03 1888.11 1211590056
2754.03 1888.11 1211590119
2751.37 1882.53 1211590168
2755.8 1899.28 1211590223
2757.57 1898.17 1211590284
2755.8 1895.93 1211590344
2755.8 1895.93 1211590405
2754.91 1895.93 1211590467
2756.69 1898.17 1211590526
2756.69 1898.17 1211590591
2755.8 1894.81 1211590651
2758.46 1902.63 1211590716
2758.46 1897.05 1211590768
2755.8 1895.93 1211590830
2755.8 1894.81 1211590890
2756.69 1890.35 1211590956
2754.91 1894.81 1211591023
2755.8 1893.7 1211591072
2754.91 1892.58 1211591132
2754.03 1892.58 1211591208
2755.8 1888.11 1211591261
2756.69 1891.46 1211591328
2757.57 1895.93 1211591377
2756.69 1892.58 1211591443
2757.57 1893.7 1211591493
2757.57 1882.53 1211591553
2592.7 1960.7 1211591613
2626.39 2477.75 1211591757
2583.84 2501.2 1211591818
2584.73 2540.29 1211591841
2531.54 2573.79 1211591901
2427.83 2683.24 1211591984
2300.19 2782.64 1211592043
1879.16 2788.22 1211592103
1831.29 3136.68 1211592164
1779.88 3360.05 1211592237
1779.88 3360.05 1211592250
1770.13 3463.92 1211592274
2091 3514.19 1211592350
1947.41 3503.02 1211592410
1775.45 3476.21 1211592470
1591.08 3637.05 1211592532
1522.83 4044.74 1211592606
1482.05 4261.44 1211592668
1477.62 4255.85 1211592680
1479.39 4363.09 1211592735
1877.38 4425.64 1211592797
1655.78 5033.33 1211593006
1760.38 4373.14 1211593119
1874.72 3720.82 1211593235
1935 3428.18 1211593296
1971.34 3109.87 1211593356
1477.62 2892.09 1211593478
1306.55 2627.4 1211593555
1368.59 2203.03 1211593605
1402.28 1970.75 1211593665
1448.37 1692.7 1211593720
1373.02 1603.36 1211593787
1129.27 1364.4 1211593839
875.758 1106.47 1211593904
757.867 990.341 1211593959
-93.0714 474.5 1211594146
-89.5258 473.383 1211594172
-89.5258 473.383 1211594173
39.0014 300.327 1211594310
44.3197 228.873 1211594347
174.62 -1426.68 1211594567
303.147 -1428.92 1211594607
152.46 -1106.32 1211594687
136.505 -909.847 1211594762
109.027 -542.571 1211594812
109.913 324.89 1211594973
407.741 618.53 1211595034
561.088 772.612 1211595094
817.256 1030.54 1211595154
1150.54 1362.17 1211595215
1236.52 1450.38 1211595285
1349.98 1563.16 1211595336
1587.53 1794.31 1211595456
1873.84 2152.78 1211595516
1907.52 2132.67 1211595578
1683.26 2133.79 1211595638
1498.01 2450.95 1211595705
597.43 2315.82 1211595820
406.855 2391.76 1211595880
114.345 2577.14 1211596066
76.2299 2834.01 1211596122
21.2735 3155.66 1211596182
-41.6605 3555.51 1211596248
-107.254 3974.37 1211596320
-129.414 4138.57 1211596355
-337.716 4374.26 1211596606
-252.622 4388.78 1211596613
-43.4333 4420.06 1211596675
359.876 4485.96 1211596727
468.903 4503.83 1211596762
966.17 4583.15 1211596840
2469.49 4197.77 1211597013
2950.81 4270.37 1211597078
3433.89 3600.19 1211597305
3176.84 3575.62 1211597365
2806.32 3012.7 1211597425
2523.56 2742.43 1211597492
2435.81 2662.02 1211597548
2207.12 2464.35 1211597607
2062.64 2290.14 1211597675
