10068.6 22733.2 1211034510
9763.63 22647 1211034542
9768.95 19976.2 1211034743
10151 18491.2 1211034792
10472.8 17014.3 1211034830
11119.8 15609.3 1211034891
11212 14063.6 1211034937
11516.9 12567.3 1211034983
11867.9 11072.5 1211035049
11531.1 7296.94 1211035197
10939 7258.95 1211035273
10883.2 7260.07 1211035328
10835.3 7253.36 1211035382
9129.86 6784.06 1211035513
7703.65 6396.34 1211035562
6374.06 5721.51 1211035616
5416.76 4595.43 1211035649
4463.88 3477.33 1211035710
3522.53 2941.23 1211035764
3481.76 3341.06 1211035825
3367.41 3461.69 1211035895
3308.02 3649.33 1211035941
3075.79 3831.4 1211036061
3071.36 3768.85 1211036127
3064.27 3815.76 1211036182
3068.7 3796.77 1211036245
3069.58 3812.41 1211036368
3070.47 3836.98 1211036424
3074.02 3835.86 1211036502
3070.47 3887.24 1211036517
3063.38 3851.5 1211036577
3067.81 3863.79 1211036697
3052.74 3881.66 1211036757
3066.04 3925.22 1211036817
3070.47 3990.01 1211036877
3061.61 3887.24 1211036937
3066.92 3990.01 1211036998
3066.04 3854.85 1211037067
3063.38 4002.29 1211037123
3067.81 3822.46 1211037183
3073.13 3815.76 1211037239
3071.36 3813.52 1211037299
3076.68 3886.13 1211037360
3072.24 3857.09 1211037420
3094.4 3782.25 1211037444
3203.43 3835.86 1211037513
3404.64 3589.02 1211037570
3680.31 2808.32 1211037624
3431.23 2557.04 1211037686
2620.18 1691.58 1211037745
2614.86 161.885 1211037809
2832.92 -3403.31 1211037954
