265.032 4464.74 1211018411
383.809 4662.46 1211018473
185.256 4793.16 1211018512
123.209 4777.52 1211018608
123.209 4778.63 1211018668
123.209 4784.22 1211018728
120.55 4785.34 1211018734
519.427 4727.25 1211018789
547.792 4542.93 1211018849
1025.56 4337.39 1211018910
1098.24 3882.78 1211018970
1278.18 3171.3 1211019029
1935 3278.52 1211019091
2542.18 3381.27 1211019155
2682.23 3336.6 1211019179
2683.12 3335.48 1211019181
2599.79 3255.06 1211019241
2410.11 3046.21 1211019301
2011.23 2877.57 1211019362
2305.51 2857.46 1211019422
2396.81 2924.47 1211019483
2773.53 2722.33 1211019543
2903.83 2984.78 1211019604
2903.83 2992.6 1211019664
2770.87 2985.9 1211019726
2679.57 2802.74 1211019786
2681.34 2808.32 1211019851
2690.21 2818.38 1211019906
2691.98 2823.96 1211019966
2685.78 2811.67 1211020026
2678.68 2807.21 1211020086
2712.37 2856.35 1211020151
2722.12 2849.65 1211020186
2656.52 2596.13 1211020245
2660.96 2586.08 1211020269
2161.92 2101.41 1211020330
1581.33 1512.91 1211020389
1529.03 1467.13 1211020450
1384.55 1087.48 1211020510
1456.35 21.2124 1211020571
1499.78 -547.036 1211020631
1508.64 -686.581 1211020657
1509.53 -686.581 1211020659
1513.08 -696.628 1211020719
1521.94 -871.892 1211020756
1153.2 -1079.52 1211020816
1109.77 -541.455 1211020876
1059.24 -286.92 1211020935
944.01 -299.2 1211020995
944.896 -300.316 1211021005
830.552 501.296 1211021060
820.801 1032.77 1211021120
1238.29 1458.2 1211021181
1293.25 1773.1 1211021241
1156.74 2593.9 1211021301
1412.91 2770.35 1211021343
1825.97 2836.24 1211021404
2282.47 2914.42 1211021464
2485.45 2931.17 1211021529
2598.91 2880.92 1211021584
2817.85 2689.94 1211021653
3187.47 2322.52 1211021710
3553.56 1940.6 1211021765
3396.66 1534.13 1211021811
3812.38 101.597 1211021863
3802.63 -761.375 1211021923
3803.52 -761.375 1211021939
3673.22 -1140.92 1211021999
3571.28 -1015.9 1211022057
3571.28 -1015.9 1211022108
3571.28 -1015.9 1211022169
3571.28 -1015.9 1211022245
3570.4 -1014.78 1211022290
3570.4 -1013.66 1211022355
3570.4 -1012.55 1211022416
3570.4 -1012.55 1211022471
3571.28 -1012.55 1211022531
3572.17 -1014.78 1211022591
3575.72 -1100.73 1211022651
3495.05 -1154.32 1211022668
3100.61 -1185.57 1211022697
2920.67 -1185.57 1211022718
2632.59 -93.7803 1211022773
2585.61 1384.5 1211022829
2672.48 1681.53 1211022840
3503.03 2345.97 1211022891
3030.58 2864.16 1211022951
2931.31 2961.33 1211023011
2930.42 2963.56 1211023081
2932.19 2957.98 1211023142
2933.97 2961.33 1211023193
2931.31 2962.45 1211023233
2905.6 2846.3 1211023293
2936.62 2595.01 1211023353
3261.93 2638.57 1211023413
3278.77 2655.32 1211023436
3437.44 2876.45 1211023496
3086.43 3203.69 1211023562
2852.42 3194.75 1211023616
2785.05 3329.9 1211023677
2752.25 3773.31 1211023737
2996.01 4076.01 1211023797
3042.99 3978.84 1211023857
2980.06 3965.43 1211023882
2975.63 3969.9 1211023883
2948.15 4271.49 1211023943
2707.05 4990.88 1211024003
2288.67 5131.64 1211024056
1943.86 5187.5 1211024116
1587.53 5130.52 1211024161
1379.23 4937.26 1211024217
1505.1 4364.2 1211024277
1583.1 4379.84 1211024337
1580.44 4384.31 1211024397
1578.67 4379.84 1211024519
1579.55 4383.19 1211024574
1578.67 4385.43 1211024634
1577.78 4392.13 1211024695
1582.21 4385.43 1211024755
1583.1 4380.96 1211024820
1582.21 4380.96 1211024836
1523.71 4058.14 1211024890
1599.06 3572.27 1211024950
1641.6 3351.12 1211025010
1702.76 2999.3 1211025071
1828.63 2293.49 1211025131
1928.79 2000.9 1211025181
2393.26 1505.1 1211025241
2236.37 1206.96 1211025307
2598.91 13.3973 1211025361
2757.57 -1510.4 1211025414
2689.32 -3054.01 1211025466
3171.52 -4484.62 1211025510
3631.56 -5962.96 1211025558
3892.16 -7423.18 1211025602
4166.05 -8933.33 1211025650
2897.62 -14496.4 1211025844
3246.86 -15960.7 1211025899
4041.96 -16182.4 1211025958
4514.41 -15913.9 1211026019
4423.11 -15861.5 1211026084
4422.22 -15860.4 1211026162
4410.7 -15860.4 1211026199
4401.83 -15861.5 1211026201
3966.62 -16146.8 1211026261
3089.08 -15165.1 1211026322
2787.71 -13683.9 1211026373
2566.11 -12183.6 1211026429
3173.29 -10811.2 1211026463
3848.72 -10031.8 1211026494
4112.87 -8543 1211026541
3850.5 -7075.16 1211026587
3589.01 -5612.64 1211026637
3105.93 -4179.99 1211026678
2563.45 -2760.49 1211026723
2838.23 -1205.66 1211026774
2706.16 307.026 1211026825
2801.01 1821.11 1211026879
3304.48 2170.64 1211026940
3138.72 2762.53 1211027000
2843.55 3042.86 1211027061
2663.62 2838.48 1211027121
2680.46 2837.36 1211027182
2676.02 2822.84 1211027242
2634.36 2876.45 1211027303
2631.71 2856.35 1211027363
2679.57 2781.52 1211027424
2703.5 2790.45 1211027484
2699.96 2794.92 1211027545
2750.48 2783.75 1211027606
2768.21 2782.64 1211027666
2710.59 2771.47 1211027726
2676.91 2770.35 1211027786
2657.41 2745.78 1211027847
2671.59 2844.06 1211027906
2660.07 2737.96 1211027966
2671.59 2756.95 1211028026
2710.59 2752.48 1211028086
2660.96 2773.7 1211028171
2653.86 2798.27 1211028236
2674.25 2868.63 1211028291
2680.46 2849.65 1211028353
2680.46 2904.37 1211028413
2622.84 2904.37 1211028473
2619.3 2903.25 1211028533
2637.02 2792.69 1211028812
2665.39 2819.49 1211028872
2714.14 2905.49 1211028933
2714.14 2934.53 1211028993
2723.89 2937.88 1211029054
2729.21 2945.69 1211029114
2709.71 2800.51 1211029181
2701.73 2894.32 1211029240
2703.5 2787.1 1211029295
2723.89 2800.51 1211029361
2722.12 2798.27 1211029416
2722.12 2793.81 1211029476
2724.78 2800.51 1211029545
2738.07 2803.86 1211029593
2559.91 2498.97 1211029653
2004.14 1948.42 1211029713
1573.35 1951.77 1211029774
1296.8 1900.4 1211029834
1211.7 2285.67 1211029894
1100.9 3017.17 1211029959
905.895 3337.71 1211030014
468.903 3267.35 1211030075
32.7966 3193.64 1211030135
-679.865 3077.48 1211030195
-1237.41 2985.9 1211030255
-1557.4 2941.23 1211030319
-1896.88 2883.15 1211030375
-2097.21 3196.99 1211030435
-2097.21 3200.34 1211030488
-2097.21 3200.34 1211030500
-1654.9 3329.9 1211030550
-1169.15 3408.08 1211030626
-704.684 3484.03 1211030675
-264.146 3551.04 1211030730
126.754 3431.53 1211030804
437.879 3257.3 1211030851
877.53 3320.96 1211030912
1190.43 3357.82 1211030973
1638.94 3331.01 1211031037
1944.75 3282.99 1211031093
2403.9 3255.06 1211031154
2568.77 3115.46 1211031218
2770.87 2727.91 1211031273
2867.49 3023.87 1211031339
2664.5 2848.53 1211031394
2559.91 2512.37 1211031478
2577.64 2498.97 1211031538
2577.64 2498.97 1211031548
2207.12 2140.49 1211031608
1953.61 2348.21 1211031668
1921.7 2496.74 1211031728
1929.68 2507.9 1211031790
1909.29 2497.85 1211031849
1917.27 2503.44 1211031910
1915.5 2501.2 1211031970
1921.7 2501.2 1211032030
1902.2 2486.69 1211032092
1812.68 2515.72 1211032167
1178.9 2409.63 1211032213
131.186 2242.11 1211032278
-84.2075 1900.4 1211032333
-35.4558 1591.08 1211032393
38.115 1485 1211032453
88.6394 1490.58 1211032515
89.5258 1491.7 1211032546
160.437 1503.98 1211032565
827.892 1610.06 1211032614
1395.18 1808.83 1211032675
2020.09 1956.23 1211032736
2367.56 2357.14 1211032804
2590.93 2798.27 1211032855
2746.05 2780.4 1211032914
3171.52 3104.29 1211032979
3676.76 3596.84 1211033034
3814.16 3731.99 1211033094
3777.81 3834.75 1211033149
3772.49 3839.21 1211033161
3740.58 3816.88 1211033211
3541.15 3790.07 1211033273
3409.96 3826.93 1211033334
3394 3831.4 1211033394
3389.57 3804.59 1211033443
3386.03 3822.46 1211033473
3133.4 3814.64 1211033533
2496.97 3690.66 1211033594
2130.89 3638.16 1211033654
1742.65 3659.39 1211033714
1742.65 3661.62 1211033723
1850.79 3792.3 1211033773
1902.2 3506.37 1211033823
2444.68 3570.03 1211033877
2766.44 3620.29 1211033937
2739.85 3839.21 1211033998
2847.1 3966.55 1211034058
3040.33 3817.99 1211034118
3218.5 3501.9 1211034178
3106.81 3251.71 1211034238
2705.28 2896.55 1211034299
2626.39 2816.14 1211034364
2927.76 2581.61 1211034419
3035.01 2057.85 1211034459
2687.55 810.574 1211034519
2885.21 -654.207 1211034588
2504.95 -1303.9 1211034649
2593.59 -1293.85 1211034700
2596.25 -1291.62 1211034762
2598.91 -1292.73 1211034822
2597.14 -1293.85 1211034882
2952.58 -1206.78 1211034946
