2237.26 3408.08 1211397800
2236.37 3415.9 1211397806
2234.6 3427.07 1211397818
2231.05 3447.17 1211397825
2223.96 3530.94 1211397885
2221.3 3538.76 1211397898
2229.28 3506.37 1211397948
2227.51 3510.83 1211398008
2227.51 3510.83 1211398018
2348.06 3554.39 1211398080
2239.03 3557.75 1211398113
2232.83 3429.3 1211398178
2260.31 3193.64 1211398239
2572.32 3059.61 1211398294
3196.34 2259.98 1211398413
2631.71 1214.77 1211398474
2692.87 -1739.23 1211398600
2772.64 -3230.34 1211398649
3222.93 -4696.63 1211398696
3938.25 -7642.92 1211398790
3938.25 -7642.92 1211398802
4193.53 -9110.65 1211398835
2902.94 -14623.5 1211399048
3269.91 -16065.4 1211399089
4055.25 -16244.8 1211399155
4065 -16145.6 1211399202
4050.82 -16141.2 1211399207
4050.82 -16142.3 1211399272
3657.26 -16199.1 1211399275
2989.81 -14498.6 1211399359
3602.31 -10355.1 1211399528
4058.8 -8257.48 1211399589
3933.82 -7558.15 1211399620
3669.67 -6078.98 1211399663
3220.27 -4659.8 1211399702
2770.87 -3222.52 1211399768
2715.03 -1728.06 1211399810
12997.2 7000.83 1211399896
11746.5 6101.38 1211399904
9909.89 4854.6 1211399923
8104.3 3449.4 1211399927
6400.65 2134.91 1211399932
5126.91 1180.16 1211399938
3755.65 169.7 1211399946
2498.75 -718.955 1211399959
1580.44 -1282.69 1211400019
1529.92 -897.567 1211400079
1529.92 -897.567 1211400094
1510.42 -510.196 1211400139
1572.46 -160.766 1211400204
1747.97 26.7946 1211400260
1646.03 237.805 1211400320
1654.01 405.277 1211400385
1646.92 430.956 1211400441
1643.38 426.491 1211400500
1648.69 422.025 1211400563
1648.69 404.161 1211400619
1646.03 423.141 1211400694
1644.26 426.491 1211400715
1648.69 425.374 1211400772
1626.53 418.675 1211400841
1497.12 374.015 1211400863
1447.48 387.413 1211400883
1430.64 411.976 1211400920
1417.34 366.2 1211400991
1479.39 -269.057 1211401150
1492.69 -494.567 1211401210
1545.87 -1223.52 1211401335
1730.24 -1339.62 1211401395
2715.03 -1255.9 1211401525
2676.02 -1932.33 1211401578
2762.89 -1961.35 1211401644
3730.83 -2551.78 1211401767
3838.09 -2508.25 1211401813
3837.2 -2508.25 1211401832
3912.55 -2644.42 1211401893
3538.49 -2502.67 1211401952
3124.54 -2208.02 1211402013
2805.44 -1656.63 1211402143
2609.55 -1239.15 1211402253
2464.18 -1153.2 1211402335
2536.86 -1092.92 1211402400
2469.49 -1273.76 1211402467
2416.31 -1307.24 1211402517
2437.58 -1337.38 1211402550
2739.85 -638.578 1211402709
2455.31 -986.872 1211402828
2305.51 -1296.08 1211402910
2197.37 -1316.17 1211402984
1619.44 -1332.92 1211403030
1097.36 -1360.83 1211403090
940.465 -942.22 1211403151
881.076 -229.983 1211403212
655.932 -21.2123 1211403273
332.398 -71.4517 1211403337
97.5034 -91.5474 1211403398
96.617 -91.5474 1211403418
95.7306 -91.5474 1211403419
95.7306 -91.5474 1211403445
64.7068 66.9866 1211403506
54.0701 244.504 1211403571
178.165 392.996 1211403632
619.59 834.022 1211403693
1357.07 907.715 1211403807
1421.78 500.18 1211403868
1442.16 205.427 1211403929
1474.07 -148.485 1211403989
1510.42 -653.09 1211404050
1539.67 -1018.13 1211404110
1710.74 -1335.15 1211404170
2090.12 -1325.1 1211404239
2726.55 -1231.34 1211404291
3072.24 -1192.27 1211404312
3393.12 -1166.59 1211404336
3740.58 -967.895 1211404453
3742.36 -966.778 1211404513
3745.02 -967.895 1211404569
3745.9 -966.778 1211404635
3577.49 -957.848 1211404700
3573.06 -957.848 1211404759
3582.81 -972.36 1211404820
3580.15 -979.058 1211404870
3581.03 -986.872 1211404953
3666.13 -966.778 1211405040
3657.26 -934.405 1211405098
3658.15 -935.522 1211405157
3658.15 -936.638 1211405218
3659.04 -935.522 1211405282
3658.15 -936.638 1211405343
3657.26 -938.871 1211405403
3657.26 -938.871 1211405462
3657.26 -934.405 1211405519
3657.26 -937.754 1211405580
3658.15 -938.871 1211405644
3658.15 -937.754 1211405704
3658.15 -936.638 1211405761
3658.15 -935.522 1211405821
3659.92 -936.638 1211405883
3660.81 -936.638 1211405943
3659.04 -935.522 1211406004
3657.26 -934.405 1211406065
3657.26 -934.405 1211406125
3657.26 -934.405 1211406185
3658.15 -935.522 1211406245
3658.15 -934.405 1211406305
3658.15 -936.638 1211406365
3658.15 -934.405 1211406425
3658.15 -937.754 1211406486
3658.15 -936.638 1211406551
3658.15 -937.754 1211406606
3659.04 -936.638 1211406666
3659.04 -935.522 1211406726
3659.04 -935.522 1211406786
3659.04 -935.522 1211406846
3659.92 -935.522 1211406906
3659.04 -935.522 1211406966
3658.15 -935.522 1211407027
3658.15 -936.638 1211407087
3658.15 -936.638 1211407148
3658.15 -937.754 1211407218
3658.15 -933.289 1211407268
3658.15 -935.522 1211407328
3659.04 -931.057 1211407394
3658.15 -935.522 1211407449
3659.92 -933.289 1211407509
3659.04 -926.591 1211407569
3658.15 -934.405 1211407629
3659.04 -933.289 1211407689
3659.92 -928.824 1211407749
3660.81 -928.824 1211407809
3660.81 -926.591 1211407870
3658.15 -927.708 1211407930
3660.81 -926.591 1211407991
3659.92 -927.708 1211408052
3659.92 -929.94 1211408113
3659.04 -931.057 1211408173
3658.15 -933.289 1211408234
3658.15 -932.173 1211408294
3656.38 -932.173 1211408355
3658.15 -938.871 1211408415
3659.04 -934.405 1211408441
3657.26 -935.522 1211408501
3658.15 -938.871 1211408561
3655.49 -933.289 1211408621
3661.7 -927.708 1211408681
3659.04 -916.544 1211408741
3604.08 -985.756 1211408802
3574.83 -1003.62 1211408847
3576.6 -1000.27 1211408907
3576.6 -1009.2 1211408968
3573.06 -1154.32 1211409018
3573.94 -1162.13 1211409058
4000.3 -990.221 1211409118
3518.1 849.654 1211409222
3527.85 1565.4 1211409251
3441.87 1430.28 1211409286
3270.8 1277.3 1211409346
3259.27 1256.09 1211409406
3265.48 1253.86 1211409451
3534.94 1552 1211409511
3451.62 1593.31 1211409571
3741.47 321.541 1211409631
3331.96 406.394 1211409697
2883.44 372.899 1211409752
2841.78 666.541 1211409813
2841.78 667.657 1211409838
2841.78 669.89 1211409844
2821.39 1078.55 1211409909
3163.54 1452.61 1211409964
3469.35 1757.46 1211410024
3595.22 1881.41 1211410055
3743.24 2021 1211410103
3771.61 2070.14 1211410163
3597.88 2292.37 1211410224
3302.71 2584.96 1211410284
2927.76 2946.81 1211410344
2978.29 2959.1 1211410377
2849.76 3276.29 1211410437
2762.01 3704.06 1211410497
2518.25 4256.97 1211410557
2306.4 4758.53 1211410617
2228.4 5212.08 1211410678
2368.45 5253.41 1211410738
2340.08 5377.42 1211410798
2279.81 5388.59 1211410835
2279.81 5388.59 1211410837
2274.49 5388.59 1211410897
2273.6 5388.59 1211410958
2269.17 5391.94 1211411018
2273.6 5388.59 1211411078
2272.72 5389.7 1211411081
2214.21 5380.77 1211411141
2500.52 5282.46 1211411201
2816.08 5055.68 1211411261
2978.29 4890.34 1211411322
3057.17 4407.77 1211411382
3103.27 4072.66 1211411442
2923.33 3679.49 1211411503
2648.55 3612.47 1211411563
2417.2 3577.85 1211411624
2041.37 3522 1211411684
2030.73 3518.65 1211411745
2029.84 3518.65 1211411757
2027.18 3518.65 1211411817
2021.87 3517.54 1211411876
1919.93 3433.77 1211411937
1982.86 3058.5 1211411997
1997.05 2980.32 1211412057
2275.37 2896.55 1211412102
2330.33 2853 1211412162
2343.63 2856.35 1211412222
2356.04 2873.1 1211412282
2332.1 2859.7 1211412343
2409.22 2890.97 1211412403
2327.67 2838.48 1211412464
2337.42 2832.89 1211412525
2329.44 2838.48 1211412586
2309.06 2838.48 1211412646
2334.76 2794.92 1211412678
2148.62 2937.88 1211412738
2111.39 3258.42 1211412798
2365.79 3335.48 1211412858
2338.31 3651.57 1211412918
2292.22 3904 1211412978
2270.06 4073.78 1211413038
2335.65 4280.43 1211413098
2363.13 4299.42 1211413119
2363.13 4299.42 1211413120
2444.68 4303.88 1211413180
2548.38 4227.93 1211413241
2691.98 4109.52 1211413304
2848.87 3975.49 1211413364
2611.32 3271.82 1211413502
2325.9 3233.84 1211413562
2307.28 3059.61 1211413633
2327.67 2791.57 1211413683
2397.7 2804.97 1211413743
2427.83 2819.49 1211413803
2555.48 2835.13 1211413863
2579.41 2860.81 1211413924
2728.32 2781.52 1211413984
2885.21 2607.3 1211414021
3139.61 2167.29 1211414081
2590.04 1615.65 1211414122
2683.12 955.727 1211414148
2864.83 -406.373 1211414208
2598.91 -1893.26 1211414261
2590.04 -2836.38 1211414297
2868.37 -3501.52 1211414322
3286.75 -4946.56 1211414369
3706.9 -6379.08 1211414419
3973.71 -7872.69 1211414483
4160.74 -9353.76 1211414536
3330.18 -10660.6 1211414588
2534.2 -11930.5 1211414637
2656.52 -13416.4 1211414697
2827.6 -14069.6 1211414717
3134.29 -15537.3 1211414777
3938.25 -16194.7 1211414837
4391.2 -16058.7 1211415030
4408.04 -16044.3 1211415090
4407.15 -16044.3 1211415151
4406.27 -16046.5 1211415211
4405.38 -16047.6 1211415276
4407.15 -16045.4 1211415332
4410.7 -16036.5 1211415393
4409.81 -16038.7 1211415453
4408.93 -16040.9 1211415514
4408.93 -16042 1211415574
4408.93 -16043.1 1211415635
4408.04 -16042 1211415695
4408.04 -16043.1 1211415765
4408.04 -16043.1 1211415825
4408.04 -16042 1211415880
4407.15 -16039.8 1211415936
4408.04 -16040.9 1211416003
4408.04 -16042 1211416057
4408.93 -16042 1211416118
4408.93 -16039.8 1211416172
4409.81 -16042 1211416239
4408.93 -16043.1 1211416294
4405.38 -16046.5 1211416356
4406.27 -16044.3 1211416415
