4219.24 -16054.3 1211997733
4219.24 -16054.3 1211997746
3378.94 -16142.3 1211997798
2972.08 -14720.4 1211997852
2644.11 -13265.9 1211997890
2550.16 -11775.5 1211997930
3440.1 -10563.6 1211997976
4193.53 -9209.9 1211998025
3956.86 -7689.77 1211998075
3686.51 -6178.27 1211998125
3251.29 -4749.07 1211998177
2823.17 -3287.25 1211998235
3337.28 -1963.58 1211998295
3874.43 -570.48 1211998349
3467.58 899.899 1211998398
3660.81 1759.7 1211998463
3839.86 1961.82 1211998518
3430.35 2461 1211998578
3016.4 2875.33 1211998638
2904.71 3016.06 1211998698
2899.4 3224.91 1211998759
2797.46 2804.97 1211998823
2882.55 3380.16 1211998883
2858.62 3440.47 1211998887
2840.89 3517.54 1211998917
2840.89 3517.54 1211998943
2825.83 3563.33 1211998994
2489 3524.24 1211999059
2210.67 3530.94 1211999109
2219.53 3556.63 1211999160
2234.6 3958.73 1211999211
2152.17 3924.1 1211999271
2109.62 4137.45 1211999303
2041.37 4549.63 1211999380
2184.96 4612.19 1211999447
2181.42 4602.14 1211999507
1966.91 4740.65 1211999568
1472.3 5002.05 1211999641
1058.35 4935.03 1211999703
441.424 4835.61 1211999748
-167.529 4767.46 1211999874
-167.529 4770.81 1211999924
-172.847 4764.11 1211999930
-170.188 4767.46 1212000001
-88.6394 4709.37 1212000047
-29.251 4408.89 1212000118
10.6367 4192.18 1212000165
159.551 4147.5 1212000217
323.534 4073.78 1212000277
217.167 3840.33 1212000331
242.872 3644.87 1212000400
279.214 3427.07 1212000485
361.649 2917.77 1212000589
1099.13 2926.71 1212000714
1357.96 2959.1 1212000775
1741.77 3031.69 1212000834
2196.49 3095.35 1212000899
2292.22 2985.9 1212000950
2773.53 2324.75 1212001070
2806.32 2293.49 1212001086
2806.32 2283.43 1212001156
2662.73 2474.4 1212001216
2412.77 2724.56 1212001271
2297.53 2733.5 1212001302
2334.76 2812.79 1212001357
2280.69 2500.09 1212001423
1998.82 2237.65 1212001477
1767.47 1985.27 1212001537
1503.32 1719.5 1212001598
1376.57 1598.9 1212001659
1092.92 1329.79 1212001723
850.939 1091.95 1212001779
750.776 986.991 1212001839
566.406 802.758 1212001905
90.4122 318.191 1212001970
-799.528 -44.6574 1212002020
-606.294 -743.514 1212002094
-1767.47 -1961.35 1212002337
-2598.91 -2266.06 1212002507
-3215.84 -3245.96 1212002678
-3441.87 -3707.97 1212002738
-3793.77 -3634.32 1212002798
-3791.11 -3644.36 1212002819
-3790.22 -3644.36 1212002820
-3783.13 -3618.69 1212002869
-3917.86 -3529.42 1212002921
-4494.91 -3405.54 1212002982
-4934.56 -3237.03 1212003034
-4948.74 -3019.41 1212003058
-4952.29 -2947.98 1212003070
-4993.95 -2778.34 1212003130
-5040.04 -2421.2 1212003168
-5060.43 -2110.91 1212003197
-4630.52 -1971.39 1212003258
-4476.29 -1960.23 1212003279
-4401.83 -1949.07 1212003339
-4931.9 -1983.67 1212003399
-5192.5 -1992.6 1212003447
-5711.04 -2024.97 1212003508
-6206.53 -2098.63 1212003568
-6210.08 -2104.22 1212003577
-5840.45 -2036.13 1212003637
-5228.84 -2002.65 1212003697
-5229.73 -1540.54 1212003757
-5274.93 -694.395 1212003817
-5319.25 113.877 1212003883
-4996.61 515.811 1212003938
-4268.88 557.122 1212003999
-3802.63 579.452 1212004067
-3382.48 606.248 1212004119
-1988.18 803.875 1212004290
-1741.77 1114.28 1212004342
-975.92 1323.09 1212004432
-261.486 1436.98 1212004461
-261.486 1436.98 1212004485
429.015 1547.53 1212004521
837.643 1815.53 1212004592
837.643 1815.53 1212004610
963.511 1838.98 1212004620
972.375 1841.21 1212004640
1112.43 1862.43 1212004687
1113.31 1863.55 1212004695
904.122 1728.43 1212004765
350.126 1633.51 1212004810
-125.868 1537.48 1212004869
-124.095 1511.8 1212004989
-124.982 1529.66 1212005055
-126.754 1320.85 1212005110
91.2986 1004.86 1212005177
584.134 980.291 1212005232
681.637 964.659 1212005301
677.205 965.776 1212005423
678.978 964.659 1212005483
678.092 961.31 1212005533
676.319 963.543 1212005594
674.546 966.893 1212005651
671.001 957.96 1212005706
672.773 962.426 1212005771
675.433 969.126 1212005826
675.433 972.475 1212005897
678.092 970.242 1212005907
678.978 968.009 1212006033
600.975 956.843 1212006087
600.975 956.843 1212006145
579.702 1135.5 1212006208
586.793 1515.15 1212006267
563.747 1655.85 1212006318
479.539 2178.46 1212006390
471.562 2282.32 1212006436
408.628 2697.76 1212006501
494.608 2837.36 1212006562
947.556 2905.49 1212006616
1266.66 2962.45 1212006676
1583.99 3011.59 1212006742
1687.7 3008.24 1212006768
1688.58 3009.35 1212006769
1705.42 3012.7 1212006835
1692.13 3002.65 1212006890
1704.54 2946.81 1212006950
1966.02 2858.58 1212007010
2292.22 2917.77 1212007070
2331.22 2638.57 1212007131
2191.17 2406.28 1212007196
2066.19 2304.65 1212007256
1964.25 2186.28 1212007313
1865.86 2091.36 1212007344
1733.79 1961.82 1212007368
1607.92 1871.36 1212007428
1465.21 1712.8 1212007477
1577.78 1792.08 1212007552
1674.4 1607.83 1212007592
1639.83 1569.86 1212007637
1449.25 1794.31 1212007761
1390.75 2138.26 1212007823
1364.16 2267.8 1212007873
1326.93 2562.63 1212007937
1295.91 2740.2 1212007998
1241.84 3059.61 1212008058
1333.14 3184.7 1212008113
1451.91 3195.87 1212008156
1451.91 3195.87 1212008158
1451.91 3195.87 1212008183
1668.19 3126.62 1212008243
1736.45 3031.69 1212008303
2118.48 3097.59 1212008363
2621.95 3357.82 1212008424
2699.96 3291.92 1212008466
2515.59 3275.17 1212008521
2201.8 3220.44 1212008582
2080.37 3372.34 1212008645
2005.91 3539.87 1212008702
1876.5 3651.57 1212008762
1876.5 3652.68 1212008772
1933.23 3490.73 1212008826
2188.51 3537.64 1212008886
2221.3 3526.47 1212008946
2220.42 3532.06 1212008986
2206.24 3533.17 1212009046
2215.99 3537.64 1212009107
2219.53 3545.46 1212009167
2225.74 3538.76 1212009227
2211.55 3545.46 1212009276
1906.63 3475.09 1212009336
1949.18 3289.69 1212009377
2231.05 2458.77 1212009522
2454.43 2314.7 1212009577
2649.43 2070.14 1212009617
3058.06 1668.13 1212009677
3747.68 533.675 1212009739
3824.79 -773.655 1212009799
3749.45 -1057.2 1212009859
3659.04 -907.614 1212009927
3659.92 -909.847 1212009979
3639.54 -908.73 1212010040
3639.54 -907.614 1212010100
3630.67 -910.963 1212010160
3616.49 -914.312 1212010230
3615.6 -917.661 1212010285
3592.56 -931.057 1212010345
3589.01 -931.057 1212010411
3581.92 -944.452 1212010476
3582.81 -943.336 1212010535
3583.69 -950.034 1212010604
3581.03 -952.266 1212010651
3586.35 -952.266 1212010722
3583.69 -973.476 1212010782
3580.15 -973.476 1212010837
3623.58 -991.337 1212010903
3654.6 -936.638 1212010954
3654.6 -935.522 1212011016
3654.6 -936.638 1212011076
3654.6 -936.638 1212011119
3653.72 -936.638 1212011186
3654.6 -935.522 1212011242
3654.6 -935.522 1212011258
3655.49 -936.638 1212011282
3654.6 -937.754 1212011348
3654.6 -937.754 1212011413
3655.49 -936.638 1212011424
3654.6 -937.754 1212011464
3629.79 -977.942 1212011519
3604.08 -991.337 1212011579
3595.22 -991.337 1212011639
3582.81 -1161.01 1212011700
3998.53 -1121.94 1212011760
3965.73 -766.957 1212011820
3846.07 20.0959 1212011859
3370.07 1441.45 1212011916
3663.47 1761.93 1212011974
4182.9 2287.9 1212012035
4230.76 2606.18 1212012065
4225.44 3238.31 1212012125
3850.5 3746.51 1212012185
3506.58 4189.95 1212012256
3136.06 4298.3 1212012340
2941.06 4437.93 1212012406
2734.53 5157.34 1212012548
2668.93 5197.55 1212012550
2668.93 5197.55 1212012563
2291.33 5383 1212012620
