68.2524 3172.42 1211914416
70.0252 3173.53 1211914481
71.7979 3173.53 1211914541
82.4347 3171.3 1211914575
311.124 3207.04 1211914622
109.027 3097.59 1211914664
-151.573 3051.79 1211914710
-215.394 2835.13 1211914806
-192.348 2673.19 1211914866
176.392 2681.01 1211914935
176.392 2686.59 1211914936
547.792 2844.06 1211915027
1153.2 2940.11 1211915088
1384.55 2971.38 1211915148
1556.51 3003.77 1211915182
2037.82 3099.82 1211915238
2417.2 3105.4 1211915297
2465.95 2912.19 1211915362
2479.25 2699.99 1211915478
2257.65 2514.61 1211915544
1891.57 2117.04 1211915599
1690.35 1875.83 1211915660
1517.51 1706.1 1211915720
1209.04 1435.87 1211915781
1110.65 1335.37 1211915841
956.42 1192.44 1211915911
825.233 1060.69 1211915922
663.909 957.96 1211915966
588.566 1038.35 1211916032
576.156 1024.95 1211916067
600.089 733.533 1211916127
881.076 688.871 1211916183
1091.15 518.044 1211916288
1092.04 518.044 1211916295
1177.13 529.209 1211916337
1220.57 494.597 1211916376
1229.43 443.238 1211916387
1266.66 173.05 1211916468
1322.5 139.556 1211916529
1322.5 139.556 1211916551
1256.02 156.303 1211916610
1237.41 426.491 1211916670
1221.45 523.626 1211916731
1402.28 537.024 1211916791
1505.1 636.395 1211916852
1389.87 974.709 1211916912
1501.55 1375.57 1211916972
1668.19 1587.73 1211917034
1849.91 1779.8 1211917094
2255.87 2178.46 1211917155
2577.64 2512.37 1211917215
2621.95 2550.34 1211917235
2879.9 2785.99 1211917301
3165.31 3037.28 1211917356
3217.61 3191.4 1211917432
3189.25 3213.74 1211917477
3200.77 3401.38 1211917537
3193.68 3383.51 1211917601
3194.57 3383.51 1211917657
3347.91 3346.65 1211917722
3479.1 3458.34 1211917777
3476.44 3316.49 1211917816
3551.78 3055.14 1211917876
3714.88 2808.32 1211917937
3553.56 2683.24 1211917996
3211.41 2319.17 1211918056
2849.76 1935.02 1211918116
2715.03 471.15 1211918177
2872.8 -1017.01 1211918231
2450.88 -2478.12 1211918282
2752.25 -3351.98 1211918342
2495.2 -3446.84 1211918402
1915.5 -3638.78 1211918462
1447.48 -3793.89 1211918522
1114.2 -3978.02 1211918588
1123.06 -3976.9 1211918597
1118.63 -3978.02 1211918657
1117.74 -3979.14 1211918718
1103.56 -3928.92 1211918778
1114.2 -3668.91 1211918834
978.579 -3508.21 1211918894
475.107 -3527.19 1211918954
754.322 -3049.54 1211919025
984.784 -2749.33 1211919051
1042.4 -2346.42 1211919111
1020.24 -2023.85 1211919171
919.191 -2014.92 1211919231
920.077 -2014.92 1211919257
960.852 -2005.99 1211919317
1084.06 -1997.06 1211919377
1158.52 -2078.54 1211919438
1023.79 -2588.61 1211919503
834.984 -2935.71 1211919558
394.446 -3493.71 1211919618
228.69 -3383.23 1211919678
429.901 -3330.77 1211919738
693.16 -3357.56 1211919799
992.762 -3340.82 1211919841
992.762 -3341.93 1211919843
1099.13 -3272.74 1211919908
673.66 -3272.74 1211919948
975.92 -2769.42 1211920008
1039.74 -2392.18 1211920068
1025.56 -2046.18 1211920128
990.103 -1560.63 1211920197
1347.32 -1349.66 1211920259
1528.14 -1338.5 1211920314
1724.04 -1308.36 1211920449
1721.38 -1296.08 1211920509
1722.26 -1306.13 1211920529
1724.92 -1291.62 1211920649
1721.38 -1293.85 1211920714
1560.05 -1250.32 1211920769
1535.24 -938.871 1211920830
1501.55 -551.502 1211920885
1494.46 -333.808 1211920936
1310.09 -178.628 1211920996
1016.69 693.337 1211921126
921.85 1066.27 1211921191
793.323 1168.99 1211921237
616.044 1364.4 1211921297
557.542 1716.15 1211921364
491.949 2168.41 1211921422
472.448 2311.35 1211921483
364.308 2966.91 1211921542
341.262 3057.38 1211921580
333.284 3122.16 1211921640
333.284 3122.16 1211921655
299.601 3305.32 1211921701
291.624 3425.95 1211921766
288.078 3418.13 1211921778
-3.54558 3396.91 1211921890
-2.65918 3395.79 1211921950
154.233 3214.86 1211922038
450.288 3267.35 1211922104
866.007 3325.43 1211922164
1016.69 3350 1211922223
1205.5 3374.57 1211922279
1707.2 3453.87 1211922339
2162.8 3528.71 1211922400
2220.42 3413.66 1211922460
2348.06 3157.9 1211922520
2742.5 3220.44 1211922579
2989.81 3233.84 1211922640
2668.05 2892.09 1211922700
2463.29 2701.11 1211922760
2197.37 2425.26 1211922825
1977.55 2200.8 1211922881
1882.7 2104.76 1211922916
1606.15 1928.32 1211922976
1440.39 2000.9 1211923036
1349.98 2417.45 1211923096
1331.36 2505.67 1211923161
1406.71 2558.16 1211923221
1459.01 2588.31 1211923276
1452.8 2580.5 1211923291
1546.76 2800.51 1211923351
1738.22 2708.93 1211923416
2065.3 2440.9 1211923481
2426.95 2290.14 1211923532
2645.89 2072.37 1211923592
2954.35 1750.76 1211923657
3693.61 634.161 1211923712
3693.61 634.161 1211923727
3818.59 -774.771 1211923778
3746.79 -1080.64 1211923838
3713.99 -916.544 1211923887
3584.58 -941.103 1211923931
3584.58 -953.383 1211923992
3583.69 -953.383 1211924051
3584.58 -961.197 1211924112
3585.47 -967.895 1211924172
3582.81 -969.011 1211924232
3587.24 -961.197 1211924292
3633.33 -931.057 1211924357
3635.99 -922.126 1211924412
3635.99 -925.475 1211924472
3638.65 -922.126 1211924532
3636.88 -919.893 1211924592
3637.76 -922.126 1211924652
3635.99 -923.242 1211924712
3636.88 -917.661 1211924772
3640.42 -921.01 1211924833
3638.65 -923.242 1211924893
3637.76 -921.01 1211924955
3636.88 -918.777 1211925015
3635.1 -922.126 1211925076
3636.88 -924.359 1211925137
3638.65 -922.126 1211925198
3636.88 -923.242 1211925258
3636.88 -922.126 1211925319
3640.42 -917.661 1211925379
3639.54 -921.01 1211925408
3639.54 -921.01 1211925423
3638.65 -922.126 1211925466
3587.24 -989.105 1211925526
3861.13 -365.067 1211925707
3373.62 1065.15 1211925764
3862.02 1946.18 1211925824
4234.31 2669.84 1211925884
4221.9 3246.13 1211925953
3746.79 3869.37 1211926000
3359.43 4403.3 1211926060
3033.24 4866.88 1211926127
2894.96 5016.58 1211926196
2740.73 5158.45 1211926242
2416.31 5334.96 1211926303
2226.62 5383 1211926367
1858.77 5384.12 1211926427
1474.96 5321.56 1211926482
1354.41 5104.83 1211926598
1367.71 5089.19 1211926637
1519.28 5022.16 1211926702
1573.35 4673.63 1211926757
1646.03 4241.33 1211926818
1700.99 3896.18 1211926878
1846.36 3689.54 1211926940
2051.12 3721.93 1211926999
2311.72 3755.44 1211927065
2457.09 3792.3 1211927135
2556.36 3341.06 1211927181
2545.72 3296.39 1211927230
2545.72 3296.39 1211927232
2574.09 2991.48 1211927292
2603.34 2879.8 1211927352
2603.34 2883.15 1211927382
2417.2 2796.04 1211927436
2222.19 2577.14 1211927496
1800.27 2468.82 1211927556
1447.48 2447.6 1211927621
1135.47 2411.86 1211927676
486.631 2297.95 1211927737
-18.6143 2216.43 1211927797
-550.451 2041.1 1211927858
-506.131 1785.38 1211927919
-484.858 1625.7 1211927967
-484.858 1625.7 1211927970
-886.394 1547.53 1211928030
-944.01 1744.06 1211928095
-944.01 1742.95 1211928121
-554.883 1812.18 1211928182
-244.645 2029.94 1211928242
208.303 2152.78 1211928300
977.693 2276.73 1211928365
1066.33 2291.25 1211928420
1201.06 2342.62 1211928480
1147.88 2683.24 1211928540
1075.2 3099.82 1211928600
1127.49 3362.29 1211928660
1301.23 3396.91 1211928720
1354.41 3411.43 1211928771
1344.66 3409.2 1211928773
951.988 3339.95 1211928833
802.187 3318.73 1211928893
193.234 3219.32 1211928953
152.46 3304.21 1211929023
282.76 3418.13 1211929078
281.873 3417.01 1211929133
282.76 3421.48 1211929163
-1.77279 3391.33 1211929224
-437.879 3202.57 1211929286
-397.105 2950.16 1211929345
-356.331 2676.54 1211929410
-294.283 2313.59 1211929470
-696.706 2111.46 1211929530
-655.932 1691.58 1211929590
-703.797 1686 1211929656
-790.664 1671.48 1211929657
-1001.63 2062.32 1211929717
-990.103 2808.32 1211929815
-1024.67 3026.11 1211929871
-1549.42 2942.34 1211929931
-1552.96 2941.23 1211929956
-1919.93 2878.68 1211930006
-2079.48 2705.58 1211930066
-2079.48 2705.58 1211930125
-2078.59 2705.58 1211930136
-2074.16 2834.01 1211930186
-1752.4 2898.79 1211930247
-1416.46 2953.51 1211930307
-739.253 3061.85 1211930368
-429.901 3112.1 1211930428
71.7979 3195.87 1211930471
160.437 3217.09 1211930500
395.332 3556.63 1211930588
545.133 3570.03 1211930612
563.747 3488.5 1211930673
593.884 3315.38 1211930704
646.182 2992.6 1211930764
677.205 2807.21 1211930824
694.047 2706.69 1211930895
731.275 2474.4 1211930955
764.958 2251.05 1211931005
831.438 1849.03 1211931055
857.143 1672.6 1211931115
1029.1 1575.45 1211931184
1258.68 1126.56 1211931235
1705.42 1055.1 1211931265
2198.26 1024.95 1211931326
2611.32 905.481 1211931386
2629.93 179.749 1211931446
2803.67 -1312.83 1211931514
2571.43 -2815.17 1211931571
3097.95 -4211.24 1211931603
3577.49 -5617.11 1211931648
3836.32 -7087.43 1211931697
4106.67 -8594.3 1211931744
2581.18 -12705.3 1211931896
2846.21 -14185.5 1211931956
3162.66 -15684.3 1211932001
3971.93 -16257.1 1211932066
4033.98 -16077.7 1211932161
4194.42 -16118.9 1211932238
4211.26 -16114.5 1211932241
4164.28 -16094.4 1211932304
3214.07 -15629.7 1211932370
4135.92 -8640.02 1211932619
3863.79 -7130.94 1211932676
3597.88 -5662.85 1211932722
3126.31 -4242.48 1211932776
2729.21 -2801.78 1211932828
3653.72 -1633.19 1211932888
3849.61 -136.204 1211932927
3351.46 1246.04 1211932988
3667.01 1801.01 1211933053
3939.14 2037.75 1211933109
4080.96 2186.28 1211933169
4093.37 2248.82 1211933238
3713.11 2602.83 1211933289
3572.17 2716.74 1211933360
3356.78 2894.32 1211933410
3187.47 3074.13 1211933470
3069.58 3384.62 1211933535
3000.45 3352.23 1211933591
2984.49 3266.23 1211933602
2785.05 2985.9 1211933662
2542.18 2775.94 1211933722
2226.62 2576.03 1211933783
1845.47 2507.9 1211933843
1603.49 2478.87 1211933903
1271.98 2428.61 1211933972
792.437 2353.79 1211934023
322.648 2273.38 1211934084
-414.833 2127.09 1211934144
-351.899 1729.55 1211934205
-330.625 1593.31 1211934244
-330.625 1593.31 1211934245
-926.282 1587.73 1211934328
-1041.51 2331.45 1211934427
-997.194 2807.21 1211934487
-960.852 3027.22 1211934548
-514.995 3097.59 1211934608
-281.873 3137.79 1211934669
156.892 3315.38 1211934734
289.851 3420.36 1211934775
305.806 3303.09 1211934841
372.286 2855.23 1211934896
403.309 2677.66 1211934962
499.04 2074.61 1211935022
543.36 1742.95 1211935077
568.179 1581.03 1211935137
657.705 1569.86 1211935173
657.705 1569.86 1211935174
721.525 1617.88 1211935235
539.814 1751.88 1211935295
514.109 2082.42 1211935356
469.789 2339.27 1211935431
237.554 2799.39 1211935543
185.256 3090.88 1211935602
175.506 3175.77 1211935659
173.733 3175.77 1211935713
557.542 3275.17 1211935744
737.48 3303.09 1211935767
1027.33 3353.35 1211935827
1007.83 3574.5 1211935892
888.167 4253.62 1211935948
811.051 4784.22 1211936009
1346.43 5185.26 1211936120
1345.55 5186.38 1211936144
1417.34 5204.26 1211936162
1529.03 4938.38 1211936280
1613.24 4410 1211936326
1737.33 3652.68 1211936447
1695.67 3458.34 1211936509
1638.94 3453.87 1211936574
1185.11 3269.58 1211936629
937.805 3233.84 1211936689
793.323 3211.51 1211936749
149.801 3094.23 1211936824
-602.748 2972.5 1211936869
-1043.29 2723.45 1211936929
-1008.72 2083.54 1211936989
-927.169 1514.03 1211937054
-1042.4 1413.53 1211937109
-1685.92 1234.87 1211937169
-2111.39 727.95 1211937230
-2621.95 650.909 1211937296
-2607.77 280.231 1211937351
-2634.36 237.805 1211937391
-2637.91 231.106 1211937431
-2637.02 231.106 1211937482
-2392.38 243.387 1211937503
-2117.6 315.958 1211937563
-2032.5 392.996 1211937620
-1570.69 476.733 1211937673
-1508.64 598.433 1211937743
-1087.61 1083.02 1211937854
-866.007 1119.86 1211937914
-977.693 1922.73 1211938041
-1041.51 2305.77 1211938100
-1040.63 2718.98 1211938156
-956.42 2873.1 1211938216
-977.693 2978.08 1211938276
-980.352 2973.61 1211938323
-619.59 3079.72 1211938382
-164.869 3154.55 1211938448
148.028 3413.66 1211938560
161.324 3212.62 1211938625
565.52 3274.05 1211938680
1157.63 3364.52 1211938740
1217.02 3360.05 1211938792
1463.44 3414.78 1211938847
1604.37 3442.7 1211938907
1866.75 3487.38 1211938967
2220.42 3454.99 1211939027
2247.9 3307.56 1211939087
2387.06 3115.46 1211939147
2402.13 3163.48 1211939207
2426.06 3056.26 1211939267
2418.08 3054.03 1211939297
2418.08 3052.91 1211939309
2289.56 3049.56 1211939364
2632.59 2883.15 1211939482
2749.6 2950.16 1211939542
2966.76 3169.06 1211939603
3179.5 3396.91 1211939663
3301.82 3514.19 1211939724
3465.8 3662.74 1211939784
3737.04 3700.71 1211939854
3791.11 3820.23 1211939906
3589.9 4065.96 1211939967
3511.01 4065.96 1211940042
3403.75 3729.75 1211940092
3191.91 3743.16 1211940148
2917.12 3745.39 1211940209
2748.71 3668.32 1211940274
2762.01 4032.45 1211940334
2917.12 3866.02 1211940401
3302.71 3878.31 1211940466
3239.77 3844.8 1211940484
3213.18 3654.92 1211940544
3165.31 3423.72 1211940609
2879.01 3100.94 1211940669
2460.63 2685.47 1211940724
2075.94 2306.89 1211940784
1735.56 1951.77 1211940845
1505.98 1797.66 1211940906
1251.59 1478.3 1211940972
1170.93 1208.08 1211941032
1212.59 641.977 1211941087
1139.02 525.859 1211941162
1156.74 520.277 1211941180
1209.04 769.262 1211941230
1186.88 1061.8 1211941290
1239.18 1435.87 1211941436
1239.18 1435.87 1211941462
1453.69 1678.18 1211941507
1506.87 1697.16 1211941556
1630.08 1834.51 1211941612
1930.57 2006.49 1211941672
2176.98 2184.04 1211941732
2387.06 2318.05 1211941792
2766.44 2707.81 1211941852
2972.97 2892.09 1211941913
2847.99 3110.99 1211941973
2576.75 3295.27 1211942032
2555.48 3271.82 1211942092
2183.19 3208.16 1211942152
1428.87 3100.94 1211942219
1262.23 3073.01 1211942242
1074.31 3085.3 1211942302
1030.88 3396.91 1211942367
932.487 3851.5 1211942422
930.714 3859.32 1211942463
930.714 3858.2 1211942464
837.643 3820.23 1211942505
924.509 4048.09 1211942566
988.33 4383.19 1211942626
1527.26 4472.56 1211942691
1877.38 4657.99 1211942751
1938.54 4754.06 1211942821
2055.55 4784.22 1211942877
2059.09 4790.92 1211942943
2054.66 4784.22 1211942987
2053.78 4780.87 1211943053
2054.66 4785.34 1211943172
2054.66 4786.45 1211943228
2055.55 4785.34 1211943293
2058.21 4784.22 1211943357
2056.44 4794.27 1211943413
2052 4796.51 1211943472
2047.57 4795.39 1211943528
2053.78 4780.87 1211943602
2053.78 4775.28 1211943650
2052.89 4786.45 1211943829
2052.89 4786.45 1211943845
2050.23 4783.1 1211943894
2049.34 4783.1 1211943955
2051.12 4778.63 1211944010
2048.46 4780.87 1211944071
2050.23 4790.92 1211944197
2051.12 4786.45 1211944267
2168.12 4673.63 1211944378
2341.85 4421.17 1211944444
2425.18 4334.04 1211944498
2529.77 4244.68 1211944547
2522.68 4207.82 1211944607
2264.74 4153.09 1211944673
1255.13 4005.64 1211944728
1211.7 3893.95 1211944788
973.261 3852.62 1211944833
919.191 3880.54 1211944876
919.191 3880.54 1211944878
919.191 3880.54 1211944892
780.914 3950.91 1211944947
745.458 4231.28 1211945003
450.288 4198.88 1211945058
82.4347 4138.57 1211945129
70.9116 3824.69 1211945178
122.322 3439.35 1211945238
157.778 3232.73 1211945298
262.373 3226.03 1211945363
832.324 3304.21 1211945418
927.169 3089.77 1211945479
1045.95 2370.54 1211945539
1043.29 1740.71 1211945599
1069.88 1333.14 1211945660
1799.38 1045.05 1211945720
2677.8 300.327 1211945785
2832.92 -1187.8 1211945833
3020.83 -4034.93 1211945937
3145.81 -4702.2 1211945998
2856.85 -5123.97 1211946073
2856.85 -5144.05 1211946120
2858.62 -5145.16 1211946194
2859.51 -5144.05 1211946304
2858.62 -5145.16 1211946360
2856.85 -5146.28 1211946551
2855.96 -5147.4 1211946610
2856.85 -5147.4 1211946720
2856.85 -5146.28 1211946901
2857.74 -5146.28 1211946961
2857.74 -5146.28 1211947027
2857.74 -5145.16 1211947082
2857.74 -5145.16 1211947146
2858.62 -5146.28 1211947272
2856.85 -5145.16 1211947298
2859.51 -5145.16 1211947353
2857.74 -5146.28 1211947413
2856.85 -5145.16 1211947535
2857.74 -5145.16 1211947660
2856.85 -5144.05 1211947729
2855.96 -5146.28 1211947786
2857.74 -5146.28 1211947846
2855.96 -5145.16 1211948018
2857.74 -5144.05 1211948149
2857.74 -5146.28 1211948234
2856.85 -5147.4 1211948280
2857.74 -5145.16 1211948340
2858.62 -5145.16 1211948401
2857.74 -5142.93 1211948537
2858.62 -5142.93 1211948582
2857.74 -5144.05 1211948657
2858.62 -5140.7 1211948704
2857.74 -5144.05 1211948764
2855.96 -5149.63 1211948891
2855.96 -5147.4 1211948946
2856.85 -5146.28 1211949021
2857.74 -5142.93 1211949127
2858.62 -5141.82 1211949188
2858.62 -5141.82 1211949204
2859.51 -5137.35 1211949252
2856.85 -5142.93 1211949308
2856.85 -5144.05 1211949384
2580.29 -5169.71 1211949489
2915.35 -5332.61 1211949549
3289.41 -4831.64 1211949609
2856.85 -3346.4 1211949674
3412.62 -1933.44 1211949726
3863.79 -521.36 1211949770
3458.71 913.297 1211949816
3681.2 1778.68 1211949872
4217.46 2459.88 1211949933
4096.92 3395.79 1211949992
3715.77 3902.88 1211950052
3497.71 4063.73 1211950118
3331.07 3916.29 1211950215
3213.18 3831.4 1211950280
2906.49 3721.93 1211950335
2717.69 3977.72 1211950395
2590.04 4198.88 1211950456
2481.02 4293.83 1211950516
2358.7 4437.93 1211950576
2130.89 4463.62 1211950646
1634.51 4389.9 1211950697
1482.05 4264.79 1211950756
1544.99 3873.84 1211950816
1598.17 3585.67 1211950876
1625.65 3432.65 1211950937
1784.31 3249.48 1211950997
2270.94 3344.42 1211951057
2444.68 3154.55 1211951117
2568.77 3090.88 1211951178
2723.89 2955.75 1211951238
2899.4 3124.39 1211951302
3141.38 3365.64 1211951362
3269.02 3526.47 1211951418
3459.6 3673.91 1211951477
3762.74 3701.83 1211951543
3542.03 3309.79 1211951597
3417.05 3205.92 1211951658
3102.38 3019.41 1211951733
2814.3 2750.25 1211951780
2618.41 2558.16 1211951839
2359.58 2306.89 1211951900
2136.21 2167.29 1211951965
1884.47 1824.46 1211952019
1756.83 1709.45 1211952083
1528.14 1474.95 1211952140
1365.93 1132.15 1211952208
1358.84 914.414 1211952319
1357.07 916.647 1211952374
1228.54 382.947 1211952505
1271.09 -83.7324 1211952566
1308.32 -595.04 1211952615
1339.34 -1052.73 1211952680
1529.92 -1347.43 1211952749
2120.26 -1329.57 1211952795
2949.92 -1201.2 1211952861
3584.58 -977.942 1211953014
3579.26 -984.639 1211953099
