3472.89 -1165.48 1211369967
2447.34 -1311.71 1211370028
1790.52 -1326.22 1211370088
1547.64 -1102.97 1211370149
1490.92 -368.416 1211370209
1262.23 22.3288 1211370270
646.182 126.158 1211370339
93.0714 82.6168 1211370390
-138.278 174.166 1211370450
-214.507 241.154 1211370511
-844.734 196.495 1211370572
-1196.63 192.03 1211370631
-1252.48 541.49 1211370675
-1315.41 946.794 1211370735
-1027.33 1094.18 1211370783
-901.463 1411.3 1211370843
-948.442 1671.48 1211370894
-920.077 1862.43 1211370954
-943.124 1868.01 1211371035
-940.465 1859.08 1211371052
-1022.9 2178.46 1211371118
-770.277 2845.18 1211371172
76.2299 2982.55 1211371232
816.369 3103.17 1211371292
976.807 3124.39 1211371322
1494.46 3218.21 1211371372
1466.98 3510.83 1211371432
1382.78 3815.76 1211371492
1382.78 3815.76 1211371502
1382.78 3814.64 1211371515
1372.14 3820.23 1211371575
1212.59 4093.89 1211371636
1202.84 4096.12 1211371696
1209.04 4091.65 1211371756
1217.91 4084.95 1211371816
1217.02 4091.65 1211371876
1216.13 4091.65 1211371897
1203.72 3998.94 1211371957
1044.17 3967.67 1211372018
952.874 3952.03 1211372039
701.138 3904 1211372099
211.848 3834.75 1211372159
90.4122 3670.56 1211372194
151.573 3286.34 1211372255
-275.669 3140.03 1211372324
-763.186 3074.13 1211372359
-1418.23 2957.98 1211372419
-2007.68 2859.7 1211372484
-2620.18 2767 1211372543
-2899.4 2734.61 1211372568
-3385.14 2918.89 1211372646
-3756.54 2896.55 1211372705
-3784.9 2380.59 1211372756
-3251.29 2259.98 1211372817
-3227.36 1880.3 1211372877
-3529.62 1386.73 1211372938
-3850.5 1158.94 1211372971
-3674.99 317.075 1211373028
-3619.15 -523.593 1211373093
-3522.53 -2311.82 1211373224
-3511.89 -4381.96 1211373329
-3167.09 -8227.37 1211373499
-2693.75 -10131 1211373555
-2165.46 -11532.5 1211373597
924.509 -14516.5 1211373749
924.509 -14516.5 1211373763
2364.01 -14119.7 1211373797
2364.01 -14119.7 1211373812
3106.81 -15422.5 1211373867
3900.14 -16215.8 1211373931
4548.09 -15961.8 1211373981
4377.02 -15835.9 1211374012
4372.58 -15841.5 1211374051
4371.7 -15842.6 1211374052
3993.21 -16139 1211374122
3141.38 -15363.4 1211374177
2849.76 -13870.1 1211374217
2580.29 -12400.9 1211374262
3968.39 -9841.07 1211374356
4074.76 -8345.59 1211374402
3805.29 -6850.95 1211374450
3526.96 -5354.92 1211374489
3058.06 -4077.33 1211374537
2517.36 -2665.62 1211374577
2817.85 -1478.03 1211374642
2227.51 -1317.29 1211374697
1570.69 -1334.04 1211374757
1066.33 -1371.99 1211374817
828.779 -1385.38 1211374877
751.662 -1171.06 1211374937
526.518 -957.848 1211374998
135.618 -888.637 1211375058
93.9578 -361.718 1211375119
67.366 68.103 1211375180
67.366 68.103 1211375187
35.4558 432.073 1211375247
13.2959 611.831 1211375281
9.75034 818.39 1211375317
7.09116 819.507 1211375342
6.20476 821.74 1211375373
-4.43197 931.162 1211375379
-5.31837 947.911 1211375382
-111.686 1221.47 1211375443
-585.02 1166.76 1211375503
-1004.28 1203.61 1211375563
-885.508 1225.94 1211375624
-855.371 806.108 1211375685
-1274.64 733.533 1211375763
-1256.91 1056.22 1211375807
-872.212 1118.75 1211375872
-869.553 1118.75 1211375938
-870.439 1117.63 1211375998
-868.667 1113.16 1211376062
-893.486 1371.1 1211376130
-1165.61 1502.86 1211376190
-1173.59 1503.98 1211376256
-1176.25 1499.51 1211376327
-1174.47 1500.63 1211376342
-1173.59 1501.75 1211376403
-1170.04 1499.51 1211376468
-1171.81 1500.63 1211376527
-1170.04 1502.86 1211376548
-934.26 1535.25 1211376609
-877.53 1252.74 1211376668
-811.051 857.469 1211376728
-553.997 570.52 1211376788
-142.71 361.734 1211376849
196.78 452.17 1211376918
195.007 454.403 1211376940
404.196 288.046 1211377000
409.514 288.046 1211377060
604.521 303.677 1211377120
849.166 159.652 1211377181
877.53 -215.47 1211377251
899.69 -559.316 1211377286
928.941 -914.312 1211377350
965.284 -1351.9 1211377406
1148.77 -1351.9 1211377466
1149.65 -1353.01 1211377494
1693.9 -1339.62 1211377553
2441.13 -1322.87 1211377618
2443.79 -2287.26 1211377685
2939.28 -3736.98 1211377728
3428.57 -5174.17 1211377767
3752.99 -6634.54 1211377812
4021.57 -8119.18 1211377868
4063.23 -9639.24 1211377905
2552.82 -12196.9 1211378002
3034.13 -15181.8 1211378105
4375.24 -16214.7 1211378225
4528.59 -16149 1211378286
4553.41 -16095.5 1211378343
4564.93 -16032 1211378349
3885.95 -16175.7 1211378420
3128.09 -15308.8 1211378470
4022.46 -9732.91 1211378657
4052.6 -8221.79 1211378705
3786.68 -6718.2 1211378760
3472.89 -5227.73 1211378805
3043.88 -4030.47 1211378849
2499.63 -2620.98 1211378898
2441.13 -1307.24 1211379023
1861.43 -1327.34 1211379079
1201.06 -1347.43 1211379143
571.724 -1398.78 1211379259
545.133 -1065.01 1211379319
332.398 -893.102 1211379394
314.67 -622.949 1211379418
318.216 -731.234 1211379479
318.216 -731.234 1211379493
299.601 -429.817 1211379543
97.5034 -273.523 1211379614
66.4796 45.7741 1211379663
48.7517 262.367 1211379739
-748.117 643.094 1211379848
-858.916 1154.48 1211379917
-939.578 1667.01 1211379980
-998.08 2038.87 1211380025
-1016.69 2522.42 1211380084
-1192.2 2750.25 1211380145
-1560.94 2887.62 1211380216
-1560.05 2889.85 1211380234
-1570.69 2909.96 1211380289
-1017.58 3026.11 1211380349
-750.776 3069.66 1211380409
422.81 3251.71 1211380496
974.147 3341.06 1211380552
1029.1 3346.65 1211380568
1079.63 3364.52 1211380607
1599.06 3438.24 1211380667
1687.7 3033.92 1211380727
2198.26 3105.4 1211380787
2928.65 3220.44 1211380854
3029.7 3164.6 1211380944
3042.11 3164.6 1211380945
3060.72 3018.29 1211380977
2925.1 2950.16 1211381037
2808.98 3291.92 1211381097
2686.66 3295.27 1211381125
2403.02 3231.61 1211381180
2399.47 3037.28 1211381240
2312.6 2842.95 1211381300
2171.67 2876.45 1211381365
2169.01 2890.97 1211381425
2188.51 2850.76 1211381480
2162.8 2904.37 1211381540
2182.3 2867.52 1211381600
2170.78 2879.8 1211381660
2171.67 2879.8 1211381720
2184.08 2878.68 1211381762
2200.92 2874.22 1211381784
2305.51 2886.5 1211381813
2477.47 2641.92 1211381873
2849.76 2256.63 1211381933
3078.45 2017.65 1211381998
3355 1744.06 1211382054
3022.61 1309.69 1211382114
2981.83 1300.75 1211382147
2978.29 1298.52 1211382169
2545.72 1109.81 1211382234
2351.6 1298.52 1211382294
2295.76 1344.3 1211382336
2037.82 1604.48 1211382377
1899.54 1565.4 1211382431
2017.43 1436.98 1211382491
1998.82 1450.38 1211382527
2047.57 1601.13 1211382582
1974 1909.33 1211382642
2500.52 2425.26 1211382702
2972.97 2893.2 1211382758
3339.93 3301.97 1211382817
3481.76 3471.74 1211382877
3454.28 3723.05 1211382937
3401.1 3709.65 1211382966
3403.75 3690.66 1211383002
3406.41 3690.66 1211383003
3318.66 3524.24 1211383069
3280.55 3507.48 1211383081
2941.06 3615.83 1211383142
2653.86 3536.52 1211383202
2329.44 3573.38 1211383262
2307.28 3556.63 1211383293
2307.28 3556.63 1211383309
2315.26 3533.17 1211383355
2337.42 3449.4 1211383415
1978.43 3389.09 1211383476
1954.5 3218.21 1211383536
2005.91 2887.62 1211383596
2073.28 2466.58 1211383656
1949.18 2168.41 1211383716
1600.83 1863.55 1211383776
1402.28 1636.86 1211383836
1113.31 1344.3 1211383897
733.935 960.193 1211383968
619.59 522.51 1211384022
624.022 398.578 1211384087
624.022 398.578 1211384099
624.908 387.413 1211384111
631.999 334.938 1211384134
960.852 324.89 1211384204
1054.81 50.2399 1211384293
833.211 470.034 1211384403
577.929 1093.07 1211384523
624.908 1273.96 1211384593
584.134 1534.13 1211384658
558.428 1693.81 1211384715
510.563 2043.34 1211384781
476.88 2273.38 1211384827
409.514 2682.12 1211384887
413.06 2682.12 1211384930
302.261 3289.69 1211385060
162.21 3314.26 1211385107
161.324 3228.26 1211385157
161.324 3228.26 1211385164
165.756 3211.51 1211385197
270.35 3222.67 1211385220
845.62 3334.36 1211385264
978.579 3342.18 1211385325
1280.84 3398.03 1211385385
1562.71 3442.7 1211385446
1898.66 3487.38 1211385505
2280.69 3548.81 1211385565
2696.41 3613.59 1211385625
2758.46 3756.56 1211385686
2870.15 3879.43 1211385745
3263.7 3918.52 1211385807
3263.7 3918.52 1211385812
3361.21 3752.09 1211385872
3154.68 3681.72 1211385932
2662.73 3677.26 1211385993
2225.74 3551.04 1211386053
2215.1 3552.16 1211386113
2218.65 3553.28 1211386173
2195.6 3602.42 1211386225
2159.26 3826.93 1211386260
2114.05 4252.5 1211386382
2091.89 4271.49 1211386434
2055.55 4447.98 1211386499
2154.82 4255.85 1211386555
2115.82 4250.27 1211386615
2114.05 4252.5 1211386671
2129.12 3990.01 1211386725
2316.15 3769.96 1211386842
2456.2 3857.09 1211386907
2439.36 3842.57 1211386971
2458.86 3841.45 1211387033
2473.04 3845.92 1211387084
2471.27 3851.5 1211387144
2491.65 3643.75 1211387208
2445.56 3245.01 1211387269
2114.94 3215.97 1211387324
2018.32 2892.09 1211387384
1752.4 2712.28 1211387444
1453.69 2584.96 1211387505
1570.69 2576.03 1211387564
1586.65 2581.61 1211387631
1564.49 2582.73 1211387685
1566.26 2578.26 1211387730
1564.49 2582.73 1211387790
1551.19 2576.03 1211387851
1406.71 1931.67 1211387975
1445.71 1671.48 1211388036
1229.43 1462.66 1211388095
1088.49 1316.39 1211388155
703.797 935.629 1211388276
604.521 826.206 1211388336
639.09 315.958 1211388457
549.565 -148.485 1211388512
550.451 -149.601 1211388569
550.451 -149.601 1211388582
550.451 -148.485 1211388600
642.636 -137.321 1211388678
660.364 2.32831e-09 1211388704
616.931 130.624 1211388764
179.052 92.6649 1211388833
53.1837 246.737 1211388890
15.9551 702.27 1211388941
-25.7054 1046.17 1211389030
-103.708 1185.74 1211389072
173.733 1317.5 1211389142
266.805 1518.5 1211389191
127.641 1594.43 1211389252
117.89 1546.41 1211389299
149.801 1477.18 1211389353
778.254 1601.13 1211389442
1203.72 1671.48 1211389508
1085.83 3031.69 1211389627
1060.13 3245.01 1211389677
1060.13 3245.01 1211389691
1449.25 3424.83 1211389737
1998.82 3488.5 1211389797
2338.31 3558.86 1211389859
2736.3 3623.64 1211389933
2742.5 4034.69 1211389979
2983.6 4080.48 1211390048
2989.81 4137.45 1211390080
2989.81 4137.45 1211390094
2666.27 4235.75 1211390147
2618.41 4225.69 1211390174
2413.65 4358.62 1211390234
2413.65 4358.62 1211390249
2060.87 4662.46 1211390305
1659.33 5018.81 1211390360
1781.65 5157.34 1211390421
1469.64 5005.41 1211390486
916.532 4912.69 1211390537
812.824 4759.64 1211390575
655.045 4662.46 1211390619
238.44 4592.08 1211390659
127.641 4575.33 1211390670
111.686 4573.09 1211390678
-251.736 4762.99 1211390770
54.0701 4764.11 1211390834
481.312 4838.96 1211390898
808.392 4891.46 1211390959
1154.09 4948.43 1211391008
1333.14 4976.36 1211391074
1568.92 5018.81 1211391122
2098.1 5099.24 1211391172
2824.05 5053.44 1211391246
2943.72 4930.56 1211391292
2943.72 4930.56 1211391306
3249.52 3902.88 1211391429
3465.8 3774.43 1211391479
3476.44 3754.33 1211391520
3476.44 3754.33 1211391536
3466.69 4011.23 1211391607
3286.75 4308.35 1211391658
3143.15 4521.71 1211391718
3034.13 4613.31 1211391741
3034.13 4614.42 1211391748
2949.03 4646.82 1211391794
2980.06 4803.21 1211391865
3084.65 4316.17 1211391916
3084.65 4316.17 1211391932
3160 3858.2 1211391976
3531.4 3141.14 1211392047
3719.31 2828.43 1211392102
3538.49 2659.79 1211392162
3201.66 2301.3 1211392222
3019.95 2125.97 1211392284
2400.36 1500.63 1211392398
2067.96 1183.51 1211392465
2000.59 619.647 1211392520
2020.98 324.89 1211392581
2175.21 232.222 1211392632
2176.1 232.222 1211392678
2176.1 232.222 1211392680
2176.98 233.339 1211392701
2056.44 171.933 1211392741
1749.74 212.126 1211392797
1565.37 198.728 1211392851
1576.01 377.365 1211392877
1591.96 1049.52 1211392932
1532.58 1402.37 1211392987
1458.12 1753 1211393047
1436.85 1888.11 1211393112
1385.43 2165.06 1211393173
1305.66 2713.39 1211393230
1240.07 3038.39 1211393294
1190.43 3353.35 1211393359
1128.38 3713 1211393411
1222.34 3987.77 1211393476
2183.19 4136.33 1211393683
2220.42 4153.09 1211393743
2235.49 4248.03 1211393811
2368.45 4298.3 1211393830
2368.45 4298.3 1211393831
2375.54 4350.8 1211393891
2044.91 4673.63 1211393961
1729.36 4634.53 1211394013
1625.65 4391.01 1211394077
1682.38 4034.69 1211394132
1739.99 3659.39 1211394192
2093.66 3527.59 1211394252
2317.92 3625.88 1211394312
2318.81 3677.26 1211394372
2325.9 3690.66 1211394432
2331.22 3692.89 1211394483
2194.71 3656.03 1211394543
