2787.71 -13707.3 1212178064
4073.87 -9629.2 1212178191
3772.49 -6655.73 1212178283
3423.26 -5156.32 1212178339
2971.19 -3752.61 1212178383
2815.19 -1497.01 1212178489
2703.5 -1219.06 1212178554
2418.08 -1305.01 1212178576
2383.51 -1236.92 1212178636
2582.07 -1308.36 1212178703
2364.9 -1464.64 1212178757
2279.81 -1311.71 1212178822
2011.23 -1316.17 1212178882
1728.47 -1286.04 1212178947
1717.83 -1262.59 1212179003
1719.61 -1261.48 1212179119
1720.49 -1278.22 1212179180
1721.38 -1284.92 1212179240
1728.47 -1280.45 1212179311
1115.08 -1270.41 1212179431
649.727 -945.569 1212179546
