4322.06 -15900.5 1212287198
3677.65 -16208 1212287259
3941.8 -16242.6 1212287319
4039.3 -16186.9 1212287381
4027.78 -16153.4 1212287433
3596.99 -16194.7 1212287489
4356.63 -17152.9 1212287534
5487.67 -18077.5 1212287586
6663.03 -19032.1 1212287642
8100.76 -19320.6 1212287689
9518.1 -19654.8 1212287744
10479 -20765.1 1212287791
11458.4 -21904.3 1212287843
12406.9 -23024.3 1212287899
13762.2 -22424.2 1212287956
14275.4 -22242.8 1212288016
14539.5 -22472.1 1212288077
14138 -22855.1 1212288137
14049.4 -22987.6 1212288197
14438.5 -23829.2 1212288257
14876.4 -23823.7 1212288326
15065.2 -24199.9 1212288382
15036.8 -24246.7 1212288439
15083.8 -24203.2 1212288498
14894.1 -23849.3 1212288558
14242.6 -23228.1 1212288678
14043.1 -22957.5 1212288738
13456.4 -23676.7 1212288798
13369.5 -23822.5 1212288838
12969.7 -23815.9 1212288898
12055.9 -22613.5 1212288950
11104.7 -21460 1212289003
10121.7 -20323 1212289058
9425.03 -19524.5 1212289095
7946.53 -19293.9 1212289145
6532.73 -18906.3 1212289196
5391.05 -17957.2 1212289247
4267.1 -17018.1 1212289301
3751.22 -16248.2 1212289371
4255.58 -16081 1212289442
