9677.65 6854.45 1212076556
11142.9 7188.55 1212076611
12490.2 8364.16 1212076703
12963.5 8860.38 1212076841
12980.4 8906.21 1212076884
12784.5 9020.21 1212076948
12777.4 8995.62 1212076977
12777.4 8995.62 1212076989
12820.8 8883.85 1212077112
13014.9 8443.51 1212077169
12999 8827.97 1212077238
12343 8572.03 1212077360
12009.8 7413.16 1212077412
10802.5 7235.48 1212077461
9270.8 6813.11 1212077584
8529.77 6666.73 1212077657
7998.82 6517.01 1212077708
6995.42 6113.67 1212077768
6083.33 5358.42 1212077823
5573.65 4766.35 1212077883
4851.24 3912.93 1212077943
4054.37 2974.73 1212078007
3137.84 2123.74 1212078064
2945.49 2171.76 1212078140
2925.99 2192.98 1212078141
2612.2 2540.29 1212078201
2751.37 2674.31 1212078272
2940.17 2880.92 1212078322
2916.24 2989.25 1212078382
2898.51 2992.6 1212078443
2828.48 3253.95 1212078515
2826.71 3270.7 1212078526
2815.19 3381.27 1212078580
2544.84 3497.43 1212078640
2670.71 3375.69 1212078700
2551.93 3278.52 1212078762
2419.86 3179.12 1212078821
2616.64 2941.23 1212078901
2785.05 2750.25 1212078948
2955.24 2898.79 1212079002
2946.38 2952.39 1212079068
2894.96 2999.3 1212079133
2690.21 3113.22 1212079183
2208.01 3012.7 1212079243
2185.85 3026.11 1212079313
2182.3 3046.21 1212079365
2180.53 3043.98 1212079424
2186.74 3023.87 1212079484
2194.71 3006 1212079544
2174.33 3043.98 1212079609
2171.67 3046.21 1212079666
2178.76 3020.52 1212079729
2184.96 3007.12 1212079791
2176.98 3017.17 1212079846
2177.87 3023.87 1212079907
2182.3 3006 1212079957
2183.19 3012.7 1212080017
2184.08 3009.35 1212080083
2180.53 3014.94 1212080138
2180.53 3008.24 1212080173
2000.59 2995.95 1212080229
1332.25 2876.45 1212080289
1180.68 2867.52 1212080340
769.39 2798.27 1212080419
-178.165 2641.92 1212080465
-445.856 2573.79 1212080520
-887.281 2513.49 1212080581
-1012.26 2487.8 1212080651
-1023.79 2167.29 1212080701
-937.805 1604.48 1212080762
-905.009 1438.1 1212080831
-883.735 1155.6 1212080883
-888.167 1162.29 1212080908
-888.167 1162.29 1212080909
-920.077 1126.56 1212080979
-1252.48 1068.5 1212081086
-894.372 1418 1212081203
-998.08 2032.17 1212081263
-912.1 2476.63 1212081383
-402.423 2568.21 1212081448
-84.2075 2640.8 1212081509
373.172 2721.21 1212081575
815.483 2785.99 1212081626
1125.72 2731.26 1212081685
1267.54 2722.33 1212081747
1237.41 3105.4 1212081810
1205.5 3332.13 1212081865
1287.93 3387.97 1212081927
1312.75 3430.42 1212081985
1312.75 3431.53 1212081986
1343.77 3299.74 1212082046
1285.27 3290.8 1212082106
1016.69 3387.97 1212082167
961.738 3853.74 1212082227
849.166 4529.53 1212082292
840.302 4568.62 1212082347
299.601 4496.01 1212082409
-163.097 4416.7 1212082489
-683.41 4338.51 1212082534
-733.935 4336.28 1212082594
-733.048 4335.16 1212082624
-735.707 4335.16 1212082644
-740.139 4334.04 1212082650
-659.477 4450.22 1212082721
-621.363 4351.92 1212082827
-362.535 4374.26 1212082897
-80.6619 4418.94 1212082948
413.06 4500.48 1212083008
1001.63 4537.35 1212083074
1012.26 4403.3 1212083128
1104.45 3843.68 1212083188
1150.54 3570.03 1212083248
1167.38 3508.6 1212083310
1201.06 3316.49 1212083368
1221.45 3194.75 1212083430
1350.87 3173.53 1212083489
1657.56 3226.03 1212083550
1765.7 3037.28 1212083610
2119.37 3107.64 1212083670
2396.81 3092 1212083731
2389.72 3155.66 1212083793
2399.47 3165.71 1212083852
2420.74 3229.38 1212083932
2521.79 3367.87 1212083993
2830.26 3422.6 1212084059
3089.97 3478.44 1212084123
3050.08 3650.45 1212084173
3070.47 3805.71 1212084222
3046.54 3952.03 1212084285
2970.31 4251.38 1212084346
2856.85 4995.35 1212084468
2707.94 5178.56 1212084527
2706.16 5178.56 1212084558
2706.16 5178.56 1212084565
2550.16 5270.17 1212084620
2359.58 5360.66 1212084685
2023.64 5301.45 1212084814
2212.44 5345.02 1212084860
2463.29 5291.39 1212084927
2100.75 5213.19 1212084983
1998.82 5406.46 1212085162
1537.89 5330.49 1212085293
1497.12 5308.15 1212085462
1499.78 5332.73 1212085524
1500.67 5337.2 1212085582
1500.67 5334.96 1212085643
1500.67 5334.96 1212085703
1499.78 5331.61 1212085763
1498.01 5320.44 1212085960
1500.67 5331.61 1212086015
1499.78 5332.73 1212086135
1498.89 5318.21 1212086255
1497.12 5318.21 1212086270
1619.44 5242.24 1212086317
2005.02 5300.33 1212086384
2419.86 5320.44 1212086443
2677.8 5169.62 1212086497
2975.63 4911.57 1212086562
3339.05 4388.78 1212086621
3694.49 3859.32 1212086679
4224.56 3110.99 1212086779
4210.37 2790.45 1212086821
4189.1 2458.77 1212086895
4096.03 2234.3 1212086947
3804.4 1938.37 1212087013
3414.39 944.561 1212087078
3425.03 -1940.14 1212087179
3179.5 -4519.21 1212087271
3631.56 -5956.27 1212087333
3899.25 -7464.45 1212087375
4177.58 -8996.9 1212087435
2605.11 -13079.8 1212087606
3911.66 -16248.2 1212087789
3220.27 -15555.1 1212088045
3153.79 -15305.5 1212088050
2878.12 -13840 1212088107
3987.89 -9814.31 1212088287
4068.55 -8279.79 1212088330
3518.99 -5316.99 1212088437
3010.2 -3849.69 1212088488
3099.72 -2372.09 1212088543
3897.48 -1114.13 1212088598
3813.27 384.064 1212088641
3112.13 1597.78 1212088702
2955.24 1768.63 1212088773
2672.48 2054.5 1212088826
2293.99 2430.85 1212088908
2192.94 2664.26 1212088979
2192.05 2663.14 1212088991
2325.9 2584.96 1212089041
2079.48 2554.81 1212089106
2220.42 2462.12 1212089161
2489 2203.03 1212089222
2759.35 1949.53 1212089286
2622.84 1721.73 1212089346
2424.29 1526.31 1212089408
2586.5 1432.52 1212089477
2724.78 1548.65 1212089525
2724.78 1545.3 1212089541
2899.4 1738.48 1212089601
2928.65 1790.96 1212089661
2680.46 2035.52 1212089727
2408.33 2313.59 1212089782
2182.3 2720.1 1212089844
2256.76 3102.05 1212089903
2417.2 3166.83 1212089964
2257.65 3201.45 1212090025
2187.62 2979.2 1212090086
2186.74 2976.97 1212090147
2188.51 2969.15 1212090207
2189.39 2965.8 1212090267
2192.05 2960.21 1212090329
2186.74 2982.55 1212090388
2189.39 2964.68 1212090450
2184.08 2989.25 1212090509
2189.39 2974.73 1212090577
2185.85 2970.26 1212090630
2098.98 2963.56 1212090691
1728.47 2909.96 1212090760
1432.41 2850.76 1212090812
1266.66 2894.32 1212090873
1216.13 3207.04 1212090933
1251.59 3389.09 1212090994
1448.37 3413.66 1212091038
1646.92 3350 1212091107
1703.65 3041.74 1212091158
2020.09 3074.13 1212091220
2284.24 3078.6 1212091278
2308.17 2903.25 1212091338
2312.6 2770.35 1212091367
2312.6 2770.35 1212091385
2168.12 2826.19 1212091434
2151.28 2964.68 1212091489
1986.41 2950.16 1212091551
1729.36 2938.99 1212091609
1390.75 2968.03 1212091670
1408.48 2979.2 1212091707
1675.29 3020.52 1212091768
1724.04 2839.59 1212091828
2130.89 2892.09 1212091889
2141.53 2869.75 1212091907
1884.47 2943.46 1212091965
1421.78 2874.22 1212092026
1379.23 3068.55 1212092085
1354.41 3096.47 1212092145
1352.64 3102.05 1212092205
1355.3 3077.48 1212092266
1353.52 3079.72 1212092326
1355.3 3078.6 1212092399
1355.3 3077.48 1212092446
1346.43 3076.37 1212092507
1351.75 3079.72 1212092554
1196.63 3056.26 1212092614
486.631 2940.11 1212092741
235.781 2729.03 1212092799
-229.576 2630.75 1212092855
-882.849 2512.37 1212092915
-1009.6 2486.69 1212092975
-1060.13 2445.36 1212093009
-1061.01 2445.36 1212093021
-1052.15 2342.62 1212093071
-498.154 2466.58 1212093131
-320.875 2533.59 1212093191
109.027 2674.31 1212093251
830.552 2783.75 1212093311
1095.58 2739.08 1212093377
1254.25 2744.67 1212093432
1266.66 2925.59 1212093497
1395.18 2987.02 1212093553
1185.11 3052.91 1212093614
1188.65 3055.14 1212093674
1188.65 3062.96 1212093736
1194.86 3055.14 1212093795
1193.97 3066.31 1212093868
1195.75 3064.08 1212093923
1190.43 3054.03 1212093977
1194.86 3061.85 1212094036
1195.75 3061.85 1212094097
1196.63 3057.38 1212094157
1197.52 3048.44 1212094218
1198.41 3070.78 1212094288
1187.77 3054.03 1212094340
1178.9 3036.16 1212094399
1190.43 3054.03 1212094460
1185.11 3043.98 1212094519
1080.51 3078.6 1212094586
1081.4 3157.9 1212094604
1161.18 3366.75 1212094665
1330.48 3381.27 1212094727
1339.34 3290.8 1212094793
1518.39 3220.44 1212094847
1667.31 3132.21 1212094912
2102.53 3134.44 1212094972
2118.48 3151.2 1212094986
1972.23 3100.94 1212095047
1949.18 2944.58 1212095108
1616.78 2907.72 1212095174
1398.73 2963.56 1212095237
1530.8 2997.07 1212095288
1850.79 3030.57 1212095350
1989.96 2927.82 1212095409
2032.5 2899.9 1212095471
2166.35 2501.2 1212095534
2346.29 2386.18 1212095600
2577.64 2148.31 1212095652
2789.48 1922.73 1212095713
2912.69 1795.43 1212095776
3062.49 1645.8 1212095834
3739.7 549.306 1212095899
3747.68 -1070.59 1212096021
3585.47 -964.546 1212096135
3582.81 -983.523 1212096197
3585.47 -974.593 1212096330
3581.92 -991.337 1212096386
