3603.19 -972.36 1211890577
3603.19 -989.105 1211890637
3604.08 -980.174 1211890697
3604.08 -985.756 1211890725
3576.6 -1060.55 1211890781
3579.26 -1131.99 1211890842
3379.82 -1164.36 1211890902
2521.79 -1281.57 1211890967
1996.16 -1321.76 1211891023
1365.05 -1335.15 1211891084
969.716 -1309.48 1211891144
933.373 -877.473 1211891205
903.236 -413.072 1211891265
859.803 77.0346 1211891326
422.81 112.761 1211891386
98.3898 98.2472 1211891448
99.2762 92.6649 1211891507
97.5034 91.5484 1211891568
96.617 90.432 1211891628
100.163 79.2675 1211891689
102.822 75.9182 1211891749
93.9578 78.151 1211891810
96.617 84.8497 1211891876
110.799 66.9866 1211891936
108.14 75.9182 1211891996
97.5034 81.5004 1211892057
46.0925 241.154 1211892112
9.75034 760.33 1211892173
-7.97755 1005.97 1211892233
-119.663 1231.52 1211892294
-147.141 1435.87 1211892356
-214.507 1853.5 1211892415
-306.692 2431.96 1211892475
-381.15 2890.97 1211892535
156.892 2995.95 1211892595
140.05 3365.64 1211892659
71.7979 3777.78 1211892727
13.2959 4163.14 1211892780
133.846 4345.21 1211892841
132.959 4318.41 1211892863
131.186 4312.82 1211892935
366.967 4074.9 1211893004
533.609 3706.3 1211893055
608.953 3232.73 1211893115
885.508 3104.29 1211893176
1021.13 2514.61 1211893237
1130.15 1821.11 1211893301
1013.15 1663.66 1211893356
1072.54 1332.02 1211893416
1603.49 1061.8 1211893485
2707.94 492.364 1211893552
2878.12 -995.802 1211893594
2445.56 -2443.52 1211893648
2971.19 -3841.88 1211893693
3470.23 -5256.74 1211893740
3763.63 -6713.74 1211893788
4032.21 -8211.75 1211893828
4003.84 -9750.75 1211893877
2646.77 -13401.9 1211894016
3106.81 -15438.1 1211894083
4545.43 -16083.3 1211894208
4386.77 -15853.7 1211894265
4381.45 -15850.4 1211894278
4382.33 -15861.5 1211894367
4380.56 -15862.6 1211894414
4227.22 -15975.2 1211894471
3191.02 -15542.8 1211894547
3143.15 -15366.8 1211894549
4011.82 -9764.13 1211894762
4062.35 -8256.37 1211894821
3798.2 -6781.79 1211894879
3519.87 -5314.75 1211894931
3011.97 -3895.44 1211894972
2823.17 -1459.05 1211895086
2758.46 -1243.62 1211895146
2018.32 -1320.64 1211895225
1786.08 -1325.1 1211895227
1560.05 -1302.78 1211895287
1542.33 -1076.18 1211895352
1505.98 -569.364 1211895407
1477.62 -195.374 1211895472
1456.35 174.166 1211895539
1252.48 353.919 1211895604
468.903 117.227 1211895703
64.7068 99.3636 1211895763
27.4782 548.19 1211895826
9.75034 777.078 1211895883
-2.65918 978.058 1211895943
-113.458 1229.29 1211896009
-162.21 1539.71 1211896131
-217.167 1878.06 1211896158
-277.441 2277.85 1211896219
-346.58 2685.47 1211896279
-293.397 2921.12 1211896339
-7.97755 2972.5 1211896399
175.506 3164.6 1211896461
165.756 3192.52 1211896475
974.147 3345.53 1211896534
940.465 3840.33 1211896599
1014.92 4286.01 1211896666
1274.64 4332.93 1211896715
1287.04 4330.69 1211896761
1313.64 4340.75 1211896762
1190.43 4309.47 1211896824
1045.95 4605.49 1211896893
608.953 4545.17 1211896947
171.961 4580.91 1211897007
167.529 4579.79 1211897035
167.529 4579.79 1211897093
165.756 4580.91 1211897140
201.212 4481.49 1211897195
46.0925 4458.04 1211897223
-156.892 4426.76 1211897289
-398.877 4489.31 1211897344
-645.295 4540.7 1211897409
-538.928 4774.17 1211897464
-652.386 4536.23 1211897529
-360.763 4492.66 1211897585
-166.642 4522.82 1211897645
-164.869 4527.29 1211897668
-374.058 4498.25 1211897758
-783.573 4445.75 1211897809
-787.118 4452.45 1211897914
-780.914 4446.86 1211897967
-780.914 4446.86 1211897974
-772.05 4359.74 1211898040
152.46 4453.57 1211898175
781.8 4556.34 1211898223
1047.72 4183.25 1211898274
1345.55 4007.88 1211898334
2183.19 4138.57 1211898394
2440.24 4196.65 1211898465
2512.93 4210.05 1211898515
2721.23 4044.74 1211898575
2885.21 3921.87 1211898635
2988.04 3855.97 1211898659
3019.06 3859.32 1211898696
3401.98 3685.08 1211898713
3384.25 3742.04 1211898736
3392.23 3631.46 1211898798
3163.54 3695.13 1211898853
2400.36 3558.86 1211898975
2205.35 3577.85 1211899035
1609.69 3428.18 1211899095
1207.27 3385.74 1211899157
1052.15 3347.77 1211899216
653.273 3285.22 1211899278
171.961 3242.78 1211899345
-404.196 3121.04 1211899397
-378.49 2846.3 1211899471
-293.397 2308 1211899533
-241.986 1995.32 1211899596
-213.621 1777.56 1211899640
-179.938 1563.16 1211899703
-140.05 1295.17 1211899763
-144.482 1295.17 1211899850
-202.098 1241.57 1211899890
-302.261 1230.41 1211899898
-705.57 1157.83 1211899952
-1414.69 1040.59 1211900088
-1147.88 1078.55 1211900147
-874.871 1270.61 1211900271
-950.215 1717.26 1211900380
-944.896 1940.6 1211900448
-585.02 2017.65 1211900495
-309.352 2056.74 1211900556
-229.576 1880.3 1211900616
-179.938 1585.5 1211900680
-162.21 1463.78 1211900736
-209.189 1333.14 1211900824
-7.97755 1366.63 1211900881
292.51 1472.71 1211900933
287.192 1501.75 1211900994
275.669 1595.55 1211901119
282.76 1545.3 1211901184
354.558 1116.51 1211901239
507.018 831.789 1211901308
772.05 849.654 1211901436
1057.47 886.5 1211901490
1239.18 890.966 1211901540
1547.64 918.88 1211901601
1780.77 985.874 1211901660
1783.43 1021.6 1211901721
1783.43 1021.6 1211901736
1966.02 1014.91 1211901787
1972.23 593.967 1211901848
1392.53 352.802 1211901978
1417.34 593.967 1211902046
1393.41 1074.08 1211902104
1437.73 1268.37 1211902159
1498.01 1374.45 1211902219
1512.19 1483.88 1211902271
1493.57 1662.55 1211902343
1422.66 1880.3 1211902406
1400.5 2064.55 1211902466
1356.18 2318.05 1211902525
1328.71 2519.07 1211902573
1261.34 2898.79 1211902633
1584.87 3008.24 1211902693
2224.85 3114.34 1211902768
2472.15 3145.61 1211902814
2704.39 3280.75 1211902874
2685.78 3313.14 1211902886
2379.97 3252.83 1211902935
2268.28 3116.57 1211903009
2270.06 3070.78 1211903018
2262.97 2788.22 1211903083
1961.59 2702.23 1211903141
1889.79 2796.04 1211903164
1851.68 2876.45 1211903262
1849.91 2876.45 1211903284
1843.7 2895.44 1211903316
1722.26 2820.61 1211903376
1760.38 2608.42 1211903437
1827.75 2152.78 1211903498
1728.47 1969.63 1211903563
1612.35 1859.08 1211903619
1379.23 1603.36 1211903682
784.459 1008.21 1211903799
801.301 731.3 1211903859
871.326 -207.655 1211903986
901.463 -602.854 1211904050
608.067 -951.15 1211904099
359.876 -966.778 1211904157
140.05 -947.801 1211904277
139.164 -934.405 1211904279
131.186 -822.774 1211904309
97.5034 -379.58 1211904360
62.0476 40.1919 1211904425
52.2973 237.805 1211904481
35.4558 406.394 1211904546
-46.0925 1076.32 1211904737
-117.004 1221.47 1211904781
-153.346 1486.11 1211904847
-185.256 1649.15 1211904910
-254.395 2055.62 1211904960
-259.714 2131.56 1211904971
-270.35 2180.69 1211904994
-450.288 2337.04 1211905080
-659.477 2124.86 1211905141
-999.853 2006.49 1211905203
-969.716 1885.88 1211905219
-970.602 1880.3 1211905280
-967.056 1881.41 1211905366
-277.441 2073.49 1211905481
156.005 2144.96 1211905544
816.369 2246.58 1211905606
1191.31 2304.65 1211905676
1766.58 2400.69 1211905777
1830.4 2102.52 1211905837
1829.52 2104.76 1211905905
1940.32 2153.89 1211905952
1943.86 2156.13 1211905954
2063.53 2295.72 1211906005
2439.36 2646.39 1211906065
2709.71 2897.67 1211906126
2895.85 3170.18 1211906190
3172.41 2828.43 1211906260
3128.97 2792.69 1211906306
3132.52 2794.92 1211906372
3136.95 2794.92 1211906430
3132.52 2800.51 1211906488
3131.63 2800.51 1211906548
3137.84 2790.45 1211906609
3134.29 2788.22 1211906678
3133.4 2791.57 1211906729
3132.52 2796.04 1211906765
3138.72 2790.45 1211906820
3138.72 2791.57 1211906885
3143.15 2791.57 1211906954
3141.38 2794.92 1211907034
3135.18 2800.51 1211907097
3140.5 2803.86 1211907150
3151.13 2790.45 1211907208
3162.66 2779.29 1211907268
3160 2782.64 1211907339
3167.09 2775.94 1211907393
3106.81 2778.17 1211907450
2957.01 2606.18 1211907508
3050.08 2457.65 1211907568
3300.93 2197.45 1211907628
3456.94 2035.52 1211907711
3597.88 1892.58 1211907748
