-1320.73 1046.17 1211267046
-881.962 1119.86 1211267055
-552.224 1173.46 1211267056
-228.69 879.801 1211267078
163.983 807.225 1211267139
225.144 504.646 1211267210
275.669 478.966 1211267259
421.037 496.83 1211267323
276.555 486.782 1211267394
279.214 491.248 1211267456
436.992 652.026 1211267501
577.043 788.243 1211267546
757.867 963.543 1211267606
1022.9 1235.99 1211267662
1361.5 1568.75 1211267721
1625.65 1840.1 1211267781
1783.43 1999.79 1211267842
1820.65 2010.95 1211267902
1851.68 2055.62 1211267967
2105.19 1816.65 1211268022
2245.24 1686 1211268047
2245.24 1684.88 1211268069
2555.48 1931.67 1211268119
3037.67 2406.28 1211268173
3186.59 2321.4 1211268228
3375.39 2123.74 1211268290
3518.1 1646.91 1211268356
3339.05 1256.09 1211268379
3628.01 514.694 1211268462
3613.83 685.522 1211268522
3247.75 696.687 1211268580
3254.84 926.696 1211268630
3154.68 786.01 1211268693
3175.06 691.104 1211268754
3155.56 684.405 1211268756
2517.36 631.928 1211268816
2050.23 597.316 1211268876
1630.97 566.054 1211268950
1630.97 564.937 1211268960
1348.21 541.49 1211269025
868.667 506.879 1211269080
615.158 601.782 1211269145
534.496 1136.61 1211269206
188.802 1184.63 1211269265
0 1453.73 1211269325
-18.6143 1556.46 1211269395
-62.0476 1875.83 1211269442
-61.1612 1874.71 1211269468
-63.8204 1876.95 1211269480
-63.8204 1879.18 1211269543
-208.303 1767.51 1211269600
-150.687 1418 1211269659
-123.209 1260.56 1211269716
163.983 1290.7 1211269767
391.786 1321.97 1211269828
390.014 1337.6 1211269887
387.354 1327.55 1211269948
388.241 1323.09 1211270015
386.468 1339.84 1211270068
387.354 1339.84 1211270128
448.516 1345.42 1211270194
523.859 1127.68 1211270253
523.859 1127.68 1211270308
524.746 1132.15 1211270368
570.838 1134.38 1211270433
591.225 869.752 1211270489
634.658 491.248 1211270549
1085.83 521.393 1211270613
1246.27 187.564 1211270669
1317.18 -732.351 1211270738
1348.21 -1243.62 1211270795
1504.21 -1346.31 1211270818
2098.1 -1194.5 1211270914
1938.54 -1192.27 1211270974
1936.77 -1192.27 1211271033
1948.29 -1202.32 1211271094
1888.91 -518.011 1211271151
1862.31 -130.622 1211271205
1821.54 372.899 1211271266
1783.43 1028.3 1211271326
2013 1401.25 1211271386
2383.51 1777.56 1211271446
2290.44 2038.87 1211271506
1927.02 2498.97 1211271566
1815.34 3117.69 1211271631
1757.72 3558.86 1211271692
1756.83 3558.86 1211271705
1756.83 3558.86 1211271720
1671.74 3556.63 1211271775
1636.28 3360.05 1211271835
1362.39 3295.27 1211271896
1309.2 2859.7 1211271956
1211.7 2966.91 1211272016
1295.02 2609.53 1211272076
1353.52 2312.47 1211272136
1424.44 1835.63 1211272201
1733.79 1704.98 1211272256
2288.67 1157.83 1211272317
2615.75 -88.1981 1211272377
2742.5 -1197.85 1211272426
2701.73 -1884.33 1211272486
2535.97 -2277.22 1211272552
2535.97 -2315.17 1211272608
2528 -2311.82 1211272668
2528.88 -2331.91 1211272728
2692.87 -1940.14 1211272788
2846.21 -1464.64 1211272848
2989.81 -1231.34 1211272918
3738.81 -1142.04 1211272972
3602.31 -979.058 1211273028
3597.88 -986.872 1211273093
3603.19 -987.988 1211273148
3598.76 -987.988 1211273208
3588.12 -985.756 1211273273
3579.26 -994.686 1211273290
3148.47 -1181.11 1211273338
2775.3 -255.66 1211273398
2499.63 1043.94 1211273458
2405.67 1215.89 1211273518
1874.72 1784.26 1211273579
1641.6 2385.06 1211273639
1584.87 2746.9 1211273664
1505.1 3268.47 1211273724
1427.1 3744.27 1211273791
1242.73 3959.85 1211273844
1223.22 4046.97 1211273869
1179.79 4331.81 1211273929
1141.68 4573.09 1211273990
1086.72 4927.21 1211274050
1146.99 5165.16 1211274110
1669.08 5247.82 1211274170
2061.75 5381.88 1211274234
2033.39 5406.46 1211274291
1807.36 5379.65 1211274341
1327.82 5262.35 1211274406
1517.51 5131.64 1211274461
1512.19 5134.99 1211274500
1008.72 5033.33 1211274547
961.738 4722.78 1211274620
1061.9 4108.41 1211274668
1178.9 3501.9 1211274728
581.475 3281.87 1211274788
155.119 3213.74 1211274848
-421.924 3074.13 1211274909
-397.105 2989.25 1211274974
-341.262 2607.3 1211275029
-281.873 2190.74 1211275077
-175.506 1573.21 1211275139
-132.073 1326.44 1211275197
-705.57 1137.73 1211275263
-705.57 1147.78 1211275322
-705.57 1148.9 1211275378
-708.229 1157.83 1211275439
-706.456 1154.48 1211275499
-702.911 1152.25 1211275570
-704.684 1151.13 1211275619
-705.57 1152.25 1211275679
-708.229 1142.2 1211275739
-705.57 1145.55 1211275799
-703.797 1150.01 1211275859
-948.442 1003.74 1211275919
-1137.24 972.475 1211275939
-1136.36 971.359 1211275940
-1158.52 1077.43 1211276001
-1157.63 1070.73 1211276064
-1093.81 1084.13 1211276123
-875.758 1250.51 1211276188
-889.054 1407.95 1211276225
-1000.74 2033.29 1211276285
-1005.17 2465.47 1211276345
-351.899 2568.21 1211276405
217.167 2685.47 1211276466
358.103 2812.79 1211276532
599.203 2849.65 1211276586
599.203 2848.53 1211276647
598.316 2848.53 1211276707
598.316 2848.53 1211276767
597.43 2848.53 1211276827
650.614 2861.93 1211276838
858.916 2897.67 1211276898
945.783 2906.6 1211276958
1248.04 2920.01 1211277006
1249.82 2906.6 1211277007
1322.5 2461 1211277067
1399.62 2038.87 1211277127
1732.01 2072.37 1211277187
1647.81 1865.78 1211277247
1068.11 1299.64 1211277308
770.277 1005.97 1211277369
273.896 513.578 1211277428
-4.43197 80.3839 1211277488
-326.193 133.974 1211277549
24.819 259.018 1211277609
59.3884 280.231 1211277627
756.094 963.543 1211277692
1059.24 1272.84 1211277752
1287.04 1774.21 1211277808
1176.25 2484.45 1211277867
1365.05 2983.67 1211277928
1669.97 3026.11 1211277988
1824.2 3140.03 1211278048
1702.76 3071.9 1211278108
1746.2 3121.04 1211278158
1745.31 3123.27 1211278159
1763.92 3151.2 1211278177
1747.08 3119.92 1211278238
1744.42 3129.97 1211278297
1376.57 3105.4 1211278357
1938.54 3281.87 1211278417
2608.66 3394.68 1211278477
2921.56 3427.07 1211278539
3066.04 3675.02 1211278599
3256.61 3739.81 1211278660
3496.83 3485.15 1211278720
3703.36 3659.39 1211278747
3324.87 3602.42 1211278829
3250.41 3609.12 1211278881
2741.62 3476.21 1211278942
1810.9 3365.64 1211279002
1224.11 3269.58 1211279063
803.96 3199.22 1211279123
292.51 3116.57 1211279184
-469.789 2995.95 1211279245
-1045.95 2698.88 1211279305
-1814.45 2378.36 1211279366
-2854.19 2322.52 1211279426
-3344.37 2290.14 1211279487
-3772.49 2245.47 1211279547
-3771.61 2239.88 1211279608
-4142.12 2244.35 1211279668
-4524.16 2222.01 1211279729
-4956.72 2198.56 1211279765
-5401.69 2320.29 1211279824
-5399.03 2333.69 1211279880
-5399.91 2343.74 1211279881
-5055.99 2400.69 1211279942
-4740.44 2388.41 1211280002
-4637.62 2205.26 1211280059
-4555.18 2185.16 1211280105
-4539.23 2169.53 1211280117
-4498.45 1499.51 1211280177
-3748.56 1414.65 1211280237
-3223.82 1447.03 1211280297
-2806.32 1469.36 1211280357
-2084.8 1566.51 1211280417
-1647.81 1392.32 1211280479
-1514.85 1011.56 1211280529
-1451.03 1021.6 1211280530
-1297.68 787.127 1211280590
-1239.18 416.442 1211280650
-1044.17 161.885 1211280710
-529.177 211.01 1211280770
-241.099 190.913 1211280830
-108.14 73.6853 1211280900
73.5707 91.5484 1211280950
63.8204 112.761 1211280955
42.5469 347.22 1211281016
-6.20476 913.297 1211281077
-194.12 1711.68 1211281136
-337.716 2610.65 1211281196
-327.08 2810.56 1211281222
-55.8428 2751.37 1211281275
203.871 2791.57 1211281301
481.312 3085.3 1211281361
419.265 3429.3 1211281422
413.946 3458.34 1211281482
415.719 3555.51 1211281510
932.487 3645.98 1211281570
1525.48 3736.45 1211281632
2101.64 3829.16 1211281693
2303.74 3776.67 1211281752
2303.74 3777.78 1211281753
2449.99 3883.89 1211281813
2547.5 4206.7 1211281873
2977.4 4290.48 1211281933
2886.1 4827.79 1211281981
3184.82 4627.83 1211282046
3132.52 4309.47 1211282113
2737.19 4241.33 1211282161
2389.72 4373.14 1211282221
2281.58 4593.2 1211282282
2334.76 4564.16 1211282302
2336.54 4592.08 1211282362
2304.63 4922.74 1211282422
2302.85 4927.21 1211282482
2278.92 4907.1 1211282542
2291.33 4817.73 1211282555
2292.22 4447.98 1211282616
2440.24 4325.11 1211282677
2736.3 4059.26 1211282737
2981.83 3764.38 1211282797
3305.36 3707.41 1211282827
3475.55 3504.13 1211282889
3129.86 3064.08 1211282949
2803.67 2727.91 1211283010
2267.4 2205.26 1211283074
2190.28 2137.14 1211283135
1907.52 2325.87 1211283190
1671.74 2277.85 1211283250
1444.82 1684.88 1211283311
1393.41 953.494 1211283373
1360.62 922.23 1211283435
1360.62 919.997 1211283499
1358.84 923.346 1211283557
1407.59 669.89 1211283611
1460.78 2.32831e-09 1211283671
1474.07 -158.533 1211283695
1507.76 -687.697 1211283752
1325.16 -854.031 1211283801
1134.58 -965.662 1211283862
1161.18 -1272.64 1211283922
1524.6 -1344.08 1211283983
1740.88 -1336.27 1211284043
2394.15 -1319.52 1211284104
3142.27 -1190.04 1211284164
3748.56 -1008.08 1211284226
3580.15 -966.778 1211284296
3572.17 -967.895 1211284346
3570.4 -984.639 1211284433
