4302.56 -16267.1 1212606746
4398.29 -15981.9 1212606975
4143.89 -16096.6 1212607040
3196.34 -15538.4 1212607105
2878.12 -13977 1212607152
2583.84 -12441.1 1212607195
2966.76 -10984 1212607250
3964.84 -9847.76 1212607288
4074.76 -8342.24 1212607340
3807.95 -6854.3 1212607392
3535.83 -5368.31 1212607443
3032.36 -3919.99 1212607489
3160.88 -2324.09 1212607549
3919.64 -1038.22 1212607599
3791.11 482.316 1212607648
3384.25 1473.83 1212607711
3541.15 1629.05 1212607770
3547.35 1674.83 1212607830
3621.81 1759.7 1212607891
3605.85 1872.48 1212607951
3675.88 1970.75 1212608012
3768.95 2036.64 1212608072
3677.65 2199.68 1212608133
3180.38 2708.93 1212608193
3003.1 2896.55 1212608254
2896.74 3042.86 1212608315
2676.91 3287.45 1212608376
2544.84 3256.18 1212608433
2544.84 3256.18 1212608440
2544.84 3256.18 1212608443
2541.29 3251.71 1212608503
2556.36 3129.97 1212608564
2176.98 2985.9 1212608630
2216.87 2990.37 1212608685
2345.4 3159.01 1212608745
2405.67 3133.33 1212608805
2325.9 3195.87 1212608877
2192.94 2989.25 1212608937
2194.71 3013.82 1212608997
2191.17 3019.41 1212609061
2195.6 3067.43 1212609117
2141.53 2983.67 1212609203
1872.07 2945.69 1212609228
1818.88 3265.12 1212609288
1880.93 3294.16 1212609349
1898.66 3279.64 1212609410
1894.22 3276.29 1212609471
1897.77 3266.23 1212609491
1899.54 3260.65 1212609524
1985.52 3277.4 1212609584
2533.32 3346.65 1212609644
2535.09 3345.53 1212609655
2496.09 3475.09 1212609715
2216.87 3432.65 1212609775
1611.47 3334.36 1212609835
1049.49 3245.01 1212609896
920.964 3144.49 1212609956
644.409 2775.94 1212610017
-415.719 2583.85 1212610078
-226.917 2718.98 1212610310
93.9578 2711.16 1212610370
643.522 2755.83 1212610430
996.307 2682.12 1212610490
1061.9 2302.42 1212610550
1135.47 1776.45 1212610620
1065.45 1367.75 1212610670
1778.99 1048.4 1212610730
2706.16 513.578 1212610790
2887.87 -742.398 1212610850
2783.28 -1643.23 1212610910
2969.42 -2103.1 1212610971
3357.66 -2381.02 1212611037
3726.4 -2561.83 1212611091
4021.57 -2658.92 1212611151
4026 -2645.53 1212611211
4166.05 -2628.79 1212611272
4165.17 -2631.02 1212611332
4164.28 -2632.14 1212611375
4159.85 -2628.79 1212611377
4072.98 -2558.48 1212611460
4089.82 -2487.05 1212611496
4383.22 -2373.2 1212611542
4717.39 -2936.82 1212611603
5005.47 -3261.58 1212611664
5222.64 -3347.51 1212611724
5225.3 -3354.21 1212611768
4764.37 -3292.83 1212611829
4362.83 -3305.11 1212611894
3955.09 -3012.71 1212611960
3963.07 -2942.4 1212612009
3823.02 -2706.92 1212612069
3370.07 -2383.25 1212612130
2966.76 -2096.4 1212612191
2793.03 -1703.51 1212612251
2836.46 -1470.22 1212612311
2622.84 -950.034 1212612371
2646.77 -653.09 1212612431
2705.28 -463.309 1212612492
2663.62 -308.131 1212612551
2635.25 -285.803 1212612611
2629.93 -286.92 1212612637
2621.07 -286.92 1212612649
2543.07 -33.4931 1212612699
2683.12 495.714 1212612804
3013.74 518.044 1212612853
3024.38 468.917 1212612905
3272.57 399.695 1212612971
3628.01 474.5 1212613027
3806.18 159.652 1212613087
3756.54 -1367.52 1212613152
2902.94 -2594.19 1212613192
3069.58 -4124.2 1212613247
3562.42 -5541.24 1212613296
3825.68 -7028.31 1212613345
4088.94 -8496.15 1212613388
3877.98 -9972.65 1212613442
2867.49 -11060.9 1212613486
2572.32 -12535.8 1212613534
2827.6 -14030.5 1212613581
3694.49 -16278.2 1212613686
4563.16 -16040.9 1212613737
4368.15 -15840.3 1212613799
4367.27 -15841.5 1212613827
4367.27 -15841.5 1212613830
3851.38 -16198 1212613891
4208.6 -16117.8 1212613951
4208.6 -16117.8 1212613984
3924.07 -16167.9 1212614019
3138.72 -15363.4 1212614076
2853.3 -13886.8 1212614122
2582.07 -12435.5 1212614169
2754.03 -11218.1 1212614229
3612.94 -10342.9 1212614289
4193.53 -8961.21 1212614351
3996.75 -7842.57 1212614416
3729.95 -6353.42 1212614469
3628.01 -5801.19 1212614489
3167.97 -4367.46 1212614540
2716.8 -2905.57 1212614607
3630.67 -1721.37 1212614656
3743.24 -1009.2 1212614726
3743.24 -965.662 1212614776
3743.24 -964.546 1212614846
3743.24 -962.313 1212614896
3744.13 -963.43 1212614956
3745.02 -963.43 1212615016
3727.29 -970.127 1212615087
3634.22 -970.127 1212615141
3635.99 -961.197 1212615202
3638.65 -953.383 1212615257
3638.65 -953.383 1212615332
3639.54 -952.266 1212615378
3640.42 -952.266 1212615438
3639.54 -953.383 1212615499
3639.54 -952.266 1212615559
3640.42 -951.15 1212615619
3641.31 -951.15 1212615679
3641.31 -951.15 1212615739
3640.42 -952.266 1212615800
3639.54 -952.266 1212615866
3641.31 -951.15 1212615925
3641.31 -948.918 1212615981
3576.6 -1012.55 1212616041
3452.51 -1163.25 1212616106
3025.26 -1194.5 1212616166
2488.11 -1299.43 1212616221
2407.45 -1316.17 1212616278
