4407.15 -16015.3 1212119068
4189.99 -16073.2 1212119230
3324.87 -15970.7 1212119291
2940.17 -14496.4 1212119342
2618.41 -12998.4 1212119388
2631.71 -11477.9 1212119432
3607.63 -10348.4 1212119476
4163.39 -8863.07 1212119528
3895.7 -7354.03 1212119568
3622.69 -5833.55 1212119612
3158.22 -4392.01 1212119657
2641.46 -2947.98 1212119716
2778.85 -1432.27 1212119773
2612.2 78.151 1212119824
2663.62 1574.33 1212119886
2307.28 2238.76 1212119942
2461.52 2647.5 1212120002
2471.27 2688.82 1212120013
2716.8 2811.67 1212120075
2908.26 2592.78 1212120138
3161.77 2340.39 1212120194
2558.13 1473.83 1212120254
2600.68 -34.6095 1212120307
2743.39 -1548.35 1212120360
2680.46 -3040.61 1212120416
3165.31 -4474.58 1212120459
3627.13 -5897.14 1212120506
3886.84 -7385.26 1212120551
4155.42 -8867.53 1212120600
3660.81 -10263.7 1212120648
2659.18 -11392 1212120698
2592.7 -12872.5 1212120748
2867.49 -14340.4 1212120810
3200.77 -15819.2 1212120852
3539.37 -16311.7 1212120892
3799.09 -16238.1 1212120898
4348.65 -16200.2 1212120960
4257.35 -16127.8 1212121069
4353.97 -16182.4 1212121130
4514.41 -16086.6 1212121229
4235.19 -16008.6 1212121520
3476.44 -16254.8 1212121585
2987.15 -14833 1212121634
2660.96 -13347.3 1212121680
2544.84 -11878.1 1212121730
3384.25 -10626.1 1212121770
4172.26 -9347.07 1212121816
3984.34 -7844.8 1212121861
3715.77 -6347.84 1212121906
3272.57 -4896.35 1212121954
2863.05 -3434.56 1212122003
2586.5 -1935.68 1212122061
2892.31 -472.24 1212122110
2717.69 858.586 1212122170
2439.36 1881.41 1212122232
2456.2 2380.59 1212122298
2479.25 2695.53 1212122355
2716.8 2769.24 1212122415
2731.87 2761.42 1212122477
2785.94 2734.61 1212122497
2920.67 2589.43 1212122526
2897.62 1922.73 1212122576
2711.48 550.423 1212122639
2711.48 550.423 1212122656
2893.19 -937.754 1212122689
2442.02 -2366.51 1212122738
2965.88 -3813.98 1212122791
3462.26 -5235.54 1212122838
3770.72 -6763.94 1212122883
4056.14 -8329.98 1212122930
3949.77 -9852.22 1212122976
2939.28 -10990.7 1212123027
2567.88 -12453.3 1212123080
2806.32 -13910.2 1212123130
3104.15 -15420.2 1212123176
3819.47 -16230.3 1212123237
4245.83 -16114.5 1212123297
