-1028.22 -12777.7 1211124937
-1986.41 -11600.5 1211124986
-2670.71 -10756.5 1211125046
-3259.27 -10567 1211125122
-3497.71 -11008.5 1211125172
-3810.61 -11299.5 1211125231
-3698.04 -11588.2 1211125287
-3698.04 -11589.4 1211125300
-3703.36 -11588.2 1211125371
-3718.42 -11548.1 1211125398
-3722.86 -11537 1211125400
-3618.26 -11123.3 1211125460
-3495.05 -11002.9 1211125521
-3046.54 -10649.5 1211125580
-2254.1 -11455.6 1211125652
-1331.36 -12646.2 1211125686
-371.399 -13776.4 1211125733
721.525 -14645.7 1211125793
2099.87 -14078.5 1211125841
3027.04 -15158.4 1211125901
3836.32 -16224.8 1211125961
4403.61 -16089.9 1211126021
4424.88 -16049.8 1211126046
