-519.427 -5653.92 1211728260
-280.987 -5414.05 1211728320
-133.846 -5067.06 1211728380
-583.248 -4717.83 1211728440
-1027.33 -4364.11 1211728500
-600.975 -3509.33 1211728561
881.076 -3210.25 1211728615
2353.38 -2899.99 1211728668
3100.61 -4224.63 1211728721
3561.53 -5659.5 1211728769
3847.84 -7177.79 1211728816
4119.07 -8681.29 1211728867
3754.77 -10138.8 1211728914
2727.44 -11238.2 1211728956
2582.95 -12719.8 1211729002
2853.3 -14202.2 1211729051
3175.95 -15711.1 1211729100
4038.41 -16169 1211729160
4388.54 -16056.5 1211729220
4387.65 -16056.5 1211729280
4389.43 -16049.8 1211729340
4389.43 -16050.9 1211729401
4389.43 -16053.2 1211729461
4389.43 -16054.3 1211729522
4390.31 -16054.3 1211729583
4390.31 -16053.2 1211729643
4390.31 -16053.2 1211729713
4390.31 -16052.1 1211729764
4390.31 -16052.1 1211729824
4391.2 -16052.1 1211729884
4390.31 -16053.2 1211729945
4389.43 -16054.3 1211730006
4388.54 -16047.6 1211730066
4389.43 -16048.7 1211730126
4389.43 -16049.8 1211730191
4389.43 -16043.1 1211730247
4389.43 -16053.2 1211730307
4390.31 -16054.3 1211730368
4390.31 -16054.3 1211730428
4390.31 -16054.3 1211730491
4389.43 -16052.1 1211730546
4389.43 -16052.1 1211730606
4389.43 -16052.1 1211730667
4390.31 -16052.1 1211730727
4389.43 -16052.1 1211730794
4389.43 -16052.1 1211730848
4389.43 -16052.1 1211730924
4389.43 -16052.1 1211730969
4389.43 -16050.9 1211731038
4388.54 -16050.9 1211731089
4388.54 -16050.9 1211731153
4388.54 -16050.9 1211731214
4389.43 -16050.9 1211731276
4389.43 -16050.9 1211731329
4390.31 -16049.8 1211731390
4390.31 -16050.9 1211731450
4389.43 -16049.8 1211731512
4389.43 -16049.8 1211731578
4389.43 -16049.8 1211731638
4389.43 -16050.9 1211731699
4389.43 -16052.1 1211731762
4389.43 -16052.1 1211731784
13458.1 -4663.15 1211731820
