4356.63 -16176.8 1211989197
4485.16 -15925 1211989368
4150.99 -16083.3 1211989428
3112.13 -15275.4 1211989492
2795.69 -13729.6 1211989539
2568.77 -12244.9 1211989592
3161.77 -10825.6 1211989643
4081.85 -9610.24 1211989689
4039.3 -8121.41 1211989736
3759.2 -6570.95 1211989783
3409.07 -5129.54 1211989829
3409.07 -5129.54 1211989844
2961.44 -3655.52 1211989880
2838.23 -2679.01 1211989942
3730.83 -1486.96 1211989987
3858.47 -443.214 1211990024
3831.88 350.569 1211990083
3810.61 451.053 1211990144
3666.13 429.84 1211990204
3449.85 579.452 1211990265
2996.9 867.518 1211990331
2826.71 1146.66 1211990391
2825.83 1151.13 1211990421
2826.71 1150.01 1211990424
2887.87 1431.4 1211990483
2675.14 1640.21 1211990549
2487.22 1876.95 1211990607
2988.04 2379.48 1211990670
3045.65 2434.2 1211990695
3239.77 2628.52 1211990756
3116.56 2785.99 1211990816
2937.51 3080.83 1211990876
2665.39 2897.67 1211990917
2457.09 2687.71 1211990950
2411.88 2726.8 1211991009
2332.1 2837.36 1211991060
2408.33 2716.74 1211991121
2471.27 2305.77 1211991181
2471.27 2305.77 1211991196
2373.76 2207.5 1211991237
2336.54 2182.93 1211991298
2338.31 2181.81 1211991358
2340.97 2168.41 1211991419
2343.63 2163.94 1211991479
2346.29 2162.83 1211991540
2340.97 2165.06 1211991568
2215.99 2118.16 1211991628
2383.51 2311.35 1211991688
2785.94 2720.1 1211991749
2902.06 2993.72 1211991809
2828.48 3175.77 1211991869
2694.64 3282.99 1211991929
2461.52 3248.36 1211991989
2447.34 3261.77 1211992049
2440.24 3286.34 1211992110
2439.36 3290.8 1211992125
2398.58 3266.23 1211992190
2437.58 3085.3 1211992218
2256.76 3021.64 1211992278
1888.02 2961.33 1211992339
1298.57 2863.05 1211992403
1225.88 3132.21 1211992460
1172.7 3465.04 1211992521
1173.59 3465.04 1211992582
1024.67 3466.16 1211992642
975.92 3753.21 1211992673
921.85 4017.93 1211992718
867.78 4392.13 1211992778
846.507 4560.8 1211992812
846.507 4558.57 1211992842
533.609 4642.35 1211992899
493.722 4804.33 1211992960
493.722 4803.21 1211992973
959.965 4722.78 1211993058
1017.58 4360.85 1211993118
1084.06 3987.77 1211993179
1579.55 4041.39 1211993241
2357.81 4182.13 1211993301
2650.32 4137.45 1211993369
2850.64 3990.01 1211993422
2866.6 3941.98 1211993444
2957.9 3905.12 1211993505
3015.51 3678.37 1211993570
3009.31 3361.17 1211993625
2957.01 3342.18 1211993685
2838.23 3350 1211993747
2817.85 3345.53 1211993805
2567 3119.92 1211993866
2516.47 2928.94 1211993926
2879.01 2587.2 1211993990
3452.51 2045.57 1211994107
3645.74 1850.15 1211994167
3666.13 1842.33 1211994188
3667.9 1842.33 1211994190
3672.33 1840.1 1211994206
3831 1943.95 1211994265
4200.62 2329.22 1211994325
4230.76 2711.16 1211994385
4127.94 3020.52 1211994446
3746.79 3361.17 1211994506
3474.67 3501.9 1211994567
3429.46 3724.17 1211994626
3333.73 3792.3 1211994628
3262.82 4077.13 1211994688
3369.19 3748.74 1211994748
3382.48 3632.58 1211994808
3620.92 3228.26 1211994868
3221.16 2870.87 1211994928
3221.16 2870.87 1211994935
3372.73 2708.93 1211994995
3380.71 2481.1 1211995055
2583.84 1605.6 1211995117
2640.57 219.941 1211995177
2810.76 -1162.13 1211995237
2706.16 -1911.12 1211995298
2855.08 -2049.52 1211995358
2855.08 -2052.87 1211995418
2853.3 -2047.29 1211995478
2853.3 -2049.52 1211995538
2858.62 -2047.29 1211995598
2769.98 -2325.21 1211995658
2474.81 -2512.72 1211995718
2596.25 -2858.7 1211995778
3119.22 -4281.54 1211995829
3590.78 -5707.48 1211995879
3667.9 -6158.19 1211995894
3935.59 -7650.73 1211995941
4190.87 -9120.69 1211995989
3506.58 -10467.7 1211996037
2567.88 -11629.5 1211996083
2605.11 -13115.5 1211996136
2897.62 -14617.9 1211996183
3288.52 -16100 1211996235
4180.24 -16135.6 1211996295
