4212.15 -16057.6 1212180066
3389.57 -16155.7 1212180126
2970.31 -14738.2 1212180182
2641.46 -13235.8 1212180229
2558.13 -11725.4 1212180279
3488.85 -10504.5 1212180332
4205.06 -9182.02 1212180381
3962.18 -7689.77 1212180427
3689.17 -6167.12 1212180480
3240.66 -4721.17 1212180523
2822.28 -3261.58 1212180581
3451.62 -1920.05 1212180641
3862.02 -487.869 1212180690
3441.87 933.396 1212180741
3706.9 1795.43 1212180801
4093.37 2181.81 1212180863
4236.08 2694.41 1212180922
4259.13 3051.79 1212180983
4009.16 3530.94 1212181043
3812.38 3797.89 1212181104
3484.42 4251.38 1212181164
3171.52 4675.86 1212181225
2836.46 5065.73 1212181285
2274.49 5130.52 1212181347
1930.57 5076.9 1212181398
1732.01 5130.52 1212181458
1732.01 5138.34 1212181518
1733.79 5142.81 1212181560
1733.79 5142.81 1212181562
1783.43 5156.22 1212181622
1968.68 4993.12 1212181682
1859.66 4849.01 1212181754
1864.09 4822.2 1212181783
2122.03 4582.03 1212181843
2317.92 4453.57 1212181903
2454.43 4312.82 1212181964
2718.57 4072.66 1212182025
2902.94 3844.8 1212182085
3033.24 3816.88 1212182145
3054.52 3611.36 1212182205
3152.02 3400.26 1212182265
2879.9 3255.06 1212182325
2639.68 3181.35 1212182386
2431.38 3236.08 1212182446
2447.34 3145.61 1212182507
2479.25 3184.7 1212182572
2477.47 3182.47 1212182633
2479.25 3175.77 1212182692
2479.25 3171.3 1212182749
2473.93 3169.06 1212182809
2474.81 3155.66 1212182870
2466.84 3155.66 1212182929
2472.15 3166.83 1212182989
2467.72 3169.06 1212183060
2457.97 3131.09 1212183109
2457.97 3088.65 1212183169
2457.09 3089.77 1212183229
2459.74 3080.83 1212183289
2475.7 3119.92 1212183351
2473.93 3119.92 1212183409
2477.47 3112.1 1212183470
2477.47 3109.87 1212183531
2477.47 3109.87 1212183591
2472.15 3092 1212183663
2471.27 3066.31 1212183704
2481.02 2972.5 1212183764
2450.88 2855.23 1212183824
2585.61 2849.65 1212183884
2746.94 2760.3 1212183944
3129.86 2373.89 1212184004
2638.8 1702.75 1212184064
2638.8 1193.56 1212184124
2706.16 672.123 1212184184
2898.51 -720.071 1212184255
2463.29 -2179 1212184294
2917.12 -3656.64 1212184348
3359.43 -5079.34 1212184398
3586.35 -5694.09 1212184420
3846.07 -7180.02 1212184467
4117.3 -8700.25 1212184515
3706.02 -10195.7 1212184566
2683.12 -11318.4 1212184615
2591.82 -12790 1212184665
2860.39 -14279.1 1212184721
3185.7 -15747.9 1212184787
4029.55 -16183.5 1212184842
4499.34 -15909.4 1212184903
4468.31 -15878.2 1212184927
4202.4 -16014.2 1212184982
4132.37 -16186.9 1212185039
4251.15 -16058.7 1212185211
4430.2 -15888.3 1212185272
3720.2 -16196.9 1212185342
4041.07 -16202.5 1212185392
4042.85 -16196.9 1212185452
4035.75 -16174.6 1212185497
4034.87 -16171.3 1212185550
4034.87 -16171.3 1212185612
4034.87 -16171.3 1212185681
4035.75 -16171.3 1212185731
4034.87 -16171.3 1212185791
4032.21 -16172.4 1212185856
4034.87 -16171.3 1212185916
4034.87 -16171.3 1212185961
3665.24 -16181.3 1212186026
3074.02 -15033.6 1212186081
2202.69 -14038.3 1212186141
778.254 -14533.2 1212186193
-423.697 -13623.7 1212186251
-1377.46 -12480.1 1212186297
-2327.67 -11343 1212186353
-2736.3 -9916.9 1212186395
-3088.2 -9332.57 1212186410
-3072.24 -7802.42 1212186457
-3180.38 -6303.22 1212186502
-3180.38 -6303.22 1212186516
-3425.91 -4579.47 1212186597
-3470.23 -3864.2 1212186661
-3468.46 -3761.53 1212186703
-3458.71 -3596.37 1212186768
-3451.62 -3452.42 1212186824
-3464.92 -3296.18 1212186884
-3483.53 -2973.65 1212186959
-3489.73 -2786.16 1212187015
-3543.8 -1868.7 1212187069
-3564.19 -1490.31 1212187125
-3564.19 -1490.31 1212187141
-3608.51 -686.581 1212187185
-3643.08 -54.7053 1212187245
-3680.31 452.17 1212187305
-3828.34 1118.75 1212187366
-4043.73 1314.15 1212187430
-4325.6 1865.78 1212187486
-4342.45 2192.98 1212187546
-4359.29 2521.31 1212187611
-4379.67 2820.61 1212187666
-4489.59 3073.01 1212187727
-4519.73 3165.71 1212187787
-4524.16 3163.48 1212187819
-4486.04 2964.68 1212187853
