3418.82 -16217 1212200385
2971.19 -14752.7 1212200452
2647.66 -13254.8 1212200491
2555.48 -11741 1212200544
3468.46 -10525.7 1212200576
4193.53 -9209.9 1212200620
4021.57 -8047.8 1212200660
3755.65 -6563.14 1212200705
3327.52 -4983.38 1212200770
2925.1 -3537.23 1212200816
3070.47 -2393.29 1212200875
3888.61 -1128.64 1212200906
3813.27 368.433 1212200950
3365.64 1439.22 1212201010
3448.96 1553.11 1212201080
3536.71 1641.33 1212201131
3587.24 1683.76 1212201192
3640.42 1739.6 1212201250
3683.86 1769.75 1212201310
3674.1 1777.56 1212201331
3719.31 1977.45 1212201416
3735.27 1970.75 1212201430
3749.45 1980.8 1212201459
3627.13 1908.22 1212201520
3572.17 1842.33 1212201580
3572.17 1840.1 1212201640
3571.28 1841.21 1212201672
3574.83 1850.15 1212201699
3573.94 1852.38 1212201705
3384.25 1678.18 1212201760
2917.12 1203.61 1212201821
2501.41 991.457 1212201881
2481.9 1008.21 1212201942
1919.93 1069.62 1212202009
1505.98 1074.08 1212202065
962.624 1078.55 1212202104
875.758 1067.38 1212202160
663.023 901.015 1212202220
335.943 647.56 1212202281
286.305 652.026 1212202319
249.963 649.793 1212202322
366.967 825.089 1212202373
762.299 970.242 1212202476
961.738 1062.92 1212202523
1345.55 1081.9 1212202582
1543.21 1042.82 1212202624
1505.1 973.592 1212202684
2473.04 961.31 1212202739
2634.36 -132.855 1212202799
2741.62 -1532.73 1212202864
2590.93 -2866.51 1212202920
3113.9 -4282.65 1212202980
3587.24 -5730.91 1212203034
3854.04 -7236.9 1212203085
4128.83 -8748.2 1212203138
3725.52 -10173.4 1212203194
2698.18 -11299.5 1212203239
2588.27 -12824.5 1212203305
2862.17 -14296.9 1212203359
3185.7 -15756.8 1212203403
4029.55 -16167.9 1212203458
4398.29 -16044.3 1212203517
4397.4 -16045.4 1212203578
4396.52 -16047.6 1212203638
4396.52 -16048.7 1212203698
4396.52 -16050.9 1212203763
4396.52 -16050.9 1212203818
4393.86 -16054.3 1212203878
4395.63 -16050.9 1212203938
4395.63 -16050.9 1212203998
4393.86 -16047.6 1212204059
