2995.13 -14844.1 1211084296
2660.07 -13356.2 1211084343
2548.38 -11821.2 1211084390
3413.5 -10614.9 1211084438
4185.55 -9299.12 1211084483
3978.14 -7797.96 1211084528
3706.9 -6288.72 1211084574
3258.39 -4834.98 1211084624
2850.64 -3407.78 1211084670
2619.3 -1874.29 1211084723
2617.52 122.809 1211084797
2653.86 1656.96 1211084857
3388.69 2222.01 1211084926
3422.37 2481.1 1211084978
3128.09 2756.95 1211085038
3052.74 2710.04 1211085054
2942.83 2608.42 1211085070
2793.03 2440.9 1211085131
2773.53 2443.13 1211085190
2543.07 2199.68 1211085251
2693.75 1802.13 1211085311
2689.32 820.623 1211085372
2891.42 -675.417 1211085447
2481.9 -2110.91 1211085491
2885.21 -3559.55 1211085547
3306.25 -4986.73 1211085587
3715.77 -6427.05 1211085638
3979.91 -7899.46 1211085676
4143.01 -9421.79 1211085717
3335.5 -10666.2 1211085776
2535.09 -11960.6 1211085823
2673.37 -13494.4 1211085869
2949.92 -14947.8 1211085919
3559.76 -16308.3 1211085983
4238.74 -16118.9 1211086021
4238.74 -16118.9 1211086038
4392.08 -16052.1 1211086043
4247.6 -16066.5 1211086145
4543.66 -15995.2 1211086205
4299.9 -15918.3 1211086325
3903.68 -16171.3 1211086385
3169.75 -15387.9 1211086445
2580.29 -14009.4 1211086512
1164.72 -14347.1 1211086561
-227.803 -14090.7 1211086620
-1127.49 -12884.7 1211086675
-1992.61 -11673 1211086728
-2649.43 -10323.9 1211086778
-3148.47 -5926.14 1211086918
-3257.5 -4839.45 1211086996
-3497.71 -4456.73 1211087039
-3464.92 -3653.29 1211087100
-3473.78 -3186.81 1211087167
-3503.92 -2613.16 1211087270
-3584.58 -1107.43 1211087379
-3681.2 534.791 1211087495
-3778.7 974.709 1211087563
-3200.77 1401.25 1211087615
-3211.41 1716.15 1211087654
-3262.82 2615.12 1211087711
-3003.99 3611.36 1211087765
-3003.99 3611.36 1211087782
-2992.47 4800.98 1211087825
-3483.53 5226.6 1211087871
-3756.54 6255.56 1211087927
-3882.41 7598.66 1211087987
-4509.97 8782.15 1211088048
-4782.1 10054.1 1211088109
-5828.93 11170.9 1211088169
-6369.63 12603.1 1211088227
-7164.73 13801.9 1211088287
-7114.2 15305 1211088347
-6782.69 15893.4 1211088412
-5926.43 15487.4 1211088463
-4911.51 15204.4 1211088523
-4312.31 14844.2 1211088583
-3534.05 14183.2 1211088658
-3142.27 13515.6 1211088704
-3144.04 12955.4 1211088764
-3049.2 12585.2 1211088824
-2883.44 12416.4 1211088884
-2882.55 12418.6 1211088945
-2882.55 12418.6 1211088962
-2885.21 12416.4 1211089028
-2883.44 12418.6 1211089082
-2883.44 12419.7 1211089118
-2883.44 12419.7 1211089121
-2879.01 12416.4 1211089186
-3066.04 12597.5 1211089241
-3194.57 13103 1211089308
-3370.96 14018.8 1211089423
-4076.53 14704.4 1211089494
-4689.03 15404.6 1211089549
-5601.13 15383.3 1211089618
-6613.39 15837.5 1211089664
-7172.7 15953.8 1211089724
-7167.39 14935.9 1211089785
-7155.86 13419.4 1211089838
-6343.04 12164.8 1211089919
-5741.18 11049 1211089958
-4864.53 10180.4 1211090020
-4534.79 8939.74 1211090078
-3911.66 7826.62 1211090138
-3792.88 6550.53 1211090199
-3672.33 5428.81 1211090259
-2845.33 4757.41 1211090321
-1811.79 4781.98 1211090369
-1046.83 4509.42 1211090424
-1004.28 4475.91 1211090458
-641.75 4331.81 1211090494
-513.222 4477.02 1211090549
-110.799 4415.59 1211090609
782.686 4554.1 1211090669
1020.24 4368.67 1211090730
1075.2 4016.81 1211090790
1139.02 3654.92 1211090851
1172.7 3317.61 1211090912
1208.16 3185.82 1211090974
1831.29 3258.42 1211091034
1967.8 3148.96 1211091093
1952.73 2942.34 1211091152
1928.79 2882.03 1211091174
1928.79 2882.03 1211091176
1848.13 2974.73 1211091198
1474.96 2899.9 1211091259
1418.23 2902.14 1211091320
1381.89 3103.17 1211091385
1342.89 3223.79 1211091450
1319.84 3440.47 1211091501
1295.91 3602.42 1211091567
1291.48 3698.48 1211091606
1261.34 3880.54 1211091666
1134.58 4089.42 1211091727
1217.91 4122.93 1211091787
1208.16 4189.95 1211091816
1319.84 4332.93 1211091876
1620.33 4385.43 1211091937
2198.26 4453.57 1211091999
2278.92 4477.02 1211092057
2634.36 4512.77 1211092128
2642.34 4445.75 1211092153
2643.23 4443.51 1211092154
2468.61 4415.59 1211092215
2467.72 4415.59 1211092219
2379.97 4397.71 1211092279
2264.74 4487.08 1211092339
1949.18 4445.75 1211092399
1496.23 4369.79 1211092464
1248.04 4109.52 1211092525
1225 4109.52 1211092560
1225 4109.52 1211092562
1188.65 4290.48 1211092622
1319.84 4327.34 1211092673
1521.05 4013.46 1211092739
1608.81 3491.85 1211092794
1675.29 3061.85 1211092855
1732.01 2627.4 1211092915
1857 2065.67 1211092976
2385.29 1538.6 1211093036
2670.71 1261.67 1211093100
2932.19 1212.54 1211093164
3411.73 1692.7 1211093220
3671.45 1956.23 1211093285
3692.72 2098.06 1211093345
3692.72 2098.06 1211093353
3690.06 2124.86 1211093413
3648.4 2200.8 1211093479
3975.48 2312.47 1211093529
3978.14 2122.62 1211093582
3892.16 2029.94 1211093642
3713.99 2268.92 1211093698
4118.19 2667.61 1211093757
4108.44 2244.35 1211093822
3885.95 2023.24 1211093878
3737.93 2142.73 1211093944
3690.95 2222.01 1211093958
3323.98 2521.31 1211094022
2983.6 2874.22 1211094078
2659.18 3142.26 1211094138
2606.89 3851.5 1211094198
2476.59 4040.27 1211094266
2503.18 4237.98 1211094293
2506.72 4240.21 1211094295
2523.56 4249.15 1211094312
2515.59 4305 1211094372
2404.79 4297.18 1211094433
2436.7 3966.55 1211094493
2535.97 3294.16 1211094556
2569.66 3173.53 1211094613
2426.95 3064.08 1211094673
2380.86 3128.86 1211094687
2284.24 3026.11 1211094748
2099.87 3002.65 1211094808
1911.07 3065.2 1211094883
2101.64 3253.95 1211094930
2485.45 3383.51 1211094991
2787.71 3514.19 1211095053
2706.16 4077.13 1211095113
2593.59 4197.77 1211095178
2473.04 4288.25 1211095234
2401.24 4399.95 1211095295
2496.97 4508.3 1211095356
2423.4 4507.19 1211095407
1966.91 4440.16 1211095453
1581.33 4380.96 1211095513
1506.87 4141.92 1211095574
1507.76 4144.15 1211095612
1506.87 4143.03 1211095615
1310.09 3908.47 1211095674
1264.88 3785.6 1211095734
1294.14 3613.59 1211095785
1468.76 3628.11 1211095845
1862.31 3706.3 1211095908
2287.78 3759.91 1211095961
2472.15 3691.78 1211096021
2543.07 3207.04 1211096081
2598.02 2884.27 1211096142
2910.03 2599.48 1211096202
3170.63 2340.39 1211096263
3312.46 2189.63 1211096323
3716.65 1974.1 1211096383
3704.24 1941.72 1211096404
3784.9 2093.59 1211096469
3988.77 2128.21 1211096524
3515.44 1649.15 1211096584
3797.31 343.87 1211096647
3829.22 -1173.29 1211096696
3038.56 -2460.26 1211096769
1709.85 -3138.82 1211096811
1709.85 -3138.82 1211096823
251.736 -3129.89 1211096861
-1003.4 -3890.98 1211096918
-914.759 -4427.71 1211096979
-546.905 -4768.04 1211097039
-71.7979 -5117.27 1211097102
-71.7979 -5117.27 1211097115
-29.251 -5163.02 1211097167
-32.7966 -5174.17 1211097232
-29.251 -5181.98 1211097282
-28.3646 -5171.94 1211097342
-32.7966 -5168.59 1211097403
-30.1374 -5157.44 1211097464
-26.5918 -5137.35 1211097538
-54.9565 -5141.82 1211097585
-376.718 -5420.75 1211097645
-439.652 -5602.6 1211097699
