4312.31 -15935.1 1211353519
3127.2 -15325.5 1211353629
2849.76 -13863.4 1211353675
2576.75 -12359.7 1211353723
3076.68 -10893.7 1211353780
4028.66 -9727.33 1211353821
4059.69 -8250.79 1211353869
3795.54 -6776.21 1211353917
3507.46 -5301.37 1211353965
2998.67 -3850.81 1211354014
2453.54 -2421.2 1211354068
2891.42 -995.802 1211354114
2606 78.151 1211354165
2130.01 1047.29 1211354214
1107.11 1295.17 1211354280
930.714 1732.9 1211354335
284.533 1629.05 1211354395
243.758 1830.05 1211354455
244.645 1830.05 1211354480
243.758 1830.05 1211354481
389.127 1815.53 1211354541
424.583 1574.33 1211354601
865.121 1614.53 1211354661
1051.26 1444.8 1211354721
1647.81 1058.45 1211354781
2694.64 347.22 1211354841
2844.44 -1145.39 1211354898
2488.11 -2619.86 1211354944
3039.45 -4040.51 1211354992
3543.8 -5458.68 1211355041
3806.18 -6939.07 1211355086
4072.98 -8404.7 1211355132
3903.68 -9930.28 1211355179
2869.26 -11055.3 1211355226
2568.77 -12540.3 1211355276
2827.6 -14018.3 1211355325
3129.86 -15519.4 1211355378
4042.85 -16162.4 1211355444
4398.29 -16025.3 1211355496
4413.36 -16015.3 1211355583
4482.5 -16164.6 1211355641
4547.2 -15962.9 1211355780
4170.49 -16084.4 1211355835
3983.46 -16854.3 1211355895
4684.59 -17715.5 1211355955
4200.62 -17909.3 1211356015
4019.8 -17683.2 1211356075
4021.57 -17689.8 1211356135
4020.69 -17738.9 1211356172
4075.64 -17797.9 1211356173
4860.1 -17617.4 1211356233
3898.36 -16208 1211356353
4354.86 -16180.2 1211356413
