2529.77 1132.15 1211402630
2328.56 1323.09 1211402691
2106.96 1537.48 1211402752
1637.17 1955.12 1211402812
1450.14 1916.03 1211402873
1256.02 1995.32 1211402936
1089.38 2401.81 1211402992
541.587 2308 1211403059
-261.486 2173.99 1211403112
-975.92 2071.25 1211403173
-1420.89 2000.9 1211403237
-1929.68 1916.03 1211403292
-1954.5 1902.63 1211403320
-1954.5 1902.63 1211403321
-1955.39 1898.17 1211403381
-1954.5 1893.7 1211403443
-1800.27 1931.67 1211403501
-1777.22 2199.68 1211403562
-1821.54 2342.62 1211403622
-1875.61 2727.91 1211403684
-1738.22 2902.14 1211403744
-1600.83 2926.71 1211403763
-1532.58 2934.53 1211403781
-1083.17 3008.24 1211403841
-708.229 3066.31 1211403922
61.1612 3192.52 1211403982
797.755 3325.43 1211404044
1016.69 3351.12 1211404104
1153.2 3371.22 1211404166
1607.03 3443.82 1211404226
1906.63 3478.44 1211404257
2358.7 3562.21 1211404317
2627.27 3614.71 1211404377
3034.13 3706.3 1211404437
3179.5 3783.37 1211404497
3159.11 3595.72 1211404514
3033.24 3501.9 1211404574
3120.11 3368.99 1211404634
2930.42 3220.44 1211404695
2375.54 3096.47 1211404755
2168.12 2923.36 1211404784
2106.96 2807.21 1211404839
2075.05 2984.78 1211404875
1714.29 2844.06 1211404936
1766.58 2600.6 1211404996
1774.56 2600.6 1211405027
1864.97 2624.05 1211405050
2031.62 2657.55 1211405110
2097.21 2361.61 1211405170
1810.02 2287.9 1211405230
1989.07 1938.37 1211405290
2005.02 1662.55 1211405351
2070.62 1384.5 1211405411
2283.35 1171.23 1211405446
2673.37 820.623 1211405508
2840.89 -369.533 1211405568
2618.41 -1844.15 1211405623
1834.84 -3090.83 1211405683
712.661 -3202.44 1211405743
88.6394 -3522.72 1211405809
-88.6394 -3858.62 1211405864
-117.004 -3922.22 1211405870
-249.963 -4072.87 1211405915
-992.762 -4142.05 1211406005
-1405.82 -4135.36 1211406116
-1549.42 -4121.97 1211406180
-1194.86 -4157.68 1211406236
-708.229 -3587.45 1211406296
557.542 -2865.4 1211406362
1021.13 -2290.61 1211406416
1022.9 -2010.46 1211406478
1061.01 -1635.42 1211406539
1061.9 -1635.42 1211406570
1061.01 -1634.3 1211406577
1152.31 -1799.5 1211406637
1261.34 -1884.33 1211406707
1217.91 -1972.51 1211406719
