2841.78 -13846.6 1212554764
2575.86 -12367.5 1212554801
3033.24 -10928.2 1212554853
4003.84 -9775.28 1212554902
4063.23 -8278.67 1212554944
3795.54 -6782.9 1212554992
3492.39 -5270.13 1212555040
2994.24 -3840.76 1212555094
2452.65 -2445.75 1212555138
2892.31 -976.825 1212555189
2732.75 484.549 1212555249
2912.69 1897.05 1212555309
3301.82 2167.29 1212555375
3509.24 2349.32 1212555398
3144.93 2742.43 1212555458
2897.62 3030.57 1212555518
2799.23 3165.71 1212555578
2483.68 3221.56 1212555638
2481.9 3220.44 1212555655
2357.81 3183.58 1212555682
2426.95 3002.65 1212555707
2543.95 2893.2 1212555767
2855.08 2629.63 1212555810
3047.42 2487.8 1212555870
3247.75 2648.62 1212555930
2877.24 3036.16 1212555991
2970.31 2940.11 1212556051
2941.06 3389.09 1212556100
2572.32 4169.84 1212556160
2395.04 4380.96 1212556220
2406.56 4402.18 1212556238
2490.77 4416.7 1212556298
2496.09 4411.12 1212556305
2307.28 4485.96 1212556365
2442.9 4319.52 1212556425
2442.9 4319.52 1212556440
2636.14 4150.85 1212556496
2735.41 4034.69 1212556540
2887.87 3670.56 1212556594
3486.19 3767.73 1212556698
3477.33 3843.68 1212556767
3478.21 3842.57 1212556772
3479.1 3801.24 1212556833
3422.37 3853.74 1212556893
3425.91 3957.61 1212556975
3442.76 3962.08 1212557014
3526.96 3845.92 1212557080
3462.26 3847.03 1212557133
3127.2 4100.59 1212557207
2986.26 3785.6 1212557221
2843.55 4026.87 1212557281
2841.78 4031.33 1212557305
2703.5 4068.2 1212557360
2598.91 4203.35 1212557425
2676.91 4231.28 1212557464
2957.01 4272.61 1212557505
2996.9 4386.54 1212557570
3123.65 4001.18 1212557630
3058.06 3783.37 1212557690
3363.87 3442.7 1212557747
3792.88 2991.48 1212557807
3598.76 2714.51 1212557873
3196.34 2281.2 1212557928
2633.48 1191.33 1212557988
2795.69 -293.618 1212558048
2656.52 -1781.64 1212558101
2049.34 -2997.09 1212558161
592.998 -3116.5 1212558222
-793.323 -3622.04 1212558284
-1046.83 -4373.04 1212558339
-540.701 -4784.77 1212558394
-66.4796 -5122.85 1212558455
164.869 -5253.39 1212558519
266.805 -5601.49 1212558575
262.373 -5597.03 1212558600
262.373 -5597.03 1212558606
329.739 -5301.37 1212558667
1201.06 -5729.79 1212558732
1431.53 -5810.12 1212558782
2272.72 -6103.53 1212558857
2479.25 -6866.57 1212558909
3040.33 -8067.87 1212558964
3741.47 -9154.14 1212559024
3643.08 -10207.9 1212559084
3064.27 -10881.4 1212559156
2553.7 -12282.8 1212559204
2778.85 -13792 1212559270
3050.97 -15243.1 1212559311
3763.63 -16250.4 1212559371
4386.77 -16072.1 1212559432
4393.86 -16025.3 1212559492
4392.97 -16024.2 1212559563
4391.2 -16024.2 1212559628
4392.97 -16020.9 1212559688
4392.97 -16024.2 1212559734
4391.2 -16026.4 1212559804
4390.31 -16025.3 1212559854
4391.2 -16024.2 1212559914
4392.08 -16026.4 1212559976
4392.08 -16025.3 1212560036
4391.2 -16024.2 1212560101
4390.31 -16024.2 1212560167
4390.31 -16023.1 1212560217
4390.31 -16024.2 1212560265
4392.97 -16024.2 1212560325
