4443.5 -16157.9 1213039325
4452.36 -15901.6 1213039590
4285.72 -15930.6 1213039650
3743.24 -16224.8 1213039717
4197.96 -17016.9 1213039770
5355.6 -17967.2 1213039825
6499.93 -18926.3 1213039882
6463.59 -18769.3 1213039942
6729.51 -18781.5 1213040002
7648.7 -18965.3 1213040062
8114.94 -19035.5 1213040122
8003.26 -18992 1213040158
8090.12 -18934.1 1213040217
8091.01 -18933 1213040282
8091.01 -18934.1 1213040328
8102.53 -18945.3 1213040337
7950.07 -19026.6 1213040401
7571.58 -18947.5 1213040456
6524.75 -18898.5 1213040526
5365.35 -17941.6 1213040562
4240.51 -16994.7 1213040616
3933.82 -16194.7 1213040672
4418.68 -16042 1213040814
4253.81 -16151.2 1213040825
4550.75 -16083.3 1213040889
