4337.13 -16166.8 1212877779
4462.11 -16183.5 1212877844
4234.31 -16016.4 1212878011
3476.44 -16254.8 1212878061
3091.74 -15158.4 1212878107
2528.88 -14012.7 1212878167
1098.24 -14378.3 1212878222
-226.917 -14077.4 1212878282
-1152.31 -12854.6 1212878344
-2023.64 -11636.2 1212878386
-2663.62 -10165.6 1212878450
-3167.97 -8737.05 1212878491
-2862.17 -5714.17 1212878601
-1715.17 -5467.61 1212878636
-1033.54 -4040.51 1212878692
164.869 -3183.46 1212878737
1614.12 -3164.49 1212878785
3020.83 -2465.84 1212878841
3864.68 -1191.15 1212878892
3816.81 338.288 1212878949
3370.07 1086.37 1212878985
3660.81 1776.45 1212879044
3854.93 1984.15 1212879099
3654.6 2229.83 1212879159
3149.36 2750.25 1212879219
3019.06 2896.55 1212879280
2942.83 2979.2 1212879340
2884.33 3040.63 1212879400
2715.91 3074.13 1212879460
2371.11 3036.16 1212879520
2372.88 3032.81 1212879564
2373.76 3032.81 1212879566
2192.05 2994.84 1212879627
1979.32 2966.91 1212879688
1872.07 3041.74 1212879745
2130.89 3076.37 1212879779
2295.76 2925.59 1212879839
2344.51 2834.01 1212879899
2340.97 2768.12 1212879959
2056.44 2720.1 1212880019
1942.98 2522.42 1212880079
1412.03 2446.48 1212880139
1217.91 2414.1 1212880200
452.948 2291.25 1212880260
-339.489 2167.29 1212880320
-995.421 2063.44 1212880381
-922.737 1541.95 1212880444
-901.463 1391.2 1212880501
-869.553 1172.34 1212880548
-867.78 1168.99 1212880550
-866.007 1142.2 1212880610
-961.738 1109.81 1212880680
-1115.08 1087.48 1212880732
-1230.32 1070.73 1212880791
-1230.32 1070.73 1212880807
-1191.31 1290.7 1212880872
-898.804 1412.42 1212880932
-996.307 2052.27 1212880997
-1044.17 2424.15 1212881062
-1014.04 2536.94 1212881075
-706.456 2855.23 1212881135
-250.85 3020.52 1212881195
-282.76 3230.49 1212881256
-350.126 3631.46 1212881321
-416.605 4025.75 1212881380
-469.789 4297.18 1212881446
-480.426 4447.98 1212881496
-356.331 4489.31 1212881540
-356.331 4489.31 1212881542
-356.331 4490.43 1212881553
186.143 4469.21 1212881615
637.318 4538.46 1212881675
1012.26 4410 1212881736
1078.74 4001.18 1212881792
1132.81 3659.39 1212881852
1139.02 3534.29 1212881914
1179.79 3347.77 1212881974
1207.27 3215.97 1212882035
1878.27 3275.17 1212882095
1966.02 3135.56 1212882155
2192.05 3096.47 1212882215
2205.35 3114.34 1212882238
2205.35 3114.34 1212882239
2199.14 3095.35 1212882299
2196.49 3121.04 1212882311
2410.11 3190.29 1212882371
2643.23 3189.17 1212882431
2879.9 3520.89 1212882491
2802.78 3767.73 1212882551
2664.5 3995.59 1212882611
2491.65 4279.31 1212882671
2280.69 4474.79 1212882731
2009.46 4777.52 1212882791
1950.07 5131.64 1212882851
1928.79 5257.88 1212882911
2050.23 5310.39 1212882971
2072.39 5327.14 1212883024
2072.39 5327.14 1212883030
2051.12 5366.24 1212883085
2058.21 5393.06 1212883145
2091.89 5222.13 1212883205
2090.12 5217.66 1212883207
1966.02 5042.27 1212883267
1994.39 4751.82 1212883327
2021.87 4670.28 1212883387
2097.21 4175.43 1212883447
1845.47 3998.94 1212883508
1842.81 3613.59 1212883568
1919.04 3532.06 1212883628
1947.41 3289.69 1212883689
2109.62 3113.22 1212883750
2419.86 3147.84 1212883811
2409.22 3132.21 1212883836
2443.79 3064.08 1212883896
2445.56 3067.43 1212883956
2141.53 3011.59 1212884016
1982.86 2965.8 1212884076
1925.25 3064.08 1212884142
2157.48 3123.27 1212884201
2541.29 3155.66 1212884256
2776.19 3196.99 1212884316
2736.3 3324.31 1212884376
2421.63 3217.09 1212884436
2439.36 3096.47 1212884496
2444.68 3070.78 1212884557
2279.81 3012.7 1212884616
2117.6 2999.3 1212884677
1723.15 2920.01 1212884737
1212.59 2857.46 1212884797
1137.24 2840.71 1212884857
943.124 2834.01 1212884917
827.006 2800.51 1212884946
557.542 2754.72 1212885017
196.78 2702.23 1212885027
-178.165 2640.8 1212885087
-797.755 2515.72 1212885145
-1519.28 2418.56 1212885211
-1837.5 2373.89 1212885267
-2256.76 2351.56 1212885327
-2568.77 2332.57 1212885388
-2621.95 2123.74 1212885448
-2658.3 1693.81 1212885508
-2877.24 1583.26 1212885571
-2877.24 1583.26 1212885584
-2873.69 1642.45 1212885649
-2884.33 1792.08 1212885704
-2886.99 1898.17 1212885738
-2718.57 2237.65 1212885830
-2729.21 2292.37 1212885891
-2737.19 2514.61 1212885943
-2740.73 2583.85 1212886003
-2742.5 2590.55 1212886037
-2335.65 2810.56 1212886117
-1469.64 2944.58 1212886177
-859.803 3042.86 1212886237
-556.656 3096.47 1212886298
-296.942 3136.68 1212886358
299.601 3229.38 1212886418
872.212 3324.31 1212886479
1022.01 3350 1212886539
1025.56 3432.65 1212886599
951.101 3944.21 1212886659
843.848 4549.63 1212886734
835.87 4602.14 1212886781
793.323 4875.82 1212886841
1102.67 4939.5 1212886902
1346.43 4981.95 1212886962
1545.87 5012.11 1212887026
1563.6 5101.48 1212887083
1484.71 5236.65 1212887144
1473.19 5315.97 1212887205
1349.98 5302.57 1212887265
1336.68 5208.72 1212887325
1474.96 5164.04 1212887385
1769.24 4909.33 1212887446
2070.62 4641.23 1212887506
2167.23 4558.57 1212887566
2215.1 4376.49 1212887626
2216.87 4378.73 1212887643
2106.07 4157.56 1212887703
1983.75 4012.35 1212887763
1865.86 3796.77 1212887823
1902.2 3536.52 1212887884
1935 3319.84 1212887944
2008.57 2992.6 1212888004
1899.54 2739.08 1212888064
1748.86 2722.33 1212888124
1562.71 2677.66 1212888186
1562.71 2696.64 1212888246
1563.6 2693.29 1212888307
1560.05 2687.71 1212888376
1559.17 2705.58 1212888427
1563.6 2699.99 1212888486
1560.94 2674.31 1212888546
1560.94 2712.28 1212888606
1560.94 2697.76 1212888666
1564.49 2675.42 1212888731
1559.17 2687.71 1212888786
1563.6 2687.71 1212888846
1560.94 2676.54 1212888910
1562.71 2679.89 1212888966
1561.83 2685.47 1212889027
1560.94 2699.99 1212889088
1565.37 2693.29 1212889147
1563.6 2682.12 1212889207
1565.37 2674.31 1212889267
1565.37 2669.84 1212889328
1564.49 2668.72 1212889388
1562.71 2674.31 1212889448
1562.71 2674.31 1212889508
1562.71 2663.14 1212889569
1560.05 2697.76 1212889629
1561.83 2681.01 1212889689
1563.6 2677.66 1212889757
1562.71 2703.34 1212889791
1562.71 2691.06 1212889851
1563.6 2685.47 1212889911
1562.71 2689.94 1212889971
1563.6 2723.45 1212890032
1562.71 2725.68 1212890091
1563.6 2687.71 1212890151
1561.83 2693.29 1212890211
1560.94 2707.81 1212890271
1560.05 2696.64 1212890331
1564.49 2687.71 1212890391
1560.05 2722.33 1212890452
1559.17 2721.21 1212890512
1557.4 2674.31 1212890582
1562.71 2682.12 1212890649
1564.49 2683.24 1212890699
1560.94 2685.47 1212890769
1560.94 2675.42 1212890814
1559.17 2684.36 1212890874
1558.28 2685.47 1212890939
1560.05 2675.42 1212890994
1562.71 2677.66 1212891059
1563.6 2667.61 1212891114
1560.94 2665.37 1212891174
1560.94 2665.37 1212891188
1560.94 2691.06 1212891234
1566.26 2677.66 1212891299
1561.83 2670.96 1212891360
1563.6 2676.54 1212891415
1564.49 2677.66 1212891475
1561.83 2682.12 1212891540
1565.37 2716.74 1212891596
1565.37 2706.69 1212891616
1444.82 2688.82 1212891677
1893.34 3336.6 1212891941
1900.43 3366.75 1212891949
1598.17 3323.19 1212892011
1379.23 3296.39 1212892046
1312.75 3506.37 1212892108
1303 3698.48 1212892166
1587.53 3624.76 1212892227
1609.69 3515.3 1212892287
1640.72 3293.04 1212892347
1815.34 3041.74 1212892411
1852.56 3065.2 1212892468
1862.31 3073.01 1212892470
1881.82 2935.64 1212892531
1714.29 2915.54 1212892594
1817.11 2232.06 1212892651
2084.8 1852.38 1212892711
2372.88 1755.23 1212892780
2380.86 1760.81 1212892801
2380.86 1760.81 1212892803
2666.27 2064.55 1212892864
2672.48 2073.49 1212892876
3042.11 2425.26 1212892936
3230.91 2631.87 1212892996
2981.83 2894.32 1212893066
2802.78 3255.06 1212893116
2803.67 3580.08 1212893176
2738.07 3840.33 1212893236
2831.14 4038.04 1212893296
2988.04 4059.26 1212893356
3223.82 4201.12 1212893416
3175.06 4091.65 1212893437
3179.5 4096.12 1212893455
3423.26 4038.04 1212893501
3402.87 3714.12 1212893566
3074.02 3298.62 1212893621
2979.17 3203.69 1212893682
2987.15 3191.4 1212893697
2996.9 3204.8 1212893758
2750.48 3035.04 1212893819
2268.28 2466.58 1212893882
1931.45 2124.86 1212893938
1723.15 1937.25 1212893999
1377.46 1601.13 1212894059
1276.41 1516.26 1212894118
1011.38 1244.92 1212894178
813.71 1048.4 1212894238
662.137 901.015 1212894298
434.333 837.371 1212894358
18.6143 803.875 1212894418
-221.599 787.127 1212894479
-366.081 854.12 1212894541
-363.422 861.936 1212894558
-365.195 864.169 1212894560
-238.44 980.291 1212894590
-246.418 1029.42 1212894661
-631.999 1161.18 1212894711
-751.662 732.416 1212894822
-776.482 708.969 1212894858
-864.235 1177.93 1212894908
-527.405 1394.55 1212894972
144.482 1499.51 1212895027
726.843 1592.2 1212895087
990.989 1633.51 1212895148
1112.43 1651.38 1212895179
1498.89 1822.23 1212895235
1827.75 1754.11 1212895295
2002.37 1938.37 1212895356
2382.63 2309.12 1212895418
2863.05 2772.59 1212895537
3074.02 2970.26 1212895599
3237.11 3217.09 1212895658
3469.35 3269.58 1212895731
3780.47 3679.49 1212895783
3850.5 3618.06 1212895810
3860.25 3606.89 1212895817
3757.43 3403.61 1212895872
3574.83 3575.62 1212895932
3464.92 3839.21 1212895997
3352.34 3573.38 1212896057
3089.97 3411.43 1212896112
3124.54 3066.31 1212896187
3277 2935.64 1212896223
2881.67 2526.89 1212896284
2764.66 2475.52 1212896353
2535.09 2206.38 1212896397
2270.94 2443.13 1212896463
2187.62 2731.26 1212896488
2115.82 3214.86 1212896548
1794.95 3364.52 1212896608
1228.54 3286.34 1212896668
1180.68 3576.73 1212896732
1273.75 3497.43 1212896788
1270.2 3499.67 1212896809
1161.18 3503.02 1212896869
1318.07 3476.21 1212896934
1123.95 3370.1 1212896989
614.271 3288.57 1212897049
614.271 3288.57 1212897057
632.886 3077.48 1212897116
907.668 3114.34 1212897171
1447.48 3201.45 1212897237
2038.71 3300.86 1212897292
2252.33 3207.04 1212897352
2190.28 2973.61 1212897412
2161.03 3010.47 1212897425
2148.62 3030.57 1212897445
1995.27 2863.05 1212897505
2285.12 2916.66 1212897565
2580.29 2940.11 1212897626
2609.55 2876.45 1212897686
2970.31 2905.49 1212897746
3199 3093.12 1212897806
3239.77 3047.33 1212897847
3239.77 3042.86 1212897849
3326.64 2951.28 1212897908
3169.75 2809.44 1212897980
3170.63 2807.21 1212898029
3171.52 2802.74 1212898089
3166.2 2812.79 1212898149
3160 2801.62 1212898209
2850.64 3032.81 1212898270
2829.37 3208.16 1212898330
2566.11 3208.16 1212898391
2493.43 3028.34 1212898456
2677.8 2825.08 1212898511
2714.14 2780.4 1212898571
2679.57 2701.11 1212898631
2707.05 2758.07 1212898692
2715.91 2769.24 1212898752
2752.25 2803.86 1212898812
2750.48 2802.74 1212898872
2765.55 2827.31 1212898953
2766.44 2826.19 1212898958
2965.88 2899.9 1212899024
2852.42 3023.87 1212899080
2577.64 3262.88 1212899139
2414.54 3250.6 1212899177
2414.54 3239.43 1212899183
2116.71 3204.8 1212899254
2088.35 3210.39 1212899273
1508.64 3136.68 1212899333
1467.87 3411.43 1212899393
1389.87 3413.66 1212899453
1384.55 3424.83 1212899514
1384.55 3424.83 1212899521
1385.43 3420.36 1212899556
1209.93 3393.56 1212899617
1141.68 3301.97 1212899679
1149.65 3313.14 1212899721
1145.22 3308.67 1212899782
1157.63 3280.75 1212899852
1144.34 3305.32 1212899902
1146.99 3308.67 1212899963
1151.43 3306.44 1212900022
1142.56 3294.16 1212900082
1154.09 3298.62 1212900159
1145.22 3315.38 1212900208
1145.22 3293.04 1212900279
1114.2 3347.77 1212900328
1159.4 3269.58 1212900352
1140.79 3325.43 1212900407
1136.36 3309.79 1212900463
1106.22 3420.36 1212900545
1045.06 3331.01 1212900607
1230.32 3419.25 1212900667
1452.8 3428.18 1212900732
1829.52 3470.63 1212900792
1882.7 3374.57 1212900847
1792.29 3373.45 1212900908
1794.06 3372.34 1212900968
1786.97 3387.97 1212901028
1781.65 3381.27 1212901089
1772.79 3364.52 1212901111
1774.56 3370.1 1212901171
1739.11 3463.92 1212901231
1647.81 3318.73 1212901303
1712.51 2894.32 1212901353
1601.71 2688.82 1212901411
1372.14 2782.64 1212901476
1345.55 2699.99 1212901531
1318.95 2676.54 1212901592
1465.21 2778.17 1212901661
1874.72 2849.65 1212901712
2243.46 2892.09 1212901772
2375.54 2909.96 1212901844
2560.79 2952.39 1212901904
2598.02 2931.17 1212901964
2653.86 2874.22 1212902028
2671.59 2849.65 1212902085
2670.71 2850.76 1212902105
2670.71 2854.11 1212902108
2806.32 2915.54 1212902168
2804.55 2918.89 1212902177
2912.69 3110.99 1212902235
2907.37 3085.3 1212902295
2847.1 3252.83 1212902355
2740.73 3878.31 1212902416
2715.03 4070.43 1212902470
2715.03 4070.43 1212902474
2613.98 4194.42 1212902534
2481.02 4302.77 1212902594
2395.92 4384.31 1212902641
2333.88 4624.48 1212902731
2308.17 4751.82 1212902791
2243.46 5178.56 1212902851
2356.92 5223.25 1212902911
2275.37 5384.12 1212902971
2149.51 5388.59 1212903032
2112.28 5025.51 1212903092
2181.42 4653.52 1212903157
2198.26 4491.55 1212903213
2250.56 4182.13 1212903274
2286.01 3962.08 1212903334
2311.72 3694.01 1212903395
2356.92 3395.79 1212903455
2443.79 3367.87 1212903518
2450.88 3028.34 1212903578
2375.54 3019.41 1212903640
2346.29 3004.89 1212903660
2346.29 3004.89 1212903667
2317.04 2911.07 1212903725
2634.36 2516.84 1212903786
2955.24 2166.18 1212903846
3228.25 1868.01 1212903906
3113.02 1586.61 1212903967
3769.84 414.209 1212904027
3479.98 166.351 1212904088
3265.48 -25.678 1212904148
3148.47 -89.3146 1212904180
3146.7 -88.1981 1212904182
3287.64 -33.4931 1212904267
3675.88 2.32831e-09 1212904326
4077.41 24.5617 1212904385
4111.98 -92.6638 1212904436
4105.78 -81.4996 1212904525
4102.23 -78.1503 1212904551
4110.21 -238.914 1212904591
3963.07 -530.291 1212904650
4033.09 -544.804 1212904678
3982.57 -792.633 1212904738
3781.36 534.791 1212904799
3098.83 1619 1212904859
2783.28 1891.46 1212904919
2417.2 1540.83 1212904979
2145.96 1511.8 1212905040
2142.42 1511.8 1212905053
2264.74 1640.21 1212905114
2757.57 2141.61 1212905174
2584.73 2546.99 1212905234
2457.97 2684.36 1212905294
2553.7 2734.61 1212905354
2474.81 2913.31 1212905414
2453.54 3017.17 1212905474
2390.61 3157.9 1212905534
2463.29 3360.05 1212905636
2780.62 3450.52 1212905696
2755.8 3843.68 1212905762
2720.34 4071.55 1212905815
2724.78 4069.31 1212905823
2465.06 4291.6 1212905889
2389.72 4301.65 1212905944
2398.58 4099.47 1212906005
2456.2 3794.54 1212906071
2552.82 3260.65 1212906126
2565.23 3077.48 1212906186
2824.05 2662.02 1212906250
2749.6 2672.07 1212906307
3025.26 2643.04 1212906367
3200.77 2708.93 1212906388
3201.66 2706.69 1212906390
3415.28 2987.02 1212906461
3548.24 2791.57 1212906510
3831.88 2482.22 1212906576
3968.39 2332.57 1212906591
3721.08 2081.31 1212906685
3705.13 1821.11 1212906742
4054.37 1637.98 1212906802
4087.16 1077.43 1212906862
4099.57 1297.4 1212906922
4081.85 1242.69 1212906982
4048.16 752.514 1212907046
3972.82 858.586 1212907088
3537.6 712.319 1212907147
2864.83 662.075 1212907208
2508.5 336.055 1212907268
2461.52 -90.431 1212907335
2387.06 -96.0131 1212907376
2387.06 -96.0131 1212907382
2286.9 -64.7532 1212907437
2260.31 302.56 1212907506
2254.99 308.143 1212907526
2239.03 595.083 1212907586
2125.57 1114.28 1212907632
1955.39 1278.42 1212907693
2176.98 1564.28 1212907753
2648.55 2070.14 1212907813
2407.45 2304.65 1212907873
2188.51 2696.64 1212907933
2151.28 2915.54 1212907993
2122.91 2955.75 1212908031
2122.91 2954.63 1212908047
2014.77 3142.26 1212908107
2231.05 3298.62 1212908168
2785.05 3478.44 1212908234
2715.03 3934.16 1212908289
2879.01 3983.3 1212908350
2886.99 4001.18 1212908383
2887.87 4001.18 1212908389
2885.21 3995.59 1212908426
2899.4 3671.67 1212908485
2895.85 3362.29 1212908531
2535.97 3278.52 1212908586
1919.04 3169.06 1212908651
1665.54 3041.74 1212908707
1527.26 2902.14 1212908768
1351.75 2875.33 1212908813
1349.09 2875.33 1212908818
1258.68 2930.06 1212908877
1814.45 3049.56 1212908941
1938.54 3112.1 1212908991
2264.74 3151.2 1212909042
2894.96 3241.66 1212909103
3026.15 3164.6 1212909172
3214.07 2893.2 1212909223
3467.58 2612.88 1212909283
3375.39 2472.17 1212909343
3377.16 2474.4 1212909377
3376.28 2475.52 1212909379
3292.07 2396.23 1212909432
2623.73 1699.4 1212909492
2646.77 1112.05 1212909519
1270.2 1126.56 1212909580
935.146 1736.25 1212909640
674.546 1691.58 1212909700
4.43197 1582.15 1212909760
-682.524 1463.78 1212909820
-1354.41 1357.7 1212909884
-1780.77 886.5 1212909940
-2168.12 691.104 1212910000
-2246.12 548.19 1212910033
-2242.58 474.5 1212910072
-2243.46 475.616 1212910084
-2510.27 451.053 1212910135
-2738.96 441.005 1212910203
-2741.62 640.861 1212910255
-2115.82 678.823 1212910315
-1964.25 638.628 1212910375
-1862.31 646.443 1212910440
-1754.17 657.609 1212910495
-1754.17 658.725 1212910549
-1543.21 788.243 1212910609
-1543.21 788.243 1212910629
-1501.55 1021.6 1212910645
-1431.53 1032.77 1212910669
-1155.86 1075.2 1212910729
-871.326 1208.08 1212910795
-871.326 1208.08 1212910807
-900.577 1404.6 1212910840
-1067.22 1554.23 1212910900
-1064.56 1550.88 1212910960
-1064.56 1550.88 1212910981
-822.574 1346.54 1212911044
-438.765 1405.72 1212911100
194.12 1503.98 1212911162
452.948 1547.53 1212911185
989.216 1634.63 1212911258
1188.65 1462.66 1212911305
1411.14 644.21 1212911369
1435.96 336.055 1212911425
1453.69 37.959 1212911496
1453.69 35.7261 1212911523
1454.57 34.6097 1212911529
1457.23 4.46575 1212911549
1498.89 -348.321 1212911621
1561.83 -18.9794 1212911687
1517.51 432.073 1212911753
1446.6 550.423 1212911809
1040.63 523.626 1212911870
605.407 491.248 1212911930
273.896 474.5 1212911990
23.0463 616.297 1212912050
5.31837 821.74 1212912110
-115.231 1228.17 1212912175
-164.869 1543.06 1212912241
-482.199 1730.66 1212912292
-694.047 1690.46 1212912353
-964.397 1795.43 1212912421
-1042.4 2326.99 1212912473
-1037.08 2463.23 1212912534
-968.829 2810.56 1212912594
-413.06 2905.49 1212912654
-68.2524 3174.65 1212912719
-43.4333 3179.12 1212912745
-42.5469 3180.23 1212912752
140.05 3207.04 1212912812
201.212 2954.63 1212912868
273.009 2544.76 1212912928
321.761 2224.25 1212912990
405.082 1654.73 1212913048
429.901 1556.46 1212913099
808.392 1606.71 1212913159
1322.5 1104.23 1212913223
2352.49 986.991 1212913259
2683.12 758.097 1212913279
2852.42 -387.395 1212913331
2616.64 -1846.38 1212913382
1812.68 -3110.92 1212913442
351.012 -3105.34 1212913500
-945.783 -3801.71 1212913550
-848.279 -4471.23 1212913611
-528.291 -4794.82 1212913676
-304.033 -4987.84 1212913731
-33.683 -5168.59 1212913791
-14.1823 -5178.64 1212913851
-15.9551 -5176.4 1212913904
