3719.31 2550.34 1212842923
3313.34 2955.75 1212842977
2975.63 2920.01 1212843041
2812.53 3057.38 1212843098
2198.26 3023.87 1212843159
1840.15 2920.01 1212843219
1373.91 3160.13 1212843280
1347.32 3280.75 1212843340
1211.7 3295.27 1212843404
1338.46 3319.84 1212843464
1354.41 3288.57 1212843472
1444.82 2815.02 1212843535
1459.89 2478.87 1212843600
1494.46 2377.24 1212843652
1920.82 2427.5 1212843713
1903.09 2748.02 1212843773
2185.85 2893.2 1212843837
2205.35 2905.49 1212843858
2208.01 2904.37 1212843860
2172.55 2817.26 1212843919
2005.91 2991.48 1212843980
2005.91 2990.37 1212843981
1290.59 2865.28 1212844041
831.438 2803.86 1212844102
418.378 2732.38 1212844162
379.377 2667.61 1212844222
379.377 2667.61 1212844236
272.123 2534.71 1212844297
-138.278 2651.97 1212844357
-920.077 2505.67 1212844418
-1051.26 2500.09 1212844478
-1289.7 2462.12 1212844539
-1289.7 2464.35 1212844602
-1289.7 2464.35 1212844662
-1287.93 2463.23 1212844724
-1289.7 2464.35 1212844782
-1290.59 2464.35 1212844851
-1290.59 2463.23 1212844905
-1293.25 2468.82 1212844965
-1292.36 2465.47 1212845024
-1292.36 2463.23 1212845091
-1293.25 2466.58 1212845151
-1294.14 2467.7 1212845208
-1293.25 2467.7 1212845265
-1291.48 2468.82 1212845323
-1289.7 2468.82 1212845383
-1674.4 2655.32 1212845445
-1423.55 2953.51 1212845505
-989.216 3135.56 1212845566
-455.607 3221.56 1212845626
-451.175 3220.44 1212845653
-8.86394 3290.8 1212845714
194.12 3843.68 1212845836
689.615 3909.58 1212845885
1068.11 3973.25 1212845948
1224.11 4074.9 1212845972
1103.56 3990.01 1212846032
807.505 3937.51 1212846097
473.335 3904 1212846152
483.971 3864.9 1212846215
473.335 3896.18 1212846272
483.971 3876.07 1212846333
485.744 3864.9 1212846372
815.483 3822.46 1212846422
878.417 3423.72 1212846482
995.421 2651.97 1212846542
1129.27 1802.13 1212846604
1014.04 1668.13 1212846662
1076.97 1332.02 1212846722
1752.4 1051.75 1212846791
2668.93 288.046 1212846846
2816.96 -1231.34 1212846896
2520.02 -2699.1 1212846944
3066.04 -4114.16 1212846991
3559.76 -5539.01 1212847031
3820.36 -7004.89 1212847071
4088.05 -8497.27 1212847107
2827.6 -14036.1 1212847272
3129.86 -15513.8 1212847312
4027.78 -16178 1212847380
4435.52 -15868.2 1212847439
4323.83 -15855.9 1212847497
4318.51 -15917.2 1212847559
4318.51 -15911.7 1212847600
4316.74 -15909.4 1212847680
4316.74 -15909.4 1212847693
4316.74 -15908.3 1212847694
4147.44 -16065.4 1212847759
3166.2 -15465.9 1212847819
3546.46 -10428.7 1212847975
4196.19 -9088.35 1212848017
3940.91 -7599.42 1212848064
3674.1 -6110.22 1212848108
2813.42 -3241.5 1212848204
3579.26 -1754.85 1212848257
3850.5 -274.639 1212848304
3359.43 1200.26 1212848346
3862.91 1993.08 1212848416
3885.07 2409.63 1212848468
3736.15 2560.39 1212848531
3456.94 2854.11 1212848588
3167.97 2819.49 1212848652
2827.6 3097.59 1212848709
2662.73 3070.78 1212848773
2414.54 3036.16 1212848832
1613.24 2914.42 1212848891
1380.12 3085.3 1212848952
1237.41 3289.69 1212849014
1201.06 3341.06 1212849074
1125.72 3747.62 1212849140
1095.58 3954.26 1212849172
1063.67 4147.5 1212849231
1143.45 4513.89 1212849291
1349.09 4977.48 1212849352
1616.78 5019.93 1212849414
1646.03 5116 1212849469
1660.22 5051.21 1212849518
1931.45 4759.64 1212849578
2374.65 4306.12 1212849644
2429.61 3982.19 1212849701
2473.93 3694.01 1212849759
2538.63 3259.53 1212849825
2588.27 2886.5 1212849879
2904.71 2597.25 1212849942
3098.83 2487.8 1212849999
3199 2683.24 1212850062
3048.31 2705.58 1212850119
3050.97 2703.34 1212850135
2953.47 2609.53 1212850202
2762.01 2436.43 1212850260
2774.41 2426.38 1212850321
2765.55 2427.5 1212850378
2737.19 2436.43 1212850449
2754.91 2430.85 1212850499
2769.1 2425.26 1212850510
2751.37 2704.46 1212850570
3047.42 2461 1212850630
3141.38 2741.31 1212850690
3042.11 2701.11 1212850751
3042.99 2701.11 1212850767
2569.66 2228.71 1212850888
2013 1682.65 1212850943
1730.24 1930.55 1212851004
1791.4 2007.6 1212851070
1792.29 2007.6 1212851125
1778.99 2013.19 1212851185
1794.95 2000.9 1212851245
1794.06 2003.14 1212851305
1794.06 2000.9 1212851367
1822.43 2027.7 1212851425
1934.11 1985.27 1212851485
1932.34 1985.27 1212851546
1927.91 1981.92 1212851607
1927.91 1980.8 1212851667
1931.45 1981.92 1212851727
1974.89 1916.03 1212851789
1756.83 1984.15 1212851853
1826.86 1997.55 1212851883
1985.52 1947.3 1212851931
2141.53 2142.73 1212851991
2018.32 2302.42 1212852054
1886.25 2697.76 1212852114
1848.13 3049.56 1212852171
2297.53 3116.57 1212852232
2677.8 3275.17 1212852298
2525.34 3245.01 1212852344
2525.34 3245.01 1212852351
2558.13 3073.01 1212852405
2156.6 2995.95 1212852468
1763.04 2937.88 1212852526
1384.55 3065.2 1212852589
1335.8 3277.4 1212852648
1155.86 3653.8 1212852709
1271.98 3759.91 1212852772
1226.77 4021.28 1212852829
1208.16 4143.03 1212852889
1200.18 4149.74 1212852949
1194.86 4154.2 1212853009
1198.41 4151.97 1212853073
1243.61 3929.69 1212853133
956.42 3832.51 1212853193
858.03 4466.97 1212853258
941.351 4926.09 1212853315
1089.38 5053.44 1212853370
1198.41 5060.15 1212853421
1343.77 5083.6 1212853474
2074.16 5198.67 1212853596
1945.64 5293.63 1212853654
1627.42 5241.12 1212853715
1334.91 5207.61 1212853832
1271.09 4759.64 1212853956
1247.16 4747.36 1212854009
1248.04 4751.82 1212854073
1247.16 4748.47 1212854137
1246.27 4746.24 1212854172
1244.5 4742.89 1212854277
1244.5 4744 1212854379
1246.27 4748.47 1212854408
1223.22 4636.76 1212854462
1172.7 4735.07 1212854524
1100.9 4617.77 1212854580
904.122 4590.96 1212854648
708.229 4557.45 1212854702
979.466 4575.33 1212854762
979.466 4574.21 1212854808
984.784 4564.16 1212854842
858.03 4563.04 1212854930
981.239 4586.5 1212854981
1271.09 4704.91 1212855050
1255.13 4729.48 1212855088
1248.04 4730.6 1212855147
1263.11 4713.84 1212855207
1263.11 4717.19 1212855259
1327.82 4339.63 1212855310
1256.02 4002.29 1212855368
954.647 3957.61 1212855423
710.002 3938.62 1212855491
131.186 3822.46 1212855543
-22.1599 3425.95 1212855605
30.1374 3110.99 1212855667
-637.318 2975.85 1212855728
-781.8 2954.63 1212855749
-1029.1 2853 1212855803
-1023.79 2525.77 1212855837
-1202.84 2479.98 1212855897
-1204.61 2479.98 1212855958
-1203.72 2475.52 1212856043
-1291.48 2429.73 1212856106
-1052.15 2344.86 1212856165
-986.557 2408.51 1212856226
-980.352 2380.59 1212856286
-979.466 2377.24 1212856327
-979.466 2379.48 1212856387
-979.466 2377.24 1212856453
-1033.54 2338.16 1212856510
-1035.31 2437.55 1212856567
-958.192 2875.33 1212856629
-976.807 3008.24 1212856694
-1012.26 3218.21 1212856753
-171.961 3565.56 1212856869
87.753 3715.23 1212856929
522.086 3885.01 1212856989
781.8 3933.04 1212857049
1094.7 3991.12 1212857109
1287.93 3633.7 1212857170
1325.16 3428.18 1212857211
1334.91 3408.08 1212857215
1373.91 3199.22 1212857273
1637.17 3222.67 1212857334
1732.01 2777.05 1212857399
1910.18 2448.72 1212857455
2233.71 2444.25 1212857516
2465.95 2265.57 1212857582
2792.14 1919.38 1212857630
3201.66 1466.01 1212857692
3784.02 303.677 1212857750
4153.64 187.564 1212857813
4167.83 55.8221 1212857873
4185.55 -146.252 1212857898
4096.03 17.863 1212857948
3814.16 452.17 1212858008
3477.33 1573.21 1212858071
3857.59 2039.99 1212858131
3911.66 2386.18 1212858192
3742.36 2551.46 1212858241
3680.31 2237.65 1212858308
3362.98 1924.97 1212858361
3050.97 1608.95 1212858422
2709.71 1227.06 1212858482
2711.48 1237.11 1212858515
2710.59 1235.99 1212858519
2708.82 1228.17 1212858577
2709.71 1232.64 1212858641
2669.82 1246.04 1212858697
2417.2 1240.46 1212858757
2146.85 1500.63 1212858817
1761.27 1899.28 1212858877
1747.08 1900.4 1212858940
1775.45 1977.45 1212859000
1786.08 1995.32 1212859059
1786.97 1986.38 1212859124
1787.86 2007.6 1212859161
1463.44 1694.93 1212859221
1350.87 1585.5 1212859284
998.967 1233.76 1212859349
874.871 1108.7 1212859389
452.948 840.721 1212859445
33.683 813.924 1212859506
60.2748 947.911 1212859569
70.9116 956.843 1212859610
70.9116 956.843 1212859611
55.8428 990.341 1212859633
325.307 834.022 1212859694
567.292 846.304 1212859756
584.134 841.838 1212859820
1046.83 1260.56 1212859879
1197.52 1400.13 1212859941
1435.96 1649.15 1212860055
1682.38 1900.4 1212860116
1798.49 2022.12 1212860175
1977.55 1945.07 1212860237
1786.97 1871.36 1212860295
1781.65 1986.38 1212860358
1786.97 2009.84 1212860438
1794.06 2002.02 1212860498
1817.99 2008.72 1212860612
1814.45 2022.12 1212860672
1815.34 2022.12 1212860675
2184.96 1749.65 1212860796
2384.4 1598.9 1212860860
2385.29 1597.78 1212860873
2395.04 1531.9 1212860921
2630.82 1493.93 1212860970
3109.47 1938.37 1212861030
3150.25 1978.57 1212861091
3682.08 2509.02 1212861151
3474.67 2890.97 1212861211
3387.8 2850.76 1212861272
3440.1 2897.67 1212861332
3401.98 2869.75 1212861393
3387.8 2825.08 1212861453
3363.87 2792.69 1212861521
3349.68 2775.94 1212861577
3386.03 2810.56 1212861627
3148.47 3056.26 1212861694
3198.11 3428.18 1212861747
3369.19 3692.89 1212861807
3564.19 4088.3 1212861867
3267.25 4552.98 1212861937
2723.89 5161.8 1212862048
2484.56 5301.45 1212862109
2381.74 5350.6 1212862138
2294.88 5393.06 1212862208
2270.06 5389.7 1212862267
2268.28 5390.82 1212862326
2262.97 5394.17 1212862379
2262.08 5388.59 1212862419
2262.08 5388.59 1212862478
2262.08 5387.47 1212862494
2075.94 5400.88 1212862556
1830.4 5166.27 1212862623
1509.53 5216.54 1212862692
1649.58 5149.52 1212862755
1903.09 5171.86 1212862817
2136.21 5104.83 1212862872
2553.7 5170.74 1212862933
3110.36 4721.66 1212862992
3499.49 4166.49 1212863053
3587.24 4033.57 1212863077
3736.15 3887.24 1212863139
3727.29 3908.47 1212863160
3727.29 3907.35 1212863161
3685.63 3952.03 1212863227
3421.48 4320.64 1212863281
3140.5 4719.43 1212863341
3019.95 4882.52 1212863406
2859.51 5046.74 1212863462
2590.04 5242.24 1212863521
2384.4 5345.02 1212863583
1770.13 5372.95 1212863704
1353.52 5197.55 1212863886
1508.64 5138.34 1212863947
1712.51 5146.16 1212864004
1974 5200.9 1212864114
1975.77 5228.83 1212864158
1974 5246.71 1212864217
1948.29 5120.47 1212864246
1558.28 5021.05 1212864309
1092.04 4940.61 1212864363
1156.74 4449.1 1212864423
1208.16 4176.54 1212864490
1223.22 4046.97 1212864520
1294.14 3444.94 1212864581
1336.68 3315.38 1212864641
1224.11 3278.52 1212864702
1176.25 3343.3 1212864763
1240.95 3335.48 1212864824
1240.07 3334.36 1212864835
1232.09 3375.69 1212864889
1451.91 3414.78 1212864950
1888.91 3487.38 1212865010
2176.1 3526.47 1212865070
2280.69 3568.91 1212865130
2309.06 3506.37 1212865194
2278.92 3563.33 1212865253
2278.03 3565.56 1212865316
2280.69 3565.56 1212865373
2283.35 3564.45 1212865439
2357.81 3503.02 1212865493
2403.9 3279.64 1212865554
2299.31 3223.79 1212865613
2244.35 2992.6 1212865673
2185.85 2973.61 1212865735
2184.08 2978.08 1212865793
2181.42 2979.2 1212865853
2184.08 2979.2 1212865916
2162.8 2972.5 1212865964
2015.66 2947.93 1212866025
2145.96 2840.71 1212866085
2365.79 2898.79 1212866157
2528 2931.17 1212866167
2600.68 2894.32 1212866227
2694.64 2825.08 1212866287
2877.24 2619.58 1212866349
3128.09 2748.02 1212866456
3050.97 2699.99 1212866511
3052.74 2702.23 1212866520
3046.54 2693.29 1212866580
2968.53 2620.7 1212866642
3029.7 2477.75 1212866705
3363.87 2730.15 1212866761
3458.71 2840.71 1212866822
3453.39 2854.11 1212866882
3468.46 2864.16 1212866903
3545.58 2807.21 1212866963
3461.37 2837.36 1212867061
3579.26 2792.69 1212867131
3486.19 2831.78 1212867188
3470.23 2828.43 1212867241
3460.48 2826.19 1212867302
3464.92 2817.26 1212867362
3456.94 2818.38 1212867424
3285.86 2879.8 1212867484
3155.56 2754.72 1212867542
3069.58 2895.44 1212867629
3077.56 2887.62 1212867684
3078.45 2883.15 1212867752
3113.02 2822.84 1212867804
3152.02 2777.05 1212867869
3121.88 2821.73 1212867915
3125.43 3043.98 1212867978
3415.28 3350 1212868045
3444.53 4011.23 1212868168
3281.43 4299.42 1212868218
2940.17 4464.74 1212868279
2850.64 4994.23 1212868343
2749.6 5145.05 1212868398
2575.86 5256.76 1212868458
2558.13 5271.29 1212868519
2558.13 5270.17 1212868540
2558.13 5270.17 1212868542
2406.56 5334.96 1212868604
2093.66 5312.62 1212868668
1703.65 5254.53 1212868731
1544.99 5124.94 1212868787
1226.77 5072.43 1212868845
857.143 4905.98 1212868902
430.788 4836.72 1212868977
-148.028 4783.1 1212869022
-446.743 5002.05 1212869082
-340.375 5108.18 1212869143
-351.899 4902.63 1212869203
-496.381 4529.53 1212869269
-85.9803 4532.88 1212869385
-92.185 4535.11 1212869393
245.531 4588.73 1212869450
547.792 4555.22 1212869515
592.111 4273.72 1212869573
772.936 3919.64 1212869631
1038.85 3966.55 1212869691
2564.34 4210.05 1212869813
2648.55 4131.86 1212869873
2767.32 3993.36 1212869933
2783.28 4013.46 1212869985
2826.71 4239.1 1212870048
2777.07 4260.32 1212870108
2433.15 4338.51 1212870166
1573.35 5099.24 1212870286
1573.35 5103.71 1212870296
1700.99 5145.05 1212870357
1720.49 5156.22 1212870417
1724.04 5145.05 1212870598
1724.04 5152.87 1212870661
1720.49 5143.93 1212870720
1720.49 5142.81 1212870781
1718.72 5149.52 1212870808
1717.83 5148.4 1212870922
1716.95 5147.28 1212870982
1906.63 5176.33 1212871102
1907.52 5179.68 1212871145
1097.36 4860.18 1212871388
1180.68 4310.59 1212871447
1106.22 4092.77 1212871509
980.352 3959.85 1212871563
691.388 3916.29 1212871624
264.146 3844.8 1212871686
78.8891 3695.13 1212871743
113.458 3479.56 1212871804
213.621 2950.16 1212871927
230.463 2803.86 1212871988
296.056 2801.62 1212872045
296.942 2800.51 1212872054
296.056 2800.51 1212872122
296.056 2800.51 1212872125
296.942 2803.86 1212872138
527.405 2840.71 1212872198
1081.4 2925.59 1212872259
1253.36 2955.75 1212872319
1720.49 3033.92 1212872379
2178.76 3126.62 1212872441
2543.95 3179.12 1212872500
2750.48 3217.09 1212872562
2755.8 3208.16 1212872591
2755.8 3208.16 1212872592
2757.57 3198.1 1212872655
2822.28 3164.6 1212872712
2879.01 3276.29 1212872775
2599.79 3279.64 1212872833
2532.43 3265.12 1212872897
2535.09 3268.47 1212872956
2594.48 3328.78 1212873054
2562.57 3338.83 1212873116
2558.13 3319.84 1212873181
2519.13 3293.04 1212873225
2535.09 3245.01 1212873286
2575.86 3270.7 1212873346
2553.7 3253.95 1212873406
2569.66 3262.88 1212873466
2556.36 3250.6 1212873492
2567 3069.66 1212873553
2353.38 3019.41 1212873610
2187.62 3037.28 1212873671
2035.16 2810.56 1212873731
2252.33 2452.07 1212873792
2631.71 2073.49 1212873853
3023.49 1670.36 1212873915
3467.58 868.635 1212873974
3865.57 -589.458 1212874028
3378.94 -2000.41 1212874082
2855.08 -3392.15 1212874138
3688.29 -6278.67 1212874233
3955.09 -7766.73 1212874273
4181.12 -9252.28 1212874329
3442.76 -10545.8 1212874369
2626.39 -13282.7 1212874468
3317.77 -16196.9 1212874570
4505.54 -16167.9 1212874739
4500.22 -15922.8 1212874758
2658.3 -13329.5 1212874912
2544.84 -11852.5 1212874964
4096.92 -8430.35 1212875080
3822.13 -6923.46 1212875128
3554.44 -5450.87 1212875177
3277.89 -4903.05 1212875198
2875.46 -3446.84 1212875245
2902.94 -3297.29 1212875357
2889.65 -3288.37 1212875415
2894.96 -3288.37 1212875477
2896.74 -3286.13 1212875535
2879.9 -3289.48 1212875596
2555.48 -2293.96 1212875716
2758.46 -1819.59 1212875776
2846.21 -1461.29 1212875838
3004.88 -1200.08 1212875900
3584.58 -956.732 1212876023
3571.28 -981.29 1212876152
3666.13 -945.569 1212876302
3667.01 -946.685 1212876362
3666.13 -946.685 1212876423
3666.13 -945.569 1212876483
3666.13 -945.569 1212876513
3665.24 -945.569 1212876574
3659.92 -934.405 1212876634
3737.04 -976.825 1212876695
3737.04 -969.011 1212876728
3737.93 -969.011 1212876788
3738.81 -969.011 1212876849
3741.47 -970.127 1212876911
3740.58 -969.011 1212876968
3740.58 -969.011 1212877029
3628.9 -983.523 1212877089
3608.51 -983.523 1212877150
3608.51 -981.29 1212877210
3608.51 -981.29 1212877271
3658.15 -999.151 1212877332
3668.79 -1035.99 1212877413
3693.61 -1012.55 1212877473
3612.06 -1029.29 1212877565
