1202.84 2093.59 1211160997
1206.38 2310.24 1211161011
1126.61 2825.08 1211161188
982.125 3753.21 1211161298
1257.79 3997.82 1211161349
2230.17 4154.2 1211161408
2239.92 4220.11 1211161471
2209.78 4450.22 1211161506
2524.45 4523.94 1211161567
2715.91 4559.69 1211161728
2364.01 4509.42 1211161776
2176.1 4565.27 1211161837
1672.63 5017.69 1211161940
1646.92 5063.5 1211161992
1655.78 5066.85 1211162047
1661.99 5089.19 1211162073
1651.35 5095.89 1211162098
2012.12 5190.85 1211162157
2309.94 5131.64 1211162217
2814.3 5052.33 1211162278
2924.22 4942.85 1211162339
3061.61 4329.58 1211162399
3148.47 3828.05 1211162459
3409.07 3277.4 1211162523
3630.67 2744.67 1211162592
3229.13 2329.22 1211162643
3433.89 2062.32 1211162708
3635.99 1888.11 1211162758
3636.88 1889.23 1211162760
3668.79 1830.05 1211162820
3876.2 1950.65 1211162880
4086.28 2179.58 1211162940
4087.16 2178.46 1211162943
4244.06 2842.95 1211163004
3957.75 3628.11 1211163065
3760.97 3857.09 1211163125
3338.16 4432.34 1211163185
3013.74 4886.99 1211163248
3012.85 4885.88 1211163305
2987.15 4836.72 1211163336
2988.04 4835.61 1211163340
2863.94 4929.44 1211163400
2601.57 5238.89 1211163460
2514.7 5284.69 1211163520
2292.22 5385.24 1211163584
2293.1 5386.35 1211163615
2058.21 5374.06 1211163676
2065.3 5332.73 1211163714
2135.32 4890.34 1211163775
2200.92 4510.54 1211163835
2247.01 4200 1211163896
2263.85 4064.84 1211163959
2321.47 3687.31 1211164016
2214.21 3594.6 1211164077
2237.26 3586.79 1211164100
2237.26 3586.79 1211164104
2059.98 3523.12 1211164158
2033.39 3705.18 1211164203
2438.47 3806.82 1211164262
2655.64 3825.81 1211164322
2875.46 3847.03 1211164389
3057.17 3908.47 1211164446
