5533.76 6495.78 1212396287
5685.33 5717.04 1212396347
5838.68 5095.89 1212396407
4878.71 3963.2 1212396459
3903.68 2864.16 1212396519
2952.58 1976.33 1212396580
2952.58 1976.33 1212396598
2165.46 1487.23 1212396659
1865.86 1790.96 1212396719
1618.56 1560.93 1212396779
1527.26 1476.06 1212396839
1352.64 1345.42 1212396907
1365.93 941.212 1212397017
1365.93 945.678 1212397098
1365.93 945.678 1212397308
1365.05 933.396 1212397310
1221.45 490.131 1212397375
1264.88 -65.8696 1212397432
1295.02 -530.291 1212397490
1324.27 -881.939 1212397550
1373.91 -1345.2 1212397610
2008.57 -1330.69 1212397671
2793.92 -1216.83 1212397732
3577.49 -1156.55 1212397791
3659.04 -908.73 1212397852
3593.44 -958.964 1212397913
3591.67 -956.732 1212397973
3597.88 -969.011 1212398033
3592.56 -971.244 1212398093
3628.9 -925.475 1212398154
3643.08 -936.638 1212398177
