4553.41 -16017.5 1212635238
4145.67 -16078.8 1212635298
3922.3 -16235.9 1212635365
4041.96 -16225.9 1212635418
4047.28 -16215.8 1212635476
4049.94 -16215.8 1212635531
4050.82 -16215.8 1212635591
4039.3 -16205.8 1212635651
4041.07 -16204.7 1212635711
4041.07 -16204.7 1212635772
4041.07 -16203.6 1212635832
4041.07 -16196.9 1212635894
4039.3 -16198 1212635935
3606.74 -16193.6 1212635995
3075.79 -15039.1 1212636057
2740.73 -13573.6 1212636114
2564.34 -12087.7 1212636159
3260.16 -10746.5 1212636215
4114.64 -9531.07 1212636258
4016.25 -8015.45 1212636306
3750.33 -6536.37 1212636351
3363.87 -5067.06 1212636406
2939.28 -3591.91 1212636446
3321.32 -2151.09 1212636504
3930.27 -769.19 1212636549
3664.35 708.969 1212636598
3569.51 1670.36 1212636659
3861.13 1954 1212636719
3394 2500.09 1212636784
2914.46 2984.78 1212636842
2950.81 3147.84 1212636906
3130.75 3094.23 1212636962
3240.66 2885.38 1212637021
3325.75 2756.95 1212637081
3407.3 2517.96 1212637142
3067.81 2094.71 1212637203
2700.84 696.687 1212637263
2902.94 -792.633 1212637319
2456.2 -2219.18 1212637369
2919.78 -3670.03 1212637420
3498.6 -5262.32 1212637481
3779.59 -6778.44 1212637517
4042.85 -8249.67 1212637561
