-1828.63 2302.42 1212381348
-1693.9 1708.33 1212381412
-1677.06 1587.73 1212381464
-1592.85 1058.45 1212381527
-1208.16 1065.15 1212381592
-720.639 1152.25 1212381649
-136.505 1243.81 1212381709
132.959 1278.42 1212381763
172.847 1282.89 1212381786
740.139 1383.38 1212381846
978.579 1106.47 1212381908
974.147 1096.42 1212381934
1021.13 553.772 1212381994
1037.08 334.938 1212382059
1069.88 -87.0817 1212382114
1090.27 -401.908 1212382175
1118.63 -731.234 1212382238
1159.4 -1259.25 1212382298
1379.23 -1263.71 1212382358
1732.01 -1230.22 1212382424
1936.77 -1217.94 1212382475
1937.66 -1219.06 1212382476
1917.27 -823.89 1212382534
1923.48 -823.89 1212382594
1920.82 -820.541 1212382655
1876.5 -672.068 1212382706
1958.93 -132.855 1212382833
2297.53 -103.828 1212382893
2473.93 -315.946 1212382956
2475.7 -347.205 1212383013
2478.36 -368.416 1212383037
2586.5 -602.854 1212383097
2597.14 -778.12 1212383132
2677.8 -1730.3 1212383187
2043.14 -2991.51 1212383253
608.067 -3120.97 1212383301
-682.524 -4636.37 1212383485
-234.008 -5029.13 1212383547
-97.5034 -5213.22 1212383605
-501.699 -5776.65 1212383723
-558.428 -5817.93 1212383759
-560.201 -5816.81 1212383763
-821.688 -5327.03 1212383976
-397.105 -4755.76 1212384037
-321.761 -4624.1 1212384097
-319.102 -4622.98 1212384103
-447.629 -4814.9 1212384163
-755.208 -4550.45 1212384224
-1624.76 -5371.66 1212384348
