4408.93 -16030.9 1212546612
4407.15 -16035.3 1212546674
4407.15 -16034.2 1212546733
4408.93 -16033.1 1212546794
4412.47 -16033.1 1212546855
4409.81 -16032 1212546916
4411.59 -16029.8 1212546976
4410.7 -16029.8 1212547037
4408.93 -16029.8 1212547097
4413.36 -16029.8 1212547164
4415.13 -16027.5 1212547218
4411.59 -16026.4 1212547282
4413.36 -16025.3 1212547339
4412.47 -16026.4 1212547382
4412.47 -16032 1212547442
4410.7 -16028.7 1212547500
4410.7 -16027.5 1212547560
4410.7 -16026.4 1212547621
4410.7 -16028.7 1212547681
4410.7 -16028.7 1212547742
4410.7 -16029.8 1212547806
4409.81 -16030.9 1212547863
4408.93 -16030.9 1212547926
4409.81 -16030.9 1212547984
4408.93 -16030.9 1212548049
4408.04 -16030.9 1212548106
4409.81 -16032 1212548166
4410.7 -16029.8 1212548227
4410.7 -16028.7 1212548288
4411.59 -16028.7 1212548330
4411.59 -16029.8 1212548390
4408.93 -16030.9 1212548451
4409.81 -16030.9 1212548511
4409.81 -16030.9 1212548573
