991.875 1222.59 1211484337
646.182 870.868 1211484397
163.983 395.229 1211484458
60.2748 300.327 1211484475
24.819 610.714 1211484535
-20.3871 1064.03 1211484595
-319.102 1210.31 1211484664
-686.069 1150.01 1211484716
-864.235 1126.56 1211484748
-864.235 1126.56 1211484750
-1121.29 1081.9 1211484810
-1436.85 1030.54 1211484872
-1121.29 1077.43 1211484931
-858.916 1109.81 1211484992
-951.988 841.838 1211485053
-980.352 1010.44 1211485074
-893.486 1380.03 1211485134
-899.69 1428.05 1211485194
-1489.14 1343.19 1211485255
-1633.62 1396.78 1211485289
-1224.11 1488.35 1211485350
-920.964 1520.73 1211485415
-902.35 1368.87 1211485470
-754.322 1355.47 1211485531
-275.669 1430.28 1211485591
424.583 1544.18 1211485651
1140.79 1654.73 1211485711
1449.25 1809.95 1211485771
2026.3 1429.17 1211485831
2365.79 1560.93 1211485892
2673.37 1260.56 1211485956
2932.19 1383.38 1211486013
3425.03 889.85 1211486073
3778.7 725.717 1211486133
3963.07 995.923 1211486193
3967.5 1038.35 1211486213
3974.59 1091.95 1211486242
3974.59 1087.48 1211486244
3982.57 860.819 1211486304
3480.87 704.503 1211486364
3453.39 454.403 1211486424
3452.51 454.403 1211486484
3453.39 454.403 1211486539
3451.62 452.17 1211486564
3450.73 449.937 1211486624
3451.62 443.238 1211486684
3451.62 452.17 1211486744
3456.94 453.286 1211486805
3454.28 456.636 1211486865
3452.51 454.403 1211486925
3453.39 453.286 1211486987
3454.28 545.956 1211487047
3550.9 715.668 1211487109
3445.42 552.656 1211487194
3558.87 276.881 1211487233
3663.47 -32.3766 1211487293
3667.9 -112.759 1211487334
3489.73 65.8701 1211487394
3448.96 545.956 1211487454
3027.04 531.442 1211487515
2714.14 502.413 1211487575
2527.11 492.364 1211487636
2256.76 470.034 1211487699
1994.39 435.422 1211487756
1642.49 388.53 1211487817
1256.02 355.035 1211487877
777.368 319.308 1211487947
460.925 294.745 1211487999
192.348 98.2472 1211488060
102.822 88.1991 1211488091
102.822 88.1991 1211488093
258.827 471.15 1211488153
562.86 774.845 1211488213
626.681 839.605 1211488273
826.12 448.82 1211488333
873.099 -175.279 1211488417
905.895 -626.298 1211488476
951.101 -1240.27 1211488537
1429.75 -1342.97 1211488598
1717.83 -1332.92 1211488657
1739.11 -1299.43 1211488717
1744.42 -1307.24 1211488778
1743.54 -1305.01 1211488838
1739.99 -1294.97 1211488877
1742.65 -1293.85 1211488932
1739.11 -1315.06 1211488993
2130.01 -1323.99 1211489053
2948.15 -1204.55 1211489113
3383.37 -1171.06 1211489173
3746.79 -993.57 1211489233
3738.81 -969.011 1211489297
3738.81 -977.942 1211489355
3643.08 -912.079 1211489416
3577.49 -963.43 1211489476
3576.6 -975.709 1211489536
3573.94 -973.476 1211489600
3576.6 -999.151 1211489632
3577.49 -995.802 1211489692
3579.26 -987.988 1211489752
3579.26 -991.337 1211489812
