3491.51 2004.25 1212528340
3825.68 2398.46 1212528406
4072.1 2635.22 1212528460
4193.53 2741.31 1212528521
4257.35 3096.47 1212528581
3969.27 3614.71 1212528641
3761.86 3849.27 1212528701
3474.67 4240.21 1212528761
3267.25 4532.88 1212528824
3187.47 4650.17 1212528886
3049.2 4841.19 1212528942
3011.08 4721.66 1212529006
3060.72 4391.01 1212529035
2817.85 4358.62 1212529095
2613.98 4440.16 1212529166
2635.25 4475.91 1212529216
2645 4478.14 1212529276
2646.77 4481.49 1212529304
2495.2 4491.55 1212529365
2333.88 4589.85 1212529431
2275.37 4974.13 1212529484
2117.6 4994.23 1212529548
2129.12 4943.96 1212529606
2126.46 4943.96 1212529667
2126.46 4945.08 1212529729
2127.35 4943.96 1212529788
2141.53 4898.16 1212529855
2016.55 5098.13 1212529908
2008.57 5102.6 1212529971
2007.68 5100.36 1212530031
2009.46 5101.48 1212530095
2011.23 5099.24 1212530154
2010.34 5103.71 1212530212
1971.34 5091.42 1212530269
2104.3 4994.23 1212530333
2277.15 4933.91 1212530391
2317.92 4721.66 1212530451
2593.59 4537.35 1212530532
2629.93 4499.37 1212530592
2783.28 4455.8 1212530646
2942.83 4394.36 1212530711
2918.01 4641.23 1212530726
2896.74 4798.74 1212530753
2968.53 4601.02 1212530807
2954.35 4590.96 1212530867
2957.9 4598.78 1212530928
2957.9 4597.67 1212530953
2959.67 4592.08 1212531062
2949.92 4612.19 1212531119
2951.69 4608.84 1212531155
3075.79 4326.22 1212531215
3115.68 4064.84 1212531277
3234.45 3688.43 1212531343
3352.34 3709.65 1212531399
3431.23 3659.39 1212531456
3526.96 3755.44 1212531517
3674.1 3660.5 1212531578
3844.29 3434.88 1212531641
3960.41 3343.3 1212531663
4221.01 2974.73 1212531723
3885.07 2454.3 1212531787
3320.43 1891.46 1212531844
3095.29 1665.9 1212531904
3003.99 1323.09 1212531965
2980.94 1029.42 1212532025
3009.31 662.075 1212532082
2956.13 522.51 1212532140
2836.46 715.668 1212532200
2812.53 1059.57 1212532262
2719.46 1213.66 1212532287
2860.39 1414.65 1212532349
2862.17 1418 1212532356
2664.5 1653.61 1212532416
2238.15 2091.36 1212532476
1922.59 2502.32 1212532536
1831.29 3074.13 1212532596
1774.56 3432.65 1212532657
1736.45 3670.56 1212532721
1567.15 3857.09 1212532778
1249.82 3797.89 1212532842
1249.82 3797.89 1212532845
1303 3901.76 1212532959
1523.71 4031.33 1212533013
1525.48 4102.82 1212533035
1832.18 4026.87 1212533096
1907.52 3621.41 1212533153
1934.11 3395.79 1212533213
2210.67 3350 1212533276
2561.68 3367.87 1212533334
2712.37 3411.43 1212533375
2712.37 3411.43 1212533377
2795.69 3414.78 1212533399
3082.88 3400.26 1212533462
3089.97 3657.15 1212533523
3331.96 3705.18 1212533580
3360.32 3731.99 1212533601
3440.98 3700.71 1212533662
3669.67 3657.15 1212533725
3812.38 3522 1212533782
3629.79 3524.24 1212533842
3604.97 3620.29 1212533869
3499.49 3772.2 1212533929
3310.68 4025.75 1212533989
2841.78 3957.61 1212534049
2608.66 4194.42 1212534112
2576.75 4218.99 1212534158
2535.97 4253.62 1212534186
2402.13 4380.96 1212534221
2324.13 4443.51 1212534241
2180.53 4595.43 1212534306
2228.4 4296.06 1212534366
2264.74 4092.77 1212534424
2299.31 3862.67 1212534484
2346.29 3602.42 1212534545
2373.76 3365.64 1212534608
2397.7 3301.97 1212534668
2476.59 3217.09 1212534732
2476.59 3218.21 1212534734
2463.29 3211.51 1212534743
2425.18 3057.38 1212534802
1984.64 3001.54 1212534868
1596.4 3116.57 1212534922
1571.58 3110.99 1212534946
1513.08 3202.57 1212535004
1888.02 3285.22 1212535064
2317.04 3337.71 1212535119
2480.13 3356.7 1212535135
2504.95 3489.61 1212535197
2502.29 3480.68 1212535266
2501.41 3480.68 1212535317
2504.06 3485.15 1212535378
2504.95 3494.08 1212535437
2504.95 3494.08 1212535458
2505.84 3492.96 1212535514
2507.61 3487.38 1212535569
2616.64 3595.72 1212535637
2803.67 3613.59 1212535710
