4226.33 -16047.6 1212955590
3487.96 -16200.2 1212955653
2982.72 -14740.5 1212955701
2652.09 -13287.1 1212955747
2555.48 -11776.7 1212955790
3433.89 -10574.8 1212955840
4184.67 -9287.97 1212955879
3985.23 -7802.42 1212955924
3717.54 -6333.34 1212955965
3282.32 -4876.27 1212956010
2866.6 -3439.02 1212956055
2581.18 -1947.95 1212956102
2818.73 -1309.48 1212956162
2270.06 -1315.06 1212956222
1561.83 -1331.8 1212956283
1154.97 -1067.25 1212956345
1146.99 -919.893 1212956404
1349.98 -1130.87 1212956464
1637.17 -1336.27 1212956525
2072.39 -1329.57 1212956587
2752.25 -1445.66 1212956647
2639.68 -2954.68 1212956700
3129.86 -4355.18 1212956742
3608.51 -5806.77 1212956781
3863.79 -7294.91 1212956822
4142.12 -8796.16 1212956864
3671.45 -10240.3 1212956909
2675.14 -11351.9 1212956962
2831.14 -14075.1 1212957030
2871.92 -14367.1 1212957032
3194.57 -15802.5 1212957072
4417.79 -16037.6 1212957194
4523.27 -15931.7 1212957482
3852.27 -16170.2 1212957542
4101.35 -16472.1 1212957602
4024.23 -16173.5 1212957662
4022.46 -16159 1212957711
3440.98 -16172.4 1212957767
3013.74 -14756.1 1212957825
2661.84 -13307.2 1212957880
2549.27 -11813.4 1212957931
3433.01 -10569.2 1212957979
4191.76 -9242.24 1212958027
3973.71 -7757.8 1212958076
3713.11 -6255.25 1212958120
3258.39 -4805.97 1212958173
2859.51 -3346.4 1212958216
3421.48 -1942.37 1212958271
3865.57 -493.451 1212958320
3431.23 952.377 1212958369
3682.97 1775.33 1212958435
3989.66 2082.42 1212958489
4215.69 2386.18 1212958552
4252.92 2950.16 1212958599
3918.75 3662.74 1212958659
3768.95 3834.75 1212958720
3412.62 4320.64 1212958780
3398.44 4341.86 1212958840
3108.59 4408.89 1212958901
2870.15 4890.34 1212958961
2806.32 5089.19 1212959022
2317.04 5137.23 1212959082
1725.81 5043.39 1212959144
1651.35 5035.57 1212959204
1654.01 5040.04 1212959213
1651.35 5041.15 1212959227
1654.01 5043.39 1212959287
1654.01 5042.27 1212959347
1653.13 5056.79 1212959416
1655.78 5056.79 1212959450
1660.22 5057.91 1212959481
1664.65 5056.79 1212959515
1664.65 5056.79 1212959517
1663.76 5056.79 1212959522
1771.02 5151.75 1212959578
1853.45 5060.15 1212959640
2133.55 4903.75 1212959698
2319.69 4653.52 1212959759
2476.59 4518.36 1212959822
2794.8 4406.65 1212959880
3079.33 4233.51 1212959940
3148.47 3676.14 1212960004
3325.75 3354.47 1212960061
3706.02 2821.73 1212960122
3620.03 2737.96 1212960145
3854.04 2436.43 1212960205
3835.43 2124.86 1212960266
3589.01 1728.43 1212960329
3802.63 298.094 1212960387
3814.16 -1213.48 1212960435
3014.63 -2490.4 1212960489
3018.17 -3981.37 1212960546
3257.5 -4890.77 1212960576
3705.13 -6375.73 1212960626
3965.73 -7852.61 1212960670
4158.96 -9367.14 1212960713
3359.43 -10640.6 1212960757
2535.97 -11901.5 1212960797
2654.75 -13410.8 1212960841
2940.17 -14877.5 1212960895
3295.61 -16122.3 1212960930
4741.32 -16180.2 1212960988
4457.68 -15851.5 1212961048
4338.9 -15874.9 1212961102
4282.17 -15909.4 1212961109
3795.54 -16227 1212961170
4214.81 -16193.6 1212961233
4391.2 -16056.5 1212961290
4391.2 -16055.4 1212961354
4390.31 -16055.4 1212961410
4390.31 -16055.4 1212961474
4390.31 -16055.4 1212961536
4391.2 -16057.6 1212961591
4389.43 -16055.4 1212961653
4389.43 -16056.5 1212961711
4389.43 -16056.5 1212961774
4390.31 -16056.5 1212961835
4389.43 -16055.4 1212961893
4389.43 -16055.4 1212961957
4389.43 -16054.3 1212962014
4390.31 -16055.4 1212962085
4390.31 -16055.4 1212962137
4389.43 -16054.3 1212962195
4389.43 -16053.2 1212962256
4388.54 -16053.2 1212962314
4388.54 -16053.2 1212962375
4388.54 -16053.2 1212962435
4388.54 -16052.1 1212962496
4413.36 -16013.1 1212962559
