3721.97 -10409.8 1211172342
3723.74 -10412 1211172383
3555.33 -10621.6 1211172447
3358.55 -10920.4 1211172503
3109.47 -10866.9 1211172567
2549.27 -12229.3 1211172622
2750.48 -13705.1 1211172670
3027.92 -15168.4 1211172722
3736.15 -16259.3 1211172783
4253.81 -16097.7 1211172850
4403.61 -16050.9 1211172910
4403.61 -16050.9 1211172971
4408.04 -16047.6 1211173035
4416.02 -16026.4 1211173096
4275.97 -16134.5 1211173203
4518.84 -16140.1 1211173372
4521.5 -15987.4 1211173432
4322.06 -15907.2 1211173493
4322.06 -15907.2 1211173528
4185.55 -16075.5 1211173588
3278.77 -15859.3 1211173648
2933.97 -14369.4 1211173700
2618.41 -12912.6 1211173750
2680.46 -11369.7 1211173800
3700.7 -10231.3 1211173849
4155.42 -8777.2 1211173899
3890.39 -7292.68 1211173946
3616.49 -5786.69 1211173994
3156.45 -4376.39 1211174042
2647.66 -2933.47 1211174092
2791.26 -1383.15 1211174147
2612.2 119.46 1211174205
2294.88 1036.12 1211174265
1125.72 1261.67 1211174325
1303.89 1703.86 1211174387
1223.22 2189.63 1211174445
1102.67 2947.93 1211174505
954.647 3840.33 1211174566
582.361 4111.76 1211174627
174.62 4044.74 1211174687
-386.468 3959.85 1211174748
-843.848 3891.71 1211174807
-850.939 3907.35 1211174834
-850.939 3907.35 1211174836
-844.734 3881.66 1211174899
-591.225 4024.63 1211174957
-614.271 4331.81 1211175017
-625.794 4363.09 1211175092
-613.385 4296.06 1211175115
-803.073 4206.7 1211175205
-803.96 4205.59 1211175264
-807.505 4207.82 1211175322
-809.278 4213.41 1211175382
-803.073 4207.82 1211175443
-805.733 4210.05 1211175504
-937.805 4189.95 1211175526
-987.443 4179.9 1211175532
-782.686 4306.12 1211175595
-578.816 4458.04 1211175652
-578.816 4459.15 1211175662
-773.822 4427.87 1211175722
-1038.85 4490.43 1211175782
-1041.51 4496.01 1211175842
-1039.74 4491.55 1211175902
-1037.08 4481.49 1211175962
-916.532 4506.07 1211176022
-475.994 4578.68 1211176082
-156.892 4598.78 1211176145
106.367 4487.08 1211176203
-20.3871 4446.86 1211176264
-20.3871 4446.86 1211176286
-22.1599 4442.4 1211176346
-136.505 4160.91 1211176406
-21.2735 3777.78 1211176466
573.497 3895.06 1211176526
1062.79 3971.02 1211176586
1347.32 4007.88 1211176646
2260.31 4100.59 1211176707
2304.63 3851.5 1211176767
2325.01 3753.21 1211176798
2323.24 3753.21 1211176804
2321.47 3754.33 1211176862
2432.27 4033.57 1211176920
2418.97 4184.36 1211176980
2419.86 4182.13 1211177040
2427.83 4178.78 1211177100
2455.31 4197.77 1211177161
2668.93 4149.74 1211177225
2853.3 3971.02 1211177282
2938.4 3777.78 1211177342
3425.91 3880.54 1211177436
3638.65 3822.46 1211177496
3617.38 3563.33 1211177558
3306.25 3616.94 1211177617
3249.52 3442.7 1211177672
3071.36 3219.32 1211177722
3203.43 3169.06 1211177772
3207.86 3769.96 1211177833
3232.68 3739.81 1211177834
3226.48 3715.23 1211177851
3017.29 2995.95 1211177911
2815.19 2743.55 1211177955
2310.83 2423.03 1211178015
2185.85 2696.64 1211178075
2096.32 3011.59 1211178135
2020.98 3605.77 1211178196
2072.39 3721.93 1211178217
2081.25 3729.75 1211178237
2081.25 3729.75 1211178239
2307.28 3744.27 1211178299
2220.42 3551.04 1211178359
2222.19 3552.16 1211178384
1777.22 3480.68 1211178444
1658.44 3256.18 1211178505
1707.2 2928.94 1211178565
1783.43 2278.97 1211178627
1643.38 1945.07 1211178685
1443.94 1945.07 1211178705
1068.11 1856.85 1211178750
1231.2 2092.47 1211178813
1180.68 2466.58 1211178871
1056.58 3280.75 1211178931
921.85 4038.04 1211178992
947.556 4585.38 1211179052
1127.49 4684.8 1211179114
1106.22 4822.2 1211179134
1106.22 4822.2 1211179136
1168.27 4443.51 1211179196
1162.95 4395.48 1211179218
1224.11 4024.63 1211179278
1226.77 4024.63 1211179314
1226.77 4024.63 1211179316
1112.43 3978.84 1211179376
1096.47 3891.71 1211179436
1149.65 3543.23 1211179496
1286.16 2803.86 1211179556
1301.23 2545.87 1211179617
1422.66 2101.41 1211179676
1444.82 1648.03 1211179740
1397.84 1124.33 1211179799
1362.39 950.144 1211179883
1354.41 972.475 1211179907
1360.62 928.929 1211179964
1362.39 964.659 1211180024
1363.27 918.88 1211180089
1365.05 916.647 1211180147
1414.69 605.132 1211180211
1231.2 521.393 1211180265
1253.36 79.2675 1211180327
1284.39 -313.713 1211180361
1395.18 -533.64 1211180631
1719.61 -855.147 1211180632
2091 -840.635 1211180633
2364.01 -989.105 1211180681
2638.8 -1250.32 1211180739
3596.1 -1154.32 1211180798
3677.65 -904.265 1211180858
