3108.59 2754.72 1212684091
2943.72 2564.86 1212684154
3056.29 2449.83 1212684212
3215.84 2464.35 1212684273
3185.7 2439.78 1212684334
3132.52 2461 1212684357
3132.52 2476.63 1212684367
3212.29 2322.52 1212684423
2894.08 2010.95 1212684479
2528 1798.78 1212684540
2475.7 1849.03 1212684600
2067.96 2251.05 1212684661
1716.06 1937.25 1212684720
1406.71 1659.2 1212684780
1141.68 1383.38 1212684844
902.35 1139.96 1212684901
850.052 864.169 1212684978
986.557 859.703 1212685075
1003.4 860.819 1212685135
1002.51 736.882 1212685195
1021.13 516.927 1212685255
629.34 495.714 1212685317
441.424 213.242 1212685380
278.328 -238.914 1212685438
324.42 -832.821 1212685498
265.032 -1245.85 1212685559
8.86394 -1629.84 1212685619
213.621 -1886.56 1212685683
83.3211 -1801.73 1212685740
81.5483 -1802.85 1212685745
611.612 -1757.09 1212685806
766.731 -1373.1 1212685866
740.139 -1003.62 1212685920
909.441 -571.596 1212685988
866.007 8.93151 1212686040
825.233 529.209 1212686101
780.914 934.512 1212686148
936.919 1145.55 1212686208
1077.86 1286.24 1212686262
1336.68 1798.78 1212686322
1450.14 1855.73 1212686385
1443.05 1849.03 1212686466
1436.85 1837.86 1212686529
1444.82 1847.91 1212686586
1391.64 2148.31 1212686648
1365.93 2315.82 1212686707
1739.11 2398.46 1212686766
1736.45 2390.64 1212686826
1743.54 2395.11 1212686887
1833.06 2109.22 1212686947
1717.83 2004.25 1212687008
1381 1608.95 1212687069
1250.7 1470.48 1212687130
988.33 1212.54 1212687190
838.529 1066.27 1212687219
805.733 697.804 1212687279
839.416 155.186 1212687341
869.553 -204.306 1212687400
560.201 -414.188 1212687461
152.46 -628.531 1212687521
138.278 -967.895 1212687583
150.687 -1043.8 1212687643
150.687 -1043.8 1212687705
150.687 -1044.92 1212687765
147.141 -1048.27 1212687829
148.028 -1047.15 1212687885
155.119 -1040.45 1212687950
142.71 -1050.5 1212688010
150.687 -1549.47 1212688068
202.098 -1780.53 1212688131
94.8442 -1802.85 1212688151
155.119 -1799.5 1212688209
-2.65918 -1649.93 1212688269
-20.3871 -1397.66 1212688309
-218.053 -1356.36 1212688370
-798.641 -1500.36 1212688430
-1551.19 -1713.55 1212688490
-1585.76 -1870.94 1212688550
-1757.72 -2118.73 1212688584
-1825.97 -2164.49 1212688612
-1753.29 -1952.42 1212688672
-2028.96 -1507.05 1212688732
-2114.05 -1251.43 1212688793
-2472.15 -502.382 1212688853
-2496.97 4.46575 1212688914
-2416.31 197.612 1212688975
-2119.37 315.958 1212689034
-1903.98 391.879 1212689102
-1919.04 401.928 1212689106
-1933.23 384.064 1212689166
-2418.08 241.154 1212689232
-2520.02 31.2603 1212689275
-2846.21 -195.374 1212689333
-3269.91 -110.527 1212689395
-3443.64 -391.86 1212689453
-3411.73 -970.127 1212689513
-3545.58 -1275.99 1212689571
-3849.61 -1292.73 1212689631
-4707.64 -1339.62 1212689720
-5095.88 -1499.24 1212689772
-5041.81 -2459.14 1212689879
-5024.08 -2654.46 1212689920
-5037.38 -2444.63 1212689980
-4852.12 -1982.55 1212690041
-4473.63 -1961.35 1212690101
-4260.9 -1953.53 1212690162
-4154.53 -1937.91 1212690226
-4154.53 -1937.91 1212690227
-4214.81 -1941.26 1212690289
-4332.7 -1940.14 1212690349
-4405.38 -1760.43 1212690409
-4400.95 -1751.5 1212690469
-4400.95 -1751.5 1212690529
-4402.72 -1753.74 1212690589
-4404.49 -1755.97 1212690622
-4403.61 -1759.32 1212690682
-4401.83 -1755.97 1212690720
-4403.61 -1757.09 1212690781
-4441.72 -1754.85 1212690841
-4442.61 -1752.62 1212690902
-4441.72 -1747.04 1212690940
-4441.72 -1757.09 1212691001
-4439.95 -1749.27 1212691061
-4441.72 -1755.97 1212691123
-4437.29 -1749.27 1212691183
-4439.95 -1750.39 1212691244
-4437.29 -1745.92 1212691281
-4437.29 -1744.81 1212691341
-4440.84 -1752.62 1212691391
-4442.61 -1763.78 1212691451
-4332.7 -1747.04 1212691511
-3743.24 -1713.55 1212691571
-3260.16 -1683.42 1212691631
-2792.14 -1865.36 1212691691
-2315.26 -1671.14 1212691758
-1808.24 -1846.38 1212691811
-1659.33 -1836.34 1212691844
-1273.75 -1914.47 1212691947
-1388.09 -1780.53 1212692004
-973.261 -1503.7 1212692065
-615.158 -821.657 1212692132
-781.8 -174.163 1212692198
-387.354 108.295 1212692244
26.5918 266.833 1212692348
187.029 429.84 1212692411
440.538 659.842 1212692480
792.437 1003.74 1212692531
934.26 1147.78 1212692591
1089.38 1306.34 1212692651
1282.61 1854.61 1212692712
1172.7 2605.06 1212692772
1755.06 2823.96 1212692866
1755.06 2822.84 1212692872
1756.83 2811.67 1212692922
1756.83 2810.56 1212692928
2020.09 2865.28 1212692983
2293.1 3108.75 1212693043
2762.89 3189.17 1212693107
2828.48 3229.38 1212693165
2794.8 3572.27 1212693224
2902.06 3610.24 1212693283
2920.67 3524.24 1212693343
2958.78 3203.69 1212693401
3001.33 3240.54 1212693424
3102.38 3494.08 1212693470
3323.09 3413.66 1212693531
3428.57 3593.49 1212693592
3513.67 3752.09 1212693652
3413.5 4144.15 1212693716
3279.66 4289.36 1212693774
2943.72 4261.44 1212693834
2940.17 4432.34 1212693911
3000.45 4737.3 1212693970
3069.58 4302.77 1212694030
3069.58 4297.18 1212694034
3154.68 3817.99 1212694094
3154.68 3714.12 1212694155
3191.91 3639.28 1212694176
3554.44 2940.11 1212694236
3645.74 2755.83 1212694297
3608.51 2696.64 1212694332
3214.95 2315.82 1212694385
3446.3 2050.04 1212694445
3632.44 1892.58 1212694479
3631.56 1891.46 1212694489
3703.36 1784.26 1212694547
3962.18 1924.97 1212694607
4036.64 2147.19 1212694661
4236.97 2712.28 1212694723
4105.78 3383.51 1212694781
3978.14 3580.08 1212694841
3835.43 3515.3 1212694901
3682.08 3465.04 1212694966
3473.78 3603.54 1212695022
3495.94 3662.74 1212695083
3362.09 3554.39 1212695147
3409.96 3450.52 1212695170
3017.29 3297.51 1212695229
2988.92 3299.74 1212695295
3005.76 3205.92 1212695349
3192.79 2979.2 1212695413
3250.41 2892.09 1212695469
3049.2 2462.12 1212695531
2730.98 1797.66 1212695589
2691.98 322.657 1212695651
2831.14 -1201.2 1212695708
2504.95 -2665.62 1212695756
3045.65 -4068.41 1212695801
3553.56 -5513.35 1212695853
3815.93 -6989.27 1212695890
4077.41 -8448.2 1212695933
3901.91 -9935.86 1212695986
2894.96 -11025.2 1212696025
2569.66 -12529.1 1212696084
2824.94 -14026.1 1212696137
3131.63 -15537.3 1212696187
4017.14 -16185.8 1212696243
4440.84 -15870.4 1212696305
4383.22 -15850.4 1212696346
4383.22 -15850.4 1212696348
3932.93 -16163.5 1212696415
3159.11 -15415.8 1212696468
2878.12 -13932.5 1212696525
2590.93 -12455.6 1212696576
2962.33 -10997.3 1212696633
3968.39 -9843.3 1212696690
4081.85 -8355.63 1212696741
3822.13 -6888.88 1212696790
3555.33 -5400.66 1212696844
3044.76 -3971.32 1212696897
2790.37 -2701.34 1212696957
3741.47 -1574.03 1212697006
3783.13 -1135.34 1212697071
3356.78 -1167.71 1212697134
2591.82 -1240.27 1212697189
2120.26 -1319.52 1212697259
1724.04 -1319.52 1212697310
1689.47 -1227.99 1212697372
1817.99 -1330.69 1212697430
2473.04 -1315.06 1212697490
2604.23 -1286.04 1212697554
2614.86 -1293.85 1212697612
2613.09 -1290.5 1212697677
2610.43 -1289.38 1212697732
3134.29 -1188.92 1212697793
3749.45 -1015.9 1212697854
3744.13 -970.127 1212697918
3745.02 -966.778 1212697986
3746.79 -965.662 1212698001
3745.9 -965.662 1212698036
3745.02 -965.662 1212698059
3742.36 -965.662 1212698146
3580.15 -981.29 1212698296
3586.35 -994.686 1212698349
3641.31 -918.777 1212698410
3642.19 -917.661 1212698470
3642.19 -921.01 1212698530
3643.08 -919.893 1212698591
3643.08 -918.777 1212698652
3643.97 -921.01 1212698718
3645.74 -914.312 1212698776
3642.19 -922.126 1212698834
