4192.65 -16089.9 1211589385
3319.55 -16023.1 1211589442
2634.36 -13259.3 1211589539
2555.48 -11778.9 1211589586
3466.69 -10536.9 1211589639
4197.96 -9236.67 1211589683
3964.84 -7699.8 1211589736
3693.61 -6162.65 1211589787
3228.25 -4723.4 1211589847
2816.96 -3249.31 1211589897
3468.46 -1888.8 1211589952
3860.25 -437.632 1211590007
3443.64 973.592 1211590068
3392.23 1257.21 1211590128
3253.95 1448.15 1211590191
3355 1912.68 1211590249
3674.99 2234.3 1211590316
3943.57 2754.72 1211590370
4155.42 2995.95 1211590431
3832.77 3287.45 1211590492
3728.18 3450.52 1211590552
3690.95 3602.42 1211590616
3784.02 3723.05 1211590673
3812.38 3728.64 1211590733
3838.09 3750.98 1211590784
3851.38 3733.1 1211590786
3833.66 3510.83 1211590846
3701.58 3414.78 1211590908
3530.51 3615.83 1211590972
3441.87 3650.45 1211591026
3264.59 3549.93 1211591086
2994.24 3386.86 1211591147
2981.83 3366.75 1211591207
2768.21 3611.36 1211591271
2832.92 3596.84 1211591291
3295.61 3704.06 1211591395
3355.89 3744.27 1211591426
3351.46 3613.59 1211591487
3162.66 3571.15 1211591547
2983.6 3565.56 1211591616
2693.75 3515.3 1211591667
2344.51 3442.7 1211591727
2115.82 3409.2 1211591788
1804.7 3370.1 1211591848
1369.48 3301.97 1211591910
1256.02 3281.87 1211591969
1089.38 3257.3 1211592034
441.424 3153.43 1211592098
-257.054 3069.66 1211592149
-328.852 3504.13 1211592215
-385.582 3851.5 1211592274
-383.809 3854.85 1211592300
-386.468 3863.79 1211592302
-272.123 4077.13 1211592368
269.464 4164.26 1211592429
452.061 4197.77 1211592482
839.416 4256.97 1211592542
999.853 4274.84 1211592602
1485.6 4366.44 1211592664
1810.02 4414.47 1211592727
1922.59 4430.11 1211592775
1911.07 4544.05 1211592838
1608.81 4386.54 1211592896
1214.36 4321.76 1211592956
919.191 4270.37 1211593026
750.776 4250.27 1211593077
455.607 4197.77 1211593138
129.414 4145.27 1211593198
15.0687 4140.8 1211593266
7.09116 4194.42 1211593272
66.4796 4235.75 1211593329
531.837 4207.82 1211593451
794.209 4251.38 1211593511
961.738 4277.08 1211593575
1392.53 4347.45 1211593636
1795.84 4410 1211593691
2281.58 4461.39 1211593754
2324.13 4416.7 1211593812
2432.27 4328.46 1211593876
2452.65 4307.24 1211593933
2483.68 4280.43 1211593993
2521.79 4250.27 1211594055
2550.16 4217.87 1211594115
2550.16 4218.99 1211594130
2609.55 4176.54 1211594193
2630.82 4157.56 1211594256
2513.81 4102.82 1211594317
2434.93 4086.07 1211594371
2287.78 4063.73 1211594435
1950.07 4010.11 1211594491
1696.56 3909.58 1211594557
1735.56 3581.2 1211594618
1780.77 3461.69 1211594672
1881.82 3480.68 1211594684
1926.14 3495.2 1211594740
2001.48 3503.02 1211594802
2223.96 3536.52 1211594860
2805.44 3619.18 1211594920
2924.22 3641.51 1211594980
3181.27 3709.65 1211595046
3399.32 3641.51 1211595103
3556.21 3792.3 1211595164
3566.85 3806.82 1211595177
3698.04 3637.05 1211595237
3448.07 3630.35 1211595301
3334.62 3626.99 1211595362
3173.29 3631.46 1211595423
3035.9 3845.92 1211595479
2980.06 4186.6 1211595543
2419.86 4188.83 1211595597
2137.1 4139.68 1211595662
1208.16 4201.12 1211595722
1209.04 4201.12 1211595786
1221.45 4210.05 1211595843
1174.47 4386.54 1211595904
1132.81 4664.69 1211595965
1123.95 4704.91 1211596006
1108.88 4796.51 1211596009
1214.36 5032.22 1211596068
1233.86 5169.62 1211596132
1507.76 5134.99 1211596191
1640.72 5127.17 1211596249
2083.91 5236.65 1211596312
2059.98 5386.35 1211596371
1839.27 5372.95 1211596435
1641.6 5351.72 1211596492
1323.39 5194.2 1211596552
1334.02 5085.84 1211596614
1756.83 4914.92 1211596677
2289.56 4453.57 1211596804
2338.31 4411.12 1211596855
2445.56 4309.47 1211596925
2657.41 4126.28 1211596978
2868.37 3928.57 1211597035
3006.65 3925.22 1211597091
3172.41 3788.95 1211597151
3272.57 3698.48 1211597218
3398.44 3631.46 1211597257
3619.15 3314.26 1211597319
4131.48 3008.24 1211597378
4187.33 2379.48 1211597437
3727.29 1869.13 1211597498
3685.63 649.793 1211597559
3909.89 -896.451 1211597609
3204.32 -2243.73 1211597663
2951.69 -3749.26 1211597723
3421.48 -5170.83 1211597768
3749.45 -6632.31 1211597814
4010.05 -8089.07 1211597863
4080.07 -9582.37 1211597911
3195.45 -10783.3 1211597960
2548.38 -12127.8 1211598010
2714.14 -13609.2 1211598057
3003.1 -15087.1 1211598122
3676.76 -16288.3 1211598173
4252.03 -16150.1 1211598239
4400.06 -16030.9 1211598297
4399.18 -16035.3 1211598355
4398.29 -16027.5 1211598415
4399.18 -16032 1211598475
4399.18 -16035.3 1211598512
4399.18 -16037.6 1211598567
4399.18 -16037.6 1211598628
4400.95 -16020.9 1211598748
4394.74 -16040.9 1211598812
4394.74 -16039.8 1211598875
4395.63 -16036.5 1211598930
4396.52 -16030.9 1211598992
4392.97 -16011.9 1211599045
4395.63 -16025.3 1211599111
4397.4 -16026.4 1211599168
4405.38 -16019.7 1211599238
