27538.5 -57135.7 1212039715
27374.5 -58315.3 1212039784
26970.3 -59378.3 1212039844
25397 -60814.7 1212039970
24612.5 -61766.6 1212040029
24409.5 -61983.8 1212040085
24409.5 -61984.9 1212040145
24409.5 -61984.9 1212040205
24408.6 -61984.9 1212040239
24437 -61958.3 1212040251
24486.6 -61802.1 1212040277
25085 -61113.9 1212040335
25696.6 -60525.4 1212040398
26385.3 -59909.2 1212040456
27059.8 -59183.2 1212040517
27381.6 -58195.5 1212040582
27505.7 -57378.5 1212040640
27550 -56711 1212040700
27420.6 -56132.2 1212040757
26107.9 -55967 1212040817
26760.2 -53095.6 1212040944
27366.5 -51731.1 1212040988
28004.7 -50498.4 1212041052
28754.6 -49381 1212041109
30685.2 -49549.7 1212041237
32161.9 -49328.8 1212041276
33626.3 -49305.5 1212041329
35084.4 -49377.6 1212041380
36523 -49228.9 1212041428
38012.1 -49022.5 1212041475
37968.7 -48201.2 1212041531
36705.6 -47428.7 1212041579
35211.1 -47386.5 1212041631
33745.9 -47576.3 1212041686
32310 -47427.6 1212041732
30945.8 -46848.1 1212041789
29747.4 -45993.3 1212041836
28577.4 -45072.9 1212041889
27524.3 -44029.1 1212041942
26141.5 -43537.1 1212041994
25248.9 -42341 1212042047
24980.4 -41556.8 1212042074
23629.5 -40975.8 1212042134
22423.1 -40042.6 1212042182
21298.3 -39052.6 1212042235
20003.3 -38405.9 1212042285
18694.1 -37702.5 1212042350
17609.1 -36718.9 1212042400
16577.3 -35661.8 1212042445
15156.5 -35233.9 1212042503
13888.9 -34473.5 1212042552
12876.7 -33358.3 1212042609
12306.7 -31934.9 1212042652
12203.9 -30445.7 1212042701
11126 -29436.7 1212042748
9756.54 -28881.6 1212042804
8497.86 -28109.5 1212042845
7444.83 -27049.1 1212042898
6726.85 -25762.6 1212042948
6163.99 -24388 1212043003
5216.43 -23178 1212043054
4406.27 -21938.8 1212043099
3302.71 -20919.9 1212043149
2596.25 -19596.8 1212043201
1596.4 -18445.1 1212043253
689.615 -17187.4 1212043300
953.76 -15714.4 1212043348
99.2762 -14483 1212043398
-687.842 -13231.4 1212043445
-1593.74 -12054.2 1212043501
-2640.57 -10347.3 1212043581
-3169.75 -8905.45 1212043630
-3056.29 -7398.64 1212043684
-3004.88 -5907.18 1212043732
-1620.33 -5406.24 1212043783
-1014.92 -4024.89 1212043846
190.575 -3177.88 1212043898
1683.26 -3164.49 1212043947
3070.47 -2418.96 1212044001
3839.86 -1167.71 1212044061
3672.33 -979.058 1212044121
3583.69 -970.127 1212044181
3581.92 -972.36 1212044244
3572.17 -980.174 1212044303
3573.94 -975.709 1212044363
3573.94 -975.709 1212044476
3573.94 -976.825 1212044484
3622.69 -983.523 1212044510
3638.65 -933.289 1212044569
3638.65 -934.405 1212044631
