4059.69 -16249.3 1212107795
4020.69 -16122.3 1212107917
3528.74 -16477.7 1212107974
4244.94 -17069.3 1212108034
4618.12 -17381.3 1212108094
4627.87 -17764.5 1212108154
4439.95 -17901.5 1212108214
4346.88 -18158.8 1212108253
4370.81 -18782.6 1212108373
4067.66 -19285 1212108434
3632.44 -19769.5 1212108494
3656.38 -20188.2 1212108555
3472.89 -20369.8 1212108615
3470.23 -20373.1 1212108643
3713.11 -19983.3 1212108681
3938.25 -19538.9 1212108742
4237.85 -18885.1 1212108806
4637.62 -18489.7 1212108863
4639.39 -18487.5 1212108926
4455.02 -18246.8 1212108985
4334.47 -18014 1212109043
4559.61 -17835.8 1212109105
4710.3 -17730 1212109164
4824.64 -17465.9 1212109224
4257.35 -17001.3 1212109252
3963.07 -16193.6 1212109312
4408.93 -16048.7 1212109372
4277.74 -16137.9 1212109560
