4351.31 -17144 1211476076
5009.01 -17676.5 1211476139
5660.51 -18211.2 1211476200
6859.81 -19162.5 1211476255
8329.45 -19329.5 1211476310
9690.95 -19854.1 1211476356
10665.1 -20971.1 1211476403
11617.1 -22082.4 1211476447
12827 -22979.8 1211476506
14099 -22155.9 1211476549
14748.7 -22154.8 1211476614
14900.3 -21540.2 1211476669
14986.3 -21425.5 1211476684
14906.5 -21581.4 1211476735
14902.1 -21598.1 1211476748
14902.9 -21629.2 1211476811
14919.8 -21483.4 1211476862
14586.5 -22012.3 1211476927
14292.2 -21811.8 1211476982
14171.7 -22042.3 1211477045
12936 -22901.9 1211477086
11656.1 -22105.8 1211477143
10690.8 -20988.9 1211477188
9731.72 -19880.9 1211477239
8374.65 -19313.9 1211477286
6908.56 -19165.8 1211477331
5742.06 -18251.3 1211477380
4600.39 -17304.4 1211477437
4219.24 -16116.7 1211477556
4263.56 -16098.9 1211477805
4589.75 -16137.9 1211477861
