4217.46 -16066.5 1212095899
3326.64 -16010.8 1212095951
2981.83 -14527.6 1212096002
2711.48 -13021.8 1212096054
2803.67 -11490.1 1212096102
3809.72 -10376.3 1212096146
4269.76 -8932.22 1212096199
4008.28 -7468.92 1212096241
3748.56 -5966.31 1212096300
3287.64 -4549.34 1212096350
2828.48 -3052.89 1212096405
3749.45 -1798.38 1212096461
3962.18 -298.084 1212096522
3456.94 1139.96 1212096577
3912.55 1786.5 1212096638
3985.23 1905.98 1212096698
4293.69 2382.83 1212096760
4314.97 3090.88 1212096818
3873.54 3786.72 1212096883
3534.94 4207.82 1212096938
3355 4425.64 1212096962
2937.51 4980.83 1212097027
2447.34 5156.22 1212097100
2020.09 5060.15 1212097144
1669.97 5022.16 1212097202
1649.58 5102.6 1212097411
1530.8 4921.62 1212097474
1591.96 4624.48 1212097533
1641.6 4242.45 1212097593
1715.17 3780.02 1212097654
1887.13 3568.91 1212097716
1909.29 3492.96 1212097774
2231.05 3485.15 1212097835
2233.71 3367.87 1212097898
2287.78 3128.86 1212097955
2418.97 3165.71 1212098013
2418.97 3165.71 1212098014
2698.18 3188.05 1212098077
2831.14 3202.57 1212098137
2968.53 3227.14 1212098195
2976.51 3223.79 1212098255
3072.24 3310.91 1212098315
3361.21 3544.34 1212098375
3393.12 3721.93 1212098437
3662.58 3668.32 1212098500
3790.22 3415.9 1212098555
3586.35 3211.51 1212098619
3434.78 2848.53 1212098676
3530.51 2725.68 1212098737
3847.84 2472.17 1212098797
3870 2160.59 1212098859
3622.69 1907.1 1212098921
3593.44 1871.36 1212098977
3662.58 1836.75 1212099038
3660.81 1846.8 1212099097
3729.95 1759.7 1212099165
3748.56 1753 1212099218
3901.91 1594.43 1212099278
4070.32 1454.85 1212099340
4342.45 1273.96 1212099401
4357.52 652.026 1212099459
4141.23 706.736 1212099520
4029.55 756.98 1212099580
3667.01 733.533 1212099641
3218.5 1110.93 1212099701
3167.09 1454.85 1212099763
3422.37 1706.1 1212099825
3595.22 1876.95 1212099884
3662.58 1831.16 1212099944
3400.21 966.893 1212100005
3841.63 -478.938 1212100060
3425.91 -1935.68 1212100113
2840.89 -3329.66 1212100173
3241.54 -4800.39 1212100221
3690.06 -6277.56 1212100271
3948.89 -7743.3 1212100323
4178.46 -9227.75 1212100374
3556.21 -10385.2 1212100426
2530.66 -11656.3 1212100548
2293.99 -11574.9 1212100607
2285.12 -11580.4 1212100668
2282.47 -11580.4 1212100733
2283.35 -11582.7 1212100788
2285.12 -11582.7 1212100855
2177.87 -11568.2 1212100879
1787.86 -11457.8 1212100945
1238.29 -11306.2 1212101002
1100.02 -11509.1 1212101062
1100.02 -11513.6 1212101120
1099.13 -11513.6 1212101204
1099.13 -11513.6 1212101270
1799.38 -11702 1212101400
2224.85 -11823.5 1212101460
2399.47 -11936.1 1212101527
2425.18 -12299.5 1212101586
2622.84 -13284.9 1212101642
2921.56 -14757.2 1212101700
3331.96 -16213.6 1212101757
4194.42 -16118.9 1212101819
