2974.74 -14474.1 1212966726
1650.47 -14077.4 1212966780
275.669 -14594.5 1212966827
-591.225 -13374.1 1212966877
-1529.03 -12156.8 1212966918
-2555.48 -11086.5 1212966969
-2923.33 -9582.37 1212967013
-3105.93 -8013.22 1212967063
-3173.29 -6512.94 1212967109
-3199 -5038.05 1212967169
-3475.55 -4490.2 1212967235
-3456.05 -3558.43 1212967289
-3480.87 -2999.32 1212967383
-3486.19 -2911.15 1212967442
-3534.05 -1961.35 1212967502
-3581.03 -1100.73 1212967568
-3681.2 524.743 1212967680
-3757.43 837.371 1212967746
-3265.48 1355.47 1212967800
-3210.52 1811.06 1212967863
-3260.16 2682.12 1212967926
-3094.4 3328.78 1212967990
-2984.49 4575.33 1212968048
-3529.62 5286.93 1212968103
-3767.18 6394.11 1212968161
-3908.11 7869.09 1212968221
-5096.77 10522.5 1212968338
-6231.35 11486.2 1212968387
-6632 12930.8 1212968438
-7176.25 14353.2 1212968494
-7087.61 15850.9 1212968539
-6711.78 17350 1212968590
-6897.92 18400.6 1212968633
-6636.44 18122 1212968695
-6296.06 17788.6 1212968757
-6281.88 17780.7 1212968865
-6280.99 17780.7 1212968881
-6183.49 17747.2 1212968982
-6223.38 17814.3 1212969010
-6249.08 17816.5 1212969019
-6691.39 18640.1 1212969078
-6924.51 18575.2 1212969134
-6806.62 18064.9 1212969210
-6967.95 16574.7 1212969250
-7154.98 15048.9 1212969307
-7182.45 13546.9 1212969365
-6343.04 12354.9 1212969428
-5855.52 11169.8 1212969489
-4866.31 10197.2 1212969550
-4510.86 8998.97 1212969608
-4495.79 8711.74 1212969670
-4388.54 8506.1 1212969731
-4141.23 8156.29 1212969790
-3862.91 7317.06 1212969851
-3807.95 6730.42 1212969912
-3720.2 5795.25 1212969974
-3574.83 5270.17 1212970036
-3544.69 5225.48 1212970060
-3429.46 5267.93 1212970120
-3425.91 5273.52 1212970159
-3524.3 5164.04 1212970219
-2873.69 4773.05 1212970278
-1551.19 4841.19 1212970345
-1024.67 4498.25 1212970398
-926.282 4411.12 1212970458
-515.882 4353.03 1212970521
77.1163 4446.86 1212970583
487.517 4511.65 1212970639
754.322 4556.34 1212970680
1005.17 4475.91 1212970736
1061.9 4120.69 1212970796
1076.08 4020.16 1212970823
1146.11 3604.66 1212970882
1181.56 3403.61 1212970940
1192.2 3305.32 1212971003
1230.32 3046.21 1212971064
1232.97 2972.5 1212971126
1267.54 2851.88 1212971186
1341.11 2752.48 1212971244
1829.52 2846.3 1212971303
2281.58 2885.38 1212971364
2312.6 2849.65 1212971409
2315.26 2850.76 1212971415
2327.67 2848.53 1212971472
2311.72 2839.59 1212971532
2327.67 2868.63 1212971603
2326.79 2868.63 1212971643
2331.22 2714.51 1212971712
2593.59 2512.37 1212971774
2749.6 2492.27 1212971825
2751.37 2490.04 1212971861
2751.37 2490.04 1212971875
2741.62 2412.98 1212971925
2381.74 2034.4 1212971985
2258.53 1662.55 1212972043
2374.65 1488.35 1212972105
