4205.06 -16066.5 1211840592
3334.62 -16043.1 1211840642
2955.24 -14545.4 1211840695
2631.71 -13066.4 1211840758
2606.89 -11558.1 1211840790
3589.9 -10370.7 1211840841
4186.44 -8992.44 1211840886
3920.52 -7478.95 1211840930
3648.4 -5957.38 1211840972
3185.7 -4535.95 1211841029
2728.32 -3109.81 1211841067
2734.53 -1674.49 1211841127
2580.29 -1245.85 1211841185
2182.3 -1311.71 1211841254
2122.03 -992.453 1211841307
2083.03 -475.589 1211841365
2035.16 144.022 1211841425
1744.42 215.475 1211841487
1474.96 194.263 1211841545
1263.11 179.749 1211841605
896.145 148.488 1211841669
654.159 131.741 1211841734
413.946 -66.986 1211841795
82.4347 -89.3146 1211841848
-231.349 -116.109 1211841908
-528.291 -129.506 1211841979
-529.177 -130.622 1211841987
-273.896 55.8221 1211842111
54.0701 80.3839 1211842185
51.4109 240.038 1211842232
172.847 389.646 1211842290
201.212 418.675 1211842304
525.632 735.766 1211842362
601.862 819.507 1211842427
961.738 1067.38 1211842480
1040.63 1072.97 1211842540
1047.72 1153.36 1211842572
1192.2 1401.25 1211842624
1515.73 1728.43 1211842681
2036.93 2253.28 1211842800
2224.85 2438.66 1211842860
2436.7 2646.39 1211842920
2579.41 2796.04 1211842980
2627.27 2785.99 1211843040
2769.1 2923.36 1211843100
2837.35 2991.48 1211843161
2975.63 3172.42 1211843221
3179.5 3096.47 1211843291
3464.92 2813.91 1211843343
3864.68 2425.26 1211843404
4041.07 2168.41 1211843464
3812.38 2083.54 1211843535
3555.33 1847.91 1211843589
2808.1 1108.7 1211843706
2481.02 1022.72 1211843766
1958.93 1043.94 1211843827
1861.43 999.273 1211843889
1006.94 1076.32 1211843946
780.914 1229.29 1211844006
495.494 1239.34 1211844082
351.012 1214.77 1211844086
339.489 1215.89 1211844090
421.037 1329.79 1211844156
554.883 1133.26 1211844208
585.02 890.966 1211844276
632.886 338.288 1211844331
702.024 125.042 1211844400
871.326 -190.909 1211844456
905.895 -682.115 1211844510
945.783 -1152.08 1211844570
1143.45 -1361.94 1211844638
1512.19 -1344.08 1211844691
1718.72 -1341.85 1211844758
2064.41 -1334.04 1211844798
2611.32 -1263.71 1211844869
2437.58 -2366.51 1211844917
2950.81 -3766 1211844970
3755.65 -6670.24 1211845061
4021.57 -8140.37 1211845112
4065.89 -9628.09 1211845153
3016.4 -15130.5 1211845339
