-237.554 -3190.16 1211612634
262.373 -2999.32 1211612635
995.421 -2709.15 1211612692
1068.99 -2287.26 1211612752
1279.07 -1877.63 1211612810
1416.46 -1610.86 1211612861
1702.76 -1050.5 1211612983
1906.63 -702.21 1211613048
1853.45 11.1644 1211613169
1820.65 401.928 1211613222
1793.18 786.01 1211613282
1781.65 1018.25 1211613345
1909.29 1291.82 1211613408
2134.44 1304.1 1211613464
2135.32 1307.45 1211613494
2136.21 1308.57 1211613497
2076.82 1191.33 1211613559
1975.77 1256.09 1211613606
1665.54 1565.4 1211613674
1471.41 1629.05 1211613727
1378.34 2186.28 1211613785
1310.09 2428.61 1211613845
1202.84 2398.46 1211613905
295.169 2266.68 1211613969
-472.448 2204.15 1211614062
-471.562 2204.15 1211614074
-291.624 2281.2 1211614130
-317.329 2476.63 1211614158
28.3646 2644.15 1211614214
949.328 2904.37 1211614334
1370.37 2976.97 1211614387
2324.13 3143.38 1211614507
2418.08 3087.53 1211614570
2487.22 3075.25 1211614606
2349.83 3033.92 1211614673
2349.83 3033.92 1211614686
2349.83 3033.92 1211614700
2416.31 2691.06 1211614781
2724.78 2465.47 1211614843
2724.78 2465.47 1211614870
2724.78 2465.47 1211614882
2385.29 2834.01 1211614998
2349.83 2969.15 1211615122
2343.63 2704.46 1211615185
2587.39 2526.89 1211615245
3219.38 3073.01 1211615422
3213.18 3050.68 1211615450
3213.18 3049.56 1211615454
3242.43 2920.01 1211615514
2606.89 3042.86 1211615676
2183.19 2997.07 1211615732
2364.9 3136.68 1211615786
3175.06 3194.75 1211615967
3347.91 3400.26 1211616026
3488.85 3796.77 1211616092
3675.88 3802.36 1211616146
3496.83 3735.34 1211616208
3353.23 3538.76 1211616276
3213.18 3339.95 1211616328
2996.9 3232.73 1211616373
2510.27 3051.79 1211616431
2333.88 3037.28 1211616443
2133.55 3071.9 1211616503
2262.97 3123.27 1211616547
2561.68 3170.18 1211616601
3007.54 3164.6 1211616661
2995.13 3021.64 1211616723
2969.42 3067.43 1211616798
2885.21 2615.12 1211616832
2589.16 1633.51 1211616952
2621.95 185.331 1211617018
2761.12 -1204.55 1211617080
1887.13 -1326.22 1211617141
1129.27 -1807.31 1211617261
864.235 -1828.52 1211617294
412.173 -1863.12 1211617346
312.897 -1867.59 1211617371
313.784 -1867.59 1211617390
217.167 -1882.1 1211617412
766.731 -1838.57 1211617470
768.504 -1388.73 1211617532
733.048 -955.615 1211617596
369.626 -967.895 1211617656
133.846 -854.031 1211617714
65.5932 26.7946 1211617830
64.7068 49.1234 1211617850
53.1837 212.126 1211617896
403.309 619.647 1211617955
819.915 1032.77 1211618014
926.282 1278.42 1211618047
965.284 1307.45 1211618078
965.284 1307.45 1211618136
969.716 1201.38 1211618141
451.175 688.871 1211618243
158.665 388.53 1211618303
31.9102 83.7333 1211618355
68.2524 58.055 1211618464
-2.65918 924.463 1211618581
351.899 1112.05 1211618643
79.7755 1600.01 1211618787
81.5483 1598.9 1211618788
80.6619 1597.78 1211618816
381.15 1539.71 1211618923
1103.56 1653.61 1211618991
1568.92 1850.15 1211619050
2136.21 1310.8 1211619108
2684 1517.38 1211619221
3136.95 1957.35 1211619294
3581.92 1860.2 1211619344
3715.77 1767.51 1211619401
3419.71 1404.6 1211619470
3406.41 1409.07 1211619516
3405.53 1409.07 1211619519
3361.21 1348.77 1211619543
3356.78 1355.47 1211619575
3240.66 1232.64 1211619617
3851.38 1828.93 1211619702
3916.98 2029.94 1211619763
3098.83 2808.32 1211619885
2944.6 3161.25 1211619949
3222.04 3444.94 1211620006
3550.01 3761.03 1211620059
3598.76 3809.06 1211620074
3368.3 3536.52 1211620128
3281.43 3436 1211620186
3019.95 3222.67 1211620247
2986.26 3199.22 1211620280
2746.05 2980.32 1211620341
2568.77 2802.74 1211620403
2239.03 2476.63 1211620464
2050.23 2280.08 1211620524
1598.17 1825.58 1211620589
1223.22 1478.3 1211620649
961.738 1196.91 1211620706
518.541 759.213 1211620766
-610.726 216.592 1211620892
-1001.63 10.048 1211620944
-1501.55 -213.237 1211621007
-1602.6 -705.559 1211621073
-1569.8 -706.675 1211621117
-1569.8 -706.675 1211621123
-1406.71 -168.58 1211621238
-242.872 176.399 1211621415
23.9326 75.9182 1211621480
233.122 443.238 1211621534
1156.74 1363.28 1211621657
1417.34 1635.75 1211621714
1585.76 1801.01 1211621776
1838.38 2042.22 1211621835
2343.63 1574.33 1211621939
2403.02 1479.41 1211622011
