4208.6 -16066.5 1211147273
3386.91 -16150.1 1211147323
2975.63 -14692.5 1211147388
2646.77 -13206.9 1211147435
2564.34 -11729.8 1211147485
3493.28 -10509 1211147549
4199.74 -9200.98 1211147586
3964.84 -7703.15 1211147634
3700.7 -6228.47 1211147685
3258.39 -4773.62 1211147737
2845.33 -3321.85 1211147781
3304.48 -2118.73 1211147839
3885.95 -722.304 1211147875
3603.19 764.796 1211147935
3446.3 1552 1211147986
3589.01 1688.23 1211148046
3687.4 1779.8 1211148106
3786.68 1883.65 1211148175
3760.09 2139.38 1211148228
3546.46 2342.62 1211148289
3266.36 2620.7 1211148347
2838.23 2946.81 1211148468
2853.3 3317.61 1211148529
2772.64 3518.65 1211148589
2525.34 3539.87 1211148650
2525.34 3539.87 1211148674
2515.59 3516.42 1211148735
2526.22 3513.07 1211148795
2511.16 3515.3 1211148856
2497.86 3513.07 1211148917
2513.81 3513.07 1211148978
2517.36 3510.83 1211149040
2504.06 3508.6 1211149101
2503.18 3508.6 1211149159
2504.06 3509.72 1211149225
2518.25 3528.71 1211149269
2372.88 3379.04 1211149326
2403.9 3241.66 1211149389
2438.47 3085.3 1211149446
2459.74 3011.59 1211149506
2449.99 2938.99 1211149563
2462.4 2923.36 1211149623
2437.58 2874.22 1211149686
2504.06 2823.96 1211149710
2732.75 2823.96 1211149770
2733.64 2822.84 1211149830
2717.69 2817.26 1211149890
2726.55 2821.73 1211149955
2724.78 2819.49 1211149960
2863.94 2584.96 1211150020
3028.81 2467.7 1211150083
3306.25 2198.56 1211150143
3655.49 1936.13 1211150201
3988.77 2276.73 1211150263
3994.98 2275.62 1211150277
3927.61 2488.92 1211150337
4050.82 2254.4 1211150456
4054.37 2243.23 1211150519
4057.91 2245.47 1211150546
4043.73 2185.16 1211150613
4049.05 2176.23 1211150669
3833.66 2070.14 1211150730
3691.83 2205.26 1211150790
3200.77 2705.58 1211150855
2912.69 3051.79 1211150911
2855.08 3303.09 1211150971
2791.26 3478.44 1211151036
2927.76 3860.44 1211151096
2994.24 3929.69 1211151154
2970.31 4252.5 1211151213
2860.39 4924.97 1211151277
2668.93 5193.08 1211151333
2089.23 5112.65 1211151391
2089.23 5113.77 1211151394
1794.95 5057.91 1211151459
1662.88 5052.33 1211151502
1802.04 5099.24 1211151566
1812.68 5069.08 1211151622
1928.79 5070.2 1211151680
2459.74 5155.1 1211151742
2882.55 4992 1211151806
2917.12 4961.84 1211151832
3268.14 4497.13 1211151890
3329.3 4406.65 1211151955
3496.83 4170.96 1211152010
3700.7 3857.09 1211152070
3772.49 3801.24 1211152130
3858.47 3701.83 1211152154
4014.48 3443.82 1211152215
4227.22 3039.51 1211152275
4165.17 2301.3 1211152335
4123.51 2255.52 1211152395
3958.64 2088.01 1211152513
3964.84 2082.42 1211152574
3964.84 2082.42 1211152637
3750.33 1887 1211152695
3346.14 1180.16 1211152755
3833.66 -225.517 1211152811
3600.53 -1691.23 1211152862
2714.14 -2910.04 1211152917
3150.25 -4390.89 1211152967
3616.49 -5854.74 1211153015
3874.43 -7314.99 1211153067
4143.89 -8805.08 1211153110
2680.46 -11330.7 1211153215
2593.59 -12847.9 1211153266
2858.62 -14342.6 1211153313
3183.93 -15790.2 1211153360
3987.89 -16263.8 1211153421
4078.3 -16221.4 1211153476
4078.3 -16221.4 1211153483
3530.51 -16195.8 1211153547
3204.32 -15515 1211153582
1459.89 -14028.3 1211153690
1294.14 -13779.8 1211153760
1170.04 -13519 1211153811
