4213.03 -9042.62 1211371545
3936.48 -7562.61 1211371590
3676.76 -6092.37 1211371652
3223.82 -4611.82 1211371687
2846.21 -3331.89 1211371748
3512.78 -1878.75 1211371789
3750.33 -1029.29 1211371849
3712.22 -981.29 1211371890
3577.49 -1065.01 1211371951
3320.43 -1171.06 1211372011
2434.04 -1309.48 1211372071
2114.05 -937.754 1211372136
1721.38 -858.496 1211372193
1335.8 -891.986 1211372253
979.466 -924.359 1211372314
737.48 -936.638 1211372375
514.109 -659.788 1211372432
414.833 -429.817 1211372496
282.76 -244.496 1211372554
171.074 88.1991 1211372617
-9.75034 80.3839 1211372675
-139.164 174.166 1211372737
-476.88 222.174 1211372795
-977.693 196.495 1211372855
-1003.4 189.797 1211372876
-1194.86 179.749 1211372928
-1251.59 554.889 1211372996
-1301.23 848.537 1211373049
-1321.61 997.04 1211373082
-1130.15 995.923 1211373146
-1161.18 646.443 1211373208
-1502.44 596.2 1211373264
-1919.04 533.675 1211373324
-2169.01 470.034 1211373384
-2458.86 453.286 1211373445
-2637.91 442.121 1211373473
-2680.46 449.937 1211373534
-2680.46 449.937 1211373599
-2682.23 438.772 1211373657
-2684 443.238 1211373717
-2683.12 444.354 1211373778
-2715.91 411.976 1211373836
-2483.68 236.688 1211373903
-2093.66 308.143 1211373961
-1788.74 423.141 1211374016
-1420 495.714 1211374076
-1262.23 620.763 1211374137
-1310.09 928.929 1211374199
-1071.65 1089.72 1211374259
-872.212 1217.01 1211374319
-897.031 1407.95 1211374377
-923.623 1579.91 1211374439
-963.511 1820 1211374494
-1154.97 2316.94 1211374567
-1803.81 2205.26 1211374625
-2047.57 2330.34 1211374696
-2062.64 2587.2 1211374743
-2071.5 2828.43 1211374803
-2072.39 2828.43 1211374861
-2071.5 2827.31 1211374927
-2075.05 2834.01 1211374979
-2090.12 2942.34 1211375003
-1983.75 3272.93 1211375063
-1884.47 3007.12 1211375117
-1725.81 2912.19 1211375177
-1294.14 2971.38 1211375238
-967.943 2944.58 1211375300
-723.298 3065.2 1211375345
-429.901 3209.27 1211375408
-464.471 3403.61 1211375455
-488.403 3554.39 1211375479
-505.245 3697.36 1211375538
-505.245 3695.13 1211375601
-503.472 3697.36 1211375632
-501.699 3698.48 1211375640
-505.245 3700.71 1211375659
-507.904 3698.48 1211375740
-506.131 3700.71 1211375816
-509.677 3699.6 1211375882
-507.904 3698.48 1211375935
-505.245 3701.83 1211375998
-505.245 3700.71 1211376058
-509.677 3698.48 1211376119
-503.472 3700.71 1211376181
-503.472 3700.71 1211376237
-507.018 3697.36 1211376297
-506.131 3698.48 1211376357
-510.563 3700.71 1211376417
-637.318 3538.76 1211376479
-600.975 3325.43 1211376519
-304.033 3240.54 1211376576
0 3281.87 1211376641
-8.86394 3280.75 1211376696
-8.86394 3279.64 1211376756
-7.97755 3279.64 1211376816
-5.31837 3280.75 1211376882
-3.54558 3279.64 1211376942
11.5231 3223.79 1211377001
-259.714 3148.96 1211377062
-421.924 3105.4 1211377117
-364.308 2753.6 1211377182
-316.443 2468.82 1211377237
-269.464 2139.38 1211377304
-203.871 1730.66 1211377364
-163.983 1482.76 1211377417
-185.256 1232.64 1211377480
-666.569 1155.6 1211377540
-877.53 1126.56 1211377600
-876.644 1125.45 1211377617
-902.35 1333.14 1211377678
-163.983 1451.5 1211377738
616.044 1577.68 1211377798
1291.48 1802.13 1211377862
1203.72 2312.47 1211377920
1531.69 2573.79 1211377982
2394.15 2704.46 1211378039
2454.43 2641.92 1211378054
2445.56 2638.57 1211378075
2446.45 2638.57 1211378076
2414.54 2358.26 1211378137
2001.48 1948.42 1211378200
1824.2 1760.81 1211378257
1697.45 1642.45 1211378317
1532.58 1467.13 1211378381
1376.57 1309.69 1211378443
1374.8 1152.25 1211378499
1387.21 922.23 1211378541
1413.8 576.102 1211378598
1455.46 26.7946 1211378659
1485.6 -359.485 1211378717
1512.19 -692.162 1211378785
1448.37 -888.637 1211378838
1154.97 -907.614 1211378901
751.662 -939.987 1211378964
343.035 -970.127 1211379029
133.846 -843.984 1211379079
124.095 -697.744 1211379109
101.935 -419.77 1211379151
74.4571 -42.4245 1211379208
49.6381 251.202 1211379269
23.9326 599.549 1211379320
0.886394 791.593 1211379392
31.9102 417.559 1211379450
-515.882 49.1234 1211379555
-518.541 43.5412 1211379613
-517.654 43.5412 1211379637
-317.329 -113.876 1211379692
80.6619 -235.565 1211379750
128.527 -843.984 1211379810
149.801 -1165.48 1211379874
518.541 -1229.11 1211379928
761.413 -1376.45 1211379988
936.033 -1376.45 1211380048
1148.77 -1365.29 1211380110
1693.9 -1340.73 1211380169
2338.31 -1327.34 1211380230
2552.82 -1283.8 1211380295
2452.65 -2234.8 1211380350
2902.06 -3619.81 1211380410
3354.12 -5072.64 1211380465
3686.51 -6264.17 1211380528
3954.21 -7752.23 1211380577
4187.33 -9214.36 1211380625
2543.07 -11764.4 1211380725
2911.81 -14710.4 1211380820
3304.48 -16152.3 1211380880
4326.49 -16172.4 1211380946
4269.76 -15896.1 1211381028
4268.88 -15894.9 1211381038
4255.58 -16105.5 1211381165
