2993.35 3871.61 1211348124
3452.51 3756.56 1211348244
3691.83 3628.11 1211348305
3829.22 3476.21 1211348364
4159.85 3250.6 1211348430
4194.42 2519.07 1211348485
4014.48 2144.96 1211348535
4022.46 1747.41 1211348627
4099.57 1052.87 1211348714
4090.71 1056.22 1211348813
3776.04 735.766 1211348870
2984.49 758.097 1211348931
2488.11 625.229 1211348995
2524.45 193.146 1211349054
2577.64 -576.062 1211349122
2688.43 -447.679 1211349211
2684.89 -449.912 1211349216
2731.87 -1545 1211349334
2522.68 -2709.15 1211349379
