2973.85 4252.5 1211784253
2973.85 4258.09 1211784257
2855.96 4957.37 1211784317
2551.04 5272.4 1211784375
2353.38 5364.01 1211784438
2278.92 5387.47 1211784467
2277.15 5386.35 1211784470
661.25 4771.93 1211784717
661.25 4771.93 1211784719
1324.27 5189.73 1211784954
1514.85 5130.52 1211785029
2355.15 5248.94 1211785138
2477.47 5288.04 1211785198
2985.38 4818.85 1211785321
3071.36 4288.25 1211785394
3086.43 4073.78 1211785433
3091.74 3725.29 1211785491
3215.84 3413.66 1211785551
3011.08 3296.39 1211785617
2231.94 3059.61 1211785729
2222.19 3050.68 1211785740
1985.52 2979.2 1211785795
1962.48 3073.01 1211785855
2188.51 3123.27 1211785921
2900.28 3215.97 1211785975
3023.49 3256.18 1211786037
3183.04 3383.51 1211786095
3417.94 3663.85 1211786156
3365.64 3700.71 1211786218
2580.29 3048.44 1211786338
2590.04 2923.36 1211786384
2705.28 2893.2 1211786418
2524.45 3055.14 1211786577
1908.41 2952.39 1211786634
1633.62 2933.41 1211786693
1295.91 2885.38 1211786753
1132.81 2849.65 1211786817
693.16 2792.69 1211786878
254.395 2650.85 1211786939
260.6 2630.75 1211786996
186.143 2553.69 1211787051
232.235 2685.47 1211787111
241.099 2743.55 1211787172
1182.45 2946.81 1211787291
1810.02 3049.56 1211787352
2191.17 3121.04 1211787412
2627.27 2856.35 1211787473
2798.35 2712.28 1211787535
3035.9 2442.01 1211787655
3038.56 2440.9 1211787715
3041.22 2438.66 1211787779
3036.79 2437.55 1211787801
3127.2 2158.36 1211787865
