4396.52 -16057.6 1212598934
4396.52 -16056.5 1212598994
4397.4 -16055.4 1212599060
4397.4 -16056.5 1212599115
4396.52 -16056.5 1212599176
4397.4 -16058.7 1212599236
4397.4 -16058.7 1212599297
4398.29 -16058.7 1212599357
4400.95 -16061 1212599423
4400.95 -16056.5 1212599478
4399.18 -16055.4 1212599557
4400.06 -16056.5 1212599599
4400.06 -16055.4 1212599659
4400.06 -16055.4 1212599732
4399.18 -16053.2 1212599780
4399.18 -16056.5 1212599841
4399.18 -16056.5 1212599915
4399.18 -16056.5 1212599972
4399.18 -16056.5 1212600021
4399.18 -16056.5 1212600060
4399.18 -16054.3 1212600115
4399.18 -16059.9 1212600171
4399.18 -16055.4 1212600231
4398.29 -16056.5 1212600297
4399.18 -16055.4 1212600362
