2676.02 3386.86 1211150639
2708.82 3402.49 1211150664
2797.46 3422.6 1211150688
2799.23 3444.94 1211150722
2785.05 3480.68 1211150743
3000.45 2933.41 1211151017
3000.45 2933.41 1211151032
2885.21 2811.67 1211151067
2853.3 2783.75 1211151073
2853.3 2783.75 1211151136
2853.3 2783.75 1211151151
2795.69 2753.6 1211151158
2795.69 2754.72 1211151160
2804.55 2737.96 1211151195
3136.95 3042.86 1211151260
3389.57 3272.93 1211151324
3496.83 3181.35 1211151347
3784.9 2884.27 1211151407
4457.68 3470.63 1211151472
5592.26 4796.51 1211151546
5682.67 5677.94 1211151637
5585.17 6417.57 1211151667
5373.32 7101.39 1211151732
5201.36 7301.41 1211151783
5201.36 7301.41 1211151789
5204.02 7307 1211151850
5227.95 7163.97 1211151890
5246.57 7125.98 1211151897
5340.53 6855.57 1211151957
5805.88 5500.31 1211152072
5844 5104.83 1211152132
5844 5104.83 1211152148
4940.76 4043.62 1211152192
4145.67 3107.64 1211152257
3643.08 3145.61 1211152321
3427.69 3410.31 1211152378
3414.39 3538.76 1211152431
3414.39 3538.76 1211152444
2808.1 3571.15 1211152585
2808.1 3571.15 1211152638
