2238.15 3534.29 1211154054
914.759 3198.1 1211154072
1011.38 2590.55 1211154125
1120.4 1926.08 1211154185
1120.4 1926.08 1211154200
1137.24 1778.68 1211154246
1186.88 1471.6 1211154307
1318.07 1538.6 1211154372
1249.82 1483.88 1211154437
1241.84 1474.95 1211154439
1053.92 1525.2 1211154504
1170.04 1604.48 1211154549
1253.36 1442.57 1211154604
1342 1550.88 1211154669
1722.26 1721.73 1211154731
2125.57 2062.32 1211154792
2459.74 2392.88 1211154853
2775.3 2712.28 1211154914
3025.26 2899.9 1211154975
3496.83 3725.29 1211155111
3343.48 3555.51 1211155267
2710.59 2897.67 1211155371
2695.53 2882.03 1211155385
2695.53 2882.03 1211155410
2695.53 2882.03 1211155444
2461.52 2677.66 1211155464
2443.79 2660.9 1211155466
2364.01 2610.65 1211155477
2364.01 2610.65 1211155503
2364.01 2610.65 1211155591
1201.95 2423.03 1211155599
1178.02 2418.56 1211155608
740.139 2407.39 1211155661
714.434 2600.6 1211155726
698.479 2683.24 1211155787
663.023 2864.16 1211155842
606.294 2826.19 1211155900
604.521 2829.54 1211155902
595.657 2848.53 1211155985
595.657 2848.53 1211156045
596.543 2846.3 1211156105
941.351 2904.37 1211156234
1209.04 2943.46 1211156250
1209.04 2943.46 1211156280
2107.85 3096.47 1211156428
2107.85 3096.47 1211156473
2107.85 3096.47 1211156512
2635.25 2849.65 1211156543
2838.23 2813.91 1211156593
2977.4 2942.34 1211156653
2873.69 3028.34 1211156712
2962.33 3178 1211156724
3279.66 3444.94 1211156844
3358.55 3317.61 1211156900
3010.2 2952.39 1211156907
2802.78 2742.43 1211156961
2281.58 2219.78 1211157022
1871.18 1816.65 1211157086
1527.26 1476.06 1211157142
1076.08 1083.02 1211157207
873.099 1071.85 1211157262
788.005 1018.25 1211157322
783.573 990.341 1211157350
811.051 524.743 1211157418
888.167 -471.123 1211157540
919.191 -922.126 1211157610
549.565 -971.244 1211157695
540.701 -969.011 1211157768
144.482 -947.801 1211157774
526.518 -835.053 1211157829
729.503 -771.422 1211157894
1221.45 -732.351 1211158014
1253.36 -751.328 1211158035
1251.59 -784.818 1211158039
1151.43 -903.149 1211158099
747.231 -937.754 1211158159
732.162 -946.685 1211158196
713.548 -616.251 1211158256
619.59 703.386 1211158437
578.816 1045.05 1211158497
467.13 1326.44 1211158557
444.97 1544.18 1211158620
418.378 1639.1 1211158677
304.92 2338.16 1211158806
280.101 2459.88 1211158905
262.373 2632.98 1211158914
251.736 2672.07 1211158991
251.736 2672.07 1211159018
544.246 2840.71 1211159026
544.246 2840.71 1211159044
920.077 2903.25 1211159072
1525.48 3117.69 1211159223
1525.48 3117.69 1211159248
1525.48 3117.69 1211159315
1525.48 3117.69 1211159338
1525.48 3117.69 1211159370
1403.16 3896.18 1211159379
