17.7279 4139.68 1212547670
296.056 4281.54 1212547687
1290.59 4411.12 1212547812
1495.35 4220.11 1212547878
1539.67 3908.47 1212547946
1593.74 3526.47 1212548007
1646.03 3262.88 1212548067
2266.51 3353.35 1212548127
2574.09 3161.25 1212548248
2435.81 3056.26 1212548300
2158.37 3012.7 1212548354
1468.76 2893.2 1212548419
1279.07 2855.23 1212548475
1074.31 3122.16 1212548535
1024.67 3444.94 1212548595
641.75 3968.78 1212548720
637.318 3992.24 1212548780
610.726 4170.96 1212548815
609.839 4170.96 1212548831
605.407 4185.48 1212548878
263.259 4167.61 1212548936
26.5918 4131.86 1212549002
-127.641 4212.29 1212549064
-141.823 4207.82 1212549065
218.939 4052.56 1212549125
704.684 4130.75 1212549200
1179.79 4205.59 1212549246
1506.87 4138.57 1212549311
1560.94 3832.51 1212549372
1617.67 3457.22 1212549487
1620.33 3452.75 1212549515
1695.67 3239.43 1212549574
2491.65 3372.34 1212549634
3014.63 3484.03 1212549694
3003.1 3228.26 1212549754
3150.25 3089.77 1212549816
3898.36 2376.13 1212549936
4051.71 2234.3 1212549996
4046.39 2224.25 1212550047
4044.62 2210.85 1212550048
3893.04 2026.59 1212550178
3889.5 2163.94 1212550249
3846.07 2120.39 1212550309
3850.5 2120.39 1212550385
3858.47 2119.27 1212550428
3807.06 2102.52 1212550475
3458.71 1746.3 1212550526
3032.36 1321.97 1212550588
2522.68 1027.19 1212550644
2405.67 1016.02 1212550725
1781.65 1105.35 1212550825
1007.83 1078.55 1212550889
1014.04 530.325 1212551005
1036.2 355.035 1212551081
1058.35 -50.2396 1212551133
1087.61 -388.511 1212551192
704.684 -590.575 1212551264
584.134 -769.19 1212551309
586.793 -764.724 1212551389
323.534 -773.655 1212551496
322.648 -754.677 1212551497
63.8204 55.8221 1212551651
69.1388 61.4043 1212551677
65.5932 78.151 1212551721
71.7979 87.0826 1212551785
-18.6143 79.2675 1212551818
-515.882 228.873 1212551933
-517.654 228.873 1212551958
-240.213 198.728 1212552018
-139.164 92.6649 1212552056
46.9789 82.6168 1212552123
64.7068 94.8978 1212552141
37.2286 398.578 1212552202
4.43197 853.003 1212552258
-101.049 1152.25 1212552312
-131.186 1332.02 1212552359
-208.303 1822.23 1212552412
-117.89 2096.94 1212552474
293.397 2163.94 1212552529
299.601 2352.67 1212552644
293.397 2423.03 1212552646
1090.27 2733.5 1212552839
1163.84 2729.03 1212552864
1281.73 2799.39 1212552929
1274.64 2821.73 1212552930
1244.5 3074.13 1212552994
1183.34 3364.52 1212553038
1446.6 3621.41 1212553107
1890.68 3692.89 1212553159
2162.8 3736.45 1212553235
2184.08 3738.69 1212553249
2253.21 3748.74 1212553251
2342.74 3592.37 1212553316
2206.24 3568.91 1212553374
2203.58 3575.62 1212553408
2203.58 3576.73 1212553468
2203.58 3575.62 1212553529
2202.69 3574.5 1212553600
2198.26 3548.81 1212553650
2199.14 3549.93 1212553658
2165.46 3535.41 1212553723
1804.7 3487.38 1212553781
1288.82 3398.03 1212553838
1038.85 3432.65 1212553897
936.033 3971.02 1212553962
772.936 4250.27 1212554030
3.54558 4230.16 1212554147
-7.97755 4299.42 1212554197
-8.86394 4303.88 1212554220
-9.75034 4310.59 1212554221
-179.938 4523.94 1212554284
-464.471 4482.61 1212554356
-520.314 4462.5 1212554421
-509.677 4465.85 1212554428
-474.221 4374.26 1212554483
0 4435.69 1212554543
716.207 4545.17 1212554604
1183.34 3334.36 1212554738
1264 2838.48 1212554791
1365.05 2730.15 1212554842
1732.9 2721.21 1212554913
1905.75 2424.15 1212554967
2060.87 2444.25 1212555008
2316.15 2433.08 1212555073
2475.7 2504.55 1212555136
2527.11 2453.18 1212555198
2502.29 2627.4 1212555248
2373.76 2767 1212555297
1924.36 2751.37 1212555391
1600.83 2702.23 1212555457
1453.69 2681.01 1212555512
1006.94 3009.35 1212555631
654.159 2968.03 1212555691
506.131 2845.18 1212555746
258.827 2803.86 1212555773
249.077 2801.62 1212555804
249.963 2675.42 1212555836
249.963 2621.82 1212555891
639.09 2215.31 1212555980
1096.47 2076.84 1212556031
1212.59 1429.17 1212556107
1459.01 -22.3287 1212556222
1498.89 -547.036 1212556278
1300.34 -447.679 1212556407
1300.34 -427.585 1212556413
1271.98 31.2603 1212556530
1271.09 31.2603 1212556590
1269.32 36.8425 1212556721
1263.11 29.0274 1212556846
1262.23 29.0274 1212556880
1262.23 29.0274 1212556952
1257.79 145.138 1212557000
1458.12 192.03 1212557061
1646.92 32.3768 1212557122
1643.38 -148.485 1212557181
1639.83 -151.834 1212557234
1769.24 -146.252 1212557261
2171.67 -114.992 1212557322
2551.93 -248.962 1212557381
2483.68 -270.174 1212557418
2431.38 -275.756 1212557439
2416.31 -276.872 1212557441
2007.68 -305.898 1212557506
1326.05 351.686 1212557759
834.097 504.646 1212557919
578.816 484.549 1212557950
92.185 333.822 1212558060
-662.137 251.202 1212558175
-662.137 250.086 1212558205
-499.926 217.708 1212558284
-257.054 226.64 1212558292
-213.621 128.391 1212558346
47.8653 156.303 1212558477
72.6843 52.4728 1212558622
51.4109 214.359 1212558686
-202.098 1757.46 1212558934
-252.622 2072.37 1212558978
-335.943 2592.78 1212559055
-451.175 3294.16 1212559116
-453.834 4239.1 1212559292
-468.016 4339.63 1212559305
-202.098 4516.12 1212559368
