613.385 533.675 1211267192
619.59 415.326 1211267313
621.363 416.442 1211267369
622.249 416.442 1211267425
617.817 415.326 1211267539
621.363 414.209 1211267604
621.363 414.209 1211267665
621.363 416.442 1211267714
621.363 416.442 1211267784
619.59 417.559 1211267839
621.363 416.442 1211267903
622.249 415.326 1211267952
623.135 416.442 1211268013
623.135 417.559 1211268076
622.249 417.559 1211268132
622.249 416.442 1211268203
642.636 192.03 1211268252
680.751 -329.343 1211268312
717.979 -896.451 1211268383
752.549 -1402.13 1211268562
755.208 -1403.24 1211268613
756.094 -1398.78 1211268677
756.981 -1396.55 1211268733
755.208 -1398.78 1211268798
756.981 -1396.55 1211268853
757.867 -1402.13 1211268923
754.322 -1398.78 1211268995
568.179 -1350.78 1211269060
574.384 -956.732 1211269125
1092.04 -918.777 1211269176
1328.71 -899.8 1211269235
1518.39 -752.445 1211269281
1454.57 133.974 1211269401
1436.85 355.035 1211269466
1428.87 911.064 1211269535
1604.37 579.452 1211269582
1646.03 82.6168 1211269642
1695.67 -606.204 1211269703
1708.97 -865.194 1211269763
1693.9 -869.659 1211269807
1647.81 -871.892 1211269829
1602.6 -871.892 1211269870
1626.53 -893.102 1211269904
1348.21 -1154.32 1211269958
1414.69 -1358.59 1211270007
1414.69 -1358.59 1211270017
1630.97 -1338.5 1211270068
1741.77 -1289.38 1211270138
1741.77 -1286.04 1211270197
1741.77 -1292.73 1211270253
1738.22 -1301.66 1211270312
1754.17 -1271.52 1211270352
2322.35 -1183.34 1211270413
2388.83 -1297.2 1211270474
3750.33 -1006.97 1211270596
3583.69 -961.197 1211270732
3577.49 -958.964 1211270777
