3976.37 -9839.96 1212849351
4134.14 -9495.39 1212849353
4023.34 -8004.3 1212849402
3751.22 -6505.14 1212849469
3355.89 -5031.36 1212849522
2918.9 -3560.66 1212849557
2738.07 -3036.15 1212849730
3053.63 -3970.21 1212849788
3396.66 -4585.04 1212849911
3323.09 -4604.01 1212850003
3402.87 -4598.43 1212850059
3435.66 -4453.38 1212850119
3100.61 -4092.96 1212850195
2979.17 -3625.39 1212850239
2561.68 -2497.09 1212850375
2720.34 755.864 1212850599
3116.56 2038.87 1212850659
3534.94 2361.61 1212850724
3515.44 2595.01 1212850762
3426.8 3337.71 1212850850
3429.46 3335.48 1212850871
3413.5 3347.77 1212850912
3042.11 2928.94 1212851040
2893.19 3006 1212851077
2749.6 3093.12 1212851109
2452.65 3040.63 1212851160
1638.94 2918.89 1212851222
409.514 2754.72 1212851347
351.012 3008.24 1212851411
350.126 3008.24 1212851425
296.942 3322.08 1212851488
413.946 3366.75 1212851549
413.946 3366.75 1212851581
569.952 3382.39 1212851611
881.962 3296.39 1212851682
1123.95 1866.9 1212851792
1367.71 1166.76 1212851866
1357.07 944.561 1212851935
1341.11 956.843 1212851972
1341.11 940.095 1212852032
1365.05 924.463 1212852108
1379.23 925.58 1212852154
1364.16 905.481 1212852217
1752.4 931.162 1212852275
2111.39 1032.77 1212852343
2403.9 1004.86 1212852394
2765.55 1069.62 1212852463
3075.79 1351 1212852514
3660.81 1836.75 1212852619
3868.23 1995.32 1212852674
3866.45 2024.35 1212852734
3861.13 2019.89 1212852794
3854.04 2007.6 1212852873
3816.81 2074.61 1212852925
3850.5 -656.439 1212853093
3747.68 -1108.55 1212853152
3604.08 -975.709 1212853208
3658.15 -984.639 1212853498
3738.81 -969.011 1212853552
3741.47 -973.476 1212853612
3741.47 -972.36 1212853677
3740.58 -971.244 1212853706
3741.47 -970.127 1212853774
3714.88 -975.709 1212853827
3716.65 -977.942 1212853867
3527.85 -1158.78 1212853934
2776.19 -1204.55 1212853990
2152.17 -1369.76 1212854110
2284.24 -1012.55 1212854161
2451.77 -1089.57 1212854225
2463.29 -1107.43 1212854282
2457.09 -1106.32 1212854343
2457.97 -1106.32 1212854398
2540.41 -987.988 1212854453
2723.89 -1569.56 1212854518
2656.52 -2993.74 1212854573
3152.02 -4428.83 1212854634
3610.28 -5844.7 1212854673
3871.77 -7326.14 1212854718
4139.46 -8810.66 1212854767
3675.88 -10234.7 1212854812
2641.46 -11415.4 1212854863
2594.48 -12952.7 1212854922
2886.1 -14464.1 1212854965
3225.59 -15911.7 1212855013
4213.92 -16154.6 1212855078
4573.8 -16069.9 1212855135
4312.31 -15876 1212855193
4225.44 -15981.9 1212855259
3745.02 -16300.5 1212855314
4065 -16205.8 1212855378
4088.05 -16224.8 1212855434
4066.78 -16223.6 1212855486
4063.23 -16193.6 1212855491
3722.86 -16167.9 1212855558
3136.06 -15252 1212855608
2895.85 -13900.1 1212855673
2589.16 -12393.1 1212855739
3045.65 -10931.6 1212855784
3997.64 -9806.51 1212855826
3997.64 -9806.51 1212855846
4075.64 -8311.02 1212855875
3808.84 -6815.25 1212855929
3035.01 -3941.2 1212856040
2746.94 -2760.49 1212856096
3675.88 -1607.51 1212856126
3930.27 -994.686 1212856146
3843.41 414.209 1212856217
4136.8 350.569 1212856272
4227.22 -659.788 1212856332
4080.07 -1117.48 1212856387
4144.78 -1128.64 1212856448
4590.64 -1080.64 1212856516
4544.54 -1075.06 1212856561
4547.2 -1079.52 1212856653
4547.2 -1075.06 1212856718
4366.38 -1085.11 1212856783
4283.94 -1089.57 1212856815
4283.94 -1089.57 1212856819
4084.51 -1111.9 1212856879
3861.13 -342.739 1212856939
3815.93 403.044 1212856964
3093.52 1623.46 1212857025
2873.69 1850.15 1212857102
2552.82 2169.53 1212857151
2289.56 2438.66 1212857203
2499.63 2698.88 1212857269
2818.73 3067.43 1212857323
3157.34 3370.1 1212857394
3461.37 3618.06 1212857451
3487.08 3727.52 1212857514
3394 3924.1 1212857646
