2854.19 3237.19 1211672059
2854.19 3237.19 1211672251
2414.54 4348.57 1211672258
2372.88 4387.66 1211672268
2067.96 4661.34 1211672322
2068.84 4660.22 1211672340
1984.64 4768.58 1211672401
1729.36 4625.59 1211672462
1204.61 4317.29 1211672575
1035.31 4265.91 1211672636
1128.38 3660.5 1211672698
874.871 3538.76 1211672756
901.463 3228.26 1211672832
998.967 2628.52 1211672879
1115.08 1946.18 1211672940
1252.48 1396.78 1211673002
1384.55 911.064 1211673062
1409.37 591.734 1211673129
1408.48 591.734 1211673146
1408.48 591.734 1211673147
1210.81 703.386 1211673252
1185.11 1065.15 1211673317
1173.59 1267.26 1211673353
1315.41 1607.83 1211673413
1242.73 2055.62 1211673474
1145.22 2692.18 1211673542
1068.11 3115.46 1211673608
1020.24 3433.77 1211673656
914.759 4102.82 1211673715
842.961 4549.63 1211673786
809.278 4570.86 1211673836
74.4571 4452.45 1211673896
-78.8891 4689.27 1211673957
-113.458 4941.73 1211674018
-124.095 4975.24 1211674077
-127.641 4995.35 1211674085
-143.596 4985.3 1211674127
-141.823 4974.13 1211674181
-129.414 4899.28 1211674242
-67.366 4555.22 1211674304
504.358 4512.77 1211674363
842.961 4563.04 1211674415
1035.31 4204.47 1211674475
1130.15 3711.88 1211674547
1162.06 3518.65 1211674602
1170.93 3395.79 1211674662
1249.82 2907.72 1211674717
1259.57 2775.94 1211674781
1303.89 2549.23 1211674837
1344.66 2329.22 1211674899
1802.93 2283.43 1211674962
2146.85 1780.91 1211675022
2457.09 1841.21 1211675077
2829.37 1880.3 1211675137
3247.75 2080.19 1211675197
3624.47 1853.5 1211675262
3622.69 1850.15 1211675273
3682.08 1969.63 1211675333
3746.79 2023.24 1211675395
3748.56 2032.17 1211675454
3778.7 2134.91 1211675519
3542.03 2348.21 1211675576
3169.75 2285.67 1211675634
2509.38 1818.88 1211675694
2104.3 2218.66 1211675754
1699.22 2284.55 1211675814
1404.05 2236.53 1211675879
1159.4 2702.23 1211675940
788.005 2800.51 1211676010
413.06 2751.37 1211676060
