-2786.82 1621.23 1211592703
-2786.82 1621.23 1211592719
-2635.25 1480.53 1211592766
-2071.5 1569.86 1211592825
-1677.06 1579.91 1211592895
-1426.21 1026.07 1211593045
-1316.3 1218.12 1211593098
-899.69 1400.13 1211593155
-935.146 1627.93 1211593224
-1006.06 2065.67 1211593288
-1022.01 2500.09 1211593345
-202.098 2938.99 1211593459
481.312 3047.33 1211593515
1064.56 3169.06 1211593575
954.647 3754.33 1211593641
850.052 4512.77 1211593707
1521.05 5147.28 1211593992
1542.33 5108.18 1211594077
1589.31 5060.15 1211594084
1725.81 4644.58 1211594139
1774.56 4286.01 1211594214
1859.66 3809.06 1211594264
1881.82 3590.14 1211594319
1922.59 3398.03 1211594394
1986.41 3093.12 1211594439
1987.3 2971.38 1211594500
1981.09 2966.91 1211594574
1894.22 2947.93 1211594589
1989.96 3067.43 1211594650
2481.9 3123.27 1211594711
2828.48 3239.43 1211594768
2855.96 3220.44 1211594814
2248.78 3446.05 1211594933
1608.81 3333.25 1211594996
1278.18 3269.58 1211595043
1023.79 3238.31 1211595088
-980.352 3001.54 1211595278
-1106.22 3009.35 1211595336
-1846.36 2889.85 1211595451
-3716.65 2697.76 1211595701
-3685.63 2291.25 1211595803
-3669.67 2256.63 1211595850
-3277.89 2277.85 1211595881
-2484.56 2316.94 1211596037
-2153.05 2345.97 1211596046
-1501.55 2407.39 1211596101
-852.711 2828.43 1211596231
-156.892 2945.69 1211596298
730.389 3083.07 1211596344
1056.58 3142.26 1211596416
1780.77 3265.12 1211596529
2287.78 3318.73 1211596584
2582.07 3268.47 1211596644
2539.52 3233.84 1211596699
2558.13 3213.74 1211596700
2558.13 3213.74 1211596721
2830.26 3317.61 1211596816
2955.24 3415.9 1211596881
2892.31 3296.39 1211596942
2404.79 2345.97 1211597137
1655.78 1597.78 1211597245
1375.68 1142.2 1211597362
1412.03 619.647 1211597429
1239.18 539.257 1211597492
1037.97 523.626 1211597545
623.135 770.379 1211597668
633.772 829.556 1211597701
