5633.92 6401.93 1212938317
6084.21 5390.82 1212938434
5165.91 4302.77 1212938497
4211.26 3181.35 1212938554
3571.28 3051.79 1212938614
3370.96 2926.71 1212938799
2948.15 2610.65 1212938910
3044.76 2453.18 1212938995
3440.1 2057.85 1212939056
3383.37 1518.5 1212939117
3777.81 362.85 1212939177
3462.26 937.862 1212939248
3130.75 1960.7 1212939373
3263.7 1838.98 1212939424
3299.16 1850.15 1212939497
3422.37 1711.68 1212939608
3667.01 1958.47 1212939665
3440.98 1737.36 1212939737
3473.78 1751.88 1212939792
3474.67 1750.76 1212939854
3474.67 1747.41 1212939900
3526.08 1801.01 1212939974
3526.08 1801.01 1212940020
3526.08 1801.01 1212940080
3526.08 1801.01 1212940140
3529.62 1796.55 1212940192
3543.8 1815.53 1212940253
3542.92 1815.53 1212940318
3547.35 1820 1212940374
3553.56 1825.58 1212940437
3552.67 1827.81 1212940495
3552.67 1827.81 1212940615
3549.12 1831.16 1212940675
3559.76 1843.45 1212940737
3559.76 1843.45 1212940796
3557.1 1847.91 1212940905
3552.67 1857.96 1212940964
3557.99 1845.68 1212941016
3558.87 1843.45 1212941070
3550.9 1850.15 1212941130
3551.78 1855.73 1212941218
3563.31 1835.63 1212941278
3559.76 1843.45 1212941336
3552.67 1850.15 1212941396
3550.01 1853.5 1212941457
3554.44 1849.03 1212941517
3553.56 1854.61 1212941579
3550.01 1865.78 1212941640
3560.65 1843.45 1212941705
3559.76 1843.45 1212941778
3573.06 1836.75 1212941821
3573.94 1842.33 1212941834
3573.94 1844.56 1212941894
3574.83 1843.45 1212941964
3574.83 1844.56 1212942015
3572.17 1843.45 1212942076
3574.83 1840.1 1212942140
3573.94 1845.68 1212942197
3579.26 1837.86 1212942257
3579.26 1843.45 1212942318
3570.4 1843.45 1212942386
3573.94 1847.91 1212942408
3573.94 1842.33 1212942473
3574.83 1835.63 1212942534
3569.51 1842.33 1212942590
3568.62 1852.38 1212942650
3568.62 1856.85 1212942710
3573.94 1843.45 1212942745
3573.94 1850.15 1212942870
3573.94 1846.8 1212942925
3571.28 1844.56 1212942991
3570.4 1847.91 1212943051
3571.28 1850.15 1212943068
3915.2 2187.39 1212943198
4175.8 2418.56 1212943251
3947.11 3634.81 1212943374
3635.1 4031.33 1212943435
3214.07 4321.76 1212943492
3036.79 4672.51 1212943553
3037.67 4673.63 1212943581
3037.67 4673.63 1212943583
3019.06 4538.46 1212943646
3026.15 4529.53 1212943704
3028.81 4525.06 1212943765
3031.47 4523.94 1212943786
3041.22 4470.32 1212943847
2719.46 4244.68 1212943906
2509.38 4277.08 1212943966
2249.67 4506.07 1212944042
1683.26 4993.12 1212944087
1561.83 5123.82 1212944151
1341.11 5299.21 1212944339
1337.57 5303.68 1212944411
1339.34 5300.33 1212944524
1345.55 5296.98 1212944810
1342 5295.86 1212945092
1335.8 5234.42 1212945135
940.465 5028.87 1212945259
983.011 4620.01 1212945366
1022.01 4351.92 1212945434
1140.79 3593.49 1212945491
1203.72 3251.71 1212945546
1295.02 2685.47 1212945606
1317.18 2474.4 1212945667
1352.64 2353.79 1212945736
1407.59 1945.07 1212945795
1505.98 1443.68 1212945853
1571.58 1177.93 1212945923
1585.76 1117.63 1212945935
2676.91 791.593 1212946063
2884.33 -664.254 1212946120
2873.69 -3551.74 1212946223
3146.7 -4431.06 1212946266
3831 -7111.97 1212946351
4092.48 -8575.34 1212946406
