995.421 -5792.27 1212134327
1022.9 -5801.19 1212134362
1067.22 -5749.87 1212134368
1513.08 -5843.59 1212134428
1114.2 -5679.58 1212134525
1006.94 -5582.52 1212134768
1370.37 -5369.42 1212134815
1861.43 -5428.56 1212134875
2064.41 -5493.27 1212134935
1867.63 -5428.56 1212134995
2326.79 -5592.56 1212135055
2689.32 -5720.86 1212135115
3213.18 -5127.31 1212135176
3006.65 -3856.39 1212135243
2467.72 -2468.07 1212135290
2894.08 -1012.55 1212135342
2269.17 1399.02 1212135489
2456.2 1840.1 1212135547
2810.76 2196.33 1212135607
3224.7 2678.77 1212135667
2898.51 2979.2 1212135743
2723 3432.65 1212135791
2649.43 3802.36 1212135850
2580.29 4206.7 1212135921
2393.26 4370.91 1212135972
2275.37 4492.66 1212136044
2341.85 4392.13 1212136096
2546.61 4230.16 1212136152
2686.66 4149.74 1212136221
2681.34 4214.52 1212136254
2551.93 4234.63 1212136370
2512.04 4270.37 1212136393
2223.96 4165.37 1212136451
1268.43 4004.53 1212136511
1087.61 3943.09 1212136571
1134.58 3590.14 1212136632
1075.2 3247.25 1212136697
-244.645 3038.39 1212136817
-966.17 2920.01 1212136873
-1051.26 2457.65 1212136934
-947.556 1665.9 1212137013
-1112.43 1407.95 1212137056
-1626.53 1281.77 1212137113
-1580.44 982.525 1212137173
-1544.99 595.083 1212137239
-1544.1 595.083 1212137259
-1544.1 595.083 1212137289
-1888.91 537.024 1212137320
-1967.8 597.316 1212137385
-1966.02 595.083 1212137448
-1968.68 601.782 1212137501
-1966.02 595.083 1212137562
-1971.34 599.549 1212137622
-1971.34 598.433 1212137682
-1966.02 596.2 1212137749
-1966.91 595.083 1212137794
-1967.8 592.85 1212137862
-1965.14 593.967 1212137915
-1967.8 597.316 1212137969
-1966.91 598.433 1212138029
-1964.25 599.549 1212138090
-1966.02 600.666 1212138119
-1963.36 599.549 1212138179
-1964.25 599.549 1212138240
-1966.91 595.083 1212138300
-1965.14 600.666 1212138362
-1967.8 596.2 1212138422
-1547.64 696.687 1212138483
-1448.37 1027.19 1212138543
-1028.22 1087.48 1212138604
-437.879 1189.09 1212138669
-23.0463 1011.56 1212138730
34.5694 348.336 1212138784
58.502 45.7741 1212138844
59.3884 131.741 1212138907
53.1837 247.853 1212138964
269.464 475.616 1212139029
252.622 490.131 1212139089
104.595 319.308 1212139159
40.7741 272.415 1212139210
-15.0687 75.9182 1212139275
54.0701 227.757 1212139325
148.914 386.297 1212139394
61.1612 188.68 1212139445
60.2748 187.564 1212139507
60.2748 187.564 1212139570
60.2748 187.564 1212139610
58.502 183.098 1212139669
61.1612 183.098 1212139730
62.0476 184.214 1212139768
65.5932 20.0959 1212139833
66.4796 -88.1981 1212139864
50.5245 -729.002 1212139962
39.0014 -729.002 1212139964
-65.5932 -877.473 1212140024
256.168 -979.058 1212140089
140.05 -963.43 1212140160
117.004 -611.785 1212140216
91.2986 -274.639 1212140265
64.7068 65.8701 1212140324
52.2973 234.455 1212140384
199.439 408.627 1212140449
390.9 604.015 1212140480
871.326 1079.67 1212140540
880.19 1087.48 1212140605
887.281 1095.3 1212140660
1043.29 1249.39 1212140720
1160.29 1295.17 1212140780
1177.13 1096.42 1212140813
1201.95 729.067 1212140873
1217.91 535.908 1212140933
1276.41 -235.565 1212140993
1332.25 -956.732 1212141053
1272.86 -1340.73 1212141113
982.125 -1369.76 1212141179
463.584 -1231.34 1212141234
-89.5258 -1274.87 1212141299
-729.503 -1481.38 1212141354
-803.96 -1485.84 1212141414
-2102.53 -1781.64 1212141545
