3036.79 3672.79 1212092275
3105.93 3534.29 1212092393
3012.85 3338.83 1212092453
2992.47 3275.17 1212092496
2656.52 3291.92 1212092552
2560.79 3274.05 1212092613
2526.22 3223.79 1212092676
2549.27 3204.8 1212092750
2735.41 3181.35 1212092801
2801.89 3207.04 1212092812
2801.89 3207.04 1212092814
2835.58 3265.12 1212092875
2693.75 3287.45 1212092914
2336.54 3196.99 1212092990
1679.72 3133.33 1212093034
1640.72 2491.15 1212093154
1506.87 2458.77 1212093234
1548.53 2469.93 1212093254
1543.21 2287.9 1212093314
1552.08 2277.85 1212093379
1552.08 2276.73 1212093434
1545.87 2274.5 1212093510
1537.01 2274.5 1212093640
1547.64 2272.27 1212093701
1548.53 2273.38 1212093817
1559.17 2268.92 1212093886
1549.42 2267.8 1212093936
1542.33 2263.33 1212093996
1526.37 2265.57 1212094065
1531.69 2270.03 1212094116
1556.51 2273.38 1212094335
1555.62 2277.85 1212094345
1303.89 2222.01 1212094407
1196.63 2420.8 1212094473
1081.4 2894.32 1212094524
1061.9 3119.92 1212094591
616.931 3176.88 1212094651
-59.3884 3061.85 1212094711
-921.85 2935.64 1212094771
-1579.55 3018.29 1212094875
-1580.44 3018.29 1212094881
-1424.44 2983.67 1212094952
-1089.38 3007.12 1212094999
-614.271 3087.53 1212095059
294.283 3227.14 1212095184
771.163 3301.97 1212095248
1011.38 3358.94 1212095312
1150.54 3386.86 1212095355
1457.23 3412.55 1212095417
2007.68 3500.78 1212095475
2175.21 3529.82 1212095535
2467.72 3591.25 1212095595
2808.98 3567.8 1212095660
2819.62 3489.61 1212095720
2903.83 3650.45 1212095784
2907.37 3559.98 1212095878
2837.35 3190.29 1212095933
2801.01 3468.39 1212095988
2860.39 3530.94 1212096049
2832.03 3524.24 1212096109
2835.58 3519.77 1212096173
2801.89 3536.52 1212096229
2801.89 3538.76 1212096304
2803.67 3542.11 1212096350
2805.44 3551.04 1212096415
2834.69 3525.35 1212096505
2821.39 3534.29 1212096565
2879.01 3477.33 1212096603
3003.1 3354.47 1212096663
2945.49 3421.48 1212096728
3000.45 3353.35 1212096785
2857.74 3540.99 1212096907
2923.33 3453.87 1212096952
2959.67 3420.36 1212097012
3080.22 3351.12 1212097066
3048.31 3557.75 1212097130
2949.92 3478.44 1212097200
2893.19 3506.37 1212097252
2874.58 3516.42 1212097282
2881.67 3514.19 1212097329
2883.44 3489.61 1212097459
3388.69 3713 1212097513
3407.3 3859.32 1212097578
3019.06 3587.9 1212097636
3216.73 3488.5 1212097701
3246.86 3495.2 1212097719
3036.79 3373.45 1212097781
2866.6 3342.18 1212097854
2596.25 3252.83 1212097901
2356.04 3239.43 1212097965
1683.26 3104.29 1212098021
1455.46 3099.82 1212098081
1232.09 3142.26 1212098151
1204.61 3303.09 1212098202
1146.99 3652.68 1212098267
1100.9 3947.56 1212098321
1043.29 4326.22 1212098392
1002.51 4589.85 1212098443
833.211 4583.15 1212098578
261.486 4491.55 1212098625
-16.8415 4451.33 1212098688
-17.7279 4451.33 1212098708
-17.7279 4451.33 1212098712
-129.414 4532.88 1212098772
-204.757 4523.94 1212098806
-475.994 4391.01 1212098858
-405.082 3964.32 1212098978
-660.364 3807.94 1212099038
-659.477 3809.06 1212099047
-717.979 4053.67 1212099100
-749.003 4211.17 1212099117
-374.058 4368.67 1212099201
-70.0252 4418.94 1212099274
-17.7279 4332.93 1212099325
141.823 4143.03 1212099381
273.896 4160.91 1212099415
453.834 4086.07 1212099488
748.117 4131.86 1212099540
786.232 3941.98 1212099607
856.257 3568.91 1212099652
962.624 2890.97 1212099712
989.216 2718.98 1212099772
1053.04 2325.87 1212099832
1165.61 2195.21 1212099893
1404.05 2223.13 1212099964
1701.88 2067.9 1212100018
1701.88 2067.9 1212100033
1798.49 2085.77 1212100045
1797.61 2091.36 1212100049
1804.7 2083.54 1212100111
1735.56 1961.82 1212100170
1584.87 1812.18 1212100217
1493.57 1678.18 1212100237
1375.68 1603.36 1212100310
1306.55 1748.53 1212100363
1228.54 2169.53 1212100418
764.958 2349.32 1212100524
167.529 2252.17 1212100581
-554.883 2136.02 1212100641
-1494.46 1993.08 1212100701
-2043.14 1924.97 1212100767
-2390.61 1916.03 1212100835
-2835.58 1893.7 1212100883
-3195.45 1876.95 1212100943
-3398.44 1863.55 1212101003
-3929.39 1828.93 1212101063
-3948.89 1816.65 1212101093
-3948.89 1816.65 1212101095
-4037.53 1856.85 1212101155
-3989.66 2241 1212101216
-3267.25 2281.2 1212101307
-3022.61 2293.49 1212101367
-2723 2309.12 1212101427
-2454.43 2319.17 1212101470
-1960.7 2353.79 1212101542
-1919.93 2356.02 1212101552
-271.237 2595.01 1212101733
-4.43197 2646.39 1212101793
659.477 2756.95 1212101869
1075.2 2742.43 1212101926
1213.47 2739.08 1212101981
1819.77 2829.54 1212102040
2250.56 2904.37 1212102102
2547.5 2982.55 1212102166
2726.55 2945.69 1212102227
2923.33 3127.74 1212102291
3026.15 3224.91 1212102339
3148.47 3289.69 1212102408
3189.25 3324.31 1212102460
3379.82 3510.83 1212102520
3863.79 3249.48 1212102586
3806.18 3344.42 1212102646
3806.18 3344.42 1212102669
3764.52 3380.16 1212102697
3737.04 3577.85 1212102734
3500.37 3788.95 1212102795
3481.76 3836.98 1212102855
3384.25 3742.04 1212102926
3471.12 3576.73 1212102984
3532.28 3210.39 1212103095
3331.07 2955.75 1212103159
3721.97 2587.2 1212103221
3976.37 2300.19 1212103281
3970.16 2110.34 1212103336
3798.2 1932.78 1212103396
3438.32 904.365 1212103456
3840.75 -563.782 1212103526
3825.68 -1079.52 1212103582
3699.81 -975.709 1212103635
3683.86 -976.825 1212103696
3713.99 -914.312 1212103761
3721.97 -918.777 1212103825
3678.54 -935.522 1212103876
3674.99 -936.638 1212103936
3675.88 -935.522 1212104005
3673.22 -933.289 1212104062
3675.88 -934.405 1212104127
3589.9 -950.034 1212104242
3589.9 -950.034 1212104297
3588.12 -953.383 1212104350
3588.12 -963.43 1212104426
3588.12 -960.081 1212104471
3592.56 -958.964 1212104527
