3691.83 -909.847 1212502378
3619.15 -960.081 1212502424
3577.49 -1080.64 1212502484
3319.55 -1166.59 1212502548
2997.79 -1193.39 1212502584
2306.4 -1303.9 1212502668
1885.36 -1322.87 1212502728
1584.87 -1325.1 1212502788
1553.85 -1188.92 1212502848
1506.87 -625.182 1212502907
1476.73 -198.724 1212502968
1448.37 185.331 1212503028
1404.05 723.484 1212503090
1393.41 1072.97 1212503148
1482.05 1354.35 1212503208
1474.96 1626.81 1212503268
1687.7 1893.7 1212503329
1854.34 2053.39 1212503393
1968.68 1912.68 1212503427
1763.04 1712.8 1212503491
1929.68 1518.5 1212503547
2016.55 1632.4 1212503617
1981.09 1564.28 1212503667
1981.09 1562.05 1212503730
1979.32 1554.23 1212503788
1978.43 1552 1212503823
2143.3 1543.06 1212503884
2449.11 1844.56 1212503944
2852.42 2243.23 1212504004
3036.79 2452.07 1212504064
3235.34 2632.98 1212504124
3029.7 2858.58 1212504184
2811.64 3194.75 1212504246
2780.62 3520.89 1212504309
2971.19 3642.63 1212504370
3114.79 3696.24 1212504425
3116.56 3694.01 1212504437
3283.21 3716.35 1212504490
3409.96 3660.5 1212504551
3479.98 3740.92 1212504618
3447.19 3782.25 1212504671
3418.82 3767.73 1212504740
3421.48 3766.61 1212504796
3396.66 3762.14 1212504860
3411.73 3768.85 1212504925
3424.14 3775.55 1212504971
3405.53 3767.73 1212505038
3467.58 3803.47 1212505102
3421.48 3781.13 1212505154
3433.89 3793.42 1212505218
3423.26 3794.54 1212505292
3435.66 3910.7 1212505335
3464.92 3804.59 1212505354
3446.3 3790.07 1212505414
3459.6 3784.48 1212505441
3446.3 3860.44 1212505501
3430.35 3811.29 1212505561
3424.14 3821.34 1212505571
3385.14 3717.47 1212505627
3422.37 3639.28 1212505683
3643.08 3338.83 1212505749
3605.85 3277.4 1212505804
3347.91 2981.43 1212505869
3129.86 2767 1212505924
2793.03 2414.1 1212505985
2543.95 2191.86 1212506059
2156.6 1803.25 1212506106
2389.72 1529.66 1212506166
2658.3 1262.79 1212506235
2758.46 1154.48 1212506286
2801.01 1060.69 1212506330
2801.01 1060.69 1212506337
2842.67 936.745 1212506358
2843.55 1087.48 1212506418
3101.49 1385.62 1212506478
3373.62 1655.85 1212506548
3516.33 1796.55 1212506598
3799.09 2065.67 1212506659
3682.97 2213.08 1212506722
3401.1 2498.97 1212506781
3386.91 2770.35 1212506848
3410.85 2880.92 1212506885
3211.41 3095.35 1212506937
3138.72 3169.06 1212506992
3054.52 3267.35 1212507066
3207.86 3411.43 1212507113
3367.41 3566.68 1212507173
3445.42 3678.37 1212507244
3467.58 3811.29 1212507299
3365.64 3797.89 1212507359
3386.91 3717.47 1212507404
3126.31 3456.11 1212507464
3059.83 3673.91 1212507522
3321.32 3738.69 1212507589
3436.55 3727.52 1212507647
3470.23 3772.2 1212507696
3417.05 3788.95 1212507756
3394 3814.64 1212507891
3549.12 3822.46 1212507937
3547.35 3821.34 1212507997
3543.8 3821.34 1212508001
3422.37 3826.93 1212508064
3370.07 3661.62 1212508116
2989.81 3238.31 1212508238
2682.23 2921.12 1212508302
2469.49 2686.59 1212508357
2204.46 2421.91 1212508422
1887.13 2309.12 1212508478
1489.14 2255.52 1212508539
1426.21 2242.11 1212508561
1342 2445.36 1212508626
1318.07 2622.93 1212508699
1236.52 2933.41 1212508712
1214.36 2936.76 1212508740
1420 2829.54 1212508837
1424.44 2830.66 1212508850
1141.68 2515.72 1212508910
1058.35 2502.32 1212508975
808.392 2462.12 1212509035
804.846 2462.12 1212509100
804.846 2462.12 1212509215
731.275 2474.4 1212509270
681.637 2812.79 1212509330
926.282 2903.25 1212509407
1492.69 2985.9 1212509450
2048.46 3075.25 1212509515
2434.04 3068.55 1212509571
2297.53 3019.41 1212509640
2296.65 3012.7 1212509653
1934.11 2999.3 1212509714
1412.03 2781.52 1212509784
1446.6 2581.61 1212509854
1435.96 2581.61 1212509868
1435.96 2579.38 1212509874
1296.8 2660.9 1212509936
1240.95 2966.91 1212509990
1490.03 2999.3 1212510063
1982.86 3064.08 1212510110
2452.65 3010.47 1212510183
2226.62 3013.82 1212510202
2140.64 3068.55 1212510261
2055.55 3404.73 1212510303
1954.5 3108.75 1212510368
2283.35 3113.22 1212510426
2547.5 3162.36 1212510501
2963.22 3219.32 1212510544
3095.29 3093.12 1212510604
2975.63 3175.77 1212510655
2975.63 3175.77 1212510660
3140.5 2793.81 1212510727
3024.38 2847.41 1212510796
3076.68 3049.56 1212510838
3309.8 3286.34 1212510876
3518.99 3315.38 1212510927
3459.6 3801.24 1212511053
3089.08 4435.69 1212511185
3440.1 3872.72 1212511247
3454.28 3889.48 1212511306
3444.53 3909.58 1212511376
3427.69 3928.57 1212511426
3450.73 3847.03 1212511486
3464.03 3861.55 1212511541
3335.5 3895.06 1212511606
3669.67 3336.6 1212511671
3606.74 3260.65 1212511721
3325.75 2971.38 1212511781
3575.72 2714.51 1212511846
3793.77 2502.32 1212511882
3932.05 2080.19 1212511936
3671.45 1804.36 1212511997
3760.97 504.646 1212512057
3887.73 -1009.2 1212512115
3156.45 -2316.28 1212512162
2966.76 -3812.87 1212512222
3258.39 -4880.73 1212512259
3691.83 -6318.84 1212512308
3959.52 -7811.34 1212512361
4166.94 -9328.11 1212512419
3376.28 -10619.4 1212512465
2528.88 -11865.8 1212512517
2640.57 -13359.6 1212512569
2851.53 -14147.6 1212512608
3151.13 -15619.7 1212512658
3893.04 -16220.3 1212512718
4555.18 -16049.8 1212512783
4382.33 -15848.1 1212512843
4381.45 -15845.9 1212512890
4345.99 -15857.1 1212512892
3934.7 -16225.9 1212512962
4003.84 -16240.4 1212512997
