3582.81 -994.686 1211465564
3551.78 -1152.08 1211465612
2789.48 -1207.9 1211465677
2496.09 -1290.5 1211465693
2158.37 -1310.59 1211465754
1629.19 -1323.99 1211465814
1524.6 -720.071 1211465936
1501.55 -419.77 1211465996
1501.55 -419.77 1211466010
1480.28 -189.792 1211466037
1455.46 167.467 1211466112
1412.91 693.337 1211466162
1393.41 1024.95 1211466225
1432.41 1238.22 1211466279
1499.78 1522.96 1211466343
1485.6 1606.71 1211466403
1700.99 1913.8 1211466458
1859.66 2060.09 1211466524
1935.89 1983.03 1211466581
1935.89 1983.03 1211466641
1979.32 1939.48 1211466701
1850.79 1808.83 1211466767
1738.22 1916.03 1211466788
1626.53 1874.71 1211466843
1466.1 1710.56 1211466904
1435.07 1797.66 1211466964
1390.75 1909.33 1211467024
1390.75 1909.33 1211467038
1334.02 2399.58 1211467084
1315.41 2531.36 1211467133
1229.43 2630.75 1211467252
1075.2 2598.36 1211467313
1023.79 2487.8 1211467367
1109.77 1939.48 1211467432
887.281 1725.08 1211467487
564.633 1674.83 1211467550
-116.118 1568.75 1211467612
-894.372 1357.7 1211467667
-857.143 1057.34 1211467727
-850.052 1040.59 1211467744
-835.87 1036.12 1211467765
-865.121 1201.38 1211467839
-873.985 1278.42 1211467884
-898.804 1405.72 1211467944
-914.759 1562.05 1211467969
-978.579 1910.45 1211468026
-978.579 1910.45 1211468040
-1012.26 2108.11 1211468086
-1034.42 2450.95 1211468150
-1047.72 2765.88 1211468211
-1046.83 2765.88 1211468220
-973.261 2969.15 1211468285
-241.099 3144.49 1211468396
155.119 3204.8 1211468445
542.473 3269.58 1211468488
858.03 3318.73 1211468541
1105.33 3361.17 1211468601
1314.52 3385.74 1211468665
1316.3 3406.96 1211468678
1584.87 3440.47 1211468738
1701.88 2911.07 1211468858
1752.4 2593.9 1211468919
1833.06 2113.69 1211468978
2145.96 1778.68 1211469048
2514.7 1409.07 1211469106
2662.73 1651.38 1211469158
2663.62 1649.15 1211469192
2660.07 1646.91 1211469196
2650.32 1659.2 1211469298
2657.41 1656.96 1211469359
2547.5 1778.68 1211469420
2122.03 2209.73 1211469480
1931.45 2443.13 1211469541
1891.57 2685.47 1211469601
1848.13 2994.84 1211469662
2245.24 3105.4 1211469722
2413.65 3125.51 1211469788
2429.61 3047.33 1211470052
2149.51 2999.3 1211470114
2100.75 3224.91 1211470174
2044.91 3603.54 1211470236
1995.27 3901.76 1211470296
1944.75 4264.79 1211470357
1893.34 4555.22 1211470417
2088.35 4889.23 1211470478
2073.28 5294.75 1211470545
2059.09 5385.24 1211470598
1859.66 5448.92 1211470652
1836.61 5446.68 1211470653
1636.28 5349.49 1211470714
1492.69 5327.14 1211470751
1335.8 5214.31 1211470821
1359.73 5055.68 1211470871
1383.66 4957.37 1211470931
1384.55 4957.37 1211470977
1408.48 4755.17 1211471037
1468.76 4380.96 1211471097
1524.6 4029.1 1211471158
1571.58 3730.87 1211471223
1585.76 3647.1 1211471283
1617.67 3463.92 1211471338
2115.82 3529.82 1211471403
2417.2 3562.21 1211471458
2581.18 3592.37 1211471490
2587.39 3593.49 1211471492
2601.57 3586.79 1211471511
2602.45 3623.64 1211471572
2875.46 3587.9 1211471633
2934.85 3592.37 1211471693
2940.17 3558.86 1211471719
3062.49 3482.91 1211471780
3004.88 3549.93 1211471840
2546.61 3495.2 1211471900
2396.81 3463.92 1211471959
2379.08 3457.22 1211472016
1659.33 3346.65 1211472075
1373.02 3297.51 1211472135
927.169 3239.43 1211472195
482.199 3154.55 1211472257
-171.961 3052.91 1211472317
-964.397 2928.94 1211472376
-1262.23 2992.6 1211472436
-1265.77 2992.6 1211472462
-1284.39 3029.46 1211472480
-999.853 3089.77 1211472562
-995.421 3103.17 1211472623
-998.08 3103.17 1211472676
-998.967 3103.17 1211472693
-720.639 3089.77 1211472753
-690.501 2885.38 1211472814
-551.337 2878.68 1211472874
59.3884 2972.5 1211472939
661.25 3070.78 1211473003
820.801 3096.47 1211473018
944.896 2989.25 1211473079
1044.17 2388.41 1211473143
1106.22 1987.5 1211473204
1355.3 1998.67 1211473259
1416.46 1851.26 1211473319
1498.01 1470.48 1211473384
1591.96 1125.45 1211473449
1591.08 1047.29 1211473500
1798.49 936.745 1211473560
1905.75 941.212 1211473620
1905.75 941.212 1211473690
1905.75 941.212 1211473740
1906.63 941.212 1211473800
1908.41 941.212 1211473860
1907.52 942.328 1211473920
1906.63 942.328 1211473980
1956.27 947.911 1211474046
2001.48 476.733 1211474101
2046.68 -107.177 1211474165
2092.78 -695.511 1211474221
2129.12 -1179.99 1211474287
2550.16 -1286.04 1211474346
2448.22 -2237.04 1211474401
2906.49 -3646.59 1211474452
3368.3 -5099.42 1211474501
3631.56 -5975.23 1211474536
3901.91 -7497.92 1211474582
4174.03 -8998.02 1211474634
4095.14 -9545.57 1211474694
3922.3 -9895.71 1211474754
3653.72 -10269.3 1211474783
2794.8 -11132.3 1211474843
2555.48 -11675.2 1211474907
2559.02 -12305.1 1211474968
2763.78 -13745.2 1211475038
3042.99 -15221.9 1211475081
3643.08 -16289.4 1211475141
4448.81 -16184.6 1211475201
4377.02 -15851.5 1211475261
4377.02 -15851.5 1211475283
4377.02 -15851.5 1211475290
4384.99 -15862.6 1211475377
4377.02 -15854.8 1211475429
4230.76 -15964 1211475491
3883.29 -16206.9 1211475555
