3765.4 -10141 1212260097
4136.8 -9493.16 1212260137
3476.44 -5224.38 1212260259
2997.79 -3808.4 1212260281
3850.5 -159.649 1212260448
3387.8 1257.21 1212260499
3032.36 1691.58 1212260561
2826.71 1889.23 1212260612
2580.29 1696.05 1212260667
2366.67 1478.3 1212260727
2281.58 1635.75 1212260805
2648.55 1233.76 1212260865
2559.02 1129.91 1212260965
2562.57 1122.1 1212261029
2699.96 1224.82 1212261052
2603.34 1048.4 1212261145
1697.45 1956.23 1212261286
1624.76 2410.75 1212261323
1583.1 2732.38 1212261381
1565.37 2774.82 1212261446
1543.21 2850.76 1212261510
1519.28 3159.01 1212261561
1494.46 3301.97 1212261627
1755.95 3460.57 1212261682
2087.46 3506.37 1212261744
2088.35 3506.37 1212261762
2118.48 3515.3 1212261764
2642.34 3605.77 1212261899
2893.19 3563.33 1212261946
3048.31 3595.72 1212261981
3404.64 3748.74 1212262041
3472.01 3689.54 1212262106
3524.3 3727.52 1212262161
3663.47 3788.95 1212262284
3668.79 3786.72 1212262323
3528.74 3720.82 1212262372
3377.16 3476.21 1212262436
2723.89 3077.48 1212262557
2474.81 3040.63 1212262621
2166.35 2992.6 1212262676
1772.79 2927.82 1212262743
1743.54 2802.74 1212262787
1743.54 2802.74 1212262806
1747.08 2748.02 1212262826
2018.32 2659.79 1212262884
2179.64 2734.61 1212262938
2166.35 2879.8 1212262989
2180.53 2880.92 1212263102
2178.76 2883.15 1212263170
2184.08 2882.03 1212263254
2535.09 2946.81 1212263315
2927.76 2960.21 1212263424
3030.58 3276.29 1212263482
3479.98 2828.43 1212263542
4050.82 2253.28 1212263668
4046.39 2257.75 1212263695
3890.39 2423.03 1212263756
3466.69 2826.19 1212263821
3290.3 2949.04 1212263873
3264.59 2947.93 1212263905
2971.19 2972.5 1212263956
2601.57 3049.56 1212264091
2597.14 3067.43 1212264136
2545.72 3050.68 1212264181
2532.43 3049.56 1212264183
2213.33 3013.82 1212264243
2187.62 3001.54 1212264303
2194.71 3003.77 1212264363
2192.05 3022.76 1212264477
2017.43 2926.71 1212264533
2058.21 2589.43 1212264610
2172.55 2467.7 1212264664
2523.56 2196.33 1212264714
3284.98 1388.97 1212264845
3674.99 -1568.45 1212264938
2747.82 -2771.65 1212264995
3853.16 -7191.17 1212265119
