1123.06 1900.4 1211598006
1380.12 1802.13 1211598067
1646.92 1785.38 1211598123
2120.26 2050.04 1211598183
2409.22 2349.32 1211598255
2723.89 2676.54 1211598313
3178.61 3140.03 1211598423
3505.69 3488.5 1211598483
3735.27 3729.75 1211598618
3505.69 3908.47 1211598669
3501.26 3901.76 1211598670
3513.67 3255.06 1211598765
3572.17 2718.98 1211598831
3214.07 2333.69 1211598901
2585.61 1320.85 1211598956
2755.8 -3209.13 1211599127
3649.29 -6075.64 1211599222
3912.55 -7538.07 1211599268
3912.55 -7538.07 1211599282
