4186.44 -16076.6 1212437156
3740.58 -16667.1 1212437216
4948.74 -17628.6 1212437276
6132.08 -18593.3 1212437327
7492.69 -19293.9 1212437374
8965.88 -19341.8 1212437423
10101.4 -20315.2 1212437470
11056.9 -21427.7 1212437515
11992.9 -22587.9 1212437573
13276.4 -22768.3 1212437631
13276.4 -22768.3 1212437645
14426.1 -22064.6 1212437689
14528.9 -22039 1212437750
14428.7 -21659.3 1212437810
14468.6 -21446.6 1212437864
14468.6 -21446.6 1212437880
14469.5 -21446.6 1212437891
14461.5 -21444.4 1212437996
14295.8 -21736.1 1212438057
14276.3 -21760.6 1212438109
14481.9 -22075.7 1212438169
14478.4 -22078 1212438225
14284.2 -22201.6 1212438270
13953.6 -22177.1 1212438339
14131.8 -22083.5 1212438391
13225 -22763.8 1212438432
12047 -22583.5 1212438492
11193.4 -21566.9 1212438553
11034.7 -21384.3 1212438613
10829.1 -21146 1212438673
10668.6 -20960 1212438733
10533.9 -20798.5 1212438807
10345.1 -20585.8 1212438866
10127.1 -20334.1 1212438924
9675 -19810.7 1212439034
8248.79 -19303.9 1212439098
5630.38 -18146.6 1212439192
3675.88 -16264.9 1212439305
4250.26 -16097.7 1212439375
