1365.05 3208.16 1211431887
1367.71 3399.14 1211431954
1708.08 3450.52 1211432002
1895.11 3490.73 1211432065
2192.94 3527.59 1211432122
2411.88 3568.91 1211432182
2854.19 3618.06 1211432242
3013.74 3686.19 1211432300
3118.34 3033.92 1211432424
2523.56 2600.6 1211432522
2370.22 2785.99 1211432571
2063.53 2761.42 1211432647
1505.1 2676.54 1211432691
1324.27 2646.39 1211432764
1183.34 2525.77 1211432807
1170.04 2519.07 1211432810
1036.2 2409.63 1211432869
1214.36 2090.24 1211432934
1233.86 2142.73 1211432993
1382.78 2056.74 1211433051
1397.84 2000.9 1211433085
1402.28 1880.3 1211433145
1448.37 1677.06 1211433205
1225 1455.96 1211433265
969.716 1168.99 1211433330
1011.38 640.861 1211433390
1032.65 351.686 1211433446
1060.13 -18.9794 1211433506
1063.67 -110.527 1211433534
1062.79 -111.643 1211433538
1116.86 -203.189 1211433561
1097.36 -357.252 1211433654
898.804 -214.353 1211433704
868.667 -394.093 1211433750
852.711 -395.21 1211433805
844.734 -392.977 1211433900
844.734 -395.21 1211433918
674.546 -197.607 1211433968
631.113 467.801 1211434028
606.294 791.593 1211434089
587.68 976.942 1211434149
603.635 1407.95 1211434209
561.974 1658.08 1211434274
489.29 2176.23 1211434329
480.426 2268.92 1211434389
393.559 2778.17 1211434466
358.103 3012.7 1211434516
291.624 3228.26 1211434575
16.8415 3256.18 1211434632
16.8415 3256.18 1211434635
187.029 3061.85 1211434695
362.535 2803.86 1211434755
631.999 2859.7 1211434813
605.407 2844.06 1211434885
499.926 3045.09 1211434937
1060.13 3133.33 1211434997
1795.84 3256.18 1211435058
2359.58 3352.23 1211435119
2520.02 3351.12 1211435181
2626.39 3431.53 1211435240
2879.01 3490.73 1211435300
3092.63 3519.77 1211435364
3347.91 3736.45 1211435421
3432.12 3845.92 1211435481
3511.89 3831.4 1211435541
3539.37 3788.95 1211435566
3348.8 3520.89 1211435621
3128.09 3342.18 1211435683
2762.01 3259.53 1211435744
2409.22 3215.97 1211435804
2417.2 3080.83 1211435864
2434.93 3074.13 1211435871
2439.36 3069.66 1211435926
2417.2 3077.48 1211435988
2330.33 2987.02 1211436044
2146.85 2997.07 1211436108
1683.26 2897.67 1211436163
1257.79 2871.98 1211436228
1169.15 2610.65 1211436283
1039.74 2543.64 1211436343
960.852 2055.62 1211436403
105.481 1926.08 1211436465
-41.6605 1641.33 1211436525
-34.5694 1631.28 1211436588
-32.7966 1627.93 1211436590
-23.0463 1620.11 1211436655
-17.7279 1582.15 1211436720
-181.711 1645.8 1211436770
-252.622 2050.04 1211436835
-321.761 2524.66 1211436890
239.326 2686.59 1211436956
241.099 2790.45 1211437015
475.107 2828.43 1211437085
503.472 2832.89 1211437102
909.441 2913.31 1211437143
1311.86 2956.86 1211437204
1877.38 3056.26 1211437270
2436.7 3144.49 1211437332
2481.9 3175.77 1211437385
2405.67 3393.56 1211437445
2390.61 3430.42 1211437505
2380.86 3477.33 1211437534
2380.86 3476.21 1211437541
2381.74 3489.61 1211437605
2373.76 3487.38 1211437656
2635.25 3604.66 1211437725
2951.69 3634.81 1211437776
3331.07 3768.85 1211437848
3331.07 3753.21 1211437850
3019.06 3908.47 1211437915
2990.69 4178.78 1211437976
2840.89 4259.2 1211438032
2391.49 4188.83 1211438105
1424.44 4031.33 1211438166
965.284 3959.85 1211438211
893.486 4151.97 1211438271
516.768 4527.29 1211438339
-40.7741 4540.7 1211438392
-188.802 4930.56 1211438454
-192.348 4928.33 1211438504
-192.348 4928.33 1211438506
-491.949 4453.57 1211438630
-474.221 4378.73 1211438688
-219.826 4188.83 1211438738
-159.551 4096.12 1211438788
-159.551 4096.12 1211438790
-140.937 4175.43 1211438851
181.711 4153.09 1211438911
575.27 4214.52 1211438971
1013.15 4283.78 1211439031
1016.69 4283.78 1211439055
1151.43 3978.84 1211439122
1096.47 3880.54 1211439176
1207.27 3194.75 1211439245
1602.6 3215.97 1211439295
2195.6 3328.78 1211439368
2300.19 2903.25 1211439425
2450.88 2693.29 1211439454
2450.88 2693.29 1211439456
2461.52 3020.52 1211439516
2613.09 2857.46 1211439719
2814.3 2497.85 1211439761
2610.43 2098.06 1211439817
2789.48 1928.32 1211439846
3058.06 1652.5 1211439911
2921.56 1491.7 1211439948
2760.23 1560.93 1211440011
2512.93 1846.8 1211440069
2255.87 2296.84 1211440142
2269.17 2457.65 1211440189
2152.17 2982.55 1211440252
2138.87 3516.42 1211440310
2403.9 3574.5 1211440389
2529.77 3599.07 1211440399
2574.09 3638.16 1211440435
2603.34 3677.26 1211440441
2910.92 3576.73 1211440501
3238 2909.96 1211440617
2990.69 2654.2 1211440651
2581.18 2132.67 1211440712
3021.72 1684.88 1211440772
2775.3 1602.25 1211440849
2664.5 1234.87 1211440904
2464.18 1036.12 1211440964
2211.55 1031.65 1211441024
2211.55 1031.65 1211441039
1938.54 1085.25 1211441084
1641.6 1113.16 1211441144
1011.38 1075.2 1211441204
618.703 859.703 1211441264
93.0714 819.507 1211441325
-66.4796 1108.7 1211441385
-148.914 1434.75 1211441445
-331.512 1536.36 1211441506
-990.989 1429.17 1211441566
-990.989 1429.17 1211441580
-1642.49 1399.02 1211441626
-1942.09 1592.2 1211441694
-2302.85 1677.06 1211441746
-2314.38 1903.75 1211441788
-2317.04 1926.08 1211441795
-2261.19 2337.04 1211441849
-1738.22 2372.78 1211441910
-1057.47 2469.93 1211441970
-774.709 2505.67 1211442035
-351.012 2574.91 1211442090
264.146 2610.65 1211442210
212.735 2679.89 1211442275
218.939 2686.59 1211442330
218.939 2685.47 1211442396
217.167 2686.59 1211442451
135.618 2552.58 1211442511
210.962 2682.12 1211442571
399.764 2715.63 1211442647
959.965 2808.32 1211442692
1123.95 2723.45 1211442759
1267.54 2737.96 1211442818
1417.34 2874.22 1211442882
1410.25 2879.8 1211442883
1723.15 2788.22 1211442948
1833.95 2104.76 1211443008
1735.56 1679.3 1211443064
1365.93 1225.94 1211443124
1383.66 953.494 1211443184
1428.87 378.481 1211443245
1482.94 -285.803 1211443305
1346.43 -532.524 1211443376
1346.43 -532.524 1211443378
1347.32 -535.873 1211443409
1347.32 -535.873 1211443412
1264 26.7946 1211443470
1212.59 676.59 1211443534
1394.3 908.831 1211443592
1394.3 908.831 1211443609
1753.29 928.929 1211443656
1765.7 934.512 1211443719
1961.59 1269.49 1211443784
2374.65 1552 1211443834
2671.59 1259.44 1211443898
2962.33 1349.89 1211443961
3410.85 1693.81 1211444017
3611.17 1883.65 1211444090
3997.64 2270.03 1211444143
3807.06 2484.45 1211444198
3537.6 2759.18 1211444260
3481.76 2971.38 1211444321
3564.19 3006 1211444384
3728.18 2855.23 1211444439
4057.91 3151.2 1211444500
4062.35 3439.35 1211444561
3765.4 3840.33 1211444621
3398.44 4348.57 1211444681
3062.49 4826.67 1211444743
2590.04 5245.59 1211444803
2381.74 5350.6 1211444869
2052.89 5412.05 1211444924
1593.74 5340.55 1211444985
1403.16 5200.9 1211445053
1838.38 4847.89 1211445105
2123.8 4595.43 1211445165
2211.55 4507.19 1211445225
2164.58 4474.79 1211445276
2298.42 4443.51 1211445336
2363.13 4379.84 1211445397
2368.45 4360.85 1211445410
2275.37 3994.47 1211445470
2395.04 3574.5 1211445530
2208.01 3233.84 1211445590
1818.88 3153.43 1211445650
1782.54 3164.6 1211445666
1688.58 3012.7 1211445726
1801.15 2311.35 1211445791
2008.57 1945.07 1211445852
2575.86 2498.97 1211445906
2614.86 2552.58 1211445940
2613.98 2552.58 1211445941
2409.22 2360.49 1211446001
1895.11 1837.86 1211446061
1435.07 1930.55 1211446121
1137.24 1874.71 1211446186
1137.24 1872.48 1211446210
834.097 1845.68 1211446260
757.867 2281.2 1211446320
671.001 2850.76 1211446385
589.452 2959.1 1211446445
484.858 2945.69 1211446488
485.744 2943.46 1211446553
485.744 2944.58 1211446579
485.744 2944.58 1211446586
367.854 2832.89 1211446647
424.583 2472.17 1211446703
207.416 1979.68 1211446763
255.282 1729.55 1211446826
-15.9551 1519.61 1211446884
22.1599 1470.48 1211446944
21.2735 1473.83 1211447018
22.1599 1474.95 1211447025
19.5007 1481.65 1211447085
17.7279 1485 1211447124
19.5007 1477.18 1211447181
17.7279 1488.35 1211447251
24.819 1474.95 1211447301
23.0463 1477.18 1211447361
22.1599 1477.18 1211447421
23.9326 1477.18 1211447484
22.1599 1476.06 1211447542
21.2735 1467.13 1211447602
21.2735 1463.78 1211447662
20.3871 1482.76 1211447725
21.2735 1479.41 1211447784
19.5007 1478.3 1211447849
19.5007 1474.95 1211447908
18.6143 1477.18 1211447965
19.5007 1478.3 1211448029
19.5007 1481.65 1211448089
21.2735 1474.95 1211448144
19.5007 1481.65 1211448173
21.2735 1472.71 1211448234
35.4558 1477.18 1211448294
-136.505 1375.57 1211448354
-135.618 1519.61 1211448414
-135.618 1521.85 1211448474
-135.618 1524.08 1211448534
-148.028 1553.11 1211448594
-19.5007 1515.15 1211448659
-20.3871 1508.45 1211448719
-18.6143 1509.56 1211448776
-18.6143 1509.56 1211448830
-20.3871 1509.56 1211448890
-21.2735 1506.21 1211448988
-21.2735 1506.21 1211449049
-21.2735 1505.1 1211449109
-20.3871 1506.21 1211449169
-18.6143 1507.33 1211449234
-17.7279 1507.33 1211449290
-22.1599 1506.21 1211449351
-11.5231 1502.86 1211449412
-20.3871 1502.86 1211449480
-22.1599 1501.75 1211449538
-21.2735 1505.1 1211449592
-14.1823 1486.11 1211449652
-6.20476 1447.03 1211449657
-162.21 1520.73 1211449722
196.78 1723.96 1211449783
421.037 1575.45 1211449838
482.199 1222.59 1211449898
570.838 1033.89 1211449965
561.974 801.642 1211450005
129.414 371.782 1211450066
-221.599 -102.712 1211450126
-274.782 -521.36 1211450182
-274.782 -521.36 1211450189
-257.941 -929.94 1211450243
71.7979 -992.453 1211450289
560.201 -957.848 1211450343
928.941 -931.057 1211450413
1528.14 -874.124 1211450463
1502.44 -525.826 1211450524
1466.98 -22.3287 1211450585
1435.07 351.686 1211450644
1403.16 765.912 1211450704
1753.29 1072.97 1211450764
1933.23 1317.5 1211450824
2119.37 1506.21 1211450845
2395.92 1531.9 1211450905
2673.37 1258.32 1211450966
2871.03 1454.85 1211451025
2870.15 1453.73 1211451038
2625.5 1693.81 1211451098
2120.26 2209.73 1211451164
1834.84 2520.19 1211451219
1607.92 2562.63 1211451279
1550.3 2685.47 1211451337
1550.3 2685.47 1211451339
1326.93 2647.5 1211451404
1317.18 2591.66 1211451464
1558.28 2792.69 1211451519
1750.63 2618.47 1211451585
1838.38 2093.59 1211451640
1723.15 1670.36 1211451700
1512.19 1459.31 1211451736
1374.8 1134.38 1211451768
1416.46 564.937 1211451827
1414.69 561.588 1211451871
1174.47 534.791 1211451931
984.784 1067.38 1211451992
1076.97 1537.48 1211452053
1076.97 1536.36 1211452072
1356.18 1286.24 1211452132
1544.1 1020.49 1211452192
1606.15 579.452 1211452254
1828.63 231.106 1211452314
1826.86 167.467 1211452374
1853.45 -92.6638 1211452435
1890.68 -584.993 1211452495
1924.36 -1032.64 1211452539
2130.01 -1325.1 1211452599
2957.9 -1196.73 1211452659
3747.68 -1123.06 1211452719
3579.26 -943.336 1211452779
3582.81 -944.452 1211452839
3581.92 -945.569 1211452899
3581.03 -946.685 1211452959
3583.69 -952.266 1211453019
3583.69 -953.383 1211453079
3584.58 -954.499 1211453141
3589.9 -947.801 1211453201
3570.4 -939.987 1211453262
3582.81 -951.15 1211453313
3576.6 -974.593 1211453372
3572.17 -986.872 1211453432
3728.18 -967.895 1211453493
3690.06 -973.476 1211453552
