3119.22 3664.97 1212173281
3042.11 3600.19 1212173332
3045.65 3664.97 1212173387
2890.53 4754.06 1212173516
2858.62 4943.96 1212173569
2714.14 4987.53 1212173629
2690.21 5082.49 1212173670
2688.43 5082.49 1212173672
2555.48 5067.97 1212173696
2701.73 5016.58 1212173779
2701.73 5016.58 1212173790
2693.75 5015.46 1212173852
2693.75 5007.64 1212173912
2922.44 4904.87 1212173976
3007.54 4655.75 1212174041
3088.2 4165.37 1212174093
2905.6 3955.38 1212174164
2887.87 3939.74 1212174189
2886.1 3936.39 1212174201
2858.62 4033.57 1212174261
2924.22 4055.91 1212174272
2979.17 4057.03 1212174306
2901.17 4900.4 1212174417
2916.24 4903.75 1212174477
2914.46 4909.33 1212174538
2914.46 4909.33 1212174555
2915.35 4904.87 1212174602
3231.79 4545.17 1212174652
3347.03 4375.37 1212174679
3720.2 3840.33 1212174799
3956.86 3538.76 1212174859
4022.46 3427.07 1212174933
4208.6 2730.15 1212174979
4109.32 2244.35 1212175044
3990.55 2114.81 1212175109
3934.7 2062.32 1212175165
3416.16 1550.88 1212175226
3814.16 100.48 1212175275
3745.02 -1395.43 1212175328
2876.35 -2618.75 1212175379
3062.49 -4114.16 1212175435
3560.65 -5563.55 1212175486
3818.59 -7033.89 1212175537
4082.73 -8498.38 1212175591
3862.91 -9988.27 1212175656
2836.46 -11082.1 1212175715
2569.66 -12562.6 1212175756
2827.6 -14033.9 1212175814
3127.2 -15520.5 1212175877
4527.7 -16118.9 1212176006
4469.2 -15877.1 1212176063
4468.31 -15878.2 1212176082
4469.2 -15880.5 1212176092
4235.19 -15979.6 1212176148
4000.3 -16183.5 1212176213
4216.58 -16132.3 1212176234
