-3557.99 -1505.94 1212224725
-3574.83 -1216.83 1212224748
-3610.28 -520.244 1212224801
-3672.33 367.316 1212224856
-2895.85 630.812 1212224913
-2596.25 441.005 1212224973
-2018.32 349.453 1212225030
-1910.18 389.646 1212225041
-1170.93 166.351 1212225127
56.7292 64.7537 1212225305
107.254 -554.851 1212225350
151.573 -1153.2 1212225411
0.886394 -2185.69 1212225531
224.258 -2531.69 1212225591
304.92 -2595.31 1212225650
312.011 -2594.19 1212225652
678.978 -2585.26 1212225715
1038.85 -2451.33 1212225775
1269.32 -1887.68 1212225833
1474.07 -1485.84 1212225893
1520.17 -747.979 1212225957
1482.05 -257.893 1212226019
1444.82 233.339 1212226077
1411.14 706.736 1212226139
1498.01 1385.62 1212226198
1521.05 1419.12 1212226258
1848.13 1780.91 1212226319
1745.31 1920.5 1212226379
2028.96 2247.7 1212226443
2289.56 2500.09 1212226484
2616.64 2817.26 1212226543
2977.4 3190.29 1212226643
2917.12 3161.25 1212226700
3174.18 3384.62 1212226760
3409.07 3059.61 1212226821
3278.77 2815.02 1212226882
3465.8 2577.14 1212226933
3145.81 2753.6 1212226993
3107.7 2785.99 1212227019
2847.1 3088.65 1212227080
2451.77 3477.33 1212227140
1654.01 3343.3 1212227200
1441.28 3642.63 1212227260
1398.73 3906.23 1212227316
1398.73 3908.47 1212227377
1399.62 3907.35 1212227409
1398.73 3908.47 1212227411
2243.46 4155.32 1212227531
2722.12 4234.63 1212227595
2856.85 4253.62 1212227619
3446.3 4234.63 1212227683
3835.43 3490.73 1212227743
3448.07 3099.82 1212227803
2881.67 2541.41 1212227861
2343.63 2003.14 1212227922
2061.75 1721.73 1212227982
2009.46 1661.43 1212228005
2009.46 1661.43 1212228007
2551.04 975.825 1212228067
2851.53 -403.024 1212228129
2967.65 -1196.73 1212228187
3714.88 -1144.27 1212228250
3660.81 -907.614 1212228308
3586.35 -936.638 1212228467
3586.35 -936.638 1212228522
3581.92 -961.197 1212228703
3575.72 -962.313 1212228763
3570.4 -974.593 1212228823
3664.35 -975.709 1212229004
3669.67 -950.034 1212229064
3669.67 -951.15 1212229124
3669.67 -952.266 1212229184
3670.56 -952.266 1212229237
3670.56 -953.383 1212229298
