4262.67 -15927.3 1211084492
3333.73 -16034.2 1211084557
2951.69 -14533.2 1211084610
2629.93 -13059.7 1211084657
2606 -11557 1211084712
3584.58 -10385.2 1211084767
4191.76 -8999.13 1211084821
3928.5 -7505.72 1211084873
3666.13 -6036.59 1211084929
3202.54 -4575 1211084981
2696.41 -1776.06 1211085091
1773.68 -1329.57 1211085274
1580.44 -1332.92 1211085338
1168.27 -1317.29 1211085397
935.146 -1107.43 1211085456
757.867 -1120.83 1211085482
741.912 -1121.94 1211085487
717.979 -1124.18 1211085493
587.68 -1133.11 1211085511
594.771 -1137.57 1211085634
593.884 -1136.46 1211085694
594.771 -1136.46 1211085755
593.884 -1136.46 1211085817
745.458 -1191.15 1211085872
917.418 -1379.8 1211085936
-66.4796 -3179 1211086177
10.6367 -3226.99 1211086242
1291.48 -3183.46 1211086303
2725.66 -3064.05 1211086355
3183.93 -4551.57 1211086419
3636.88 -5997.54 1211086475
3869.11 -7293.79 1211086530
4131.48 -8779.43 1211086579
3665.24 -10248.1 1211086637
2646.77 -11400.9 1211086693
2591.82 -12897 1211086754
3194.57 -15793.5 1211086869
4040.19 -16166.8 1211086933
4294.58 -16149 1211087050
4385.88 -16196.9 1211087092
