3188.36 -15554 1212443704
2896.74 -14059.5 1212443748
2861.28 -11735.4 1212443851
2371.99 -11739.9 1212443912
2077.71 -11657.4 1212443973
535.382 -11227 1212444125
331.512 -11212.5 1212444185
-14.1823 -11334.1 1212444253
148.028 -11306.2 1212444305
148.028 -11306.2 1212444371
148.914 -11306.2 1212444425
148.914 -11307.3 1212444476
148.914 -11306.2 1212444537
148.028 -11306.2 1212444597
148.028 -11306.2 1212444662
148.914 -11306.2 1212444717
148.914 -11306.2 1212444782
148.914 -11307.3 1212444837
148.028 -11307.3 1212444897
18.6143 -11344.1 1212444960
-343.035 -10984 1212445017
-644.409 -10889.2 1212445077
-1354.41 -10477.8 1212445258
-1378.34 -10239.2 1212445318
-1994.39 -9316.96 1212445382
-2443.79 -8679.06 1212445444
-2599.79 -8170.49 1212445504
-2648.55 -7732.15 1212445567
-2535.09 -6990.39 1212445625
-2385.29 -6238.51 1212445685
-2384.4 -6237.4 1212445745
-2371.99 -6187.2 1212445805
-2629.93 -6131.42 1212445865
-2974.74 -6133.65 1212445925
-3071.36 -6134.76 1212445959
-3110.36 -6039.94 1212446013
-3260.16 -4730.1 1212446073
-3240.66 -4270.38 1212446136
-3212.29 -3658.87 1212446193
-3195.45 -3308.45 1212446256
-3153.79 -2820.75 1212446314
-2739.85 -2397.76 1212446374
-2335.65 -2232.57 1212446435
-1686.81 -1858.66 1212446496
-1607.92 -1774.94 1212446519
-1454.57 -1658.86 1212446589
-1453.69 -1659.98 1212446606
-879.303 -1494.77 1212446664
-838.529 -1498.12 1212446690
-238.44 -1286.04 1212446751
259.714 -1249.2 1212446808
509.677 -1231.34 1212446848
546.019 -1225.76 1212446878
533.609 -962.313 1212446938
496.381 -433.167 1212447024
333.284 -936.638 1212447119
155.119 -982.407 1212447191
116.118 -632.996 1212447256
278.328 -272.406 1212447309
307.579 -438.748 1212447337
548.678 -417.537 1212447366
938.692 -1068.36 1212447488
1022.9 -1376.45 1212447550
1426.21 -1348.55 1212447608
1643.38 -1340.73 1212447654
2012.12 -1329.57 1212447717
2306.4 -1320.64 1212447771
3144.93 -1196.73 1212447834
