4046.39 -16211.4 1211489603
4032.21 -16155.7 1211489663
4033.98 -16156.8 1211489757
3770.72 -16151.2 1211489794
3105.93 -15136.1 1211489854
2787.71 -13656.1 1211489916
2563.45 -12166.8 1211489965
2761.12 -11196.9 1211489995
3775.15 -10128.8 1211490038
4135.03 -8676.83 1211490086
3864.68 -7173.32 1211490135
3603.19 -5706.36 1211490186
3130.75 -4255.87 1211490245
2554.59 -2859.82 1211490303
-47.8653 -3185.7 1211490424
134.732 -2987.04 1211490485
-137.391 -2451.33 1211490608
-148.028 -1862.01 1211490669
-555.769 -1463.52 1211490724
-745.458 -1298.31 1211490784
-694.933 -783.702 1211490844
-591.225 -612.902 1211490876
-592.111 -611.785 1211490880
-592.998 -611.785 1211490940
-608.067 -534.756 1211491000
-880.19 -256.777 1211491061
-586.793 -283.57 1211491113
-578.816 -225.517 1211491136
-314.67 -49.1231 1211491199
-179.052 -576.062 1211491254
-449.402 -875.241 1211491317
-436.992 -1049.38 1211491341
-433.447 -1033.76 1211491448
345.694 -972.36 1211491555
701.138 -945.569 1211491619
898.804 -931.057 1211491682
861.575 110.528 1211491796
1128.38 889.85 1211491919
1512.19 922.23 1211491978
1717.83 1362.17 1211492072
1717.83 1362.17 1211492078
1778.11 1436.98 1211492133
1775.45 1467.13 1211492191
1759.49 1483.88 1211492237
1676.17 1560.93 1211492289
1804.7 1737.36 1211492352
2166.35 2099.17 1211492412
2532.43 2462.12 1211492473
2754.91 2681.01 1211492533
2979.17 2909.96 1211492592
2627.27 2816.14 1211492712
2715.03 3872.72 1211492772
2715.03 4078.25 1211492832
2501.41 4278.19 1211492897
2415.42 4342.98 1211492952
1956.27 4757.41 1211493012
1507.76 5140.58 1211493075
1336.68 5229.95 1211493145
1634.51 5242.24 1211493205
1614.12 5310.39 1211493314
2310.83 5352.84 1211493392
2607.77 5212.08 1211493451
2949.92 4937.26 1211493511
3222.93 4559.69 1211493573
3387.8 4321.76 1211493638
3451.62 4239.1 1211493735
3631.56 3963.2 1211493794
3643.08 3924.1 1211493852
3910.77 3640.4 1211493921
4118.19 3342.18 1211493973
4213.92 2767 1211494100
4064.12 2196.33 1211494157
3453.39 1585.5 1211494215
3820.36 116.11 1211494264
3810.61 -880.822 1211494322
