4310.54 -16162.4 1212428084
4461.22 -16190.2 1212428149
4524.16 -16107.8 1212428210
4529.48 -15960.7 1212428264
4280.4 -15964 1212428343
3628.01 -16249.3 1212428406
3011.97 -14864.2 1212428461
1907.52 -14027.2 1212428521
522.973 -14572.2 1212428570
-508.79 -13493.3 1212428623
-1443.94 -12332.9 1212428674
-2441.13 -11228.1 1212428718
-2801.89 -9760.79 1212428766
-3574.83 -9873.41 1212428826
-4309.65 -10901.5 1212428891
-4887.58 -12207 1212428971
-4887.58 -12207 1212429011
-4927.47 -11602.7 1212429189
-4401.83 -10651.7 1212429223
-4395.63 -10419.8 1212429227
-3273.45 -9451.89 1212429282
-2660.96 -10861.3 1212429343
-1704.54 -11991.8 1212429391
-779.141 -13174.5 1212429424
22.1599 -14451.8 1212429464
1461.66 -14206.6 1212429520
2894.08 -14467.4 1212429571
3248.64 -15971.8 1212429618
4197.08 -16113.3 1212429675
4410.7 -16024.2 1212429738
