1666.42 5060.15 1212288193
1666.42 5060.15 1212288196
1665.54 5061.26 1212288225
1666.42 5059.03 1212288230
1667.31 5060.15 1212288288
1669.08 5060.15 1212288316
1587.53 5123.82 1212288363
1700.1 4811.03 1212288483
1763.04 4391.01 1212288551
1828.63 4005.64 1212288609
1869.41 3730.87 1212288663
1950.07 3284.1 1212288723
1995.27 2953.51 1212288784
1764.81 1706.1 1212288966
1527.26 1473.83 1212289023
1529.03 1473.83 1212289086
1360.62 1308.57 1212289144
1280.84 1493.93 1212289207
1637.17 1594.43 1212289264
2389.72 2311.35 1212289385
2741.62 2682.12 1212289445
2963.22 2894.32 1212289508
2975.63 2905.49 1212289516
2923.33 2973.61 1212289532
2793.92 3440.47 1212289592
2528 3504.13 1212289652
1934.11 3418.13 1212289713
1269.32 3287.45 1212289772
803.073 3212.62 1212289837
360.763 3133.33 1212289899
127.641 3404.73 1212290016
147.141 3325.43 1212290104
156.005 3262.88 1212290113
258.827 3226.03 1212290126
863.348 3309.79 1212290191
1024.67 3348.88 1212290246
998.967 3648.22 1212290275
1152.31 3739.81 1212290395
1032.65 3460.57 1212290455
889.054 3350 1212290515
990.989 2722.33 1212290581
761.413 2268.92 1212290643
982.125 1031.65 1212290868
1016.69 551.539 1212290930
1017.58 525.859 1212290968
1017.58 526.976 1212290981
599.203 793.826 1212291097
575.27 1115.4 1212291160
328.852 1318.62 1212291225
279.214 1573.21 1212291288
-143.596 1560.93 1212291408
-1036.2 2426.38 1212291589
-1027.33 2436.43 1212291601
-944.896 2798.27 1212291661
148.914 3319.84 1212291844
146.255 3327.66 1212291874
39.8877 3031.69 1212291970
98.3898 2663.14 1212292088
214.507 1937.25 1212292211
290.737 1945.07 1212292335
293.397 1943.95 1212292426
330.625 2169.53 1212292484
1174.47 2308 1212292606
1851.68 2419.68 1212292792
2214.21 2535.82 1212292847
2176.98 2777.05 1212292905
2203.58 2863.05 1212292973
2057.32 2961.33 1212293024
2046.68 2957.98 1212293029
1965.14 3078.6 1212293085
2119.37 3105.4 1212293145
2176.98 3323.19 1212293214
2540.41 3381.27 1212293257
2578.52 3278.52 1212293320
2597.14 2899.9 1212293443
2520.02 2839.59 1212293481
2507.61 2823.96 1212293483
2481.02 2822.84 1212293498
2048.46 2762.53 1212293618
2047.57 2635.22 1212293674
2362.24 2343.74 1212293737
2255.87 1665.9 1212293863
2664.5 1254.97 1212293914
2805.44 1119.86 1212293978
2568.77 841.838 1212294038
2610.43 782.661 1212294088
2625.5 783.777 1212294093
2643.23 787.127 1212294113
2630.82 993.69 1212294117
2955.24 1368.87 1212294181
2645 2033.29 1212294296
3043.88 2434.2 1212294364
2864.83 3014.94 1212294482
2689.32 4188.83 1212294633
2689.32 4188.83 1212294652
2688.43 4186.6 1212294657
2839.12 4144.15 1212294718
2993.35 3895.06 1212294766
3131.63 3915.17 1212294824
3206.98 3854.85 1212294882
2965.88 3559.98 1212294946
2653.86 3518.65 1212295009
1956.27 3389.09 1212295060
1657.56 3180.23 1212295125
1268.43 3059.61 1212295215
1260.45 3062.96 1212295219
1187.77 3382.39 1212295277
1098.24 3948.68 1212295337
1091.15 4082.72 1212295396
956.42 4170.96 1212295447
803.073 4466.97 1212295508
616.044 4331.81 1212295577
715.32 4446.86 1212295688
327.08 4492.66 1212295754
-179.052 4432.34 1212295808
-186.143 4465.85 1212295849
-187.029 4465.85 1212295858
-187.916 4515 1212295886
265.032 4798.74 1212296000
343.035 4812.15 1212296064
1306.55 4436.81 1212296245
1645.15 4279.31 1212296300
1831.29 3991.12 1212296357
1828.63 3882.78 1212296406
1756.83 3880.54 1212296408
1632.74 4275.96 1212296470
1472.3 4348.57 1212296531
1637.17 4259.2 1212296580
1706.31 3787.83 1212296640
1705.42 3463.92 1212296700
1633.62 3348.88 1212296725
1691.24 3021.64 1212296785
1754.17 2819.49 1212296805
1828.63 2151.66 1212296873
2187.62 1739.6 1212296927
2270.06 1377.8 1212296991
2645 890.966 1212297051
3612.94 -5902.71 1212297332
4143.89 -8841.88 1212297444
