3133.4 -15345.6 1213070775
2575.86 -12365.3 1213070874
3059.83 -10917.1 1213070922
4016.25 -9748.52 1213070968
4057.91 -8250.79 1213071019
3789.34 -6749.44 1213071064
3478.21 -5236.65 1213071112
2995.13 -3782.74 1213071163
3128.09 -2292.84 1213071215
3922.3 -1039.34 1213071264
3792.88 485.665 1213071308
3104.15 1613.41 1213071368
2693.75 2027.7 1213071428
2447.34 2277.85 1213071480
2394.15 2746.9 1213071634
2444.68 2682.12 1213071690
2722.12 2393.99 1213071750
3152.91 1720.61 1213071857
3200.77 1473.83 1213071911
3815.04 114.994 1213071964
3752.11 -1378.69 1213072012
2894.96 -2602 1213072051
3056.29 -4080.68 1213072103
3549.12 -5489.92 1213072151
4076.53 -8457.12 1213072238
