-53.1837 -4177.76 1211637058
-54.9565 -4175.53 1211637115
-54.0701 -4176.65 1211637175
-61.1612 -4177.76 1211637235
25.7054 -4057.25 1211637299
187.916 -3784.97 1211637359
478.653 -3744.79 1211637421
723.298 -3874.24 1211637478
764.958 -3897.67 1211637539
764.072 -3897.67 1211637607
764.958 -3898.79 1211637802
764.072 -3898.79 1211637803
962.624 -3599.72 1211637871
856.257 -3421.17 1211637923
2624.61 -2936.82 1211638041
3190.13 -4568.31 1211638099
3637.76 -5996.43 1211638147
3900.14 -7462.22 1211638192
4045.5 -8250.79 1211638216
3036.79 -10912.6 1211638315
3706.02 -16318.4 1211638526
4114.64 -16202.5 1211638621
4063.23 -16209.2 1211638786
