11663.2 15831.9 1211445010
11663.2 15831.9 1211445063
11633.9 15826.3 1211445123
11165 15754.7 1211445183
11134 15539.9 1211445243
11219.1 14077 1211445303
11527.6 12569.6 1211445357
11875 11097.1 1211445403
12179.1 9614.83 1211445456
12505.3 8174.18 1211445502
13688.6 7496.97 1211445564
15105.9 7075.69 1211445612
16315 6254.44 1211445664
17407 5259 1211445713
18144.5 4701.55 1211445743
19522.8 4206.7 1211445791
20749.6 3342.18 1211445841
20932.2 2768.12 1211445901
20654.8 2609.53 1211445961
20655.6 2609.53 1211446022
20657.4 2610.65 1211446083
20653.9 2609.53 1211446143
20784.2 2665.37 1211446203
21290.3 3125.51 1211446264
21051.9 3457.22 1211446325
20636.1 3620.29 1211446386
19493.6 4239.1 1211446446
18109.9 4766.35 1211446504
16858.3 5546.11 1211446566
16494 5480.2 1211446623
16494.9 5479.08 1211446686
16498.5 5477.96 1211446743
16143.9 5432.16 1211446806
15404.6 5666.77 1211446864
14998.7 5730.45 1211446925
14796.6 5778.49 1211446985
14434.9 5858.93 1211447046
13889.8 6082.38 1211447109
12945.8 6349.41 1211447172
12511.5 6634.33 1211447229
11403.5 7305.88 1211447290
10659.8 7216.49 1211447350
9256.62 6817.58 1211447411
7847.25 6454.44 1211447469
6568.18 5915.91 1211447529
6166.65 5457.85 1211447589
5719.02 5901.39 1211447649
5688.88 6190.76 1211447712
