2778.85 -1584.07 1212527020
2677.8 -1209.01 1212527059
2248.78 -1315.06 1212527120
1992.61 -1321.76 1212527178
1412.03 -1336.27 1212527246
849.166 -1384.27 1212527324
542.473 -1406.59 1212527384
359.876 -1200.08 1212527447
124.095 -754.677 1212527573
97.5034 -272.406 1212527624
79.7755 -188.676 1212527685
86.8667 -177.512 1212527747
86.8667 -177.512 1212527776
80.6619 -184.21 1212527840
84.2075 -181.977 1212527958
81.5483 -183.094 1212528026
77.1163 -174.163 1212528084
62.934 49.1234 1212528119
-408.628 50.2399 1212528217
-773.822 -43.541 1212528282
-886.394 -161.882 1212528340
-735.707 125.042 1212528388
-742.799 126.158 1212528443
-741.026 126.158 1212528510
-743.685 127.275 1212528569
-752.549 130.624 1212528609
-935.146 -150.718 1212528661
-971.488 164.118 1212528721
-918.305 619.647 1212528782
-991.875 1097.53 1212528843
-866.007 1118.75 1212528864
-536.269 1281.77 1212528925
-431.674 1285.12 1212529007
-430.788 1286.24 1212529067
-429.901 1284 1212529117
-150.687 1233.76 1212529177
-51.4109 1075.2 1212529240
167.529 1005.97 1212529298
578.816 1020.49 1212529358
629.34 305.91 1212529420
662.137 -93.7803 1212529479
701.138 -570.48 1212529544
723.298 -931.057 1212529593
655.045 -946.685 1212529661
655.932 -947.801 1212529677
655.932 -947.801 1212529678
644.409 -1117.48 1212529738
644.409 -1117.48 1212529748
946.669 -1167.71 1212529806
1083.17 -1366.41 1212529863
1209.04 -1532.73 1212529923
975.92 -1572.91 1212529965
584.134 -1653.28 1212530065
635.545 -1664.44 1212530125
649.727 -1665.56 1212530135
985.671 -1558.4 1212530195
952.874 -1121.94 1212530255
904.122 -467.774 1212530315
873.099 -55.8217 1212530375
810.165 760.33 1212530435
945.783 1154.48 1212530499
1177.13 1394.55 1212530559
1311.86 1653.61 1212530617
1257.79 1993.08 1212530677
1156.74 2630.75 1212530739
1108.88 3146.73 1212530798
1199.29 3156.78 1212530861
1502.44 3210.39 1212530881
1598.17 3121.04 1212530941
1594.62 3119.92 1212530951
1591.08 3118.81 1212530986
1591.08 3118.81 1212530991
1639.83 3232.73 1212531049
2078.59 3301.97 1212531111
2412.77 3348.88 1212531171
2440.24 3352.23 1212531180
2677.8 3335.48 1212531240
2488.11 3272.93 1212531300
2277.15 3014.94 1212531360
1872.95 2959.1 1212531420
1741.77 2681.01 1212531480
1794.06 2372.78 1212531541
1676.17 2197.45 1212531602
1668.19 2243.23 1212531627
1666.42 2248.82 1212531631
1639.83 2378.36 1212531656
2158.37 2462.12 1212531714
2359.58 2350.44 1212531774
2537.75 2189.63 1212531835
2918.9 1780.91 1212531895
3370.07 999.273 1212531956
3825.68 -407.49 1212532015
3824.79 -1083.99 1212532072
3687.4 -903.149 1212532134
3584.58 -965.662 1212532192
3581.92 -967.895 1212532313
3687.4 -994.686 1212532380
3700.7 -995.802 1212532444
