4247.6 -17045.9 1212780256
4355.74 -17144 1212780258
4546.32 -17296.6 1212780317
4704.98 -17423.6 1212780385
4931.01 -17606.3 1212780437
5274.93 -17891.5 1212780500
6444.97 -18847.2 1212780561
7881.82 -19307.3 1212780618
9329.3 -19455.4 1212780656
10319.4 -20572.5 1212780710
11281.1 -21688.3 1212780759
12217.2 -22856.2 1212780803
13109.8 -24054.1 1212780848
14977.4 -26403.7 1212780940
15969.3 -27510.9 1212780987
18251.7 -29511.3 1212781082
19569.8 -30154.2 1212781126
21006.7 -30485.7 1212781172
22481.6 -30798.3 1212781218
23701.3 -31607.9 1212781265
24912.1 -32499.8 1212781315
26113.2 -33380.5 1212781368
27338.2 -34284.4 1212781408
28310.6 -35392.8 1212781448
30289.9 -37663.6 1212781542
31392.5 -38642.6 1212781592
31668.2 -38942.6 1212781656
31479.4 -40174.8 1212781839
31486.5 -40181.5 1212781893
31484.7 -40180.4 1212781957
31475.9 -40169.3 1212782040
31479.4 -40170.4 1212782067
31480.3 -40171.5 1212782109
31483 -40173.7 1212782118
31488.3 -40160.4 1212782173
31700.1 -39800.4 1212782233
31702.8 -39273.8 1212782293
31712.5 -38757.1 1212782353
31227.7 -38449.3 1212782414
30120.6 -37488 1212782472
29122.5 -36346.6 1212782520
28525.9 -35634.1 1212782555
27564.2 -34485.7 1212782598
26383.5 -33569.5 1212782656
25194 -32692.2 1212782696
22820.2 -30954 1212782789
22105.8 -30658.1 1212782817
20620.2 -30412.3 1212782870
19173.6 -29929.5 1212782909
17813.9 -29342.2 1212782956
16724.5 -28328.7 1212783008
15724.6 -27222.7 1212783060
14705.3 -26088.7 1212783116
12864.2 -23711.2 1212783204
11960.1 -22486.6 1212783254
10995.7 -21339.7 1212783303
10035.8 -20228.3 1212783355
8866.6 -19327.3 1212783403
7375.69 -19278.3 1212783454
6113.46 -18558.7 1212783508
4976.22 -17615.2 1212783557
3849.61 -16668.2 1212783620
4214.81 -16114.5 1212783673
4392.08 -16043.1 1212783829
4390.31 -16046.5 1212783947
4391.2 -16045.4 1212784012
4392.08 -16045.4 1212784072
4393.86 -16046.5 1212784127
