-411.287 2161.71 1211808522
-418.378 2163.94 1211808524
-4.43197 2324.75 1211808584
230.463 2693.29 1211808644
1126.61 2720.1 1211808704
1566.26 2791.57 1211808764
1852.56 2837.36 1211808825
2391.49 2918.89 1211808885
2728.32 2969.15 1211808909
2970.31 3223.79 1211808969
3177.72 3482.91 1211809032
3417.94 3679.49 1211809091
3759.2 3706.3 1211809153
3806.18 3806.82 1211809211
3805.29 3805.71 1211809232
3805.29 3805.71 1211809233
3589.01 4071.55 1211809293
3432.12 4024.63 1211809349
3398.44 3683.96 1211809409
2975.63 3642.63 1211809469
2857.74 3481.79 1211809529
2337.42 3551.04 1211809594
2460.63 3366.75 1211809655
2428.72 3121.04 1211809709
2429.61 3121.04 1211809769
2434.04 3099.82 1211809883
2162.8 2997.07 1211809944
1796.72 2942.34 1211810002
1134.58 2838.48 1211810062
708.229 2789.34 1211810123
152.46 2705.58 1211810188
-1000.74 2497.85 1211810306
-1270.2 2466.58 1211810365
-1298.57 2464.35 1211810422
-1298.57 2463.23 1211810482
