-2769.98 -289.152 1212731094
-2769.1 -290.269 1212731095
-2783.28 34.6097 1212731193
-2732.75 429.84 1212731250
-2724.78 436.539 1212731494
-2709.71 449.937 1212731519
-1829.52 864.169 1212731637
-1613.24 1259.44 1212731697
-977.693 1917.15 1212731819
-1038.85 2324.75 1212731879
-1036.2 2727.91 1212731939
-974.147 3003.77 1212732001
-1395.18 4053.67 1212732125
-1036.2 4334.04 1212732184
-526.518 4464.74 1212732240
-326.193 4573.09 1212732306
-326.193 4574.21 1212732322
-327.08 4574.21 1212732345
-327.966 4573.09 1212732412
-783.573 4493.78 1212732567
-569.065 4566.39 1212732630
-204.757 4729.48 1212732692
124.982 4775.28 1212732748
1047.72 4931.68 1212732812
1492.69 5004.29 1212732870
1996.16 5082.49 1212732931
2461.52 5152.87 1212732974
2949.92 4928.33 1212733033
3085.54 4220.11 1212733089
3596.99 2696.64 1212733268
3658.15 2220.9 1212733331
3583.69 1919.38 1212733389
3888.61 2175.11 1212733425
3960.41 2247.7 1212733440
3786.68 2507.9 1212733490
3451.62 2847.41 1212733575
3449.85 2855.23 1212733578
3472.01 2832.89 1212733642
3405.53 2512.37 1212733699
2598.91 1262.79 1212733820
1012.26 1710.56 1212733940
495.494 1653.61 1212734000
-104.595 1557.58 1212734060
-843.848 1441.45 1212734125
-2004.14 803.875 1212734240
-2410.11 664.308 1212734303
-2286.01 -603.971 1212734501
-2278.03 -620.716 1212734502
-2278.03 -620.716 1212734523
-2260.31 -624.065 1212734562
-2528.88 -178.628 1212734727
-2702.62 279.114 1212734785
-1544.99 789.36 1212734908
-1468.76 1024.95 1212734953
-1552.96 863.052 1212735097
-1227.66 1066.27 1212735155
-1006.06 1167.88 1212735196
-146.255 1541.95 1212735320
-146.255 1543.06 1212735382
-147.141 1543.06 1212735448
-160.437 1565.4 1212735502
244.645 2161.71 1212735767
289.851 2428.61 1212735768
202.098 2984.78 1212735808
476.88 3140.03 1212735864
456.493 3269.58 1212735924
431.674 3475.09 1212735984
344.807 3957.61 1212736044
521.2 4521.71 1212736169
592.111 4644.58 1212736230
659.477 4655.75 1212736267
992.762 4525.06 1212736322
999.853 4460.27 1212736342
1130.15 3686.19 1212736401
1217.91 3173.53 1212736464
1815.34 3257.3 1212736523
2050.23 3300.86 1212736571
2050.23 3299.74 1212736572
2326.79 3341.06 1212736633
2800.12 3653.8 1212736698
2674.25 4217.87 1212736753
2665.39 4229.04 1212736804
2418.97 4349.68 1212736859
2214.21 4393.25 1212736919
2060.87 4666.93 1212736982
2092.78 4627.83 1212737040
2234.6 4277.08 1212737100
2528.88 4203.35 1212737161
2528 4204.47 1212737166
