3506.58 -16267.1 1212543265
2999.56 -14874.2 1212543315
2676.02 -13409.7 1212543358
2606.89 -12807.8 1212543381
2704.39 -11298.4 1212543430
3728.18 -10185.6 1212543490
4146.55 -8739.28 1212543541
3876.2 -7241.37 1212543596
3612.06 -5747.64 1212543646
3155.56 -4346.26 1212543702
2804.55 -3222.52 1212543756
3580.15 -1736.99 1212543805
3847.84 -261.242 1212543858
3362.09 1142.2 1212543917
3343.48 1321.97 1212543977
3395.78 1498.4 1212544037
3536.71 1644.68 1212544097
3542.92 1649.15 1212544158
3638.65 1745.18 1212544218
3841.63 1940.6 1212544279
3850.5 1938.37 1212544339
3850.5 1952.88 1212544403
3845.18 1943.95 1212544460
3831.88 2058.97 1212544521
3557.99 2342.62 1212544582
3215.84 2685.47 1212544642
3011.08 2886.5 1212544702
2971.19 2927.82 1212544764
2368.45 3035.04 1212544824
2354.26 3035.04 1212544869
2354.26 3035.04 1212544874
2396.81 3127.74 1212545074
2416.31 3109.87 1212545097
2573.2 3088.65 1212545156
2767.32 2739.08 1212545257
2888.76 2606.18 1212545316
3134.29 2169.53 1212545375
2593.59 1273.96 1212545435
2594.48 -12.2808 1212545502
2742.5 -1533.84 1212545559
2746.05 -3360.91 1212545677
2745.16 -3365.37 1212545740
2759.35 -3397.73 1212545803
2757.57 -3395.5 1212545857
2759.35 -3393.27 1212546035
3073.13 -4040.51 1212546155
3199 -4416.56 1212546218
3588.12 -5740.95 1212546284
3854.04 -7244.71 1212546323
4119.07 -8728.13 1212546375
3175.95 -15741.2 1212546642
