2309.94 2869.75 1212921614
2323.24 2874.22 1212921672
2341.85 2871.98 1212921792
2343.63 2871.98 1212921907
2330.33 2869.75 1212921967
2319.69 2869.75 1212922092
2318.81 2870.87 1212922147
2321.47 2868.63 1212922270
2290.44 2865.28 1212922330
2281.58 2860.81 1212922578
2364.01 2840.71 1212922630
2397.7 2702.23 1212922690
2457.09 2659.79 1212922750
2457.09 2659.79 1212922754
2602.45 2516.84 1212922812
2951.69 2998.19 1212922872
3262.82 3258.42 1212922934
3568.62 3121.04 1212922993
3839.86 2811.67 1212923055
9613.83 6782.94 1212923331
11042.7 7162.85 1212923386
12471.6 7518.2 1212923446
12319.1 8897.27 1212923505
12048.8 10404 1212923562
11745.6 11879.7 1212923618
12217.2 12037.4 1212923653
13062.8 12220.7 1212923713
13869.4 12348.2 1212923773
14411 12435.4 1212923833
14669.8 12482.4 1212923893
15035 12641.1 1212923953
15825.7 12858.1 1212924066
15826.6 12858.1 1212924068
15825.7 12859.2 1212924131
15387.8 12812.2 1212924193
15015.5 12754.1 1212924248
14826.7 12704.9 1212924310
14414.5 12649 1212924370
13994.4 12386.2 1212924431
13484.7 12297.9 1212924492
13091.2 12235.3 1212924555
12603.6 12153.6 1212924613
12103.7 12015 1212924674
11704.8 11801.4 1212924734
12032.8 10330.2 1212924795
12292.5 8848.09 1212924854
12292.5 7508.14 1212924914
10856.6 7260.07 1212924975
10557.8 7178.5 1212925034
9204.32 6803.05 1212925094
7863.21 6467.85 1212925154
6618.71 5959.48 1212925210
5714.58 4945.08 1212925269
5178.32 4311.7 1212925307
4258.24 3229.38 1212925367
3553.56 3049.56 1212925427
3402.87 3059.61 1212925490
3130.75 2790.45 1212925547
2935.74 2982.55 1212925607
2688.43 3077.48 1212925668
2356.04 3049.56 1212925728
1911.07 2960.21 1212925789
1689.47 2930.06 1212925820
1242.73 2850.76 1212925883
665.682 2780.4 1212925940
-320.875 2599.48 1212926001
-830.552 2507.9 1212926061
-2086.57 2360.49 1212926183
-2711.48 2324.75 1212926245
-3220.27 2295.72 1212926303
-3420.6 2284.55 1212926368
-4180.24 2241 1212926429
-4733.35 2301.3 1212926483
-4746.64 2584.96 1212926543
-4747.53 2586.08 1212926603
-4747.53 2584.96 1212926647
-4747.53 2584.96 1212926651
-4743.98 2628.52 1212926715
-4728.03 2224.25 1212926773
-4642.93 2203.03 1212926830
-4336.24 2220.9 1212926890
-3621.81 2261.1 1212926957
-2967.65 2299.07 1212927011
-2593.59 2316.94 1212927072
-2168.12 2343.74 1212927133
-2036.05 2348.21 1212927164
-1298.57 2440.9 1212927224
-361.649 2702.23 1212927284
206.53 2695.53 1212927347
954.647 2804.97 1212927396
1128.38 2721.21 1212927459
1268.43 2741.31 1212927517
1560.94 2783.75 1212927580
1997.05 2861.93 1212927637
2358.7 2911.07 1212927697
2618.41 2945.69 1212927758
3186.59 3408.08 1212927818
3445.42 3814.64 1212927878
3586.35 3799 1212927890
3609.4 3794.54 1212927920
3448.07 3676.14 1212927982
3235.34 3475.09 1212928042
2908.26 3140.03 1212928103
2306.4 3012.7 1212928161
1493.57 2880.92 1212928320
1236.52 3045.09 1212928382
1210.81 3279.64 1212928442
1211.7 3303.09 1212928501
1319.84 3487.38 1212928562
1274.64 3723.05 1212928621
1241.84 3992.24 1212928681
1166.5 4312.82 1212928742
894.372 4265.91 1212928804
625.794 4223.46 1212928864
278.328 4170.96 1212928924
2.65918 4249.15 1212928985
-28.3646 4408.89 1212929047
-60.2748 4539.58 1212929108
-181.711 4435.69 1212929165
-11.5231 4301.65 1212929230
170.188 4147.5 1212929285
666.569 4230.16 1212929348
945.783 4270.37 1212929405
1110.65 3750.98 1212929465
1225 3098.7 1212929528
1262.23 2845.18 1212929585
1306.55 2550.34 1212929648
1351.75 2294.6 1212929677
1447.48 1709.45 1212929738
1457.23 1396.78 1212929797
1371.25 1129.91 1212929857
1423.55 483.432 1212929918
1461.66 -41.3081 1212929978
1519.28 -774.771 1212930040
1546.76 -1152.08 1212930100
1503.32 -1417.75 1212930161
1306.55 -1805.08 1212930221
1105.33 -2200.2 1212930284
998.08 -2677.9 1212930342
633.772 -3194.62 1212930403
369.626 -3530.53 1212930466
32.7966 -4031.58 1212930524
-234.008 -4474.58 1212930584
-465.357 -4856.18 1212930645
-479.539 -4900.81 1212930705
-225.144 -4475.69 1212930766
12.4095 -4081.8 1212930831
181.711 -3797.24 1212930886
443.197 -3449.07 1212930948
975.034 -2767.18 1212931008
1064.56 -2291.73 1212931068
1283.5 -1878.75 1212931133
1487.37 -1471.33 1212931188
1530.8 -868.543 1212931248
1505.1 -549.269 1212931308
1483.82 -269.057 1212931368
1453.69 178.632 1212931434
1423.55 521.393 1212931488
1408.48 714.552 1212931548
1389.87 1084.13 1212931609
1430.64 1229.29 1212931671
1499.78 1385.62 1212931729
1467.87 1684.88 1212931789
1413.8 2007.6 1212931851
1363.27 2318.05 1212931912
1331.36 2529.12 1212931970
1282.61 2968.03 1212932033
1779.88 3039.51 1212932092
2398.58 3138.91 1212932151
2821.39 3264 1212932212
2877.24 3224.91 1212932280
2876.35 3224.91 1212932335
2875.46 3212.62 1212932393
2884.33 3194.75 1212932436
2887.87 3192.52 1212932496
2882.55 3192.52 1212932554
2880.78 3175.77 1212932615
2876.35 3116.57 1212932675
2868.37 3219.32 1212932736
2862.17 3212.62 1212932796
2817.85 3287.45 1212932865
2657.41 3280.75 1212932918
2404.79 3249.48 1212932978
2278.03 3249.48 1212933023
1640.72 3119.92 1212933083
1165.61 3052.91 1212933143
1014.92 3523.12 1212933206
885.508 4299.42 1212933266
812.824 4762.99 1212933329
341.262 4911.57 1212933386
54.0701 5108.18 1212933443
-179.052 5167.39 1212933490
-179.052 5166.27 1212933492
-406.855 5074.67 1212933553
-316.443 4905.98 1212933613
-68.2524 4566.39 1212933675
-193.234 4525.06 1212933735
-194.12 4525.06 1212933796
-194.12 4527.29 1212933864
-193.234 4528.41 1212934100
-194.12 4521.71 1212934280
-194.12 4521.71 1212934398
