3689.17 -946.685 1211197723
3643.97 -960.081 1211197788
3681.2 -980.174 1211197843
3729.95 -961.197 1211197904
3730.83 -961.197 1211197964
3730.83 -961.197 1211198030
3730.83 -961.197 1211198086
3730.83 -961.197 1211198147
3730.83 -962.313 1211198207
3713.11 -907.614 1211198273
3583.69 -1004.73 1211198328
3511.89 -1156.55 1211198393
2874.58 -1157.66 1211198449
2618.41 1284 1211198548
2618.41 1284 1211198574
2618.41 1284 1211198590
3283.21 2167.29 1211198598
3273.45 2629.63 1211198662
2904.71 3089.77 1211198727
2904.71 3089.77 1211198746
2641.46 3307.56 1211198791
2641.46 3307.56 1211198986
2541.29 3320.96 1211199164
2541.29 3320.96 1211199312
2557.25 3266.23 1211199318
2542.18 3259.53 1211199427
2559.91 3189.17 1211199449
2559.91 3189.17 1211199507
2602.45 2849.65 1211199538
2602.45 2849.65 1211199554
3120.99 2170.64 1211199612
3120.99 2170.64 1211199634
2695.53 771.495 1211199672
2695.53 771.495 1211199691
2898.51 -713.373 1211199730
2468.61 -2146.63 1211199775
2904.71 -3627.62 1211199825
3349.68 -5062.6 1211199873
3728.18 -6527.45 1211199921
3997.64 -8033.3 1211199969
4098.69 -9531.07 1211200017
3168.86 -10797.8 1211200079
2549.27 -12174.6 1211200114
2730.09 -13651.6 1211200166
3011.97 -15116 1211200224
4357.52 -16186.9 1211200346
4494.91 -16184.6 1211200402
4496.68 -16170.2 1211200446
4516.18 -16121.1 1211200448
4154.53 -16063.2 1211200522
3180.38 -15492.7 1211200568
2886.99 -14017.2 1211200617
2592.7 -12563.7 1211200658
3904.57 -9945.89 1211200753
4094.26 -8424.78 1211200796
3825.68 -6940.19 1211200839
3559.76 -5435.25 1211200882
3053.63 -4002.57 1211200928
3178.61 -2308.47 1211200992
3932.05 -994.686 1211201037
3693.61 681.056 1211201099
3693.61 681.056 1211201125
3233.57 1459.31 1211201131
2976.51 1738.48 1211201154
2673.37 2033.29 1211201218
2673.37 2033.29 1211201239
2442.9 2281.2 1211201278
2442.9 2281.2 1211201304
2222.19 2466.58 1211201342
2222.19 2466.58 1211201372
2169.01 3018.29 1211201397
2169.01 3018.29 1211201418
2122.91 3511.95 1211201458
2122.91 3511.95 1211201489
2340.08 3567.8 1211201517
2517.36 3420.36 1211201580
2666.27 3313.14 1211201644
2666.27 3313.14 1211201657
