3620.03 -921.01 1211890751
3569.51 -1110.78 1211890811
3097.95 -1185.57 1211890877
2902.94 -1060.55 1211890936
2696.41 275.765 1211890992
2759.35 1783.15 1211891051
3300.05 2170.64 1211891111
3193.68 2697.76 1211891172
3129.86 2793.81 1211891232
3165.31 2804.97 1211891293
3162.66 2802.74 1211891353
3160 2793.81 1211891383
2954.35 2931.17 1211891443
2792.14 3503.02 1211891503
2919.78 3950.91 1211891563
3417.94 4010.11 1211891623
3420.6 4008.99 1211891663
3425.03 3996.71 1211891667
3473.78 3759.91 1211891727
3433.01 3621.41 1211891787
3253.07 3486.26 1211891847
2933.08 3422.6 1211891907
2454.43 3298.62 1211891978
1698.33 3159.01 1211892027
1655.78 2920.01 1211892090
1292.36 2865.28 1211892147
896.145 2817.26 1211892207
249.077 2715.63 1211892267
-542.473 2562.63 1211892306
-1152.31 2476.63 1211892337
-1289.7 2468.82 1211892397
-1288.82 2466.58 1211892457
-1289.7 2467.7 1211892517
-1287.04 2464.35 1211892577
-1290.59 2469.93 1211892638
-1288.82 2465.47 1211892698
-1290.59 2467.7 1211892761
-1286.16 2459.88 1211892820
-1287.04 2462.12 1211892841
-1287.93 2464.35 1211892901
-1546.76 2392.88 1211892961
-1053.92 2311.35 1211893021
-960.852 1766.4 1211893063
-893.486 1353.23 1211893124
-575.27 1376.68 1211893184
103.708 1489.46 1211893245
539.814 1566.51 1211893305
859.803 1610.06 1211893366
1029.1 1586.61 1211893426
1314.52 1107.58 1211893487
2684 755.864 1211893547
2895.85 -732.351 1211893609
2466.84 -2162.26 1211893651
2899.4 -3622.04 1211893700
3353.23 -5060.37 1211893747
3736.15 -6539.72 1211893794
3997.64 -7995.38 1211893838
4105.78 -9532.19 1211893886
3217.61 -10773.2 1211893933
2538.63 -12103.3 1211893983
2719.46 -13612.6 1211894033
2998.67 -15075.9 1211894089
3518.99 -16313.9 1211894149
4306.1 -16211.4 1211894209
