4207.71 -16065.4 1211826073
3595.22 -16136.7 1211826133
2990.69 -14644.6 1211826184
2637.91 -13171.2 1211826226
2574.98 -11654 1211826271
3541.15 -10437.6 1211826328
4197.08 -9060.47 1211826363
3936.48 -7563.73 1211826411
3659.04 -6016.51 1211826462
3185.7 -4474.58 1211826517
2672.48 -2998.2 1211826566
2793.03 -1577.38 1211826628
3103.27 -1681.18 1211826688
3101.49 -1680.07 1211826716
3101.49 -1680.07 1211826718
2862.17 -1428.92 1211826783
2735.41 -1227.99 1211826838
2452.65 -1328.45 1211826898
2520.91 -2013.81 1211826958
2865.71 -3507.1 1211827011
3303.59 -4974.45 1211827065
3716.65 -6432.62 1211827112
3984.34 -7930.69 1211827151
4136.8 -9419.56 1211827197
3311.57 -10682.9 1211827248
2541.29 -11975.1 1211827294
2667.16 -13461 1211827340
2954.35 -14941.1 1211827393
3461.37 -16323.9 1211827453
4232.53 -16113.3 1211827520
