3840.75 3606.89 1211225088
3838.09 3605.77 1211225108
3840.75 3608.01 1211225159
3847.84 3610.24 1211225216
3843.41 3606.89 1211225218
3872.66 3514.19 1211225279
3752.11 3430.42 1211225340
3758.31 3433.77 1211225357
3336.39 2989.25 1211225417
3149.36 2823.96 1211225477
2892.31 2998.19 1211225537
2840.89 3167.95 1211225598
2529.77 3484.03 1211225658
2269.17 3447.17 1211225719
1843.7 3376.81 1211225779
1781.65 3452.75 1211225840
1712.51 3843.68 1211225901
1626.53 4374.26 1211225962
1391.64 4539.58 1211226022
1357.07 4554.1 1211226083
1355.3 4559.69 1211226106
1354.41 4559.69 1211226112
1398.73 4838.96 1211226168
1340.23 5180.8 1211226237
1595.51 5122.7 1211226288
1597.28 5156.22 1211226348
1775.45 5162.92 1211226408
1896.88 5168.51 1211226468
1896.88 5165.16 1211226528
1951.84 5098.13 1211226590
2004.14 4771.93 1211226648
2235.49 4499.37 1211226716
2430.49 4321.76 1211226772
2636.14 4149.74 1211226829
2896.74 3874.96 1211226889
3136.06 3807.94 1211226949
3260.16 3656.03 1211227008
3479.1 3720.82 1211227068
3668.79 3639.28 1211227128
3758.31 3503.02 1211227170
3805.29 3487.38 1211227181
3698.92 3489.61 1211227241
3487.96 3644.87 1211227302
3363.87 3695.13 1211227362
3377.16 3645.98 1211227422
3401.98 3654.92 1211227482
3406.41 3635.93 1211227536
3417.05 3640.4 1211227586
3416.16 3645.98 1211227644
3400.21 3602.42 1211227669
3472.01 3547.69 1211227729
3438.32 3099.82 1211227789
2950.81 2620.7 1211227849
2455.31 2150.54 1211227909
2304.63 1620.11 1211227970
2442.02 1480.53 1211227995
2671.59 1271.72 1211228051
2803.67 1112.05 1211228111
2823.17 934.512 1211228174
2856.85 937.862 1211228176
2926.87 648.676 1211228236
2938.4 532.558 1211228255
3096.18 530.325 1211228279
3440.1 411.976 1211228339
3776.04 329.356 1211228399
3853.16 -663.137 1211228441
3751.22 -1001.38 1211228522
3581.92 -946.685 1211228571
3581.03 -970.127 1211228636
3578.37 -977.942 1211228691
3651.95 -1001.38 1211228752
