4384.99 -16053.2 1211820398
4384.11 -16052.1 1211820459
4384.99 -16052.1 1211820519
4384.99 -16050.9 1211820584
4385.88 -16045.4 1211820639
4384.99 -16046.5 1211820699
4384.99 -16047.6 1211820763
4383.22 -16048.7 1211820824
4384.11 -16053.2 1211820879
4384.99 -16048.7 1211820939
4384.99 -16042 1211820999
4384.99 -16054.3 1211821059
4384.99 -16059.9 1211821119
4387.65 -16055.4 1211821184
4390.31 -16064.3 1211821239
4385.88 -16055.4 1211821304
4388.54 -16068.8 1211821359
4386.77 -16065.4 1211821427
4385.88 -16064.3 1211821479
4385.88 -16049.8 1211821540
4386.77 -16061 1211821600
4387.65 -16072.1 1211821661
4385.88 -16054.3 1211821722
4387.65 -16066.5 1211821783
4387.65 -16066.5 1211821843
4383.22 -16049.8 1211821905
4384.99 -16053.2 1211821965
4388.54 -16084.4 1211822026
4388.54 -16077.7 1211822086
4385.88 -16085.5 1211822147
4387.65 -16066.5 1211822207
4387.65 -16074.3 1211822268
4387.65 -16055.4 1211822328
4409.81 -16018.6 1211822389
