3586.35 -1139.8 1212153206
3011.97 -1188.92 1212153287
3011.97 -1188.92 1212153302
2906.49 -617.367 1212153349
2701.73 816.157 1212153409
1575.12 1086.37 1212153469
1111.54 1284 1212153529
918.305 1723.96 1212153589
-71.7979 1574.33 1212153649
-868.667 1449.27 1212153709
-951.101 1729.55 1212153769
-1049.49 2392.88 1212153829
-1023.79 2495.62 1212153889
-1219.68 2478.87 1212153949
-1218.79 2479.98 1212154009
-1216.13 2478.87 1212154070
-1217.02 2479.98 1212154130
-1217.02 2479.98 1212154191
-1212.59 2472.17 1212154251
-1211.7 2471.05 1212154312
-1220.57 2478.87 1212154372
-1223.22 2484.45 1212154433
-1218.79 2478.87 1212154493
-1218.79 2478.87 1212154554
-1221.45 2478.87 1212154614
-1221.45 2479.98 1212154674
-1222.34 2479.98 1212154735
-1221.45 2479.98 1212154795
-1220.57 2479.98 1212154855
-1230.32 2482.22 1212154915
-1221.45 2481.1 1212154975
-1218.79 2481.1 1212155036
-1219.68 2482.22 1212155096
-1222.34 2478.87 1212155156
-1222.34 2482.22 1212155217
-1222.34 2482.22 1212155277
-1221.45 2482.22 1212155338
-1222.34 2482.22 1212155398
-1222.34 2482.22 1212155459
-1222.34 2485.57 1212155501
-1486.48 2436.43 1212155561
-1980.21 2377.24 1212155621
-2076.82 2758.07 1212155681
-2354.26 2813.91 1212155741
-2839.12 2748.02 1212155802
-3244.2 2726.8 1212155872
-3799.09 2693.29 1212155922
-4273.31 2662.02 1212155982
-4184.67 2867.52 1212156042
-3810.61 2783.75 1212156102
-3419.71 2706.69 1212156162
-3294.73 2718.98 1212156222
-2956.13 2734.61 1212156282
-2410.99 2798.27 1212156342
-1907.52 2869.75 1212156403
-1441.28 2953.51 1212156465
-1006.94 3016.06 1212156526
-596.543 3084.18 1212156587
-251.736 3140.03 1212156647
119.663 3199.22 1212156695
240.213 3215.97 1212156732
769.39 3298.62 1212156793
991.875 2711.16 1212156853
1274.64 2328.1 1212156913
1633.62 2389.53 1212156974
1903.09 2426.38 1212157023
1903.98 2426.38 1212157024
2203.58 2476.63 1212157084
2207.12 2658.67 1212157145
2192.94 2753.6 1212157177
2153.05 3036.16 1212157237
2185.85 3475.09 1212157298
2276.26 3499.67 1212157357
2511.16 3500.78 1212157417
2645 3346.65 1212157477
2605.11 3294.16 1212157538
2489.88 3205.92 1212157598
2638.8 2846.3 1212157659
2808.98 3099.82 1212157719
2977.4 3196.99 1212157780
3135.18 3085.3 1212157841
3118.34 2841.83 1212157902
3007.54 2880.92 1212157963
2834.69 2953.51 1212158023
2786.82 3167.95 1212158093
2561.68 3299.74 1212158145
2598.91 3332.13 1212158212
2583.84 3293.04 1212158273
2577.64 3285.22 1212158333
2574.98 3265.12 1212158394
2566.11 3276.29 1212158455
2567.88 3262.88 1212158516
2568.77 3261.77 1212158576
2567.88 3269.58 1212158637
2563.45 3267.35 1212158702
2546.61 3249.48 1212158762
2546.61 3249.48 1212158797
2565.23 3143.38 1212158798
2586.5 2961.33 1212158858
2750.48 2772.59 1212158918
2505.84 2453.18 1212158978
1870.29 1820 1212159038
1728.47 1902.63 1212159098
1732.01 1900.4 1212159118
1732.01 1900.4 1212159125
1544.99 2041.1 1212159239
1170.93 1861.31 1212159300
1167.38 1659.2 1212159360
1096.47 1481.65 1212159405
1027.33 1442.57 1212159483
988.33 1440.33 1212159508
869.553 1673.71 1212159562
826.12 1943.95 1212159618
1248.93 2099.17 1212159682
1218.79 2264.45 1212159738
1146.99 2688.82 1212159821
1146.99 2688.82 1212159823
1252.48 2748.02 1212159883
1252.48 3084.18 1212159946
1205.5 3324.31 1212160004
1348.21 3282.99 1212160061
1363.27 3148.96 1212160121
1421.78 2820.61 1212160182
1505.1 2328.1 1212160242
1682.38 1760.81 1212160304
1376.57 1315.27 1212160363
1365.05 1143.31 1212160438
1395.18 750.281 1212160499
1427.98 351.686 1212160565
1427.1 349.453 1212160591
1433.3 296.978 1212160593
1476.73 -256.777 1212160652
1311.86 -1779.41 1212160844
1122.18 -1987.02 1212160907
1017.58 -2237.04 1212160964
175.506 -3049.54 1212161016
