4330.92 -15882.7 1211147140
3817.7 -16196.9 1211147199
3108.59 -15262 1211147261
2822.28 -13792 1211147323
2573.2 -12302.8 1211147361
3078.45 -10902.6 1211147415
4022.46 -9746.29 1211147463
4065.89 -8268.63 1211147508
3803.52 -6804.1 1211147552
3518.99 -5300.25 1211147608
3015.51 -3859.73 1211147653
3027.04 -2439.05 1211147713
3877.09 -1154.32 1211147771
3817.7 337.171 1211147818
3440.98 1544.18 1211147878
3673.22 1770.86 1211147938
3697.15 1786.5 1211147998
3807.06 1911.57 1211148058
3795.54 1938.37 1211148118
3812.38 1938.37 1211148178
3921.41 2204.15 1211148242
3754.77 2573.79 1211148299
3470.23 2799.39 1211148363
3226.48 3140.03 1211148418
3675.88 3606.89 1211148479
3842.52 3612.47 1211148549
3851.38 3603.54 1211148631
3853.16 3614.71 1211148637
3785.79 3449.4 1211148697
3511.89 3253.95 1211148758
3359.43 2753.6 1211148817
3330.18 2442.01 1211148882
3115.68 1987.5 1211148938
3089.08 1655.85 1211148998
3140.5 1536.36 1211149037
3392.23 956.843 1211149064
3830.11 -496.8 1211149118
3771.61 -1131.99 1211149178
3595.22 -924.359 1211149238
3583.69 -947.801 1211149298
3581.92 -955.615 1211149359
3584.58 -961.197 1211149420
3581.92 -960.081 1211149478
3612.94 -923.242 1211149539
3616.49 -967.895 1211149599
