-568.179 -3369.83 1212164858
-126.754 -3222.52 1212164918
2910.92 -3828.49 1212165194
2944.6 -3471.39 1212165247
2571.43 -2658.92 1212165306
2842.67 -1511.52 1212165492
2875.46 -1210.13 1212165542
2656.52 1220.36 1212165679
3211.41 2123.74 1212165749
3231.79 2654.2 1212165856
3229.13 2678.77 1212165883
3007.54 2931.17 1212165955
2970.31 2954.63 1212166006
2917.12 2956.86 1212166063
2871.92 2984.78 1212166123
2857.74 3220.44 1212166183
2821.39 3341.06 1212166254
3040.33 3398.03 1212166306
3051.86 3444.94 1212166328
3038.56 3454.99 1212166391
3063.38 3456.11 1212166417
3074.9 3458.34 1212166419
3074.9 3457.22 1212166420
3206.09 3387.97 1212166481
3059.83 2697.76 1212166605
3044.76 2478.87 1212166660
3174.18 2340.39 1212166726
3358.55 2138.26 1212166781
3660.81 1842.33 1212166841
4018.03 1614.53 1212166916
4079.19 1237.11 1212166965
4106.67 762.563 1212167027
3690.95 855.236 1212167088
3667.9 887.617 1212167125
3685.63 874.218 1212167197
3685.63 877.567 1212167200
3667.01 868.635 1212167224
3753.88 790.476 1212167295
3656.38 742.465 1212167344
3042.99 1282.89 1212167400
3400.21 1688.23 1212167461
3278.77 1840.1 1212167525
3146.7 1959.58 1212167581
2859.51 2263.33 1212167646
2622.84 2503.44 1212167707
2486.34 2629.63 1212167761
2411.88 2704.46 1212167823
2176.1 2772.59 1212167880
2180.53 2931.17 1212167940
2116.71 3365.64 1212168001
2200.92 3564.45 1212168061
2202.69 3575.62 1212168122
2197.37 3577.85 1212168182
2196.49 3571.15 1212168244
2197.37 3572.27 1212168304
2199.14 3583.43 1212168365
2198.26 3586.79 1212168425
2194.71 3585.67 1212168486
2144.19 3641.51 1212168550
2134.44 3620.29 1212168608
2139.76 3621.41 1212168610
2222.19 3473.98 1212168671
2278.92 3175.77 1212168731
2336.54 3048.44 1212168792
2377.31 2696.64 1212168852
2589.16 2534.71 1212168913
2986.26 2106.99 1212168974
2741.62 1855.73 1212169035
2695.53 732.416 1212169105
2900.28 -747.979 1212169165
2465.06 -2181.23 1212169213
2899.4 -3607.53 1212169254
3335.5 -5050.33 1212169321
4049.05 -8303.21 1212169426
2793.92 -13845.5 1212169632
4329.15 -15873.8 1212169906
4204.17 -16029.8 1212169992
4246.72 -16081 1212170131
2631.71 -13103.2 1212170279
2586.5 -11609.4 1212170332
4199.74 -9122.92 1212170423
3776.93 -6664.66 1212170499
3431.23 -5164.13 1212170542
2966.76 -3732.52 1212170581
2451.77 -2325.21 1212170631
2911.81 -883.055 1212170687
2738.07 557.122 1212170741
2896.74 1883.65 1212170801
3283.21 2168.41 1212170851
3517.21 2362.72 1212170905
3223.82 2676.54 1212170966
2896.74 2981.43 1212171020
2897.62 3307.56 1212171090
2740.73 3328.78 1212171142
2465.95 3268.47 1212171200
2106.07 3294.16 1212171260
2166.35 3513.07 1212171320
2354.26 3545.46 1212171383
2725.66 3564.45 1212171440
2847.1 3500.78 1212171500
2851.53 3540.99 1212171563
2865.71 3561.1 1212171622
2864.83 3574.5 1212171688
2865.71 3577.85 1212171742
2866.6 3578.97 1212171802
2873.69 3568.91 1212171865
2896.74 3576.73 1212171925
2885.21 3576.73 1212171984
2840.01 3559.98 1212172045
2842.67 3558.86 1212172105
2841.78 3578.97 1212172166
2790.37 3574.5 1212172226
2808.98 3565.56 1212172287
2830.26 3567.8 1212172347
2921.56 3561.1 1212172417
2934.85 3561.1 1212172449
2925.1 3525.35 1212172525
2974.74 3146.73 1212172636
3177.72 2916.66 1212172705
3183.04 2835.13 1212172750
3030.58 2461 1212172820
2852.42 1884.76 1212172870
3023.49 -3990.29 1212173089
2565.23 -12367.5 1212173375
3095.29 -15401.3 1212173474
4416.02 -16201.4 1212173594
4459.45 -16192.4 1212173657
4514.41 -16152.3 1212173673
