3413.5 -1158.78 1212035972
2927.76 -827.239 1212036036
2738.07 506.879 1212036092
2673.37 1646.91 1212036164
2505.84 1833.4 1212036202
2614.86 1741.83 1212036258
2379.08 1493.93 1212036318
2067.96 1184.63 1212036378
1977.55 593.967 1212036438
1773.68 219.941 1212036497
1774.56 219.941 1212036504
1773.68 219.941 1212036530
1773.68 218.825 1212036554
1649.58 40.1919 1212036614
1661.1 -190.909 1212036670
1660.22 -195.374 1212036763
1317.18 -355.02 1212036825
1139.9 -367.3 1212036883
979.466 1134.38 1212037015
905.009 1500.63 1212037063
844.734 1723.96 1212037131
363.422 1643.56 1212037183
-260.6 1548.65 1212037243
-647.954 1725.08 1212037303
-752.549 1783.15 1212037359
-751.662 1780.91 1212037391
-987.443 1987.5 1212037421
-1046.83 2400.69 1212037481
-996.307 2807.21 1212037542
-884.622 3051.79 1212037626
-587.68 3070.78 1212037706
129.414 3440.47 1212037808
112.572 3777.78 1212037868
137.391 4135.21 1212037928
267.691 4179.9 1212037958
357.217 4166.49 1212037997
356.331 4167.61 1212037998
372.286 4181.01 1212038027
509.677 3857.09 1212038082
689.615 3612.47 1212038144
930.714 3675.02 1212038176
1247.16 3708.53 1212038231
1532.58 3746.51 1212038291
1747.08 3578.97 1212038351
1748.86 3571.15 1212038371
1749.74 3568.91 1212038375
1828.63 3457.22 1212038435
2172.55 3530.94 1212038496
2529.77 3581.2 1212038556
2700.84 3662.74 1212038618
2712.37 4014.58 1212038678
2497.86 4274.84 1212038737
2404.79 4361.97 1212038798
2317.92 4598.78 1212038857
2285.12 4488.2 1212038928
2568.77 4210.05 1212039037
2724.78 4087.18 1212039109
2931.31 3828.05 1212039161
3173.29 3687.31 1212039222
3177.72 3735.34 1212039284
3057.17 3351.12 1212039348
2621.07 3109.87 1212039409
2504.95 3121.04 1212039469
2286.9 3017.17 1212039530
1852.56 2978.08 1212039570
1754.17 2970.26 1212039590
1844.59 3031.69 1212039651
2466.84 3027.22 1212039711
2519.13 3057.38 1212039749
2519.13 3067.43 1212039753
2307.28 3099.82 1212039806
1820.65 3147.84 1212039872
1818.88 3294.16 1212039898
1817.11 3308.67 1212039959
1824.2 3296.39 1212039982
1779.88 3164.6 1212040044
1262.23 3078.6 1212040100
997.194 2641.92 1212040160
1117.74 1903.75 1212040234
1313.64 1345.42 1212040290
1403.16 779.311 1212040343
1461.66 -8.9315 1212040403
1461.66 -112.759 1212040437
1464.32 -116.109 1212040462
1466.98 -116.109 1212040477
1474.96 -158.533 1212040537
1482.05 -686.581 1212040600
1862.31 -868.543 1212040687
2050.23 -862.961 1212040713
2296.65 -833.937 1212040767
2390.61 -1290.5 1212040815
2930.42 -1211.25 1212040858
3750.33 -1043.8 1212040928
3578.37 -969.011 1212040980
3577.49 -962.313 1212041160
3571.28 -969.011 1212041221
3574.83 -977.942 1212041287
