891.713 3332.13 1211160521
893.486 3322.08 1211160522
893.486 3322.08 1211160545
960.852 2895.44 1211160552
780.914 2347.09 1211160618
110.799 2244.35 1211160683
-265.918 2089.12 1211160737
-265.918 2089.12 1211160772
-213.621 1780.91 1211160809
-166.642 1508.45 1211160861
742.799 1595.55 1211160938
1268.43 1681.53 1211161000
1904.86 1539.71 1211161066
2436.7 1275.07 1211161119
2692.87 1275.07 1211161151
3287.64 1574.33 1211161211
3572.17 1845.68 1211161271
3573.94 1846.8 1211161279
3574.83 1849.03 1211161340
3586.35 1860.2 1211161357
3666.13 1825.58 1211161423
3494.17 848.537 1211161477
3841.63 -593.924 1211161527
4195.3 -526.942 1211161587
4209.49 -512.429 1211161648
4209.49 -512.429 1211161713
4209.49 -513.545 1211161773
4212.15 -496.8 1211161833
4138.58 -1109.66 1211161904
3887.73 -1109.66 1211161905
3413.5 -1954.65 1211161968
2851.53 -3375.41 1211162018
3245.09 -4813.78 1211162060
3679.42 -6235.17 1211162106
3947.11 -7704.27 1211162146
4189.99 -9170.87 1211162189
2876.35 -11038.6 1211162274
2567 -12515.8 1211162316
2807.21 -14000.5 1211162375
3353.23 -13563.5 1211162425
3103.27 -13543.5 1211162485
3101.49 -13544.6 1211162497
3249.52 -14187.7 1211162563
2840.89 -14481.9 1211162622
3236.23 -15938.4 1211162672
