3634.22 -1109.66 1212363129
3670.56 -1135.34 1212363186
3671.45 -1126.41 1212363247
3671.45 -1126.41 1212363308
3670.56 -1125.29 1212363368
3670.56 -1124.18 1212363428
3671.45 -1124.18 1212363488
3694.49 -1128.64 1212363507
3843.41 -1110.78 1212363567
3872.66 -461.076 1212363627
3421.48 972.475 1212363684
3669.67 1701.63 1212363743
3666.13 1709.45 1212363803
3852.27 1969.63 1212363866
4010.93 2218.66 1212363924
4217.46 2373.89 1212363984
4238.74 3212.62 1212364044
3870 3734.22 1212364104
3609.4 4071.55 1212364164
3435.66 4305 1212364224
3253.95 4563.04 1212364285
3218.5 4613.31 1212364345
3048.31 4854.6 1212364405
2953.47 4964.07 1212364465
2684 5197.55 1212364525
2341.85 5368.48 1212364586
1918.16 5412.05 1212364651
1658.44 5371.83 1212364707
1428.87 5314.85 1212364766
1295.02 5191.97 1212364833
1081.4 5034.45 1212364895
1094.7 5044.51 1212364900
1407.59 4818.85 1212364962
1427.1 4694.85 1212365020
1479.39 4393.25 1212365080
1510.42 3947.56 1212365146
1563.6 3787.83 1212365201
1589.31 3611.36 1212365262
1589.31 3611.36 1212365277
1600.83 3515.3 1212365323
1644.26 3207.04 1212365388
1724.04 2767 1212365445
1839.27 2132.67 1212365504
1843.7 2098.06 1212365564
1840.15 2093.59 1212365583
1845.47 2083.54 1212365584
1658.44 2379.48 1212365644
1248.93 2390.64 1212365704
1170.93 2619.58 1212365764
1067.22 3170.18 1212365824
946.669 3914.05 1212365895
726.843 4451.33 1212365944
300.488 4389.9 1212366004
160.437 4367.55 1212366027
-115.231 4326.22 1212366086
-115.231 4325.11 1212366110
-132.959 4115.11 1212366165
-136.505 4103.94 1212366192
-138.278 4101.7 1212366218
-410.401 3966.55 1212366278
-511.45 3651.57 1212366347
-673.66 3584.55 1212366398
-672.773 3584.55 1212366427
-603.635 3316.49 1212366486
-371.399 2912.19 1212366546
374.058 3029.46 1212366600
374.058 3029.46 1212366615
1086.72 3140.03 1212366661
1086.72 3140.03 1212366676
1457.23 3199.22 1212366728
2164.58 3316.49 1212366793
2916.24 3425.95 1212366844
3055.4 3364.52 1212366904
3120.11 3324.31 1212366964
3095.29 3315.38 1212366990
3089.08 3319.84 1212367011
2781.51 3353.35 1212367035
2793.92 3606.89 1212367096
3287.64 3725.29 1212367156
3137.84 3453.87 1212367221
2877.24 3382.39 1212367277
2457.09 3256.18 1212367340
2360.47 3260.65 1212367395
1974 3135.56 1212367455
2015.66 2847.41 1212367525
2153.05 2675.42 1212367570
2153.94 2676.54 1212367579
2200.03 2797.16 1212367631
2106.07 3065.2 1212367691
2418.08 3119.92 1212367751
2422.52 3129.97 1212367816
2439.36 3068.55 1212367871
2450.88 2953.51 1212367936
2469.49 2893.2 1212367961
2512.04 2810.56 1212368022
2534.2 2694.41 1212368081
2504.95 2707.81 1212368150
2575.86 2825.08 1212368202
2527.11 2859.7 1212368214
2527.11 2859.7 1212368228
2608.66 2816.14 1212368275
2769.1 2717.86 1212368340
2478.36 2449.83 1212368395
2478.36 2449.83 1212368413
2189.39 2461 1212368457
1368.59 2440.9 1212368594
1313.64 2629.63 1212368637
1290.59 2781.52 1212368708
1291.48 2781.52 1212368714
1292.36 2783.75 1212368734
1246.27 3068.55 1212368795
1347.32 3181.35 1212368857
1864.97 3276.29 1212368916
2225.74 3319.84 1212368976
2227.51 3324.31 1212368987
2450.88 3344.42 1212369043
2752.25 3399.14 1212369106
2913.58 3363.4 1212369166
2989.81 3430.42 1212369203
2844.44 3461.69 1212369268
2832.03 3431.53 1212369319
2831.14 3392.44 1212369379
2738.07 3447.17 1212369440
2529.77 3186.93 1212369509
2558.13 3058.5 1212369560
2450.88 3068.55 1212369774
2149.51 3020.52 1212369849
2124.69 3059.61 1212369894
2124.69 3060.73 1212369960
2113.16 3046.21 1212370020
2094.55 3080.83 1212370037
2094.55 3080.83 1212370057
2086.57 3315.38 1212370063
1733.79 3358.94 1212370124
1257.79 3284.1 1212370179
1149.65 3658.27 1212370239
1101.79 3960.96 1212370299
1038.85 4363.09 1212370366
1048.6 4298.3 1212370421
939.578 4382.08 1212370490
884.622 4376.49 1212370534
749.003 4355.27 1212370556
733.935 4294.95 1212370606
735.707 4261.44 1212370671
440.538 3984.42 1212370804
439.652 3985.54 1212370815
239.326 4055.91 1212370861
31.9102 4070.43 1212370916
22.1599 4134.1 1212371031
20.3871 4132.98 1212371074
-138.278 4217.87 1212371135
-421.037 4023.52 1212371190
-348.353 3586.79 1212371270
-280.101 3169.06 1212371315
-460.925 3004.89 1212371371
-1056.58 2818.38 1212371431
-1030.88 2504.55 1212371491
-1003.4 2002.02 1212371570
-928.941 1512.91 1212371613
-1258.68 1385.62 1212371673
-1632.74 1316.39 1212371734
-1591.96 1028.3 1212371797
-1510.42 551.539 1212371853
-1557.4 290.279 1212371913
-1576.01 224.407 1212371978
-1576.9 224.407 1212371981
-1631.85 454.403 1212372042
-1236.52 436.539 1212372102
-1167.38 12.2808 1212372162
-1166.5 21.2124 1212372222
-1166.5 21.2124 1212372237
-1163.84 15.6302 1212372284
-1172.7 68.103 1212372344
-1133.7 -190.909 1212372404
-758.754 -532.524 1212372455
-779.141 -759.143 1212372486
-829.665 -1164.36 1212372541
-827.892 -1398.78 1212372601
-824.347 -1404.36 1212372661
-824.347 -1405.48 1212372721
-826.12 -1402.13 1212372781
-826.12 -1402.13 1212372841
-827.006 -1403.24 1212372895
-1318.95 -1581.84 1212372955
-1274.64 -1481.38 1212372983
-1453.69 -1001.38 1212373043
-1584.87 -760.259 1212373104
-1681.49 -727.885 1212373165
-1682.38 -725.653 1212373176
-1349.09 -708.908 1212373236
-1457.23 -1311.71 1212373296
-1344.66 -1563.98 1212373356
-678.978 -1146.5 1212373417
-616.044 -332.692 1212373481
-435.22 100.48 1212373536
-116.118 198.728 1212373597
57.6156 285.813 1212373663
575.27 791.593 1212373718
612.499 834.022 1212373778
844.734 1064.03 1212373839
1287.93 1507.33 1212373899
1287.93 1785.38 1212373959
1170.93 2506.79 1212374019
1189.54 2742.43 1212374079
1512.19 2800.51 1212374144
1958.93 2867.52 1212374199
2179.64 2874.22 1212374297
2179.64 2874.22 1212374316
2291.33 2904.37 1212374336
2149.51 2764.77 1212374393
1615.01 2677.66 1212374452
1326.05 2653.09 1212374508
1163.84 2628.52 1212374568
1086.72 2094.71 1212374628
1043.29 1751.88 1212374688
672.773 1692.7 1212374749
-75.3435 1581.03 1212374809
-825.233 1467.13 1212374874
-1600.83 1337.6 1212374929
-1599.94 1213.66 1212374990
-1503.32 1228.17 1212375013
-1502.44 1228.17 1212375015
-1279.95 1061.8 1212375078
-1208.16 1075.2 1212375085
-1099.13 1084.13 1212375116
-881.962 1116.51 1212375187
-439.652 1186.86 1212375245
-113.458 1194.68 1212375300
0 811.691 1212375358
388.241 644.21 1212375421
584.134 666.541 1212375479
815.483 539.257 1212375545
853.598 24.5617 1212375605
888.167 -382.929 1212375670
927.169 -935.522 1212375720
967.056 -1498.12 1212375782
1133.7 -1807.31 1212375841
1248.93 -1924.51 1212375902
1142.56 -2110.91 1212375971
1136.36 -2124.31 1212375975
728.616 -2711.38 1212376049
290.737 -3008.25 1212376061
-174.62 -3258.24 1212376096
-1014.04 -3924.46 1212376177
-1579.55 -5339.3 1212376248
-2980.06 -5831.31 1212376299
-3191.91 -8748.2 1212376381
-2689.32 -10157.8 1212376427
-2134.44 -11563.7 1212376477
-1246.27 -12782.2 1212376516
954.647 -14503.1 1212376633
2384.4 -14120.8 1212376679
3084.65 -15348.9 1212376729
3832.77 -16223.6 1212376790
4393.86 -16074.3 1212376860
4401.83 -16061 1212376910
4411.59 -16030.9 1212376970
4425.77 -16017.5 1212377030
4419.56 -16035.3 1212377095
4420.45 -16035.3 1212377150
4420.45 -16035.3 1212377212
4415.13 -16027.5 1212377271
4402.72 -16022 1212377341
4242.28 -16169 1212377508
4555.18 -16030.9 1212377568
3927.61 -16157.9 1212377760
3111.24 -15258.7 1212377820
2814.3 -13750.8 1212377876
2566.11 -12229.3 1212377927
3128.09 -10851.3 1212377975
4051.71 -9687.19 1212378016
4045.5 -8181.64 1212378064
3921.41 -7490.11 1212378085
3215.84 -4591.74 1212378183
2746.94 -3096.41 1212378233
3533.17 -1800.62 1212378292
3850.5 -331.575 1212378344
3791.11 509.112 1212378373
3089.97 1626.81 1212378434
2679.57 2043.34 1212378494
2399.47 2309.12 1212378562
2192.94 2704.46 1212378619
2125.57 3179.12 1212378675
1942.98 3400.26 1212378731
1366.82 3316.49 1212378796
1038.85 3334.36 1212378847
942.237 3938.62 1212378917
817.256 4265.91 1212378977
816.369 4265.91 1212379028
816.369 4265.91 1212379034
760.526 4137.45 1212379105
956.42 2983.67 1212379208
1080.51 2104.76 1212379268
1256.91 1391.2 1212379328
1559.17 992.574 1212379389
2498.75 960.193 1212379454
2846.21 -362.834 1212379515
2823.17 -1230.22 1212379550
2826.71 -3308.45 1212379622
3240.66 -4726.75 1212379663
3669.67 -6179.39 1212379709
3934.7 -7652.96 1212379754
4188.21 -9112.88 1212379805
3483.53 -10495.6 1212379847
2853.3 -11069.8 1212379873
2572.32 -12539.2 1212379933
3115.68 -15464.8 1212380041
3265.48 -16027.5 1212380055
4184.67 -16120 1212380117
4147.44 -16093.3 1212380186
4191.76 -16115.6 1212380242
4222.78 -16069.9 1212380319
4026 -16167.9 1212380379
