3582.81 -1107.43 1211585858
3314.23 -1010.31 1211585918
3288.52 -650.858 1211585965
3189.25 -296.967 1211586030
2874.58 212.126 1211586112
2841.78 610.714 1211586175
2817.85 941.212 1211586214
2997.79 1277.3 1211586274
3358.55 1643.56 1211586348
3564.19 1833.4 1211586394
3573.06 1843.45 1211586455
3781.36 2066.79 1211586515
3483.53 2410.75 1211586595
3333.73 2565.98 1211586637
2992.47 2914.42 1211586697
2893.19 3008.24 1211586773
2895.85 3018.29 1211586819
2836.46 3099.82 1211586884
2659.18 3285.22 1211586939
2520.91 3284.1 1211586969
2421.63 3255.06 1211587030
2372.88 3334.36 1211587089
2754.03 3409.2 1211587161
2785.94 3506.37 1211587191
2791.26 3603.54 1211587228
2652.09 4155.32 1211587297
2456.2 4323.99 1211587348
1924.36 4780.87 1211587408
1397.84 5005.41 1211587468
1400.5 5010.99 1211587532
575.27 4866.88 1211587604
-118.777 4783.1 1211587648
-119.663 4787.57 1211587659
-184.37 4721.66 1211587685
-252.622 4512.77 1211587770
-327.966 4571.97 1211587836
-41.6605 4479.26 1211587910
-33.683 4416.7 1211587951
8.86394 4165.37 1211588011
140.05 4148.62 1211588076
298.715 4170.96 1211588136
446.743 4192.18 1211588170
564.633 4444.63 1211588229
517.654 4745.12 1211588292
514.109 4781.98 1211588347
513.222 4773.05 1211588412
516.768 4777.52 1211588467
1086.72 4936.14 1211588613
1705.42 5035.57 1211588678
1875.61 5062.38 1211588734
2331.22 5139.46 1211588804
2843.55 5025.51 1211588865
2998.67 4865.77 1211588915
3005.76 4853.48 1211588937
3004.88 4854.6 1211588943
3134.29 4521.71 1211589004
3068.7 4109.52 1211589056
3145.81 3826.93 1211589123
3183.93 3710.77 1211589176
3203.43 3683.96 1211589236
2917.12 3519.77 1211589297
2954.35 3491.85 1211589369
3015.51 3471.74 1211589428
3020.83 3325.43 1211589488
3014.63 3251.71 1211589538
2715.91 2952.39 1211589598
2576.75 2809.44 1211589658
2453.54 2684.36 1211589718
2317.92 2510.14 1211589778
2092.78 2285.67 1211589838
1867.63 2099.17 1211589903
1867.63 2098.06 1211589942
1703.65 2051.15 1211589985
1642.49 2387.29 1211590030
1591.96 2660.9 1211590090
1543.21 2979.2 1211590151
1525.48 3104.29 1211590213
1383.66 3298.62 1211590275
1358.84 3298.62 1211590295
1357.07 3297.51 1211590297
1339.34 3332.13 1211590354
1341.11 3374.57 1211590369
1463.44 3513.07 1211590429
1460.78 3578.97 1211590489
1466.1 3536.52 1211590549
1473.19 3422.6 1211590610
1846.36 3485.15 1211590675
1964.25 3497.43 1211590744
2038.71 3511.95 1211590798
2150.39 3532.06 1211590854
2200.92 3578.97 1211590905
2201.8 3554.39 1211590965
2611.32 3597.95 1211591025
2832.03 3612.47 1211591085
3057.17 3657.15 1211591147
3311.57 3708.53 1211591205
3430.35 3717.47 1211591265
3474.67 3736.45 1211591326
3661.7 3810.17 1211591386
3784.9 3685.08 1211591455
3786.68 3680.61 1211591464
3455.17 3747.62 1211591639
3233.57 3791.19 1211591709
3172.41 3380.16 1211591830
3007.54 3329.9 1211591879
3058.06 3358.94 1211591917
2703.5 3281.87 1211591967
2368.45 3252.83 1211592026
2134.44 3209.27 1211592088
2172.55 3327.66 1211592153
2352.49 3345.53 1211592211
2455.31 3348.88 1211592269
2456.2 3351.12 1211592285
2644.11 3419.25 1211592362
2660.07 3584.55 1211592411
2612.2 3780.02 1211592477
2474.81 3893.95 1211592526
2330.33 3857.09 1211592597
2164.58 3949.79 1211592652
1999.71 3918.52 1211592706
1999.71 3918.52 1211592725
1990.84 3908.47 1211592778
2067.96 3824.69 1211592821
2231.94 3849.27 1211592882
2252.33 3853.74 1211592931
2327.67 3683.96 1211592991
2354.26 3583.43 1211593051
2382.63 3315.38 1211593111
2395.92 3259.53 1211593175
2564.34 3109.87 1211593262
2598.02 2969.15 1211593322
2680.46 2844.06 1211593394
2839.12 2648.62 1211593442
3035.9 2440.9 1211593512
3466.69 2029.94 1211593578
3626.24 1898.17 1211593605
3626.24 1898.17 1211593633
3651.95 1938.37 1211593643
3796.43 2094.71 1211593708
3319.55 2579.38 1211593768
3152.02 2746.9 1211593823
2995.13 2902.14 1211593888
3226.48 3157.9 1211593948
3462.26 3320.96 1211594001
3757.43 3658.27 1211594066
3809.72 3713 1211594113
3809.72 3711.88 1211594114
3802.63 3801.24 1211594214
3525.19 4072.66 1211594337
3449.85 3855.97 1211594392
3401.1 3707.41 1211594430
3394.89 3642.63 1211594457
3277 3606.89 1211594511
3241.54 3619.18 1211594568
2959.67 3561.1 1211594628
2511.16 3505.25 1211594692
2365.79 3565.56 1211594754
2309.06 3533.17 1211594813
2399.47 3566.68 1211594864
2866.6 3612.47 1211594944
2872.8 3591.25 1211594987
2824.94 3546.58 1211595064
2479.25 3495.2 1211595109
2239.92 3432.65 1211595169
1603.49 3333.25 1211595233
845.62 3217.09 1211595292
-563.747 2989.25 1211595411
-1144.34 2761.42 1211595478
-1371.25 2697.76 1211595532
-1371.25 2697.76 1211595562
-1366.82 2956.86 1211595665
-947.556 3027.22 1211595709
-885.508 3183.58 1211595785
-879.303 3188.05 1211595851
-705.57 3060.73 1211595910
-122.322 3157.9 1211595962
174.62 3117.69 1211596027
188.802 3035.04 1211596077
190.575 3013.82 1211596079
191.461 3012.7 1211596084
459.152 3035.04 1211596144
944.896 3009.35 1211596212
1036.2 2444.25 1211596264
1203.72 1980.8 1211596330
1378.34 2008.72 1211596386
1706.31 2070.14 1211596452
1815.34 1758.58 1211596563
1815.34 1758.58 1211596584
1622.99 1619 1211596645
1530.8 1473.83 1211596715
1416.46 1999.79 1211596776
1351.75 2389.53 1211596841
1274.64 2837.36 1211596895
1225 3145.61 1211596952
1139.9 3652.68 1211597054
990.989 3748.74 1211597096
948.442 3943.09 1211597171
821.688 3935.27 1211597232
795.096 3919.64 1211597283
828.779 3678.37 1211597338
931.601 3122.16 1211597392
1178.9 3145.61 1211597454
1411.14 3185.82 1211597512
1750.63 3233.84 1211597545
2299.31 3328.78 1211597605
2647.66 3376.81 1211597670
2949.03 3425.95 1211597735
3067.81 3110.99 1211597786
3160.88 2828.43 1211597846
3152.02 2831.78 1211597884
3157.34 2826.19 1211597935
3158.22 2820.61 1211598008
3154.68 2821.73 1211598061
2934.85 2587.2 1211598130
3433.89 2057.85 1211598236
3706.02 2083.54 1211598302
3722.86 2066.79 1211598325
3794.65 2045.57 1211598374
3550.01 2350.44 1211598455
2881.67 3030.57 1211598556
2826.71 3316.49 1211598617
2948.15 3609.12 1211598677
3019.06 3853.74 1211598738
3141.38 3870.49 1211598803
3144.93 3772.2 1211598837
3095.29 3701.83 1211598888
3105.93 3972.13 1211598948
2613.98 4165.37 1211599018
2484.56 4289.36 1211599080
2344.51 4410 1211599124
1740.88 4928.33 1211599195
1389.87 4988.65 1211599270
1342 5169.62 1211599383
1585.76 5223.25 1211599385
1754.17 5260.11 1211599445
1910.18 5275.75 1211599503
2430.49 5307.03 1211599631
2577.64 5225.48 1211599661
3201.66 4586.5 1211599786
3507.46 4137.45 1211599844
3663.47 3869.37 1211599920
3681.2 3852.62 1211599923
3812.38 3639.28 1211599986
3846.95 3604.66 1211600006
4086.28 3358.94 1211600060
4198.85 2598.36 1211600121
3974.59 2110.34 1211600181
3707.79 1758.58 1211600243
3731.72 1741.83 1211600291
3737.93 1754.11 1211600306
3639.54 1866.9 1211600374
3715.77 2176.23 1211600432
3338.16 2554.81 1211600474
3269.91 2616.23 1211600487
3144.04 2761.42 1211600547
2470.38 2114.81 1211600613
2833.8 3510.83 1211600668
2708.82 4071.55 1211600739
2683.12 4191.07 1211600790
2337.42 4176.54 1211600848
1261.34 4003.41 1211600909
1131.04 3982.19 1211600974
899.69 4194.42 1211601041
849.166 4546.28 1211601104
334.171 4503.83 1211601156
-336.83 4470.32 1211601215
-331.512 4485.96 1211601228
-327.08 4489.31 1211601238
-339.489 4492.66 1211601313
-69.1388 4533.99 1211601374
107.254 4453.57 1211601434
-74.4571 4708.26 1211601503
219.826 4976.36 1211601564
295.169 4984.18 1211601604
296.942 4985.3 1211601644
295.169 4984.18 1211601705
296.056 4983.06 1211601769
294.283 4983.06 1211601825
296.056 4983.06 1211601885
296.056 4984.18 1211601945
296.056 4983.06 1211602007
296.056 4984.18 1211602067
296.056 4983.06 1211602132
295.169 4983.06 1211602192
295.169 4983.06 1211602246
295.169 4983.06 1211602306
296.056 4984.18 1211602352
296.056 4984.18 1211602363
296.056 4984.18 1211602376
294.283 4981.95 1211602436
293.397 4981.95 1211602506
293.397 4980.83 1211602559
302.261 4817.73 1211602683
302.261 4818.85 1211602734
298.715 4818.85 1211602764
568.179 4855.71 1211602830
1349.98 4980.83 1211602873
1833.95 4849.01 1211602943
2268.28 4491.55 1211603004
2340.97 4414.47 1211603063
2486.34 4411.12 1211603107
2485.45 4411.12 1211603110
2486.34 4411.12 1211603112
2486.34 4410 1211603158
2489 4413.35 1211603218
3085.54 4309.47 1211603349
3485.3 3756.56 1211603510
3488.85 3756.56 1211603546
3388.69 3738.69 1211603574
3036.79 3704.06 1211603646
2970.31 4193.3 1211603699
2917.12 4575.33 1211603738
2535.09 5134.99 1211603870
2971.19 4894.81 1211603985
2994.24 4762.99 1211604040
2578.52 4428.99 1211604109
2398.58 4416.7 1211604174
2399.47 4417.82 1211604183
2234.6 4491.55 1211604302
2235.49 4492.66 1211604318
1833.06 4423.41 1211604380
1485.6 4290.48 1211604435
1482.94 4269.26 1211604461
1484.71 4264.79 1211604516
1491.8 4233.51 1211604560
1559.17 3821.34 1211604605
1637.17 3384.62 1211604670
1782.54 3256.18 1211604725
2629.05 3395.79 1211604845
2935.74 3447.17 1211604919
3105.93 3038.39 1211604966
3182.16 2983.67 1211605031
3167.97 2800.51 1211605133
2998.67 2876.45 1211605185
2812.53 3078.6 1211605264
2749.6 3497.43 1211605337
2743.39 3804.59 1211605389
2637.91 4117.34 1211605444
2589.16 4200 1211605509
2488.11 4288.25 1211605565
2392.38 4377.61 1211605627
2379.97 4380.96 1211605684
2416.31 4297.18 1211605745
2547.5 4221.22 1211605823
2766.44 4003.41 1211605886
2975.63 4079.37 1211605926
3134.29 3984.42 1211606000
3135.18 3987.77 1211606023
3134.29 3983.3 1211606043
3120.11 3974.37 1211606048
3146.7 3896.18 1211606109
2682.23 3339.95 1211606240
2811.64 2737.96 1211606303
2360.47 2270.03 1211606355
2163.69 2102.52 1211606410
1877.38 1812.18 1211606471
1560.94 1503.98 1211606535
1378.34 1311.92 1211606603
1391.64 893.199 1211606656
1452.8 89.3155 1211606726
1494.46 -446.563 1211606787
1337.57 -1098.5 1211606893
1358.84 -1267.06 1211606958
1384.55 -1605.28 1211607001
1419.12 -1598.58 1211607012
1419.12 -1599.7 1211607061
1560.94 -1242.5 1211607101
1532.58 -919.893 1211607172
1334.02 -874.124 1211607226
1310.98 -528.058 1211607266
1119.52 -235.565 1211607326
1057.47 146.255 1211607391
731.275 130.624 1211607447
85.0939 92.6649 1211607566
-452.061 484.549 1211607697
-673.66 590.617 1211607753
-841.188 660.958 1211607812
-845.62 1085.25 1211607916
-840.302 1104.23 1211607928
-846.507 1113.16 1211607941
-984.784 1107.58 1211607965
-1136.36 1094.18 1211608007
-1039.74 1309.69 1211608072
-435.22 1403.48 1211608127
218.939 1507.33 1211608187
744.571 1583.26 1211608247
933.373 1210.31 1211608307
981.239 1100.88 1211608369
981.239 1100.88 1211608386
1034.42 551.539 1211608443
1063.67 52.4728 1211608489
1076.97 -178.628 1211608553
1116.86 -668.719 1211608612
1145.22 -1124.18 1211608674
1369.48 -1434.5 1211608745
1465.21 -1507.05 1211608794
1469.64 -1507.05 1211608797
1541.44 -1071.71 1211608890
1309.2 -478.938 1211608992
1279.95 -100.479 1211609042
1271.09 -17.863 1211609062
1736.45 30.1439 1211609126
1831.29 359.501 1211609182
1831.29 359.501 1211609195
1941.2 585.035 1211609252
2464.18 619.647 1211609302
2846.21 524.743 1211609367
3308.02 542.607 1211609427
3466.69 562.704 1211609483
3456.05 566.054 1211609486
3175.95 540.374 1211609527
2512.93 490.131 1211609620
2537.75 -52.4724 1211609678
2403.9 -344.972 1211609734
2185.85 -473.356 1211609795
2130.01 2.32831e-09 1211609855
2072.39 484.549 1211609920
1866.75 589.501 1211609976
1626.53 566.054 1211610037
1449.25 557.122 1211610097
1247.16 540.374 1211610145
1248.04 539.257 1211610146
1248.04 540.374 1211610174
1190.43 1028.3 1211610232
1181.56 1401.25 1211610301
1303 1730.66 1211610359
1258.68 1878.06 1211610404
1256.91 1878.06 1211610435
1098.24 1845.68 1211610447
1063.67 1861.31 1211610466
888.167 1449.27 1211610583
922.737 1220.36 1211610613
923.623 1220.36 1211610632
897.918 1132.15 1211610645
867.78 1103.12 1211610669
754.322 1424.7 1211610729
574.384 1664.78 1211610778
-750.776 1466.01 1211610910
-895.258 1319.74 1211610955
-895.258 1319.74 1211610957
-866.007 1125.45 1211611017
-909.441 1328.67 1211611081
-300.488 1419.12 1211611147
333.284 1527.43 1211611198
988.33 1627.93 1211611268
1040.63 1641.33 1211611318
1357.07 2009.84 1211611383
1669.08 2064.55 1211611452
1909.29 2123.74 1211611499
2215.1 2423.03 1211611564
2422.52 2615.12 1211611633
2475.7 2665.37 1211611654
2516.47 2707.81 1211611694
2516.47 2707.81 1211611708
2638.8 2850.76 1211611716
2640.57 2851.88 1211611728
2323.24 2803.86 1211611847
1879.16 2818.38 1211611914
1825.09 3179.12 1211611958
1671.74 4096.12 1211612096
1464.32 4147.5 1211612141
1174.47 4155.32 1211612236
1162.95 4147.5 1211612244
1178.9 4291.6 1211612310
1441.28 4355.27 1211612347
2244.35 4480.38 1211612634
2434.04 4518.36 1211612635
2273.6 4490.43 1211612644
2270.94 4463.62 1211612663
2331.22 4407.77 1211612723
2383.51 4263.67 1211612788
2518.25 3855.97 1211612843
2518.25 3855.97 1211612858
2546.61 3274.05 1211612914
2689.32 3144.49 1211612969
2707.94 3138.91 1211613020
2551.04 3266.23 1211613061
2283.35 3211.51 1211613117
2286.9 3217.09 1211613143
2284.24 3219.32 1211613189
2284.24 3219.32 1211613204
1661.1 3110.99 1211613220
1306.55 3083.07 1211613267
961.738 3845.92 1211613387
614.271 4117.34 1211613452
86.8667 4030.22 1211613513
18.6143 4135.21 1211613538
21.2735 4135.21 1211613550
15.0687 4134.1 1211613587
-0.886394 4188.83 1211613677
-7.97755 4313.94 1211613736
-7.97755 4317.29 1211613744
427.242 4403.3 1211613805
954.647 4479.26 1211613860
954.647 4479.26 1211613876
1023.79 4306.12 1211613940
1021.13 4300.53 1211613949
1003.4 4288.25 1211613981
1005.17 4291.6 1211613999
998.08 4284.89 1211614006
1062.79 4067.08 1211614076
1163.84 3477.33 1211614128
1412.91 3164.6 1211614183
2395.04 3218.21 1211614330
2395.04 3218.21 1211614336
2395.04 3218.21 1211614385
2440.24 3096.47 1211614409
2415.42 3066.31 1211614449
2415.42 3066.31 1211614471
2168.12 2995.95 1211614510
1696.56 2923.36 1211614561
1090.27 2779.29 1211614621
-302.261 2595.01 1211614711
-598.316 2552.58 1211614770
-1257.79 2456.53 1211614830
-1912.84 2372.78 1211614901
-2707.05 2326.99 1211614951
-2707.05 2326.99 1211614967
-3122.77 2303.54 1211615022
-3286.75 2294.6 1211615084
-4064.12 2252.17 1211615132
-4732.46 2209.73 1211615202
-5129.56 2189.63 1211615228
-5918.46 2176.23 1211615288
-6067.37 2254.4 1211615325
-6067.37 2255.52 1211615347
-6065.6 2253.28 1211615367
-6065.6 2251.05 1211615374
-6059.39 2179.58 1211615434
-6046.1 1828.93 1211615473
-5947.71 1291.82 1211615533
-5352.94 1325.32 1211615593
-4698.78 1361.05 1211615672
-2158.37 1553.11 1211615938
-1278.18 1266.14 1211616081
-596.543 1378.92 1211616151
587.68 1566.51 1211616247
1048.6 1455.96 1211616301
2107.85 1031.65 1211616361
2583.84 50.2399 1211616421
3748.56 -1005.85 1211616598
3659.92 -906.498 1211616609
3559.76 -971.244 1211616763
3573.94 -979.058 1211616796
3581.03 -981.29 1211616836
3581.03 -979.058 1211616974
3581.03 -979.058 1211617029
