2944.6 4908.22 1213060926
2995.13 4740.65 1213060981
3068.7 4321.76 1213061040
3101.49 4083.83 1213061100
3238.89 4017.93 1213061160
3238.89 4017.93 1213061172
3169.75 3788.95 1213061200
3083.77 3709.65 1213061268
2819.62 3642.63 1213061323
2603.34 3606.89 1213061364
2367.56 3568.91 1213061428
2097.21 3519.77 1213061487
1626.53 3403.61 1213061549
1657.56 3246.13 1213061603
1703.65 2971.38 1213061667
1777.22 2495.62 1213061729
1383.66 2452.07 1213061794
1167.38 2406.28 1213061848
756.094 2341.51 1213061903
526.518 2305.77 1213061923
-230.463 2186.28 1213061984
-375.831 1871.36 1213062044
-358.99 1765.28 1213062092
-358.99 1763.05 1213062153
-359.876 1764.16 1213062213
-356.331 1756.35 1213062252
-356.331 1755.23 1213062254
-230.463 1946.18 1213062328
-250.85 2072.37 1213062374
-319.988 2503.44 1213062422
-218.939 2714.51 1213062456
28.3646 2756.95 1213062479
649.727 2858.58 1213062545
926.282 2907.72 1213062600
1087.61 2935.64 1213062661
1225 2950.16 1213062722
1396.96 2988.13 1213062785
1515.73 3185.82 1213062844
1515.73 3185.82 1213062859
1451.91 3299.74 1213062904
1222.34 3287.45 1213062964
1174.47 3489.61 1213063029
1114.2 3842.57 1213063063
1092.92 4093.89 1213063173
1080.51 4088.3 1213063199
944.896 3996.71 1213063264
1082.29 4074.9 1213063319
1228.54 4017.93 1213063379
1226.77 4006.76 1213063444
1177.13 4001.18 1213063499
1177.13 3997.82 1213063559
1178.02 3997.82 1213063619
1178.02 3996.71 1213063684
1178.9 3997.82 1213063750
1182.45 4001.18 1213063814
1179.79 4000.06 1213063870
1178.9 3997.82 1213063927
1179.79 4002.29 1213063984
1179.79 4001.18 1213064052
1176.25 3995.59 1213064110
1176.25 3994.47 1213064139
1176.25 3994.47 1213064212
1177.13 3995.59 1213064237
1180.68 4000.06 1213064321
1180.68 4000.06 1213064389
1177.13 3995.59 1213064444
1180.68 3996.71 1213064554
1176.25 3996.71 1213064616
1176.25 3995.59 1213064676
1179.79 3995.59 1213064741
1180.68 3996.71 1213064802
1180.68 3995.59 1213064858
1174.47 3996.71 1213064919
1177.13 3994.47 1213064979
1175.36 3994.47 1213065043
1177.13 3993.36 1213065099
1178.02 3993.36 1213065164
1175.36 3991.12 1213065221
1109.77 3975.49 1213065279
1139.02 3606.89 1213065339
1190.43 3281.87 1213065399
1255.13 2968.03 1213065460
1384.55 2752.48 1213065520
1322.5 2648.62 1213065583
1289.7 2732.38 1213065642
1556.51 2789.34 1213065700
1541.44 2975.85 1213065760
2524.45 3146.73 1213065880
2684 3178 1213065940
2540.41 3014.94 1213066010
2562.57 3328.78 1213066060
2486.34 3287.45 1213066111
2101.64 3294.16 1213066170
2181.42 3507.48 1213066229
2194.71 3565.56 1213066281
1880.93 3381.27 1213066340
1218.79 3265.12 1213066400
586.793 3174.65 1213066462
586.793 3174.65 1213066477
-222.485 3037.28 1213066522
-976.807 2904.37 1213066588
-1064.56 2364.96 1213066644
-932.487 1574.33 1213066704
-1229.43 1377.8 1213066769
-1802.93 874.218 1213066824
-2508.5 655.375 1213066885
-2672.48 441.005 1213066949
-2688.43 439.888 1213066985
-2688.43 439.888 1213066987
-2715.91 463.335 1213067053
-2576.75 644.21 1213067107
-1976.66 658.725 1213067167
-1569.8 681.056 1213067227
-1424.44 1027.19 1213067287
-1154.97 1071.85 1213067347
-896.145 1109.81 1213067419
-884.622 1308.57 1213067442
-418.378 1412.42 1213067497
-166.642 1557.58 1213067562
-227.803 1954 1213067622
-292.51 2333.69 1213067687
-210.075 2720.1 1213067747
436.106 2821.73 1213067797
436.106 2821.73 1213067811
944.01 2896.55 1213067862
1084.95 2923.36 1213067925
1178.9 2946.81 1213067971
1646.92 3020.52 1213068031
2206.24 3110.99 1213068092
2789.48 3246.13 1213068157
2816.96 3477.33 1213068215
2694.64 4081.6 1213068278
1746.2 4938.38 1213068395
1738.22 4951.78 1213068434
1735.56 4952.9 1213068436
1651.35 5017.69 1213068496
2063.53 4647.94 1213068556
2327.67 4415.59 1213068616
2443.79 4312.82 1213068686
2645.89 4136.33 1213068736
2645.89 4136.33 1213068752
2783.28 4022.4 1213068862
2785.94 4024.63 1213068873
2884.33 3886.13 1213068925
2997.79 3910.7 1213068982
3095.29 3601.31 1213069041
3598.76 3032.81 1213069101
4167.83 3295.27 1213069160
5688.88 5273.52 1213069285
6822.58 6234.33 1213069317
8060.87 6681.26 1213069373
9548.24 6873.45 1213069411
10738.7 7073.46 1213069456
12177.3 6876.8 1213069504
11594 5482.43 1213069557
12867.8 4749.59 1213069611
14245.2 4281.54 1213069654
15406.4 3533.17 1213069698
16759.1 2981.43 1213069744
17696.9 1820 1213069798
18983.9 1095.3 1213069842
19792.3 -162.998 1213069894
20637 -1380.92 1213069949
21169.8 -2478.12 1213070009
21015.5 -3054.01 1213070071
20742.5 -3725.82 1213070141
20774.4 -4393.12 1213070191
19704.5 -5034.71 1213070253
19709.9 -5295.79 1213070310
19725.8 -5293.56 1213070403
19727.6 -5293.56 1213070413
20140.7 -5319.22 1213070474
20719.5 -4521.44 1213070533
20989.8 -3652.17 1213070598
21413.5 -3441.26 1213070659
21968.4 -3318.5 1213070714
22890.3 -4509.17 1213070773
23906.1 -5602.6 1213070823
25037.1 -6560.91 1213070881
26137.1 -7529.15 1213070916
27265.5 -8525.15 1213070962
28376.1 -9487.58 1213071014
29203.2 -10738.7 1213071070
29855.5 -12076.5 1213071105
30036.4 -13457.7 1213071180
28796.3 -14298 1213071227
27454.3 -14894.3 1213071263
26083.9 -15467 1213071310
25153.2 -15819.2 1213071375
25119.5 -15830.3 1213071443
24555.8 -16075.5 1213071490
23173.9 -16590.2 1213071549
21793.8 -17106.1 1213071583
20408.3 -17624.1 1213071631
19040.6 -18132.1 1213071687
18204.8 -18449.6 1213071708
16862.8 -19060 1213071760
15902.8 -20166 1213071811
14921.6 -21291.8 1213071859
13844.6 -22325.1 1213071904
12537.2 -22994.3 1213071954
11496.5 -21908.7 1213072020
10521.5 -20788.5 1213072066
9542.04 -19655.9 1213072125
8107.85 -19299.5 1213072179
6650.62 -18993.2 1213072220
5507.17 -18057.5 1213072266
4353.08 -17101.6 1213072315
3314.23 -15988.5 1213072364
3011.97 -14535.4 1213072417
3242.43 -14249 1213072487
3243.32 -14250.1 1213072551
3244.2 -14251.2 1213072587
3244.2 -14250.1 1213072643
3131.63 -14340.4 1213072688
3253.95 -15664.3 1213072748
3720.2 -16124.5 1213072808
3829.22 -16242.6 1213072868
3911.66 -16215.8 1213072928
4252.03 -16107.8 1213073027
4403.61 -16014.2 1213073057
4297.24 -16127.8 1213073126
4489.59 -16160.1 1213073186
4201.51 -16067.7 1213073454
3283.21 -15844.8 1213073516
2941.06 -14388.3 1213073564
2623.73 -12934.9 1213073609
2660.07 -11422.1 1213073658
3635.99 -10315 1213073722
4164.28 -8845.23 1213073749
3901.02 -7366.3 1213073797
3631.56 -5862.55 1213073851
2686.66 -3026.1 1213073946
2770.87 -1492.54 1213073995
2606.89 4.46575 1213074058
2616.64 1519.61 1213074115
2112.28 2219.78 1213074171
2112.28 2219.78 1213074185
1886.25 2679.89 1213074231
2006.8 2877.57 1213074292
2218.65 2944.58 1213074402
2361.35 2933.41 1213074451
2672.48 3204.8 1213074522
2999.56 3424.83 1213074568
2900.28 3774.43 1213074648
