2665.39 218.825 1211844945
2692.87 1700.51 1211845001
3306.25 2172.88 1211845061
3189.25 2707.81 1211845121
2863.94 3052.91 1211845181
2543.95 3043.98 1211845271
2053.78 2968.03 1211845350
2172.55 2883.15 1211845410
2172.55 2883.15 1211845428
2192.05 2904.37 1211845471
2195.6 2892.09 1211845531
2187.62 2911.07 1211845591
2191.17 2885.38 1211845811
2191.17 2885.38 1211845825
2325.01 2913.31 1211845842
2421.63 2924.47 1211845898
2449.11 3050.68 1211845964
2442.02 3140.03 1211846019
2442.02 3140.03 1211846032
2777.07 3190.29 1211846080
2816.08 3287.45 1211846144
3094.4 3497.43 1211846217
3080.22 3553.28 1211846254
3080.22 3553.28 1211846256
2961.44 3720.82 1211846316
2961.44 3720.82 1211846349
2779.73 3720.82 1211846377
2803.67 4004.53 1211846455
2881.67 3792.3 1211846507
2855.96 3625.88 1211846566
2976.51 3467.27 1211846623
2983.6 3240.54 1211846683
2799.23 3086.42 1211846744
2777.96 3086.42 1211846759
2760.23 3010.47 1211846819
2472.15 2701.11 1211846880
2419.86 2702.23 1211846946
2178.76 2791.57 1211847000
2123.8 3160.13 1211847061
2064.41 3562.21 1211847121
2000.59 3888.36 1211847192
1959.82 4154.2 1211847241
1877.38 4595.43 1211847316
1874.72 4842.31 1211847366
1962.48 5002.05 1211847431
1958.93 5082.49 1211847497
1958.93 5084.72 1211847512
1957.16 5086.96 1211847513
1649.58 5140.58 1211847573
1481.17 5269.05 1211847633
1474.07 5307.03 1211847696
1356.18 5196.44 1211847757
1503.32 5143.93 1211847818
1845.47 4841.19 1211847878
2044.03 4662.46 1211847941
2044.03 4662.46 1211847943
2213.33 4406.65 1211848015
2247.01 4200 1211848067
2171.67 4149.74 1211848125
1129.27 3991.12 1211848185
811.051 3935.27 1211848257
811.051 3841.45 1211848306
888.167 3382.39 1211848371
993.648 2685.47 1211848426
1098.24 1994.2 1211848487
1179.79 1498.4 1211848559
986.557 1218.12 1211848667
600.975 836.255 1211848727
383.809 624.113 1211848777
383.809 624.113 1211848778
250.85 492.364 1211848838
63.8204 78.151 1211848899
77.1163 273.532 1211848969
195.007 408.627 1211849024
405.969 791.593 1211849103
141.823 1010.44 1211849187
-59.3884 1099.77 1211849196
-113.458 1202.49 1211849208
-163.983 1515.15 1211849272
-633.772 1807.71 1211849363
-654.159 1716.15 1211849437
-607.18 1801.01 1211849511
-483.971 1823.35 1211849538
-245.531 2072.37 1211849603
-312.011 2427.5 1211849663
86.8667 2669.84 1211849723
377.604 2715.63 1211849785
1095.58 2741.31 1211849888
1244.5 2744.67 1211849950
1490.92 2780.4 1211850005
1751.52 2629.63 1211850061
1608.81 2593.9 1211850121
1607.03 2641.92 1211850181
1599.06 2639.69 1211850241
1595.51 2638.57 1211850272
1591.96 2637.45 1211850318
1380.12 2679.89 1211850383
1409.37 2880.92 1211850439
1351.75 3081.95 1211850503
1133.7 3059.61 1211850560
355.444 2848.53 1211850685
236.667 2771.47 1211850745
241.099 2732.38 1211850774
282.76 2419.68 1211850821
345.694 2074.61 1211850886
369.626 1862.43 1211850910
29.251 1691.58 1211850975
-151.573 2057.85 1211851085
398.877 1645.8 1211851217
466.243 1332.02 1211851277
520.314 1345.42 1211851354
337.716 1319.74 1211851395
-31.9102 1258.32 1211851436
-145.369 1244.92 1211851458
-691.388 1156.71 1211851513
-985.671 1109.81 1211851568
-1118.63 1091.95 1211851628
-933.373 1319.74 1211851685
-649.727 1375.57 1211851736
140.937 1500.63 1211851799
548.678 1745.18 1211851855
544.246 1868.01 1211851906
494.608 2177.34 1211851977
451.175 2516.84 1211852026
231.349 2823.96 1211852086
505.245 2945.69 1211852146
486.631 2949.04 1211852155
224.258 2855.23 1211852226
240.213 2790.45 1211852276
281.873 2725.68 1211852336
273.009 2723.45 1211852380
363.422 2712.28 1211852431
982.125 2802.74 1211852491
1218.79 2752.48 1211852551
1505.98 2782.64 1211852611
1551.19 2886.5 1211852673
1822.43 3259.53 1211852734
2465.06 3334.36 1211852792
2785.05 3500.78 1211852852
2723.89 4025.75 1211852928
3088.2 4103.94 1211852976
3185.7 4236.86 1211853030
3167.09 4225.69 1211853063
3205.2 4117.34 1211853091
3425.03 4064.84 1211853171
3401.98 3746.51 1211853211
3359.43 3547.69 1211853272
3167.09 3384.62 1211853331
2710.59 3284.1 1211853376
2406.56 3248.36 1211853436
2121.14 3334.36 1211853509
2044.03 3613.59 1211853569
1989.07 3964.32 1211853617
1925.25 4300.53 1211853682
1675.29 5016.58 1211853799
1725.81 5139.46 1211853933
1515.73 5138.34 1211853993
1357.07 5196.44 1211854033
1528.14 5147.28 1211854094
1531.69 5151.75 1211854149
1560.05 5131.64 1211854211
1560.05 5131.64 1211854225
1505.1 5109.3 1211854257
1420 4766.35 1211854317
1531.69 4683.68 1211854437
1726.7 4616.66 1211854507
1765.7 4358.62 1211854563
1831.29 3986.66 1211854617
1891.57 3584.55 1211854687
1945.64 3325.43 1211854742
2036.05 3096.47 1211854799
2036.05 3096.47 1211854825
2036.05 3096.47 1211854831
2192.94 3106.52 1211854846
2438.47 3144.49 1211854907
2438.47 3144.49 1211854909
2109.62 3185.82 1211854969
1313.64 3073.01 1211855037
996.307 3138.91 1211855097
1016.69 3475.09 1211855147
738.367 3926.34 1211855207
278.328 3855.97 1211855272
-93.9578 3891.71 1211855336
-156.005 4265.91 1211855387
-187.029 4463.62 1211855447
-181.711 4471.44 1211855512
-182.597 4470.32 1211855567
-179.052 4471.44 1211855632
-179.938 4471.44 1211855655
-179.938 4471.44 1211855661
-313.784 4478.14 1211855724
280.101 4159.79 1211856000
670.114 4326.22 1211856025
856.257 4358.62 1211856083
1144.34 4415.59 1211856141
1107.11 4811.03 1211856210
1092.04 4911.57 1211856221
1072.54 5028.87 1211856264
1155.86 4489.31 1211856320
1217.91 4091.65 1211856380
1246.27 3912.93 1211856446
1522.83 3956.5 1211856501
1595.51 3601.31 1211856563
1645.15 3335.48 1211856622
2661.84 3373.45 1211856849
2544.84 3245.01 1211856913
2563.45 3065.2 1211856968
2422.52 2950.16 1211857040
2296.65 2882.03 1211857121
2372.88 3085.3 1211857178
2377.31 3238.31 1211857221
1790.52 2998.19 1211857274
1373.91 3145.61 1211857349
1327.82 3409.2 1211857394
1302.11 3615.83 1211857454
1247.16 3900.65 1211857515
1246.27 3901.76 1211857524
1246.27 3901.76 1211857529
1372.14 4021.28 1211857617
2239.03 4221.22 1211857660
2239.03 4221.22 1211857662
2551.93 4217.87 1211857722
2676.91 4110.64 1211857782
2755.8 4045.86 1211857842
2763.78 4035.8 1211857856
2987.15 2962.45 1211858074
2941.94 2988.13 1211858103
2812.53 2772.59 1211858165
2394.15 2790.45 1211858259
2160.14 2922.24 1211858311
2061.75 3446.05 1211858384
1822.43 3653.8 1211858434
1705.42 3729.75 1211858621
1607.92 3551.04 1211858655
1648.69 3327.66 1211858722
1544.1 3097.59 1211858775
1246.27 3059.61 1211858836
979.466 2988.13 1211858897
1011.38 2569.33 1211858958
1124.83 1857.96 1211859030
1034.42 1718.38 1211859077
1049.49 1423.58 1211859140
1187.77 1160.06 1211859198
2619.3 899.899 1211859263
2879.01 -560.433 1211859322
2526.22 -2008.23 1211859367
2887.87 -3478.08 1211859419
3332.84 -5024.66 1211859473
3728.18 -6478.36 1211859518
4051.71 -8253.02 1211859576
4014.48 -9737.37 1211859618
3234.45 -14246.8 1211859886
