-5313.93 -990.221 1211569524
-5338.75 -1801.73 1211569676
-5289.12 -395.21 1211569811
-5296.21 -269.057 1211569869
-5025.86 90.432 1211569880
-4755.51 110.528 1211569904
-5656.08 51.3563 1211570058
-5655.2 -55.8217 1211570120
-5654.31 -58.0546 1211570295
-5655.2 -56.9382 1211570421
-5544.4 481.199 1211570611
-4883.15 519.16 1211570625
-3720.2 588.384 1211570746
-3309.8 608.481 1211570808
-2755.8 638.628 1211570868
-1860.54 637.511 1211570988
-1535.24 689.988 1211571059
-1504.21 1490.58 1211571170
-1516.62 1644.68 1211571295
-1628.31 1428.05 1211571356
-1627.42 1426.93 1211571357
-1615.9 1137.73 1211571450
-1546.76 778.194 1211571514
-466.243 229.99 1211571760
-238.44 202.078 1211571815
-20.3871 232.222 1211571865
31.9102 269.066 1211571925
381.15 586.151 1211571986
783.573 679.939 1211572061
979.466 689.988 1211572122
1045.95 512.461 1211572154
1094.7 518.044 1211572156
1415.57 539.257 1211572216
1489.14 533.675 1211572276
1417.34 609.598 1211572341
1492.69 1391.2 1211572471
1457.23 1691.58 1211572582
1412.91 2012.07 1211572619
1537.01 2133.79 1211572690
1493.57 2418.56 1211572750
1642.49 2485.57 1211572798
1618.56 2628.52 1211572818
1448.37 2617.35 1211572901
1258.68 2530.24 1211573023
1263.11 2536.94 1211573090
1260.45 2532.47 1211573120
1522.83 2567.09 1211573170
1600.83 2670.96 1211573222
1571.58 2908.84 1211573283
1733.79 3039.51 1211573364
2295.76 3110.99 1211573409
2540.41 3164.6 1211573462
2837.35 3268.47 1211573519
2787.71 3529.82 1211573586
2761.12 3804.59 1211573639
2539.52 4226.81 1211573700
2467.72 4222.34 1211573722
2431.38 4250.27 1211573774
2246.12 4169.84 1211573834
1918.16 4110.64 1211573916
1296.8 4031.33 1211573955
1025.56 4001.18 1211574015
953.76 4202.24 1211574075
918.305 4532.88 1211574148
678.092 4559.69 1211574195
-7.09116 4441.28 1211574255
-868.667 4308.35 1211574453
-1014.04 4286.01 1211574506
-1427.98 4376.49 1211574556
-1918.16 4462.5 1211574668
-1930.57 4441.28 1211574671
-1716.06 4568.62 1211574851
-1385.43 4197.77 1211574914
-1093.81 4246.92 1211575091
-934.26 4289.36 1211575161
-673.66 4319.52 1211575223
-506.131 4348.57 1211575255
-46.9789 4528.41 1211575341
-87.753 4692.62 1211575396
-87.753 4660.22 1211575465
-83.3211 4666.93 1211575538
-90.4122 4655.75 1211575578
-90.4122 4655.75 1211575597
-77.1163 4579.79 1211575659
-75.3435 4577.56 1211575717
-38.115 4452.45 1211575778
-33.683 4432.34 1211575854
396.218 4080.48 1211575969
774.709 4068.2 1211576021
819.028 3855.97 1211576080
857.143 3583.43 1211576140
1049.49 2302.42 1211576260
1119.52 1895.93 1211576370
1158.52 1653.61 1211576429
1178.9 1105.35 1211576554
1341.11 1099.77 1211576609
1843.7 1030.54 1211576690
2218.65 719.018 1211576757
2236.37 544.84 1211576811
2249.67 356.152 1211576871
2284.24 -73.6846 1211576932
2301.97 -283.57 1211577006
2239.92 -457.727 1211577068
2239.03 -456.611 1211577095
2183.19 -471.123 1211577096
1781.65 -496.8 1211577162
1520.17 -534.756 1211577217
1474.96 -189.792 1211577287
1453.69 167.467 1211577337
1418.23 605.132 1211577455
1388.98 1037.24 1211577511
1430.64 1215.89 1211577587
1428.87 1195.79 1211577637
1429.75 1196.91 1211577691
1745.31 1671.48 1211577820
1902.2 1831.16 1211577881
2127.35 2292.37 1211577942
1945.64 2472.17 1211578003
1899.54 2681.01 1211578064
2020.09 2865.28 1211578125
2155.71 2873.1 1211578185
2354.26 2936.76 1211578250
2424.29 3055.14 1211578307
2563.45 3087.53 1211578367
2462.4 3043.98 1211578428
2327.67 3062.96 1211578488
1886.25 2942.34 1211578549
1645.15 2913.31 1211578615
1455.46 2868.63 1211578670
1415.57 2807.21 1211578737
1480.28 2779.29 1211578791
1583.1 2798.27 1211578857
1958.93 2863.05 1211578912
2286.9 2888.74 1211578987
2418.97 2946.81 1211579048
2425.18 2946.81 1211579052
2425.18 2946.81 1211579059
2536.86 2946.81 1211579125
2572.32 2949.04 1211579174
2650.32 3178 1211579239
2806.32 3484.03 1211579304
2880.78 3480.68 1211579355
2991.58 3310.91 1211579390
3048.31 3431.53 1211579506
3048.31 3433.77 1211579516
3101.49 3572.27 1211579573
2824.05 3371.22 1211579637
2569.66 3484.03 1211579702
2376.42 3444.94 1211579753
1947.41 3300.86 1211579813
1977.55 3004.89 1211579873
2060.87 2603.95 1211579933
1957.16 2533.59 1211580009
1482.94 2453.18 1211580054
1391.64 2069.02 1211580131
1412.91 1918.27 1211580182
1444.82 1735.13 1211580235
1446.6 1709.45 1211580253
1276.41 1875.83 1211580314
1272.86 1879.18 1211580324
1369.48 2015.42 1211580374
1522.83 2036.64 1211580449
1537.01 2162.83 1211580500
1533.46 2161.71 1211580554
1533.46 2161.71 1211580570
1521.05 2239.88 1211580630
1248.04 2213.08 1211580672
1127.49 2192.98 1211580740
1079.63 2139.38 1211580772
1090.27 2058.97 1211580852
1101.79 1987.5 1211580876
1124.83 1876.95 1211580943
1037.08 1750.76 1211580999
655.045 1688.23 1211581052
600.975 1386.73 1211581112
575.27 1060.69 1211581172
183.484 998.157 1211581249
160.437 646.443 1211581293
32.7966 314.842 1211581361
-332.398 237.805 1211581413
-807.505 2.23288 1211581473
-719.752 -330.459 1211581535
-655.045 -467.774 1211581579
-656.818 -727.885 1211581640
-702.024 -1191.15 1211581700
-1419.12 -1613.09 1211581826
-1944.75 -1489.19 1211581881
-2076.82 -1297.2 1211581948
-2493.43 -36.8424 1211582073
-2510.27 270.183 1211582129
-2666.27 444.354 1211582183
-2811.64 483.432 1211582242
-2933.97 640.861 1211582317
-3682.97 645.327 1211582502
-3897.48 1259.44 1211582553
-4290.15 1366.63 1211582604
-4321.17 1796.55 1211582684
-4505.54 1802.13 1211582733
-4329.15 1790.96 1211582793
-4321.17 1804.36 1211582844
-4494.91 1798.78 1211582910
-4494.02 1391.2 1211582973
-4344.22 1382.27 1211583005
-3927.61 1269.49 1211583034
-3923.18 1266.14 1211583050
-3762.74 808.341 1211583097
-3756.54 593.967 1211583162
-3767.18 581.685 1211583282
-3128.09 617.414 1211583338
-2611.32 645.327 1211583399
-2424.29 276.881 1211583464
-2497.86 -130.622 1211583521
-2474.81 -553.735 1211583582
-2449.99 -798.214 1211583645
-1467.87 -1623.14 1211583880
-1384.55 -1678.95 1211583940
-772.05 -2182.35 1211584000
80.6619 -2969.19 1211584136
6.20476 -3134.36 1211584193
-45.2061 -3161.14 1211584250
-47.8653 -3164.49 1211584307
169.301 -3200.2 1211584373
1630.97 -3166.72 1211584414
2798.35 -2667.85 1211584475
3752.11 -1538.31 1211584516
3745.9 -1087.34 1211584569
3690.95 -913.196 1211584699
3578.37 -979.058 1211584962
3578.37 -979.058 1211584981
