3120.11 -15312.2 1212468275
3193.68 -10814.5 1212468423
4113.76 -9550.03 1212468458
3869.11 -7149.9 1212468532
3603.19 -5668.43 1212468587
3121.88 -4227.98 1212468627
2732.75 -2804.01 1212468683
3665.24 -1617.56 1212468735
3386.03 1268.37 1212468830
3087.31 1632.4 1212468867
2893.19 1823.35 1212468933
2325.9 2454.3 1212469048
2151.28 2911.07 1212469109
2129.12 3352.23 1212469169
2365.79 3348.88 1212469219
2454.43 3393.56 1212469280
2448.22 3382.39 1212469297
2699.96 3414.78 1212469357
2798.35 3469.51 1212469423
2812.53 3685.08 1212469452
2889.65 3672.79 1212469502
2816.96 3200.34 1212469583
3045.65 3014.94 1212469638
2794.8 2787.1 1212469705
3172.41 2326.99 1212469772
2562.57 1543.06 1212469823
2675.14 296.978 1212469880
2844.44 -1138.69 1212469947
2430.49 -2576.33 1212470012
-1391.64 -4125.32 1212470184
-3168.86 -3262.7 1212470474
-3316 -3182.35 1212470525
-3527.85 -3066.28 1212470587
-4152.76 -3095.3 1212470660
-5200.48 -3124.31 1212470769
-5196.04 -3119.85 1212470787
-5195.16 -3122.08 1212470834
-5141.09 -3020.52 1212470891
-5197.82 -2046.18 1212470952
-5254.55 -1028.18 1212471024
-5302.41 -110.527 1212471078
-5329.89 344.987 1212471106
-4899.99 582.801 1212471166
-4150.1 729.067 1212471226
-4095.14 563.821 1212471286
-3230.02 608.481 1212471346
-2721.23 620.763 1212471411
-2699.96 432.073 1212471453
-2699.07 437.655 1212471514
-3078.45 415.326 1212471574
-3561.53 389.646 1212471639
-3651.95 382.947 1212471694
-3945.34 371.782 1212471754
-3945.34 371.782 1212471758
-3793.77 579.452 1212471818
-3578.37 587.268 1212471878
-2762.01 631.928 1212471938
-2716.8 455.519 1212471998
-2628.16 435.422 1212472059
-2306.4 453.286 1212472130
-1986.41 380.714 1212472178
-1684.15 482.316 1212472239
-1524.6 684.405 1212472287
-1501.55 1016.02 1212472362
-1139.02 1078.55 1212472407
-1008.72 1088.6 1212472447
-834.097 1118.75 1212472507
-320.875 1198.03 1212472567
-1.77279 899.899 1212472627
45.2061 319.308 1212472687
70.0252 82.6168 1212472748
390.014 104.946 1212472808
850.939 74.8017 1212472868
897.031 -530.291 1212472928
1106.22 -742.398 1212472988
1246.27 -726.769 1212473029
1244.5 -727.885 1212473065
1245.38 -727.885 1212473066
1312.75 -587.225 1212473128
1429.75 -535.873 1212473176
1518.39 -525.826 1212473218
1853.45 -502.382 1212473277
2138.87 -478.938 1212473327
2563.45 -451.029 1212473387
2584.73 -609.553 1212473419
2713.25 -540.338 1212473479
2740.73 -580.527 1212473539
2715.91 -647.509 1212473624
3167.97 -614.018 1212473684
3288.52 -680.999 1212473731
3288.52 -678.766 1212473742
3557.99 -736.816 1212473788
3762.74 -1135.34 1212473875
3433.89 -1163.25 1212473935
3406.41 -1603.05 1212473995
3608.51 -2023.85 1212474062
3519.87 -2456.91 1212474116
3769.84 -2504.9 1212474177
3828.34 -2429.01 1212474242
3824.79 -2429.01 1212474296
3825.68 -2432.36 1212474305
3827.45 -2429.01 1212474365
3961.3 -2583.03 1212474426
3568.62 -2526.11 1212474485
3097.95 -2279.45 1212474546
2568.77 -2466.96 1212474608
2201.8 -2828.57 1212474668
1018.47 -3187.93 1212474737
-433.447 -3402.2 1212474781
-1154.97 -4771.38 1212474838
-2442.9 -5535.66 1212474893
-3192.79 -6807.44 1212474948
-3182.16 -8332.21 1212475001
-2832.92 -9786.43 1212475058
-2702.62 -10732 1212475115
-2160.14 -10585.9 1212475176
-1795.84 -10546.9 1212475245
-1494.46 -10439.9 1212475297
-1510.42 -10453.2 1212475352
-1510.42 -10453.2 1212475359
-1834.84 -10546.9 1212475414
-2503.18 -10806.7 1212475476
-2529.77 -11186.9 1212475534
-1506.87 -12278.3 1212475589
-577.929 -13444.3 1212475653
246.418 -14698.1 1212475709
1641.6 -14117.5 1212475764
2902.94 -14525.4 1212475831
3253.95 -15987.4 1212475890
