3214.07 -15468.2 1212388479
2888.76 -13959.2 1212388503
4073.87 -8317.71 1212388682
3533.17 -5367.19 1212388773
3021.72 -3941.2 1212388814
2462.4 -2263.82 1212388890
2910.92 -806.029 1212388918
2723.89 675.473 1212388973
2406.56 1228.17 1212389030
1927.02 1728.43 1212389095
1648.69 2356.02 1212389151
1527.26 3109.87 1212389217
1374.8 3409.2 1212389273
1288.82 3384.62 1212389339
1292.36 3381.27 1212389351
1292.36 3381.27 1212389352
1250.7 3383.51 1212389365
1240.07 2969.15 1212389425
1334.02 2385.06 1212389485
1408.48 1935.02 1212389545
1466.1 1698.28 1212389611
1590.19 1138.85 1212389666
1729.36 1048.4 1212389726
2700.84 348.336 1212389786
2833.8 -1193.39 1212389837
2514.7 -2683.48 1212389885
2846.21 -3436.79 1212389910
3093.52 -4206.78 1212389938
3246.86 -4839.45 1212389962
