2738.07 2779.29 1211642953
2658.3 2799.39 1211643150
2726.55 2851.88 1211643189
2705.28 2866.4 1211643251
2691.98 2853 1211643309
2729.21 2828.43 1211643370
2726.55 2823.96 1211643430
2709.71 2826.19 1211643442
2940.17 2880.92 1211643502
3230.91 3080.83 1211643562
3393.12 3345.53 1211643622
3688.29 3733.1 1211643697
3802.63 3727.52 1211643746
3781.36 3797.89 1211643804
3463.14 4261.44 1211643881
2982.72 4930.56 1211643931
2729.21 5165.16 1211643985
2727.44 5166.27 1211644027
2553.7 5260.11 1211644063
2201.8 5226.6 1211644162
1780.77 5159.57 1211644219
1756.83 5262.35 1211644273
1769.24 5265.7 1211644289
2110.51 5205.37 1211644344
2495.2 5263.47 1211644405
2611.32 5195.32 1211644466
2929.53 4935.03 1211644525
3045.65 4434.58 1211644585
3138.72 3904 1211644647
3183.93 3529.82 1211644707
3575.72 3118.81 1211644764
3794.65 3175.77 1211644824
3853.16 3218.21 1211644849
4147.44 2995.95 1211644910
4152.76 2710.04 1211644970
3826.56 2392.88 1211645031
3473.78 2032.17 1211645091
3412.62 1709.45 1211645151
3152.02 1940.6 1211645213
2895.85 2222.01 1211645271
2668.05 2456.53 1211645331
2465.95 2643.04 1211645391
2661.84 2841.83 1211645451
2661.84 2841.83 1211645466
2652.98 2840.71 1211645518
2658.3 2841.83 1211645573
2653.86 2840.71 1211645643
2646.77 2828.43 1211645695
2667.16 2825.08 1211645759
2695.53 2839.59 1211645820
2715.91 2832.89 1211645875
2676.02 2818.38 1211645935
2717.69 2849.65 1211646006
2689.32 2834.01 1211646055
2705.28 2840.71 1211646121
2719.46 2846.3 1211646188
2739.85 2864.16 1211646236
2677.8 2820.61 1211646272
2669.82 2810.56 1211646340
2697.3 2830.66 1211646396
2698.18 2835.13 1211646468
2699.07 2840.71 1211646589
2682.23 2817.26 1211646636
2711.48 2800.51 1211646702
2708.82 2792.69 1211646794
2700.84 2777.05 1211646862
2727.44 2797.16 1211646912
2844.44 2789.34 1211646973
2826.71 3088.65 1211647034
2440.24 3038.39 1211647094
2155.71 3003.77 1211647155
1623.87 2930.06 1211647214
1340.23 2873.1 1211647275
1084.95 2823.96 1211647342
699.365 2784.87 1211647395
121.436 2693.29 1211647460
-164.869 2644.15 1211647515
-884.622 2504.55 1211647586
-1620.33 2404.04 1211647635
-1975.77 2369.42 1211647705
-2816.96 2321.4 1211647821
-3137.84 2308 1211647883
-3829.22 2265.57 1211647950
-4460.34 2227.6 1211648061
-4997.49 2196.33 1211648117
-5285.57 2175.11 1211648177
-5707.49 2153.89 1211648212
-6509.68 2190.74 1211648339
-6510.57 2190.74 1211648363
-6509.68 2190.74 1211648378
-6509.68 2190.74 1211648387
-6437.88 2204.15 1211648450
-6111.69 2188.51 1211648500
-5756.25 2146.08 1211648559
-5653.42 2144.96 1211648573
-5431.83 2157.24 1211648615
-5034.72 2176.23 1211648674
-4760.82 2194.1 1211648735
-4761.71 2195.21 1211648795
-4495.79 2213.08 1211648846
-4024.23 2242.11 1211648902
-3711.33 2261.1 1211648977
-3296.5 2286.78 1211649023
-2965.88 2299.07 1211649083
-2630.82 2319.17 1211649144
-1794.95 2364.96 1211649209
-1134.58 2469.93 1211649265
-438.765 2560.39 1211649324
228.69 2696.64 1211649385
693.16 2764.77 1211649421
1105.33 2720.1 1211649481
1339.34 2763.65 1211649541
1651.35 2792.69 1211649601
2165.46 2889.85 1211649661
2309.06 2821.73 1211649721
2309.94 2832.89 1211649735
2372.88 2731.26 1211649795
2400.36 2716.74 1211649830
2185.85 2837.36 1211649891
2175.21 2895.44 1211649950
2161.03 2897.67 1211650011
2173.44 2884.27 1211650072
2168.12 2888.74 1211650133
2152.17 2893.2 1211650192
2176.1 2864.16 1211650252
2175.21 2880.92 1211650312
2173.44 2887.62 1211650372
2083.03 2880.92 1211650432
2130.01 2897.67 1211650493
2136.21 2907.72 1211650552
2157.48 2909.96 1211650612
2147.73 2922.24 1211650672
2160.14 2920.01 1211650701
2166.35 2903.25 1211650762
2177.87 2892.09 1211650823
2177.87 2892.09 1211650841
2054.66 3133.33 1211650879
2352.49 3361.17 1211650940
2650.32 3385.74 1211651004
2800.12 3691.78 1211651118
2715.91 4097.24 1211651159
2554.59 4236.86 1211651220
2389.72 4370.91 1211651336
2389.72 4370.91 1211651341
2389.72 4370.91 1211651350
2317.04 4492.66 1211651403
2393.26 4368.67 1211651464
2574.98 4204.47 1211651533
2766.44 4051.44 1211651584
2966.76 3689.54 1211651656
2897.62 3299.74 1211651704
2908.26 3248.36 1211651765
3185.7 2994.84 1211651825
3386.91 2546.99 1211651885
3210.52 2311.35 1211651951
3516.33 1971.87 1211652012
3551.78 1836.75 1211652067
3538.49 1804.36 1211652082
3551.78 1817.76 1211652143
3550.01 1818.88 1211652193
3547.35 1822.23 1211652253
3545.58 1824.46 1211652313
3551.78 1823.35 1211652374
3526.96 1828.93 1211652434
3538.49 1822.23 1211652494
3544.69 1817.76 1211652554
3543.8 1823.35 1211652614
3550.01 1828.93 1211652677
3550.9 1830.05 1211652705
3550.9 1831.16 1211652765
3551.78 1833.4 1211652825
3565.08 1838.98 1211652887
3565.08 1840.1 1211652946
3566.85 1835.63 1211653006
3563.31 1825.58 1211653066
3566.85 1823.35 1211653126
3562.42 1834.51 1211653189
3565.08 1835.63 1211653247
3565.96 1831.16 1211653307
3566.85 1841.21 1211653368
3565.96 1841.21 1211653428
3571.28 1836.75 1211653491
3571.28 1828.93 1211653551
3572.17 1831.16 1211653617
3573.06 1835.63 1211653671
3573.94 1840.1 1211653733
3566.85 1843.45 1211653794
3569.51 1830.05 1211653798
3573.06 1824.46 1211653862
3574.83 1828.93 1211653888
3419.71 1708.33 1211653948
3019.06 1316.39 1211654018
2693.75 1624.58 1211654073
2356.04 1959.58 1211654144
2020.09 1689.35 1211654188
1765.7 1885.88 1211654248
1385.43 1929.43 1211654308
1209.93 2270.03 1211654369
1108.88 2923.36 1211654435
992.762 3683.96 1211654489
794.209 4253.62 1211654549
611.612 4222.34 1211654609
395.332 4189.95 1211654673
142.71 4149.74 1211654744
50.5245 4134.1 1211654768
50.5245 4134.1 1211654770
40.7741 4131.86 1211654787
-148.914 4231.28 1211654837
-188.802 4479.26 1211654883
-96.617 4535.11 1211654944
-76.2299 4660.22 1211655004
-93.0714 4704.91 1211655066
-475.107 5013.23 1211655125
-649.727 5090.31 1211655187
-1109.77 5016.58 1211655247
-1639.83 4922.74 1211655307
-2051.12 4851.24 1211655368
-2050.23 4843.43 1211655389
-1835.72 4888.11 1211655446
-1152.31 5000.94 1211655506
-882.849 5040.04 1211655566
-711.775 4874.7 1211655629
-644.409 4466.97 1211655689
-297.829 4382.08 1211655746
49.6381 4431.23 1211655807
536.269 4513.89 1211655877
1003.4 4432.34 1211655928
1137.24 3548.81 1211655988
1178.02 3271.82 1211656048
1278.18 2782.64 1211656108
1310.09 2573.79 1211656171
1314.52 2572.68 1211656233
1314.52 2572.68 1211656245
1322.5 2582.73 1211656294
1312.75 2579.38 1211656348
1330.48 2587.2 1211656413
1318.95 2582.73 1211656473
1326.05 2582.73 1211656534
1357.96 2368.31 1211656594
1388.98 2063.44 1211656654
1143.45 1870.25 1211656714
1191.31 1486.11 1211656774
1116.86 1441.45 1211656834
1116.86 1441.45 1211656836
823.46 1395.67 1211656896
494.608 1337.6 1211656956
475.994 1337.6 1211656978
574.384 1563.16 1211657041
827.006 1603.36 1211657100
882.849 1472.71 1211657161
959.965 1173.46 1211657225
994.535 907.715 1211657288
1021.13 592.85 1211657312
1035.31 344.987 1211657380
1062.79 32.3768 1211657434
1090.27 -367.3 1211657492
1120.4 -687.697 1211657557
1291.48 -903.149 1211657616
1388.09 -896.451 1211657648
1405.82 -893.102 1211657649
1411.14 -735.7 1211657677
1336.68 -715.606 1211657737
1306.55 -717.838 1211657798
1307.43 -718.955 1211657816
1136.36 -952.266 1211657876
1181.56 -1520.45 1211657936
1103.56 -1960.23 1211657998
1005.17 -2287.26 1211658057
262.373 -3013.83 1211658127
-264.146 -3182.35 1211658180
-855.371 -3189.04 1211658237
-1167.38 -3336.35 1211658302
-1170.04 -3384.34 1211658358
-1170.93 -3385.46 1211658398
-1170.93 -3385.46 1211658404
-1170.93 -3385.46 1211658415
-1087.61 -3466.92 1211658472
-680.751 -3468.04 1211658536
-403.309 -3356.44 1211658600
-274.782 -3290.6 1211658617
-100.163 -3206.9 1211658702
135.618 -2983.7 1211658768
349.239 -3114.27 1211658822
-18.6143 -3702.39 1211658889
16.8415 -4026 1211658946
-269.464 -4530.37 1211659065
-275.669 -4537.06 1211659100
-275.669 -4537.06 1211659109
-484.858 -4836.1 1211659164
-614.271 -4692.16 1211659226
-1041.51 -4500.24 1211659284
-1318.07 -4893 1211659344
-1566.26 -4837.21 1211659405
-1565.37 -4837.21 1211659434
-1565.37 -4837.21 1211659441
-1630.97 -4836.1 1211659499
-1450.14 -4592.86 1211659557
-1218.79 -4317.25 1211659617
-1152.31 -4321.71 1211659677
-1062.79 -4269.26 1211659738
-354.558 -3380.99 1211659810
1101.79 -3215.83 1211659857
2531.54 -2798.43 1211659915
3424.14 -1962.46 1211659963
3841.63 -1143.15 1211660023
3750.33 -1018.13 1211660084
3731.72 -964.546 1211660144
3731.72 -965.662 1211660204
3731.72 -966.778 1211660264
3729.95 -966.778 1211660324
3728.18 -965.662 1211660384
3725.52 -962.313 1211660444
3724.63 -963.43 1211660510
3725.52 -966.778 1211660565
3726.4 -967.895 1211660625
3727.29 -966.778 1211660689
3727.29 -965.662 1211660745
3727.29 -965.662 1211660816
3725.52 -979.058 1211660865
3613.83 -991.337 1211660926
3612.06 -990.221 1211660985
3612.06 -990.221 1211661000
3612.94 -991.337 1211661046
3574.83 -999.151 1211661106
3729.95 -1156.55 1211661167
4006.5 -1069.48 1211661237
3856.7 -66.986 1211661287
3403.75 1096.42 1211661337
3243.32 1799.9 1211661404
3526.08 1804.36 1211661458
3534.94 1815.53 1211661518
3543.8 1823.35 1211661578
3566.85 1832.28 1211661638
3575.72 1837.86 1211661667
3761.86 2036.64 1211661728
3787.56 2060.09 1211661788
3490.62 2401.81 1211661848
3272.57 2615.12 1211661909
3014.63 2886.5 1211661969
2887.87 2825.08 1211662039
2834.69 2758.07 1211662063
2834.69 2758.07 1211662064
2737.19 2752.48 1211662124
2970.31 2898.79 1211662185
3002.22 2961.33 1211662233
2800.12 3296.39 1211662353
2804.55 3479.56 1211662415
2683.12 3566.68 1211662475
2699.07 3699.6 1211662509
2697.3 3698.48 1211662513
2529.77 3634.81 1211662554
2233.71 3587.9 1211662649
2027.18 3517.54 1211662698
2012.12 3523.12 1211662763
1958.05 3507.48 1211662818
1778.11 3484.03 1211662876
1635.4 3456.11 1211662906
1347.32 3406.96 1211662948
1297.68 3614.71 1211663013
1298.57 3614.71 1211663031
1577.78 3696.24 1211663091
1617.67 3491.85 1211663170
1634.51 3366.75 1211663212
1668.19 3097.59 1211663272
1786.97 2838.48 1211663345
1923.48 2857.46 1211663392
1932.34 2832.89 1211663432
1932.34 2832.89 1211663433
2124.69 2884.27 1211663493
2266.51 2938.99 1211663553
2444.68 2999.3 1211663613
2436.7 3088.65 1211663673
2434.04 3291.92 1211663744
2293.1 3247.25 1211663795
1798.49 3180.23 1211663864
1523.71 3115.46 1211663899
1381 3193.64 1211663968
1333.14 3385.74 1211664024
1301.23 3592.37 1211664079
1254.25 3860.44 1211664139
1215.25 4102.82 1211664199
990.989 4181.01 1211664263
845.62 4533.99 1211664401
795.982 4885.88 1211664441
653.273 4879.17 1211664480
513.222 4847.89 1211664500
798.641 4786.45 1211664561
949.328 4898.16 1211664634
1054.81 5035.57 1211664685
1190.43 5059.03 1211664741
1213.47 5094.78 1211664802
1201.95 5088.07 1211664862
1212.59 5116 1211664922
1302.11 5187.5 1211664982
1466.98 5217.66 1211665042
1616.78 5240 1211665103
1760.38 5260.11 1211665163
2122.03 5209.84 1211665223
2371.11 5349.49 1211665284
2328.56 5375.18 1211665358
2317.04 5383 1211665404
2317.04 5384.12 1211665464
2317.92 5383 1211665525
2300.19 5387.47 1211665593
2299.31 5381.88 1211665649
2299.31 5388.59 1211665710
2286.9 5393.06 1211665765
2284.24 5390.82 1211665825
2284.24 5390.82 1211665833
2217.76 5393.06 1211665897
2076.82 5332.73 1211665953
2063.53 5315.97 1211666018
2114.94 5093.66 1211666073
2171.67 4684.8 1211666133
2195.6 4498.25 1211666205
2081.25 4349.68 1211666254
2126.46 4068.2 1211666319
2155.71 3936.39 1211666374
2205.35 3852.62 1211666434
2264.74 3854.85 1211666494
2324.13 3833.63 1211666555
2356.04 3594.6 1211666616
2370.22 3484.03 1211666648
2410.11 3304.21 1211666708
2423.4 3274.05 1211666773
2428.72 3223.79 1211666828
2402.13 3180.23 1211666893
2403.02 3180.23 1211666906
2410.11 3178 1211666928
2551.93 3137.79 1211666997
2574.98 3064.08 1211667043
2593.59 2984.78 1211667103
2617.52 2877.57 1211667164
2949.92 2571.56 1211667225
2952.58 2572.68 1211667249
2952.58 2572.68 1211667251
2735.41 2442.01 1211667318
2975.63 2123.74 1211667371
3140.5 1960.7 1211667431
3339.93 1761.93 1211667491
3669.67 1809.95 1211667557
3610.28 727.95 1211667621
3893.93 -727.885 1211667662
3284.98 -2125.42 1211667715
2071.5 -2985.93 1211667767
637.318 -3103.11 1211667826
-749.003 -3587.45 1211667875
-1271.98 -5006.81 1211667932
-2610.43 -5545.7 1211667997
-3126.31 -6131.42 1211668053
