4400.06 -16053.2 1211044388
4400.06 -16052.1 1211044448
4402.72 -16056.5 1211044509
4402.72 -16055.4 1211044569
4400.06 -16054.3 1211044613
4400.06 -16053.2 1211044662
4403.61 -16055.4 1211044722
4401.83 -16054.3 1211044782
4401.83 -16054.3 1211044844
4402.72 -16055.4 1211044907
4401.83 -16056.5 1211044962
4402.72 -16056.5 1211045023
4402.72 -16056.5 1211045084
4402.72 -16056.5 1211045146
4401.83 -16056.5 1211045204
4400.06 -16056.5 1211045274
4400.95 -16055.4 1211045326
4401.83 -16058.7 1211045392
4404.49 -16058.7 1211045447
4404.49 -16058.7 1211045461
4401.83 -16056.5 1211045469
4401.83 -16057.6 1211045538
4401.83 -16057.6 1211045589
4402.72 -16057.6 1211045654
4402.72 -16056.5 1211045705
4403.61 -16056.5 1211045841
4403.61 -16056.5 1211045849
4401.83 -16056.5 1211045897
4400.95 -16052.1 1211045952
4400.95 -16056.5 1211046014
