4242.28 -16003 1211227995
3532.28 -16277.1 1211228015
2993.35 -14834.1 1211228072
2672.48 -13393 1211228109
2545.72 -11903.7 1211228169
4165.17 -9373.83 1211228255
3991.43 -7872.69 1211228304
3729.95 -6414.77 1211228348
3330.18 -4982.26 1211228400
2924.22 -3522.72 1211228449
2823.17 -2657.81 1211228515
3731.72 -1478.03 1211228536
3844.29 3.34932 1211228588
3352.34 1281.77 1211228644
3768.06 1870.25 1211228705
3580.15 2324.75 1211228764
3265.48 2630.75 1211228824
3003.1 2898.79 1211228885
2935.74 3002.65 1211228944
2819.62 3334.36 1211229004
2778.85 3625.88 1211229064
2769.1 3809.06 1211229129
3107.7 3828.05 1211229312
3107.7 3841.45 1211229322
3098.83 3845.92 1211229383
3110.36 3852.62 1211229407
3116.56 3817.99 1211229444
3322.21 3429.3 1211229565
3635.1 3059.61 1211229625
3707.79 2798.27 1211229686
3474.67 2581.61 1211229746
2720.34 1784.26 1211229812
2675.14 275.765 1211229863
2851.53 -1125.29 1211229923
2973.85 -3875.36 1211230003
3487.96 -5305.83 1211230048
3776.93 -6781.79 1211230090
4042.85 -8268.63 1211230137
3967.5 -9803.16 1211230189
2985.38 -10953.9 1211230231
2559.91 -12405.4 1211230290
3081.11 -15353.4 1211230384
3957.75 -16188 1211230439
