3251.29 -4810.44 1212019419
3269.02 -2133.24 1212019526
3845.18 -534.756 1212019572
3425.91 908.831 1212019619
3595.22 1700.51 1212019680
3813.27 2034.4 1212019746
3546.46 2329.22 1212019804
3125.43 2764.77 1212019863
2846.21 3099.82 1212019921
2804.55 3377.92 1212019982
2820.51 3635.93 1212020044
2871.03 3606.89 1212020122
2871.03 3606.89 1212020123
2899.4 3539.87 1212020167
2939.28 3403.61 1212020233
3072.24 3064.08 1212020298
3226.48 2876.45 1212020357
3422.37 2578.26 1212020409
3212.29 2313.59 1212020470
3327.52 2166.18 1212020540
3589.01 1903.75 1212020590
3672.33 1826.7 1212020660
3365.64 1083.02 1212020710
3832.77 -327.11 1212020763
3865.57 -1073.94 1212020823
3713.99 -1460.17 1212020855
2865.71 -2624.33 1212020915
3061.61 -4110.81 1212020973
3564.19 -5525.62 1212021037
3817.7 -7002.66 1212021065
2866.6 -11052 1212021218
3990.55 -16179.1 1212021431
