4403.61 -16043.1 1212600562
4407.15 -16042 1212600622
4405.38 -16035.3 1212600693
4404.49 -16038.7 1212600762
4404.49 -16040.9 1212600814
4403.61 -16042 1212600873
4403.61 -16040.9 1212600923
4403.61 -16036.5 1212600989
4405.38 -16043.1 1212601044
4406.27 -16043.1 1212601104
4405.38 -16043.1 1212601164
4406.27 -16044.3 1212601224
4406.27 -16044.3 1212601304
4406.27 -16044.3 1212601346
4406.27 -16043.1 1212601406
4406.27 -16042 1212601466
4407.15 -16043.1 1212601527
4406.27 -16045.4 1212601592
4406.27 -16038.7 1212601653
4404.49 -16042 1212601713
4403.61 -16042 1212601768
4403.61 -16043.1 1212601888
4404.49 -16043.1 1212601919
4408.04 -16039.8 1212601985
