2672.48 -13430.9 1212123276
4158.96 -9395.02 1212123416
3990.55 -7879.38 1212123475
3727.29 -6402.5 1212123525
2900.28 -3513.79 1212123603
2512.04 -2046.18 1212123667
2895.85 -582.76 1212123718
2659.18 892.083 1212123767
2401.24 1214.77 1212123827
1997.05 1655.85 1212123892
1657.56 2252.17 1212123948
1570.69 2865.28 1212124013
1537.89 3041.74 1212124068
1487.37 3380.16 1212124128
1431.53 3705.18 1212124193
1384.55 3998.94 1212124248
1347.32 4204.47 1212124319
1203.72 4423.41 1212124380
1198.41 4433.46 1212124412
1198.41 4434.58 1212124448
1198.41 4434.58 1212124450
1198.41 4434.58 1212124456
1204.61 4423.41 1212124478
1175.36 4328.46 1212124564
1069.88 4024.63 1212124626
1124.83 3630.35 1212124671
1031.76 3559.98 1212124713
858.916 3536.52 1212124760
976.807 2781.52 1212124825
1096.47 2067.9 1212124879
1170.04 1153.36 1212125005
1201.06 707.852 1212125074
1061.9 688.871 1212125107
1021.13 697.804 1212125108
1144.34 889.85 1212125146
1396.07 1077.43 1212125232
1545.87 1078.55 1212125297
2127.35 1032.77 1212125368
2640.57 -133.971 1212125413
2725.66 -1632.07 1212125468
2724.78 -3133.24 1212125523
3182.16 -4538.18 1212125572
3638.65 -6018.74 1212125620
3903.68 -7496.8 1212125663
3003.99 -15082.6 1212125948
