-4376.13 -9052.66 1211110335
-4304.33 -9030.36 1211110395
-4306.1 -8750.43 1211110455
-4128.83 -8267.52 1211110516
-3526.08 -8428.12 1211110576
-3043.88 -7974.19 1211110637
-3151.13 -6470.55 1211110695
-1951.84 -5543.47 1211110748
-1093.81 -4310.55 1211110800
-374.945 -3386.57 1211110839
1067.22 -3214.71 1211110888
2524.45 -2798.43 1211110935
3603.19 -1713.55 1211110985
3848.72 -231.099 1211111034
3393.12 1193.56 1211111087
2916.24 1799.9 1211111141
2732.75 1987.5 1211111163
2433.15 2291.25 1211111223
2229.28 2485.57 1211111283
2016.55 2970.26 1211111353
1551.19 2903.25 1211111415
1394.3 3054.03 1211111469
1680.6 3241.66 1211111524
2250.56 3332.13 1211111584
2601.57 3276.29 1211111644
2363.13 3036.16 1211111704
1746.2 2938.99 1211111764
1535.24 3008.24 1211111826
1934.11 3060.73 1211111885
2488.11 3152.31 1211111952
2714.14 2726.8 1211112013
2262.08 2208.61 1211112069
1703.65 1652.5 1211112127
1372.14 1132.15 1211112188
1379.23 545.956 1211112267
1197.52 748.048 1211112327
1316.3 983.641 1211112382
1318.07 982.525 1211112443
1316.3 982.525 1211112467
1380.12 1083.02 1211112527
1590.19 1076.32 1211112587
1384.55 1317.5 1211112647
1322.5 1343.19 1211112707
1412.03 1544.18 1211112767
1496.23 1447.03 1211112821
1531.69 1316.39 1211112876
1521.05 1435.87 1211112936
1501.55 1693.81 1211112997
1504.21 1729.55 1211113057
1492.69 1741.83 1211113122
1527.26 1739.6 1211113177
1369.48 1318.62 1211113237
1311.86 1068.5 1211113301
1318.95 980.291 1211113357
1319.84 980.291 1211113374
1388.98 982.525 1211113439
1444.82 232.222 1211113499
1402.28 -169.697 1211113554
1255.13 158.536 1211113614
1229.43 515.811 1211113675
1186.88 1068.5 1211113745
1292.36 1087.48 1211113780
1404.94 700.037 1211113835
1490.03 365.083 1211113895
1567.15 578.335 1211113956
1564.49 574.986 1211114017
1560.05 588.384 1211114075
1567.15 582.801 1211114086
1787.86 847.42 1211114146
1784.31 1030.54 1211114207
2114.05 1515.15 1211114267
2545.72 1932.78 1211114328
3097.06 2483.34 1211114389
3371.84 2761.42 1211114449
3704.24 3094.23 1211114515
3772.49 3157.9 1211114570
4012.71 3424.83 1211114631
3798.2 3817.99 1211114692
3791.11 3821.34 1211114756
3799.09 3823.58 1211114812
3752.11 3864.9 1211114873
3693.61 3937.51 1211114883
3442.76 4046.97 1211114921
3383.37 3752.09 1211114971
3112.13 3708.53 1211115032
2610.43 3586.79 1211115092
1974 3510.83 1211115152
1341.11 3410.31 1211115212
1333.14 3409.2 1211115217
1180.68 3339.95 1211115277
1006.94 3575.62 1211115337
945.783 3964.32 1211115397
863.348 4422.29 1211115461
210.962 4479.26 1211115518
-313.784 4398.83 1211115576
-185.256 4426.76 1211115637
217.167 4463.62 1211115697
991.875 4508.3 1211115757
1035.31 4242.45 1211115818
1135.47 3587.9 1211115879
1247.16 2877.57 1211115938
694.933 2779.29 1211115986
394.446 2684.36 1211116042
329.739 2569.33 1211116102
330.625 2573.79 1211116162
324.42 2576.03 1211116222
327.08 2573.79 1211116317
320.875 2558.16 1211116379
234.895 2752.48 1211116439
406.855 2816.14 1211116464
945.783 2903.25 1211116525
1350.87 2970.26 1211116586
1670.85 3022.76 1211116646
2009.46 3078.6 1211116706
2184.96 2829.54 1211116766
2543.07 2551.46 1211116826
2543.07 2551.46 1211116827
2715.91 2419.68 1211116887
2406.56 2318.05 1211116948
2174.33 2799.39 1211117008
1982.86 3182.47 1211117070
1448.37 3094.23 1211117129
1412.03 3094.23 1211117142
1339.34 3336.6 1211117212
1591.96 3634.81 1211117262
1542.33 3934.16 1211117322
1459.01 4461.39 1211117382
1457.23 4472.56 1211117402
1277.29 4221.22 1211117462
1230.32 3993.36 1211117523
1288.82 3629.23 1211117585
1448.37 3410.31 1211117643
2057.32 3506.37 1211117705
2184.96 3211.51 1211117763
1874.72 3163.48 1211117823
1493.57 2998.19 1211117883
1495.35 2994.84 1211117893
1513.96 3188.05 1211117951
1753.29 3463.92 1211118011
2105.19 3517.54 1211118071
2558.13 3583.43 1211118132
2586.5 3644.87 1211118141
2922.44 3645.98 1211118204
3175.95 3700.71 1211118263
3491.51 3728.64 1211118323
3412.62 3594.6 1211118383
3203.43 3438.24 1211118448
2878.12 3134.44 1211118504
2645 2874.22 1211118549
2208.89 2677.66 1211118609
2556.36 2530.24 1211118669
2765.55 2732.38 1211118729
3307.14 2197.45 1211118806
3579.26 1914.92 1211118865
3859.36 1845.68 1211118910
3859.36 1846.8 1211118917
3947.11 1929.43 1211118976
3914.32 1981.92 1211119036
3314.23 2562.63 1211119102
2839.12 3100.94 1211119163
2674.25 3276.29 1211119212
2435.81 3239.43 1211119267
1998.82 3172.42 1211119334
1892.45 3160.13 1211119335
2322.35 3341.06 1211119396
2965.88 3430.42 1211119456
3021.72 3371.22 1211119536
3202.54 3520.89 1211119558
3230.91 3554.39 1211119560
3521.65 3450.52 1211119622
3447.19 3319.84 1211119680
3243.32 3089.77 1211119740
2696.41 3064.08 1211119800
1777.22 2918.89 1211119861
1420.89 2875.33 1211119921
1142.56 2838.48 1211119983
852.711 2811.67 1211120017
409.514 2740.2 1211120045
-105.481 3045.09 1211120115
-113.458 3104.29 1211120175
-114.345 3103.17 1211120240
-111.686 3105.4 1211120311
-112.572 3105.4 1211120373
-112.572 3105.4 1211120431
-117.004 3104.29 1211120502
-117.004 3105.4 1211120538
-117.004 3105.4 1211120598
-115.231 3102.05 1211120622
144.482 2999.3 1211120683
903.236 3117.69 1211120746
1326.05 3183.58 1211120799
2659.18 3395.79 1211120930
3117.45 3406.96 1211120980
3276.11 3379.04 1211121040
3497.71 3410.31 1211121116
3510.12 3461.69 1211121159
3547.35 3478.44 1211121232
3489.73 3635.93 1211121297
3479.1 3845.92 1211121303
3398.44 3758.79 1211121360
3275.23 3769.96 1211121422
2977.4 3688.43 1211121482
2661.84 3664.97 1211121543
2218.65 3523.12 1211121605
2214.21 3446.05 1211121665
2152.17 3217.09 1211121724
1739.11 3153.43 1211121785
1102.67 3037.28 1211121846
900.577 2909.96 1211121911
665.682 2850.76 1211121984
666.569 2846.3 1211122017
855.371 2789.34 1211122064
1123.95 2723.45 1211122123
1262.23 2740.2 1211122185
1556.51 2804.97 1211122244
2145.07 2883.15 1211122305
2351.6 2943.46 1211122365
2599.79 2954.63 1211122440
3097.06 3182.47 1211122503
3132.52 3124.39 1211122529
3140.5 3115.46 1211122545
2973.85 2937.88 1211122593
2590.93 3078.6 1211122653
2070.62 2982.55 1211122719
2065.3 2951.28 1211122732
2152.17 2898.79 1211122780
2370.22 2912.19 1211122840
2960.56 3135.56 1211122906
3179.5 3352.23 1211122978
3358.55 3245.01 1211123026
3390.46 3328.78 1211123087
3453.39 3362.29 1211123142
3498.6 3572.27 1211123208
3532.28 3501.9 1211123250
3532.28 3501.9 1211123264
3486.19 3554.39 1211123321
3462.26 3848.15 1211123378
3300.93 3953.15 1211123438
3167.09 3638.16 1211123495
2802.78 3472.86 1211123554
2373.76 3571.15 1211123614
2200.92 3518.65 1211123675
2225.74 3361.17 1211123738
2111.39 3234.96 1211123795
1398.73 3094.23 1211123855
1137.24 3066.31 1211123916
951.988 2925.59 1211123988
135.618 2782.64 1211124043
-257.941 2721.21 1211124105
-831.438 2516.84 1211124151
-1568.03 2517.96 1211124242
-1210.81 2736.85 1211124297
-1050.38 2785.99 1211124352
-677.205 2860.81 1211124402
-676.319 2857.46 1211124424
-666.569 2860.81 1211124460
133.846 2993.72 1211124535
952.874 3119.92 1211124581
1382.78 3194.75 1211124642
2013.89 3295.27 1211124703
2415.42 3319.84 1211124764
2816.96 3402.49 1211124826
3237.11 3476.21 1211124895
3566.85 3644.87 1211125070
3588.12 3571.15 1211125125
3462.26 3719.7 1211125185
3488.85 4057.03 1211125251
3564.19 4055.91 1211125307
3663.47 3893.95 1211125448
3801.75 3766.61 1211125509
3872.66 3689.54 1211125574
3928.5 3615.83 1211125629
4012.71 3443.82 1211125694
4205.06 2723.45 1211125815
3846.95 2130.44 1211125886
3431.23 1721.73 1211125930
2926.87 1224.82 1211125996
2881.67 1181.28 1211126025
2879.9 1182.39 1211126072
2875.46 1176.81 1211126074
2634.36 1201.38 1211126134
2465.06 1038.35 1211126258
2475.7 734.649 1211126321
2165.46 608.481 1211126378
1654.9 573.869 1211126447
1442.16 556.005 1211126499
1648.69 1051.75 1211126615
2699.07 372.899 1211126680
2489 -2633.25 1211126775
3028.81 -4018.19 1211126841
3509.24 -5349.34 1211126864
2563.45 -12461.1 1211127111
