3186.59 -4470.12 1211267973
2762.01 -1533.84 1211268055
2615.75 -16.7466 1211268101
2589.16 1481.65 1211268151
3139.61 2763.65 1211268272
2861.28 3019.41 1211268332
2564.34 3271.82 1211268397
2524.45 3271.82 1211268456
2358.7 3137.79 1211268509
2582.07 2893.2 1211268568
3057.17 2450.95 1211268628
3167.09 2204.15 1211268689
2691.09 860.819 1211268750
2889.65 -624.065 1211268808
2494.31 -2079.66 1211268850
2880.78 -3559.55 1211268895
3254.84 -4867.34 1211268948
3693.61 -6322.18 1211268984
3961.3 -7793.5 1211269014
4175.8 -9281.27 1211269062
2933.97 -14853 1211269231
3390.46 -16300.5 1211269281
4247.6 -16103.3 1211269349
4455.9 -16001.9 1211269484
4519.73 -15956.2 1211269630
