3071.36 -15084.8 1212710344
2729.21 -13624.8 1212710396
4191.76 -9261.2 1212710548
3972.82 -7763.38 1212710596
3710.45 -6299.87 1212710642
3271.68 -4847.26 1212710695
2870.15 -3382.11 1212710760
1307.43 -3149.98 1212710940
951.101 -3190.16 1212710994
346.58 -3104.23 1212711055
78.8891 -3170.07 1212711115
0 -3185.7 1212711176
124.982 -3027.22 1212711237
-66.4796 -2914.5 1212711302
-358.99 -2826.33 1212711367
-590.339 -2487.05 1212711419
-990.103 -1961.35 1212711478
-1379.23 -1674.49 1212711538
-1379.23 -1672.25 1212711598
-845.62 -1479.15 1212711658
-736.594 -1283.8 1212711718
-471.562 -476.705 1212711778
-697.592 -234.449 1212711849
-944.01 72.5688 1212711901
-974.147 167.467 1212711960
-1072.54 176.399 1212712088
-1072.54 177.516 1212712089
-1108.88 405.277 1212712146
-1392.53 506.879 1212712206
-1503.32 592.85 1212712314
-1552.96 839.605 1212712374
-1610.58 1227.06 1212712434
-1645.15 1450.38 1212712494
-1663.76 1512.91 1212712555
-1675.29 1603.36 1212712609
-2145.07 1564.28 1212712663
-2515.59 1505.1 1212712719
-3067.81 1459.31 1212712794
-3763.63 1414.65 1212712839
-4260.9 1392.32 1212712899
-4939.88 1352.12 1212712964
-4958.49 1380.03 1212713019
-4958.49 1380.03 1212713040
-4901.76 2184.04 1212713226
-4574.68 2207.5 1212713276
-4194.42 2228.71 1212713330
-3621.81 2261.1 1212713384
-3289.41 2277.85 1212713444
-2941.94 2297.95 1212713504
-2639.68 2314.7 1212713537
-2491.65 1902.63 1212713602
-2490.77 1901.52 1212713634
-2423.4 2105.87 1212713694
-2371.11 2329.22 1212713758
-1896 2362.72 1212713819
-1303.89 2442.01 1212713870
-400.65 2569.33 1212713940
-174.62 2622.93 1212714006
334.171 2707.81 1212714051
528.291 2739.08 1212714115
1029.99 2477.75 1212714170
1188.65 2305.77 1212714231
1331.36 2323.64 1212714290
1775.45 2405.16 1212714361
1813.56 2198.56 1212714415
2206.24 1727.31 1212714473
2576.75 1960.7 1212714531
3019.06 2392.88 1212714606
3036.79 2410.75 1212714615
3036.79 2410.75 1212714617
3038.56 2434.2 1212714677
3161.77 2744.67 1212714738
3032.36 2868.63 1212714798
2692.87 3079.72 1212714914
2638.8 3084.18 1212714978
2633.48 3047.33 1212714987
2625.5 3069.66 1212715007
2603.34 3069.66 1212715067
2603.34 3069.66 1212715079
2383.51 3403.61 1212715192
2347.17 3536.52 1212715247
2273.6 4023.52 1212715309
2269.17 4090.54 1212715368
2226.62 4319.52 1212715428
2233.71 4479.26 1212715488
2162.8 4737.3 1212715552
2122.03 4986.42 1212715615
2050.23 5202.02 1212715670
1974 5255.65 1212715720
1974 5255.65 1212715721
1970.45 5257.88 1212715733
1997.93 5290.28 1212715771
2081.25 5227.72 1212715834
2106.07 5118.24 1212715891
2153.05 4794.27 1212715951
2197.37 4500.48 1212716012
2223.08 4326.22 1212716072
2246.12 4193.3 1212716133
2262.97 4090.54 1212716205
2299.31 3867.14 1212716254
2197.37 3644.87 1212716315
2229.28 3399.14 1212716379
2412.77 3346.65 1212716425
2412.77 3346.65 1212716431
2770.87 3404.73 1212716487
2907.37 3614.71 1212716550
3005.76 3338.83 1212716607
3035.01 3186.93 1212716682
2970.31 2946.81 1212716733
2774.41 2697.76 1212716794
2254.99 2201.91 1212716849
1872.07 1818.88 1212716909
1693.9 1974.1 1212716969
1278.18 1901.52 1212717029
1215.25 2248.82 1212717089
1195.75 2398.46 1212717121
1194.86 2398.46 1212717123
1186 2504.55 1212717172
1040.63 2496.74 1212717226
1048.6 2370.54 1212717286
1048.6 2370.54 1212717300
1326.93 2325.87 1212717369
1529.92 2131.56 1212717413
1729.36 1704.98 1212717466
2122.03 1511.8 1212717527
2490.77 1876.95 1212717593
2981.83 1717.26 1212717648
3299.16 1357.7 1212717685
3834.54 -89.3146 1212717740
3667.01 -1575.14 1212717790
2751.37 -2753.79 1212717840
3100.61 -4219.05 1212717895
3575.72 -5621.57 1212717941
3838.09 -7101.93 1212717993
4097.8 -8555.26 1212718045
3818.59 -10057.4 1212718094
2789.48 -11145.6 1212718146
2584.73 -12659.6 1212718194
2840.01 -14135.3 1212718260
3154.68 -15619.7 1212718305
4018.03 -16171.3 1212718363
4392.08 -16037.6 1212718423
4398.29 -16038.7 1212718478
4398.29 -16034.2 1212718548
4400.95 -16018.6 1212718598
4401.83 -16033.1 1212718665
4398.29 -16030.9 1212718724
4394.74 -16045.4 1212718781
4394.74 -16029.8 1212718839
4395.63 -16035.3 1212718960
4394.74 -16033.1 1212719021
4394.74 -16034.2 1212719087
4396.52 -16033.1 1212719147
4392.08 -16036.5 1212719201
4396.52 -16034.2 1212719261
4399.18 -16032 1212719327
4396.52 -16029.8 1212719382
4395.63 -16033.1 1212719457
4395.63 -16035.3 1212719507
4393.86 -16036.5 1212719563
4394.74 -16034.2 1212719629
4396.52 -16033.1 1212719745
4395.63 -16033.1 1212719805
4396.52 -16033.1 1212719866
4397.4 -16033.1 1212719937
4397.4 -16033.1 1212719986
4396.52 -16033.1 1212720046
4396.52 -16033.1 1212720099
4395.63 -16033.1 1212720142
4396.52 -16033.1 1212720217
4396.52 -16033.1 1212720262
4395.63 -16033.1 1212720319
