3066.92 -15062.5 1212168407
2732.75 -13556.9 1212168453
2558.13 -12049.8 1212168489
2558.13 -12049.8 1212168506
3256.61 -10749.8 1212168538
4115.53 -9528.84 1212168582
4015.37 -8002.07 1212168628
3749.45 -6518.52 1212168674
3334.62 -5017.97 1212168719
2910.92 -3552.85 1212168762
2485.45 -2128.77 1212168811
2834.69 -1219.06 1212168871
2889.65 -522.476 1212168932
2726.55 725.717 1212168992
2887.87 1873.6 1212169053
3417.94 2253.28 1212169113
3409.07 2477.75 1212169176
3159.11 2768.12 1212169234
3159.11 2768.12 1212169253
3079.33 2823.96 1212169321
2880.78 2809.44 1212169381
2907.37 2598.36 1212169441
3158.22 2361.61 1212169507
2676.02 1041.7 1212169562
2882.55 -497.916 1212169617
2556.36 -1954.65 1212169657
2838.23 -3422.28 1212169706
3253.95 -4856.18 1212169746
3688.29 -6305.45 1212169786
3958.64 -7797.96 1212169836
4169.6 -9311.38 1212169882
2533.32 -11868.1 1212169960
2926.87 -14817.4 1212170051
3367.41 -16282.7 1212170090
4237.85 -16098.9 1212170153
4255.58 -16133.4 1212170276
4491.36 -15945.1 1212170344
