2700.84 -13476.6 1211610404
4162.51 -8816.23 1211610507
3896.59 -7348.45 1211610555
3630.67 -5868.13 1211610606
3158.22 -4407.63 1211610658
2656.52 -2964.72 1211610701
2778.85 -1440.08 1211610759
2609.55 81.5004 1211610812
2597.14 1517.38 1211610867
3599.65 2560.39 1211610931
4583.55 3613.59 1211611003
6528.3 5913.68 1211611096
7893.34 6476.79 1211611164
9177.73 6781.82 1211611215
10572 7045.52 1211611295
12033.7 6956.13 1211611328
11621.5 5639.96 1211611392
12643.5 4701.55 1211611452
14057.3 4373.14 1211611504
15353.2 3584.55 1211611563
18273 1502.86 1211611687
