4057.91 -9663.77 1211525832
3768.06 -6633.42 1211525939
3434.78 -5176.4 1211525970
2608.66 83.7333 1211526191
2622.84 1586.61 1211526205
3301.82 2165.06 1211526255
3986.12 2831.78 1211526329
3974.59 3050.68 1211526370
3963.96 3009.35 1211526434
3973.71 3027.22 1211526491
3967.5 3022.76 1211526535
3967.5 3023.87 1211526564
4033.09 3004.89 1211526565
4196.19 2572.68 1211526643
4091.6 2220.9 1211526697
3639.54 1776.45 1211526751
3371.84 1035 1211526785
3831 -390.744 1211526823
3487.96 -1844.15 1211526884
2736.3 -3050.66 1211526934
3183.93 -4545.99 1211526982
3641.31 -6027.66 1211527028
3910.77 -7512.42 1211527070
4183.78 -9053.78 1211527102
4027.78 -16162.4 1211527367
