-5675.58 369.549 1212018614
-5751.81 473.383 1212018666
-5594.92 484.549 1212018720
-4892.01 520.277 1212018789
-4292.81 554.889 1212018842
-3706.9 586.151 1212018905
-3706.9 586.151 1212018965
-3120.11 620.763 1212019021
-2683.12 635.278 1212019081
-2251.44 657.609 1212019141
-2239.03 342.754 1212019213
-2083.91 324.89 1212019261
-1979.32 319.308 1212019320
-1970.45 369.549 1212019386
-1893.34 358.385 1212019442
-1520.17 477.85 1212019502
-1260.45 605.132 1212019563
-1263.11 640.861 1212019591
-1327.82 1022.72 1212019660
-1321.61 1231.52 1212019709
-1124.83 1301.87 1212019776
-893.486 1345.42 1212019840
-930.714 1598.9 1212019895
-1014.92 2023.24 1212019957
-1050.38 2406.28 1212020010
-882.849 2818.38 1212020071
-222.485 2937.88 1212020136
330.625 3026.11 1212020201
831.438 3106.52 1212020252
1045.06 3131.09 1212020312
1045.06 3131.09 1212020325
1194.86 3162.36 1212020376
1894.22 3281.87 1212020433
2409.22 3361.17 1212020493
2795.69 3431.53 1212020553
2800.12 3637.05 1212020615
2754.91 3744.27 1212020659
2744.28 3787.83 1212020676
2730.09 3882.78 1212020728
2700.84 4127.4 1212020784
2673.37 4208.94 1212020849
2586.5 4216.76 1212020903
2133.55 4131.86 1212020987
1148.77 3987.77 1212021019
1122.18 3982.19 1212021083
921.85 4077.13 1212021144
841.188 4555.22 1212021209
208.303 4477.02 1212021259
42.5469 4454.68 1212021331
-76.2299 4683.68 1212021379
-27.4782 4969.66 1212021445
-26.5918 4971.89 1212021453
15.0687 4759.64 1212021514
-102.822 4533.99 1212021569
-191.461 4433.46 1212021629
-123.209 4407.77 1212021689
277.441 4478.14 1212021755
979.466 4585.38 1212021814
1011.38 4399.95 1212021872
1164.72 4402.18 1212021932
1452.8 4359.74 1212021992
2190.28 4474.79 1212022122
2195.6 4465.85 1212022140
2195.6 4465.85 1212022142
2332.99 4414.47 1212022202
2557.25 4195.53 1212022273
2637.02 4146.39 1212022323
2810.76 3982.19 1212022359
2993.35 3906.23 1212022419
3137.84 3810.17 1212022481
3289.41 3826.93 1212022539
3395.78 3664.97 1212022601
3497.71 3463.92 1212022659
3331.96 3262.88 1212022729
3105.04 3156.78 1212022780
3177.72 3382.39 1212022840
3249.52 3380.16 1212022908
3327.52 3425.95 1212022965
3239.77 3372.34 1212022982
3338.16 3351.12 1212023056
3390.46 3314.26 1212023111
3645.74 3584.55 1212023231
3839.86 3567.8 1212023336
3937.36 3571.15 1212023372
3976.37 3492.96 1212023439
4225.44 3071.9 1212023493
3963.96 2095.82 1212023682
3651.95 684.405 1212023814
3911.66 -802.68 1212023863
3265.48 -2161.14 1212023899
2915.35 -3625.39 1212023958
3354.12 -5068.18 1212024006
