4205.06 -16971.3 1212731692
5332.55 -17953.9 1212731735
6493.73 -18890.7 1212731780
7951.84 -19312.8 1212731824
9409.08 -19530 1212731874
10361.1 -20632.6 1212731932
10586.2 -21221.7 1212731993
10258.2 -21503.4 1212732053
10123.5 -21624.8 1212732114
9879.75 -21844.1 1212732188
9436.56 -21584.7 1212732235
8698.19 -21073.6 1212732295
8018.32 -20885.4 1212732366
7650.47 -21166 1212732421
7651.36 -21167.1 1212732431
7659.33 -21164.9 1212732479
7831.29 -20987.8 1212732539
8235.49 -20682.7 1212732600
8799.24 -20186 1212732660
9281.44 -19769.5 1212732720
9269.03 -19373 1212732781
7850.8 -19291.7 1212732841
6429.91 -18820.5 1212732897
5288.23 -17873.7 1212732945
4144.78 -16910 1212732992
4005.62 -16173.5 1212733061
4399.18 -16008.6 1212733118
4375.24 -16198 1212733234
4508.2 -15928.4 1212733432
