-5710.15 484.549 1212160217
-6156.9 457.752 1212160270
-6229.58 62.5208 1212160337
-6205.65 -381.813 1212160401
-6178.17 -875.241 1212160451
-6148.92 -1421.1 1212160513
-5749.15 -1614.21 1212160574
-5749.15 -1614.21 1212160586
-5244.8 -1585.19 1212160634
-4154.53 -1524.91 1212160770
-4066.78 -1311.71 1212160816
-4066.78 -1311.71 1212160833
-3674.99 -1290.5 1212160876
-3315.12 -915.428 1212160983
-3347.91 -639.694 1212161022
-3512.78 -840.635 1212161080
-3484.42 -1350.78 1212161139
-3471.12 -1618.68 1212161167
-3463.14 -1616.44 1212161304
-3463.14 -1616.44 1212161369
-3463.14 -1616.44 1212161429
-3464.03 -1615.33 1212161499
-3494.17 -1090.69 1212161560
-3518.99 -659.788 1212161621
-3541.15 -271.29 1212161695
-3447.19 -24.5616 1212161752
-2530.66 27.911 1212161863
-1981.09 348.336 1212161995
-1968.68 336.055 1212162042
-1965.14 360.617 1212162049
-1600.83 471.15 1212162105
-1260.45 622.996 1212162226
-995.421 781.544 1212162298
-979.466 789.36 1212162309
-998.967 781.544 1212162372
-998.967 781.544 1212162393
-882.849 1313.04 1212162492
-891.713 1366.63 1212162557
-941.351 1669.25 1212162612
-996.307 2018.77 1212162683
-948.442 2813.91 1212162806
-377.604 2912.19 1212162850
328.852 3023.87 1212162910
866.007 3112.1 1212162975
1242.73 3175.77 1212163026
1602.6 3224.91 1212163092
1997.93 3287.45 1212163158
2416.31 3365.64 1212163208
2666.27 3401.38 1212163272
2918.01 3437.12 1212163335
2910.92 3425.95 1212163348
2907.37 3420.36 1212163359
2988.04 3376.81 1212163571
2898.51 3347.77 1212163635
2671.59 3313.14 1212163683
2221.3 3229.38 1212163739
2073.28 3348.88 1212163800
2064.41 3398.03 1212163805
2171.67 3539.87 1212163866
2284.24 3556.63 1212163941
2338.31 3566.68 1212163998
2621.95 3623.64 1212164061
2751.37 3589.02 1212164123
2774.41 3679.49 1212164167
2840.89 4256.97 1212164288
2918.9 4585.38 1212164357
3155.56 4424.52 1212164465
3167.97 4344.1 1212164520
2583.84 4224.58 1212164596
2157.48 4583.15 1212164715
2093.66 4632.3 1212164728
2481.9 4515 1212164838
2781.51 4451.33 1212164899
3076.68 4249.15 1212164959
3299.16 3930.81 1212165034
3524.3 3788.95 1212165200
3521.65 3796.77 1212165212
3400.21 3795.65 1212165332
3456.94 3874.96 1212165563
3481.76 3892.83 1212165674
3214.07 3709.65 1212165791
2896.74 3678.37 1212165911
2513.81 3586.79 1212165988
2259.42 3556.63 1212166097
2252.33 3334.36 1212166152
2299.31 3354.47 1212166190
2303.74 3358.94 1212166248
2303.74 3358.94 1212166265
2410.99 3328.78 1212166293
2420.74 3488.5 1212166356
2070.62 3441.59 1212166412
1820.65 3392.44 1212166471
1376.57 3294.16 1212166536
1193.97 3294.16 1212166587
1037.08 3370.1 1212166647
944.896 3956.5 1212166718
851.825 4491.55 1212166761
840.302 4567.51 1212166822
356.331 4501.6 1212166883
-166.642 4422.29 1212166941
-475.994 4408.89 1212167021
-598.316 4456.92 1212167068
-607.18 4459.15 1212167084
-619.59 4393.25 1212167091
-590.339 4165.37 1212167152
-526.518 3797.89 1212167216
-504.358 3625.88 1212167266
-442.311 3250.6 1212167326
-416.605 3057.38 1212167391
-401.537 2957.98 1212167447
-386.468 2816.14 1212167507
-286.305 2291.25 1212167567
-255.282 2010.95 1212167636
-182.597 1612.3 1212167691
-148.914 1324.2 1212167749
-13.2959 988.107 1212167807
7.97755 554.889 1212167867
40.7741 308.143 1212167934
39.8877 301.444 1212167945
53.1837 111.645 1212167997
67.366 -64.7532 1212168024
88.6394 -254.544 1212168099
61.1612 79.2675 1212168149
-27.4782 89.3155 1212168196
-139.164 181.981 1212168243
-399.764 113.877 1212168305
-665.682 -246.729 1212168373
-786.232 -190.909 1212168386
-684.297 -386.279 1212168512
-688.728 -355.02 1212168566
-687.842 -356.136 1212168630
-692.274 -348.321 1212168664
-866.007 -39.0752 1212168724
-355.444 228.873 1212168784
-235.781 194.263 1212168844
-162.21 184.214 1212168904
382.036 286.93 1212168974
1011.38 332.705 1212169025
1393.41 366.2 1212169089
1609.69 371.782 1212169145
1847.25 31.2603 1212169205
1880.04 -494.567 1212169263
1930.57 -1053.85 1212169329
2131.78 -1323.99 1212169383
2878.12 -1195.62 1212169434
3373.62 -1171.06 1212169504
3741.47 -981.29 1212169554
3604.08 -980.174 1212169606
3612.06 -975.709 1212169667
3611.17 -974.593 1212169749
3612.06 -973.476 1212169792
3580.15 -1106.32 1212169847
1954.5 -1319.52 1212170029
1555.62 -1246.97 1212170090
1537.89 -866.31 1212170193
1533.46 -846.216 1212170195
1494.46 -436.516 1212170255
1457.23 75.9182 1212170315
1437.73 379.598 1212170381
1411.14 706.736 1212170435
1235.63 715.668 1212170502
1200.18 853.003 1212170558
1189.54 1053.99 1212170622
1174.47 1343.19 1212170740
1169.15 1339.84 1212170759
1182.45 1352.12 1212170796
1178.02 1363.28 1212170802
1313.64 1660.31 1212170858
1292.36 1805.48 1212170928
1186.88 2466.58 1212170978
1132.81 2889.85 1212171038
1338.46 2979.2 1212171099
1645.15 3026.11 1212171159
1942.98 3066.31 1212171215
1942.98 3066.31 1212171227
1946.52 3087.53 1212171283
2250.56 3114.34 1212171339
2423.4 3133.33 1212171402
2432.27 3112.1 1212171523
2492.54 3098.7 1212171614
2426.06 3107.64 1212171685
2449.11 3095.35 1212171865
2445.56 3096.47 1212171912
2446.45 3096.47 1212171973
2476.59 3083.07 1212172095
2497.86 3080.83 1212172163
2490.77 3073.01 1212172177
2356.92 3027.22 1212172292
2124.69 3088.65 1212172345
2065.3 3463.92 1212172410
2189.39 3645.98 1212172465
2143.3 3916.29 1212172525
2116.71 4095 1212172595
2053.78 4481.49 1212172646
1998.82 4845.66 1212172769
1945.64 5174.09 1212172827
2005.02 5304.8 1212172895
1883.59 5282.46 1212172945
1883.59 5281.34 1212172946
1269.32 5183.03 1212173152
1053.92 5035.57 1212173222
945.783 4847.89 1212173282
983.011 4621.13 1212173340
1005.17 4427.87 1212173392
1026.44 4302.77 1212173439
1026.44 4301.65 1212173441
666.569 4227.93 1212173533
464.471 4196.65 1212173597
202.984 4155.32 1212173655
-25.7054 4413.35 1212173796
-35.4558 4482.61 1212173820
-327.08 4497.13 1212173930
-546.019 4460.27 1212174000
-413.06 4364.2 1212174055
152.46 4148.62 1212174192
424.583 4188.83 1212174230
1010.49 4283.78 1212174352
1209.93 4140.8 1212174416
1213.47 4119.58 1212174425
932.487 4067.08 1212174491
844.734 4541.81 1212174546
846.507 4554.1 1212174612
150.687 4462.5 1212174662
-286.305 4392.13 1212174723
-482.199 4479.26 1212174782
-600.975 4664.69 1212174844
-642.636 4654.64 1212174851
-566.406 4470.32 1212174911
-508.79 4465.85 1212174966
-391.786 4493.78 1212175032
-326.193 4498.25 1212175096
-198.552 4512.77 1212175106
-77.1163 4412.24 1212175166
233.122 4470.32 1212175231
712.661 4480.38 1212175287
790.664 3966.55 1212175407
852.711 3590.14 1212175467
1133.7 3356.7 1212175532
1295.02 3391.33 1212175587
1572.46 3434.88 1212175651
1981.98 3495.2 1212175709
2333.88 3548.81 1212175770
2621.95 3596.84 1212175830
2626.39 3573.38 1212175871
2645 3577.85 1212175877
2738.07 3595.72 1212175933
2827.6 3528.71 1212175993
2816.96 3495.2 1212176053
2804.55 3570.03 1212176113
2830.26 3511.95 1212176173
2823.17 3539.87 1212176230
2825.83 3503.02 1212176299
2825.83 3537.64 1212176350
2828.48 3539.87 1212176410
2826.71 3585.67 1212176467
2838.23 3549.93 1212176485
2780.62 3467.27 1212176545
2704.39 3945.33 1212176605
2659.18 4221.22 1212176666
2638.8 4224.58 1212176733
2429.61 4184.36 1212176786
1256.02 4008.99 1212176906
1256.02 4008.99 1212176913
1224.11 4019.05 1212176974
1226.77 4016.81 1212176997
1146.99 3983.3 1212177057
1111.54 3981.07 1212177117
1087.61 3925.22 1212177177
1153.2 3447.17 1212177238
1193.09 3285.22 1212177307
1246.27 2907.72 1212177358
1251.59 2906.6 1212177372
1250.7 2897.67 1212177378
1304.77 2552.58 1212177449
1714.29 2603.95 1212177503
2022.75 2655.32 1212177564
2134.44 2688.82 1212177606
2140.64 2689.94 1212177607
2307.28 2724.56 1212177664
2399.47 2744.67 1212177724
2344.51 2813.91 1212177757
2173.44 2861.93 1212177816
2217.76 3107.64 1212177877
2396.81 3133.33 1212177937
2408.33 3113.22 1212177966
2421.63 3115.46 1212178026
2412.77 3105.4 1212178086
2414.54 3105.4 1212178106
2215.1 2930.06 1212178179
1425.32 2869.75 1212178235
1191.31 2842.95 1212178286
613.385 2763.65 1212178357
-158.665 2644.15 1212178407
-575.27 2561.51 1212178472
-1013.15 2504.55 1212178527
-1037.97 2235.41 1212178587
-1010.49 2063.44 1212178647
-944.896 1658.08 1212178712
-964.397 1114.28 1212178832
-964.397 1114.28 1212178852
-964.397 1113.16 1212178865
-983.011 1066.27 1212178901
-915.645 611.831 1212178971
-988.33 197.612 1212179037
-953.76 -123.924 1212179082
-752.549 -212.121 1212179126
-751.662 -213.237 1212179127
-569.065 100.48 1212179189
-34.5694 225.524 1212179247
55.8428 133.974 1212179309
67.366 -45.7738 1212179346
160.437 78.151 1212179402
59.3884 156.303 1212179477
47.8653 272.415 1212179488
15.9551 692.221 1212179548
-78.0027 800.525 1212179608
-266.805 946.794 1212179655
-279.214 925.58 1212179791
-129.414 790.476 1212179847
33.683 447.704 1212179906
54.9565 157.419 1212179966
71.7979 11.1644 1212180086
75.3435 14.5137 1212180191
166.642 -81.4996 1212180247
664.796 -116.109 1212180308
886.394 -378.464 1212180368
939.578 -1047.15 1212180429
1454.57 -1344.08 1212180555
1739.11 -1337.38 1212180611
2283.35 -1322.87 1212180671
2751.37 -1514.87 1212180740
2657.41 -2981.46 1212180791
2986.26 -3868.66 1212180822
3777.81 -6761.71 1212180923
4041.07 -8225.14 1212180963
4018.03 -9732.91 1212181017
3040.33 -10905.9 1212181052
2556.36 -12308.4 1212181101
2787.71 -13813.2 1212181164
3061.61 -15279.8 1212181210
4069.44 -16165.7 1212181335
4034.87 -16132.3 1212181378
4029.55 -16124.5 1212181389
3652.83 -16300.5 1212181447
4258.24 -16096.6 1212181505
4402.72 -16024.2 1212181566
