-5674.7 338.288 1211218188
-6250.85 241.154 1211218277
-6537.16 416.442 1211218350
-6666.57 1182.39 1211218394
-6104.6 1282.89 1211218454
-5399.03 1325.32 1211218515
-5060.43 1550.88 1211218575
-4832.62 1569.86 1211218610
-5351.16 1431.4 1211218687
-5352.94 1374.45 1211218721
-4868.96 1565.4 1211218787
-4325.6 1595.55 1211218845
-4320.29 1783.15 1211218906
-4319.4 1785.38 1211218924
-4319.4 1785.38 1211218928
-4335.36 2006.49 1211218982
-4184.67 2026.59 1211219068
-4326.49 2233.18 1211219131
-4392.97 2229.83 1211219215
-3950.66 2246.58 1211219270
-3601.42 2265.57 1211219339
-3286.75 2284.55 1211219404
-2738.07 2313.59 1211219445
-2685.78 2309.12 1211219476
-2491.65 2121.51 1211219553
-2808.98 2156.13 1211219619
-2816.96 2304.65 1211219680
-3216.73 2294.6 1211219735
-3271.68 2292.37 1211219801
-4057.03 2243.23 1211219856
-4149.21 2051.15 1211219916
-4222.78 1759.7 1211220012
-4228.99 1766.4 1211220042
-4254.69 2199.68 1211220125
-4267.1 2529.12 1211220183
-3901.02 2682.12 1211220243
-3318.66 2721.21 1211220315
-2962.33 2740.2 1211220364
-2553.7 2779.29 1211220424
-1927.02 2890.97 1211220484
-1327.82 2972.5 1211220547
-1037.97 3043.98 1211220606
-1043.29 3036.16 1211220666
-1044.17 3030.57 1211220717
-1044.17 3030.57 1211220719
-1138.13 3027.22 1211220783
-1618.56 2928.94 1211220844
-1755.95 2663.14 1211220905
-1602.6 2672.07 1211220930
-1110.65 2773.7 1211220980
-959.965 2888.74 1211221045
-964.397 2957.98 1211221102
-953.76 3029.46 1211221165
-389.127 3117.69 1211221241
111.686 3201.45 1211221301
378.49 3249.48 1211221362
691.388 3301.97 1211221398
908.554 3332.13 1211221453
1040.63 3347.77 1211221514
1290.59 3399.14 1211221575
1444.82 3418.13 1211221635
1717.83 3452.75 1211221695
2115.82 3515.3 1211221756
2368.45 3473.98 1211221816
2431.38 3205.92 1211221882
2332.99 3008.24 1211221938
2313.49 2906.6 1211221998
2313.49 2641.92 1211222150
2308.17 2614 1211222210
2323.24 2850.76 1211222333
2325.9 2853 1211222397
2332.1 2835.13 1211222456
2355.15 2840.71 1211222515
2348.06 2834.01 1211222566
2195.6 2923.36 1211222625
1872.07 2911.07 1211222684
1100.9 2836.24 1211222754
696.706 2779.29 1211222825
242.872 2721.21 1211222885
190.575 2975.85 1211222925
191.461 2976.97 1211222940
193.234 3057.38 1211223061
149.801 3282.99 1211223159
150.687 3303.09 1211223163
444.084 3251.71 1211223223
906.782 3236.08 1211223282
983.011 2694.41 1211223344
1040.63 2286.78 1211223414
1092.92 1965.17 1211223478
1191.31 1471.6 1211223533
1083.17 1426.93 1211223589
2444.68 970.242 1211223705
2691.09 692.221 1211223769
2792.14 -3280.55 1211223936
4041.07 -8200.6 1211224099
