-2087.46 -4338.45 1212119838
-2083.03 -4333.98 1212119898
-2083.03 -4333.98 1212119910
-2085.69 -4333.98 1212119938
-2086.57 -4298.28 1212119996
-1826.86 -4279.31 1212120054
-1620.33 -4105.23 1212120119
-1190.43 -4156.56 1212120174
-1038.85 -4157.68 1212120234
-250.85 -3338.59 1212120294
224.258 -3171.19 1212120316
2264.74 -2939.05 1212120397
3003.99 -3936.73 1212120462
3506.58 -5339.3 1212120511
3784.9 -6834.22 1212120565
4052.6 -8327.75 1212120620
3960.41 -9831.04 1212120677
2923.33 -11006.3 1212120734
2563.45 -12490.1 1212120804
2814.3 -13964.8 1212120859
3113.9 -15451.4 1212120899
