-5491.21 485.665 1212444139
-5309.5 -317.062 1212444206
-5155.27 -3047.31 1212444379
-4318.51 -3612 1212444469
-2262.08 -5525.62 1212444748
-1907.52 -5573.6 1212444808
-1245.38 -5007.93 1212444864
-1070.76 -4089.61 1212444914
1350.87 -3172.3 1212445002
2730.09 -2713.61 1212445050
3616.49 -1735.88 1212445110
3826.56 -1133.11 1212445185
3663.47 -979.058 1212445242
3616.49 -932.173 1212445292
3628.01 -973.476 1212445352
3624.47 -976.825 1212445412
3620.92 -975.709 1212445476
3623.58 -975.709 1212445532
3623.58 -975.709 1212445602
3622.69 -975.709 1212445652
3623.58 -975.709 1212445718
3623.58 -976.825 1212445769
3623.58 -976.825 1212445845
3623.58 -975.709 1212445896
3623.58 -975.709 1212445949
3623.58 -976.825 1212446010
3624.47 -976.825 1212446075
3624.47 -976.825 1212446143
3624.47 -976.825 1212446194
3624.47 -976.825 1212446251
3575.72 -1046.04 1212446372
3640.42 -1149.85 1212446415
3989.66 -850.682 1212446477
3815.04 413.093 1212446525
3156.45 1543.06 1212446587
2936.62 1785.38 1212446645
2762.89 1878.06 1212446705
2585.61 1697.16 1212446776
2505.84 1601.13 1212446818
2504.95 1602.25 1212446876
2497.86 1620.11 1212446933
2501.41 1613.41 1212446995
2496.97 1623.46 1212447066
2502.29 1607.83 1212447116
2503.18 1603.36 1212447174
2504.06 1602.25 1212447241
2503.18 1602.25 1212447286
2495.2 1623.46 1212447367
2501.41 1614.53 1212447460
2494.31 1637.98 1212447525
2497.86 1624.58 1212447580
2441.13 1543.06 1212447640
2573.2 1412.42 1212447706
2826.71 1677.06 1212447755
2926.87 1769.75 1212447820
3119.22 1952.88 1212447876
3448.07 2281.2 1212447936
3605.85 2691.06 1212447996
3336.39 2962.45 1212448056
3238.89 3181.35 1212448126
3243.32 3204.8 1212448145
3401.98 3391.33 1212448210
3334.62 3590.14 1212448277
3466.69 3849.27 1212448333
3269.91 3823.58 1212448385
3268.14 3823.58 1212448392
3035.9 3862.67 1212448464
3369.19 3401.38 1212448580
3738.81 2856.35 1212448624
3980.8 2296.84 1212448754
3980.8 2309.12 1212448758
3644.85 1949.53 1212448828
3370.96 1665.9 1212448882
3028.81 1326.44 1212448936
2894.96 1428.05 1212448989
2703.5 1269.49 1212449031
2473.04 860.819 1212449096
2579.41 645.327 1212449155
2629.05 634.161 1212449221
2629.05 635.278 1212449274
2628.16 636.395 1212449343
2629.05 635.278 1212449399
2629.05 634.161 1212449465
2629.93 634.161 1212449513
2629.93 634.161 1212449579
2630.82 630.812 1212449633
2630.82 634.161 1212449694
2630.82 634.161 1212449758
2629.93 634.161 1212449823
2629.05 634.161 1212449874
2629.05 631.928 1212449935
2629.05 630.812 1212449995
2629.05 630.812 1212450065
2629.05 630.812 1212450089
2629.05 633.045 1212450143
2631.71 631.928 1212450209
2630.82 631.928 1212450264
2627.27 638.628 1212450320
2630.82 626.346 1212450388
2629.05 626.346 1212450450
2628.16 635.278 1212450501
2628.16 633.045 1212450571
2626.39 638.628 1212450621
