4182.9 -9303.58 1212359689
4182.9 -9303.58 1212359727
3479.1 -5232.19 1212359785
2997.79 -3789.43 1212359840
3145.81 -2298.42 1212359875
3923.18 -1009.2 1212359924
3785.79 501.296 1212359979
3656.38 1751.88 1212360044
3775.15 1864.66 1212360103
3778.7 2119.27 1212360158
3573.94 2313.59 1212360219
3431.23 2466.58 1212360257
3257.5 2651.97 1212360317
3173.29 2736.85 1212360318
3125.43 2793.81 1212360379
2913.58 2840.71 1212360439
3066.04 2447.6 1212360514
2692.87 1761.93 1212360569
2710.59 587.268 1212360623
2906.49 -859.612 1212360697
2758.46 -3195.74 1212360777
3208.75 -4631.91 1212360809
4047.28 -8253.02 1212360926
