1059.24 4115.11 1212638002
1070.76 4041.39 1212638003
1074.31 4015.7 1212638004
1301.23 2567.09 1212638163
1308.32 2557.04 1212638182
1392.53 2048.92 1212638242
1418.23 1910.45 1212638308
1644.26 1794.31 1212638327
1674.4 1615.65 1212638353
1458.12 1728.43 1212638462
1443.94 1774.21 1212638484
1967.8 1468.25 1212638545
2668.05 851.887 1212638605
2889.65 -668.719 1212638665
2471.27 -2146.63 1212638722
2902.06 -3617.58 1212638776
3340.82 -5048.09 1212638829
3727.29 -6480.59 1212638863
3987 -7973.07 1212638913
4120.85 -9476.43 1212638952
3278.77 -10714.1 1212639014
2536.86 -12029.7 1212639053
2686.66 -13526.8 1212639100
2817.85 -14314.7 1212639129
2815.19 -14379.4 1212639142
3299.16 -14232.3 1212639210
3245.98 -14245.6 1212639250
3245.98 -14244.5 1212639310
3240.66 -14253.4 1212639386
3238.89 -14247.9 1212639440
3183.93 -14284.7 1212639491
3171.52 -15353.4 1212639552
3540.26 -16118.9 1212639623
3693.61 -16209.2 1212639673
3946.23 -16193.6 1212639734
4425.77 -16077.7 1212639866
4394.74 -16047.6 1212639926
4395.63 -16047.6 1212639986
4395.63 -16047.6 1212640046
4408.04 -16030.9 1212640120
4401.83 -16008.6 1212640406
4325.6 -16183.5 1212640431
4537.45 -16064.3 1212640604
4205.94 -16086.6 1212640654
3380.71 -16142.3 1212640715
2965.88 -14670.3 1212640768
2637.02 -13197.9 1212640813
2577.64 -11661.8 1212640859
3500.37 -10501.2 1212640906
4197.96 -9141.88 1212640956
3948 -7635.11 1212640999
3693.61 -6150.38 1212641043
3230.91 -4678.77 1212641091
2809.87 -3238.15 1212641147
3448.96 -1896.61 1212641199
3863.79 -454.378 1212641240
3422.37 1001.51 1212641290
3090.86 1623.46 1212641350
2678.68 2038.87 1212641415
2405.67 2314.7 1212641471
2161.92 2846.3 1212641532
2202.69 2865.28 1212641578
2203.58 2873.1 1212641580
2340.97 2746.9 1212641640
2438.47 2676.54 1212641667
2724.78 2393.99 1212641722
2824.05 1887 1212641792
3087.31 1610.06 1212641842
3807.06 288.046 1212641901
3799.97 -1257.01 1212641948
2973.85 -2535.04 1212641995
3064.27 -4103 1212642050
3560.65 -5531.2 1212642097
3824.79 -7026.08 1212642141
4088.94 -8496.15 1212642183
3831.88 -10042.9 1212642233
2801.01 -11130 1212642269
2571.43 -12591.6 1212642313
2831.14 -14088.5 1212642358
3142.27 -15571.8 1212642406
4190.87 -16110 1212642474
4415.13 -15991.9 1212642520
4282.17 -16162.4 1212642593
4463 -15925 1212642658
4278.63 -15916.1 1212642820
4315.85 -15931.7 1212642902
3438.32 -16151.2 1212642958
2976.51 -14738.2 1212643015
2643.23 -13243.6 1212643054
2552.82 -11762.2 1212643102
3452.51 -10546.9 1212643145
4193.53 -9237.78 1212643190
3971.93 -7742.19 1212643249
3704.24 -6239.63 1212643299
3242.43 -4788.12 1212643355
2821.39 -3347.51 1212643408
2629.05 -1857.54 1212643457
2858.62 -371.765 1212643515
2630.82 913.297 1212643567
1498.89 1110.93 1212643639
1008.72 1061.8 1212643688
631.113 869.752 1212643748
288.078 520.277 1212643805
-145.369 181.981 1212643865
-145.369 173.05 1212643894
-143.596 147.371 1212643916
-30.1374 79.2675 1212643955
340.375 561.588 1212644016
770.277 986.991 1212644076
1033.54 1253.86 1212644136
1024.67 1706.1 1212644199
1004.28 1837.86 1212644224
1004.28 1837.86 1212644225
1005.17 1840.1 1212644251
1198.41 1493.93 1212644311
1363.27 1299.64 1212644372
1398.73 737.999 1212644427
1399.62 736.882 1212644429
1277.29 535.908 1212644489
837.643 505.762 1212644553
610.726 790.476 1212644609
577.929 1108.7 1212644669
453.834 1378.92 1212644734
412.173 1637.98 1212644789
371.399 1847.91 1212644836
349.239 2025.47 1212644907
284.533 2379.48 1212645041
280.101 2371.66 1212645103
280.101 2370.54 1212645161
276.555 2357.14 1212645175
250.85 2358.26 1212645196
292.51 2372.78 1212645249
781.8 2780.4 1212645310
1116.86 2733.5 1212645369
1288.82 2753.6 1212645434
1802.93 2826.19 1212645490
2284.24 2889.85 1212645556
2590.04 2930.06 1212645611
2818.73 3071.9 1212645671
2976.51 3219.32 1212645731
3595.22 3055.14 1212645795
3748.56 3128.86 1212645840
3897.48 3052.91 1212645894
3897.48 3051.79 1212645903
3880.63 3010.47 1212645959
3886.84 3021.64 1212645977
3891.27 3023.87 1212646039
3825.68 3193.64 1212646106
3411.73 3452.75 1212646164
2972.97 2942.34 1212646220
2730.98 3296.39 1212646280
2272.72 3224.91 1212646340
1557.4 3107.64 1212646400
1120.4 3057.38 1212646460
664.796 2971.38 1212646520
370.513 2943.46 1212646580
352.785 2932.29 1212646640
374.058 2943.46 1212646701
375.831 2942.34 1212646761
379.377 2946.81 1212646830
368.74 2941.23 1212646881
369.626 2946.81 1212646941
369.626 2941.23 1212647001
364.308 2935.64 1212647072
374.945 2946.81 1212647122
366.081 2938.99 1212647182
358.103 2932.29 1212647252
368.74 2942.34 1212647307
379.377 2947.93 1212647364
374.058 2949.04 1212647422
358.99 2927.82 1212647483
378.49 2953.51 1212647543
375.831 2952.39 1212647554
256.168 2902.14 1212647638
228.69 2898.79 1212647698
159.551 3271.82 1212647764
415.719 3363.4 1212647812
79.7755 3307.56 1212647873
-421.924 3222.67 1212647932
-717.093 3182.47 1212647992
-983.898 2922.24 1212648053
-1019.35 2519.07 1212648112
-968.829 1815.53 1212648172
-957.306 1759.7 1212648192
-956.42 1759.7 1212648205
-905.895 1450.38 1212648254
-863.348 1165.64 1212648316
-1049.49 1086.37 1212648339
-1394.3 1037.24 1212648399
-1580.44 1020.49 1212648423
-1638.94 1406.83 1212648516
-1702.76 1732.9 1212648581
-1813.56 2320.29 1212648638
-2233.71 2362.72 1212648698
-2257.65 2551.46 1212648752
-2257.65 2553.69 1212648755
-2355.15 2332.57 1212648814
-1757.72 2117.04 1212648874
-1683.26 1649.15 1212648934
-1682.38 1645.8 1212648964
-1625.65 1294.05 1212649005
-1610.58 1202.49 1212649084
-1335.8 1477.18 1212649149
