3584.58 -981.29 1212145083
3575.72 -982.407 1212145143
3575.72 -982.407 1212145203
3577.49 -991.337 1212145263
3933.82 -1120.83 1212145326
3893.04 -557.084 1212145384
3500.37 883.15 1212145442
2954.35 1763.05 1212145502
2699.07 2090.24 1212145562
2586.5 2531.36 1212145622
2376.42 2854.11 1212145682
2428.72 2953.51 1212145742
2429.61 2946.81 1212145802
2418.08 2938.99 1212145863
2431.38 2951.28 1212145922
2426.95 3194.75 1212145982
2364.9 3274.05 1212146043
2363.13 3284.1 1212146103
2106.96 3285.22 1212146163
2164.58 3529.82 1212146223
2057.32 3681.72 1212146284
2000.59 3780.02 1212146343
2180.53 3537.64 1212146409
1931.45 3953.15 1212146489
2149.51 3590.14 1212146548
2174.33 3545.46 1212146609
2137.1 3620.29 1212146648
2090.12 3717.47 1212146708
2129.12 3647.1 1212146768
2146.85 3614.71 1212146829
1955.39 4042.5 1212146883
1828.63 4339.63 1212146905
2171.67 3563.33 1212146991
2164.58 3581.2 1212147050
2158.37 3595.72 1212147110
1976.66 4025.75 1212147170
1730.24 4620.01 1212147231
1771.9 4522.82 1212147290
1771.9 4532.88 1212147351
1859.66 4302.77 1212147416
1853.45 4321.76 1212147452
2314.38 3240.54 1212147534
1794.95 3530.94 1212147602
1657.56 4150.85 1212147672
1630.97 4497.13 1212147723
1666.42 4531.76 1212147768
2151.28 4574.21 1212147828
2484.56 4288.25 1212147888
2841.78 3965.43 1212147949
2849.76 3666.09 1212147998
2848.87 3664.97 1212147999
2464.18 3593.49 1212148059
2098.1 3524.24 1212148119
1701.88 3458.34 1212148179
1213.47 3387.97 1212148240
1052.15 3357.82 1212148264
762.299 3313.14 1212148324
710.888 3295.27 1212148389
711.775 3294.16 1212148444
710.888 3295.27 1212148488
912.986 3221.56 1212148548
1029.1 2491.15 1212148608
1097.36 1753 1212148668
1058.35 1407.95 1212148728
2466.84 965.776 1212148788
2822.28 -323.761 1212148848
2642.34 -1822.94 1212148896
2817.85 -3365.37 1212148950
3253.07 -4856.18 1212148998
3698.92 -6319.95 1212149043
4015.37 -8133.68 1212149098
4067.66 -9622.51 1212149143
4067.66 -9622.51 1212149158
3029.7 -15171.7 1212149362
4438.18 -16213.6 1212149470
4519.73 -16165.7 1212149526
4519.73 -16166.8 1212149529
4522.38 -16171.3 1212149589
4523.27 -16172.4 1212149612
4280.4 -15930.6 1212149677
3296.5 -15970.7 1212149733
2628.16 -13011.8 1212149824
2625.5 -11497.9 1212149868
4193.53 -8998.02 1212149954
3932.93 -7500.15 1212149998
3667.01 -6018.74 1212150041
3214.07 -4591.74 1212150093
2714.14 -2951.33 1212150141
2746.05 -2766.07 1212150176
3673.22 -1595.23 1212150199
3854.04 -63.6367 1212150251
3349.68 1345.42 1212150308
2814.3 1907.1 1212150367
2847.99 2241 1212150427
2655.64 2458.77 1212150487
2394.15 2796.04 1212150548
2167.23 2882.03 1212150608
2113.16 3201.45 1212150668
2145.07 3525.35 1212150790
2145.07 3525.35 1212150818
1334.91 3356.7 1212150870
1162.95 3290.8 1212150967
1170.04 3287.45 1212151023
1178.9 3284.1 1212151084
1179.79 3282.99 1212151147
1169.15 3312.03 1212151199
1107.99 3862.67 1212151259
1014.92 4489.31 1212151319
1058.35 5038.92 1212151379
1706.31 5143.93 1212151441
1992.61 5195.32 1212151500
1989.96 5194.2 1212151569
1989.07 5196.44 1212151629
1991.73 5197.55 1212151685
1991.73 5197.55 1212151740
1988.18 5199.79 1212151807
1987.3 5197.55 1212151860
1987.3 5197.55 1212151877
1992.61 5197.55 1212151920
1894.22 5281.34 1212151980
2003.25 5301.45 1212152040
2013 5300.33 1212152100
2009.46 5304.8 1212152160
2008.57 5301.45 1212152221
2007.68 5302.57 1212152281
2007.68 5301.45 1212152342
2008.57 5305.92 1212152402
1941.2 5289.16 1212152464
1532.58 5229.95 1212152529
1336.68 5206.49 1212152584
931.601 5019.93 1212152651
523.859 4850.13 1212152709
384.695 4824.43 1212152774
-69.1388 4756.29 1212152830
-254.395 4875.82 1212152885
-546.905 4849.01 1212152947
-488.403 4479.26 1212153007
-434.333 4160.91 1212153068
-359.876 3707.41 1212153134
-674.546 3073.01 1212153251
-674.546 3073.01 1212153264
-1478.51 2951.28 1212153311
-2122.91 2853 1212153436
-2121.14 2853 1212153495
-2124.69 2854.11 1212153553
-2123.8 2854.11 1212153597
-2122.03 2853 1212153663
-2120.26 2848.53 1212153715
-2120.26 2848.53 1212153728
-2121.14 2858.58 1212153772
-2120.26 2850.76 1212153892
-2121.14 2850.76 1212153964
-2120.26 2851.88 1212154012
-2120.26 2848.53 1212154077
-1998.82 2864.16 1212154137
-1324.27 2971.38 1212154194
-751.662 3065.2 1212154252
-620.476 3085.3 1212154278
126.754 3201.45 1212154347
758.754 3304.21 1212154398
915.645 3338.83 1212154462
1242.73 3393.56 1212154518
1285.27 3402.49 1212154538
1634.51 3371.22 1212154599
1698.33 3040.63 1212154659
2557.25 3155.66 1212154714
2602.45 2917.77 1212154775
3147.59 2364.96 1212154836
3412.62 2085.77 1212154905
3660.81 1850.15 1212154956
3659.92 1850.15 1212154967
3635.1 1880.3 1212155027
3533.17 1821.11 1212155084
3526.96 1797.66 1212155143
3526.08 1798.78 1212155212
3526.08 1799.9 1212155264
3540.26 1805.48 1212155383
3542.03 1802.13 1212155443
3541.15 1811.06 1212155503
3538.49 1818.88 1212155564
3534.94 1814.41 1212155630
3537.6 1823.35 1212155687
3543.8 1821.11 1212155747
3549.12 1813.3 1212155800
3540.26 1820 1212155859
3544.69 1820 1212155921
3547.35 1825.58 1212155980
3549.12 1825.58 1212156041
3551.78 1824.46 1212156100
3548.24 1826.7 1212156161
3548.24 1824.46 1212156221
3550.9 1822.23 1212156284
3548.24 1825.58 1212156342
3548.24 1824.46 1212156403
3550.9 1824.46 1212156471
3550.9 1824.46 1212156528
3550.9 1823.35 1212156600
3553.56 1820 1212156646
3553.56 1820 1212156706
3552.67 1824.46 1212156776
3551.78 1822.23 1212156826
3550.9 1822.23 1212156888
3782.25 2096.94 1212156947
3987 2292.37 1212157007
4166.94 2442.01 1212157071
4249.37 2935.64 1212157130
4091.6 3412.55 1212157187
3815.04 3791.19 1212157253
3437.44 4297.18 1212157308
3073.13 4811.03 1212157368
2854.19 5048.97 1212157428
2128.23 5093.66 1212157488
