2767.32 2443.13 1212592750
2739.85 2455.42 1212592825
2739.85 2448.72 1212592912
2850.64 2259.98 1212592974
3002.22 2387.29 1212593039
3058.06 2457.65 1212593109
4041.96 2229.83 1212593281
4045.5 2232.06 1212593305
3913.43 2041.1 1212593360
3863.79 2028.82 1212593404
3563.31 1857.96 1212593452
3545.58 1821.11 1212593512
3548.24 1822.23 1212593638
3549.12 1823.35 1212593699
3549.12 1823.35 1212593753
3553.56 1828.93 1212593818
3553.56 1828.93 1212593867
3556.21 1832.28 1212593927
3573.94 1824.46 1212593963
3711.33 1764.16 1212594046
3668.79 1646.91 1212594112
3667.01 1649.15 1212594189
3719.31 1731.78 1212594249
3849.61 2165.06 1212594371
3951.55 2343.74 1212594440
3757.43 2532.47 1212594456
3601.42 2683.24 1212594519
3339.05 2950.16 1212594578
3229.13 3070.78 1212594636
3207.86 3117.69 1212594702
3047.42 3257.3 1212594763
3195.45 3479.56 1212594813
3226.48 3446.05 1212594830
3401.98 3784.48 1212594962
3369.19 3839.21 1212595050
3076.68 3812.41 1212595096
2918.01 3821.34 1212595166
2803.67 3499.67 1212595253
2061.75 3405.84 1212595304
1804.7 3368.99 1212595364
1639.83 3310.91 1212595393
1637.17 3308.67 1212595400
1651.35 3238.31 1212595456
1770.13 3461.69 1212595523
2046.68 3511.95 1212595577
2197.37 3538.76 1212595636
2185.85 3530.94 1212595732
2219.53 3534.29 1212595797
2220.42 3529.82 1212595816
2219.53 3533.17 1212595872
2222.19 3535.41 1212595934
2219.53 3546.58 1212595993
2225.74 3530.94 1212596064
2222.19 3523.12 1212596113
2222.19 3529.82 1212596176
2222.19 3529.82 1212596193
2221.3 3524.24 1212596234
2198.26 3552.16 1212596294
2225.74 3520.89 1212596355
2192.05 3555.51 1212596415
2216.87 3520.89 1212596475
2227.51 3510.83 1212596546
2226.62 3515.3 1212596596
2226.62 3518.65 1212596656
2222.19 3520.89 1212596716
2215.99 3517.54 1212596778
2215.99 3520.89 1212596837
2223.08 3515.3 1212596868
2225.74 3514.19 1212596927
2212.44 3522 1212596987
2212.44 3522 1212597005
2245.24 3491.85 1212597047
2232.83 3504.13 1212597118
2223.96 3510.83 1212597171
2217.76 3520.89 1212597232
2230.17 3516.42 1212597288
2237.26 3490.73 1212597348
2243.46 3496.31 1212597408
2240.81 3503.02 1212597470
2236.37 3511.95 1212597529
2246.12 3514.19 1212597589
2245.24 3515.3 1212597604
2362.24 3491.85 1212597667
2373.76 3308.67 1212597726
2705.28 2792.69 1212597789
3191.91 2274.5 1212597847
2584.73 1327.55 1212597908
2647.66 -135.088 1212597969
2723 -1644.35 1212598024
2703.5 -3077.44 1212598089
3177.72 -4512.52 1212598139
4181.12 -9274.58 1212598302
3322.21 -16198 1212598562
4262.67 -16165.7 1212598637
4463 -16199.1 1212598683
4463 -16203.6 1212598708
4480.72 -16193.6 1212598776
4478.95 -16185.8 1212598806
