4501.11 -15925 1211477477
3899.25 -16811.9 1211477607
5081.7 -17743.3 1211477653
6000 -18500.8 1211477718
6634.66 -19080 1211477773
7117.75 -19282.8 1211477838
8187.63 -19344 1211477894
9151.14 -19424.2 1211477960
9199.89 -19475.4 1211478020
9069.59 -19373 1211478060
8858.63 -19359.6 1211478063
7599.06 -19321.7 1211478123
6657.71 -19105.7 1211478183
6554 -18819.4 1211478243
5447.78 -18002.9 1211478303
4306.1 -17050.4 1211478363
3887.73 -16205.8 1211478423
4292.81 -16144.5 1211478606
4478.06 -16176.8 1211478731
4247.6 -16010.8 1211478768
3537.6 -16072.1 1211478823
2979.17 -14755 1211478884
2550.16 -11781.1 1211478978
3440.1 -10561.4 1211479034
4184.67 -9292.43 1211479068
3973.71 -7779 1211479122
3706.02 -6292.06 1211479167
3275.23 -4867.34 1211479222
2880.78 -3414.47 1211479276
3156.45 -2279.45 1211479317
3928.5 -989.105 1211479365
3786.68 496.83 1211479417
3430.35 1536.36 1211479477
3870.88 2000.9 1211479543
3483.53 2043.34 1211479603
3482.64 2039.99 1211479620
3481.76 2026.59 1211479703
3479.98 2026.59 1211479712
3277.89 1834.51 1211479772
3332.84 1189.09 1211479832
