4212.15 -16062.1 1211177563
3478.21 -16380.8 1211177618
4619.89 -17356.7 1211177675
5755.36 -18288.1 1211177728
6986.56 -19218.2 1211177764
8469.5 -19330.7 1211177812
9831 -20008.9 1211177867
10845.9 -21182.7 1211177918
10845.9 -21182.7 1211177931
11840.5 -22343 1211177975
12749.9 -23567.6 1211178010
13657.6 -24802.1 1211178062
14602.5 -25994.1 1211178108
15618.3 -27121.4 1211178153
16641.2 -28258.6 1211178214
17724.3 -29325.5 1211178249
19073.4 -29893.9 1211178293
21921.4 -30633.6 1211178390
23256.3 -31286.5 1211178445
24470.7 -32177.3 1211178492
26861.3 -33936.5 1211178583
27940 -34960.4 1211178630
28916 -36124.3 1211178691
29874.2 -37266.8 1211178737
30990.1 -38305.9 1211178785
31685.1 -38793.7 1211178822
33079.4 -39364.9 1211178865
34478.1 -39779.3 1211178917
35373.3 -40123.7 1211178988
36225.2 -39864.9 1211179044
36084.2 -40552.6 1211179099
36195.9 -40093.7 1211179165
36262.4 -40113.7 1211179220
36441.4 -40209.3 1211179280
36452.1 -40212.6 1211179317
36453 -40213.7 1211179391
36453 -40212.6 1211179428
36453 -40212.6 1211179449
36453 -40212.6 1211179477
36308.5 -40187.1 1211179479
36309.4 -39428.2 1211179539
36228.7 -39682.6 1211179605
35594.1 -39969.3 1211179659
34363.7 -40791.4 1211179714
33168 -41662.3 1211179765
32099.9 -42364.3 1211179822
31803.8 -42836.3 1211179859
31719.6 -43034 1211179915
32088.4 -42407.6 1211179975
32184.1 -42263.2 1211180036
32558.2 -41674.5 1211180095
32458.9 -40197.1 1211180153
31870.3 -38844.9 1211180212
30658.6 -37982.5 1211180251
29608.2 -36924.5 1211180294
28658 -35789.7 1211180338
27711.3 -34656.9 1211180381
22999.3 -31077.4 1211180632
21608.5 -30563.6 1211180633
20140.7 -30328.9 1211180662
18795.1 -29718.2 1211180693
17440.7 -29110.8 1211180737
16401.8 -27965.9 1211180785
15404.6 -26861 1211180836
14411.9 -25757.1 1211180876
13510.4 -24576.1 1211180923
12605.4 -23348.3 1211180981
11686.2 -22128.1 1211181021
10716.5 -21009 1211181074
9748.57 -19890.9 1211181128
8400.36 -19309.5 1211181164
5774.86 -18273.6 1211181258
5062.2 -17481.5 1211181318
5019.65 -17344.5 1211181378
5019.65 -17345.6 1211181444
5019.65 -17344.5 1211181499
5019.65 -17345.6 1211181564
5020.54 -17344.5 1211181620
5020.54 -17344.5 1211181682
5020.54 -17344.5 1211181740
5020.54 -17344.5 1211181800
5018.77 -17343.4 1211181866
5016.11 -17356.7 1211181926
4308.76 -16998 1211181982
3819.47 -16345.1 1211182053
4239.62 -16112.2 1211182113
4178.46 -16086.6 1211182176
3228.25 -15693.3 1211182235
2966.76 -14666.9 1211182268
2641.46 -13171.2 1211182336
2575.86 -11662.9 1211182370
3510.12 -10486.7 1211182419
4205.06 -9161.95 1211182459
3966.62 -7687.54 1211182507
3706.9 -6228.47 1211182550
3261.93 -4795.93 1211182602
2827.6 -3349.75 1211182649
2640.57 -1865.36 1211182702
3122.77 -1712.44 1211182767
3046.54 -1850.85 1211182831
3051.86 -1850.85 1211182892
3007.54 -1595.23 1211182942
3417.05 -1185.57 1211183002
