1584.87 4816.61 1212159260
1413.8 4739.54 1212159289
1440.39 4569.74 1212159314
1472.3 4408.89 1212159345
1519.28 4105.06 1212159413
1574.24 3710.77 1212159466
1481.17 3528.71 1212159526
1328.71 3346.65 1212159587
1219.68 3260.65 1212159651
1075.2 3250.6 1212159706
958.192 3234.96 1212159768
788.005 3196.99 1212159827
221.599 3109.87 1212159888
-474.221 2994.84 1212159948
-959.079 2832.89 1212160008
-967.056 2483.34 1212160043
-909.441 2361.61 1212160106
-939.578 2175.11 1212160164
-991.875 2070.14 1212160201
-1513.96 1984.15 1212160266
-1601.71 1728.43 1212160373
-1604.37 1732.9 1212160470
-1729.36 1928.32 1212160493
-1816.22 2333.69 1212160537
-1672.63 2916.66 1212160723
-1036.2 3018.29 1212160773
-923.623 3020.52 1212160834
-442.311 3114.34 1212160899
90.4122 3198.1 1212160968
566.406 3277.4 1212161016
872.212 3327.66 1212161074
1084.95 3368.99 1212161136
1190.43 3404.73 1212161201
1191.31 3423.72 1212161256
1196.63 3424.83 1212161317
1195.75 3425.95 1212161338
1195.75 3425.95 1212161340
1175.36 3467.27 1212161364
1111.54 3842.57 1212161415
412.173 3763.26 1212161537
366.081 3807.94 1212161591
959.079 3956.5 1212161647
1100.02 3889.48 1212161703
1150.54 3584.55 1212161762
1295.91 3593.49 1212161822
1340.23 3393.56 1212161882
1596.4 3441.59 1212161928
2176.1 3534.29 1212162047
2572.32 3599.07 1212162118
2711.48 3623.64 1212162169
2801.89 3631.46 1212162227
2968.53 3709.65 1212162289
3299.16 3793.42 1212162359
3378.94 3787.83 1212162394
3417.05 3790.07 1212162400
3456.94 3715.23 1212162464
3477.33 3772.2 1212162521
3404.64 3784.48 1212162585
3448.07 3795.65 1212162640
3438.32 3782.25 1212162703
3431.23 3784.48 1212162766
3450.73 3791.19 1212162817
3488.85 3788.95 1212162897
3512.78 3802.36 1212162936
3436.55 3804.59 1212162992
3459.6 3836.98 1212163121
3467.58 3839.21 1212163152
3470.23 3848.15 1212163204
3488.85 3842.57 1212163316
3565.08 4079.37 1212163369
3201.66 4630.06 1212163426
3037.67 4860.18 1212163476
2903.83 5009.87 1212163540
2554.59 5267.93 1212163608
2302.85 5385.24 1212163657
2303.74 5384.12 1212163693
2201.8 5379.65 1212163710
2096.32 5399.76 1212163727
1925.25 5290.28 1212163771
1925.25 5290.28 1212163785
1083.17 5046.74 1212163897
926.282 4945.08 1212163957
979.466 4620.01 1212164022
1054.81 4137.45 1212164139
1098.24 3815.76 1212164162
1138.13 3605.77 1212164186
1178.02 3398.03 1212164261
1079.63 3241.66 1212164315
917.418 3236.08 1212164376
937.805 3028.34 1212164448
996.307 2712.28 1212164496
1101.79 1761.93 1212164609
1014.04 1680.41 1212164672
1047.72 1451.5 1212164745
1845.47 1042.82 1212164790
2444.68 -2319.63 1212164973
2845.33 -3454.65 1212165016
3074.9 -4156.56 1212165074
3259.27 -4877.38 1212165139
3487.08 -5279.05 1212165204
4018.91 -8112.49 1212165341
2732.75 -13646 1212165536
2857.74 -14267.9 1212165553
