-2864.83 -12042 1212196557
-2683.12 -11946.1 1212196617
-2685.78 -11945 1212196773
-2684.89 -11946.1 1212196834
-2699.07 -11945 1212196871
-2707.94 -11946.1 1212196882
-2548.38 -12004.1 1212196932
-2145.07 -11953.9 1212196983
-1780.77 -12224.8 1212197043
-1546.76 -12989.5 1212197104
-1249.82 -12892.5 1212197164
-302.261 -13960.3 1212197225
816.369 -14580 1212197286
2237.26 -14104.1 1212197341
3050.97 -15234.1 1212197401
4388.54 -16050.9 1212197527
4397.4 -16042 1212197587
4397.4 -16039.8 1212197652
4396.52 -16040.9 1212197702
4397.4 -16040.9 1212197768
4397.4 -16040.9 1212197823
4395.63 -16042 1212197888
4395.63 -16040.9 1212197943
4395.63 -16040.9 1212198014
