4495.79 -16122.3 1211610836
4212.15 -16054.3 1211610886
3633.33 -16249.3 1211610945
3006.65 -14868.6 1211611004
2689.32 -13418.6 1211611054
2553.7 -11913.8 1211611098
3928.5 -9916.9 1211611186
4093.37 -8421.43 1211611237
3830.11 -6937.96 1211611267
3557.1 -5443.06 1211611313
3045.65 -4017.08 1211611361
2507.61 -2638.83 1211611418
2851.53 -1174.41 1211611464
2706.16 315.958 1211611514
2774.41 1797.66 1211611578
3302.71 2166.18 1211611634
3584.58 2409.63 1211611709
4057.03 2624.05 1211611759
4053.48 2630.75 1211611807
4054.37 2630.75 1211611815
4061.46 2627.4 1211611888
4058.8 2629.63 1211611894
4189.1 2430.85 1211611989
4088.05 2219.78 1211612050
3815.04 2094.71 1211612110
3799.09 2111.46 1211612142
3546.46 2349.32 1211612202
3170.63 2777.05 1211612263
2958.78 2950.16 1211612323
2961.44 3201.45 1211612389
3182.16 2942.34 1211612634
3057.17 2987.02 1211612635
3058.06 2985.9 1211612644
3059.83 2987.02 1211612648
3433.89 2839.59 1211612713
3691.83 3102.05 1211612763
3537.6 3199.22 1211612830
3319.55 2938.99 1211612885
2968.53 2603.95 1211612946
2709.71 2444.25 1211613006
2236.37 1898.17 1211613077
1810.9 1473.83 1211613132
1887.13 1282.89 1211613188
1884.47 1265.02 1211613254
1878.27 1267.26 1211613309
1885.36 1271.72 1211613332
1896.88 1282.89 1211613361
1796.72 1436.98 1211613397
1539.67 1481.65 1211613457
1390.75 1321.97 1211613543
1179.79 1240.46 1211613615
1168.27 1363.28 1211613628
1167.38 1369.98 1211613678
1177.13 1386.73 1211613680
1289.7 1492.81 1211613737
1580.44 1788.73 1211613807
1810.02 2114.81 1211613863
2031.62 2272.27 1211613923
2204.46 2420.8 1211613988
2440.24 2672.07 1211614038
2651.21 2894.32 1211614106
2759.35 3002.65 1211614130
2771.76 3017.17 1211614140
2922.44 3124.39 1211614172
3177.72 3129.97 1211614237
2946.38 2983.67 1211614292
2784.16 3439.35 1211614352
2716.8 3987.77 1211614427
2613.09 4183.25 1211614473
2567 4235.75 1211614569
2567.88 4234.63 1211614580
2425.18 4349.68 1211614634
2286.9 4491.55 1211614691
2358.7 4398.83 1211614751
2395.92 4211.17 1211614811
2396.81 4205.59 1211614823
2413.65 4084.95 1211614874
2461.52 3775.55 1211614935
2527.11 3251.71 1211614995
2263.85 3092 1211615071
2125.57 2971.38 1211615117
2006.8 2983.67 1211615161
2006.8 2981.43 1211615163
1706.31 2920.01 1211615228
1398.73 2987.02 1211615308
968.829 3016.06 1211615399
957.306 2927.82 1211615460
1045.06 2398.46 1211615521
1142.56 1759.7 1211615586
1286.16 1730.66 1211615668
1441.28 1700.51 1211615737
1266.66 1497.28 1211615794
1328.71 1099.77 1211615916
1577.78 1080.78 1211615971
1817.11 1035 1211616032
2380.86 1138.85 1211616086
2415.42 1013.79 1211616146
2798.35 1079.67 1211616206
3008.42 685.522 1211616274
3165.31 391.879 1211616327
3308.02 141.789 1211616376
3342.59 -299.2 1211616437
3253.07 -252.311 1211616539
3294.73 116.11 1211616597
3496.83 275.765 1211616657
3783.13 534.791 1211616717
3132.52 1572.1 1211616781
3489.73 2006.49 1211616837
3671.45 1826.7 1211616897
3886.84 1983.03 1211616957
3877.98 2031.05 1211617018
3876.2 2032.17 1211617078
3880.63 2032.17 1211617139
3859.36 2045.57 1211617201
3861.13 2035.52 1211617261
3789.34 2109.22 1211617320
3554.44 2325.87 1211617382
3556.21 2326.99 1211617411
3151.13 2744.67 1211617473
2813.42 2990.37 1211617532
2602.45 3064.08 1211617593
2293.99 2974.73 1211617653
2300.19 2978.08 1211617695
2306.4 2963.56 1211617697
2442.9 2990.37 1211617757
2419.86 3003.77 1211617778
2308.17 2926.71 1211617838
2310.83 2710.04 1211617912
2102.53 2326.99 1211617958
1919.04 2147.19 1211618023
1716.95 1949.53 1211618040
1293.25 1527.43 1211618100
1056.58 1172.34 1211618160
673.66 908.831 1211618220
241.986 481.199 1211618280
46.0925 213.242 1211618341
54.0701 114.994 1211618375
54.0701 113.877 1211618377
76.2299 -91.5474 1211618438
67.366 60.2879 1211618498
69.1388 68.103 1211618558
68.2524 69.2195 1211618623
69.1388 71.4524 1211618678
69.1388 70.3359 1211618738
69.1388 70.3359 1211618757
-113.458 71.4524 1211618814
-603.635 34.6097 1211618873
-812.824 -69.2189 1211618933
-568.179 -655.323 1211619004
-710.002 -955.615 1211619056
-651.5 -689.93 1211619117
-644.409 -679.883 1211619169
-598.316 -616.251 1211619170
-884.622 -226.634 1211619231
-804.846 -72.5682 1211619295
-698.479 14.5137 1211619314
-220.712 66.9866 1211619374
-2.65918 84.8497 1211619433
51.4109 229.99 1211619499
285.419 502.413 1211619553
575.27 789.36 1211619613
649.727 868.635 1211619677
894.372 1115.4 1211619733
1212.59 1423.58 1211619793
1341.11 1555.35 1211619858
1429.75 1651.38 1211619913
1582.21 1796.55 1211619973
1851.68 2118.16 1211620033
2053.78 1883.65 1211620093
2445.56 1835.63 1211620153
2707.94 2095.82 1211620214
3038.56 2426.38 1211620274
3526.08 2903.25 1211620335
3801.75 3186.93 1211620395
3963.07 3047.33 1211620435
3974.59 3037.28 1211620438
4054.37 2957.98 1211620449
4065 2797.16 1211620492
3901.91 2437.55 1211620553
3963.07 2096.94 1211620613
3863.79 2033.29 1211620654
3674.99 2217.55 1211620719
3169.75 2725.68 1211620774
2832.03 3001.54 1211620839
2723.89 3364.52 1211620877
2706.16 3997.82 1211620935
2697.3 4084.95 1211621000
2679.57 4177.66 1211621036
2821.39 4240.21 1211621097
2886.1 3819.11 1211621157
2914.46 3747.62 1211621217
2705.28 3415.9 1211621277
2460.63 3239.43 1211621337
2501.41 3272.93 1211621397
2763.78 3422.6 1211621457
2914.46 3481.79 1211621517
2988.04 3332.13 1211621581
3303.59 2987.02 1211621637
3281.43 2916.66 1211621702
3298.27 2897.67 1211621762
3224.7 2876.45 1211621817
2990.69 2514.61 1211621878
3085.54 2414.1 1211621937
3448.07 2052.27 1211622003
3452.51 2038.87 1211622071
3456.94 2036.64 1211622118
3517.21 1979.68 1211622130
3559.76 1937.25 1211622142
3345.25 1194.68 1211622195
3823.91 -62.5203 1211622255
3797.31 -571.596 1211622316
4202.4 -513.545 1211622376
4200.62 -514.662 1211622436
4200.62 -514.662 1211622496
4199.74 -514.662 1211622556
4235.19 -800.447 1211622616
3889.5 -1116.36 1211622680
2879.01 -1176.64 1211622736
2603.34 77.0346 1211622796
2130.01 1048.4 1211622856
1508.64 1416.88 1211622916
1438.62 1820 1211622982
1373.02 2210.85 1211623038
1327.82 2532.47 1211623097
1295.91 2725.68 1211623158
1225 3106.52 1211623217
1139.9 3656.03 1211623277
1054.81 4163.14 1211623337
977.693 4601.02 1211623397
61.1612 4455.8 1211623458
-741.026 4326.22 1211623518
-1451.03 4910.45 1211623579
-2594.48 4709.37 1211623639
-3514.55 5263.47 1211623700
-3783.13 6520.36 1211623760
-3919.64 7927.2 1211623821
-4450.59 9069.39 1211623881
-4888.47 10241.9 1211623942
-5293.55 10775.1 1211623972
-6324.42 11795.9 1211624038
-6928.06 13183.5 1211624091
-7061.02 16182 1211624218
-6833.21 18174.6 1211624292
-7078.75 18951.1 1211624314
-7045.06 20456.4 1211624371
-6452.07 21811.9 1211624428
-7173.59 23056.8 1211624488
-7541.44 24483.3 1211624553
-8286.9 25776.7 1211624605
-8408.34 20712.7 1211624892
-9039.45 19341.7 1211624952
-9701.59 17958.6 1211625014
-9701.59 17958.6 1211625029
-10659.8 16817.4 1211625068
-11151.7 15523.2 1211625129
-11368 13935 1211625394
-11282.9 14887.8 1211625483
-11267 14943.8 1211625485
-11019.7 16416.9 1211625546
-10053.5 17577.1 1211625595
-9230.91 18834.8 1211625635
-8530.66 20138.5 1211625689
-9006.65 23084.8 1211625813
-8590.93 26214.6 1211625957
-7724.93 24959.2 1211626017
-7635.4 23475.5 1211626073
-6568.18 22451.1 1211626129
-6881.08 20972.4 1211626190
-7178.02 19491.7 1211626243
-6800.42 18049.3 1211626295
-6975.92 16581.4 1211626366
-7203.73 15185.4 1211626486
-7201.95 14678.7 1211626541
-7190.43 13824.2 1211626596
-6381.15 12578.5 1211626651
-5864.39 11172 1211626710
-5112.72 10409.6 1211626770
-4533.02 9582.42 1211626835
-4127.05 8146.24 1211626889
-3805.29 6674.56 1211626948
-3573.94 5274.64 1211627008
-2819.62 4759.64 1211627068
-1504.21 4846.78 1211627128
-679.865 4325.11 1211627188
-182.597 4515 1211627249
-184.37 4517.24 1211627309
-183.484 4517.24 1211627370
-183.484 4517.24 1211627430
-184.37 4515 1211627491
-183.484 4509.42 1211627551
-182.597 4509.42 1211627612
-185.256 4516.12 1211627672
-36.3422 4449.1 1211627734
-20.3871 4341.86 1211627794
13.2959 4135.21 1211627854
319.988 4170.96 1211627914
321.761 4169.84 1211627922
497.267 3888.36 1211627982
580.588 3413.66 1211628042
593.884 3293.04 1211628084
343.921 2925.59 1211628148
-42.5469 2865.28 1211628205
-59.3884 2857.46 1211628239
-79.7755 2848.53 1211628245
243.758 2702.23 1211628305
1068.11 2754.72 1211628366
1123.95 2722.33 1211628391
1295.02 2753.6 1211628452
1420 2885.38 1211628512
1334.02 3266.23 1211628572
1457.23 3413.66 1211628632
1483.82 3418.13 1211628674
1815.34 3470.63 1211628708
1829.52 3472.86 1211628709
2240.81 3535.41 1211628769
2385.29 3355.58 1211628829
2468.61 2837.36 1211628889
2650.32 2837.36 1211628949
3131.63 2372.78 1211629009
3188.36 2318.05 1211629035
3347.03 1912.68 1211629095
3148.47 1958.47 1211629155
2896.74 2217.55 1211629216
3005.76 2428.61 1211629276
2996.01 2378.36 1211629336
2996.01 2380.59 1211629338
3157.34 2545.87 1211629377
2955.24 2951.28 1211629437
2889.65 3308.67 1211629498
2793.03 3795.65 1211629558
2716.8 4065.96 1211629618
2560.79 4223.46 1211629678
2391.49 4368.67 1211629738
2281.58 4463.62 1211629772
1899.54 4430.11 1211629832
1602.6 4538.46 1211629892
1583.1 4625.59 1211629949
1583.1 4626.71 1211629951
1911.95 4748.47 1211630011
2151.28 4575.33 1211630072
2332.99 4420.06 1211630132
2409.22 4197.77 1211630192
2430.49 4012.35 1211630252
2496.97 3687.31 1211630317
2586.5 3180.23 1211630372
2627.27 2901.02 1211630432
2985.38 2568.21 1211630493
3305.36 2188.51 1211630553
3670.56 1820 1211630614
3632.44 698.92 1211630689
3854.93 -745.747 1211630737
3977.25 -554.851 1211630779
