-1559.17 2906.6 1212939331
-1593.74 2835.13 1212939385
-1594.62 2832.89 1212939445
-1596.4 2835.13 1212939574
-1595.51 2832.89 1212939630
-1592.85 2829.54 1212939691
-1595.51 2832.89 1212939748
-1595.51 2832.89 1212939798
-1595.51 2832.89 1212939858
-1566.26 2908.84 1212939918
-1314.52 2972.5 1212939979
-967.943 3031.69 1212940039
-577.929 3088.65 1212940099
-7.97755 3183.58 1212940159
389.127 3249.48 1212940191
1029.1 3354.47 1212940253
1162.06 3386.86 1212940311
1300.34 3584.55 1212940375
1246.27 3931.92 1212940431
1223.22 4090.54 1212940491
1209.93 4139.68 1212940551
1189.54 4272.61 1212940611
1107.11 4744 1212940671
1499.78 5007.64 1212940731
1690.35 5152.87 1212940791
1732.9 5166.27 1212940856
1900.43 5170.74 1212940921
1925.25 5177.44 1212940972
2074.16 5296.98 1212941033
1940.32 5289.16 1212941098
1549.42 5241.12 1212941153
1547.64 5242.24 1212941157
1070.76 5152.87 1212941217
1070.76 5152.87 1212941233
805.733 4895.93 1212941277
356.331 4841.19 1212941341
-93.9578 5178.56 1212941397
-429.015 5123.82 1212941458
-559.315 5103.71 1212941518
-563.747 5072.43 1212941543
-553.11 5066.85 1212941545
-209.189 4835.61 1212941606
-409.514 4605.49 1212941667
-636.431 4460.27 1212941727
-568.179 4035.8 1212941787
-521.2 3721.93 1212941847
-497.267 3582.32 1212941873
-440.538 3241.66 1212941933
-229.576 3151.2 1212941993
475.994 3261.77 1212942059
1138.13 3376.81 1212942115
1453.69 3420.36 1212942180
1645.15 3448.29 1212942224
2043.14 3534.29 1212942284
2188.51 3652.68 1212942344
2149.51 3925.22 1212942404
2075.94 4334.04 1212942464
2008.57 4764.11 1212942524
1966.91 5041.15 1212942585
1914.61 5360.66 1212942645
1738.22 5369.6 1212942705
1738.22 5369.6 1212942707
1674.4 5129.41 1212942765
1703.65 5046.74 1212942840
1700.99 4822.2 1212942897
1693.01 4603.25 1212942945
1693.01 4603.25 1212943006
1695.67 4596.55 1212943066
1695.67 4595.43 1212943126
1693.9 4598.78 1212943192
1591.08 4546.28 1212943218
1651.35 4195.53 1212943279
1709.85 3826.93 1212943339
1753.29 3581.2 1212943399
1966.02 3246.13 1212943459
2052 2760.3 1212943519
2362.24 2375.01 1212943584
2178.76 1805.48 1212943639
1800.27 1451.5 1212943699
1795.84 1455.96 1212943712
1703.65 1529.66 1212943772
1681.49 1550.88 1212943832
1669.97 1552 1212943892
1643.38 1579.91 1212943952
1824.2 1753 1212944017
2331.22 2263.33 1212944073
2574.09 2491.15 1212944133
2636.14 2792.69 1212944198
2708.82 2828.43 1212944263
2694.64 2829.54 1212944314
2700.84 2861.93 1212944374
2703.5 2875.33 1212944434
2745.16 2866.4 1212944494
2764.66 2877.57 1212944564
2768.21 2871.98 1212944616
2784.16 2871.98 1212944674
2795.69 2849.65 1212944734
2798.35 2858.58 1212944794
2806.32 2860.81 1212944854
2808.1 2860.81 1212944880
2819.62 2751.37 1212944936
3111.24 3055.14 1212944992
3295.61 3379.04 1212945053
3408.19 3538.76 1212945113
3822.13 3924.1 1212945174
3693.61 3953.15 1212945234
3681.2 3958.73 1212945277
3668.79 3975.49 1212945283
3425.03 4313.94 1212945339
3199 4631.18 1212945408
2909.15 5003.17 1212945459
2579.41 5251.18 1212945525
2372.88 5352.84 1212945585
2226.62 5376.3 1212945645
2007.68 5298.1 1212945705
2003.25 5300.33 1212945765
2004.14 5298.1 1212945820
2004.14 5296.98 1212945880
2004.14 5295.86 1212945940
1995.27 5299.21 1212946000
1998.82 5292.51 1212946060
2000.59 5290.28 1212946120
2003.25 5293.63 1212946180
2008.57 5281.34 1212946250
2000.59 5294.75 1212946301
1916.38 5281.34 1212946365
1607.03 5237.77 1212946425
1515.73 5156.22 1212946469
1510.42 5146.16 1212946535
1513.96 5148.4 1212946589
1618.56 5040.04 1212946645
2027.18 4682.56 1212946711
2221.3 4354.15 1212946766
2262.97 4084.95 1212946821
2308.17 3813.52 1212946881
2340.97 3694.01 1212946947
2376.42 3442.7 1212947001
2371.99 3170.18 1212947061
2465.95 3151.2 1212947104
2465.95 3150.08 1212947111
2627.27 2767 1212947166
2619.3 2759.18 1212947226
2672.48 2789.34 1212947265
2515.59 2462.12 1212947329
1955.39 1890.35 1212947385
1853.45 1804.36 1212947446
1594.62 1938.37 1212947510
1451.03 1884.76 1212947566
1249.82 2021 1212947626
1142.56 2684.36 1212947686
1091.15 3008.24 1212947746
1051.26 3282.99 1212947806
955.533 3896.18 1212947867
725.071 4026.87 1212947928
725.071 4026.87 1212947938
725.071 4026.87 1212947970
605.407 4206.7 1212948031
1008.72 4286.01 1212948101
1086.72 3984.42 1212948151
1248.04 3914.05 1212948212
1266.66 3809.06 1212948236
1313.64 3477.33 1212948296
1654.01 3356.7 1212948358
1694.79 3042.86 1212948418
1789.63 2469.93 1212948478
1821.54 2105.87 1212948538
1836.61 2086.89 1212948575
1841.04 2089.12 1212948577
1998.82 2261.1 1212948637
2237.26 2452.07 1212948697
2502.29 2716.74 1212948758
2599.79 2802.74 1212948818
2598.02 2818.38 1212948878
2599.79 2810.56 1212948938
2692.87 2823.96 1212949047
2691.98 2823.96 1212949107
2690.21 2812.79 1212949167
2701.73 2823.96 1212949205
2700.84 2823.96 1212949243
2773.53 2760.3 1212949304
2776.19 2734.61 1212949364
3086.43 3029.46 1212949424
3456.05 3371.22 1212949489
3658.15 3614.71 1212949549
3720.2 3673.91 1212949621
3813.27 3786.72 1212949673
3532.28 4167.61 1212949728
3401.98 4346.33 1212949759
3193.68 4641.23 1212949820
2949.92 4962.96 1212949881
2632.59 5219.9 1212949941
2458.86 5317.09 1212950009
2391.49 5350.6 1212950058
2314.38 5386.35 1212950116
2074.16 5405.35 1212950192
2015.66 5441.09 1212950232
2016.55 5439.98 1212950233
2016.55 5439.98 1212950247
1756.83 5407.58 1212950294
1784.31 5213.19 1212950354
1718.72 5141.7 1212950415
1716.95 5146.16 1212950475
1553.85 5124.94 1212950538
1531.69 5148.4 1212950598
1599.06 5123.82 1212950658
1601.71 5122.7 1212950718
1598.17 5120.47 1212950778
1597.28 5120.47 1212950841
1596.4 5119.35 1212950898
1599.06 5120.47 1212950959
1598.17 5121.59 1212950989
1597.28 5120.47 1212951060
1601.71 5120.47 1212951061
1785.2 5180.8 1212951121
2065.3 5204.26 1212951181
2532.43 5167.39 1212951241
2824.05 5046.74 1212951307
2990.69 4811.03 1212951362
3154.68 3871.61 1212951431
3394 3332.13 1212951482
3816.81 2851.88 1212951543
4334.47 3327.66 1212951615
9561.54 6757.24 1212951823
10996.6 7125.98 1212951871
12281 6464.5 1212951933
11642.8 5130.52 1212951993
13102.7 4762.99 1212952042
14497 4159.79 1212952105
15710.5 3335.48 1212952158
17080.8 2774.82 1212952193
18029.3 1616.76 1212952244
19207.3 701.153 1212952309
19908.4 -368.416 1212952364
20251.5 -660.905 1212952420
20395.9 -602.854 1212952453
20509.4 -665.37 1212952513
20592.7 -491.218 1212952573
20791.3 -394.093 1212952638
21041.2 -629.647 1212952694
21200.8 -915.428 1212952754
21213.2 -1874.29 1212952814
21153.8 -2014.92 1212952824
20355.2 -937.754 1212952884
19498 292.512 1212952953
18531 1416.88 1212952999
17445.1 2434.2 1212953052
16167.8 3236.08 1212953105
14906.5 3967.67 1212953165
13560.1 4637.88 1212953212
12067.4 4742.89 1212953270
12078.9 6137.13 1212953329
11646.3 7182.97 1212953390
11108.3 7210.9 1212953454
11017 7208.67 1212953511
10955.8 7203.08 1212953571
10870.7 7193.02 1212953631
10735.1 7163.97 1212953695
9440.99 6834.34 1212953751
8010.35 6512.54 1212953806
6641.75 5950.55 1212953866
5618.85 4813.26 1212953926
4667.75 3692.89 1212953991
3680.31 2665.37 1212954043
3044.76 2101.41 1212954103
3086.43 1592.2 1212954163
3760.97 458.869 1212954223
4128.83 323.773 1212954284
4208.6 -366.184 1212954344
4200.62 -523.593 1212954404
4202.4 -516.895 1212954474
4203.28 -513.545 1212954524
4200.62 -521.36 1212954584
4204.17 -513.545 1212954644
3802.63 -555.967 1212954696
3748.56 50.2399 1212954759
3989.66 292.512 1212954817
3926.73 164.118 1212954854
3887.73 409.743 1212954900
3887.73 409.743 1212954960
3890.39 422.025 1212955020
3890.39 418.675 1212955080
3885.95 409.743 1212955141
3886.84 409.743 1212955211
3885.95 408.627 1212955260
3886.84 409.743 1212955319
3837.2 447.704 1212955385
3557.99 424.258 1212955441
3011.97 380.714 1212955509
2639.68 501.296 1212955566
2501.41 427.607 1212955620
2539.52 -73.6846 1212955685
2572.32 -507.964 1212955745
2293.1 -641.927 1212955804
2106.96 -654.207 1212955866
1719.61 -687.697 1212955925
1529.03 -703.326 1212955991
1336.68 -713.373 1212956040
1134.58 -729.002 1212956075
1133.7 -727.885 1212956082
1035.31 -731.234 1212956145
912.1 -603.971 1212956199
888.167 -245.613 1212956255
1176.25 -188.676 1212956324
1250.7 178.632 1212956501
1242.73 296.978 1212956525
1226.77 577.219 1212956583
1123.95 722.367 1212956643
1021.13 550.423 1212956703
1018.47 535.908 1212956763
1014.92 532.558 1212956825
1016.69 542.607 1212956876
989.216 1046.17 1212956921
995.421 1211.43 1212956981
1327.82 1661.43 1212957048
1248.04 2051.15 1212957101
1117.74 2801.62 1212957163
1015.81 3492.96 1212957232
905.895 4055.91 1212957282
894.372 4050.32 1212957290
900.577 4055.91 1212957331
902.35 4055.91 1212957336
902.35 4057.03 1212957394
772.05 4132.98 1212957451
898.804 4169.84 1212957500
1011.38 4071.55 1212957565
736.594 4029.1 1212957630
724.184 4024.63 1212957680
722.411 4025.75 1212957740
721.525 4026.87 1212957772
771.163 3924.1 1212957832
1002.51 3963.2 1212957892
1107.11 3840.33 1212957952
1186 3433.77 1212958012
1201.95 3342.18 1212958085
1217.02 3176.88 1212958138
1471.41 3204.8 1212958194
1646.92 3124.39 1212958228
2030.73 3074.13 1212958288
2544.84 3159.01 1212958348
2594.48 3012.7 1212958408
2781.51 2791.57 1212958474
2917.12 2853 1212958528
2936.62 2876.45 1212958593
2952.58 2867.52 1212958648
2970.31 2869.75 1212958665
2871.03 2810.56 1212958725
2686.66 2707.81 1212958785
2695.53 2771.47 1212958851
2742.5 2787.1 1212958906
2755.8 2794.92 1212958975
2738.07 2796.04 1212959026
2747.82 2781.52 1212959077
2543.95 2481.1 1212959132
2200.92 2656.44 1212959192
2163.69 2931.17 1212959257
2129.12 2979.2 1212959320
2122.91 2976.97 1212959326
2112.28 2888.74 1212959387
2348.06 2899.9 1212959447
2584.73 2963.56 1212959507
2702.62 2815.02 1212959567
2720.34 2785.99 1212959628
2719.46 2785.99 1212959677
2613.98 2529.12 1212959737
2254.99 2448.72 1212959797
1669.08 2466.58 1212959861
1230.32 2416.33 1212959917
1148.77 2663.14 1212959977
987.443 2829.54 1212960047
591.225 2842.95 1212960102
647.068 2868.63 1212960157
487.517 2945.69 1212960244
405.969 2926.71 1212960294
381.15 2836.24 1212960350
433.447 2438.66 1212960415
507.018 1989.73 1212960470
552.224 1701.63 1212960532
634.658 1574.33 1212960592
995.421 1630.16 1212960657
1073.42 1324.2 1212960712
1037.08 1273.96 1212960759
927.169 1235.99 1212960819
731.275 1378.92 1212960875
476.88 1330.9 1212960940
-24.819 1558.7 1212961179
-135.618 1562.05 1212961210
-444.97 1509.56 1212961264
-899.69 1354.35 1212961330
-872.212 1227.06 1212961400
-861.575 1105.35 1212961445
-860.689 1108.7 1212961515
-858.916 1105.35 1212961517
-858.03 1105.35 1212961519
-702.024 1127.68 1212961579
-738.367 1324.2 1212961644
-606.294 1376.68 1212961699
-38.115 1469.36 1212961759
607.18 1569.86 1212961819
1234.75 1671.48 1212961890
1776.33 1663.66 1212961939
2053.78 1173.46 1212961999
1980.21 1120.98 1212962033
1965.14 1128.8 1212962042
1930.57 1313.04 1212962099
2147.73 1294.05 1212962156
2151.28 1290.7 1212962180
2358.7 1126.56 1212962218
2592.7 7.81507 1212962274
2762.89 -1476.91 1212962329
2650.32 -2971.42 1212962383
3144.93 -4378.62 1212962433
3610.28 -5814.58 1212962484
3875.32 -7314.99 1212962522
4149.21 -8834.08 1212962566
3673.22 -10250.3 1212962622
2665.39 -11389.8 1212962665
2600.68 -12892.5 1212962725
2876.35 -14408.4 1212962758
3214.95 -15859.3 1212962800
4256.47 -16110 1212962998
4379.67 -15884.9 1212963053
3637.76 -16300.5 1212963114
4040.19 -16229.2 1212963174
4042.85 -16202.5 1212963234
4033.98 -16176.8 1212963323
3826.56 -16113.3 1212963388
3175.06 -15394.6 1212963449
2918.01 -13973.7 1212963513
2594.48 -12570.4 1212963570
2840.01 -11101 1212963613
3269.02 -10737.6 1212963673
4182.9 -8946.72 1212963701
3910.77 -7430.99 1212963744
2712.37 -3084.14 1212963901
2689.32 -1784.99 1212963953
2726.55 -1222.41 1212964017
2169.89 -1322.87 1212964074
1938.54 -1329.57 1212964129
1217.91 -1347.43 1212964189
1149.65 -1069.48 1212964260
1121.29 -689.93 1212964309
1100.9 -437.632 1212964347
1056.58 136.207 1212964415
897.031 141.789 1212964467
694.933 132.857 1212964533
273.009 101.597 1212964588
254.395 132.857 1212964654
253.509 132.857 1212964657
226.031 279.114 1212964717
226.031 280.231 1212964777
226.031 275.765 1212964838
226.917 275.765 1212964898
226.917 282.464 1212964959
226.917 281.347 1212965019
226.031 281.347 1212965057
226.031 282.464 1212965090
226.031 282.464 1212965150
160.437 80.3839 1212965210
74.4571 -145.136 1212965271
73.5707 -165.231 1212965330
72.6843 -164.115 1212965374
66.4796 61.4043 1212965435
63.8204 54.7057 1212965455
49.6381 245.62 1212965522
22.1599 607.365 1212965577
6.20476 828.439 1212965637
93.9578 931.162 1212965702
90.4122 943.445 1212965784
11.5231 918.88 1212965864
-6.20476 949.027 1212965889
-114.345 1219.24 1212965950
-398.877 1200.26 1212966006
-651.5 1155.6 1212966071
-686.956 1151.13 1212966104
-686.956 1151.13 1212966141
-686.956 1151.13 1212966146
-705.57 1146.66 1212966162
-818.142 1128.8 1212966223
-857.143 1151.13 1212966292
-752.549 1348.77 1212966338
-581.475 1295.17 1212966404
-204.757 1827.81 1212966645
-224.258 1959.58 1212966703
-219.826 1881.41 1212966764
-187.916 1653.61 1212966828
-22.1599 1597.78 1212966877
30.1374 1480.53 1212966929
499.926 1556.46 1212966985
856.257 1622.35 1212967045
1102.67 1655.85 1212967110
1388.98 1809.95 1212967165
2020.98 1414.65 1212967229
2264.74 1639.1 1212967288
2264.74 1639.1 1212967309
2783.28 1930.55 1212967355
3073.13 1634.63 1212967410
3323.98 1294.05 1212967435
4003.84 313.725 1212967495
4194.42 -256.777 1212967560
4205.94 -516.895 1212967620
4203.28 -510.196 1212967676
4204.17 -511.313 1212967736
4203.28 -512.429 1212967797
3875.32 -555.967 1212967842
3802.63 -739.049 1212967874
3753.88 -1032.64 1212968005
3753.88 -1031.52 1212968055
3753.88 -1031.52 1212968130
3753.88 -1031.52 1212968238
3753.88 -1031.52 1212968302
3690.95 -956.732 1212968360
