3685.63 -964.546 1211201942
3583.69 -1018.13 1211202004
3892.16 -1125.29 1211202055
3858.47 -262.359 1211202116
3396.66 1179.04 1211202171
2960.56 1759.7 1211202231
2683.12 2035.52 1211202292
2933.97 2329.22 1211202352
3048.31 2444.25 1211202393
3427.69 2812.79 1211202453
3186.59 3094.23 1211202520
3109.47 3224.91 1211202573
3103.27 3205.92 1211202648
3098.83 3226.03 1211202694
3073.13 3165.71 1211202754
2905.6 2979.2 1211202815
2629.05 2847.41 1211202875
2691.09 2837.36 1211202936
2705.28 2889.85 1211202986
2672.48 2874.22 1211203052
2695.53 2864.16 1211203106
2707.05 2878.68 1211203182
2723 2811.67 1211203227
2725.66 2790.45 1211203280
2912.69 2606.18 1211203332
3304.48 2195.21 1211203393
3616.49 1881.41 1211203453
3635.1 1882.53 1211203520
3637.76 1879.18 1211203528
3627.13 2271.15 1211203616
3142.27 2749.13 1211203676
2932.19 2966.91 1211203742
2926.87 2966.91 1211203797
2923.33 2976.97 1211203857
2941.06 2962.45 1211203917
2930.42 2961.33 1211203983
2929.53 2961.33 1211204038
2928.65 2960.21 1211204098
2793.92 3021.64 1211204158
2614.86 2828.43 1211204215
2417.2 2701.11 1211204271
2177.87 2823.96 1211204331
2149.51 3075.25 1211204360
2038.71 3523.12 1211204420
1974 3912.93 1211204481
1933.23 3906.23 1211204511
1933.23 3906.23 1211204513
1716.06 3764.38 1211204573
1967.8 3507.48 1211204633
2182.3 3505.25 1211204695
2192.94 3524.24 1211204754
2193.83 3533.17 1211204815
2193.83 3532.06 1211204875
2190.28 3530.94 1211204935
2190.28 3529.82 1211204995
2188.51 3533.17 1211205056
2188.51 3536.52 1211205116
2189.39 3537.64 1211205176
2192.05 3533.17 1211205237
2190.28 3535.41 1211205297
2192.05 3533.17 1211205358
2192.05 3538.76 1211205419
2189.39 3536.52 1211205480
2192.05 3532.06 1211205540
2192.94 3534.29 1211205600
2190.28 3536.52 1211205660
2193.83 3528.71 1211205720
2193.83 3529.82 1211205780
2193.83 3530.94 1211205841
2192.94 3535.41 1211205901
2191.17 3532.06 1211205953
2192.05 3532.06 1211206013
2190.28 3535.41 1211206062
2215.99 3552.16 1211206121
1857.88 3586.79 1211206231
1749.74 3536.52 1211206294
1755.06 3534.29 1211206350
1900.43 3490.73 1211206408
1929.68 3293.04 1211206469
1998.82 2981.43 1211206529
2070.62 2529.12 1211206589
2181.42 2459.88 1211206652
2430.49 2295.72 1211206710
2737.19 1976.33 1211206770
3042.99 1672.6 1211206857
3417.05 924.463 1211206921
3854.04 -552.618 1211206982
3390.46 -1987.02 1211207029
2859.51 -3404.43 1211207087
3128.09 -4300.51 1211207117
3472.89 -5237.77 1211207177
3647.51 -6028.78 1211207237
4166.94 -8911.03 1211207360
4166.94 -8911.03 1211207374
3901.91 -9929.17 1211207485
3572.17 -10369.6 1211207540
