1938.54 3415.9 1211823043
1950.95 3041.74 1211823103
2036.05 2562.63 1211823163
2199.14 2463.23 1211823226
2496.09 2239.88 1211823284
2886.1 1811.06 1211823344
3408.19 931.162 1211823405
3857.59 -555.967 1211823456
3327.52 -2067.38 1211823509
2882.55 -3498.17 1211823562
3345.25 -5049.21 1211823619
3733.49 -6519.64 1211823659
3997.64 -7997.61 1211823700
4100.46 -9513.23 1211823746
3253.95 -10730.9 1211823792
2533.32 -12028.6 1211823840
2980.94 -15014.6 1211823941
3693.61 -16283.8 1211823999
4468.31 -15901.6 1211824119
4468.31 -15900.5 1211824168
4468.31 -15900.5 1211824170
4285.72 -15900.5 1211824230
4252.92 -15937.3 1211824267
3849.61 -16199.1 1211824327
4239.62 -16036.5 1211824397
