4333.58 -15849.3 1211262452
4148.33 -16086.6 1211262512
3222.04 -15657.6 1211262572
2914.46 -14147.6 1211262623
2603.34 -12645.1 1211262672
2825.83 -11132.3 1211262729
3841.63 -10076.4 1211262786
3796.43 -9224.4 1211262846
3695.38 -10144.4 1211262913
3244.2 -10735.3 1211262967
3739.7 -10908.2 1211263031
3557.1 -10581.5 1211263089
3659.04 -10445.4 1211263150
3746.79 -10898.1 1211263210
3646.63 -10321.7 1211263271
4275.97 -9716.18 1211263331
4142.12 -9790.89 1211263395
4142.12 -9790.89 1211263419
4141.23 -9792.01 1211263483
4141.23 -9792.01 1211263487
4187.33 -9641.47 1211263554
4083.62 -8658.98 1211263610
3930.27 -7782.34 1211263668
4174.03 -9289.08 1211263717
3412.62 -10582.6 1211263763
2537.75 -11791.1 1211263808
2630.82 -13313.9 1211263858
2925.99 -14810.7 1211263903
3354.12 -16262.6 1211263955
4174.92 -16134.5 1211264018
4423.11 -15991.9 1211264078
4262.67 -16125.6 1211264226
4390.31 -16188 1211264291
4495.79 -15860.4 1211264531
4234.31 -16007.5 1211264762
3144.93 -15393.5 1211264885
2861.28 -13904.6 1211264930
2587.39 -12437.7 1211264980
2959.67 -10998.5 1211265030
3967.5 -9855.57 1211265077
4083.62 -8365.67 1211265128
3814.16 -6863.22 1211265180
3542.03 -5382.81 1211265227
3038.56 -3947.89 1211265281
2873.69 -2610.93 1211265341
3768.95 -1413.29 1211265388
3841.63 110.528 1211265444
3391.35 1477.18 1211265501
3672.33 1780.91 1211265561
3853.16 2029.94 1211265621
3178.61 2721.21 1211265683
2934.85 2975.85 1211265743
2949.92 2983.67 1211265794
2949.92 2983.67 1211265796
2776.19 2992.6 1211265856
2463.29 2677.66 1211265916
2181.42 2746.9 1211265977
