4038.41 -16163.5 1211329844
4034.87 -16144.5 1211329911
4037.53 -16151.2 1211329925
3524.3 -16189.1 1211329985
3174.18 -15385.7 1211330032
2902.94 -13911.3 1211330082
2584.73 -12422.1 1211330150
3961.3 -9863.38 1211330239
4084.51 -8373.47 1211330291
3820.36 -6894.45 1211330344
3553.56 -5420.75 1211330393
3046.54 -3979.14 1211330445
2847.99 -2651.11 1211330505
3756.54 -1451.24 1211330553
3850.5 43.5412 1211330608
3349.68 1340.95 1211330668
3096.18 1636.86 1211330728
2850.64 1902.63 1211330790
2661.84 2042.22 1211330850
2292.22 2139.38 1211330911
2290.44 2155.01 1211330971
2081.25 2134.91 1211331035
1729.36 2246.58 1211331092
1544.99 2207.5 1211331153
1391.64 2242.11 1211331213
1248.04 2256.63 1211331279
1173.59 2806.09 1211331334
1082.29 3176.88 1211331394
1026.44 3402.49 1211331454
937.805 4020.16 1211331518
850.052 4536.23 1211331575
849.166 4535.11 1211331639
848.279 4531.76 1211331696
844.734 4555.22 1211331756
951.988 4585.38 1211331818
959.079 4590.96 1211331878
1137.24 4532.88 1211331928
1137.24 4531.76 1211332013
1136.36 4531.76 1211332026
1145.22 4484.84 1211332040
1402.28 4452.45 1211332100
1552.96 4479.26 1211332161
1718.72 4697.09 1211332221
1680.6 4995.35 1211332282
1441.28 5181.91 1211332341
1441.28 5181.91 1211332342
1907.52 5283.57 1211332403
1912.84 5364.01 1211332463
1893.34 5387.47 1211332525
1893.34 5387.47 1211332530
1765.7 5369.6 1211332591
1800.27 5264.58 1211332651
2461.52 5300.33 1211332712
2807.21 5057.91 1211332772
2961.44 4914.92 1211332833
3026.15 4608.84 1211332895
3084.65 4153.09 1211332957
3187.47 3954.26 1211333014
3136.95 3922.99 1211333070
3136.06 3922.99 1211333073
3132.52 3724.17 1211333132
3109.47 3662.74 1211333192
2742.5 3632.58 1211333252
2665.39 3619.18 1211333287
2276.26 3565.56 1211333350
2100.75 3523.12 1211333387
1855.22 3487.38 1211333444
1333.14 3404.73 1211333505
1073.42 3364.52 1211333567
975.034 3788.95 1211333627
864.235 4417.82 1211333688
711.775 4560.8 1211333732
300.488 4494.9 1211333792
-1.77279 4443.51 1211333853
-268.578 4401.07 1211333916
-517.654 4359.74 1211333976
-711.775 4332.93 1211334035
-940.465 4437.93 1211334099
-1623.87 4882.52 1211334155
-2864.83 4784.22 1211334216
-3607.63 5349.49 1211334276
-3741.47 6098.02 1211334318
-3863.79 7388.57 1211334378
-4355.74 8475.92 1211334438
-4515.29 8931.91 1211334459
-4866.31 10226.3 1211334519
-5926.43 11239.1 1211334585
-6409.52 12692.6 1211334642
-7256.91 13441.8 1211334699
-7847.25 13505.5 1211334763
-7852.57 14145.2 1211334823
-8320.58 14817.4 1211334880
-8855.97 15231.2 1211334944
-8860.4 15225.6 1211334959
-8857.74 15227.9 1211335030
-8858.63 15229 1211335032
-8719.46 15066.8 1211335094
-8089.24 14641.8 1211335151
-7896 13837.7 1211335208
-7706.31 13340 1211335268
-7062.79 13215.9 1211335328
-6343.93 12091 1211335388
-5702.18 10996.5 1211335448
-4795.39 10008.3 1211335509
-4449.7 8617.86 1211335569
-3876.2 7416.51 1211335629
-3739.7 5977.36 1211335689
-3409.96 5094.78 1211335753
-2232.83 4652.4 1211335811
-1152.31 4605.49 1211335871
-839.416 4341.86 1211335935
-374.058 4377.61 1211335995
-46.9789 4420.06 1211336056
-12.4095 4292.71 1211336117
7.09116 4175.43 1211336140
278.328 4165.37 1211336186
577.043 4213.41 1211336252
775.595 4046.97 1211336309
855.371 3553.28 1211336365
1121.29 3150.08 1211336425
1315.41 3189.17 1211336486
1327.82 3067.43 1211336546
1322.5 3079.72 1211336606
1318.07 3069.66 1211336666
1326.93 3061.85 1211336726
1320.73 3067.43 1211336786
1316.3 3064.08 1211336849
1320.73 3070.78 1211336911
1326.05 3068.55 1211336967
1318.07 3076.37 1211337028
1310.98 3077.48 1211337088
1316.3 3085.3 1211337135
1323.39 3079.72 1211337193
1329.59 3068.55 1211337253
1319.84 3074.13 1211337314
1235.63 3059.61 1211337374
1283.5 2764.77 1211337425
1412.03 2767 1211337486
1513.96 2812.79 1211337528
1958.05 2854.11 1211337592
2081.25 2476.63 1211337650
1955.39 2182.93 1211337709
1942.98 2169.53 1211337713
1924.36 2105.87 1211337752
1700.1 2047.8 1211337812
1570.69 2761.42 1211337908
1639.83 3017.17 1211337968
1989.07 3073.01 1211338029
2425.18 3147.84 1211338089
2411.88 3196.99 1211338135
2041.37 3182.47 1211338195
1995.27 2982.55 1211338255
2092.78 2449.83 1211338316
2550.16 2158.36 1211338379
2964.99 1748.53 1211338436
3333.73 1186.86 1211338496
3833.66 -224.401 1211338551
3578.37 -1720.25 1211338607
2716.8 -2950.21 1211338663
3159.11 -4427.71 1211338718
3614.72 -5855.86 1211338764
3879.75 -7348.45 1211338814
4150.99 -8856.38 1211338869
3638.65 -10296 1211338928
2650.32 -11414.3 1211338974
2598.02 -12909.3 1211339025
2873.69 -14395 1211339086
3193.68 -15788 1211339140
4016.25 -16188 1211339200
4492.25 -15902.7 1211339262
4437.29 -15859.3 1211339322
4448.81 -15844.8 1211339342
4448.81 -15842.6 1211339343
4168.71 -16056.5 1211339403
3263.7 -15813.6 1211339470
2930.42 -14321.4 1211339514
2613.98 -12825.6 1211339572
2703.5 -11320.7 1211339617
3714.88 -10216.9 1211339666
4158.08 -8782.78 1211339716
3892.16 -7300.49 1211339765
3629.79 -5838.01 1211339817
3171.52 -4407.63 1211339867
2879.01 -3399.97 1211339903
3429.46 -1944.6 1211339966
3874.43 -516.895 1211340015
3446.3 954.61 1211340073
3097.95 1625.7 1211340133
2692.87 2033.29 1211340194
2410.11 2296.84 1211340254
