2633.48 2865.28 1212644148
2911.81 2596.13 1212644212
3389.57 2117.04 1212644270
3673.22 1830.05 1212644330
3684.74 1687.11 1212644383
3670.56 1667.01 1212644386
3590.78 1689.35 1212644446
3851.38 1960.7 1212644506
3621.81 2180.69 1212644566
3291.18 1853.5 1212644626
3438.32 1719.5 1212644687
3684.74 1966.28 1212644747
3668.79 2229.83 1212644807
3299.16 2646.39 1212644868
3261.05 2664.26 1212644891
2939.28 2598.36 1212644950
2661.84 2299.07 1212645013
2416.31 2318.05 1212645070
2110.51 2520.19 1212645131
1395.18 2397.34 1212645192
812.824 2324.75 1212645254
85.0939 2235.41 1212645313
-444.084 2323.64 1212645374
-606.294 2517.96 1212645434
-608.067 2519.07 1212645449
171.961 2675.42 1212645509
475.994 2828.43 1212645574
944.01 2906.6 1212645631
1251.59 3042.86 1212645691
1358.84 3185.82 1212645751
