3574.83 2331.45 1212350618
3579.26 2337.04 1212350645
3199 2702.23 1212350681
2604.23 2510.14 1212350862
2477.47 2649.74 1212350922
2175.21 2867.52 1212350982
2196.49 2930.06 1212351042
2330.33 3106.52 1212351104
2403.9 3136.68 1212351168
2586.5 3022.76 1212351225
2752.25 2729.03 1212351343
2743.39 2408.51 1212351405
2612.2 2111.46 1212351467
2921.56 1794.31 1212351524
3323.09 1308.57 1212351585
3834.54 -96.0131 1212351637
3665.24 -1586.31 1212351678
2739.85 -2792.85 1212351740
3109.47 -4242.48 1212351777
3584.58 -5669.54 1212351826
4116.42 -8657.87 1212351927
2736.3 -11208.1 1212352017
3166.2 -15673.2 1212352177
