4459.45 -15901.6 1211532742
3725.52 -16224.8 1211532805
4150.99 -16991.3 1211532862
4621.66 -17761.1 1211532922
4114.64 -17825.8 1211532982
3692.72 -17816.8 1211533043
3362.98 -18304.8 1211533103
2826.71 -18484.1 1211533165
2696.41 -18537.6 1211533224
2696.41 -18537.6 1211533245
2403.02 -18900.7 1211533305
1921.7 -18814.9 1211533366
1343.77 -18112.1 1211533426
756.981 -16785.2 1211533486
740.139 -15294.3 1211533544
1373.91 -14252.3 1211533609
2814.3 -13891.2 1211533665
2586.5 -12435.5 1211533720
3003.99 -10956.1 1211533775
3979.91 -9829.92 1211533829
4086.28 -8380.16 1211533889
3823.91 -6914.53 1211533951
3564.19 -5467.61 1211534007
3058.06 -4049.44 1211534064
2511.16 -2660.04 1211534123
2815.19 -1310.59 1211534184
2608.66 21.2124 1211534245
2589.16 1357.7 1211534305
3355.89 2297.95 1211534366
4328.26 3312.03 1211534426
5241.25 4393.25 1211534487
8061.76 6547.18 1211534622
9502.15 6838.81 1211534680
10933.7 7148.33 1211534740
12343 7467.91 1211534798
12353.7 8664.8 1211534859
12094 10161.4 1211534917
11774.9 11662.8 1211534974
12419.3 12082.1 1211535035
12455.6 12084.3 1211535095
12450.3 12082.1 1211535155
12451.2 12078.7 1211535216
12448.5 12088.8 1211535276
