2247.01 3309.79 1211946856
2155.71 3010.47 1211946916
1735.56 2936.76 1211946979
1337.57 2864.16 1211947036
1090.27 2830.66 1211947097
151.573 2697.76 1211947157
-842.075 2506.79 1211947219
-1626.53 2402.93 1211947282
-2318.81 2349.32 1211947339
-2638.8 2338.16 1211947399
-2638.8 2338.16 1211947421
-2714.14 2321.4 1211947481
-2456.2 2323.64 1211947542
-2172.55 2341.51 1211947572
-1523.71 2405.16 1211947636
-659.477 2540.29 1211947693
9.75034 2647.5 1211947754
222.485 2685.47 1211947814
356.331 2812.79 1211947874
944.01 2914.42 1211947934
1084.95 2936.76 1211947995
1406.71 2980.32 1211948055
1406.71 2979.2 1211948057
1513.96 3179.12 1211948117
1442.16 3623.64 1211948177
1380.12 3996.71 1211948238
2277.15 4137.45 1211948297
2525.34 4197.77 1211948360
2525.34 4196.65 1211948372
2672.48 4113.99 1211948433
2875.46 3878.31 1211948493
3128.09 3801.24 1211948553
3347.03 3724.17 1211948614
3415.28 3634.81 1211948674
3394.89 3527.59 1211948734
3406.41 3625.88 1211948788
3309.8 3509.72 1211948848
2963.22 3537.64 1211948908
2560.79 3489.61 1211948968
2110.51 3411.43 1211949010
1408.48 3304.21 1211949070
1222.34 3281.87 1211949130
696.706 3186.93 1211949190
-72.6843 3060.73 1211949250
-845.62 2938.99 1211949310
-986.557 3004.89 1211949370
-1410.25 2962.45 1211949430
-2026.3 2865.28 1211949490
-2345.4 2813.91 1211949551
-2919.78 2736.85 1211949612
-3277.89 2717.86 1211949672
-3799.09 2688.82 1211949712
-4462.11 2648.62 1211949772
-4564.04 2617.35 1211949800
-4564.04 2616.23 1211949844
-4564.93 2615.12 1211949904
-4565.82 2614 1211949924
-4462.11 2211.96 1211949987
-4013.59 2242.11 1211950045
-3289.41 2283.43 1211950105
-2744.28 2309.12 1211950165
-2267.4 2330.34 1211950220
-2022.75 2353.79 1211950284
-1396.96 2424.15 1211950342
-447.629 2573.79 1211950401
-67.366 2641.92 1211950451
607.18 2748.02 1211950495
969.716 2784.87 1211950556
1033.54 2440.9 1211950619
1146.99 1740.71 1211950677
1292.36 1367.75 1211950737
1555.62 1052.87 1211950801
1795.84 644.21 1211950858
1813.56 436.539 1211950919
2254.99 463.335 1211950979
2788.6 503.529 1211951040
2836.46 504.646 1211951091
2841.78 496.83 1211951092
2922.44 669.89 1211951156
2894.96 1065.15 1211951215
3089.08 1395.67 1211951277
3495.05 1786.5 1211951333
3567.74 1852.38 1211951371
3197.22 1488.35 1211951431
2772.64 1080.78 1211951491
2427.83 1229.29 1211951552
2134.44 1512.91 1211951613
1699.22 1959.58 1211951672
1415.57 1920.5 1211951733
1234.75 2153.89 1211951797
1100.02 2851.88 1211951852
786.232 3203.69 1211951913
436.992 3151.2 1211951974
436.106 3150.08 1211952013
436.106 3150.08 1211952077
434.333 3155.66 1211952115
334.171 3134.44 1211952116
170.188 3167.95 1211952172
452.061 3243.9 1211952232
998.967 3364.52 1211952292
1173.59 3402.49 1211952356
1446.6 3428.18 1211952413
1880.04 3479.56 1211952474
1960.7 3490.73 1211952494
1866.75 3596.84 1211952554
1622.1 3451.64 1211952614
1493.57 3290.8 1211952674
1219.68 3280.75 1211952734
922.737 3129.97 1211952794
988.33 2628.52 1211952854
764.072 2338.16 1211952921
312.011 2284.55 1211952978
314.67 2286.78 1211952988
253.509 2644.15 1211953048
421.037 2817.26 1211953109
534.496 2834.01 1211953147
912.1 2886.5 1211953207
974.147 2848.53 1211953267
1214.36 2742.43 1211953327
1280.84 2773.7 1211953387
1286.16 2773.7 1211953412
1286.16 2773.7 1211953414
1246.27 2903.25 1211953474
1621.22 3030.57 1211953537
2085.69 3110.99 1211953596
2189.39 3143.38 1211953633
2409.22 3209.27 1211953690
2137.1 3208.16 1211953750
1966.02 3451.64 1211953810
1950.07 3584.55 1211953854
1950.07 3584.55 1211953859
1896 3488.5 1211953916
2022.75 3547.69 1211953976
2307.28 3552.16 1211954037
2223.08 3548.81 1211954079
1796.72 3466.16 1211954140
1283.5 3389.09 1211954200
997.194 3343.3 1211954261
919.191 3123.27 1211954321
1044.17 2338.16 1211954382
1184.22 1530.78 1211954445
1212.59 1440.33 1211954502
1071.65 1295.17 1211954562
832.324 1055.1 1211954623
803.96 684.405 1211954682
849.166 157.419 1211954742
873.099 -198.724 1211954802
912.1 -721.187 1211954862
628.454 -1129.76 1211954923
159.551 -1268.18 1211954984
273.009 -1423.34 1211955048
273.009 -1423.34 1211955052
201.212 -1423.34 1211955112
148.914 -1043.8 1211955173
474.221 -963.43 1211955233
909.441 -932.173 1211955293
1331.36 -839.519 1211955354
1302.11 -346.089 1211955414
1254.25 96.0143 1211955475
1229.43 514.694 1211955535
1182.45 1024.95 1211955596
1166.5 1243.81 1211955656
1214.36 1432.52 1211955717
1318.95 1665.9 1211955777
1256.91 1972.98 1211955842
1156.74 2697.76 1211955899
1265.77 2745.78 1211955932
1169.15 2605.06 1211955992
1024.67 2396.23 1211956052
54.0701 2233.18 1211956114
-698.479 2022.12 1211956174
-725.071 1787.61 1211956235
-724.184 1788.73 1211956292
-724.184 1788.73 1211956294
-713.548 2000.9 1211956357
-272.123 2069.02 1211956415
171.961 2141.61 1211956475
810.165 2245.47 1211956536
1043.29 2284.55 1211956596
1244.5 2318.05 1211956657
1483.82 2349.32 1211956718
1641.6 2461 1211956779
1573.35 2740.2 1211956840
1607.03 2806.09 1211956901
1603.49 2809.44 1211956961
1610.58 2815.02 1211957022
1610.58 2812.79 1211957082
1608.81 2811.67 1211957143
1616.78 2813.91 1211957203
1609.69 2803.86 1211957264
1603.49 2807.21 1211957324
1603.49 2807.21 1211957385
1607.03 2811.67 1211957446
1603.49 2806.09 1211957506
1603.49 2803.86 1211957568
1607.92 2810.56 1211957627
1605.26 2816.14 1211957687
1607.92 2811.67 1211957751
1611.47 2807.21 1211957808
1592.85 2792.69 1211957869
1591.08 2802.74 1211957929
1595.51 2792.69 1211957991
1602.6 2801.62 1211958098
1598.17 2790.45 1211958112
1603.49 2803.86 1211958172
1598.17 2796.04 1211958233
1597.28 2802.74 1211958296
1594.62 2798.27 1211958353
1602.6 2809.44 1211958414
1603.49 2808.32 1211958474
1601.71 2802.74 1211958534
1605.26 2819.49 1211958594
1599.06 2822.84 1211958655
1592.85 2799.39 1211958715
1596.4 2800.51 1211958780
1598.17 2799.39 1211958836
1591.08 2798.27 1211958897
1594.62 2811.67 1211958958
1600.83 2816.14 1211958997
1602.6 2810.56 1211959057
1600.83 2822.84 1211959118
1599.94 2821.73 1211959179
1595.51 2809.44 1211959239
1602.6 2800.51 1211959299
1602.6 2790.45 1211959360
1601.71 2781.52 1211959420
1599.94 2788.22 1211959481
1600.83 2791.57 1211959542
1600.83 2803.86 1211959602
1609.69 2802.74 1211959662
1604.37 2797.16 1211959723
1599.94 2799.39 1211959783
1601.71 2792.69 1211959844
1604.37 2799.39 1211959904
1603.49 2802.74 1211959965
1608.81 2777.05 1211960025
1602.6 2794.92 1211960086
1601.71 2807.21 1211960147
1658.44 2811.67 1211960209
2051.12 2880.92 1211960269
2340.08 2932.29 1211960330
2584.73 2920.01 1211960390
2971.19 3152.31 1211960451
3032.36 3181.35 1211960511
3261.93 3365.64 1211960528
3555.33 3137.79 1211960588
3842.52 2820.61 1211960649
4397.4 3404.73 1211960709
6132.08 5448.92 1211960785
5740.29 5965.07 1211960845
5486.78 6592.99 1211960906
5375.98 7096.92 1211960965
5365.35 7212.02 1211961008
5362.69 7214.25 1211961053
5362.69 7214.25 1211961054
5375.98 7039.94 1211961117
5479.69 6598.58 1211961175
5705.72 6179.58 1211961235
5793.47 5509.24 1211961297
6405.09 5518.18 1211961355
6501.7 5847.76 1211961415
7723.15 6389.64 1211961476
9755.66 6899.15 1211961531
11203.1 7191.9 1211961591
12575.3 7675.76 1211961652
