3074.02 -15120.5 1213002542
2730.98 -13631.5 1213002596
4102.23 -9571.22 1213002738
4029.55 -8064.53 1213002796
3763.63 -6584.34 1213002839
3527.85 -5342.65 1213002876
3022.61 -3931.15 1213002925
2468.61 -2493.74 1213002977
2876.35 -1063.9 1213003030
2724.78 445.471 1213003090
2301.97 1346.54 1213003151
1758.61 1890.35 1213003211
1245.38 2041.1 1213003273
1131.04 2710.04 1213003336
972.375 2815.02 1213003393
459.152 2744.67 1213003454
-582.361 2552.58 1213003515
-680.751 2842.95 1213003578
-788.005 2837.36 1213003636
-710.888 2850.76 1213003673
-710.002 2850.76 1213003684
-710.888 2851.88 1213003747
-710.002 2850.76 1213003777
-710.002 2850.76 1213003782
-381.15 2810.56 1213003839
-349.239 2602.83 1213003900
-49.6381 2640.8 1213003960
624.022 2751.37 1213004021
1072.54 2737.96 1213004081
1264 2742.43 1213004142
1309.2 2618.47 1213004202
1355.3 2310.24 1213004264
1450.14 1745.18 1213004324
1542.33 1306.34 1213004385
1595.51 724.6 1213004445
1624.76 328.239 1213004477
1683.26 -442.098 1213004537
1734.67 -1144.27 1213004597
2148.62 -1326.22 1213004657
2952.58 -1202.32 1213004718
3472.89 -1167.71 1213004777
3666.13 -979.058 1213004837
3590.78 -991.337 1213004901
3577.49 -1039.34 1213004966
3581.92 -1034.87 1213005018
3581.03 -1034.87 1213005081
3581.03 -1032.64 1213005142
3580.15 -1035.99 1213005200
3581.03 -1034.87 1213005260
3580.15 -1035.99 1213005322
3580.15 -1039.34 1213005371
3576.6 -1037.11 1213005429
3575.72 -1035.99 1213005495
3575.72 -1035.99 1213005550
3576.6 -1037.11 1213005609
3577.49 -1037.11 1213005669
3581.03 -1040.45 1213005703
3581.92 -1038.22 1213005763
3583.69 -1043.8 1213005823
3513.67 -1155.43 1213005883
3198.11 -1176.64 1213005925
2637.02 -89.3146 1213006002
2586.5 1406.83 1213006060
3573.06 2530.24 1213006116
9711.34 6883.5 1213006377
11183.6 7190.79 1213006437
12582.4 7676.88 1213006496
12273.9 9195.68 1213006555
11982.3 10703.6 1213006603
11979.6 11979.2 1213006663
