12762.3 12183.8 1211743656
12720.6 12174.9 1211743716
12294.3 12068.7 1211743776
11949.5 11980.3 1211743839
11778.4 11462.7 1211743900
12039 10282.2 1211743964
12263.3 9038.09 1211744027
12424.6 7558.43 1211744078
11174.8 7243.31 1211744138
10907.1 7243.31 1211744256
10793.6 7227.66 1211744381
9573.06 6881.27 1211744436
8459.75 6657.8 1211744500
7069 6148.3 1211744559
5926.43 5197.55 1211744602
4996.61 4103.94 1211744663
4369.04 3358.94 1211744724
3768.95 2750.25 1211744785
2771.76 1822.23 1211744850
2691.09 309.259 1211744906
2835.58 -1183.34 1211744949
2501.41 -2671.2 1211744997
2778.85 -3267.16 1211745018
3220.27 -4718.94 1211745062
3666.13 -6151.5 1211745101
3932.05 -7632.88 1211745137
3932.05 -7632.88 1211745152
4158.96 -8880.92 1211745181
2640.57 -11423.2 1211745276
2599.79 -12911.5 1211745319
4171.37 -16136.7 1211745472
