4265.33 -16103.3 1211386971
4400.06 -16022 1211387039
4400.06 -16030.9 1211387097
4399.18 -16029.8 1211387164
4400.06 -16029.8 1211387217
4400.06 -16028.7 1211387279
4400.95 -16028.7 1211387337
4400.95 -16028.7 1211387398
4400.95 -16028.7 1211387460
4400.95 -16028.7 1211387518
4400.95 -16028.7 1211387578
4400.06 -16028.7 1211387639
4399.18 -16028.7 1211387704
4399.18 -16028.7 1211387767
4400.06 -16029.8 1211387821
4400.06 -16029.8 1211387886
4400.95 -16029.8 1211387943
4400.95 -16029.8 1211388007
4400.95 -16029.8 1211388064
