2788.6 -13721.8 1211779316
4060.57 -9678.27 1211779467
4047.28 -8170.49 1211779524
3776.04 -6673.58 1211779574
3448.96 -5196.49 1211779621
2977.4 -3781.62 1211779657
2458.86 -2395.53 1211779717
2913.58 -913.196 1211779762
2730.09 496.83 1211779825
2927.76 1913.8 1211779884
3786.68 2737.96 1211779945
4792.73 3851.5 1211779995
5756.25 4983.06 1211780042
6826.12 6024.28 1211780099
9632.45 6856.69 1211780221
11057.8 7159.5 1211780280
13974.9 7408.69 1211780386
14998.7 7708.17 1211780433
15142.3 8663.68 1211780493
15213.2 8827.97 1211780560
15223.8 9144.27 1211780618
15222.1 9140.92 1211780679
15222.1 9137.56 1211780736
15222.1 9138.68 1211780754
15238 9145.39 1211780815
15199 8700.56 1211780935
15187.5 8645.8 1211780996
15167.1 8655.86 1211781051
15167.1 8649.15 1211781109
15165.3 8653.62 1211781166
15160 8665.91 1211781230
14936.6 7976.37 1211781294
13779 7489.14 1211781359
12312.9 7489.14 1211781396
11082.6 7231.01 1211781460
11020.5 7228.78 1211781518
10966.5 7227.66 1211781578
10881.4 7219.84 1211781699
10709.4 7184.08 1211781819
9274.35 6808.64 1211781875
7826.86 6444.38 1211781929
6491.07 5841.06 1211781985
5984.05 5251.18 1211782015
5562.13 4765.23 1211782038
4604.82 3641.51 1211782090
3604.08 2853 1211782147
3565.96 3208.16 1211782208
3344.37 2990.37 1211782269
3106.81 2760.3 1211782329
2754.03 2431.96 1211782386
2777.07 1940.6 1211782447
3058.95 1648.03 1211782507
3614.72 729.067 1211782566
3905.45 -744.63 1211782616
3306.25 -2104.22 1211782670
2923.33 -3653.29 1211782717
3375.39 -5098.3 1211782768
3634.22 -5969.65 1211782794
3901.91 -7463.34 1211782841
4164.28 -8925.53 1211782892
3607.63 -10322.8 1211782939
2600.68 -13009.6 1211783033
2880.78 -14487.5 1211783080
