4680.16 3859.32 1212190713
4303.45 3295.27 1212190772
3838.97 2816.14 1212190832
3543.8 2902.14 1212190853
3639.54 3294.16 1212190904
3526.96 3678.37 1212190964
3508.35 3690.66 1212190994
3449.85 3893.95 1212191027
3010.2 3774.43 1212191087
2592.7 3728.64 1212191147
2312.6 3659.39 1212191207
1902.2 3535.41 1212191268
1921.7 3484.03 1212191328
1918.16 3180.23 1212191388
1366.82 3075.25 1212191449
1215.25 3050.68 1212191497
1215.25 3050.68 1212191504
1116.86 3041.74 1212191519
1287.93 3173.53 1212191579
1346.43 3171.3 1212191627
1389.87 2988.13 1212191688
1461.66 2535.82 1212191750
1493.57 2370.54 1212191808
1538.78 2079.07 1212191868
1798.49 2069.02 1212191929
1796.72 2067.9 1212191945
1797.61 2070.14 1212191981
1713.4 2071.25 1212192041
1665.54 2217.55 1212192101
1577.78 2780.4 1212192162
1568.03 2870.87 1212192222
1306.55 2850.76 1212192283
1241.84 2827.31 1212192343
1221.45 2899.9 1212192404
1218.79 2899.9 1212192425
1219.68 2893.2 1212192428
1223.22 2941.23 1212192487
1344.66 2947.93 1212192547
1462.55 3033.92 1212192607
1468.76 3019.41 1212192667
1470.53 3017.17 1212192728
1470.53 3020.52 1212192788
1466.98 3050.68 1212192849
1467.87 3057.38 1212192909
1470.53 3047.33 1212192970
1469.64 3064.08 1212193030
1469.64 3065.2 1212193091
1470.53 3054.03 1212193151
1467.87 3048.44 1212193212
1467.87 3049.56 1212193273
1467.87 3060.73 1212193334
1467.87 3046.21 1212193394
1468.76 3054.03 1212193455
1469.64 3050.68 1212193515
1518.39 3050.68 1212193576
1538.78 3213.74 1212193641
1875.61 3282.99 1212193699
2354.26 3354.47 1212193759
2512.93 3379.04 1212193820
2792.14 3522 1212193880
2825.83 3650.45 1212193940
2864.83 3643.75 1212193982
2936.62 3625.88 1212194041
2946.38 3469.51 1212194102
2955.24 3375.69 1212194163
2997.79 3317.61 1212194223
2913.58 3159.01 1212194287
2673.37 2902.14 1212194345
2559.91 2752.48 1212194408
2380.86 2603.95 1212194466
2281.58 2497.85 1212194528
1872.95 2101.41 1212194586
1705.42 1971.87 1212194648
1530.8 1779.8 1212194711
1484.71 1722.85 1212194772
1396.07 1620.11 1212194827
1253.36 1492.81 1212194889
1192.2 1424.7 1212194952
1162.06 1213.66 1212195009
1167.38 1102 1212195070
1196.63 835.138 1212195135
1198.41 537.024 1212195194
1253.36 25.6781 1212195253
1265.77 -96.0131 1212195280
1265.77 -96.0131 1212195282
1081.4 -162.998 1212195349
1070.76 -33.4931 1212195373
1026.44 499.063 1212195436
847.393 512.461 1212195493
328.852 465.568 1212195553
296.942 464.451 1212195613
296.942 463.335 1212195674
264.146 463.335 1212195734
78.0027 321.541 1212195795
-312.897 231.106 1212195855
-838.529 199.845 1212195916
-1070.76 176.399 1212195976
-1247.16 513.578 1212196038
-1279.07 706.736 1212196098
-1426.21 984.758 1212196166
-1431.53 1010.44 1212196179
-1159.4 1074.08 1212196239
-860.689 1193.56 1212196299
-428.129 1410.18 1212196359
-140.937 1461.55 1212196400
-23.9326 1471.6 1212196462
479.539 1555.35 1212196520
528.291 1945.07 1212196581
509.677 2071.25 1212196642
752.549 2235.41 1212196702
1040.63 2284.55 1212196764
1191.31 2306.89 1212196826
1108.88 2949.04 1212196885
1151.43 3153.43 1212196945
1356.18 3185.82 1212197006
1867.63 3277.4 1212197066
1931.45 3248.36 1212197112
1931.45 3247.25 1212197115
2125.57 3096.47 1212197175
2351.6 3122.16 1212197241
2417.2 3096.47 1212197295
2418.08 3085.3 1212197343
2418.97 3040.63 1212197410
2039.59 2972.5 1212197463
1818.88 2940.11 1212197523
1391.64 2886.5 1212197584
1287.93 2867.52 1212197644
1086.72 2820.61 1212197705
662.137 2777.05 1212197768
-282.76 2605.06 1212197827
-639.09 2574.91 1212197891
-635.545 2515.72 1212197948
-634.658 2520.19 1212198008
-634.658 2517.96 1212198039
-634.658 2517.96 1212198041
-368.74 2486.69 1212198101
-255.282 2050.04 1212198161
-193.234 1682.65 1212198221
-179.938 1591.08 1212198281
-136.505 1356.58 1212198341
-15.9551 990.341 1212198401
20.3871 588.384 1212198446
184.37 452.17 1212198502
194.12 453.286 1212198563
594.771 484.549 1212198623
797.755 501.296 1212198687
846.507 160.769 1212198746
873.099 138.44 1212198809
873.099 138.44 1212198811
989.216 161.885 1212198871
1016.69 152.953 1212198932
1035.31 443.238 1212198999
992.762 979.175 1212199057
1071.65 1284 1212199114
1143.45 1359.93 1212199173
1310.98 1651.38 1212199234
1247.16 1994.2 1212199294
1246.27 2039.99 1212199316
1126.61 2756.95 1212199370
1068.99 3190.29 1212199430
1033.54 3411.43 1212199491
988.33 3953.15 1212199552
1568.92 4042.5 1212199626
2208.01 4147.5 1212199693
2230.17 4157.56 1212199753
2234.6 4279.31 1212199813
2236.37 4475.91 1212199877
2329.44 4630.06 1212199933
2582.95 4861.3 1212199994
2589.16 4861.3 1212200015
2446.45 4835.61 1212200074
2276.26 4957.37 1212200134
2262.08 5217.66 1212200195
2274.49 5367.36 1212200255
2345.4 5356.19 1212200314
2465.95 5299.21 1212200377
2801.01 5060.15 1212200435
3021.72 4597.67 1212200495
3062.49 4275.96 1212200556
3067.81 4277.08 1212200570
3154.68 3828.05 1212200630
3185.7 3346.65 1212200691
2966.76 3324.31 1212200751
2666.27 2896.55 1212200811
2518.25 2737.96 1212200871
2517.36 2735.73 1212200874
2517.36 2735.73 1212200880
2417.2 2745.78 1212200937
2420.74 2835.13 1212200998
2582.95 2840.71 1212201060
2697.3 2787.1 1212201119
2877.24 2610.65 1212201179
3065.15 2453.18 1212201240
3432.12 2065.67 1212201307
3731.72 1780.91 1212201361
3561.53 1565.4 1212201405
3261.05 1258.32 1212201459
3254.84 1254.97 1212201519
3253.95 1254.97 1212201525
3261.05 1257.21 1212201586
3587.24 1684.88 1212201647
3650.17 1757.46 1212201708
3688.29 1779.8 1212201768
3739.7 2037.75 1212201828
3785.79 2091.36 1212201888
3576.6 2315.82 1212201948
3089.97 2811.67 1212202008
2922.44 3013.82 1212202070
2841.78 3119.92 1212202123
2688.43 3202.57 1212202182
2644.11 3491.85 1212202246
2676.02 3476.21 1212202303
2457.09 3505.25 1212202367
2088.35 3495.2 1212202423
2087.46 3497.43 1212202425
2085.69 3499.67 1212202429
1723.15 3456.11 1212202487
1245.38 3375.69 1212202548
934.26 3327.66 1212202608
909.441 3228.26 1212202676
928.055 2902.14 1212202729
612.499 2847.41 1212202789
613.385 2846.3 1212202798
613.385 2846.3 1212202801
406.855 2624.05 1212202861
667.455 2010.95 1212202924
835.87 1803.25 1212202982
857.143 1672.6 1212203042
853.598 1660.31 1212203103
895.258 1419.12 1212203165
930.714 1193.56 1212203228
985.671 994.807 1212203284
1030.88 403.044 1212203349
1047.72 183.098 1212203391
1240.07 -17.863 1212203451
1534.35 15.6302 1212203512
1562.71 58.055 1212203533
1744.42 36.8425 1212203589
1832.18 263.484 1212203650
1796.72 745.815 1212203710
1780.77 1003.74 1212203771
1872.07 1252.74 1212203831
2006.8 1397.9 1212203896
2254.1 1643.56 1212203954
