3735.27 3402.49 1212638238
3144.93 2791.57 1212638307
2665.39 2335.92 1212638358
2114.94 1777.56 1212638420
1945.64 1601.13 1212638480
1792.29 1444.8 1212638545
1782.54 826.206 1212638601
1443.05 734.649 1212638662
1037.08 704.503 1212638722
830.552 388.53 1212638783
842.075 188.68 1212638843
872.212 -208.771 1212638904
703.797 -317.062 1212638964
703.797 -315.946 1212638979
663.909 -49.1231 1212639039
707.343 136.207 1212639099
1034.42 156.303 1212639153
1240.07 322.657 1212639212
1203.72 794.943 1212639273
1180.68 1064.03 1212639317
1173.59 1087.48 1212639377
779.141 1224.82 1212639437
732.162 1518.5 1212639498
572.611 1664.78 1212639559
-140.05 1560.93 1212639621
-477.767 1610.06 1212639681
-1003.4 1745.18 1212639745
-1874.72 1605.6 1212639802
-2113.16 1639.1 1212639866
-2112.28 1639.1 1212639886
-2112.28 1639.1 1212639891
-2137.1 2052.27 1212639951
-2080.37 2349.32 1212640014
-1722.26 2377.24 1212640072
-844.734 2510.14 1212640132
-233.122 2599.48 1212640193
234.895 2689.94 1212640232
305.806 2397.34 1212640292
304.92 2200.8 1212640352
904.122 2255.52 1212640414
1127.49 1882.53 1212640474
1183.34 1543.06 1212640540
1371.25 1165.64 1212640598
1855.22 1038.35 1212640656
2229.28 630.812 1212640716
2257.65 237.805 1212640777
2253.21 214.359 1212640796
2254.99 -109.41 1212640863
2020.98 308.143 1212640916
1992.61 703.386 1212640976
1977.55 1260.56 1212641036
2036.93 1415.77 1212641078
2457.09 1847.91 1212641138
3018.17 2404.04 1212641199
3199 2644.15 1212641259
3055.4 2838.48 1212641319
2886.1 3100.94 1212641379
2793.92 3488.5 1212641440
2738.96 3907.35 1212641500
2824.94 4057.03 1212641561
2863.05 3888.36 1212641621
2353.38 3677.26 1212641683
2243.46 3648.22 1212641711
1925.25 3606.89 1212641771
1928.79 3440.47 1212641834
1955.39 3286.34 1212641893
1660.22 3136.68 1212641953
1381.89 3144.49 1212642013
1405.82 3162.36 1212642039
1406.71 3162.36 1212642040
1640.72 3262.88 1212642101
1727.58 2905.49 1212642160
