3038.56 -14960 1211430301
2855.08 -13872.3 1211430371
2576.75 -12384.2 1211430416
3028.81 -10933.8 1211430474
3998.53 -9783.09 1211430528
4057.91 -8257.48 1211430568
3794.65 -6789.6 1211430607
3515.44 -5327.03 1211430655
3015.51 -3886.52 1211430704
2078.59 -2990.39 1211430763
622.249 -3132.13 1211430840
39.0014 -3126.55 1211430881
110.799 -2951.33 1211430951
-544.246 -2699.1 1211431007
-881.076 -2131 1211431062
-1383.66 -1673.37 1211431122
-2007.68 -1482.5 1211431182
-2047.57 -1335.15 1211431220
-2337.42 -1114.13 1211431280
-2536.86 -950.034 1211431344
-2536.86 -953.383 1211431404
-2536.86 -953.383 1211431408
-2574.09 -1264.83 1211431468
-2902.06 -1258.13 1211431533
-2635.25 -965.662 1211431588
-2572.32 -420.886 1211431648
-2493.43 -685.464 1211431708
-2048.46 -1380.92 1211431768
-1805.59 -1855.31 1211431829
-2164.58 -2201.32 1211431895
-2930.42 -2567.41 1211431950
-3144.93 -2790.62 1211432019
-3214.07 -3349.75 1211432070
-3261.93 -4456.73 1211432130
-3273.45 -4718.94 1211432190
-3152.02 -5754.33 1211432250
-3099.72 -7231.33 1211432300
-3189.25 -8727.01 1211432353
-2694.64 -10155.5 1211432397
-2153.94 -11549.2 1211432451
-1280.84 -12735.4 1211432497
-319.102 -13903.5 1211432543
888.167 -14539.9 1211432603
2287.78 -14113 1211432653
3032.36 -15169.5 1211432713
3711.33 -16268.2 1211432788
