3464.03 3880.54 1212049633
3464.03 3882.78 1212049790
3462.26 3882.78 1212049848
3719.31 3842.57 1212049912
3392.23 3719.7 1212050144
3374.5 3694.01 1212050214
3370.07 3694.01 1212050419
3499.49 3918.52 1212050604
3459.6 3849.27 1212050670
3431.23 3795.65 1212050726
3478.21 3824.69 1212050786
3467.58 3864.9 1212050846
3462.26 3828.05 1212050911
3455.17 3849.27 1212050966
3477.33 3792.3 1212051026
3476.44 3815.76 1212051091
3469.35 3852.62 1212051151
3493.28 3895.06 1212051206
3459.6 3937.51 1212051281
3480.87 3938.62 1212051326
3497.71 3967.67 1212051387
3452.51 3963.2 1212051447
3444.53 3947.56 1212051507
3488.85 3891.71 1212051567
3503.03 3868.26 1212051630
3502.14 3889.48 1212051687
3511.89 3869.37 1212051752
3496.83 3893.95 1212051812
3486.19 3917.4 1212051873
3484.42 3910.7 1212051929
3476.44 3943.09 1212051994
3481.76 3924.1 1212052049
3486.19 3911.82 1212052109
3479.98 3928.57 1212052169
3478.21 3934.16 1212052230
3417.05 3922.99 1212052271
3674.99 3418.13 1212052336
3679.42 3012.7 1212052391
4342.45 3318.73 1212052451
5349.39 4472.56 1212052509
6013.3 5265.7 1212052558
8239.92 6617.57 1212052617
9690.95 6881.27 1212052672
11152.6 7184.08 1212052720
12554 7643.35 1212052775
12281.9 9129.74 1212052820
11993.8 10613 1212052867
11929.1 11969.2 1212052927
12749.9 12173.8 1212052987
13061 12532.7 1212053047
13166.5 12959.8 1212053108
13176.3 12959.8 1212053168
13176.3 12959.8 1212053234
13177.1 12959.8 1212053289
13177.1 12957.6 1212053360
13177.1 12958.7 1212053385
13177.1 12958.7 1212053387
13290.6 12558.4 1212053446
13080.5 12247.6 1212053507
13079.6 12247.6 1212053551
13078.7 12249.8 1212053611
13077.9 12249.8 1212053671
12736.6 12183.8 1212053731
12195.9 12044.1 1212053794
11697.7 11776.8 1212053852
12037.2 10297.8 1212053895
12297 8785.5 1212053939
11925.6 7390.81 1212053999
10792.7 7244.42 1212054059
9498.6 6857.8 1212054119
8055.55 6543.83 1212054173
6686.07 5991.88 1212054225
5664.06 4879.17 1212054276
4683.71 3720.82 1212054335
3682.08 2796.04 1212054386
3464.92 3121.04 1212054450
3005.76 2670.96 1212054511
2550.16 2206.38 1212054566
2258.53 1662.55 1212054626
2123.8 1526.31 1212054686
1607.92 1950.65 1212054746
1128.38 1767.51 1212054806
420.151 1650.26 1212054866
-303.147 1534.13 1212054926
-927.169 1431.4 1212054986
-1710.74 1222.59 1212055046
-2176.1 686.638 1212055108
-2622.84 470.034 1212055177
-2664.5 -639.694 1212055292
-2660.96 -640.81 1212055353
-2660.96 -637.461 1212055412
-2664.5 -644.16 1212055473
-2660.07 -636.345 1212055528
-2656.52 -632.996 1212055588
-2657.41 -631.88 1212055653
-2656.52 -627.414 1212055708
-2657.41 -626.298 1212055773
-2657.41 -626.298 1212055828
-2657.41 -626.298 1212055889
-2657.41 -626.298 1212055954
-2657.41 -627.414 1212056023
-2656.52 -626.298 1212056074
-2654.75 -625.182 1212056132
-2654.75 -625.182 1212056196
-2655.64 -627.414 1212056256
-2678.68 -92.6638 1212056311
-2698.18 434.306 1212056371
-2240.81 466.684 1212056431
-1519.28 595.083 1212056491
-1569.8 1011.56 1212056551
-896.145 1117.63 1212056612
-128.527 1247.16 1212056672
140.937 1291.82 1212056693
879.303 1409.07 1212056753
2194.71 1028.3 1212056813
2811.64 -322.644 1212056867
3239.77 -1178.87 1212056932
3699.81 -900.916 1212057007
3586.35 -966.778 1212057046
3579.26 -962.313 1212057107
3582.81 -982.407 1212057152
3580.15 -992.453 1212057213
3663.47 -980.174 1212057274
3657.26 -980.174 1212057323
