3657.26 -915.428 1212930077
3608.51 -989.105 1212930133
3607.63 -990.221 1212930193
3607.63 -989.105 1212930256
3605.85 -989.105 1212930313
3604.97 -991.337 1212930378
3577.49 -1048.27 1212930433
3160 -1183.34 1212930493
2393.26 -1282.69 1212930573
2356.92 -833.937 1212930633
2117.6 -847.333 1212930689
1675.29 -871.892 1212930749
1523.71 -723.42 1212930809
1487.37 -356.136 1212930879
1461.66 56.9385 1212930922
1433.3 359.501 1212930984
1394.3 922.23 1212931047
1395.18 1087.48 1212931107
1487.37 1582.15 1212931162
1412.03 2007.6 1212931223
1366.82 2294.6 1212931283
1350.87 2418.56 1212931344
1319.84 2762.53 1212931416
1858.77 2846.3 1212931465
1852.56 2960.21 1212931506
1958.05 3073.01 1212931567
1710.74 2935.64 1212931621
2177.87 2884.27 1212931687
2573.2 2974.73 1212931743
2797.46 2995.95 1212931809
2919.78 3193.64 1212931868
3178.61 3351.12 1212931924
3518.99 3596.84 1212931984
3802.63 3752.09 1212932052
3811.5 3737.57 1212932098
3791.11 3816.88 1212932152
3737.04 3880.54 1212932154
3469.35 3842.57 1212932214
3462.26 3649.33 1212932274
3308.02 3596.84 1212932329
3014.63 3245.01 1212932394
2837.35 3228.26 1212932449
2251.44 2501.2 1212932514
1876.5 2099.17 1212932574
1723.15 1955.12 1212932629
1448.37 1913.8 1212932690
1127.49 1857.96 1212932756
663.023 1680.41 1212932815
-1498.01 1328.67 1212933000
-1860.54 858.586 1212933056
-2237.26 847.42 1212933126
-2237.26 847.42 1212933130
-2241.69 855.236 1212933188
-2000.59 798.292 1212933252
-1694.79 1214.77 1212933315
-1670.85 1583.26 1212933369
-1492.69 1668.13 1212933441
-964.397 1745.18 1212933491
-435.22 1828.93 1212933551
-246.418 2058.97 1212933621
327.966 2208.61 1212933671
262.373 2650.85 1212933742
780.914 2775.94 1212933796
1144.34 2732.38 1212933856
1365.93 2741.31 1212933911
1704.54 2838.48 1212933977
2264.74 2950.16 1212934032
2166.35 2823.96 1212934092
2169.89 2823.96 1212934321
2160.14 2825.08 1212934377
2151.28 2821.73 1212934438
2110.51 2884.27 1212934497
2174.33 2850.76 1212934557
2177.87 2847.41 1212934583
2178.76 2826.19 1212934643
2173.44 2837.36 1212934704
2164.58 2835.13 1212934765
2164.58 2838.48 1212934825
2182.3 2868.63 1212934887
2173.44 2875.33 1212934946
2180.53 2863.05 1212935028
2179.64 2863.05 1212935068
2179.64 2865.28 1212935129
2176.98 2870.87 1212935188
2176.98 2871.98 1212935248
2182.3 2877.57 1212935308
2180.53 2868.63 1212935368
2183.19 2860.81 1212935428
2185.85 2858.58 1212935488
2192.94 2855.23 1212935549
2176.1 2901.02 1212935611
2183.19 2886.5 1212935670
2178.76 2895.44 1212935730
2182.3 2904.37 1212935791
2208.89 2841.83 1212935851
2194.71 2870.87 1212935882
2505.84 2940.11 1212935948
2670.71 2821.73 1212936013
2699.96 2780.4 1212936031
2695.53 2775.94 1212936045
2685.78 2810.56 1212936102
2578.52 2528.01 1212936152
2294.88 2797.16 1212936225
2186.74 2876.45 1212936274
2174.33 2893.2 1212936332
2185.85 2897.67 1212936395
2179.64 2907.72 1212936453
2198.26 2893.2 1212936509
2554.59 2933.41 1212936570
2611.32 2849.65 1212936636
2731.87 2793.81 1212936667
2730.98 2793.81 1212936674
2480.13 2636.34 1212936730
2426.95 2773.7 1212936796
2179.64 2856.35 1212936851
2158.37 2974.73 1212936882
1933.23 3064.08 1212936938
2213.33 3107.64 1212937000
2286.9 2999.3 1212937031
2577.64 2960.21 1212937090
2794.8 3022.76 1212937156
3035.01 2684.36 1212937264
3035.01 2684.36 1212937266
2735.41 2404.04 1212937326
2590.93 2524.66 1212937396
2404.79 2750.25 1212937446
2174.33 2857.46 1212937506
1851.68 2957.98 1212937566
1974 2961.33 1212937627
1876.5 2949.04 1212937653
1303 2856.35 1212937710
1214.36 2890.97 1212937770
1217.02 2897.67 1212937847
1193.97 2858.58 1212937894
1190.43 2857.46 1212937925
1197.52 2853 1212937990
1208.16 2864.16 1212938016
1225.88 2878.68 1212938086
1206.38 2860.81 1212938135
1214.36 2868.63 1212938192
1254.25 2926.71 1212938254
1444.82 2772.59 1212938319
1958.93 2853 1212938385
1927.91 2961.33 1212938439
1920.82 3057.38 1212938466
1732.01 2937.88 1212938526
1780.77 2828.43 1212938569
2023.64 2866.4 1212938629
2023.64 2866.4 1212938632
2306.4 2819.49 1212938692
2507.61 2599.48 1212938752
2543.07 2196.33 1212938815
2272.72 1931.67 1212938873
2048.46 1385.62 1212938939
2403.9 1031.65 1212939006
2489.88 609.598 1212939054
2522.68 212.126 1212939120
2569.66 -362.834 1212939175
2590.04 -636.345 1212939215
2796.57 -569.364 1212939258
2795.69 -576.062 1212939260
2818.73 -618.483 1212939299
2578.52 -419.77 1212939355
2548.38 -313.713 1212939383
2535.09 187.564 1212939436
2513.81 448.82 1212939490
2584.73 1152.25 1212939551
2867.49 1432.52 1212939611
2986.26 1826.7 1212939673
3477.33 2315.82 1212939743
3304.48 2684.36 1212939794
3623.58 3000.42 1212939854
3707.79 2809.44 1212939927
3698.04 2799.39 1212939938
3437.44 2559.28 1212939994
3363.87 2531.36 1212940005
2982.72 2868.63 1212940066
2840.01 3105.4 1212940140
2777.96 3454.99 1212940155
2668.93 3736.45 1212940217
2596.25 4194.42 1212940275
2485.45 4293.83 1212940334
2393.26 4378.73 1212940391
1995.27 4833.37 1212940456
1927.02 5264.58 1212940513
1925.25 5264.58 1212940528
1789.63 5195.32 1212940588
955.533 4918.27 1212940747
999.853 4453.57 1212940817
1076.08 3983.3 1212940868
1152.31 3591.25 1212940928
1303.89 3522 1212940996
1338.46 3305.32 1212941048
1350.87 3169.06 1212941108
1565.37 3007.12 1212941168
1734.67 2901.02 1212941229
2143.3 2887.62 1212941289
2033.39 2981.43 1212941350
1998.82 2972.5 1212941384
1687.7 2921.12 1212941448
1113.31 2902.14 1212941504
1078.74 3218.21 1212941574
951.101 3844.8 1212941626
828.779 4575.33 1212941685
-249.963 4401.07 1212941745
-1213.47 4679.21 1212941821
-2376.42 4649.05 1212941865
-3431.23 5159.57 1212941925
-3401.98 5276.87 1212941990
-3406.41 5277.99 1212942033
-3409.07 5277.99 1212942039
-3213.18 5291.39 1212942099
-2943.72 4485.96 1212942154
-3042.11 3468.39 1212942215
-3277 2936.76 1212942289
-3270.8 2293.49 1212942339
-2902.94 2309.12 1212942400
-2836.46 2326.99 1212942454
-3230.02 2295.72 1212942514
-4186.44 2242.11 1212942574
-4556.07 2222.01 1212942635
-5069.29 2195.21 1212942695
-5762.45 2158.36 1212942760
-6343.04 2216.43 1212942826
-6459.16 2198.56 1212942879
-6177.28 2201.91 1212942910
-6114.35 2196.33 1212942912
-5664.95 2151.66 1212942973
-5393.71 2165.06 1212943002
-5374.21 1850.15 1212943065
-5359.14 1579.91 1212943129
-5358.25 1579.91 1212943141
-4904.42 1349.89 1212943226
-4246.72 1314.15 1212943287
-3722.86 721.251 1212943352
-3749.45 583.918 1212943467
-3339.05 609.598 1212943533
-2805.44 643.094 1212943588
-2528.88 496.83 1212943662
-2530.66 462.218 1212943687
-2529.77 458.869 1212943700
-2559.91 649.793 1212943774
-2052.89 521.393 1212943810
-2156.6 387.413 1212943880
-1997.05 328.239 1212943932
-1510.42 485.665 1212944005
-1515.73 693.337 1212944055
-1589.31 1078.55 1212944115
-1352.64 1257.21 1212944170
-694.047 1362.17 1212944235
-153.346 1487.23 1212944302
-223.371 1888.11 1212944351
-35.4558 2114.81 1212944427
309.352 2248.82 1212944472
255.282 2598.36 1212944532
289.851 2803.86 1212944598
944.01 2901.02 1212944653
1239.18 2894.32 1212944714
1285.27 2930.06 1212944775
1239.18 3115.46 1212944841
1216.13 3290.8 1212944896
1250.7 3316.49 1212944957
1216.13 3295.27 1212945020
1215.25 3297.51 1212945078
1211.7 3298.62 1212945138
1209.04 3294.16 1212945199
1188.65 3354.47 1212945270
1373.02 3119.92 1212945326
1660.22 2974.73 1212945384
1834.84 2640.8 1212945441
2212.44 2785.99 1212945500
2239.92 2803.86 1212945565
2270.06 2708.93 1212945620
2270.06 2708.93 1212945639
2424.29 2639.69 1212945708
2790.37 2308 1212945765
3120.99 2004.25 1212945820
3088.2 1649.15 1212945885
3556.21 777.078 1212945946
3886.84 -673.185 1212945986
3315.12 -2095.29 1212946039
2902.06 -3576.29 1212946100
3328.41 -5032.47 1212946141
4002.07 -8017.68 1212946228
4117.3 -9506.54 1212946267
2984.49 -15043.6 1212946451
3620.92 -16348.4 1212946526
4000.3 -16065.4 1212946701
3936.48 -16107.8 1212946704
3189.25 -15468.2 1212946768
4113.76 -8528.5 1212947045
3846.95 -7046.16 1212947104
3598.76 -5661.73 1212947175
3163.54 -4396.47 1212947226
2787.71 -3234.8 1212947284
2543.95 -2320.75 1212947409
1931.45 -2367.62 1212947522
1597.28 -2341.95 1212947583
1150.54 -2138.82 1212947643
1315.41 -1786.11 1212947704
1528.14 -1383.15 1212947765
1574.24 -1300.55 1212947784
1543.21 -1071.71 1212947837
1319.84 -734.583 1212947889
1288.82 -251.195 1212947947
1070.76 160.769 1212948007
1068.11 159.652 1212948036
650.614 141.789 1212948096
616.931 637.511 1212948156
601.862 808.341 1212948229
780.027 993.69 1212948276
1064.56 1277.3 1212948336
1513.08 1725.08 1212948398
1794.06 2004.25 1212948456
2117.6 1775.33 1212948518
1954.5 1483.88 1212948571
2268.28 1174.58 1212948631
2663.62 267.95 1212948697
3042.99 -4060.6 1212948842
