4183.78 -16074.3 1212613257
3262.82 -15798 1212613317
2925.1 -14317 1212613376
2608.66 -12835.7 1212613420
2625.5 -11495.7 1212613474
3109.47 -10872.5 1212613549
3316.89 -10697.4 1212613597
3486.19 -10509 1212613661
3515.44 -10472.2 1212613716
3722.86 -10200.1 1212613780
4200.62 -9118.46 1212613837
3942.68 -7620.61 1212613896
3679.42 -6144.8 1212613944
3228.25 -4707.78 1212613994
2781.51 -3260.47 1212614048
2677.8 -1772.71 1212614109
2794.8 -277.988 1212614176
2570.54 973.592 1212614226
2284.24 1372.22 1212614288
1833.06 1824.46 1212614347
1708.97 2812.79 1212614472
1719.61 2802.74 1212614528
1717.83 2802.74 1212614567
1717.83 2802.74 1212614582
1634.51 2681.01 1212614630
1568.03 2876.45 1212614690
1548.53 2998.19 1212614751
1959.82 3077.48 1212614824
2041.37 2898.79 1212614869
2077.71 2512.37 1212614928
1828.63 2045.57 1212614988
1458.12 1663.66 1212615048
1378.34 1601.13 1212615087
1225.88 1453.73 1212615141
1129.27 1357.7 1212615212
1000.74 1228.17 1212615263
601.862 829.556 1212615322
271.237 510.228 1212615382
-232.235 242.271 1212615443
-465.357 222.174 1212615479
-970.602 186.447 1212615539
-993.648 -60.2874 1212615600
-909.441 -301.433 1212615660
-889.94 -320.412 1212615697
-874.871 -325.993 1212615698
-793.323 -256.777 1212615758
-951.101 -48.0067 1212615819
-1016.69 365.083 1212615879
-1104.45 822.856 1212615942
-1133.7 1076.32 1212615988
-1131.93 971.359 1212616075
-1034.42 775.961 1212616134
-806.619 859.703 1212616169
-746.344 1038.35 1212616229
-759.64 1037.24 1212616273
-763.186 1033.89 1212616308
-869.553 1187.98 1212616368
-944.896 1635.75 1212616428
-999.853 2007.6 1212616488
-1045.95 2428.61 1212616568
-966.17 2808.32 1212616608
-485.744 2889.85 1212616669
176.392 3003.77 1212616734
917.418 3119.92 1212616790
1055.7 3143.38 1212616862
1337.57 3174.65 1212616910
1779.88 3246.13 1212616970
2072.39 3305.32 1212617030
2644.11 3387.97 1212617094
2836.46 3509.72 1212617151
2778.85 3784.48 1212617210
2740.73 4023.52 1212617280
2736.3 4022.4 1212617330
2731.87 4027.98 1212617400
2738.96 4032.45 1212617402
2894.96 3881.66 1212617479
2902.94 3690.66 1212617535
2875.46 3688.43 1212617590
3003.99 3638.16 1212617619
3389.57 3634.81 1212617668
3300.05 3367.87 1212617735
2935.74 3175.77 1212617855
2973.85 3209.27 1212617892
3261.05 3299.74 1212617957
3560.65 3438.24 1212618026
3770.72 3645.98 1212618072
3790.22 3736.45 1212618132
3790.22 3736.45 1212618142
3569.51 3752.09 1212618196
3516.33 3731.99 1212618256
3476.44 3746.51 1212618300
3261.93 3670.56 1212618351
3017.29 3581.2 1212618413
2586.5 3615.83 1212618482
2210.67 3590.14 1212618533
2214.21 3604.66 1212618566
2214.21 3608.01 1212618569
2208.01 3535.41 1212618628
2214.21 3487.38 1212618634
2265.62 3241.66 1212618706
2261.19 3207.04 1212618730
2284.24 3048.44 1212618782
2016.55 2951.28 1212618842
1603.49 2907.72 1212618908
1171.81 2845.18 1212618963
932.487 2828.43 1212619023
257.054 2722.33 1212619086
-62.934 2778.17 1212619158
-66.4796 2801.62 1212619161
-66.4796 2802.74 1212619205
-66.4796 2802.74 1212619209
-277.441 2822.84 1212619268
-352.785 2673.19 1212619358
-624.022 2552.58 1212619414
-917.418 2509.02 1212619476
-1009.6 2496.74 1212619529
-1036.2 2540.29 1212619587
-1037.08 2542.52 1212619630
-1025.56 2551.46 1212619685
-911.213 2485.57 1212619747
-216.28 2617.35 1212619807
239.326 2696.64 1212619847
905.895 2804.97 1212619908
1106.22 2733.5 1212619967
1331.36 2764.77 1212620027
1670.85 2811.67 1212620097
1872.07 2865.28 1212620151
1857.88 2861.93 1212620186
1749.74 2928.94 1212620202
1464.32 2876.45 1212620256
1422.66 2791.57 1212620317
1506.87 2778.17 1212620381
1842.81 2836.24 1212620436
2043.14 2870.87 1212620502
2206.24 3116.57 1212620557
2545.72 3161.25 1212620622
2816.08 3203.69 1212620726
2967.65 3238.31 1212620782
3068.7 3319.84 1212620850
3203.43 3466.16 1212620906
3345.25 3603.54 1212620975
3398.44 3595.72 1212621017
3532.28 3492.96 1212621055
3576.6 3249.48 1212621119
3531.4 3211.51 1212621178
3531.4 3210.39 1212621211
3533.17 3207.04 1212621232
3522.53 3185.82 1212621268
3198.11 3103.17 1212621326
3410.85 3439.35 1212621417
3433.89 3604.66 1212621477
3262.82 3858.2 1212621538
3050.08 3826.93 1212621602
2964.1 4340.75 1212621674
2868.37 4879.17 1212621719
2855.96 4930.56 1212621784
2732.75 4993.12 1212621840
2652.09 4970.78 1212621877
2662.73 4974.13 1212621894
2948.15 4910.45 1212621939
2988.92 4804.33 1212621999
3054.52 4382.08 1212622059
3069.58 4300.53 1212622081
3160.88 3535.41 1212622200
3354.12 3312.03 1212622252
3495.94 3184.7 1212622311
3276.11 2928.94 1212622367
3136.95 2803.86 1212622428
2929.53 2579.38 1212622487
2757.57 2335.92 1212622516
2548.38 2208.61 1212622577
2121.14 1780.91 1212622641
1871.18 1345.42 1212622696
1870.29 1347.65 1212622727
1872.95 1346.54 1212622728
1908.41 1298.52 1212622788
2014.77 1405.72 1212622853
2223.96 1610.06 1212622878
2443.79 1828.93 1212622934
2668.05 2039.99 1212622994
2968.53 1738.48 1212623055
3214.07 1460.43 1212623118
3772.49 407.51 1212623175
3760.09 -130.622 1212623236
3806.18 -778.12 1212623300
3746.79 -1006.97 1212623360
3589.01 -941.103 1212623415
3595.22 -964.546 1212623485
3587.24 -977.942 1212623550
3600.53 -973.476 1212623597
3601.42 -963.43 1212623661
3614.72 -973.476 1212623716
3616.49 -987.988 1212623777
3636.88 -926.591 1212623847
3651.95 -919.893 1212623876
3575.72 -1014.78 1212624173
3575.72 -1015.9 1212624237
3575.72 -1015.9 1212624283
3575.72 -1014.78 1212624300
3578.37 -1010.31 1212624360
3582.81 -1121.94 1212624420
3584.58 -1118.59 1212624475
3589.01 -1107.43 1212624535
3588.12 -1113.01 1212624595
3583.69 -1119.71 1212624662
3521.65 -1145.39 1212624696
3127.2 -1051.62 1212624757
3022.61 -631.88 1212624817
2959.67 149.604 1212624913
2935.74 504.646 1212624973
2908.26 788.243 1212625034
2846.21 1088.6 1212625095
2856.85 1418 1212625155
2752.25 1564.28 1212625217
2511.16 1813.3 1212625277
2555.48 1941.72 1212625338
2868.37 2258.87 1212625397
3250.41 2638.57 1212625457
3013.74 2884.27 1212625528
2910.92 3002.65 1212625578
2847.1 3097.59 1212625636
2806.32 3376.81 1212625703
2779.73 3642.63 1212625756
2816.96 3622.53 1212625817
2841.78 3632.58 1212625883
2844.44 3632.58 1212625937
2894.08 3624.76 1212625986
2884.33 3619.18 1212626042
2734.53 3877.19 1212626102
2535.97 4245.8 1212626162
2401.24 4358.62 1212626226
2204.46 4487.08 1212626282
2185.85 4468.09 1212626302
2169.89 4464.74 1212626311
2117.6 4567.51 1212626374
2240.81 4496.01 1212626396
2341.85 4412.24 1212626454
2657.41 4135.21 1212626523
2758.46 4048.09 1212626574
3110.36 3899.53 1212626638
3223.82 3902.88 1212626676
3350.57 3745.39 1212626736
3386.91 3688.43 1212626816
3426.8 3662.74 1212626856
3300.05 3624.76 1212626917
3108.59 3642.63 1212626978
2602.45 3501.9 1212627037
2227.51 3440.47 1212627076
1669.97 3341.06 1212627136
1568.03 3328.78 1212627196
1382.78 3300.86 1212627261
1358.84 3164.6 1212627321
1133.7 3046.21 1212627376
960.852 2886.5 1212627436
694.047 2774.82 1212627496
-181.711 2634.1 1212627558
-892.599 2498.97 1212627622
-1744.42 2387.29 1212627678
-2490.77 2343.74 1212627743
-3228.25 2302.42 1212627842
-3589.9 2272.27 1212627907
-3666.13 2255.52 1212627981
-3659.04 2257.75 1212627987
-3402.87 2485.57 1212628046
-3300.05 2708.93 1212628106
-2582.95 2771.47 1212628215
-1827.75 2892.09 1212628322
-1649.58 3028.34 1212628407
-1817.11 2895.44 1212628527
-2236.37 2830.66 1212628612
-2231.05 2823.96 1212628660
-2111.39 2842.95 1212628727
-996.307 3019.41 1212628840
-585.907 3088.65 1212628897
-402.423 2905.49 1212628958
128.527 2993.72 1212629022
779.141 3095.35 1212629089
1160.29 3159.01 1212629141
1404.94 3207.04 1212629200
1950.07 3280.75 1212629260
2335.65 3348.88 1212629320
2505.84 3376.81 1212629368
2505.84 3376.81 1212629369
2793.92 3505.25 1212629445
2823.17 3628.11 1212629502
2755.8 3433.77 1212629564
2832.03 3621.41 1212629618
2855.08 3644.87 1212629674
2855.96 3640.4 1212629744
2951.69 3549.93 1212629789
2931.31 3279.64 1212629858
3093.52 3145.61 1212629914
3521.65 2770.35 1212629970
3851.38 2435.31 1212630031
3699.81 1989.73 1212630097
3643.97 1847.91 1212630138
3643.97 1847.91 1212630140
3787.56 2073.49 1212630215
3921.41 2196.33 1212630239
3957.75 2238.76 1212630240
3889.5 2402.93 1212630267
3603.19 2687.71 1212630328
3313.34 2973.61 1212630390
3011.08 2913.31 1212630450
2963.22 2962.45 1212630510
2777.96 3514.19 1212630572
2714.14 3990.01 1212630637
2396.81 4361.97 1212630769
2201.8 4529.53 1212630813
1778.99 4515 1212630879
1693.9 4490.43 1212630922
1694.79 4490.43 1212630957
1774.56 4407.77 1212630988
2330.33 4426.76 1212631104
2437.58 4323.99 1212631177
2511.16 4316.17 1212631224
2511.16 4318.41 1212631285
2512.93 4313.94 1212631345
2516.47 4306.12 1212631410
2520.91 4291.6 1212631469
2521.79 4303.88 1212631527
2520.02 4302.77 1212631587
2491.65 4292.71 1212631648
2492.54 4298.3 1212631681
2249.67 4198.88 1212631742
2145.07 4139.68 1212631781
1399.62 4020.16 1212631825
1287.93 4011.23 1212631885
1095.58 3974.37 1212631949
1131.04 3662.74 1212631986
1034.42 3460.57 1212632046
908.554 3213.74 1212632112
1034.42 2453.18 1212632171
911.213 2048.92 1212632233
544.246 1985.27 1212632304
246.418 1739.6 1212632347
259.714 1658.08 1212632391
260.6 1658.08 1212632396
403.309 1546.41 1212632453
855.371 1603.36 1212632518
1302.11 1692.7 1212632587
1412.91 1815.53 1212632633
1867.63 1586.61 1212632694
2156.6 1538.6 1212632759
2613.98 1990.85 1212632824
3019.06 2400.69 1212632874
3702.47 1961.82 1212632974
3825.68 2464.35 1212633034
3564.19 2732.38 1212633094
3451.62 2861.93 1212633129
3021.72 2993.72 1212633203
2844.44 3253.95 1212633250
2745.16 3650.45 1212633310
2714.14 3973.25 1212633376
2647.66 4154.2 1212633432
2564.34 4227.93 1212633474
2530.66 4271.49 1212633545
2525.34 4303.88 1212633551
2474.81 4307.24 1212633607
2553.7 4221.22 1212633666
2877.24 3921.87 1212633799
3238 3864.9 1212633886
3550.9 4070.43 1212633951
3380.71 4363.09 1212634006
2964.1 4942.85 1212634066
2664.5 5191.97 1212634132
2490.77 5170.74 1212634203
2085.69 5101.48 1212634263
1655.78 5035.57 1212634306
1177.13 4957.37 1212634366
-202.098 4744 1212634509
-495.494 4507.19 1212634547
-483.971 4435.69 1212634607
-483.971 4434.58 1212634631
-484.858 4434.58 1212634632
-481.312 4431.23 1212634666
-483.085 4431.23 1212634670
-475.994 4379.84 1212634730
-472.448 4347.45 1212634796
-190.575 4410 1212634865
141.823 4261.44 1212634912
189.688 3984.42 1212634971
252.622 3559.98 1212635034
308.465 3227.14 1212635091
394.446 2921.12 1212635152
498.154 2953.51 1212635193
492.835 2945.69 1212635245
630.226 2969.15 1212635263
612.499 3224.91 1212635328
800.414 3305.32 1212635352
977.693 3342.18 1212635412
1031.76 3357.82 1212635472
996.307 3628.11 1212635535
986.557 3605.77 1212635540
906.782 4141.92 1212635613
845.62 4516.12 1212635662
331.512 4496.01 1212635728
-102.822 4536.23 1212635780
-236.667 4714.96 1212635867
-272.123 4498.25 1212635923
-47.8653 4527.29 1212635984
-34.5694 4420.06 1212636043
603.635 4184.36 1212636228
801.301 3898.41 1212636288
879.303 3415.9 1212636344
1058.35 3135.56 1212636404
1087.61 3095.35 1212636464
1370.37 3121.04 1212636524
1227.66 3043.98 1212636590
1268.43 2866.4 1212636646
1269.32 2866.4 1212636649
1567.15 2796.04 1212636709
2145.07 2883.15 1212636771
2420.74 2943.46 1212636829
2621.07 2940.11 1212636890
2893.19 2643.04 1212636952
3405.53 2792.69 1212637012
3773.38 3154.55 1212637071
4085.39 3205.92 1212637136
4141.23 3164.6 1212637210
4054.37 3154.55 1212637236
3769.84 3358.94 1212637276
3656.38 3335.48 1212637331
2792.14 2446.48 1212637436
2341.85 2004.25 1212637487
1864.97 1788.73 1212637548
1700.99 1929.43 1212637602
1692.13 1999.79 1212637604
1568.03 2820.61 1212637666
