4271.53 -15979.6 1211135599
4166.05 -16086.6 1211135654
3249.52 -15722.2 1211135724
2924.22 -14218.9 1211135768
2606 -12716.4 1211135819
2748.71 -11220.3 1211135872
3792 -10103.1 1211135924
4135.03 -8662.33 1211135966
3862.91 -7155.48 1211136022
3610.28 -5680.7 1211136071
3115.68 -4226.86 1211136102
2595.36 -2828.57 1211136146
2819.62 -1298.31 1211136200
2649.43 189.797 1211136252
2672.48 1583.26 1211136312
2437.58 1870.25 1211136383
2086.57 2029.94 1211136433
2085.69 2027.7 1211136493
2089.23 2032.17 1211136506
2355.15 2293.49 1211136563
2627.27 2080.19 1211136623
3349.68 1061.8 1211136723
3834.54 -360.602 1211136771
3485.3 -1845.26 1211136817
2791.26 -3180.12 1211136866
3214.07 -4669.85 1211136921
3659.92 -6113.57 1211136963
3922.3 -7568.19 1211137009
4182.9 -9044.85 1211137054
3547.35 -10417.6 1211137097
2598.91 -11551.5 1211137148
2614.86 -13069.8 1211137195
2889.65 -14536.5 1211137238
3255.73 -15995.2 1211137303
4176.69 -16127.8 1211137348
4395.63 -16015.3 1211137413
4271.53 -16137.9 1211137559
4550.75 -16049.8 1211137605
