3658.15 -942.22 1212665682
3666.13 -947.801 1212665729
3679.42 -946.685 1212665790
3744.13 -972.36 1212665850
3738.81 -970.127 1212665910
3737.04 -967.895 1212665972
3735.27 -966.778 1212666032
3735.27 -967.895 1212666093
3728.18 -963.43 1212666154
3733.49 -965.662 1212666214
3734.38 -965.662 1212666274
3735.27 -965.662 1212666335
3736.15 -966.778 1212666395
3735.27 -963.43 1212666456
3735.27 -963.43 1212666493
3592.56 -960.081 1212666553
3600.53 -972.36 1212666615
3600.53 -980.174 1212666635
3600.53 -982.407 1212666694
3599.65 -980.174 1212666755
3598.76 -981.29 1212666815
3599.65 -977.942 1212666875
3603.19 -975.709 1212666936
3598.76 -975.709 1212666996
3598.76 -976.825 1212667057
3596.99 -979.058 1212667117
3596.1 -980.174 1212667177
3596.99 -980.174 1212667238
3598.76 -984.639 1212667298
3600.53 -985.756 1212667359
3600.53 -984.639 1212667404
3600.53 -983.523 1212667455
3600.53 -980.174 1212667520
3605.85 -986.872 1212667580
3601.42 -990.221 1212667635
3598.76 -977.942 1212667676
3581.03 -1095.15 1212667736
3525.19 -873.008 1212667796
3867.34 -937.754 1212667857
3199 -2247.08 1212667917
853.598 -3174.54 1212668032
702.911 -3273.86 1212668092
996.307 -2706.92 1212668152
1068.11 -2278.33 1212668214
1068.11 -2278.33 1212668229
1253.36 -1878.75 1212668274
1253.36 -1878.75 1212668334
1248.93 -1894.38 1212668394
1252.48 -1882.1 1212668454
1251.59 -1882.1 1212668515
1252.48 -1883.21 1212668575
1252.48 -1883.21 1212668636
1253.36 -1882.1 1212668696
1255.13 -1874.29 1212668762
1254.25 -1874.29 1212668818
1253.36 -1880.98 1212668879
1254.25 -1879.87 1212668939
1221.45 -1825.17 1212669000
1225.88 -1955.77 1212669060
1020.24 -2586.38 1212669136
848.279 -2918.97 1212669196
384.695 -3498.17 1212669256
304.033 -3607.53 1212669321
159.551 -3629.85 1212669376
163.097 -3625.39 1212669436
164.869 -3623.16 1212669496
168.415 -3623.16 1212669556
168.415 -3622.04 1212669616
100.163 -3585.21 1212669678
-116.118 -3924.46 1212669738
-537.155 -4663.15 1212669799
-1016.69 -4375.27 1212669859
-1204.61 -4889.66 1212669920
-1803.81 -5253.39 1212669980
-2379.97 -5169.71 1212670041
-2929.53 -5119.5 1212670101
-3054.52 -5065.95 1212670165
-3056.29 -5070.41 1212670222
-3053.63 -5065.95 1212670284
-3055.4 -5067.06 1212670344
-3056.29 -5069.29 1212670405
-3060.72 -5077.1 1212670439
-3060.72 -5071.53 1212670498
-3064.27 -5074.87 1212670560
-3058.06 -5065.95 1212670620
-3059.83 -5070.41 1212670681
-3058.06 -5068.18 1212670741
-3053.63 -5060.37 1212670802
-3050.08 -5058.14 1212670862
-3064.27 -5071.53 1212670923
-3053.63 -5063.71 1212670983
-3053.63 -5064.83 1212671044
-3058.06 -5070.41 1212671104
-3057.17 -5069.29 1212671165
-3059.83 -5069.29 1212671225
-3054.52 -5067.06 1212671286
-3052.74 -5067.06 1212671347
-3059.83 -5072.64 1212671408
-3051.86 -5067.06 1212671473
-3058.95 -5069.29 1212671528
-3060.72 -5069.29 1212671588
-3066.92 -5078.22 1212671648
-3058.95 -5072.64 1212671708
-3058.95 -5072.64 1212671768
-3059.83 -5069.29 1212671828
-3052.74 -5067.06 1212671888
-3058.06 -5078.22 1212671949
-3060.72 -5077.1 1212672009
-3061.61 -5075.99 1212672070
-3058.06 -5070.41 1212672130
-3057.17 -5069.29 1212672192
-3059.83 -5068.18 1212672253
-2892.31 -5123.97 1212672314
-2516.47 -5386.16 1212672374
-1903.98 -5570.25 1212672435
-1349.09 -5120.62 1212672495
-933.373 -4418.79 1212672556
-473.335 -4616.29 1212672616
-18.6143 -3720.24 1212672682
156.005 -3627.62 1212672738
156.892 -3622.04 1212672798
156.005 -3625.39 1212672858
168.415 -3632.08 1212672926
382.922 -3513.79 1212672979
734.821 -3067.4 1212673040
1040.63 -2398.87 1212673101
1040.63 -2398.87 1212673118
1211.7 -2001.53 1212673163
1199.29 -1619.79 1212673223
1305.66 -1342.97 1212673284
1305.66 -1342.97 1212673325
1368.59 -1255.9 1212673344
1484.71 -883.055 1212673409
1552.96 -1210.13 1212673464
1552.96 -1210.13 1212673485
1433.3 -1558.4 1212673524
1267.54 -1868.7 1212673584
1264.88 -1873.17 1212673644
1268.43 -1870.94 1212673704
1268.43 -1864.24 1212673764
1273.75 -1873.17 1212673826
1265.77 -1867.59 1212673886
1264 -1869.82 1212673946
1266.66 -1874.29 1212674007
1267.54 -1876.52 1212674072
1269.32 -1872.05 1212674127
1265.77 -1874.29 1212674188
1269.32 -1876.52 1212674248
1269.32 -1868.7 1212674308
1271.09 -1867.59 1212674368
1268.43 -1866.47 1212674428
1268.43 -1867.59 1212674488
1264.88 -1869.82 1212674548
1266.66 -1868.7 1212674596
1264.88 -1867.59 1212674656
1269.32 -1869.82 1212674716
1264.88 -1866.47 1212674777
1268.43 -1860.89 1212674837
1267.54 -1857.54 1212674897
1266.66 -1866.47 1212674967
1270.2 -1870.94 1212675017
1270.2 -1872.05 1212675037
1272.86 -1873.17 1212675097
1263.11 -1866.47 1212675157
1264.88 -1865.36 1212675217
1270.2 -1866.47 1212675277
1272.86 -1874.29 1212675337
1272.86 -1874.29 1212675398
1268.43 -1864.24 1212675463
1268.43 -1870.94 1212675519
1268.43 -1865.36 1212675579
1264 -1874.29 1212675639
1267.54 -1869.82 1212675699
1268.43 -1872.05 1212675759
1265.77 -1869.82 1212675820
1266.66 -1868.7 1212675880
1266.66 -1868.7 1212675940
1267.54 -1874.29 1212676008
1266.66 -1878.75 1212676065
1264 -1874.29 1212676120
1264 -1874.29 1212676185
1270.2 -1870.94 1212676240
1263.11 -1869.82 1212676300
1264.88 -1869.82 1212676360
1264.88 -1870.94 1212676420
1262.23 -1869.82 1212676480
1269.32 -1867.59 1212676541
1264.88 -1864.24 1212676601
1264.88 -1866.47 1212676662
1264.88 -1872.05 1212676722
1262.23 -1874.29 1212676783
1265.77 -1873.17 1212676843
1271.98 -1873.17 1212676905
1268.43 -1873.17 1212676965
1265.77 -1873.17 1212677026
1265.77 -1870.94 1212677087
1261.34 -1870.94 1212677148
1261.34 -1869.82 1212677208
1265.77 -1876.52 1212677274
1264.88 -1876.52 1212677329
1265.77 -1878.75 1212677390
1266.66 -1879.87 1212677450
1267.54 -1878.75 1212677511
1267.54 -1878.75 1212677571
1270.2 -1878.75 1212677632
1270.2 -1874.29 1212677692
1267.54 -1873.17 1212677753
1268.43 -1873.17 1212677814
1267.54 -1868.7 1212677875
1269.32 -1873.17 1212677936
1268.43 -1872.05 1212677996
1266.66 -1873.17 1212678056
1266.66 -1873.17 1212678122
1266.66 -1874.29 1212678182
1266.66 -1873.17 1212678237
1268.43 -1874.29 1212678297
1268.43 -1870.94 1212678359
1272.86 -1874.29 1212678417
1272.86 -1874.29 1212678477
1270.2 -1876.52 1212678521
1268.43 -1874.29 1212678582
1266.66 -1872.05 1212678641
1264.88 -1872.05 1212678702
1267.54 -1872.05 1212678763
1266.66 -1872.05 1212678824
1264 -1870.94 1212678884
1266.66 -1870.94 1212678951
1266.66 -1870.94 1212679007
1262.23 -1868.7 1212679067
1264.88 -1867.59 1212679127
1266.66 -1870.94 1212679188
1267.54 -1874.29 1212679248
1267.54 -1874.29 1212679309
1269.32 -1875.4 1212679369
1265.77 -1869.82 1212679435
1264.88 -1870.94 1212679490
1266.66 -1868.7 1212679551
1267.54 -1868.7 1212679611
1270.2 -1873.17 1212679672
1266.66 -1872.05 1212679732
1266.66 -1873.17 1212679794
1267.54 -1864.24 1212679853
1264.88 -1866.47 1212679915
1266.66 -1868.7 1212679975
1264 -1872.05 1212680036
1266.66 -1873.17 1212680096
1263.11 -1866.47 1212680157
1266.66 -1868.7 1212680217
1274.64 -1870.94 1212680280
1274.64 -1868.7 1212680302
1059.24 -2168.95 1212680362
1061.9 -2124.31 1212680426
1144.34 -2114.26 1212680482
1047.72 -2263.82 1212680571
382.922 -2943.52 1212680631
158.665 -2893.3 1212680691
136.505 -2943.52 1212680751
136.505 -2956.91 1212680812
-23.0463 -3154.45 1212680857
-29.251 -3155.56 1212680878
98.3898 -3229.22 1212680939
1446.6 -3157.79 1212681003
2285.12 -2932.36 1212681059
3040.33 -4042.74 1212681120
3040.33 -4042.74 1212681134
3259.27 -4897.47 1212681180
3547.35 -5513.35 1212681240
3754.77 -6686.97 1212681300
3879.75 -7854.84 1212681360
3245.98 -8051.14 1212681420
3558.87 -8629.99 1212681480
2768.21 -11156.8 1212681693
2581.18 -12644 1212681741
2840.89 -14107.4 1212681810
3149.36 -15587.4 1212681874
