2694.64 -14518.7 1211799526
2700.84 -14420.6 1211799590
2939.28 -14075.1 1211799646
2606 -12633.9 1211799700
3292.07 -10722 1211799767
4141.23 -9470.85 1211799817
4014.48 -7944.07 1211799868
3761.86 -6536.37 1211799914
3362.09 -5051.44 1211799965
2935.74 -3613.11 1211800014
2486.34 -2174.53 1211800064
2672.48 -1226.87 1211800121
2196.49 -1315.06 1211800182
1485.6 -1334.04 1211800242
1096.47 -1361.94 1211800298
767.618 -1209.01 1211800358
109.913 -1257.01 1211800418
-714.434 -1465.75 1211800478
-1401.39 -1615.33 1211800538
-1262.23 -2087.47 1211800598
-950.215 -2328.56 1211800632
-881.076 -2489.28 1211800692
-879.303 -2488.16 1211800720
-895.258 -2268.29 1211800780
-1398.73 -1853.08 1211800840
-1042.4 -1527.15 1211800901
-483.971 -496.8 1211800961
-801.301 -63.6367 1211801022
-158.665 193.146 1211801082
18.6143 265.717 1211801142
517.654 741.349 1211801203
911.213 1133.26 1211801262
860.689 1605.6 1211801322
853.598 1703.86 1211801382
766.731 2234.3 1211801442
1155.86 2301.3 1211801503
1320.73 2330.34 1211801563
1762.15 2401.81 1211801625
1771.02 2505.67 1211801667
1771.02 2446.48 1211801673
1829.52 2134.91 1211801733
1512.19 1738.48 1211801793
1022.01 1252.74 1211801833
733.048 966.893 1211801893
251.736 492.364 1211801953
-610.726 104.946 1211802013
-605.407 -718.955 1211802073
-801.301 -1455.71 1211802133
-1406.71 -1617.56 1211802193
-1562.71 -1724.72 1211802254
-1395.18 -1876.52 1211802314
-1400.5 -1875.4 1211802374
-1400.5 -1876.52 1211802434
-1401.39 -1876.52 1211802496
-1401.39 -1875.4 1211802560
-1404.94 -1873.17 1211802616
-1404.05 -1874.29 1211802676
-1403.16 -1874.29 1211802736
-1402.28 -1874.29 1211802796
-1401.39 -1875.4 1211802856
-1402.28 -1874.29 1211802916
-1402.28 -1873.17 1211802969
-1080.51 -2266.06 1211803029
-959.079 -2513.83 1211803055
-1035.31 -2887.72 1211803115
-1169.15 -3176.77 1211803175
-584.134 -3194.62 1211803235
-270.35 -3193.51 1211803264
-1.77279 -3220.29 1211803324
1495.35 -3165.61 1211803383
2864.83 -3452.42 1211803440
3261.93 -4888.54 1211803486
3694.49 -6322.18 1211803534
3962.18 -7815.8 1211803581
4173.15 -9316.96 1211803628
3378.94 -10614.9 1211803674
2535.97 -11850.2 1211803722
2636.14 -13340.6 1211803767
2922.44 -14815.1 1211803814
3275.23 -16061 1211803858
3808.84 -16234.8 1211803891
4483.38 -16176.8 1211803939
4499.34 -16160.1 1211803941
4382.33 -15851.5 1211804001
4232.53 -15977.4 1211804062
4037.53 -16175.7 1211804122
4533.02 -16091.1 1211804183
3674.1 -16240.4 1211804244
3010.2 -14903.2 1211804305
2690.21 -13444.3 1211804348
2556.36 -11968.4 1211804394
3365.64 -10653.9 1211804444
4158.96 -9422.9 1211804488
4149.21 -8715.86 1211804509
3878.86 -7193.4 1211804557
3613.83 -5718.63 1211804606
3130.75 -4274.84 1211804659
2852.42 -2619.86 1211804718
3781.36 -1407.71 1211804769
3843.41 97.1307 1211804819
3838.09 154.07 1211804822
3440.98 1536.36 1211804882
3875.32 1977.45 1211804921
3994.98 2276.73 1211804981
4109.32 2665.37 1211805041
4185.55 2701.11 1211805172
4189.99 2434.2 1211805231
3763.63 1898.17 1211805291
3717.54 600.666 1211805352
3911.66 -894.218 1211805399
3218.5 -2228.11 1211805446
2941.06 -3707.97 1211805498
3399.32 -5135.12 1211805542
3744.13 -6585.45 1211805586
4014.48 -8112.49 1211805631
4039.3 -9678.27 1211805674
3095.29 -10866.9 1211805719
2555.48 -12293.9 1211805771
2786.82 -13806.5 1211805819
3066.92 -15295.4 1211805867
3533.17 -16317.2 1211805911
3687.4 -16280.5 1211805920
4408.04 -16219.2 1211805977
4413.36 -16218.1 1211805979
4521.5 -16162.4 1211806039
3991.43 -16144.5 1211806099
3088.2 -15189.6 1211806160
2785.05 -13712.9 1211806206
2562.57 -12169.1 1211806251
3222.93 -10781 1211806304
4111.98 -9548.91 1211806344
4065 -8242.98 1211806384
3799.97 -6769.52 1211806427
3512.78 -5306.94 1211806472
3021.72 -3898.79 1211806516
2722.12 -2841.96 1211806576
3637.76 -1667.79 1211806598
3850.5 -159.649 1211806647
3351.46 1252.74 1211806701
3643.97 1739.6 1211806729
3890.39 1976.33 1211806770
3809.72 2088.01 1211806832
3136.95 2763.65 1211806892
3044.76 2894.32 1211806953
3039.45 2899.9 1211807013
3042.99 2893.2 1211807074
3047.42 2893.2 1211807134
3049.2 2890.97 1211807195
3048.31 2890.97 1211807255
3049.2 2892.09 1211807316
3050.97 2890.97 1211807377
3048.31 2914.42 1211807438
3044.76 2908.84 1211807498
3066.04 2905.49 1211807558
2960.56 2612.88 1211807618
3041.22 2461 1211807678
2992.47 2012.07 1211807738
2716.8 510.228 1211807795
2885.21 -994.686 1211807847
2444.68 -2417.85 1211807895
2966.76 -3819.56 1211807941
3458.71 -5233.31 1211807986
3765.4 -6700.35 1211808030
4029.55 -8177.18 1211808073
4040.19 -9678.27 1211808120
3093.52 -10871.4 1211808169
2559.02 -12311.8 1211808216
2777.96 -13800.9 1211808262
3057.17 -15266.5 1211808317
3773.38 -16251.5 1211808372
4430.2 -16219.2 1211808433
4509.09 -16180.2 1211808483
4508.2 -16180.2 1211808484
4412.47 -15882.7 1211808544
3554.44 -16273.8 1211808604
3007.54 -14876.4 1211808657
2679.57 -13386.3 1211808706
2550.16 -11912.7 1211808753
3352.34 -10668.4 1211808804
3966.62 -9852.22 1211808838
4080.07 -8346.71 1211808887
3807.06 -6845.37 1211808936
3532.28 -5357.15 1211808986
3018.17 -3904.37 1211809036
2466.84 -2491.51 1211809085
2883.44 -1066.13 1211809133
2906.49 -630.763 1211809147
2715.03 858.586 1211809198
3259.27 2148.31 1211809258
3459.6 2077.96 1211809318
3449.85 2280.08 1211809378
3235.34 2353.79 1211809438
3215.84 2329.22 1211809499
3215.84 2329.22 1211809519
2678.68 934.512 1211809615
2886.99 -545.92 1211809668
2522.68 -2020.5 1211809715
2867.49 -3510.45 1211809764
3278.77 -4933.17 1211809810
3706.02 -6392.46 1211809859
3975.48 -7872.69 1211809901
4158.96 -9373.83 1211809945
3628.9 -10309.4 1211809978
2629.05 -11462.3 1211810023
2602.45 -12987.3 1211810069
2885.21 -14463 1211810118
3227.36 -15928.4 1211810167
4066.78 -16229.2 1211810227
4037.53 -16237 1211810248
4072.1 -16221.4 1211810309
3955.09 -16073.2 1211810369
3199.88 -15487.1 1211810429
2927.76 -14016.1 1211810485
2600.68 -12570.4 1211810536
2863.94 -11083.2 1211810587
3898.36 -9971.54 1211810637
4104.89 -8488.35 1211810684
3838.97 -7006 1211810728
3594.33 -5634.96 1211810769
3113.9 -4226.86 1211810815
2574.98 -2787.27 1211810863
2813.42 -1317.29 1211810912
2613.98 13.3973 1211810957
2599.79 1526.31 1211811012
3443.64 2079.07 1211811072
3449.85 2074.61 1211811093
3451.62 2069.02 1211811153
3452.51 2066.79 1211811213
3450.73 2075.72 1211811273
3451.62 2067.9 1211811308
3524.3 2194.1 1211811368
3412.62 2495.62 1211811428
3581.03 2706.69 1211811480
3671.45 3052.91 1211811540
3898.36 3081.95 1211811601
3892.16 3079.72 1211811653
4213.03 2818.38 1211811713
3900.14 2032.17 1211811773
3359.43 1104.23 1211811833
3832.77 -301.433 1211811883
3539.37 -1776.06 1211811931
2742.5 -3056.24 1211811979
3184.82 -4532.6 1211812025
3635.99 -5970.77 1211812070
3849.61 -7166.63 1211812105
4116.42 -8655.64 1211812148
3751.22 -10146.6 1211812193
2731.87 -11232.6 1211812238
2587.39 -12758.8 1211812284
2853.3 -14252.3 1211812331
3177.72 -15735.6 1211812379
3219.38 -15881.6 1211812385
3900.14 -16214.7 1211812437
4359.29 -16203.6 1211812471
4377.9 -16209.2 1211812473
4491.36 -16190.2 1211812533
4155.42 -16064.3 1211812593
3203.43 -15580.7 1211812653
2914.46 -14118.6 1211812696
2601.57 -12619.4 1211812744
2963.22 -11773.3 1211812804
3509.24 -10936 1211812865
3289.41 -10821.2 1211812925
2759.35 -11167.9 1211812992
2540.41 -12385.3 1211813046
2460.63 -12334.1 1211813113
2466.84 -11807.9 1211813167
2494.31 -11745.4 1211813228
3439.21 -10581.5 1211813289
4190.87 -9284.62 1211813333
3981.68 -7802.42 1211813378
3719.31 -6333.34 1211813423
3395.78 -5101.65 1211813462
2961.44 -3649.94 1211813507
2808.1 -2675.67 1211813567
3734.38 -1514.87 1211813587
3853.16 -22.3287 1211813636
3846.07 69.2195 1211813639
3392.23 1482.76 1211813693
3755.65 2147.19 1211813753
3583.69 2708.93 1211813813
3270.8 2946.81 1211813873
3124.54 2798.27 1211813933
2994.24 2911.07 1211813993
2930.42 3151.2 1211814054
3167.09 3507.48 1211814114
3231.79 3796.77 1211814176
2983.6 3629.23 1211814237
2827.6 3681.72 1211814298
2698.18 4091.65 1211814358
2423.4 4385.43 1211814419
2046.68 4676.98 1211814479
1670.85 5019.93 1211814540
1661.99 5044.51 1211814600
1654.01 5041.15 1211814661
1654.9 5044.51 1211814686
1655.78 5040.04 1211814746
1709.85 5142.81 1211814806
2027.18 5303.68 1211814866
2321.47 5352.84 1211814926
2843.55 5021.05 1211814986
3005.76 4682.56 1211815046
3131.63 4024.63 1211815107
3152.91 3813.52 1211815168
3160 3777.78 1211815228
3254.84 3506.37 1211815289
3220.27 3614.71 1211815349
3181.27 3573.38 1211815410
2995.13 3293.04 1211815470
2887.87 3288.57 1211815531
2555.48 3172.42 1211815591
2597.14 2926.71 1211815652
2769.1 2731.26 1211815712
2908.26 2587.2 1211815773
2575.86 2233.18 1211815833
2762.89 1873.6 1211815894
2579.41 1667.01 1211815960
2665.39 264.6 1211816015
2813.42 -1240.27 1211816073
2395.04 -2687.94 1211816124
1093.81 -3185.7 1211816172
366.081 -3105.34 1211816196
-944.896 -3820.68 1211816244
-1470.53 -5224.38 1211816292
-2893.19 -5706.36 1211816342
-3543.8 -6251.9 1211816401
-4338.01 -6544.18 1211816461
-4332.7 -6626.73 1211816521
-4347.76 -6930.15 1211816576
-4346.88 -6926.8 1211816636
-4346.88 -6926.8 1211816696
-4345.11 -6927.92 1211816736
-4346.88 -6927.92 1211816796
-4345.99 -6926.8 1211816856
-4346.88 -6925.69 1211816916
-4346.88 -6925.69 1211816976
-4346.88 -6926.8 1211817041
-4346.88 -6926.8 1211817101
-4346.88 -6926.8 1211817157
-4346.88 -6926.8 1211817191
-4346.88 -6927.92 1211817251
-4346.88 -6927.92 1211817311
-4346.88 -6927.92 1211817372
-4346.88 -6926.8 1211817433
-4345.99 -6927.92 1211817494
-4345.99 -6927.92 1211817554
-4345.99 -6930.15 1211817614
-4345.11 -6929.03 1211817675
-4346.88 -6927.92 1211817735
-4346.88 -6929.03 1211817784
-4347.76 -6927.92 1211817845
-4347.76 -6927.92 1211817905
-4348.65 -6927.92 1211817967
-4348.65 -6927.92 1211818027
-4348.65 -6927.92 1211818088
-4347.76 -6927.92 1211818149
-4348.65 -6927.92 1211818209
-4347.76 -6927.92 1211818269
-4347.76 -6927.92 1211818331
-4345.99 -6927.92 1211818391
-4345.99 -6927.92 1211818452
-4345.99 -6925.69 1211818522
-4345.99 -6925.69 1211818583
-4346.88 -6925.69 1211818632
-4346.88 -6926.8 1211818695
-4347.76 -6926.8 1211818753
-4347.76 -6926.8 1211818814
-4347.76 -6926.8 1211818874
-4347.76 -6927.92 1211818935
-4348.65 -6926.8 1211818995
-4347.76 -6927.92 1211819055
-4346.88 -6927.92 1211819116
-4346.88 -6929.03 1211819176
-4347.76 -6929.03 1211819237
-4348.65 -6927.92 1211819300
-4348.65 -6927.92 1211819358
-4348.65 -6929.03 1211819419
-4347.76 -6929.03 1211819479
-4346.88 -6929.03 1211819540
-4346.88 -6929.03 1211819601
-4348.65 -6931.27 1211819661
-4347.76 -6931.27 1211819726
-4347.76 -6930.15 1211819781
-4346.88 -6927.92 1211819841
-4347.76 -6930.15 1211819911
-4347.76 -6929.03 1211819967
-4347.76 -6930.15 1211820022
-4348.65 -6930.15 1211820082
-4347.76 -6930.15 1211820142
-4348.65 -6931.27 1211820202
-4348.65 -6930.15 1211820262
-4348.65 -6930.15 1211820322
-4348.65 -6929.03 1211820382
-4349.54 -6929.03 1211820443
-4348.65 -6930.15 1211820503
-4349.54 -6930.15 1211820565
-4350.42 -6927.92 1211820625
-4349.54 -6930.15 1211820691
-4348.65 -6929.03 1211820746
-4348.65 -6929.03 1211820811
-4349.54 -6929.03 1211820867
-4348.65 -6929.03 1211820928
-4348.65 -6929.03 1211820988
-4348.65 -6929.03 1211821049
-4348.65 -6929.03 1211821109
-4348.65 -6927.92 1211821170
-4348.65 -6927.92 1211821234
-4348.65 -6926.8 1211821290
-4350.42 -6925.69 1211821350
-4352.2 -6926.8 1211821410
-4350.42 -6927.92 1211821470
-4350.42 -6927.92 1211821530
-4352.2 -6927.92 1211821590
-4352.2 -6927.92 1211821650
-4353.08 -6927.92 1211821712
-4352.2 -6926.8 1211821773
-4352.2 -6926.8 1211821834
-4351.31 -6927.92 1211821894
-4353.08 -6929.03 1211821955
-4352.2 -6927.92 1211822015
-4352.2 -6927.92 1211822076
-4346.88 -6929.03 1211822136
-4349.54 -6930.15 1211822197
-4348.65 -6929.03 1211822259
-4348.65 -6929.03 1211822317
-4348.65 -6929.03 1211822369
-4347.76 -6929.03 1211822419
-4347.76 -6929.03 1211822479
-4346.88 -6929.03 1211822551
-4347.76 -6927.92 1211822599
-4349.54 -6929.03 1211822659
-4351.31 -6930.15 1211822719
-4350.42 -6929.03 1211822779
-4350.42 -6927.92 1211822839
-4349.54 -6926.8 1211822899
-4348.65 -6926.8 1211822960
-4349.54 -6926.8 1211823021
-4351.31 -6930.15 1211823082
-4350.42 -6930.15 1211823142
-4350.42 -6929.03 1211823203
-4349.54 -6929.03 1211823246
-4350.42 -6930.15 1211823290
-4350.42 -6930.15 1211823350
-4349.54 -6930.15 1211823415
-4349.54 -6930.15 1211823470
-4349.54 -6930.15 1211823531
-4348.65 -6930.15 1211823591
-4348.65 -6929.03 1211823651
-4348.65 -6927.92 1211823711
-4348.65 -6927.92 1211823773
-4347.76 -6926.8 1211823836
-4347.76 -6926.8 1211823896
-4348.65 -6926.8 1211823951
-4348.65 -6927.92 1211824011
-4348.65 -6930.15 1211824071
-4348.65 -6931.27 1211824136
-4349.54 -6929.03 1211824192
-4349.54 -6929.03 1211824257
-4348.65 -6929.03 1211824323
-4348.65 -6927.92 1211824373
-4349.54 -6927.92 1211824433
-4348.65 -6926.8 1211824465
-4348.65 -6925.69 1211824525
-4347.76 -6925.69 1211824585
-4347.76 -6926.8 1211824645
-4347.76 -6926.8 1211824705
-4347.76 -6926.8 1211824766
-4347.76 -6927.92 1211824826
-4461.22 -6633.42 1211824887
-4435.52 -6392.46 1211824922
-4452.36 -6148.15 1211824951
-4391.2 -5159.67 1211825011
-4383.22 -4321.71 1211825072
-4522.38 -3402.2 1211825148
-5140.2 -3115.39 1211825194
-5177.43 -2475.89 1211825254
-5217.32 -1750.39 1211825316
-5270.5 -878.59 1211825376
-5307.73 -78.1503 1211825437
-5298.87 477.85 1211825502
-4462.11 543.723 1211825557
-3986.12 569.403 1211825622
-3756.54 583.918 1211825677
-3154.68 619.647 1211825750
-2640.57 649.793 1211825800
-1885.36 840.721 1211825857
-1738.22 1118.75 1211825921
-1303.89 1129.91 1211825978
-1178.9 1074.08 1211826028
-1011.38 1179.04 1211826088
-1385.43 1146.66 1211826148
-1425.32 1138.85 1211826208
-1424.44 1132.15 1211826262
-1423.55 1136.61 1211826359
-1426.21 1139.96 1211826390
-1286.16 1269.49 1211826454
-585.907 1384.5 1211826510
106.367 1496.16 1211826570
797.755 1601.13 1211826631
1031.76 1560.93 1211826692
1560.94 1075.2 1211826752
2703.5 376.248 1211826813
2843.55 -1142.04 1211826865
2492.54 -2627.67 1211826917
3034.13 -4017.08 1211826967
3538.49 -5430.79 1211827013
3801.75 -6903.38 1211827059
4072.98 -8420.31 1211827107
3918.75 -9909.09 1211827161
2919.78 -11014.1 1211827203
2567 -12460 1211827252
2813.42 -13939.2 1211827302
3096.18 -15403.5 1211827351
3934.7 -16203.6 1211827411
4559.61 -16005.3 1211827471
4322.95 -15868.2 1211827520
4331.81 -15869.3 1211827580
4320.29 -15876 1211827601
4286.6 -15900.5 1211827608
3662.58 -16242.6 1211827668
3013.74 -14898.7 1211827728
2691.09 -13438.7 1211827775
2551.04 -11937.2 1211827827
3343.48 -10676.2 1211827884
4149.21 -9439.63 1211827927
4004.73 -7947.42 1211827972
3739.7 -6468.32 1211828015
3598.76 -5684.05 1211828040
3116.56 -4246.95 1211828098
2574.98 -2809.59 1211828140
2815.19 -1292.73 1211828188
2658.3 200.961 1211828244
2659.18 1204.73 1211828286
3301.82 2167.29 1211828346
3528.74 2341.51 1211828407
3277.89 2621.82 1211828467
3049.2 2888.74 1211828527
