4405.38 -16028.7 1211849357
4405.38 -16028.7 1211849419
4406.27 -16029.8 1211849475
4406.27 -16028.7 1211849530
4406.27 -16027.5 1211849613
4406.27 -16027.5 1211849654
4406.27 -16027.5 1211849711
4406.27 -16027.5 1211849832
4408.04 -16030.9 1211849896
4408.04 -16029.8 1211849956
4408.93 -16028.7 1211850022
4408.93 -16028.7 1211850087
4408.93 -16027.5 1211850137
4408.04 -16026.4 1211850192
4407.15 -16026.4 1211850252
4408.04 -16026.4 1211850323
4407.15 -16027.5 1211850377
4407.15 -16028.7 1211850444
4408.04 -16027.5 1211850492
4408.93 -16026.4 1211850552
4408.93 -16025.3 1211850618
4408.93 -16025.3 1211850678
4408.04 -16026.4 1211850919
4408.93 -16026.4 1211850975
4408.04 -16026.4 1211851035
4408.04 -16026.4 1211851099
4408.93 -16025.3 1211851159
4408.93 -16024.2 1211851276
