3705.13 -10221.3 1211952455
4149.21 -8764.93 1211952516
3888.61 -7304.95 1211952548
3612.06 -5775.53 1211952610
2629.93 -2899.99 1211952687
2606 62.5208 1211952809
2395.92 1210.31 1211952864
2198.26 1445.92 1211952932
1774.56 1863.55 1211952988
1261.34 1955.12 1211953051
1180.68 2477.75 1211953106
1054.81 3213.74 1211953172
819.915 3199.22 1211953227
389.127 3116.57 1211953294
-405.969 3043.98 1211953359
-472.448 3417.01 1211953418
-568.179 3506.37 1211953469
-567.292 3505.25 1211953507
-567.292 3505.25 1211953534
-595.657 3236.08 1211953575
-464.471 3098.7 1211953642
-83.3211 3164.6 1211953701
637.318 3294.16 1211953752
1040.63 3347.77 1211953805
1208.16 3165.71 1211953869
1272.86 2810.56 1211953925
