3736.15 -979.058 1212686827
3740.58 -967.895 1212686887
3742.36 -969.011 1212686948
3745.02 -967.895 1212687015
3743.24 -967.895 1212687075
3697.15 -981.29 1212687128
3577.49 -1116.36 1212687189
3158.22 -1182.22 1212687258
2777.07 -1220.18 1212687311
2524.45 -1284.92 1212687327
2356.04 -1311.71 1212687349
2229.28 -1360.83 1212687415
2228.4 -1359.71 1212687470
2372.88 -1486.96 1212687531
2520.91 -1553.93 1212687591
2487.22 -1704.62 1212687652
2485.45 -1723.6 1212687712
2486.34 -1723.6 1212687773
2486.34 -1722.48 1212687839
2487.22 -1721.37 1212687854
2286.9 -2051.76 1212687914
2374.65 -2282.8 1212687975
2380.86 -2551.78 1212688037
2403.02 -2574.1 1212688100
2924.22 -3690.11 1212688156
3394 -5100.53 1212688209
3737.04 -6546.41 1212688250
4000.3 -8043.34 1212688304
4098.69 -9531.07 1212688348
3206.09 -10779.9 1212688400
2542.18 -12137.9 1212688450
2724.78 -13630.4 1212688500
2999.56 -15093.7 1212688550
3650.17 -16339.5 1212688615
4066.78 -16219.2 1212688672
4020.69 -16083.3 1212688722
4012.71 -16088.8 1212688737
4005.62 -16073.2 1212688793
4028.66 -16178 1212688854
