2637.91 -13001.8 1212405681
2622.84 -12515.8 1212405727
2635.25 -12538.1 1212405788
2637.91 -12539.2 1212405849
2637.91 -12539.2 1212405904
2911.81 -12085.5 1212405963
2971.19 -12065.4 1212406025
2972.08 -12066.5 1212406085
2971.19 -12066.5 1212406145
2971.19 -12064.3 1212406205
2972.97 -11809 1212406265
2570.54 -11733.2 1212406326
3462.26 -10539.1 1212406386
4197.96 -9209.9 1212406433
3966.62 -7709.84 1212406481
3705.13 -6244.09 1212406529
3253.95 -4808.2 1212406580
2841.78 -3329.66 1212406630
1722.26 -3134.36 1212406679
845.62 -3174.54 1212406708
-358.103 -3183.46 1212406770
-561.974 -2929.01 1212406830
-736.594 -2855.35 1212406857
-575.27 -2868.74 1212406917
-275.669 -2862.05 1212406977
-267.691 -2867.63 1212407037
-257.054 -2876.56 1212407097
-267.691 -2866.51 1212407157
-267.691 -2879.9 1212407217
-268.578 -2878.79 1212407282
-262.373 -2881.02 1212407337
-261.486 -2884.37 1212407395
107.254 -3065.17 1212407454
184.37 -3194.62 1212407514
1639.83 -3167.84 1212407561
2925.1 -3671.14 1212407621
3405.53 -5147.4 1212407671
3628.9 -5933.95 1212407691
3892.16 -7406.45 1212407733
4166.94 -8925.53 1212407779
3582.81 -10367.4 1212407831
2617.52 -11495.7 1212407876
2602.45 -12999.5 1212407919
2885.21 -14486.4 1212407975
3233.57 -15935.1 1212408021
4045.5 -16179.1 1212408081
4403.61 -15872.7 1212408142
4347.76 -15860.4 1212408181
4347.76 -15860.4 1212408188
4233.42 -15968.5 1212408248
3401.1 -16174.6 1212408307
2980.06 -14746 1212408350
2645.89 -13252.6 1212408403
2554.59 -11765.5 1212408445
3433.89 -10577 1212408492
4190.87 -9291.31 1212408538
3971.05 -7757.8 1212408585
3706.9 -6299.87 1212408632
3258.39 -4813.78 1212408682
2979.17 -3783.85 1212408715
2453.54 -2340.84 1212408767
2824.05 -1463.52 1212408828
2824.05 -1463.52 1212408831
2423.4 -1309.48 1212408891
2060.87 -1315.06 1212408951
1562.71 -1335.15 1212409011
1067.22 -1365.29 1212409071
958.192 -1195.62 1212409131
752.549 -1028.18 1212409192
266.805 -1066.13 1212409252
-59.3884 -956.732 1212409312
-79.7755 -702.21 1212409348
-88.6394 -478.938 1212409408
-96.617 -407.49 1212409429
-132.073 33.4932 1212409489
-152.46 229.99 1212409551
-560.201 215.475 1212409611
-1040.63 183.098 1212409676
-1430.64 152.953 1212409732
-1469.64 339.404 1212409765
-1515.73 617.414 1212409826
-1560.94 908.831 1212409864
-1357.96 1042.82 1212409906
-1134.58 1078.55 1212409959
-1020.24 1309.69 1212410018
-761.413 1356.58 1212410078
-34.5694 1469.36 1212410134
617.817 1576.56 1212410194
1299.45 1767.51 1212410258
1779.88 1715.03 1212410314
2372.88 2310.24 1212410374
2643.23 2543.64 1212410440
2944.6 2850.76 1212410494
3074.02 2988.13 1212410558
3506.58 3425.95 1212410614
3776.93 3683.96 1212410675
3832.77 3738.69 1212410734
3744.13 3889.48 1212410797
3743.24 3889.48 1212410800
3590.78 4073.78 1212410860
3445.42 3960.96 1212410921
3294.73 3701.83 1212410990
3077.56 3659.39 1212411042
2561.68 3587.9 1212411103
2170.78 3540.99 1212411146
1870.29 3470.63 1212411206
1395.18 3414.78 1212411266
740.139 3307.56 1212411326
325.307 3241.66 1212411387
-145.369 3165.71 1212411447
-834.984 3055.14 1212411507
-1033.54 2847.41 1212411567
-1257.79 2469.93 1212411627
-1277.29 2477.75 1212411651
-1277.29 2474.4 1212411773
-1277.29 2475.52 1212411806
-1279.95 2484.45 1212411861
-1277.29 2445.36 1212411928
-1063.67 2328.1 1212411982
-959.079 1753 1212412042
-647.068 415.326 1212412282
-847.393 208.777 1212412342
-681.637 207.66 1212412370
-324.42 66.9866 1212412430
-297.829 -275.756 1212412490
-256.168 -302.549 1212412520
-255.282 -299.2 1212412580
-254.395 -300.316 1212412640
-254.395 -298.084 1212412700
-178.165 -474.473 1212412762
-26.5918 -459.96 1212412821
-0.886394 -314.83 1212412892
-102.822 -118.342 1212412953
17.7279 -102.712 1212412966
-134.732 121.693 1212413029
-187.029 192.03 1212413067
-590.339 109.412 1212413127
-810.165 -164.115 1212413188
-811.051 -164.115 1212413207
-735.707 1.11644 1212413268
32.7966 271.299 1212413328
639.977 858.586 1212413388
962.624 1060.69 1212413448
1355.3 1095.3 1212413508
2491.65 959.077 1212413568
2863.94 -403.024 1212413630
2606 -1882.1 1212413685
2819.62 -3367.6 1212413733
3246.86 -4821.59 1212413781
3686.51 -6255.25 1212413828
3953.32 -7746.65 1212413875
4185.55 -9233.32 1212413922
3451.62 -10536.9 1212413968
2551.04 -11718.7 1212414014
2619.3 -13204.6 1212414063
2906.49 -14707 1212414107
3309.8 -16155.7 1212414167
4315.85 -16173.5 1212414219
4385.88 -15859.3 1212414279
4330.92 -15863.7 1212414317
4330.92 -15863.7 1212414332
4330.04 -15868.2 1212414401
4318.51 -15873.8 1212414405
3807.06 -16221.4 1212414465
4508.2 -16133.4 1212414525
4508.2 -16133.4 1212414540
4230.76 -16025.3 1212414585
3315.12 -15991.9 1212414645
2955.24 -14523.2 1212414702
2630.82 -13025.2 1212414749
2629.93 -11501.3 1212414803
3590.78 -10367.4 1212414859
4186.44 -8976.83 1212414909
4063.23 -8253.02 1212414934
3794.65 -6753.9 1212414984
3501.26 -5281.28 1212415033
3181.27 -4469 1212415063
2697.3 -3042.85 1212415121
2472.15 -2192.39 1212415145
2824.05 -1319.52 1212415204
2454.43 -1303.9 1212415242
1887.13 -1322.87 1212415302
1632.74 -1334.04 1212415363
1166.5 -1348.55 1212415423
967.943 -1323.99 1212415477
866.894 -1019.24 1212415537
509.677 -1044.92 1212415597
145.369 -1013.66 1212415661
125.868 -750.212 1212415717
100.163 -410.839 1212415783
70.9116 -11.1644 1212415847
46.0925 284.697 1212415898
7.09116 774.845 1212415963
-216.28 733.533 1212416018
-667.455 585.035 1212416078
-831.438 591.734 1212416144
-990.989 327.123 1212416198
-970.602 135.09 1212416258
-1138.13 -118.342 1212416318
-1138.13 -117.225 1212416378
-1137.24 -114.992 1212416438
-1139.02 -116.109 1212416476
-1215.25 -131.739 1212416537
-1714.29 -531.407 1212416598
-2275.37 -945.569 1212416723
-2478.36 -336.041 1212416773
-2409.22 65.8701 1212416850
-2418.97 233.339 1212416878
-2427.83 438.772 1212416938
-2565.23 442.121 1212416998
-3058.95 424.258 1212417058
-3202.54 616.297 1212417118
-3108.59 588.384 1212417179
-3103.27 538.141 1212417300
-2800.12 639.744 1212417321
-1743.54 1173.46 1212417507
-1092.04 1311.92 1212417562
-892.599 1365.52 1212417626
-935.146 1627.93 1212417682
-980.352 1899.28 1212417744
-1013.15 2525.77 1212417803
-892.599 2822.84 1212417864
-286.305 2925.59 1212417924
4.43197 2975.85 1212417984
330.625 3108.75 1212418033
281.873 3423.72 1212418083
281.873 3422.6 1212418134
281.873 3422.6 1212418136
254.395 3582.32 1212418173
226.031 3828.05 1212418233
502.586 3887.24 1212418293
460.925 4157.56 1212418372
411.287 4464.74 1212418415
405.082 4519.47 1212418442
417.492 4526.18 1212418495
425.469 4531.76 1212418555
428.129 4532.88 1212418620
431.674 4535.11 1212418681
430.788 4537.35 1212418714
392.673 4585.38 1212418774
639.09 4644.58 1212418834
797.755 4674.74 1212418853
1012.26 4710.49 1212418913
1160.29 4443.51 1212418973
1448.37 4462.5 1212419034
1740.88 4499.37 1212419094
2136.21 4567.51 1212419154
2317.04 4435.69 1212419215
2433.15 4327.34 1212419275
2825.83 3983.3 1212419335
2878.12 3820.23 1212419390
2886.1 3807.94 1212419401
2654.75 3622.53 1212419461
2214.21 3555.51 1212419521
1962.48 3505.25 1212419581
1646.03 3449.4 1212419642
1328.71 3399.14 1212419702
1210.81 3379.04 1212419740
1022.01 3441.59 1212419800
968.829 3762.14 1212419861
967.056 3758.79 1212419921
967.056 3758.79 1212419981
922.737 3842.57 1212420041
818.142 3824.69 1212420102
820.801 3768.85 1212420168
857.143 3534.29 1212420222
899.69 3316.49 1212420282
928.055 3122.16 1212420342
1226.77 2941.23 1212420402
1427.98 2983.67 1212420462
2012.12 3067.43 1212420523
2544.84 3160.13 1212420583
2840.89 3219.32 1212420644
2857.74 3208.16 1212420653
3107.7 3117.69 1212420713
3247.75 2940.11 1212420773
3019.95 2883.15 1212420833
2895.85 3002.65 1212420893
2749.6 3083.07 1212420953
2662.73 3438.24 1212421013
2506.72 3520.89 1212421074
2255.87 3546.58 1212421132
2159.26 3529.82 1212421173
1786.08 3475.09 1212421233
1451.91 3419.25 1212421297
1050.38 3357.82 1212421380
887.281 3835.86 1212421440
637.318 3790.07 1212421500
637.318 3788.95 1212421547
890.826 3833.63 1212421640
1100.02 3871.61 1212421700
1494.46 3931.92 1212421760
1498.01 4226.81 1212421820
1453.69 4613.31 1212421880
1453.69 4614.42 1212421883
1427.1 4682.56 1212421943
1341.11 4660.22 1212422003
1139.02 4541.81 1212422066
1193.97 4232.39 1212422124
1226.77 4002.29 1212422184
1285.27 3656.03 1212422250
1301.23 3519.77 1212422305
1058.35 3365.64 1212422365
616.931 3289.69 1212422426
410.401 3253.95 1212422463
322.648 3238.31 1212422476
-85.0939 3173.53 1212422536
-561.974 3095.35 1212422596
-973.261 3031.69 1212422657
-1075.2 3013.82 1212422686
-1525.48 2942.34 1212422751
-1668.19 2917.77 1212422807
-1841.04 2894.32 1212422876
-2227.51 2830.66 1212422927
-2709.71 2753.6 1212422987
-3240.66 2717.86 1212423047
-3242.43 2717.86 1212423074
-3791.11 2684.36 1212423134
-4326.49 2654.2 1212423194
-4483.38 2920.01 1212423246
-4447.04 3068.55 1212423330
-4449.7 3073.01 1212423380
-4449.7 3071.9 1212423444
-4449.7 3071.9 1212423446
-4483.38 2865.28 1212423506
-4458.56 2462.12 1212423566
-4443.5 2178.46 1212423614
-4414.24 1678.18 1212423674
-4282.17 1381.15 1212423739
-3569.51 1426.93 1212423799
-2567 1489.46 1212423858
-2045.8 1570.98 1212423918
-1705.42 1625.7 1212423983
-1522.83 1671.48 1212424044
-1512.19 1767.51 1212424110
-1519.28 1771.98 1212424160
-1519.28 1773.1 1212424213
-1519.28 1773.1 1212424215
-1528.14 1672.6 1212424276
-1512.19 1459.31 1212424336
-1599.94 1323.09 1212424404
-1633.62 1296.29 1212424456
-1541.44 759.213 1212424517
-1461.66 234.455 1212424577
-1189.54 166.351 1212424638
-997.194 176.399 1212424698
-562.86 214.359 1212424759
-335.943 154.07 1212424819
-315.556 -26.7945 1212424857
-75.3435 -109.41 1212424917
237.554 -82.616 1212424977
230.463 -443.214 1212425038
173.733 -446.563 1212425098
171.961 -443.214 1212425158
171.961 -442.098 1212425177
122.322 -759.143 1212425232
145.369 -1021.48 1212425292
342.148 -1241.39 1212425352
893.486 -1202.32 1212425412
1072.54 -1368.64 1212425472
1779.88 -1331.8 1212425534
2613.98 -1262.59 1212425593
2449.11 -2429.01 1212425654
2970.31 -3821.79 1212425702
3456.94 -5231.08 1212425748
3762.74 -6708.16 1212425799
3892.16 -7428.76 1212425823
4164.28 -8931.1 1212425872
3581.92 -10369.6 1212425925
2620.18 -11484.6 1212425970
2602.45 -12969.4 1212426027
2882.55 -14444 1212426075
3230.91 -15916.1 1212426119
4030.44 -16180.2 1212426179
4563.16 -16047.6 1212426235
4388.54 -15848.1 1212426288
4345.99 -15861.5 1212426317
4322.06 -15870.4 1212426321
3794.65 -16274.9 1212426381
4144.78 -16153.4 1212426441
