2692.87 -13415.3 1211368514
2552.82 -11897.1 1211368566
3379.82 -10637.2 1211368617
4182.9 -9330.34 1211368667
3989.66 -7830.3 1211368720
3720.2 -6328.88 1211368777
3615.6 -5744.29 1211368794
3139.61 -4287.12 1211368844
2564.34 -2872.09 1211368895
1752.4 -3131.01 1211368926
288.965 -3112.04 1211368975
-406.855 -3184.58 1211369036
-571.724 -2877.67 1211369096
-792.437 -2856.47 1211369121
-936.033 -2787.27 1211369143
-1145.22 -2216.95 1211369203
-1626.53 -1818.48 1211369264
-1624.76 -1819.59 1211369324
-2245.24 -1710.2 1211369477
-2229.28 -2011.57 1211369537
-2731.87 -2358.69 1211369598
-3160 -2806.24 1211369657
-3184.82 -2845.31 1211369718
-3223.82 -3604.19 1211369779
-3253.95 -4896.35 1211369839
-3196.34 -6410.31 1211369891
-3089.97 -7900.57 1211369935
-3060.72 -9410.63 1211369982
-2664.5 -10864.7 1211370027
-1697.45 -12003 1211370071
-780.914 -13179 1211370115
24.819 -14461.9 1211370161
1445.71 -14215.6 1211370221
2884.33 -14337 1211370279
3199.88 -15821.4 1211370330
4034.87 -16185.8 1211370404
4455.02 -16200.2 1211370461
4460.34 -16206.9 1211370491
4466.54 -16203.6 1211370548
4467.43 -16202.5 1211370564
4463 -16196.9 1211370632
4464.77 -16198 1211370633
4259.13 -15958.5 1211370693
3277 -15855.9 1211370753
2938.4 -14362.7 1211370800
2621.95 -12892.5 1211370849
2702.62 -11330.7 1211370899
3705.13 -10229.1 1211370949
4160.74 -8798.39 1211371001
3895.7 -7321.68 1211371051
3631.56 -5843.59 1211371101
3173.29 -4428.83 1211371152
2662.73 -3023.87 1211371201
2458.86 -2270.52 1211371228
2591.82 -1941.26 1211371240
2839.12 -1367.52 1211371301
2488.11 -1298.31 1211371335
2127.35 -1076.18 1211371394
2126.46 -1035.99 1211371455
1962.48 -1030.41 1211371506
1795.84 -1179.99 1211371567
1795.84 -1179.99 1211371597
1508.64 -1245.85 1211371695
1160.29 -1344.08 1211371756
1053.04 -2116.49 1211371816
542.473 -2855.35 1211371877
-432.56 -3549.5 1211371937
-797.755 -4138.71 1211371998
-374.058 -4272.61 1211372058
-429.015 -4373.04 1211372088
-429.015 -4373.04 1211372089
-696.706 -4620.75 1211372149
-629.34 -4726.75 1211372210
-620.476 -4703.32 1211372270
-921.85 -4418.79 1211372330
-875.758 -3779.39 1211372390
437.879 -3125.43 1211372445
1070.76 -2308.47 1211372506
1013.15 -1932.33 1211372570
985.671 -1736.99 1211372594
773.822 -1450.12 1211372655
772.936 -1449.01 1211372668
746.344 -1097.39 1211372713
983.898 -922.126 1211372773
1476.73 -877.473 1211372833
1475.85 -874.124 1211372843
1345.55 -896.451 1211372903
1146.11 -902.032 1211372948
934.26 -926.591 1211373008
594.771 -953.383 1211373068
595.657 -947.801 1211373129
597.43 -945.569 1211373188
597.43 -945.569 1211373251
597.43 -944.452 1211373275
520.314 -762.492 1211373335
498.154 -438.748 1211373398
306.692 -436.516 1211373455
195.893 -262.359 1211373531
-95.7306 -286.92 1211373577
-96.617 -523.593 1211373637
-62.934 -936.638 1211373698
-28.3646 -1347.43 1211373758
-8.86394 -1657.74 1211373803
-9.75034 -1601.93 1211373888
-182.597 -1373.1 1211373939
-10.6367 -1183.34 1211373998
691.388 -1128.64 1211374058
938.692 -916.544 1211374119
876.644 -70.3353 1211374178
808.392 834.022 1211374238
795.982 976.942 1211374300
946.669 1164.53 1211374358
1197.52 1416.88 1211374419
1284.39 1768.63 1211374479
1178.02 2455.42 1211374541
1189.54 3151.2 1211374601
1375.68 3210.39 1211374662
1973.11 3289.69 1211374726
2712.37 3410.31 1211374782
3047.42 3364.52 1211374842
3050.08 3354.47 1211374867
3050.97 3353.35 1211374874
3042.99 3417.01 1211374929
3104.15 3066.31 1211374989
3300.05 2854.11 1211375055
2964.99 2940.11 1211375114
2813.42 3354.47 1211375170
2636.14 3500.78 1211375229
2262.97 3563.33 1211375289
1586.65 3443.82 1211375350
1302.11 3589.02 1211375410
1239.18 3892.83 1211375475
1126.61 3878.31 1211375530
826.12 3746.51 1211375579
984.784 3699.6 1211375643
984.784 3737.57 1211375697
1238.29 3889.48 1211375737
1573.35 3641.51 1211375797
1997.05 3507.48 1211375857
2764.66 3621.41 1211375917
2809.87 3614.71 1211375938
2811.64 3619.18 1211375939
2867.49 3584.55 1211376000
2979.17 3259.53 1211376060
2994.24 3190.29 1211376073
3195.45 2851.88 1211376133
3049.2 2456.53 1211376180
3103.27 2400.69 1211376240
2569.66 1367.75 1211376300
2713.25 521.393 1211376331
2887.87 -985.756 1211376389
2448.22 -2421.2 1211376436
2978.29 -3849.69 1211376485
3493.28 -5303.6 1211376531
3783.13 -6794.06 1211376575
4049.05 -8277.56 1211376618
3987.89 -9793.12 1211376665
2989.81 -10952.8 1211376709
2567 -12404.3 1211376760
2804.55 -13892.3 1211376801
3083.77 -15369 1211376856
3883.29 -16262.6 1211376911
4071.21 -16181.3 1211376972
3778.7 -16262.6 1211377032
4546.32 -16085.5 1211377093
4372.58 -15859.3 1211377153
4352.2 -15855.9 1211377177
4353.08 -15857.1 1211377237
4353.08 -15858.2 1211377248
4297.24 -15890.5 1211377309
4231.65 -15957.3 1211377369
3324.87 -16188 1211377429
2984.49 -14721.5 1211377483
1866.75 -14026.1 1211377544
510.563 -14567.7 1211377594
-504.358 -13492.2 1211377650
-1445.71 -12316.2 1211377705
-2486.34 -11179.1 1211377752
-2826.71 -9738.48 1211377801
-3175.95 -8941.14 1211377830
-3052.74 -7444.38 1211377875
-3052.74 -7444.38 1211377889
-3106.81 -6507.37 1211377945
-3111.24 -6198.35 1211377974
-3862.91 -6365.69 1211378039
-4330.92 -6544.18 1211378094
