4511.75 -16131.2 1212732489
3901.02 -16238.1 1212732610
3657.26 -16178 1212732801
4177.58 -9337.03 1212732988
3990.55 -7862.65 1212733052
3847.84 -7070.7 1212733067
3095.29 -4177.76 1212733162
2559.91 -2763.83 1212733210
2824.05 -1260.36 1212733259
2676.02 259.018 1212733319
2396.81 1200.26 1212733376
1980.21 1672.6 1212733430
1580.44 1948.42 1212733490
1188.65 2407.39 1212733612
1068.99 3121.04 1212733670
764.958 3205.92 1212733756
21.2735 3086.42 1212733797
-764.958 2951.28 1212733856
-1383.66 2968.03 1212733917
-1576.9 2993.72 1212734032
-1583.99 3028.34 1212734082
-1504.21 3049.56 1212734087
-1251.59 3090.88 1212734207
-1251.59 3089.77 1212734214
-985.671 3046.21 1212734275
-983.898 3039.51 1212734338
-644.409 2866.4 1212734395
243.758 3009.35 1212734451
393.559 2756.95 1212734512
459.152 2306.89 1212734596
528.291 1899.28 1212734654
557.542 1687.11 1212734712
685.183 1588.85 1212734772
1000.74 1637.98 1212734833
2311.72 1002.62 1212734955
2630.82 212.126 1212735007
2871.03 -467.774 1212735043
2828.48 -1215.71 1212735061
2512.93 -2681.25 1212735106
3057.17 -4094.07 1212735143
3563.31 -5568.02 1212735199
3838.97 -7101.93 1212735231
4167.83 -9338.15 1212735296
2957.9 -14934.4 1212735479
3494.17 -16317.2 1212735539
4241.4 -16106.7 1212735767
3939.14 -16237 1212735862
4046.39 -16202.5 1212735989
6430.79 -18838.3 1212736153
9282.32 -19424.2 1212736237
13160.3 -24122 1212736420
