4397.4 -16020.9 1211328279
4399.18 -16019.7 1211328340
4399.18 -16019.7 1211328401
4399.18 -16019.7 1211328461
4399.18 -16019.7 1211328521
4399.18 -16019.7 1211328582
4399.18 -16018.6 1211328642
4399.18 -16018.6 1211328703
4398.29 -16019.7 1211328824
4398.29 -16019.7 1211328890
4398.29 -16020.9 1211328946
4398.29 -16019.7 1211329006
4399.18 -16018.6 1211329066
4399.18 -16019.7 1211329132
4399.18 -16019.7 1211329187
4399.18 -16020.9 1211329248
4398.29 -16020.9 1211329308
4399.18 -16020.9 1211329369
4399.18 -16020.9 1211329432
4399.18 -16020.9 1211329490
4399.18 -16020.9 1211329550
4399.18 -16020.9 1211329612
4399.18 -16020.9 1211329676
4399.18 -16020.9 1211329732
4399.18 -16020.9 1211329793
4397.4 -16019.7 1211329852
4397.4 -16020.9 1211329913
4398.29 -16019.7 1211329973
4399.18 -16020.9 1211330033
4399.18 -16023.1 1211330094
4399.18 -16025.3 1211330154
4399.18 -16026.4 1211330214
4399.18 -16027.5 1211330275
4399.18 -16026.4 1211330336
4399.18 -16025.3 1211330396
4399.18 -16024.2 1211330456
4399.18 -16023.1 1211330520
4400.06 -16025.3 1211330578
4399.18 -16026.4 1211330639
4305.22 -16152.3 1211330928
4546.32 -16083.3 1211331120
4239.62 -15975.2 1211331184
3638.65 -16245.9 1211331244
3066.92 -14990.1 1211331304
2464.18 -14025 1211331365
1305.66 -14257.9 1211331425
90.4122 -14463 1211331486
-293.397 -13894.6 1211331546
-293.397 -13894.6 1211331561
-765.845 -13138.9 1211331610
-1454.57 -12289.5 1211331676
-2130.01 -11525.8 1211331726
-2660.96 -10127.6 1211331784
-3135.18 -5745.41 1211331953
-3184.82 -5060.37 1211332017
-3255.73 -4730.1 1211332090
-3195.45 -3320.73 1211332264
-3164.43 -2872.09 1211332322
-3105.04 -2747.09 1211332373
-2788.6 -2439.05 1211332434
-2652.09 -2301.77 1211332494
-2596.25 -2173.42 1211332555
-2314.38 -1664.44 1211332624
-2080.37 -1437.85 1211332675
-2348.06 -908.73 1211332737
-2489.88 -162.998 1211332797
-2503.18 71.4524 1211332868
-2503.18 71.4524 1211332892
-2503.18 72.5688 1211332893
-2426.95 241.154 1211332953
-2007.68 356.152 1211333013
-1956.27 372.899 1211333077
-1954.5 371.782 1211333083
-1731.13 449.937 1211333144
-1510.42 574.986 1211333209
-1606.15 1200.26 1211333264
-831.438 1347.65 1211333324
-203.871 1445.92 1211333384
448.516 1549.76 1211333445
1049.49 1646.91 1211333506
1270.2 1682.65 1211333568
1214.36 2277.85 1211333628
1104.45 2937.88 1211333689
1060.13 3233.84 1211333749
979.466 3745.39 1211333810
881.076 4358.62 1211333870
850.939 4549.63 1211333931
816.369 4776.4 1211333991
913.873 4911.57 1211334051
1222.34 4957.37 1211334112
1554.74 5019.93 1211334172
1590.19 5019.93 1211334233
1556.51 5107.06 1211334299
1551.19 5244.47 1211334359
1513.08 5235.54 1211334447
1619.44 5242.24 1211334507
1616.78 5242.24 1211334523
1789.63 5170.74 1211334584
1737.33 5053.44 1211334644
1688.58 5037.8 1211334705
1954.5 4746.24 1211334765
1787.86 4414.47 1211334826
1481.17 4301.65 1211334886
1527.26 4001.18 1211334947
1547.64 3877.19 1211334971
1582.21 3639.28 1211335031
1628.31 3344.42 1211335091
1680.6 3032.81 1211335151
1722.26 2822.84 1211335212
2184.96 2767 1211335281
2184.96 2751.37 1211335321
2184.96 2752.48 1211335323
2425.18 2914.42 1211335384
2610.43 2909.96 1211335444
2713.25 2778.17 1211335505
2801.01 2745.78 1211335560
2913.58 2606.18 1211335625
2738.96 2401.81 1211335685
2336.54 1996.43 1211335740
2020.98 1731.78 1211335800
2022.75 1732.9 1211335863
2021.87 1732.9 1211335920
2020.09 1731.78 1211335984
2020.09 1732.9 1211336084
2020.98 1732.9 1211336143
2022.75 1736.25 1211336204
2023.64 1735.13 1211336269
2023.64 1734.01 1211336324
2021.87 1731.78 1211336385
2021.87 1730.66 1211336445
2021.87 1729.55 1211336511
2024.52 1732.9 1211336571
2022.75 1731.78 1211336626
2019.21 1731.78 1211336686
2020.98 1732.9 1211336746
2020.98 1731.78 1211336821
2022.75 1732.9 1211336867
2018.32 1728.43 1211336893
1871.18 1796.55 1211336953
2269.17 2182.93 1211337013
2540.41 2467.7 1211337076
2781.51 2687.71 1211337140
3007.54 2913.31 1211337194
3188.36 3089.77 1211337255
3188.36 3089.77 1211337271
3087.31 2731.26 1211337327
2827.6 2481.1 1211337390
2606.89 2292.37 1211337446
2009.46 1681.53 1211337506
1701.88 1642.45 1211337566
1624.76 1562.05 1211337637
1526.37 1472.71 1211337701
1438.62 1372.22 1211337753
1371.25 1127.68 1211337807
1194.86 903.248 1211337872
1233.86 410.86 1211337928
1241.84 208.777 1211337991
1241.84 208.777 1211337993
1074.31 163.002 1211338053
1073.42 163.002 1211338057
1040.63 432.073 1211338118
1019.35 675.473 1211338159
992.762 1021.6 1211338219
1206.38 1418 1211338279
1338.46 1547.53 1211338345
1848.13 2048.92 1211338461
2056.44 2264.45 1211338520
2264.74 2467.7 1211338580
2442.02 2640.8 1211338641
2462.4 2664.26 1211338659
2594.48 2804.97 1211338720
2822.28 3006 1211338775
2956.13 3198.1 1211338837
3028.81 3127.74 1211338901
2922.44 2997.07 1211338956
2855.08 3434.88 1211339016
2717.69 4004.53 1211339084
2686.66 4193.3 1211339139
2749.6 4240.21 1211339197
2749.6 4241.33 1211339198
2810.76 4245.8 1211339237
2669.82 4233.51 1211339282
2415.42 4186.6 1211339342
2155.71 4135.21 1211339402
1188.65 3983.3 1211339462
1124.83 3993.36 1211339523
1115.97 3742.04 1211339583
1162.06 3373.45 1211339643
1030.88 3355.58 1211339703
920.964 3141.14 1211339763
1037.08 2397.34 1211339824
367.854 2297.95 1211339884
-420.151 2150.54 1211339944
-512.336 1824.46 1211340005
-574.384 1823.35 1211340050
-576.156 1821.11 1211340052
-726.843 1787.61 1211340085
-951.988 1722.85 1211340158
-944.896 1727.31 1211340219
-944.01 1728.43 1211340222
-1001.63 2106.99 1211340283
-905.895 2479.98 1211340344
-806.619 2837.36 1211340404
-404.196 3001.54 1211340470
-406.855 3022.76 1211340485
-317.329 3224.91 1211340536
-316.443 3226.03 1211340600
-276.555 3148.96 1211340656
5.31837 3184.7 1211340716
448.516 3258.42 1211340776
610.726 3284.1 1211340790
919.191 3336.6 1211340851
1006.06 3333.25 1211340911
1300.34 3387.97 1211340971
1442.16 3406.96 1211341032
1722.26 3460.57 1211341092
2069.73 3523.12 1211341153
2208.01 3567.8 1211341215
2208.01 3567.8 1211341276
2208.89 3567.8 1211341336
2208.89 3592.37 1211341387
2049.34 3616.94 1211341445
1739.11 3648.22 1211341515
1678.83 4030.22 1211341575
1466.98 4346.33 1211341630
1437.73 4594.32 1211341686
1370.37 5022.16 1211341750
1361.5 5082.49 1211341805
1351.75 5165.16 1211341829
1347.32 5184.15 1211341898
1354.41 5191.97 1211341913
1751.52 5257.88 1211341968
1914.61 5283.57 1211342026
1954.5 5093.66 1211342082
2265.62 5126.06 1211342143
2927.76 4943.96 1211342203
3033.24 4536.23 1211342263
3125.43 3900.65 1211342323
3216.73 3776.67 1211342399
3751.22 2946.81 1211342447
4442.61 3459.46 1211342504
5469.94 4635.65 1211342562
6094.85 5312.62 1211342628
9492.4 6815.34 1211342738
10981.5 7142.74 1211342794
12443.2 7493.61 1211342842
13896.9 7428.8 1211342900
14997.8 7722.7 1211342961
15361.2 8984.44 1211343021
15917 9434.87 1211343083
16235.2 9940.1 1211343141
16227.2 10336.9 1211343203
16191.8 10783 1211343266
16178.5 10959.6 1211343323
16141.2 11434.7 1211343391
16189.1 11797 1211343444
16269.8 11811.5 1211343500
16269.8 11811.5 1211343501
16325.6 11641.6 1211343542
16328.3 11641.6 1211343550
16328.3 11641.6 1211343559
16324.7 11640.4 1211343619
16126.2 11577.8 1211343679
16172.3 11013.3 1211343749
16148.3 10813.1 1211343800
15291.2 10677.9 1211343860
14627.3 10522.5 1211343922
14162.8 10448.7 1211343980
13453.7 10339.2 1211344040
13227.7 10283.3 1211344100
12795.1 10141.3 1211344160
12038.1 9688.6 1211344220
12463.6 8240.11 1211344279
11430.9 7281.3 1211344345
10813.1 7253.36 1211344400
9994.98 6960.6 1211344460
8507.61 6664.5 1211344508
7112.43 6163.94 1211344553
5976.07 5250.06 1211344609
5024.97 4132.98 1211344665
4057.91 2995.95 1211344721
3515.44 2964.68 1211344757
3651.95 3209.27 1211344820
3501.26 3392.44 1211344878
3486.19 3384.62 1211344903
3312.46 3544.34 1211344964
2982.72 3529.82 1211345024
2449.99 3475.09 1211345084
2247.9 3468.39 1211345145
1666.42 3345.53 1211345206
1220.57 3104.29 1211345267
