2704.39 -11315.1 1212501000
3726.4 -10195.7 1212501048
4149.21 -8730.36 1212501101
3878.86 -7222.4 1212501151
3647.51 -5923.91 1212501205
3029.7 -3933.38 1212501272
2804.55 -2679.01 1212501333
3752.99 -1527.15 1212501378
3825.68 -1124.18 1212501449
3745.02 -1001.38 1212501483
3742.36 -966.778 1212501527
3738.81 -965.662 1212501587
3739.7 -964.546 1212501647
3741.47 -964.546 1212501707
3742.36 -964.546 1212501768
3741.47 -964.546 1212501832
3633.33 -980.174 1212501888
3609.4 -980.174 1212501919
3611.17 -976.825 1212501979
3582.81 -995.802 1212502040
3417.05 -1157.66 1212502100
2584.73 -1212.36 1212502160
2403.9 -1311.71 1212502193
1784.31 -1328.45 1212502238
1186.88 -1345.2 1212502295
1186 -1346.31 1212502355
899.69 -1382.03 1212502416
455.607 -1411.06 1212502476
353.671 -1162.13 1212502538
143.596 -979.058 1212502599
-70.0252 -789.284 1212502662
-89.5258 -474.473 1212502718
-89.5258 -475.589 1212502780
-93.9578 -443.214 1212502839
-117.89 -179.745 1212502888
-270.35 237.805 1212503023
-839.416 198.728 1212503070
-1038.85 482.316 1212503142
-1122.18 917.764 1212503191
-1158.52 1174.58 1212503252
-987.443 1317.5 1212503330
-951.988 1746.3 1212503387
-998.967 2047.8 1212503437
-1039.74 2725.68 1212503496
-985.671 2801.62 1212503528
-796.869 2639.69 1212503592
-663.909 2752.48 1212503648
-397.105 2799.39 1212503732
-131.186 2845.18 1212503793
93.0714 2877.57 1212503838
92.185 2887.62 1212503959
91.2986 2878.68 1212504020
90.4122 2878.68 1212504045
415.719 3038.39 1212504097
787.118 3097.59 1212504154
1318.95 3180.23 1212504214
2100.75 3301.97 1212504282
2535.09 3375.69 1212504334
2800.12 3448.29 1212504395
2875.46 3828.05 1212504516
2886.1 3813.52 1212504577
3099.72 3861.55 1212504626
3099.72 3861.55 1212504653
3113.02 3896.18 1212504703
3164.43 3608.01 1212504769
3464.03 3115.46 1212504824
3073.13 2712.28 1212504890
3053.63 2664.26 1212504914
3046.54 2660.9 1212504970
3045.65 2660.9 1212504975
2925.99 2593.9 1212505033
2700.84 2419.68 1212505093
2533.32 2574.91 1212505159
2698.18 2801.62 1212505315
2709.71 2822.84 1212505364
2623.73 2723.45 1212505566
2759.35 2807.21 1212505631
2757.57 2807.21 1212505737
2709.71 2817.26 1212505796
2705.28 2819.49 1212505861
2707.94 2818.38 1212505922
2719.46 2804.97 1212506051
2689.32 2785.99 1212506099
2710.59 2783.75 1212506158
2721.23 2796.04 1212506219
2734.53 2780.4 1212506284
2742.5 2782.64 1212506296
2877.24 2609.53 1212506356
3032.36 2053.39 1212506421
2678.68 955.727 1212506486
3244.2 -4816.01 1212506747
