4193.53 -16077.7 1211854814
3262.82 -15799.1 1211854883
2613.98 -12875.8 1211854982
3690.95 -10244.7 1211855071
3634.22 -5815.69 1211855211
2800.12 -3214.71 1211855323
3492.39 -1865.36 1211855345
3850.5 -372.882 1211855396
3380.71 1042.82 1211855447
3808.84 1930.55 1211855494
4221.9 2485.57 1211855561
4247.6 2993.72 1211855612
4035.75 3102.05 1211855664
3765.4 3382.39 1211855718
3487.96 3843.68 1211855841
3490.62 3758.79 1211855902
3389.57 3726.4 1211855919
3360.32 3699.6 1211855986
2938.4 2592.78 1211856159
3201.66 2311.35 1211856219
2632.59 1183.51 1211856284
2825.83 -324.877 1211856352
2797.46 -3315.15 1211856434
3225.59 -4744.6 1211856494
3678.54 -6210.62 1211856534
4012.71 -8116.95 1211856588
