3916.98 -16131.2 1212782660
3938.25 -16237 1212782730
4039.3 -16175.7 1212782791
4033.09 -16160.1 1212782823
3400.21 -16105.5 1212782878
2996.9 -14673.6 1212782933
1740.88 -14048.4 1212782993
356.331 -14590 1212783042
-590.339 -13378.5 1212783092
-1505.1 -12196.9 1212783152
-2537.75 -11113.3 1212783193
-2869.26 -9666 1212783242
-3168.86 -6637.88 1212783345
-3181.27 -5112.81 1212783398
-3323.09 -4710.01 1212783440
-3467.58 -3766 1212783500
-3470.23 -3269.4 1212783570
-3547.35 -1730.3 1212783676
-3571.28 -1311.71 1212783740
-3614.72 -461.076 1212783801
-3669.67 281.347 1212783860
-3691.83 667.657 1212783927
-3425.91 1377.8 1212783986
-3208.75 1677.06 1212784036
-3253.95 2479.98 1212784096
-3273.45 2890.97 1212784156
-3074.9 4918.27 1212784276
-3363.87 5081.37 1212784337
-3681.2 5484.67 1212784397
-3789.34 6590.75 1212784458
-3900.14 7775.22 1212784519
-4478.06 9023.56 1212784579
-4985.97 10325.8 1212784639
-6077.12 11334.1 1212784693
-6480.43 12779.8 1212784747
-7177.14 14087.1 1212784808
-7111.54 15575.7 1212784861
-6954.65 16575.8 1212784896
-6788.9 18060.5 1212784954
-7168.27 19526.4 1212785008
-7022.9 20587.3 1212785049
-6481.32 22007.8 1212785105
-7076.09 22997.4 1212785165
-7352.64 23509.1 1212785225
-6702.91 23288.5 1212785286
-5756.25 23602 1212785345
-4917.72 24029.8 1212785405
-3951.55 24085.8 1212785466
-3350.57 24780 1212785528
-2606.89 25391.5 1212785592
-1948.29 25923.4 1212785647
-1701.88 25986.2 1212785712
-1825.09 26266.2 1212785767
-1822.43 26268.4 1212785806
-1822.43 26269.5 1212785810
-1724.04 26061.2 1212785870
-1935.89 25951.4 1212785935
-2385.29 25458.7 1212785990
-3125.43 24991.7 1212786050
-3568.62 24259.3 1212786110
-4470.09 23897.6 1212786170
-5403.46 24016.3 1212786230
-6156.9 23338.9 1212786291
-7011.38 23439.7 1212786351
-7222.34 23539.3 1212786412
-7295.91 23556.1 1212786477
-7617.67 23606.5 1212786543
-7669.08 23482.2 1212786593
-6723.3 22717.6 1212786654
-6702.91 21297 1212786714
-7183.34 19861 1212786768
-6934.26 18369.3 1212786820
-6866.01 16867.8 1212786874
-7146.11 15396.8 1212786930
-7213.48 14573.6 1212786990
-7184.23 13561.4 1212787051
-6343.93 12323.6 1212787110
-5680.9 10966.3 1212787163
-4714.73 9839.5 1212787223
-4448.81 9181.15 1212787251
-3917.86 7881.38 1212787312
-3782.25 6400.81 1212787372
-3564.19 5252.29 1212787433
-3557.1 5216.54 1212787492
-3421.48 5270.17 1212787555
-3498.6 5277.99 1212787613
-3021.72 4817.73 1212787677
-1607.03 4833.37 1212787735
-732.162 4318.41 1212787796
-284.533 4385.43 1212787856
16.8415 4431.23 1212787921
199.439 3908.47 1212788000
335.943 3849.27 1212788037
606.294 3924.1 1212788092
608.067 3927.46 1212788196
926.282 3944.21 1212788256
1057.47 3964.32 1212788300
1183.34 3985.54 1212788357
1563.6 4040.27 1212788417
2409.22 4092.77 1212788477
2434.93 3900.65 1212788542
2575.86 3284.1 1212788657
2562.57 3201.45 1212788717
2570.54 3131.09 1212788755
2570.54 3131.09 1212788756
2567 3124.39 1212788820
2568.77 3080.83 1212788877
2676.02 2819.49 1212788937
2768.21 2816.14 1212788960
2885.21 2636.34 1212789030
3087.31 2423.03 1212789080
3500.37 1995.32 1212789145
3641.31 1855.73 1212789205
3724.63 1818.88 1212789257
3729.06 1834.51 1212789282
3818.59 1921.62 1212789302
4197.08 2324.75 1212789369
4252.92 3103.17 1212789433
4141.23 3347.77 1212789473
4020.69 3500.78 1212789535
3811.5 3795.65 1212789590
3469.35 4252.5 1212789652
3093.52 4777.52 1212789714
2879.01 5026.63 1212789778
2290.44 5134.99 1212789841
2043.14 5203.14 1212789879
1972.23 5228.83 1212789910
1972.23 5228.83 1212789917
2033.39 5301.45 1212789972
2140.64 5210.96 1212790033
2488.11 5270.17 1212790093
2535.97 5253.41 1212790194
2849.76 5016.58 1212790250
3008.42 4674.74 1212790350
3085.54 4205.59 1212790398
3228.25 3886.13 1212790474
3352.34 3889.48 1212790524
3400.21 3583.43 1212790581
3537.6 3702.95 1212790592
3591.67 3537.64 1212790652
3831 3517.54 1212790712
3640.42 3318.73 1212790772
3521.65 3228.26 1212790812
3347.03 2998.19 1212790874
3119.22 2780.4 1212790930
2959.67 2610.65 1212790976
3031.47 2440.9 1212791059
3026.15 2442.01 1212791119
3026.15 2443.13 1212791180
3027.04 2443.13 1212791236
3044.76 2450.95 1212791299
3378.05 2115.92 1212791361
3586.35 1908.22 1212791419
3544.69 1680.41 1212791482
3835.43 -157.416 1212791547
3612.06 -1672.25 1212791613
2718.57 -2845.31 1212791660
3118.34 -4287.12 1212791713
3588.12 -5716.4 1212791746
3846.95 -7203.44 1212791802
4114.64 -8669.02 1212791848
