3047.42 -14222.2 1211893555
2616.64 -12861.3 1211893609
4158.08 -9419.56 1211893725
3885.07 -7253.64 1211893793
3261.93 -4845.03 1211893876
2844.44 -3387.69 1211893926
2627.27 -1891.03 1211893983
2569.66 -1261.48 1211894034
2059.09 -1321.76 1211894094
1588.42 -1331.8 1211894138
1078.74 -1365.29 1211894199
866.894 -1380.92 1211894259
397.991 -1416.64 1211894319
282.76 -1157.66 1211894388
-51.4109 -1052.73 1211894444
-81.5483 -601.738 1211894499
-99.2762 -384.046 1211894559
-129.414 48.007 1211894619
-148.028 237.805 1211894679
-569.952 215.475 1211894740
-1029.1 179.749 1211894798
-1368.59 154.07 1211894858
-1494.46 483.432 1211894918
-1509.53 577.219 1211894936
-1048.6 503.529 1211894996
-985.671 196.495 1211895035
-542.473 223.291 1211895094
-242.872 224.407 1211895123
-188.802 -486.753 1211895183
114.345 -812.727 1211895243
317.329 -802.68 1211895272
316.443 -802.68 1211895273
312.897 -632.996 1211895333
295.169 -406.373 1211895393
296.942 -407.49 1211895421
284.533 -269.057 1211895462
259.714 83.7333 1211895522
232.235 414.209 1211895582
205.644 634.161 1211895647
-8.86394 988.107 1211895702
-140.937 1401.25 1211895763
-198.552 1515.15 1211895793
-197.666 1516.26 1211895853
-202.098 1515.15 1211895897
-201.212 1514.03 1211895957
-506.131 1499.51 1211896017
-917.418 1550.88 1211896077
-954.647 1760.81 1211896137
-1016.69 2100.29 1211896199
-1033.54 2203.03 1211896209
-1295.91 2462.12 1211896266
-1594.62 2717.86 1211896330
-1310.98 2971.38 1211896386
-715.32 3070.78 1211896446
-7.09116 3182.47 1211896515
592.998 3278.52 1211896567
1058.35 3352.23 1211896628
1326.93 3418.13 1211896688
1282.61 3721.93 1211896749
1234.75 3976.6 1211896814
1215.25 4111.76 1211896875
1172.7 4433.46 1211896940
1100.02 4817.73 1211896980
1077.86 4983.06 1211897042
1466.98 5107.06 1211897102
1637.17 5133.88 1211897141
1925.25 5178.56 1211897201
1954.5 5092.54 1211897262
1996.16 4835.61 1211897322
2135.32 4586.5 1211897383
2157.48 4565.27 1211897401
2337.42 4407.77 1211897461
2512.04 4258.09 1211897521
2949.92 3701.83 1211897581
3253.95 3661.62 1211897641
3370.96 3601.31 1211897691
3361.21 3594.6 1211897693
3265.48 3586.79 1211897753
3099.72 3526.47 1211897813
2547.5 3490.73 1211897873
2279.81 3558.86 1211897933
1889.79 3497.43 1211897993
1351.75 3405.84 1211898053
1086.72 3355.58 1211898113
762.299 3319.84 1211898173
446.743 3261.77 1211898233
61.1612 3198.1 1211898298
-397.105 3127.74 1211898353
-700.252 3074.13 1211898413
-951.988 2924.47 1211898474
-1020.24 2533.59 1211898549
-1016.69 2130.44 1211898595
-951.101 1690.46 1211898655
-897.918 1359.93 1211898716
-844.734 1028.3 1211898777
-716.207 600.666 1211898837
-784.459 280.231 1211898903
-850.939 214.359 1211898968
-974.147 188.68 1211899018
-1045.95 -84.8489 1211899051
-1697.45 -507.964 1211899124
-2266.51 -942.22 1211899171
-2114.94 -1457.94 1211899235
-2534.2 -1749.27 1211899291
-2965.88 -1991.48 1211899376
-2964.99 -1990.37 1211899412
-2753.14 -2296.19 1211899506
-2727.44 -2316.28 1211899566
-2914.46 -2550.66 1211899637
-3141.38 -2782.81 1211899688
-3142.27 -2781.69 1211899748
-3199 -2941.29 1211899809
-3216.73 -3277.21 1211899869
-3265.48 -4563.84 1211899929
-3271.68 -4740.14 1211899993
-3181.27 -6065.6 1211900055
-3083.77 -7577.11 1211900094
-3195.45 -9062.7 1211900146
-3028.81 -9442.97 1211900220
-2710.59 -10066.3 1211900266
-2676.02 -10262.6 1211900300
-2523.56 -11185.8 1211900355
-1972.23 -11730.9 1211900415
-1341.11 -12620.5 1211900476
-733.935 -13237 1211900536
-228.69 -14134.2 1211900601
764.072 -14603.4 1211900661
1935.89 -14057.3 1211900720
2921.56 -14726 1211900781
3316 -16176.8 1211900832
4335.36 -16186.9 1211900887
4368.15 -15861.5 1211900948
4329.15 -15866 1211900967
4325.6 -15871.5 1211901028
4321.17 -15879.3 1211901082
4266.22 -15928.4 1211901087
