3574.83 -1012.55 1211686767
3575.72 -1040.45 1211686788
2785.05 -1207.9 1211686888
2235.49 -1311.71 1211686949
1898.66 -688.813 1211687055
1874.72 -318.179 1211687120
1828.63 270.183 1211687176
1582.21 379.598 1211687248
1273.75 359.501 1211687303
1204.61 802.758 1211687407
1105.33 811.691 1211687457
1027.33 803.875 1211687630
1026.44 804.992 1211687641
1182.45 884.267 1211687742
1215.25 559.355 1211687862
1232.97 368.433 1211687929
842.961 303.677 1211688110
816.369 1029.42 1211688222
1310.09 1652.5 1211688399
1265.77 1936.13 1211688459
