2754.03 3614.71 1211904699
2374.65 3570.03 1211904755
2209.78 3549.93 1211904790
2209.78 3549.93 1211904796
2208.01 3549.93 1211904917
2194.71 3549.93 1211904977
2183.19 3549.93 1211905039
2217.76 3543.23 1211905101
2228.4 3529.82 1211905175
2216.87 3543.23 1211905220
2224.85 3536.52 1211905280
2224.85 3537.64 1211905340
2221.3 3532.06 1211905400
2220.42 3537.64 1211905461
2223.96 3533.17 1211905520
2219.53 3543.23 1211905587
2222.19 3537.64 1211905640
2216.87 3545.46 1211905705
2211.55 3547.69 1211905762
2224.85 3532.06 1211905822
2227.51 3530.94 1211905887
2223.08 3532.06 1211905941
2223.08 3530.94 1211906010
2212.44 3546.58 1211906061
2217.76 3543.23 1211906122
2217.76 3528.71 1211906183
2218.65 3508.6 1211906302
2221.3 3506.37 1211906362
2198.26 3516.42 1211906427
2192.94 3518.65 1211906483
2192.05 3534.29 1211906539
2222.19 3514.19 1211906650
2197.37 3539.87 1211906697
2202.69 3534.29 1211906763
2200.92 3543.23 1211906817
2216.87 3524.24 1211906880
2245.24 3494.08 1211906937
2230.17 3506.37 1211907001
2230.17 3513.07 1211907058
2251.44 3489.61 1211907126
2219.53 3517.54 1211907179
2222.19 3518.65 1211907242
2214.21 3518.65 1211907300
2213.33 3519.77 1211907370
2221.3 3515.3 1211907426
2228.4 3508.6 1211907481
2208.01 3518.65 1211907546
2213.33 3516.42 1211907606
2227.51 3513.07 1211907726
2228.4 3511.95 1211907782
2217.76 3519.77 1211907814
2204.46 3526.47 1211907874
2330.33 3075.25 1211907938
2314.38 2815.02 1211907994
2379.08 2715.63 1211908056
2410.11 2718.98 1211908114
2539.52 2804.97 1211908174
2709.71 2790.45 1211908240
3136.95 2781.52 1211908409
3075.79 2892.09 1211908487
3076.68 2895.44 1211908632
3127.2 2840.71 1211908670
3093.52 2877.57 1211908746
3091.74 2877.57 1211908781
3023.49 2954.63 1211908874
3103.27 3012.7 1211908940
3161.77 2846.3 1211909011
3126.31 2792.69 1211909056
3127.2 2796.04 1211909127
3129.86 2794.92 1211909186
3129.86 2794.92 1211909239
3126.31 2808.32 1211909301
3130.75 2788.22 1211909360
3129.86 2789.34 1211909420
3154.68 2783.75 1211909475
3158.22 2782.64 1211909545
3150.25 2792.69 1211909595
3147.59 2796.04 1211909655
3147.59 2793.81 1211909734
3158.22 2783.75 1211909772
3159.11 2789.34 1211909806
3167.09 2775.94 1211909878
3167.97 2777.05 1211910009
3175.06 2774.82 1211910060
3158.22 2791.57 1211910186
3167.09 2781.52 1211910241
3167.09 2780.4 1211910301
3169.75 2775.94 1211910422
3169.75 2775.94 1211910454
3169.75 2775.94 1211910514
3162.66 2781.52 1211910687
3153.79 2791.57 1211910817
3156.45 2784.87 1211910865
3162.66 2777.05 1211910925
3160 2783.75 1211910983
3088.2 2802.74 1211911043
2866.6 3154.55 1211911113
2792.14 3496.31 1211911164
2472.15 3537.64 1211911225
1798.49 3381.27 1211911292
1338.46 3300.86 1211911351
1335.8 3295.27 1211911356
1207.27 3342.18 1211911430
1521.94 3436 1211911483
1996.16 3562.21 1211911539
2228.4 3431.53 1211911599
2331.22 3065.2 1211911659
2317.92 2889.85 1211911719
