1393.41 3093.12 1211776441
1393.41 3093.12 1211776497
1332.25 3370.1 1211776503
1332.25 3370.1 1211776595
1332.25 3370.1 1211776672
2606.89 3599.07 1211776675
2738.96 3625.88 1211776752
2738.96 3625.88 1211776822
2738.96 3625.88 1211776851
2829.37 3431.53 1211776853
2562.57 3275.17 1211776914
2562.57 3275.17 1211776969
2233.71 3214.86 1211776976
2658.3 2874.22 1211777246
2702.62 2826.19 1211777247
2964.1 2905.49 1211777304
3250.41 3057.38 1211777371
3046.54 2860.81 1211777425
2827.6 3364.52 1211777486
3584.58 3221.56 1211777731
3248.64 2912.19 1211777789
2949.03 2603.95 1211777856
2543.95 2204.15 1211777912
1981.09 1636.86 1211777970
2071.5 1473.83 1211778042
2088.35 1471.6 1211778071
1881.82 1774.21 1211778118
1647.81 2332.57 1211778176
1539.67 3039.51 1211778236
1512.19 3430.42 1211778299
1935 3478.44 1211778371
1879.16 3537.64 1211778398
1869.41 3547.69 1211778399
2189.39 3534.29 1211778463
2371.11 3468.39 1211778520
2413.65 3352.23 1211778586
2413.65 3230.49 1211778612
2411.88 3228.26 1211778617
2418.97 3148.96 1211778692
2577.64 3066.31 1211778753
2793.03 2687.71 1211778802
2193.83 1861.31 1211778906
2328.56 1443.68 1211778966
2177.87 1295.17 1211779034
1991.73 1106.47 1211779100
2012.12 1401.25 1211779151
2012.12 1402.37 1211779153
2220.42 1604.48 1211779213
2291.33 1411.3 1211779273
2140.64 1261.67 1211779369
1808.24 1052.87 1211779415
1238.29 1091.95 1211779482
992.762 1074.08 1211779546
1027.33 531.442 1211779611
457.38 288.046 1211779722
442.311 221.058 1211779734
442.311 221.058 1211779735
638.204 117.227 1211779795
1079.63 157.419 1211779864
1142.56 145.138 1211779875
1551.19 197.612 1211779970
1820.65 385.18 1211780034
1779.88 1035 1211780081
2000.59 1395.67 1211780141
2278.92 1673.71 1211780183
2811.64 2209.73 1211780239
2715.91 2405.16 1211780304
2715.91 2404.04 1211780338
2940.17 2874.22 1211780458
2852.42 3308.67 1211780477
2830.26 3695.13 1211780536
2872.8 3690.66 1211780554
2601.57 3518.65 1211780614
2330.33 3467.27 1211780665
2176.1 3433.77 1211780666
2191.17 3526.47 1211780726
2385.29 3401.38 1211780786
2460.63 3126.62 1211780847
2425.18 3090.88 1211780907
2459.74 3083.07 1211780984
2827.6 2790.45 1211781170
3172.41 3141.14 1211781234
3464.92 3198.1 1211781287
3347.91 2949.04 1211781350
3447.19 2617.35 1211781414
3211.41 2313.59 1211781474
2599.79 1271.72 1211781530
2696.41 -217.703 1211781591
2450.88 -1279.34 1211781664
2423.4 -1329.57 1211781683
1969.57 -1318.41 1211781748
1658.44 -1329.57 1211781779
1544.1 -1076.18 1211781847
1529.03 -850.682 1211781912
1686.81 -687.697 1211781938
1882.7 -673.185 1211781993
2254.1 -639.694 1211782069
2403.9 -636.345 1211782113
2428.72 -771.422 1211782115
2233.71 -1008.08 1211782181
1824.2 -1037.11 1211782235
1530.8 -862.961 1211782311
1903.98 -645.276 1211782443
1849.91 44.6577 1211782503
1780.77 1013.79 1211782613
1905.75 1296.29 1211782674
2289.56 1669.25 1211782794
2285.12 1672.6 1211782871
2287.78 1670.36 1211782876
2286.9 1670.36 1211782878
2651.21 2033.29 1211782944
2615.75 1739.6 1211782999
2619.3 2099.17 1211783062
2403.9 2312.47 1211783127
2373.76 2312.47 1211783147
1527.26 1460.43 1211783274
1580.44 1165.64 1211783339
1583.99 873.101 1211783386
1477.62 553.772 1211783451
1437.73 302.56 1211783507
1476.73 -142.903 1211783563
1518.39 -698.861 1211783633
1814.45 -822.774 1211783683
1999.71 -855.147 1211783781
2020.98 -953.383 1211783783
2021.87 -973.476 1211783784
1750.63 -1039.34 1211783844
1322.5 -741.281 1211783964
1286.16 -235.565 1211784041
1250.7 256.785 1211784152
1250.7 256.785 1211784189
1231.2 472.267 1211784233
983.898 1106.47 1211784359
892.599 1470.48 1211784427
858.03 1697.16 1211784474
774.709 1708.33 1211784550
-472.448 1594.43 1211784690
-444.97 2043.34 1211784747
-464.471 2455.42 1211784806
-487.517 2675.42 1211784941
445.856 1333.14 1211785156
889.054 1402.37 1211785269
954.647 1182.39 1211785277
1337.57 1309.69 1211785406
1398.73 822.856 1211785468
1455.46 80.3839 1211785519
1548.53 -1039.34 1211785642
1546.76 -1035.99 1211785704
1545.87 -1035.99 1211785760
1546.76 -1038.22 1211785869
1546.76 -1037.11 1211785933
1547.64 -1038.22 1211785980
1549.42 -1038.22 1211786041
1544.1 -1034.87 1211786105
1547.64 -1035.99 1211786171
1549.42 -1035.99 1211786221
1547.64 -1038.22 1211786286
1544.1 -1038.22 1211786346
1544.1 -1039.34 1211786404
1549.42 -1037.11 1211786471
1549.42 -1035.99 1211786532
1544.99 -1039.34 1211786594
1545.87 -1039.34 1211786641
1546.76 -1037.11 1211786713
1546.76 -1038.22 1211786776
1554.74 -1034.87 1211787067
1550.3 -1038.22 1211787191
1547.64 -1044.92 1211787246
1546.76 -1044.92 1211787318
1552.08 -1034.87 1211787364
1547.64 -1033.76 1211787434
1548.53 -1033.76 1211787480
1525.48 -802.68 1211787521
1489.14 -384.046 1211787577
1464.32 30.1439 1211787632
1448.37 212.126 1211787680
1420 534.791 1211787741
1391.64 1083.02 1211787801
1450.14 1748.53 1211787921
1383.66 2162.83 1211787987
1294.14 2726.8 1211788042
1242.73 3029.46 1211788109
1330.48 3193.64 1211788163
1793.18 3281.87 1211788225
1792.29 3325.43 1211788284
1782.54 3384.62 1211788286
2189.39 3535.41 1211788350
2295.76 3060.73 1211788406
2168.12 2982.55 1211788481
2073.28 2994.84 1211788529
1481.17 2883.15 1211788594
1388.09 2998.19 1211788649
1349.98 3234.96 1211788722
1313.64 3485.15 1211788781
1286.16 3648.22 1211788835
1241.84 3931.92 1211788892
1355.3 4012.35 1211788961
2456.2 4195.53 1211789073
2836.46 4117.34 1211789133
2762.01 4005.64 1211789192
2680.46 4125.16 1211789252
2482.79 4292.71 1211789312
2278.92 4472.56 1211789382
1731.13 4405.53 1211789433
1196.63 4315.05 1211789502
870.439 4356.38 1211789569
357.217 4499.37 1211789621
-116.118 4410 1211789672
-115.231 4408.89 1211789722
-54.9565 4420.06 1211789746
-20.3871 4330.69 1211789783
296.942 4169.84 1211789843
1014.92 4284.89 1211789965
1076.08 4977.48 1211790084
1343.77 5191.97 1211790126
1926.14 5178.56 1211790208
2231.94 5394.17 1211790282
1922.59 5396.41 1211790324
1346.43 5301.45 1211790394
1621.22 5042.27 1211790449
2160.14 4570.86 1211790499
2343.63 4414.47 1211790566
2545.72 4232.39 1211790632
2655.64 4136.33 1211790660
2793.92 4043.62 1211790711
2874.58 3799 1211790786
2890.53 3387.97 1211790837
2522.68 3270.7 1211790895
2937.51 3222.67 1211790951
3101.49 3013.82 1211791011
3258.39 3193.64 1211791224
3351.46 3274.05 1211791244
3286.75 2945.69 1211791313
3137.84 2780.4 1211791364
2863.94 3077.48 1211791433
2608.66 3499.67 1211791484
2286.9 3444.94 1211791545
1772.79 3448.29 1211791605
1718.72 3761.03 1211791671
1706.31 3848.15 1211791726
1710.74 3850.38 1211791755
1710.74 3848.15 1211791758
1280.84 3797.89 1211791823
1307.43 3548.81 1211791877
1388.09 3411.43 1211791937
1389.87 3410.31 1211791951
1488.26 3204.8 1211792012
1708.08 2858.58 1211792082
1820.65 2177.34 1211792138
2038.71 1897.05 1211792194
2045.8 1893.7 1211792231
2038.71 1894.81 1211792233
2248.78 1672.6 1211792273
2195.6 1315.27 1211792328
2166.35 1058.45 1211792398
2318.81 956.843 1211792464
2563.45 796.059 1211792510
2481.02 1022.72 1211792565
2380.86 1272.84 1211792613
2145.07 1525.2 1211792674
2436.7 1825.58 1211792735
3246.86 2617.35 1211792845
3340.82 2942.34 1211792917
3261.05 2924.47 1211792958
3261.05 2924.47 1211792960
3167.97 2802.74 1211793017
2859.51 3020.52 1211793075
2269.17 2474.4 1211793197
1890.68 2124.86 1211793262
1123.95 1797.66 1211793372
681.637 1694.93 1211793433
-168.415 1556.46 1211793493
-924.509 1432.52 1211793569
-906.782 1422.47 1211793622
-920.077 1436.98 1211793650
-920.077 1436.98 1211793662
-941.351 1529.66 1211793716
-905.009 1454.85 1211793725
-575.27 1168.99 1211793846
697.592 1371.1 1211793983
1073.42 1290.7 1211794035
1191.31 1399.02 1211794089
1441.28 1653.61 1211794150
1896 1545.3 1211794210
2234.6 1621.23 1211794279
2301.08 1683.76 1211794330
2293.99 1689.35 1211794392
2307.28 1700.51 1211794442
2307.28 1702.75 1211794502
2590.93 1977.45 1211794568
2544.84 2179.58 1211794592
2301.08 2420.8 1211794652
2380.86 2725.68 1211794717
2494.31 2491.15 1211794773
2918.01 2868.63 1211794833
3175.95 2984.78 1211794893
3235.34 2909.96 1211794912
2737.19 2397.34 1211794983
2647.66 2058.97 1211795038
2676.02 2037.75 1211795067
2684.89 2029.94 1211795069
2572.32 1693.81 1211795130
2185.85 1302.99 1211795212
2158.37 1043.94 1211795314
2567 827.323 1211795399
2523.56 181.981 1211795453
2563.45 -349.438 1211795514
2746.05 -1485.84 1211795574
749.003 -3154.45 1211795690
126.754 -3021.64 1211795741
800.414 -2958.03 1211795891
997.194 -2711.38 1211795931
1062.79 -2296.19 1211795991
1285.27 -1860.89 1211796058
1482.05 -1464.64 1211796118
1544.1 -1078.41 1211796173
1505.98 -547.036 1211796238
1477.62 -200.956 1211796302
1446.6 171.933 1211796332
1429.75 419.792 1211796393
1389.87 1081.9 1211796453
1496.23 1399.02 1211796514
1470.53 1634.63 1211796563
1389.87 2073.49 1211796613
1357.07 2319.17 1211796692
1286.16 2782.64 1211796734
1175.36 3461.69 1211796799
1145.22 3659.39 1211796860
1095.58 3957.61 1211796925
1015.81 4478.14 1211796975
986.557 4628.94 1211797035
983.898 4704.91 1211797072
1044.17 4716.08 1211797073
865.121 4579.79 1211797133
23.0463 4446.86 1211797209
-31.9102 4418.94 1211797224
-31.9102 4412.24 1211797280
173.733 4063.73 1211797344
699.365 4122.93 1211797401
793.323 3888.36 1211797460
901.463 3221.56 1211797520
949.328 2933.41 1211797585
1091.15 2108.11 1211797640
1200.18 1469.36 1211797701
1383.66 1010.44 1211797772
1383.66 189.797 1211797825
1227.66 493.481 1211797877
1227.66 504.646 1211797879
1724.92 572.753 1211797938
2472.15 626.346 1211798003
2572.32 820.623 1211798058
2569.66 886.5 1211798123
2567.88 885.383 1211798124
2501.41 1153.36 1211798184
2156.6 1498.4 1211798244
1744.42 1952.88 1211798304
2041.37 2253.28 1211798365
2051.12 2268.92 1211798431
2062.64 2286.78 1211798511
2059.09 2290.14 1211798518
1981.09 1485 1211798641
2483.68 954.61 1211798692
2589.16 826.206 1211798741
2582.95 821.74 1211798807
2570.54 816.157 1211798867
2571.43 817.274 1211798906
2573.2 817.274 1211798969
2572.32 816.157 1211799039
2598.02 826.206 1211799077
2486.34 1009.32 1211799137
2202.69 1057.34 1211799178
1514.85 1449.27 1211799243
1440.39 1801.01 1211799298
953.76 2056.74 1211799358
248.19 1942.83 1211799418
-74.4571 2000.9 1211799478
-83.3211 1957.35 1211799498
241.099 1723.96 1211799558
334.171 2152.78 1211799618
258.827 2793.81 1211799688
912.986 2898.79 1211799744
1116.86 2932.29 1211799799
1622.1 3014.94 1211799859
2111.39 3098.7 1211799936
2351.6 3052.91 1211799983
2348.95 3050.68 1211799987
1282.61 2861.93 1211800109
1276.41 2644.15 1211800167
1164.72 2619.58 1211800227
1116.86 1913.8 1211800294
1102.67 1333.14 1211800348
975.92 1211.43 1211800414
624.908 861.936 1211800475
135.618 367.316 1211800530
-797.755 -36.8424 1211800590
-627.567 -825.006 1211800654
-724.184 -822.774 1211800710
-773.822 -903.149 1211800774
-772.936 -905.381 1211800780
-834.097 -396.326 1211800841
-992.762 18.9795 1211800901
-1172.7 1259.44 1211801013
-933.373 1629.05 1211801102
-947.556 1734.01 1211801127
-1052.15 2399.58 1211801188
-1034.42 2452.07 1211801226
-959.965 1759.7 1211801282
-479.539 1717.26 1211801346
-466.243 1725.08 1211801378
-460.925 1726.2 1211801380
-881.962 1654.73 1211801442
-958.192 2873.1 1211801545
-981.239 3013.82 1211801605
-759.64 3270.7 1211801665
-772.05 3428.18 1211801725
-777.368 3444.94 1211801786
-771.163 3419.25 1211801851
-775.595 3423.72 1211801908
-772.05 3420.36 1211801968
-772.05 3420.36 1211801992
-608.067 3307.56 1211802057
-560.201 2989.25 1211802112
-390.014 2890.97 1211802177
-340.375 2610.65 1211802232
-222.485 1883.65 1211802292
-175.506 1566.51 1211802357
-17.7279 983.641 1211802417
319.102 641.977 1211802472
495.494 658.725 1211802533
834.984 683.289 1211802595
1170.93 907.715 1211802663
1399.62 1062.92 1211802718
1759.49 1039.47 1211802787
2658.3 241.154 1211802840
2811.64 -1283.8 1211802888
2552.82 -2776.11 1211802940
3081.99 -4171.07 1211802989
3576.6 -5640.54 1211803036
3840.75 -7134.28 1211803082
4104.89 -8599.87 1211803135
2577.64 -12668.5 1211803286
2837.35 -14139.8 1211803324
3147.59 -15600.8 1211803362
4526.82 -16155.7 1211803529
4525.93 -16154.6 1211803530
2964.99 -14700.3 1211803714
3472.01 -10521.3 1211803840
4195.3 -9196.52 1211803880
3902.79 -7384.14 1211803932
3902.79 -7384.14 1211803949
3689.17 -6173.81 1211803970
3249.52 -4743.49 1211804011
2836.46 -3305.11 1211804054
3641.31 -1721.37 1211804118
3732.61 -956.732 1211804213
3570.4 -969.011 1211804264
3574.83 -980.174 1211804324
3580.15 -979.058 1211804384
3669.67 -910.963 1211804444
