3623.58 -980.174 1211663548
2856.85 -1195.62 1211663698
2277.15 -1313.94 1211663779
2040.48 -1319.52 1211663796
1622.1 -1330.69 1211663877
1272.86 -1338.5 1211663938
197.666 -981.29 1211664207
126.754 -775.888 1211664254
163.983 -88.1981 1211664409
71.7979 -14.5137 1211664526
53.1837 219.941 1211664590
209.189 420.908 1211664646
391.786 615.181 1211664738
391.786 918.88 1211664803
320.875 1302.99 1211664870
580.588 1055.1 1211665087
585.907 860.819 1211665180
619.59 493.481 1211665234
1011.38 513.578 1211665299
1421.78 496.83 1211665404
1490.03 -299.2 1211665538
1490.92 -317.062 1211665551
1268.43 -29.0273 1211665662
1248.04 176.399 1211665730
330.625 107.179 1211665848
107.254 88.1991 1211665912
72.6843 290.279 1211665972
534.496 748.048 1211666084
621.363 830.672 1211666143
624.908 839.605 1211666144
752.549 964.659 1211666220
1318.95 1607.83 1211666342
1231.2 2129.32 1211666425
1118.63 2672.07 1211666490
1078.74 3112.1 1211666555
1028.22 3398.03 1211666617
1009.6 3966.55 1211666666
2641.46 4232.39 1211666846
2918.9 4005.64 1211666988
2909.15 4008.99 1211667053
2910.03 4013.46 1211667114
2918.01 4011.23 1211667168
2912.69 4011.23 1211667238
2912.69 4017.93 1211667293
2918.01 3964.32 1211667348
2868.37 3918.52 1211667414
2910.92 3777.78 1211667480
2941.06 3542.11 1211667549
2681.34 2903.25 1211667746
2502.29 2697.76 1211667791
2076.82 2267.8 1211667914
1878.27 2091.36 1211667973
1639.83 1861.31 1211668038
1375.68 1608.95 1211668102
1005.17 1228.17 1211668226
822.574 710.086 1211668409
811.937 755.864 1211668462
824.347 459.985 1211668508
830.552 379.598 1211668522
664.796 129.508 1211668570
82.4347 87.0826 1211668696
59.3884 271.299 1211668761
437.879 657.609 1211668847
582.361 803.875 1211668893
812.824 1032.77 1211668958
1184.22 1399.02 1211669013
1268.43 1482.76 1211669085
1476.73 1691.58 1211669133
1693.9 1918.27 1211669208
2261.19 2483.34 1211669380
2395.04 2609.53 1211669440
2440.24 2656.44 1211669501
2663.62 2866.4 1211669568
2768.21 2961.33 1211669619
2774.41 2976.97 1211669644
2935.74 3116.57 1211669681
3035.01 3129.97 1211669741
2927.76 2988.13 1211669802
2847.1 3043.98 1211669882
2828.48 3297.51 1211669924
2785.05 3551.04 1211669983
2684.89 4170.96 1211670061
2949.03 4273.72 1211670122
3344.37 4347.45 1211670188
3371.84 4393.25 1211670252
3299.16 4490.43 1211670273
3253.95 4544.05 1211670330
3243.32 4550.75 1211670398
3101.49 4095 1211670450
3053.63 3281.87 1211670578
2902.06 3233.84 1211670644
2658.3 3287.45 1211670709
2375.54 3228.26 1211670752
1436.85 3146.73 1211670854
1472.3 3140.03 1211670910
1468.76 3146.73 1211670962
1459.89 3159.01 1211671067
1470.53 3136.68 1211671127
1462.55 3156.78 1211671250
1336.68 3372.34 1211671462
1330.48 3387.97 1211671499
1189.54 3499.67 1211671597
1037.97 3453.87 1211671658
829.665 3427.07 1211671701
913.873 3536.52 1211671770
985.671 3547.69 1211671821
945.783 3914.05 1211671882
1252.48 4000.06 1211671919
2273.6 4164.26 1211671971
2520.02 4210.05 1211672032
2913.58 4605.49 1211672108
2549.27 5074.67 1211672204
2536.86 5133.88 1211672206
2430.49 5157.34 1211672271
2092.78 5194.2 1211672331
1864.09 5171.86 1211672386
1346.43 5171.86 1211672522
1342.89 5164.04 1211672527
1498.89 5132.76 1211672586
1428.87 4780.87 1211672650
1272.86 4682.56 1211672689
1214.36 4111.76 1211672813
1366.82 4012.35 1211672868
2239.92 4156.44 1211672925
2504.95 4205.59 1211672985
2852.42 4057.03 1211673046
2879.01 3805.71 1211673106
2891.42 3647.1 1211673152
2923.33 3332.13 1211673212
2958.78 3141.14 1211673282
2846.21 3151.2 1211673338
2783.28 3037.28 1211673365
2659.18 2898.79 1211673426
2658.3 2895.44 1211673428
2475.7 2715.63 1211673488
2408.33 2736.85 1211673548
2371.99 2846.3 1211673608
2388.83 2893.2 1211673677
2432.27 2905.49 1211673739
2418.97 3110.99 1211673789
2415.42 3243.9 1211673855
2384.4 3341.06 1211673909
2763.78 3383.51 1211673969
2785.94 3629.23 1211674029
2741.62 3844.8 1211674121
2741.62 3844.8 1211674128
2701.73 4061.49 1211674194
2530.66 4232.39 1211674252
2404.79 4350.8 1211674300
2188.51 4550.75 1211674377
1827.75 4521.71 1211674435
1810.02 4137.45 1211674496
1863.2 3817.99 1211674547
1907.52 3505.25 1211674605
1219.68 3280.75 1211674783
805.733 3202.57 1211674843
323.534 3123.27 1211674908
-472.448 2997.07 1211674974
-1749.74 2378.36 1211675150
-2258.53 2350.44 1211675216
-2426.06 2348.21 1211675284
-2425.18 2338.16 1211675338
-2474.81 2333.69 1211675348
-1968.68 2358.26 1211675507
-1787.86 2369.42 1211675562
-1074.31 2458.77 1211675622
-1015.81 2089.12 1211675673
-947.556 1674.83 1211675731
-896.145 1361.05 1211675856
-915.645 1114.28 1211675904
-1098.24 1084.13 1211675968
-1123.06 1080.78 1211675969
-854.484 1014.91 1211676030
-105.481 1180.16 1211676165
179.938 1002.62 1211676225
472.448 835.138 1211676277
577.929 838.488 1211676378
581.475 840.721 1211676450
540.701 774.845 1211676459
58.502 286.93 1211676539
56.7292 188.68 1211676595
397.105 285.813 1211676714
817.256 317.075 1211676755
1163.84 343.87 1211676816
1300.34 350.569 1211676876
1599.06 377.365 1211676942
1712.51 553.772 1211677000
1958.05 583.918 1211677058
2062.64 486.782 1211677114
2062.64 483.432 1211677132
2219.53 787.127 1211677175
2208.89 1013.79 1211677238
2293.99 1135.5 1211677269
2388.83 1237.11 1211677330
2280.69 1372.22 1211677391
1828.63 1823.35 1211677451
1640.72 2349.32 1211677520
1560.05 2865.28 1211677636
1395.18 3086.42 1211677691
1487.37 3134.44 1211677751
1500.67 3126.62 1211677993
1505.1 3163.48 1211678053
1353.52 3296.39 1211678114
1333.14 3377.92 1211678138
1271.09 3778.9 1211678257
1233.86 3974.37 1211678324
1185.11 4289.36 1211678377
1135.47 4614.42 1211678450
1045.95 5070.2 1211678509
1146.99 5161.8 1211678555
1565.37 5086.96 1211678664
1997.05 4706.02 1211678728
1856.11 4423.41 1211678808
1513.96 4374.26 1211678848
785.345 4250.27 1211678964
600.089 4214.52 1211679024
323.534 4069.31 1211679120
84.2075 3814.64 1211679173
17.7279 3224.91 1211679372
-185.256 4462.5 1211679550
-189.688 4500.48 1211679591
-189.688 4500.48 1211679603
-35.4558 4453.57 1211679658
13.2959 4158.67 1211679783
69.1388 3835.86 1211679851
101.049 3595.72 1211679902
117.004 3553.28 1211679954
290.737 3352.23 1211680015
371.399 2864.16 1211680076
499.04 2067.9 1211680197
560.201 1688.23 1211680252
573.497 1584.38 1211680312
613.385 1329.79 1211680377
946.669 1181.28 1211680432
1022.9 538.141 1211680535
1043.29 290.279 1211680593
1192.2 166.351 1211680653
1283.5 169.7 1211680714
1330.48 87.0826 1211680766
1334.02 15.6302 1211680773
1322.5 1.11644 1211680784
1181.56 1085.25 1211680955
1295.91 1721.73 1211681087
1226.77 2198.56 1211681148
1654.01 2299.07 1211681212
1576.01 2681.01 1211681272
1535.24 2683.24 1211681314
1471.41 2674.31 1211681332
1314.52 2492.27 1211681381
1318.07 2447.6 1211681412
1361.5 2238.76 1211681462
1414.69 1928.32 1211681523
1373.91 1603.36 1211681585
1276.41 1506.21 1211681643
1021.13 1425.82 1211681708
569.952 1352.12 1211681768
-1006.06 1098.65 1211681978
-1135.47 1078.55 1211681999
-1265.77 630.812 1211682080
-1420.89 400.811 1211682140
-1425.32 398.578 1211682221
-975.034 192.03 1211682404
-971.488 189.797 1211682405
-970.602 189.797 1211682411
-648.841 206.544 1211682485
15.0687 257.901 1211682585
77.1163 299.211 1211682634
211.848 420.908 1211682694
454.72 474.5 1211682754
1575.12 558.238 1211682995
1841.04 574.986 1211683068
2167.23 309.259 1211683116
2202.69 -90.431 1211683187
2201.8 -106.061 1211683207
2174.33 202.078 1211683259
2091 599.549 1211683329
1656.67 566.054 1211683390
1149.65 523.626 1211683510
101.049 328.239 1211683625
65.5932 -29.0273 1211683680
70.0252 54.7057 1211683710
3.54558 943.445 1211683900
424.583 1433.63 1211684015
738.367 1497.28 1211684074
736.594 1496.16 1211684096
730.389 1507.33 1211684112
851.825 1603.36 1211684123
999.853 1630.16 1211684194
2655.64 247.853 1211684378
3286.75 -1182.22 1211684494
