4102.23 -8500.62 1212681701
4102.23 -8500.62 1212681725
3835.43 -7010.46 1212681748
3065.15 -4091.84 1212681844
2512.04 -2672.32 1212681887
2689.32 292.512 1212682074
2395.92 1201.38 1212682123
2378.2 1276.19 1212682193
2227.51 1415.77 1212682243
2164.58 1487.23 1212682310
2039.59 1608.95 1212682364
1878.27 1767.51 1212682425
1645.15 1951.77 1212682485
1366.82 2228.71 1212682581
1307.43 2640.8 1212682645
1235.63 3036.16 1212682700
1179.79 3336.6 1212682761
1126.61 3481.79 1212682821
1127.49 3486.26 1212682847
1125.72 3485.15 1212682849
1042.4 3466.16 1212682870
895.258 3431.53 1212682930
897.031 3312.03 1212682996
854.484 3205.92 1212683055
853.598 3213.74 1212683111
853.598 3215.97 1212683177
856.257 3202.57 1212683232
856.257 3200.34 1212683293
851.825 3204.8 1212683419
851.825 3209.27 1212683474
853.598 3199.22 1212683540
818.142 3201.45 1212683577
921.85 3105.4 1212683637
1001.63 2666.49 1212683697
1079.63 2127.09 1212683765
1100.9 1751.88 1212683824
1017.58 1672.6 1212683877
1034.42 1563.16 1212683937
1067.22 1356.58 1212683991
1479.39 1088.6 1212684049
2670.71 838.488 1212684099
2600.68 -27.9109 1212684160
2789.48 -1366.41 1212684225
2596.25 -2867.63 1212684277
3117.45 -4279.31 1212684328
3853.16 -7204.56 1212684460
4116.42 -8672.37 1212684480
2583.84 -12688.5 1212684649
2843.55 -14148.7 1212684695
3161.77 -15649.8 1212684741
4473.63 -16232.6 1212684865
4474.52 -16237 1212684868
4472.75 -16225.9 1212684928
4480.72 -16205.8 1212684989
4561.39 -16037.6 1212685016
4554.29 -15974.1 1212685018
3856.7 -16210.3 1212685088
4194.42 -16108.9 1212685156
