3648.4 -926.591 1212702978
3648.4 -919.893 1212703034
3648.4 -976.825 1212703093
3585.47 -994.686 1212703153
3573.06 -1142.04 1212703213
3475.55 -878.59 1212703276
3815.93 -847.333 1212703334
3857.59 -262.359 1212703395
3519.87 859.703 1212703453
3415.28 1022.72 1212703492
3345.25 1349.89 1212703548
3275.23 1422.47 1212703576
3096.18 1636.86 1212703629
3442.76 1726.2 1212703689
3722.86 2004.25 1212703751
3792 2058.97 1212703776
3993.21 2301.3 1212703830
3689.17 2253.28 1212703894
3472.89 2418.56 1212703949
3131.63 2755.83 1212704010
2723.89 2397.34 1212704070
2515.59 2601.71 1212704130
2427.83 2693.29 1212704195
2361.35 2763.65 1212704250
2179.64 2868.63 1212704310
2208.01 2890.97 1212704344
2208.01 2889.85 1212704346
2445.56 2935.64 1212704422
2420.74 3211.51 1212704468
2364.01 3239.43 1212704516
2104.3 3301.97 1212704578
2368.45 3360.05 1212704638
2645.89 3381.27 1212704697
2793.92 3597.95 1212704762
2737.19 3876.07 1212704817
2854.19 4045.86 1212704893
2825.83 4248.03 1212704937
2588.27 4217.87 1212704997
2166.35 4145.27 1212705065
1107.99 3984.42 1212705121
1226.77 4048.09 1212705181
1227.66 4038.04 1212705223
1231.2 4017.93 1212705224
1232.09 4012.35 1212705231
1576.9 4042.5 1212705295
2545.72 4200 1212705347
2678.68 4115.11 1212705400
2680.46 4118.46 1212705455
2879.9 3909.58 1212705503
2913.58 3682.84 1212705568
2769.98 3597.95 1212705623
2231.05 3548.81 1212705683
2052.89 3549.93 1212705743
1689.47 3556.63 1212705803
1565.37 3783.37 1212705867
1279.95 3794.54 1212705916
1131.93 3785.6 1212705976
647.068 3600.19 1212706035
413.06 3471.74 1212706089
413.06 3472.86 1212706101
416.605 3478.44 1212706154
415.719 3476.21 1212706216
413.06 3475.09 1212706272
414.833 3473.98 1212706336
414.833 3469.51 1212706391
416.605 3472.86 1212706451
416.605 3475.09 1212706521
416.605 3471.74 1212706572
414.833 3472.86 1212706638
416.605 3472.86 1212706666
392.673 3373.45 1212706725
296.942 3338.83 1212706749
282.76 3406.96 1212706809
280.101 3415.9 1212706851
288.078 3345.53 1212706916
308.465 3219.32 1212706986
475.107 3040.63 1212707039
870.439 3104.29 1212707092
1153.2 3146.73 1212707159
1326.05 3175.77 1212707214
1899.54 3270.7 1212707275
2261.19 3153.43 1212707336
2384.4 3103.17 1212707397
2574.09 2965.8 1212707457
2601.57 2902.14 1212707518
2642.34 2854.11 1212707579
3054.52 2459.88 1212707639
3067.81 2450.95 1212707704
3245.09 2262.22 1212707760
3312.46 2195.21 1212707820
3615.6 2173.99 1212707880
3640.42 2199.68 1212707921
3643.97 2203.03 1212707923
3625.35 2277.85 1212707983
3439.21 2442.01 1212708043
3236.23 2358.26 1212708104
3525.19 1969.63 1212708164
3346.14 1756.35 1212708213
3432.12 1712.8 1212708236
3612.94 1901.52 1212708296
3849.61 2133.79 1212708326
3887.73 2177.34 1212708348
3890.39 2182.93 1212708354
3994.09 2121.51 1212708430
3861.13 1991.97 1212708490
3348.8 1166.76 1212708554
3832.77 -290.269 1212708618
3544.69 -1767.13 1212708670
2731.87 -3031.69 1212708736
3171.52 -4486.85 1212708784
3623.58 -5906.06 1212708825
3886.84 -7388.6 1212708878
3886.84 -7388.6 1212708901
4150.99 -8850.81 1212708944
3638.65 -10292.7 1212708996
2644.11 -11429.9 1212709052
2601.57 -12957.2 1212709104
2884.33 -14478.6 1212709173
3237.11 -15940.6 1212709221
4473.63 -16217 1212709322
4473.63 -16217 1212709354
4477.18 -16196.9 1212709361
4479.84 -16192.4 1212709377
4479.84 -16183.5 1212709437
4304.33 -15902.7 1212709506
4409.81 -16028.7 1212709617
4406.27 -16033.1 1212709677
4406.27 -16033.1 1212709737
4406.27 -16032 1212709797
4406.27 -16030.9 1212709892
4406.27 -16030.9 1212710024
4406.27 -16029.8 1212710138
4406.27 -16032 1212710187
4406.27 -16030.9 1212710310
