-40.7741 -1094.04 1211321361
-41.6605 -1095.15 1211321493
-41.6605 -1094.04 1211321666
-38.115 -1090.69 1211321742
-42.5469 -1099.62 1211321770
-41.6605 -1097.39 1211321771
-39.8877 -1097.39 1211321834
92.185 -1614.21 1211321949
132.073 -1571.79 1211322060
117.004 -643.043 1211322180
78.8891 -97.1296 1211322242
54.9565 111.645 1211322316
35.4558 424.258 1211322363
9.75034 710.086 1211322428
210.962 1515.15 1211322608
550.451 1729.55 1211322663
427.242 2587.2 1211322784
335.057 3100.94 1211322965
897.031 3297.51 1211323211
900.577 3274.05 1211323237
1100.02 1999.79 1211323493
1151.43 1716.15 1211323551
1094.7 1545.3 1211323576
1044.17 1496.16 1211323606
1504.21 1091.95 1211323661
1890.68 1048.4 1211323694
2430.49 973.592 1211323744
2703.5 534.791 1211323809
2879.01 -580.527 1211323865
