4198.85 -16071 1212688865
3209.63 -15621.9 1212688934
3781.36 -10121 1212689121
4128.83 -8648.95 1212689173
3868.23 -7163.28 1212689227
3608.51 -5703.01 1212689257
3139.61 -4292.7 1212689314
2731.87 -2817.41 1212689361
3650.17 -1647.7 1212689412
3852.27 -119.458 1212689474
3377.16 1273.96 1212689527
2960.56 1753 1212689588
2692.87 2074.61 1212689650
2540.41 2185.16 1212689723
2248.78 2450.95 1212689778
2206.24 2806.09 1212689829
2228.4 2943.46 1212689894
2340.08 2803.86 1212689953
2247.01 3113.22 1212690014
2175.21 3532.06 1212690073
2214.21 3518.65 1212690137
2208.89 3508.6 1212690193
2198.26 3524.24 1212690254
2202.69 3544.34 1212690314
2209.78 3557.75 1212690374
2210.67 3554.39 1212690411
2199.14 3549.93 1212690471
2200.92 3552.16 1212690521
2192.05 3555.51 1212690582
2197.37 3596.84 1212690612
2221.3 3451.64 1212690673
2138.87 3201.45 1212690733
1962.48 3104.29 1212690793
2020.09 2865.28 1212690853
2213.33 2458.77 1212690930
2618.41 2090.24 1212690977
2924.22 1787.61 1212691033
3347.03 1074.08 1212691098
3830.11 -382.929 1212691166
3495.94 -1839.68 1212691206
2780.62 -3152.21 1212691258
3197.22 -4585.04 1212691301
3648.4 -6036.59 1212691359
3913.43 -7524.69 1212691415
4178.46 -9006.94 1212691436
3145.81 -11797.8 1212691709
3704.24 -11997.4 1212691773
4459.45 -12217 1212691843
4462.11 -12219.2 1212691929
4445.27 -12196.9 1212691953
3532.28 -11880.3 1212691997
3216.73 -11786.7 1212692058
2779.73 -12198.1 1212692118
2697.3 -12291.7 1212692178
2667.16 -12450 1212692238
2871.92 -13128.8 1212692298
3256.61 -13934.7 1212692358
3113.9 -14273.5 1212692419
3066.04 -15282.1 1212692478
3836.32 -16221.4 1212692539
4213.92 -16104.4 1212692599
