3689.17 -16317.2 1211558035
4029.55 -16179.1 1211558092
4027.78 -16179.1 1211558212
4026 -16164.6 1211558277
4026 -16164.6 1211558333
4026 -16164.6 1211558392
4026 -16163.5 1211558453
4026 -16164.6 1211558514
4021.57 -16155.7 1211558577
4478.06 -17243.1 1211558675
5260.75 -17887 1211558745
6136.51 -18602.2 1211558791
7441.28 -19293.9 1211558851
8890.54 -19339.6 1211558902
10038.4 -20246.2 1211558962
10995.7 -21353.1 1211559016
11950.4 -22492.2 1211559067
12838.5 -23692.3 1211559117
13721.4 -24891.1 1211559167
14657.4 -26053.1 1211559213
15660.8 -27165.9 1211559259
16660.7 -28276.4 1211559310
17752.7 -29332.2 1211559357
19135.5 -29919.5 1211559408
20527.1 -30407.8 1211559458
21995.9 -30642.5 1211559505
23316.6 -31334.3 1211559545
25423.6 -33927.6 1211559822
