4416.02 -15712.2 1212623573
4373.47 -15897.2 1212623628
4371.7 -15899.4 1212623683
4366.38 -15899.4 1212623745
3659.04 -16272.7 1212623822
3659.92 -16273.8 1212623837
3054.52 -15136.1 1212623883
2755.8 -13663.9 1212623947
2567 -12152.3 1212623993
4095.14 -9599.09 1212624092
4046.39 -8109.14 1212624147
3776.93 -6611.11 1212624205
3573.06 -5473.18 1212624248
3056.29 -4005.92 1212624312
3423.26 -1953.53 1212624406
3878.86 -545.92 1212624461
3843.41 292.512 1212624527
3845.18 333.822 1212624608
3297.39 1022.72 1212624762
3297.39 1022.72 1212624775
3014.63 1314.15 1212624803
2790.37 1537.48 1212624858
2486.34 1841.21 1212624954
2122.91 2188.51 1212625035
1937.66 2391.76 1212625131
1845.47 2511.25 1212625142
1845.47 2511.25 1212625167
1829.52 2502.32 1212625202
1833.06 2529.12 1212625283
1833.95 2568.21 1212625343
1801.15 2319.17 1212625500
1801.15 2319.17 1212625530
1852.56 2111.46 1212625616
1762.15 1993.08 1212625671
1597.28 1862.43 1212625734
1601.71 1864.66 1212625791
1638.94 1888.11 1212625851
1638.94 1888.11 1212625894
1673.51 1928.32 1212625911
1673.51 1928.32 1212625925
1661.1 1913.8 1212625951
1661.1 1913.8 1212625989
1647.81 1834.51 1212626016
1586.65 1776.45 1212626070
1466.98 1768.63 1212626142
1433.3 1766.4 1212626193
1433.3 1784.26 1212626253
1429.75 1827.81 1212626313
1396.07 2172.88 1212626373
1339.34 2420.8 1212626434
1196.63 2396.23 1212626498
1163.84 2560.39 1212626558
1076.08 3077.48 1212626618
827.006 3205.92 1212626690
827.006 3205.92 1212626714
827.006 3205.92 1212626726
638.204 3175.77 1212626750
186.143 3104.29 1212626810
6.20476 3043.98 1212626876
4.43197 3042.86 1212626931
7.97755 3047.33 1212626991
6.20476 3046.21 1212627051
7.09116 3045.09 1212627112
7.09116 3042.86 1212627172
9.75034 3042.86 1212627232
-85.9803 3002.65 1212627292
-363.422 2736.85 1212627395
-363.422 2736.85 1212627409
-363.422 2736.85 1212627454
-255.282 2100.29 1212627535
-223.371 1873.6 1212627602
-191.461 1742.95 1212627662
-187.916 1646.91 1212627722
-187.916 1646.91 1212627756
-179.938 1611.18 1212627785
-129.414 1301.87 1212627845
-124.982 1272.84 1212627911
-124.982 1272.84 1212627963
-0.886394 864.169 1212627969
32.7966 414.209 1212628028
-118.777 207.66 1212628105
-741.912 11.1644 1212628154
-549.565 -622.949 1212628218
-786.232 -1455.71 1212628278
-1517.51 -1687.88 1212628343
-1726.7 -1889.91 1212628405
-2159.26 -2308.47 1212628466
-2233.71 -2733.7 1212628518
-2033.39 -3240.38 1212628578
-2323.24 -3509.33 1212628638
-2542.18 -3608.65 1212628698
-2621.07 -3771.58 1212628759
-2393.26 -3882.05 1212628819
-2184.08 -3955.7 1212628880
-2161.92 -3961.28 1212628883
-1966.91 -4013.73 1212628945
-1793.18 -4071.75 1212629005
-1794.06 -4072.87 1212629065
-1784.31 -4073.99 1212629125
-1770.13 -4077.33 1212629185
-1769.24 -4077.33 1212629245
-1766.58 -4078.45 1212629305
-1764.81 -4079.57 1212629366
-1764.81 -4089.61 1212629427
-1765.7 -4095.19 1212629492
-1833.06 -4037.16 1212629547
-2071.5 -3973.56 1212629608
-2356.04 -3885.4 1212629668
-2594.48 -3702.39 1212629729
-2595.36 -3704.62 1212629789
-2594.48 -3705.74 1212629850
-2594.48 -3705.74 1212629911
-2593.59 -3706.85 1212629972
-2593.59 -3706.85 1212630032
-2593.59 -3706.85 1212630051
-2563.45 -3549.5 1212630111
-2846.21 -3527.19 1212630171
-3183.04 -3233.68 1212630231
-3163.54 -2862.05 1212630292
-2802.78 -2459.14 1212630351
-2606 -2288.38 1212630412
-1775.45 -2011.57 1212630473
-1457.23 -1665.56 1212630534
-858.03 -1493.66 1212630595
-256.168 -1289.38 1212630655
162.21 -1212.36 1212630715
131.186 -791.516 1212630776
79.7755 -111.643 1212630865
79.7755 -111.643 1212630879
70.0252 56.9385 1212630925
70.9116 56.9385 1212630940
238.44 92.6649 1212631000
818.142 136.207 1212631060
1011.38 156.303 1212631120
1091.15 -358.369 1212631207
1144.34 -1032.64 1212631269
1177.13 -1462.4 1212631328
1108.88 -1951.3 1212631389
1148.77 -2106.45 1212631449
1014.92 -2598.66 1212631509
875.758 -2884.37 1212631570
490.176 -3376.53 1212631630
522.973 -3530.53 1212631692
826.12 -3522.72 1212631776
497.267 -3524.95 1212631832
763.186 -3037.27 1212631894
1046.83 -2420.08 1212631954
1256.02 -1923.4 1212632014
1460.78 -1511.52 1212632075
1538.78 -972.36 1212632136
1515.73 -660.905 1212632196
1491.8 -355.02 1212632257
1451.91 156.303 1212632317
1245.38 318.191 1212632377
1209.93 772.612 1212632438
1185.11 1069.62 1212632492
1183.34 1071.85 1212632494
1161.18 1348.77 1212632554
1306.55 1526.31 1212632614
1310.98 1655.85 1212632674
1303.89 1998.67 1212632734
1303.89 1998.67 1212632749
1411.14 2039.99 1212632769
1411.14 2039.99 1212632781
1322.5 2591.66 1212632829
1322.5 2591.66 1212632855
1228.54 3152.31 1212632901
1228.54 3152.31 1212632953
1700.1 3156.78 1212633033
1821.54 3038.39 1212633034
1821.54 3037.28 1212633035
1821.54 3037.28 1212633139
1821.54 3037.28 1212633204
1821.54 3037.28 1212633230
2674.25 3245.01 1212633232
2336.54 3213.74 1212633355
2336.54 3213.74 1212633581
1882.7 2105.87 1212633588
1882.7 2105.87 1212633617
1689.47 1894.81 1212633662
1689.47 1894.81 1212633695
1465.21 1712.8 1212633723
1150.54 1386.73 1212633787
934.26 1165.64 1212633844
754.322 984.758 1212633904
622.249 859.703 1212633965
622.249 859.703 1212633983
32.7966 279.114 1212634030
32.7966 279.114 1212634044
-192.348 -463.309 1212634133
-178.165 -648.625 1212634193
-194.12 -655.323 1212634253
-196.78 -655.323 1212634314
-199.439 -655.323 1212634376
-177.279 -607.32 1212634420
-179.052 -584.993 1212634422
-97.5034 -110.527 1212634506
68.2524 43.5412 1212634560
50.5245 218.825 1212634620
50.5245 243.387 1212634680
273.896 487.898 1212634748
550.451 759.213 1212634812
575.27 786.01 1212634880
813.71 1031.65 1212634929
1047.72 1262.79 1212634989
1225.88 1443.68 1212635049
1307.43 1667.01 1212635110
1279.95 1878.06 1212635170
1256.02 2006.49 1212635230
1259.57 2003.14 1212635240
1348.21 2340.39 1212635300
1348.21 2340.39 1212635318
1627.42 2385.06 1212635360
1627.42 2385.06 1212635389
2215.99 2482.22 1212635434
2459.74 2501.2 1212635489
2612.2 2534.71 1212635562
2782.39 2714.51 1212635612
2882.55 2583.85 1212635678
2786.82 2455.42 1212635721
2660.96 2457.65 1212635782
2576.75 2540.29 1212635846
2378.2 2818.38 1212635907
2320.58 2964.68 1212635974
2320.58 2964.68 1212636025
2106.07 3070.78 1212636054
2106.07 3070.78 1212636087
2374.65 3150.08 1212636103
2374.65 3150.08 1212636129
2831.14 3285.22 1212636172
2829.37 3468.39 1212636199
2808.98 3496.31 1212636214
2808.98 3496.31 1212636233
2899.4 3630.35 1212636243
2875.46 3606.89 1212636264
2875.46 3606.89 1212636286
2863.05 3603.54 1212636295
2856.85 3644.87 1212636315
2856.85 3644.87 1212636331
3079.33 3757.68 1212636403
3489.73 3822.46 1212636575
