3737.04 -967.895 1211109340
3739.7 -956.732 1211109400
3741.47 -956.732 1211109462
3737.04 -962.313 1211109521
3729.95 -964.546 1211109586
3729.06 -966.778 1211109641
3732.61 -961.197 1211109702
3732.61 -962.313 1211109767
3608.51 -982.407 1211109824
3596.1 -981.29 1211109889
3575.72 -1037.11 1211109918
3032.36 -1191.15 1211109975
2711.48 -185.327 1211110035
2609.55 1299.64 1211110091
2369.33 1924.97 1211110151
2242.58 2054.5 1211110167
1931.45 2443.13 1211110229
1825.09 3098.7 1211110289
1925.25 3486.26 1211110350
2181.42 3526.47 1211110411
2186.74 3540.99 1211110472
2185.85 3529.82 1211110533
2186.74 3542.11 1211110594
2186.74 3543.23 1211110655
2188.51 3524.24 1211110715
2193.83 3529.82 1211110775
2189.39 3513.07 1211110836
2187.62 3513.07 1211110896
2182.3 3566.68 1211110956
2180.53 3526.47 1211111016
2187.62 3523.12 1211111077
2188.51 3525.35 1211111148
2194.71 3520.89 1211111198
2192.94 3520.89 1211111259
2186.74 3517.54 1211111319
2183.19 3527.59 1211111378
2186.74 3532.06 1211111438
2191.17 3527.59 1211111498
2231.05 3518.65 1211111559
2234.6 3516.42 1211111619
2238.15 3515.3 1211111667
2222.19 3527.59 1211111732
2217.76 3528.71 1211111787
2219.53 3526.47 1211111848
2217.76 3525.35 1211111908
2218.65 3525.35 1211111968
2216.87 3525.35 1211112029
2218.65 3528.71 1211112094
2217.76 3528.71 1211112149
2214.21 3526.47 1211112210
2215.1 3532.06 1211112240
2216.87 3529.82 1211112300
2218.65 3526.47 1211112360
2215.99 3533.17 1211112420
2216.87 3525.35 1211112481
2216.87 3529.82 1211112540
2217.76 3529.82 1211112549
2216.87 3530.94 1211112610
2216.87 3526.47 1211112670
2215.99 3532.06 1211112730
2215.1 3527.59 1211112791
2214.21 3532.06 1211112851
2215.99 3528.71 1211112911
2216.87 3529.82 1211112937
2220.42 3527.59 1211113003
2213.33 3528.71 1211113058
2235.49 3492.96 1211113118
2254.1 3489.61 1211113178
2239.92 3499.67 1211113238
2222.19 3509.72 1211113298
2223.08 3509.72 1211113344
2232.83 3507.48 1211113404
2231.94 3507.48 1211113464
2234.6 3501.9 1211113509
2243.46 3498.55 1211113569
2247.9 3494.08 1211113629
2238.15 3499.67 1211113689
2236.37 3503.02 1211113749
2245.24 3491.85 1211113810
2249.67 3491.85 1211113870
2256.76 3486.26 1211113931
2245.24 3495.2 1211113991
2244.35 3497.43 1211114052
2239.92 3499.67 1211114113
2247.9 3496.31 1211114174
2248.78 3495.2 1211114234
2244.35 3491.85 1211114295
2252.33 3490.73 1211114355
2249.67 3492.96 1211114416
2251.44 3492.96 1211114476
2249.67 3506.37 1211114537
2218.65 3514.19 1211114599
2226.62 3509.72 1211114658
2219.53 3516.42 1211114718
2218.65 3514.19 1211114782
2225.74 3510.83 1211114840
2226.62 3509.72 1211114901
2220.42 3510.83 1211114955
2214.21 3514.19 1211114987
2204.46 3520.89 1211115047
2208.89 3516.42 1211115107
2205.35 3499.67 1211115172
2210.67 3515.3 1211115227
2213.33 3516.42 1211115287
2222.19 3509.72 1211115347
2212.44 3504.13 1211115408
2215.1 3509.72 1211115468
2215.1 3508.6 1211115530
2217.76 3500.78 1211115590
2221.3 3500.78 1211115613
2208.89 3425.95 1211115673
2277.15 3155.66 1211115733
2317.92 2800.51 1211115794
2677.8 2478.87 1211115855
2531.54 2207.5 1211115926
2915.35 1788.73 1211115981
3465.8 865.285 1211116038
3864.68 -595.04 1211116087
3370.96 -2008.23 1211116136
2864.83 -3431.21 1211116193
3261.93 -4888.54 1211116239
3691.83 -6312.14 1211116283
3979.02 -7915.07 1211116331
4147.44 -9399.48 1211116375
2528.88 -11921.6 1211116468
2654.75 -13438.7 1211116526
2941.06 -14894.3 1211116573
3354.12 -16270.4 1211116633
4508.2 -16179.1 1211116778
4520.61 -16154.6 1211116808
4525.04 -16147.9 1211116809
4140.35 -16072.1 1211116874
2597.14 -12553.7 1211117031
3869.11 -10013.9 1211117128
4115.53 -8528.5 1211117180
3849.61 -7042.81 1211117219
3588.12 -5562.44 1211117273
3155.56 -4328.4 1211117309
2714.14 -2897.76 1211117363
3618.26 -1697.93 1211117406
3856.7 -231.099 1211117455
3393.12 1203.61 1211117512
2867.49 1847.91 1211117570
2592.7 2136.02 1211117631
2587.39 2141.61 1211117641
2285.12 2448.72 1211117706
2611.32 2815.02 1211117762
2690.21 2879.8 1211117787
2690.21 2879.8 1211117789
2505.84 2734.61 1211117855
2510.27 2718.98 1211117897
2935.74 3134.44 1211117957
3302.71 2981.43 1211118017
3461.37 2869.75 1211118071
3455.17 2867.52 1211118072
3466.69 2588.31 1211118133
3152.02 2731.26 1211118195
2723.89 2393.99 1211118253
2442.9 2686.59 1211118313
2372.88 2807.21 1211118374
2194.71 2866.4 1211118435
2099.87 3248.36 1211118495
2190.28 3534.29 1211118555
2169.01 3523.12 1211118616
2208.01 3553.28 1211118678
2209.78 3555.51 1211118738
2219.53 3562.21 1211118798
2205.35 3562.21 1211118861
2473.04 3567.8 1211118917
2676.02 3505.25 1211118975
2567 3377.92 1211119039
2667.16 3386.86 1211119098
2679.57 3383.51 1211119141
2679.57 3383.51 1211119142
2436.7 3259.53 1211119218
2097.21 3280.75 1211119262
2162.8 3526.47 1211119323
2166.35 3527.59 1211119383
2168.12 3525.35 1211119442
2192.05 3630.35 1211119510
2193.83 3637.05 1211119525
1911.07 3382.39 1211119585
1049.49 3241.66 1211119645
1008.72 2596.13 1211119705
927.169 2481.1 1211119742
927.169 2481.1 1211119745
378.49 2390.64 1211119814
171.074 3190.29 1211119903
169.301 3198.1 1211119979
124.982 3211.51 1211119986
-241.986 3039.51 1211120047
-524.746 2983.67 1211120071
-1037.97 2644.15 1211120134
-973.261 1835.63 1211120195
-1599.06 1645.8 1211120251
-2269.17 1548.65 1211120326
-2803.67 1479.41 1211120386
-4515.29 1383.38 1211120494
-5031.17 1354.35 1211120527
-5251.89 1342.07 1211120565
-5252.77 1342.07 1211120613
-4918.6 1346.54 1211120633
-4327.38 1384.5 1211120690
-3679.42 1421.35 1211120730
-3338.16 1440.33 1211120835
-3201.66 1454.85 1211120885
-2591.82 1634.63 1211120932
-2634.36 1632.4 1211120992
-2645.89 1634.63 1211121053
-1748.86 1619 1211121234
-1652.24 1453.73 1211121275
-1025.56 1251.62 1211121335
-991.875 1021.6 1211121368
-985.671 1037.24 1211121483
-851.825 1011.56 1211121527
-620.476 1369.98 1211121587
6.20476 1479.41 1211121648
718.866 1594.43 1211121723
1364.16 1798.78 1211121769
1976.66 1461.55 1211121829
2476.59 1863.55 1211121890
3018.17 2404.04 1211121960
3265.48 2647.5 1211122012
3409.07 2849.65 1211122074
4010.93 3387.97 1211122194
3987.89 3582.32 1211122295
3880.63 3715.23 1211122297
3880.63 3715.23 1211122317
3692.72 3933.04 1211122368
3443.64 3945.33 1211122417
3311.57 3714.12 1211122477
3115.68 3648.22 1211122538
2886.99 3678.37 1211122604
2659.18 3628.11 1211122653
2303.74 3545.46 1211122723
1988.18 3505.25 1211122774
1594.62 3436 1211122836
1362.39 3306.44 1211122901
1034.42 3364.52 1211122956
1032.65 3347.77 1211122977
1458.12 3413.66 1211123037
2013.89 3516.42 1211123098
2298.42 3384.62 1211123161
2565.23 3097.59 1211123218
2766.44 2773.7 1211123284
2972.08 2905.49 1211123338
2972.08 2906.6 1211123339
3238 3068.55 1211123399
3312.46 3151.2 1211123470
3237.11 3078.6 1211123518
2875.46 2810.56 1211123584
2644.11 2616.23 1211123643
2670.71 2626.28 1211123718
2875.46 2834.01 1211123758
2964.99 2907.72 1211123813
3176.84 3085.3 1211123877
3234.45 3110.99 1211123937
3278.77 3165.71 1211123994
3325.75 3212.62 1211124056
3313.34 3433.77 1211124124
3394.89 3434.88 1211124174
3355 3357.82 1211124207
3056.29 3039.51 1211124260
2606 3061.85 1211124316
2269.17 3026.11 1211124377
1959.82 2957.98 1211124419
1466.1 2879.8 1211124486
1243.61 2820.61 1211124533
928.055 3191.4 1211124587
772.936 3198.1 1211124648
174.62 3152.31 1211124708
165.756 3200.34 1211124763
165.756 3199.22 1211124770
162.21 3201.45 1211124825
168.415 3196.99 1211124895
171.074 3194.75 1211124946
229.576 3211.51 1211125008
456.493 3255.06 1211125066
873.985 3331.01 1211125126
1160.29 3381.27 1211125192
1164.72 3377.92 1211125204
1059.24 3257.3 1211125264
580.588 3174.65 1211125324
-198.552 3046.21 1211125391
-914.759 2930.06 1211125445
-1020.24 2534.71 1211125507
-1037.08 2244.35 1211125582
-949.328 1669.25 1211125646
-941.351 1559.81 1211125666
-941.351 1560.93 1211125668
-939.578 1559.81 1211125719
-1088.49 1726.2 1211125783
-819.028 1863.55 1211125866
-1015.81 1958.47 1211125919
-1271.98 1904.87 1211125974
-1262.23 1899.28 1211126036
-1408.48 1892.58 1211126094
-1289.7 1875.83 1211126170
-1205.5 1920.5 1211126220
-1202.84 1924.97 1211126291
-1201.95 1922.73 1211126337
-1204.61 1926.08 1211126397
-1193.09 1924.97 1211126501
-1047.72 2401.81 1211126564
-1040.63 2753.6 1211126622
-568.179 2876.45 1211126682
148.914 2995.95 1211126757
908.554 3124.39 1211126808
1370.37 3184.7 1211126864
1981.98 3285.22 1211126926
2645 3396.91 1211126985
3152.91 3477.33 1211127046
3240.66 3504.13 1211127107
3389.57 3622.53 1211127173
3366.53 3723.05 1211127229
3395.78 3727.52 1211127303
3450.73 3801.24 1211127349
3604.08 3723.05 1211127414
3576.6 3797.89 1211127474
3581.03 3799 1211127532
3581.03 3811.29 1211127591
3645.74 3815.76 1211127658
3641.31 3816.88 1211127710
3644.85 3805.71 1211127772
3652.83 3794.54 1211127891
3683.86 3786.72 1211127966
3751.22 3705.18 1211128020
3780.47 3707.41 1211128075
3893.04 3657.15 1211128145
3993.21 2823.96 1211128261
4204.17 3159.01 1211128313
5219.98 4384.31 1211128364
10456.8 7023.18 1211128581
11932.6 7009.77 1211128620
11691.5 5790.78 1211128676
12656.8 4706.02 1211128751
14097.2 4353.03 1211128791
15363 3576.73 1211128842
16705.9 3009.35 1211128880
17676.5 1847.91 1211128920
18983 1100.88 1211128961
20577.6 -1296.08 1211129051
21160.9 -2320.75 1211129112
21154.7 -2620.98 1211129179
20833.8 -3471.39 1211129221
20815.2 -4121.97 1211129287
19820.7 -4922.01 1211129341
19660.2 -5227.73 1211129376
19664.7 -5229.96 1211129395
19665.5 -5228.84 1211129455
19660.2 -5227.73 1211129487
19660.2 -5226.61 1211129489
20195.6 -5269.01 1211129550
20812.5 -4338.45 1211129609
21391.4 -3445.72 1211129669
21844.3 -3051.77 1211129729
20967.7 -1825.17 1211129778
20107.9 -592.807 1211129822
19254.3 653.142 1211129867
18113.5 1585.5 1211129915
17124.3 2751.37 1211129963
15742.4 3329.9 1211130007
14511.2 4159.79 1211130053
13164.7 4775.28 1211130094
11732.3 5023.28 1211130139
12332.4 6400.81 1211130189
11111.8 7213.14 1211130246
10096.9 6977.36 1211130306
8647.66 6682.38 1211130359
7233.87 6205.28 1211130411
6043.44 5318.21 1211130458
5079.04 4181.01 1211130506
4150.1 3085.3 1211130566
3805.29 2771.47 1211130631
3656.38 2648.62 1211130687
3535.83 2526.89 1211130748
3455.17 2447.6 1211130808
3384.25 2377.24 1211130869
3299.16 2280.08 1211130929
3245.98 2225.36 1211130989
3184.82 2161.71 1211131049
3112.13 2103.64 1211131110
3065.15 2099.17 1211131170
2684 1786.5 1211131231
2701.73 641.977 1211131296
2890.53 -929.94 1211131357
2533.32 -1992.6 1211131384
2857.74 -3484.78 1211131433
3282.32 -4935.4 1211131479
3706.9 -6404.73 1211131523
3972.82 -7881.61 1211131570
4158.08 -9371.6 1211131615
3356.78 -10646.1 1211131660
2528 -11873.6 1211131703
2642.34 -13371.8 1211131754
2931.31 -14844.1 1211131802
3355.89 -16266 1211131854
4182.01 -16128.9 1211131915
