4119.07 -8566.42 1211856600
3851.38 -7090.78 1211856648
3586.35 -5611.53 1211856696
3099.72 -4193.38 1211856747
2579.41 -2805.13 1211856793
2638.8 184.214 1211856914
2171.67 1046.17 1211856964
1112.43 1296.29 1211857030
1161.18 1376.68 1211857085
1338.46 1633.51 1211857148
1262.23 1987.5 1211857211
1139.9 2721.21 1211857270
1028.22 3387.97 1211857327
910.327 4159.79 1211857386
895.258 4255.85 1211857418
894.372 4254.74 1211857422
880.19 4347.45 1211857480
776.482 4568.62 1211857560
-54.0701 4435.69 1211857601
-348.353 4488.2 1211857726
50.5245 4556.34 1211857786
514.109 4634.53 1211857841
808.392 4681.45 1211857889
1100.02 4828.9 1211857944
1053.04 5121.59 1211858005
1461.66 5210.96 1211858078
1745.31 5257.88 1211858122
1882.7 5389.7 1211858179
1628.31 5341.67 1211858225
1763.04 5151.75 1211858284
1880.93 5051.21 1211858350
2119.37 4892.58 1211858405
2005.91 4735.07 1211858449
2013.89 4708.26 1211858503
2231.05 4498.25 1211858563
2343.63 4424.52 1211858624
2442.02 4316.17 1211858684
2691.98 4083.83 1211858744
2867.49 3925.22 1211858808
2957.9 3573.38 1211858864
2909.15 3532.06 1211858903
2714.14 3291.92 1211858961
2395.92 3268.47 1211859022
1829.52 3185.82 1211859083
2267.4 3306.44 1211859143
2611.32 3343.3 1211859203
2476.59 3270.7 1211859251
1877.38 3174.65 1211859311
1292.36 3075.25 1211859363
1125.72 3076.37 1211859423
971.488 3027.22 1211859496
409.514 2930.06 1211859544
204.757 2981.43 1211859604
172.847 3198.1 1211859651
172.847 3198.1 1211859655
499.926 3275.17 1211859714
941.351 3338.83 1211859774
1098.24 3346.65 1211859834
1309.2 3387.97 1211859895
1341.11 3394.68 1211859936
1356.18 3398.03 1211859938
1615.01 3520.89 1211859998
1566.26 3733.1 1211860058
1252.48 3881.66 1211860119
1201.06 4196.65 1211860179
1058.35 4297.18 1211860248
765.845 4249.15 1211860309
446.743 4198.88 1211860359
16.8415 4140.8 1211860427
-27.4782 4413.35 1211860479
-165.756 4422.29 1211860539
-627.567 4413.35 1211860599
-398.877 4483.73 1211860676
-150.687 4523.94 1211860725
-42.5469 4474.79 1211860781
10.6367 4154.2 1211860853
73.5707 3828.05 1211860912
123.209 3431.53 1211860962
137.391 3343.3 1211860988
174.62 3141.14 1211861053
-169.301 3051.79 1211861125
-884.622 2934.53 1211861171
-1022.9 2519.07 1211861231
-1057.47 2362.72 1211861289
-955.533 1729.55 1211861360
-897.031 1344.3 1211861409
-844.734 1031.65 1211861473
-934.26 794.943 1211861531
-935.146 794.943 1211861533
-1143.45 1062.92 1211861623
-1164.72 1289.59 1211861689
-904.122 1406.83 1211861743
-1061.01 1525.2 1211861783
-1218.79 1531.9 1211861842
-1218.79 1515.15 1211861915
-1014.04 1745.18 1211861981
-710.002 1785.38 1211862036
-259.714 1856.85 1211862096
218.053 1945.07 1211862158
209.189 1998.67 1211862192
209.189 1998.67 1211862194
501.699 2010.95 1211862256
540.701 1792.08 1211862311
635.545 1574.33 1211862371
998.08 1633.51 1211862431
1045.06 1449.27 1211862491
1418.23 1099.77 1211862551
2690.21 701.153 1211862611
2889.65 -702.21 1211862682
2473.04 -2136.58 1211862727
2878.12 -3548.39 1211862777
3077.56 -4152.1 1211862798
3375.39 -5097.19 1211862830
3744.13 -6607.77 1211862876
4015.37 -8102.45 1211862920
4080.96 -9585.71 1211862962
3194.57 -10778.8 1211863004
2544.84 -12122.2 1211863050
2735.41 -13651.6 1211863111
2995.13 -15063.6 1211863167
3589.9 -16296.1 1211863237
4184.67 -16126.7 1211863286
4392.08 -16050.9 1211863372
4397.4 -16019.7 1211863432
4396.52 -16020.9 1211863493
4397.4 -16020.9 1211863553
4396.52 -16022 1211863613
4395.63 -16022 1211863673
4395.63 -16022 1211863733
4396.52 -16020.9 1211863794
4396.52 -16023.1 1211863858
4396.52 -16020.9 1211863915
4396.52 -16019.7 1211863974
