3661.7 -995.802 1212874674
3573.06 -1006.97 1212874734
3573.06 -1005.85 1212874794
3573.94 -1006.97 1212874855
3573.94 -1006.97 1212874915
3573.06 -1008.08 1212874981
3573.94 -1008.08 1212875036
3578.37 -1010.31 1212875097
3579.26 -1010.31 1212875161
3577.49 -1006.97 1212875217
3573.06 -1006.97 1212875277
3573.94 -1010.31 1212875311
3572.17 -1005.85 1212875399
3573.06 -1009.2 1212875454
3573.06 -1009.2 1212875515
3572.17 -1005.85 1212875575
3573.06 -1010.31 1212875648
3573.06 -1008.08 1212875697
3572.17 -1005.85 1212875757
3572.17 -1008.08 1212875817
3572.17 -1005.85 1212875880
3573.06 -1009.2 1212875939
3575.72 -1012.55 1212876005
3575.72 -1011.43 1212876059
3578.37 -1063.9 1212876124
3973.71 -1126.41 1212876181
3902.79 -584.993 1212876239
3838.09 398.578 1212876290
3840.75 434.306 1212876352
3526.96 789.36 1212876404
3035.01 1285.12 1212876465
2657.41 1682.65 1212876530
2224.85 2095.82 1212876595
2064.41 2284.55 1212876646
1902.2 2588.31 1212876716
1840.15 3054.03 1212876767
1807.36 3218.21 1212876831
2016.55 3299.74 1212876887
2524.45 3372.34 1212876953
2801.89 3466.16 1212877007
2855.08 3628.11 1212877069
3120.99 3669.44 1212877141
3476.44 3807.94 1212877193
3477.33 3809.06 1212877248
3474.67 3807.94 1212877309
3463.14 3803.47 1212877370
3503.03 3829.16 1212877432
3501.26 3826.93 1212877493
3487.08 3828.05 1212877553
3454.28 3813.52 1212877613
3496.83 3829.16 1212877674
3471.12 3823.58 1212877743
3466.69 3825.81 1212877792
3432.12 4076.01 1212877841
3290.3 4307.24 1212877903
3167.09 4316.17 1212877959
2871.03 4846.78 1212878021
2854.19 4989.77 1212878079
2669.82 5190.85 1212878140
2317.04 5137.23 1212878201
1737.33 5046.74 1212878261
1373.02 4998.7 1212878321
1107.11 4954.02 1212878386
727.73 4889.23 1212878443
277.441 5028.87 1212878501
38.115 5117.12 1212878562
-366.967 5133.88 1212878622
-569.065 5103.71 1212878682
-530.064 5048.97 1212878748
-530.064 5052.33 1212878786
-530.064 5052.33 1212878820
-530.064 5052.33 1212878828
-152.46 4795.39 1212878882
95.7306 4767.46 1212878943
324.42 4804.33 1212878996
398.877 4527.29 1212879061
416.605 4421.17 1212879116
493.722 4200 1212879176
734.821 4234.63 1212879236
734.821 4234.63 1212879249
749.003 4215.64 1212879310
757.867 4151.97 1212879337
814.596 3799 1212879408
918.305 3217.09 1212879457
1225 3157.9 1212879517
1760.38 3260.65 1212879577
2242.58 3239.43 1212879638
2381.74 3106.52 1212879702
2426.06 3069.66 1212879759
2431.38 3064.08 1212879780
2323.24 3009.35 1212879840
2246.12 3012.7 1212879862
2114.94 2952.39 1212879927
2101.64 2947.93 1212879939
1923.48 2971.38 1212879989
1912.84 2943.46 1212880049
1912.84 2936.76 1212880119
1916.38 2945.69 1212880171
1896.88 2941.23 1212880229
1428.87 2873.1 1212880289
1312.75 2847.41 1212880350
1042.4 2818.38 1212880416
430.788 2753.6 1212880470
254.395 2729.03 1212880532
254.395 2775.94 1212880592
254.395 2773.7 1212880609
483.085 2831.78 1212880664
1081.4 2932.29 1212880729
1078.74 3027.22 1212880789
1184.22 3146.73 1212880849
1403.16 3178 1212880904
1696.56 3231.61 1212880964
1692.13 3242.78 1212881024
1693.01 3249.48 1212881085
1688.58 3249.48 1212881143
1689.47 3249.48 1212881205
1696.56 3255.06 1212881265
2026.3 3296.39 1212881335
2080.37 3291.92 1212881346
2339.19 3347.77 1212881389
2566.11 3379.04 1212881450
2566.11 3379.04 1212881466
2847.1 3442.7 1212881509
2984.49 3582.32 1212881574
3079.33 3685.08 1212881629
3060.72 3914.05 1212881689
3276.11 3821.34 1212881745
3273.45 3826.93 1212881752
3403.75 3819.11 1212881807
3411.73 3666.09 1212881867
3093.52 3256.18 1212881933
3009.31 3236.08 1212881950
2700.84 2976.97 1212882010
2487.22 2713.39 1212882056
2465.95 2685.47 1212882117
2153.94 2568.21 1212882177
1888.91 2739.08 1212882238
1812.68 3224.91 1212882303
1783.43 3490.73 1212882369
1752.4 3686.19 1212882428
1612.35 3860.44 1212882479
1406.71 3819.11 1212882545
1282.61 3764.38 1212882584
1282.61 3765.5 1212882587
1308.32 3528.71 1212882653
1323.39 3411.43 1212882714
1350.87 3245.01 1212882768
1402.28 2968.03 1212882828
1413.8 2857.46 1212882888
1438.62 2686.59 1212882935
1179.79 2624.05 1212882997
1025.56 2517.96 1212883065
1094.7 2076.84 1212883116
1124.83 1884.76 1212883177
1202.84 1455.96 1212883238
1169.15 1195.79 1212883299
1188.65 909.948 1212883359
1215.25 549.306 1212883419
1216.13 504.646 1212883484
1222.34 506.879 1212883541
1202.84 506.879 1212883601
1201.95 506.879 1212883662
1209.04 512.461 1212883722
1216.13 461.102 1212883782
1249.82 109.412 1212883843
1085.83 -14.5137 1212883902
975.92 -22.3287 1212883956
975.92 -22.3287 1212884010
975.92 -22.3287 1212884070
977.693 -26.7945 1212884130
985.671 -22.3287 1212884191
860.689 84.8497 1212884251
814.596 147.371 1212884312
814.596 147.371 1212884337
680.751 133.974 1212884373
319.102 104.946 1212884433
268.578 -68.1024 1212884496
67.366 60.2879 1212884555
68.2524 71.4524 1212884615
64.7068 70.3359 1212884675
58.502 63.6372 1212884737
61.1612 64.7537 1212884763
253.509 97.1307 1212884824
233.122 419.792 1212884886
203.871 812.807 1212884945
91.2986 1005.97 1212884987
94.8442 908.831 1212885046
94.8442 911.064 1212885250
96.617 924.463 1212885313
93.9578 917.764 1212885321
56.7292 942.328 1212885382
54.0701 938.978 1212885442
54.9565 937.862 1212885495
54.0701 937.862 1212885552
57.6156 995.923 1212885613
85.0939 1272.84 1212885659
464.471 1352.12 1212885746
715.32 1481.65 1212885815
868.667 1507.33 1212885835
1146.99 1545.3 1212885894
1331.36 1581.03 1212885954
1576.01 1792.08 1212886015
1672.63 1972.98 1212886077
2430.49 2645.27 1212886273
2555.48 2777.05 1212886331
2668.05 2868.63 1212886344
2898.51 3105.4 1212886404
3002.22 3238.31 1212886466
3282.32 3506.37 1212886531
3303.59 3487.38 1212886544
3412.62 3740.92 1212886594
3473.78 3889.48 1212886655
3430.35 4300.53 1212886725
3089.08 4787.57 1212886776
3002.22 4911.57 1212886835
2771.76 5128.29 1212886901
2557.25 5265.7 1212886966
2480.13 5299.21 1212887016
2400.36 5342.78 1212887081
2316.15 5380.77 1212887141
2291.33 5381.88 1212887198
2286.9 5383 1212887200
2246.12 5388.59 1212887260
2231.05 5369.6 1212887321
2270.06 5368.48 1212887382
2377.31 5343.9 1212887442
2569.66 5231.07 1212887504
2596.25 5217.66 1212887563
2872.8 4993.12 1212887624
2883.44 4984.18 1212887656
2941.94 4927.21 1212887721
3077.56 4226.81 1212887776
3185.7 3682.84 1212887836
2970.31 3544.34 1212887897
2970.31 3544.34 1212887913
2706.16 3500.78 1212887957
2248.78 3436 1212888018
2249.67 3432.65 1212888040
2249.67 3432.65 1212888043
2249.67 3432.65 1212888048
1921.7 3385.74 1212888106
1651.35 3336.6 1212888166
1137.24 3252.83 1212888226
925.396 3110.99 1212888290
1034.42 2428.61 1212888346
1131.04 1825.58 1212888412
1154.97 1319.74 1212888472
1198.41 841.838 1212888532
1220.57 556.005 1212888588
1262.23 -25.678 1212888647
1411.14 -171.93 1212888707
1481.17 -376.231 1212888768
1482.05 -382.929 1212888802
1494.46 -493.451 1212888804
1326.05 -534.756 1212888867
1271.98 -52.4724 1212888926
1254.25 158.536 1212888980
1392.53 358.385 1212889040
1538.78 372.899 1212889111
1817.11 374.015 1212889160
1852.56 -104.945 1212889220
1881.82 -439.865 1212889286
1907.52 -774.771 1212889346
1953.61 -1327.34 1212889401
2872.8 -1202.32 1212889466
3473.78 -1365.29 1212889522
3501.26 -1432.27 1212889582
3872.66 -1697.93 1212889647
4200.62 -2026.08 1212889702
4165.17 -2186.81 1212889762
4275.97 -2300.66 1212889822
4275.97 -2300.66 1212889831
4275.97 -2299.54 1212889887
4491.36 -2197.97 1212889953
4129.71 -1870.94 1212890007
3490.62 -1396.55 1212890067
3415.28 -1192.27 1212890128
2767.32 -1219.06 1212890189
2101.64 -1319.52 1212890254
1776.33 -1322.87 1212890310
1418.23 -1331.8 1212890369
1338.46 -922.126 1212890429
1325.16 -735.7 1212890495
1295.91 -375.115 1212890550
1273.75 -41.3081 1212890611
1228.54 480.083 1212890710
1186.88 1058.45 1212890770
1170.93 1229.29 1212890830
1194.86 1409.07 1212890895
1339.34 1547.53 1212890954
1677.94 1965.17 1212891012
1835.72 2056.74 1212891072
2038.71 2246.58 1212891133
2228.4 2428.61 1212891193
2440.24 2646.39 1212891254
2616.64 2887.62 1212891314
2899.4 3165.71 1212891375
2945.49 3723.05 1212891424
3097.95 3927.46 1212891483
3448.96 3898.41 1212891544
3636.88 3933.04 1212891595
3651.06 3845.92 1212891602
3539.37 3883.89 1212891676
3389.57 3713 1212891969
3394 3720.82 1212892025
3394.89 3720.82 1212892089
3393.12 3706.3 1212892150
3397.55 3699.6 1212892209
3394 3734.22 1212892250
3431.23 3640.4 1212892311
3251.29 3605.77 1212892371
2849.76 3486.26 1212892432
2344.51 3409.2 1212892492
2098.1 3345.53 1212892560
1774.56 3441.59 1212892633
1745.31 3604.66 1212892674
1690.35 3954.26 1212892733
1282.61 3900.65 1212892793
1130.15 3881.66 1212892857
1127.49 3880.54 1212892891
1127.49 3880.54 1212892909
1124.83 3878.31 1212892917
1125.72 3878.31 1212892929
1125.72 3878.31 1212892952
1063.67 4211.17 1212892994
1151.43 4525.06 1212893055
1088.49 4920.51 1212893119
1062.79 5065.73 1212893170
1321.61 5196.44 1212893230
1500.67 5136.11 1212893290
1786.08 5146.16 1212893355
1919.04 5056.79 1212893410
2372.88 5132.76 1212893471
2832.92 5028.87 1212893534
3295.61 4446.86 1212893668
3398.44 4297.18 1212893712
3440.1 4049.21 1212893773
3419.71 3869.37 1212893833
3401.98 3399.14 1212893893
3308.91 3536.52 1212893954
3180.38 3458.34 1212894000
2807.21 3174.65 1212894042
2777.96 3546.58 1212894104
2685.78 4185.48 1212894168
2691.98 4227.93 1212894208
2701.73 4229.04 1212894218
2701.73 4229.04 1212894236
3378.05 3699.6 1212894391
3300.93 3652.68 1212894451
2506.72 2722.33 1212894604
2215.1 2861.93 1212894718
2184.96 2987.02 1212894773
1963.36 2976.97 1212894839
1966.91 2983.67 1212894875
1969.57 2981.43 1212894919
1724.04 2945.69 1212894939
1298.57 2866.4 1212895000
1238.29 3037.28 1212895060
1888.02 3306.44 1212895191
2464.18 3368.99 1212895246
2795.69 3424.83 1212895302
2928.65 3624.76 1212895362
3093.52 3647.1 1212895428
3269.91 3606.89 1212895492
3508.35 3766.61 1212895544
3393.12 3834.75 1212895608
3386.91 3653.8 1212895663
3319.55 3527.59 1212895724
3044.76 3408.08 1212895784
2758.46 2937.88 1212895845
2462.4 2685.47 1212895906
2426.06 2650.85 1212895951
2161.03 2364.96 1212896016
1945.64 2159.48 1212896072
1587.53 1768.63 1212896143
1484.71 1735.13 1212896196
1383.66 1616.76 1212896253
1161.18 1390.08 1212896314
1168.27 1212.54 1212896379
1194.86 866.402 1212896445
1230.32 395.229 1212896496
1241.84 164.118 1212896555
1287.04 -324.877 1212896616
1295.02 -361.718 1212896659
1461.66 -351.67 1212896718
1498.89 -380.697 1212896794
1498.89 -379.58 1212896800
1498.01 -380.697 1212896801
1497.12 -380.697 1212896802
1425.32 -528.058 1212896863
1316.3 -536.989 1212896923
1264.88 16.7466 1212896983
1240.95 329.356 1212897043
1203.72 807.225 1212897103
1182.45 1067.38 1212897167
1165.61 1247.16 1212897225
1195.75 1413.53 1212897284
1299.45 1725.08 1212897344
1215.25 2230.95 1212897413
1118.63 2830.66 1212897465
1000.74 3575.62 1212897535
846.507 4153.09 1212897587
357.217 4074.9 1212897659
156.005 4146.39 1212897727
179.052 4158.67 1212897736
554.883 4208.94 1212897789
980.352 4273.72 1212897849
1173.59 4393.25 1212897909
1084.95 4920.51 1212897970
1053.04 5045.62 1212898034
1043.29 5038.92 1212898043
904.122 4910.45 1212898108
673.66 4672.51 1212898174
732.162 4273.72 1212898223
874.871 3385.74 1212898344
913.873 3184.7 1212898411
1023.79 2488.92 1212898465
1118.63 1903.75 1212898530
1125.72 1874.71 1212898554
1127.49 1876.95 1212898561
1127.49 1878.06 1212898572
1182.45 1489.46 1212898626
1179.79 1211.43 1212898686
1048.6 1072.97 1212898746
1000.74 845.187 1212898806
1033.54 404.161 1212898866
881.962 148.488 1212898927
444.97 116.11 1212898990
65.5932 84.8497 1212899049
-221.599 61.4043 1212899109
-305.806 -246.729 1212899171
-429.901 -161.882 1212899231
-433.447 -151.834 1212899258
-520.314 -32.3766 1212899318
-152.46 63.6372 1212899378
52.2973 66.9866 1212899444
69.1388 42.4248 1212899499
56.7292 48.007 1212899561
55.8428 48.007 1212899581
51.4109 50.2399 1212899641
51.4109 53.5892 1212899701
49.6381 48.007 1212899761
48.7517 59.1714 1212899812
48.7517 60.2879 1212899839
101.935 -15.6301 1212899907
59.3884 54.7057 1212899969
66.4796 48.007 1212900033
56.7292 58.055 1212900092
43.4333 54.7057 1212900149
64.7068 68.103 1212900202
15.0687 89.3155 1212900262
-142.71 207.66 1212900322
-472.448 221.058 1212900383
-970.602 190.913 1212900445
-1076.08 203.194 1212900484
-1077.86 218.825 1212900485
-1001.63 186.447 1212900549
-851.825 196.495 1212900595
-256.168 228.873 1212900655
-3.54558 238.921 1212900718
46.0925 263.484 1212900777
430.788 361.734 1212900837
614.271 483.432 1212900898
995.421 507.995 1212900958
1218.79 471.15 1212901019
1223.22 432.073 1212901064
1227.66 386.297 1212901072
1083.17 159.652 1212901135
670.114 137.323 1212901192
254.395 97.1307 1212901253
71.7979 -35.7259 1212901315
58.502 62.5208 1212901376
297.829 512.461 1212901438
561.088 773.728 1212901495
631.113 819.507 1212901551
925.396 873.101 1212901610
1117.74 893.199 1212901670
1540.55 914.414 1212901730
1789.63 808.341 1212901791
1793.18 509.112 1212901851
2153.05 456.636 1212901912
2641.46 493.481 1212901979
2997.79 523.626 1212902034
3472.01 556.005 1212902094
3469.35 552.656 1212902124
3502.14 554.889 1212902134
3502.14 554.889 1212902148
3492.39 275.765 1212902198
3370.96 515.811 1212902263
2918.9 519.16 1212902319
2820.51 991.457 1212902379
3071.36 1372.22 1212902444
3503.03 1785.38 1212902509
3524.3 1816.65 1212902524
3237.11 1533.01 1212902582
2838.23 1485 1212902644
2508.5 1622.35 1212902703
2420.74 1537.48 1212902763
2206.24 1325.32 1212902823
2034.28 1206.96 1212902883
2016.55 1212.54 1212902930
2016.55 1211.43 1212902936
2024.52 1213.66 1212902992
2053.78 1441.45 1212903053
2426.95 1822.23 1212903104
2304.63 1977.45 1212903139
2094.55 2313.59 1212903254
2224.85 2427.5 1212903321
2434.04 2631.87 1212903374
2640.57 2856.35 1212903444
2775.3 3027.22 1212903491
3037.67 3131.09 1212903548
3151.13 3401.38 1212903593
3229.13 3212.62 1212903665
3372.73 3095.35 1212903723
2879.9 2800.51 1212903786
2520.02 2481.1 1212903851
2512.04 2458.77 1212903880
2512.04 2458.77 1212903894
2293.1 2444.25 1212903950
2473.93 2673.19 1212904005
2562.57 2855.23 1212904077
2767.32 3049.56 1212904126
3044.76 3421.48 1212904236
3326.64 3679.49 1212904296
3321.32 3829.16 1212904363
3202.54 3867.14 1212904411
3143.15 3444.94 1212904480
3141.38 3337.71 1212904538
2969.42 3939.74 1212904592
2977.4 4274.84 1212904653
2851.53 4980.83 1212904722
2582.95 5250.06 1212904775
2406.56 5340.55 1212904836
2390.61 5347.25 1212904862
2278.92 5384.12 1212904905
2278.92 5384.12 1212904907
2278.03 5386.35 1212904951
2070.62 5404.23 1212904996
2096.32 5127.17 1212905056
2009.46 4874.7 1212905119
2043.14 4453.57 1212905184
1804.7 4198.88 1212905240
1885.36 3888.36 1212905308
1938.54 3582.32 1212905368
1899.54 3462.81 1212905417
1959.82 3278.52 1212905478
2180.53 3266.23 1212905538
2229.28 3211.51 1212905586
2244.35 3217.09 1212905607
2244.35 3217.09 1212905633
2215.99 3200.34 1212905648
2286.01 3297.51 1212905708
2809.87 3446.05 1212905769
2835.58 3595.72 1212905828
2835.58 3595.72 1212905837
2835.58 3595.72 1212905861
2901.17 3592.37 1212905927
2528 3448.29 1212905987
2517.36 3482.91 1212906024
2473.93 3508.6 1212906045
2812.53 3434.88 1212906110
3015.51 3733.1 1212906151
2912.69 3664.97 1212906215
2651.21 3543.23 1212906290
2024.52 3403.61 1212906335
1257.79 3282.99 1212906390
1025.56 3240.54 1212906452
494.608 3154.55 1212906510
-308.465 3037.28 1212906570
-929.828 2930.06 1212906635
-1023.79 2553.69 1212906690
-1019.35 2098.06 1212906757
-936.919 1575.45 1212906810
-1064.56 1526.31 1212906830
-1592.85 1434.75 1212906890
-1597.28 1438.1 1212906907
-1627.42 1438.1 1212906952
-1629.19 1279.54 1212907017
-1296.8 1053.99 1212907078
-1295.02 1050.64 1212907101
-1321.61 1247.16 1212907151
-920.964 1565.4 1212907226
-990.989 1991.97 1212907273
-1036.2 2440.9 1212907331
-853.598 2834.01 1212907393
-262.373 2928.94 1212907462
818.142 3103.17 1212907544
1198.41 3169.06 1212907602
1342.89 3192.52 1212907640
1721.38 3251.71 1212907700
1800.27 3258.42 1212907749
1800.27 3259.53 1212907756
1894.22 3266.23 1212907774
1898.66 3152.31 1212907834
1555.62 3098.7 1212907900
1113.31 3042.86 1212907955
962.624 3016.06 1212908018
956.42 2925.59 1212908094
976.807 2861.93 1212908106
1067.22 2242.11 1212908160
1174.47 1549.76 1212908221
1191.31 1148.9 1212908281
990.989 885.383 1212908352
979.466 522.51 1212908426
452.948 477.85 1212908485
210.075 459.985 1212908523
210.075 459.985 1212908536
205.644 458.869 1212908538
15.0687 663.191 1212908598
-99.2762 1153.36 1212908664
-180.824 1557.58 1212908719
-782.686 1460.43 1212908779
-1331.36 1374.45 1212908850
-1342 1385.62 1212908861
-976.807 1529.66 1212908921
-1174.47 1393.43 1212908981
-1617.67 1204.73 1212909041
-1360.62 1042.82 1212909107
-901.463 1110.93 1212909161
-553.997 1170.11 1212909226
-113.458 1242.69 1212909286
42.5469 931.162 1212909342
97.5034 912.181 1212909476
103.708 913.297 1212909541
101.935 909.948 1212909596
99.2762 911.064 1212909648
77.1163 919.997 1212909703
-0.886394 828.439 1212909764
40.7741 332.705 1212909823
-33.683 80.3839 1212909884
72.6843 -16.7466 1212909944
70.0252 62.5208 1212910006
69.1388 63.6372 1212910008
55.8428 243.387 1212910069
187.916 410.86 1212910137
611.612 835.138 1212910195
969.716 1189.09 1212910254
1322.5 1659.2 1212910311
1240.07 2098.06 1212910382
1557.4 2580.5 1212910495
1873.84 2622.93 1212910556
2100.75 2864.16 1212910673
2364.01 2911.07 1212910742
2518.25 2937.88 1212910805
2541.29 2936.76 1212910817
2746.05 3113.22 1212910956
2963.22 3596.84 1212911031
3433.89 3706.3 1212911090
3437.44 3715.23 1212911138
3317.77 3584.55 1212911204
2654.75 3458.34 1212911253
1935.89 3386.86 1212911316
1668.19 3219.32 1212911379
1473.19 2754.72 1212911553
1480.28 2768.12 1212911554
1563.6 2810.56 1212911572
1756.83 2580.5 1212911632
1826.86 2099.17 1212911692
2293.99 1642.45 1212911753
2530.66 1400.13 1212911812
3014.63 1315.27 1212911873
3482.64 1769.75 1212911933
3751.22 2045.57 1212912002
3702.47 2165.06 1212912024
3701.58 2165.06 1212912027
3678.54 2137.14 1212912049
3687.4 2141.61 1212912104
3855.82 2415.21 1212912169
4183.78 2740.2 1212912224
4233.42 3229.38 1212912284
3793.77 3813.52 1212912344
3451.62 4061.49 1212912405
3450.73 3910.7 1212912465
3382.48 3516.42 1212912531
3388.69 3505.25 1212912548
2996.9 3353.35 1212912609
2169.89 3324.31 1212912675
1655.78 3258.42 1212912738
1678.83 3013.82 1212912794
1750.63 2587.2 1212912844
1756.83 2558.16 1212912853
1798.49 2303.54 1212912913
1688.58 1929.43 1212912973
1254.25 1498.4 1212913033
1040.63 1272.84 1212913104
760.526 991.457 1212913154
631.113 864.169 1212913218
264.146 493.481 1212913276
249.077 156.303 1212913334
70.9116 -51.356 1212913398
60.2748 159.652 1212913455
49.6381 243.387 1212913516
395.332 605.132 1212913577
444.97 179.749 1212913637
266.805 -63.6367 1212913698
65.5932 58.055 1212913759
66.4796 58.055 1212913819
67.366 65.8701 1212913879
66.4796 69.2195 1212913940
64.7068 70.3359 1212914000
65.5932 70.3359 1212914026
38.115 399.695 1212914086
11.5231 739.115 1212914147
1.77279 991.457 1212914206
336.83 1200.26 1212914266
454.72 1550.88 1212914327
984.784 1636.86 1212914403
1021.13 1723.96 1212914449
1017.58 1749.65 1212914478
1006.06 1827.81 1212914484
1137.24 1798.78 1212914560
1394.3 1806.6 1212914604
1591.08 1916.03 1212914668
2140.64 1306.34 1212914725
2430.49 1261.67 1212914784
2677.8 1252.74 1212914821
3238 1440.33 1212914881
3818.59 66.9866 1212914941
3805.29 -791.516 1212914989
