3606.74 -969.011 1212840699
3581.92 -998.035 1212840758
3577.49 -1100.73 1212840781
3265.48 -1171.06 1212840841
2913.58 -639.694 1212840901
2721.23 834.022 1212840962
3127.2 2051.15 1212841021
3516.33 2357.14 1212841081
3256.61 2646.39 1212841141
3129.86 2792.69 1212841201
3127.2 2801.62 1212841262
3134.29 2800.51 1212841322
3130.75 2800.51 1212841382
3118.34 2812.79 1212841444
3117.45 2812.79 1212841504
3126.31 2801.62 1212841565
3123.65 2809.44 1212841625
3150.25 2778.17 1212841653
3150.25 2778.17 1212841712
3113.9 2825.08 1212841777
3132.52 2801.62 1212841838
3115.68 2823.96 1212841893
3108.59 2832.89 1212841953
3100.61 2844.06 1212842013
3125.43 2808.32 1212842073
3120.99 2815.02 1212842133
3146.7 2784.87 1212842198
3144.93 2788.22 1212842223
3119.22 2816.14 1212842283
3143.15 2782.64 1212842343
3137.84 2792.69 1212842404
3152.91 2771.47 1212842465
3154.68 2769.24 1212842525
3156.45 2768.12 1212842586
3157.34 2768.12 1212842646
3158.22 2767 1212842707
3157.34 2768.12 1212842767
3121.88 2820.61 1212842949
3105.04 2865.28 1212843009
3123.65 2837.36 1212843070
3160.88 2784.87 1212843130
3138.72 2823.96 1212843191
3113.9 2860.81 1212843252
3107.7 2866.4 1212843313
3113.02 2856.35 1212843373
3107.7 2865.28 1212843445
3127.2 2832.89 1212843494
3160.88 2779.29 1212843555
3128.09 2827.31 1212843617
3115.68 2851.88 1212843676
3111.24 2855.23 1212843735
3144.04 2802.74 1212843795
3141.38 2807.21 1212843824
3113.9 2857.46 1212843889
3136.06 2821.73 1212843944
3144.93 2807.21 1212844004
3144.93 2810.56 1212844044
3141.38 2828.43 1212844104
3144.93 2821.73 1212844164
3141.38 2822.84 1212844224
3142.27 2847.41 1212844284
3151.13 2834.01 1212844344
3129.86 2842.95 1212844404
3153.79 2807.21 1212844464
3136.06 2831.78 1212844524
3123.65 2851.88 1212844561
3144.04 2820.61 1212844612
3127.2 2846.3 1212844666
3151.13 2825.08 1212844726
3150.25 2815.02 1212844748
3128.09 2847.41 1212844809
3133.4 2836.24 1212844869
3142.27 2822.84 1212844930
3146.7 2816.14 1212844989
3128.09 2845.18 1212845049
3127.2 2849.65 1212845110
3146.7 2816.14 1212845170
3144.93 2817.26 1212845212
3142.27 2819.49 1212845276
3144.04 2818.38 1212845333
3141.38 2822.84 1212845393
3147.59 2815.02 1212845454
3144.93 2817.26 1212845515
3143.15 2819.49 1212845581
3118.34 2855.23 1212845636
3148.47 2812.79 1212845665
2957.9 2603.95 1212845726
3019.06 2485.57 1212845787
3080.22 2402.93 1212845847
2568.77 1562.05 1212845907
2593.59 53.5892 1212845964
2759.35 -1474.68 1212846018
2663.62 -3007.13 1212846072
3165.31 -4450.03 1212846130
3623.58 -5900.48 1212846180
3892.16 -7412.03 1212846216
4157.19 -8873.11 1212846267
3623.58 -10307.2 1212846320
2647.66 -11425.5 1212846364
2598.02 -12903.7 1212846425
2877.24 -14452.9 1212846472
3230.02 -15925 1212846537
4519.73 -16120 1212846637
4347.76 -15858.2 1212846701
4345.11 -15857.1 1212846752
4322.06 -15867.1 1212846758
3763.63 -16206.9 1212846813
3086.43 -15155 1212846873
2567.88 -12190.3 1212846982
3174.18 -10820.1 1212847034
4087.16 -9595.75 1212847068
4029.55 -8093.53 1212847131
3759.2 -6583.22 1212847164
3417.94 -5140.7 1212847220
3206.09 -2226.99 1212847311
3938.25 -919.893 1212847361
3748.56 593.967 1212847411
3589.01 1689.35 1212847467
3792.88 2111.46 1212847527
3304.48 2599.48 1212847594
3323.09 2983.67 1212847648
3076.68 2827.31 1212847708
3065.15 2894.32 1212847770
3058.95 2893.2 1212847835
3067.81 2876.45 1212847893
3050.08 2899.9 1212847960
3050.97 2897.67 1212848009
3047.42 2864.16 1212848069
3007.54 2863.05 1212848135
3025.26 2871.98 1212848200
3030.58 2869.75 1212848251
3042.11 2877.57 1212848315
3042.99 2882.03 1212848370
3042.99 2880.92 1212848413
3042.99 2882.03 1212848470
3048.31 2886.5 1212848547
3042.11 2887.62 1212848590
3041.22 2884.27 1212848650
3041.22 2880.92 1212848711
3050.97 2882.03 1212848771
3054.52 2885.38 1212848804
2980.94 2913.31 1212848858
3080.22 3417.01 1212848924
3197.22 3498.55 1212848941
3379.82 3883.89 1212848997
3379.82 3868.26 1212849000
3440.98 3761.03 1212849070
2829.37 3691.78 1212849180
2645 3527.59 1212849240
2504.06 3523.12 1212849278
2385.29 3578.97 1212849337
2207.12 3565.56 1212849401
1908.41 3511.95 1212849452
1595.51 3459.46 1212849514
1225 3406.96 1212849574
612.499 3296.39 1212849635
169.301 3224.91 1212849710
134.732 3379.04 1212849741
133.846 3386.86 1212849767
84.2075 3710.77 1212849806
25.7054 4068.2 1212849875
-21.2735 4358.62 1212849943
-43.4333 4519.47 1212849986
-117.89 4948.43 1212850048
-477.767 5117.12 1212850107
-881.962 5047.86 1212850162
-812.824 4586.5 1212850222
-543.36 4464.74 1212850283
-216.28 4510.54 1212850344
-43.4333 4460.27 1212850403
4.43197 4176.54 1212850475
296.942 4166.49 1212850523
513.222 4202.24 1212850553
835.87 4254.74 1212850612
1009.6 4281.54 1212850671
1170.93 4305 1212850733
1241.84 3990.01 1212850794
2198.26 4129.63 1212850859
2560.79 4204.47 1212850912
3092.63 4017.93 1212850973
3150.25 3829.16 1212851038
3151.13 3833.63 1212851054
3151.13 3833.63 1212851064
3238 3484.03 1212851115
3522.53 3169.06 1212851190
3192.79 2857.46 1212851241
3060.72 2830.66 1212851296
2760.23 3064.08 1212851364
2364.9 3031.69 1212851417
2115.82 2995.95 1212851478
1594.62 2911.07 1212851538
1374.8 3115.46 1212851599
1303 3468.39 1212851670
1288.82 3662.74 1212851720
1220.57 4080.48 1212851780
971.488 4278.19 1212851900
759.64 4246.92 1212851960
471.562 4200 1212852021
157.778 4137.45 1212852080
158.665 4137.45 1212852121
447.629 4084.95 1212852177
784.459 3977.72 1212852230
887.281 3355.58 1212852290
1016.69 2496.74 1212852352
1144.34 1682.65 1212852412
1079.63 1431.4 1212852486
1159.4 1186.86 1212852537
2547.5 942.328 1212852604
2780.62 -281.338 1212852662
2644.11 -1814.01 1212852718
2806.32 -3343.05 1212852767
3232.68 -4768.04 1212852811
3677.65 -6221.78 1212852859
3944.46 -7714.3 1212852929
4186.44 -9197.64 1212852954
2611.32 -13180.1 1212853100
2900.28 -14648 1212853158
4524.16 -15937.3 1212853316
4252.03 -15932.8 1212853456
2665.39 -13350.7 1212853626
2549.27 -11843.5 1212853679
3858.47 -7119.78 1212853855
3594.33 -5642.77 1212853910
3117.45 -4217.93 1212853952
2746.94 -2761.6 1212854003
3670.56 -1616.44 1212854054
3852.27 -113.876 1212854114
3348.8 1311.92 1212854165
3869.11 2027.7 1212854246
3780.47 2110.34 1212854248
3412.62 2475.52 1212854309
3176.84 2718.98 1212854371
3004.88 2892.09 1212854435
2749.6 3297.51 1212854501
2606 3277.4 1212854545
2605.11 3278.52 1212854547
2441.13 3207.04 1212854608
2502.29 3380.16 1212854668
2490.77 3528.71 1212854728
2503.18 3511.95 1212854788
2501.41 3514.19 1212854848
2506.72 3508.6 1212854919
2489.88 3558.86 1212854968
2355.15 3582.32 1212855028
2089.23 3529.82 1212855089
1650.47 3451.64 1212855154
1615.9 3422.6 1212855210
1649.58 3258.42 1212855270
1693.01 2940.11 1212855338
1634.51 2504.55 1212855391
1572.46 2580.5 1212855458
1572.46 2580.5 1212855465
1412.91 2845.18 1212855528
1391.64 2979.2 1212855588
1355.3 3221.56 1212855646
1314.52 3484.03 1212855711
1265.77 3834.75 1212855766
1202.84 4197.77 1212855826
1139.02 4666.93 1212855896
543.36 4550.75 1212856071
607.18 4431.23 1212856090
702.911 4546.28 1212856147
817.256 4554.1 1212856215
879.303 4483.73 1212856273
714.434 4460.27 1212856341
704.684 4528.41 1212856351
702.911 4531.76 1212856374
715.32 4539.58 1212856437
712.661 4533.99 1212856491
711.775 4538.46 1212856556
711.775 4540.7 1212856611
713.548 4538.46 1212856665
994.535 4529.53 1212856726
1012.26 4281.54 1212856786
763.186 4252.5 1212856852
180.824 4156.44 1212856982
59.3884 3935.27 1212857030
110.799 3609.12 1212857094
427.242 3256.18 1212857270
861.575 3324.31 1212857329
1022.01 3348.88 1212857365
1137.24 3417.01 1212857425
1247.16 3431.53 1212857455
1303 3422.6 1212857480
1509.53 3424.83 1212857539
2132.67 3526.47 1212857599
2219.53 3537.64 1212857659
2237.26 3549.93 1212857720
2226.62 3555.51 1212857780
2215.99 3551.04 1212857840
2208.01 3578.97 1212857901
2224.85 3535.41 1212857961
2212.44 3542.11 1212858022
2213.33 3545.46 1212858083
2202.69 3566.68 1212858144
2197.37 3571.15 1212858204
2205.35 3567.8 1212858265
2199.14 3556.63 1212858298
2481.9 3570.03 1212858361
2897.62 3585.67 1212858420
2949.03 3593.49 1212858481
3015.51 3797.89 1212858508
2953.47 3277.4 1212858576
3038.56 3182.47 1212858636
3245.98 2931.17 1212858697
3081.99 2718.98 1212858751
3053.63 2713.39 1212858799
3053.63 2713.39 1212858801
3008.42 2629.63 1212858861
2890.53 2529.12 1212858933
2618.41 2521.31 1212858986
2481.9 2686.59 1212859041
2626.39 2815.02 1212859105
2813.42 3018.29 1212859178
2883.44 3223.79 1212859227
3217.61 2916.66 1212859289
3123.65 2804.97 1212859343
3067.81 2903.25 1212859403
3065.15 2907.72 1212859464
3063.38 2908.84 1212859530
3071.36 2897.67 1212859588
3057.17 2915.54 1212859643
3050.08 2927.82 1212859708
3059.83 2914.42 1212859778
3059.83 2914.42 1212859854
3040.33 2932.29 1212859899
3039.45 2935.64 1212859973
3047.42 2930.06 1212860027
3042.11 2934.53 1212860077
3041.22 2934.53 1212860142
3044.76 2931.17 1212860197
3035.01 2940.11 1212860257
3039.45 2932.29 1212860332
3043.88 2927.82 1212860350
3043.88 2928.94 1212860423
3043.88 2928.94 1212860487
3047.42 2921.12 1212860544
3043.88 2924.47 1212860615
3048.31 2918.89 1212860669
3037.67 2930.06 1212860730
3042.99 2925.59 1212860784
3046.54 2924.47 1212860857
3055.4 2917.77 1212860918
3047.42 2917.77 1212861024
3041.22 2890.97 1212861084
3052.74 2890.97 1212861145
3052.74 2902.14 1212861206
3060.72 2906.6 1212861271
3105.93 2992.6 1212861340
3087.31 2754.72 1212861387
2963.22 2612.88 1212861451
3040.33 2464.35 1212861507
2621.95 1680.41 1212861567
2631.71 187.564 1212861625
2805.44 -1305.01 1212861679
2562.57 -2790.62 1212861736
3090.86 -4203.43 1212861787
3574.83 -5639.42 1212861837
3837.2 -7120.9 1212861891
4100.46 -8589.84 1212861940
3825.68 -10040.7 1212861999
3863.79 -16269.3 1212862281
4105.78 -16178 1212862336
4063.23 -16108.9 1212862377
