3650.17 -941.103 1213012997
3582.81 -999.151 1213013058
3191.02 -1178.87 1213013118
2699.07 -1229.11 1213013180
2075.94 -1318.41 1213013239
1950.07 -1351.9 1213013262
1940.32 -1094.04 1213013321
2117.6 -876.357 1213013382
2113.16 -868.543 1213013412
1752.4 -878.59 1213013475
1548.53 -874.124 1213013507
1548.53 -873.008 1213013513
1529.03 -878.59 1213013573
1154.97 -906.498 1213013634
1037.08 -917.661 1213013669
945.783 -1204.55 1213013750
964.397 -1227.99 1213013801
962.624 -1229.11 1213013843
943.124 -941.103 1213013903
909.441 -588.342 1213013973
888.167 -223.285 1213014023
827.006 669.89 1213014084
989.216 882.034 1213014144
1375.68 906.598 1213014204
1764.81 938.978 1213014264
2013 1399.02 1213014326
2367.56 1750.76 1213014384
2946.38 2328.1 1213014444
3247.75 2622.93 1213014504
3491.51 2600.6 1213014566
3401.98 2517.96 1213014606
3401.98 2517.96 1213014607
3205.2 2691.06 1213014667
2948.15 2943.46 1213014727
2858.62 3024.99 1213014788
2606.89 3080.83 1213014848
2177.87 3103.17 1213014908
2457.97 3055.14 1213014968
1839.27 2937.88 1213015028
1434.19 2895.44 1213015088
1151.43 2845.18 1213015149
1080.51 3102.05 1213015209
947.556 3912.93 1213015293
717.093 4030.22 1213015354
690.501 4029.1 1213015364
671.887 3733.1 1213015424
885.508 3352.23 1213015484
1044.17 2415.21 1213015544
1330.48 2329.22 1213015604
1848.13 2412.98 1213015664
2196.49 2476.63 1213015725
2508.5 2200.8 1213015785
2715.91 2090.24 1213015847
2715.03 2091.36 1213015857
3043.88 2435.31 1213015917
3027.92 2876.45 1213015977
2836.46 3249.48 1213016042
2368.45 3581.2 1213016146
2184.08 3557.75 1213016206
2260.31 3535.41 1213016266
2256.76 3543.23 1213016326
2262.97 3540.99 1213016387
2261.19 3545.46 1213016447
2252.33 3556.63 1213016507
2254.99 3556.63 1213016567
2256.76 3552.16 1213016629
2253.21 3552.16 1213016689
2257.65 3559.98 1213016750
2250.56 3567.8 1213016810
2261.19 3555.51 1213016870
2233.71 3574.5 1213016930
2242.58 3573.38 1213016991
2273.6 3545.46 1213017051
2257.65 3562.21 1213017112
2252.33 3552.16 1213017172
2249.67 3559.98 1213017231
2254.99 3566.68 1213017291
2240.81 3557.75 1213017351
2247.9 3557.75 1213017411
2244.35 3547.69 1213017471
2246.12 3553.28 1213017531
2243.46 3575.62 1213017582
2215.99 3436 1213017642
2223.96 3105.4 1213017702
2501.41 2931.17 1213017762
2633.48 2847.41 1213017822
2921.56 2646.39 1213017883
3095.29 2468.82 1213017943
3560.65 2729.03 1213018004
4054.37 2237.65 1213018064
3906.34 2029.94 1213018125
3991.43 1901.52 1213018186
4077.41 1796.55 1213018242
4077.41 1795.43 1213018244
3906.34 1967.4 1213018304
3827.45 2046.69 1213018346
3375.39 2515.72 1213018406
2941.06 2957.98 1213018466
2736.3 3085.3 1213018529
2128.23 2984.78 1213018587
1841.04 3023.87 1213018647
1823.31 3121.04 1213018708
1786.08 3344.42 1213018770
1370.37 3408.08 1213018829
1264.88 3781.13 1213018888
1268.43 3737.57 1213018948
1419.12 3784.48 1213019004
1417.34 3786.72 1213019066
1419.12 3782.25 1213019131
1417.34 3785.6 1213019186
1418.23 3790.07 1213019236
1281.73 3806.82 1213019296
1375.68 3098.7 1213019356
1493.57 2988.13 1213019419
2434.04 3125.51 1213019476
2957.01 3190.29 1213019536
3104.15 3084.18 1213019598
3237.11 2946.81 1213019677
3243.32 2944.58 1213019719
3105.93 2787.1 1213019739
3463.14 3184.7 1213019869
3144.93 2797.16 1213019924
2961.44 2627.4 1213019985
2778.85 2491.15 1213020055
2769.98 2475.52 1213020101
2770.87 2474.4 1213020167
2779.73 2469.93 1213020221
2790.37 2464.35 1213020281
2766.44 2490.04 1213020344
2791.26 2465.47 1213020413
2777.96 2475.52 1213020461
2809.87 2503.44 1213020494
2728.32 2425.26 1213020549
2090.12 1771.98 1213020609
1778.11 1881.41 1213020669
1450.14 1940.6 1213020729
1100.9 2141.61 1213020790
580.588 1996.43 1213020849
-3.54558 1918.27 1213020914
-681.637 1801.01 1213020971
-1992.61 1577.68 1213021091
-2660.96 1472.71 1213021165
-3172.41 1455.96 1213021211
-3977.25 1411.3 1213021278
-4348.65 1385.62 1213021332
-5071.95 1358.82 1213021393
-5187.18 1945.07 1213021452
-5198.7 2168.41 1213021524
-5215.54 2472.17 1213021570
-5214.66 2472.17 1213021571
-5217.32 2472.17 1213021631
-5203.14 2189.63 1213021691
-4792.73 2190.74 1213021751
-4390.31 2218.66 1213021811
-4374.36 2218.66 1213021814
-4082.73 2230.95 1213021875
-3377.16 2276.73 1213021935
-2698.18 2315.82 1213021995
-2171.67 2344.86 1213022030
-1893.34 2360.49 1213022098
-1583.1 2396.23 1213022118
-757.867 2514.61 1213022178
-47.8653 2644.15 1213022238
868.667 2796.04 1213022302
1066.33 2760.3 1213022358
1115.08 2861.93 1213022415
1046.83 3337.71 1213022475
975.92 3848.15 1213022535
1101.79 3822.46 1213022569
1102.67 3821.34 1213022627
1110.65 3795.65 1213022629
1025.56 3766.61 1213022691
1021.13 3759.91 1213022751
1021.13 3758.79 1213022758
967.943 3819.11 1213022818
1088.49 3857.09 1213022878
1116.86 3777.78 1213022939
1185.11 3364.52 1213022998
1200.18 3284.1 1213023058
1281.73 2768.12 1213023119
1404.05 2764.77 1213023179
1661.1 2796.04 1213023240
2132.67 2894.32 1213023300
2448.22 2936.76 1213023362
2588.27 2955.75 1213023426
2687.55 2821.73 1213023484
2855.96 2639.69 1213023545
3022.61 2488.92 1213023605
3253.07 2607.3 1213023666
3564.19 2943.46 1213023710
3583.69 2949.04 1213023770
3692.72 3060.73 1213023810
3689.17 3067.43 1213023812
3697.15 3057.38 1213023850
3849.61 3304.21 1213023907
3635.1 3484.03 1213023967
3469.35 3418.13 1213024027
3565.08 3431.53 1213024091
