85.0939 88.1991 1212757163
54.9565 247.853 1212757209
20.3871 643.094 1212757269
-134.732 1339.84 1212757329
-163.983 1531.9 1212757390
-303.147 1535.25 1212757451
-496.381 1503.98 1212757488
-910.327 1528.55 1212757546
-917.418 1555.35 1212757567
-916.532 1558.7 1212757631
-948.442 1731.78 1212757678
-1030.88 2456.53 1212757739
-1016.69 2597.25 1212757799
-959.079 2906.6 1212757849
-968.829 2953.51 1212757855
-1018.47 3243.9 1212757915
-1049.49 3523.12 1212757975
-907.668 3537.64 1212758035
-906.782 3539.87 1212758100
-717.093 3578.97 1212758155
-506.131 3612.47 1212758216
-507.904 3698.48 1212758276
-507.904 3696.24 1212758337
-542.473 3891.71 1212758397
-578.816 4143.03 1212758458
-609.839 4322.87 1212758529
-383.809 4487.08 1212758585
-8.86394 4548.52 1212758639
379.377 4601.02 1212758700
153.346 4790.92 1212758752
-134.732 5063.5 1212758812
-153.346 5090.31 1212758852
-153.346 5083.6 1212758918
-152.46 5083.6 1212758923
15.9551 4757.41 1212758983
634.658 4866.88 1212759043
1423.55 4993.12 1212759113
1639.83 5027.75 1212759164
2146.85 4823.32 1212759224
2458.86 4735.07 1212759284
2458.86 4728.36 1212759308
2458.86 4727.25 1212759309
2419.86 4833.37 1212759337
2113.16 4789.8 1212759397
1680.6 4990.88 1212759457
1581.33 5085.84 1212759517
1770.13 5156.22 1212759577
1855.22 5169.62 1212759639
