2288.67 2896.55 1212177634
2272.72 2711.16 1212177665
2205.35 2959.1 1212177727
2434.93 3127.74 1212177786
2701.73 3180.23 1212177850
2860.39 3436 1212177905
3076.68 3583.43 1212177966
3108.59 3680.61 1212178026
2959.67 3585.67 1212178086
2930.42 3603.54 1212178107
2808.98 3500.78 1212178167
2821.39 3813.52 1212178232
3004.88 3962.08 1212178289
2936.62 4440.16 1212178348
2955.24 4615.54 1212178393
2962.33 4609.95 1212178454
2962.33 4606.6 1212178514
2998.67 4614.42 1212178565
3109.47 4073.78 1212178617
3222.93 3900.65 1212178677
3382.48 3666.09 1212178739
3351.46 3519.77 1212178797
3346.14 3513.07 1212178857
3345.25 3517.54 1212178917
3346.14 3547.69 1212178977
3375.39 3610.24 1212179039
3346.14 3583.43 1212179099
2996.01 3554.39 1212179159
2544.84 3504.13 1212179220
2450.88 3583.43 1212179280
2218.65 3558.86 1212179351
2208.89 3568.91 1212179402
2214.21 3556.63 1212179462
2053.78 3528.71 1212179522
1612.35 3448.29 1212179582
1310.09 3566.68 1212179642
1307.43 3591.25 1212179673
1303 3592.37 1212179718
1599.06 3651.57 1212179777
2029.84 3726.4 1212179837
2253.21 3764.38 1212179897
2301.97 3771.08 1212179957
2402.13 3788.95 1212180016
2453.54 3786.72 1212180076
2585.61 3803.47 1212180137
2626.39 3814.64 1212180166
2638.8 3817.99 1212180168
2732.75 3910.7 1212180233
2600.68 4202.24 1212180289
2488.11 4301.65 1212180350
2332.1 4439.05 1212180410
2295.76 4488.2 1212180471
2327.67 4494.9 1212180533
2041.37 4672.51 1212180602
1570.69 5109.3 1212180653
1634.51 5132.76 1212180713
1926.14 5284.69 1212180773
1920.82 5385.24 1212180807
1779.88 5374.06 1212180866
1479.39 5329.38 1212180927
1349.09 5300.33 1212180987
1336.68 5235.54 1212181047
1515.73 5222.13 1212181107
1654.01 5138.34 1212181168
1714.29 5162.92 1212181228
1713.4 5164.04 1212181289
1720.49 5148.4 1212181349
1727.58 5157.34 1212181410
1549.42 5136.11 1212181453
1515.73 5026.63 1212181514
1548.53 4816.61 1212181546
1745.31 4727.25 1212181604
1936.77 4762.99 1212181656
2078.59 4322.87 1212181703
1986.41 4031.33 1212181763
1888.91 3739.81 1212181824
1903.98 3494.08 1212181884
1809.13 3368.99 1212181945
1220.57 3290.8 1212182006
811.937 3209.27 1212182067
464.471 3153.43 1212182127
-205.644 3046.21 1212182188
-401.537 3017.17 1212182248
-1049.49 2735.73 1212182309
-1018.47 2516.84 1212182369
-978.579 1884.76 1212182431
-936.033 1593.31 1212182491
-896.145 1376.68 1212182552
-864.235 1155.6 1212182612
-868.667 1142.2 1212182632
-868.667 1142.2 1212182634
-862.462 1134.38 1212182693
-1024.67 1302.99 1212182753
-388.241 1409.07 1212182813
83.3211 1490.58 1212182853
265.918 1519.61 1212182914
716.207 1589.96 1212182975
850.939 1611.18 1212183026
903.236 1621.23 1212183049
1061.01 1386.73 1212183094
1453.69 1097.53 1212183161
2662.73 845.187 1212183221
2625.5 -120.574 1212183281
2800.12 -1262.59 1212183344
3379.82 -1169.94 1212183398
3543.8 -1158.78 1212183458
3745.02 -961.197 1212183518
3628.01 -909.847 1212183579
3605.85 -919.893 1212183639
3605.85 -921.01 1212183699
3604.08 -921.01 1212183759
3584.58 -937.754 1212183820
3582.81 -941.103 1212183895
3582.81 -942.22 1212183945
3583.69 -953.383 1212184000
3588.12 -951.15 1212184062
3586.35 -955.615 1212184128
3581.03 -969.011 1212184182
3580.15 -969.011 1212184242
3579.26 -973.476 1212184302
3675.88 -948.918 1212184362
