4320.29 -16166.8 1213033298
4538.34 -16047.6 1213033348
3970.16 -16141.2 1213033549
3152.91 -15380.1 1213033610
2868.37 -13920.2 1213033658
2582.95 -12423.2 1213033705
2974.74 -10979.5 1213033754
3954.21 -9870.07 1213033806
4072.98 -8323.28 1213033853
3809.72 -6855.41 1213033899
3539.37 -5382.81 1213033949
3020.83 -3936.73 1213033992
2471.27 -2509.37 1213034042
2873.69 -1068.36 1213034092
2706.16 338.288 1213034152
2130.89 1049.52 1213034212
1306.55 1122.1 1213034272
1175.36 1189.09 1213034332
1061.9 1418 1213034393
1034.42 1614.53 1213034458
743.685 1699.4 1213034518
162.21 1607.83 1213034573
-447.629 1508.45 1213034634
-860.689 1443.68 1213034661
-1662.88 1246.04 1213034723
-2083.03 760.33 1213034781
-2251.44 608.481 1213034841
-2246.12 405.277 1213034899
-2234.6 409.743 1213034960
-2233.71 410.86 1213034981
-2145.96 296.978 1213035043
-1889.79 391.879 1213035101
-1506.87 564.937 1213035161
-1563.6 876.451 1213035221
-1341.11 1045.05 1213035282
-1262.23 1056.22 1213035342
-1263.11 1064.03 1213035379
-929.828 1112.05 1213035439
-898.804 1407.95 1213035495
-999.853 2045.57 1213035555
-1046.83 2406.28 1213035616
-986.557 2804.97 1213035675
-970.602 2971.38 1213035735
-986.557 3006 1213035785
-1020.24 3259.53 1213035857
-1084.95 3659.39 1213035906
-1409.37 4088.3 1213035966
