-1533.46 691.104 1211132245
-1598.17 1135.5 1211132300
-34.5694 1470.48 1211132455
2.65918 1473.83 1211132456
464.471 1548.65 1211132521
574.384 1567.63 1211132581
685.183 1575.45 1211132636
733.935 1508.45 1211132696
791.55 1174.58 1211132756
934.26 1199.14 1211132817
944.896 1187.98 1211132878
944.896 1187.98 1211132892
978.579 1095.3 1211132938
974.147 1088.6 1211132999
1154.97 1072.97 1211133068
1557.4 1076.32 1211133120
1772.79 1150.01 1211133186
2131.78 1311.92 1211133241
2387.95 1223.71 1211133300
2511.16 1345.42 1211133360
2727.44 1556.46 1211133420
2930.42 1758.58 1211133482
3136.06 1968.52 1211133540
3426.8 2264.45 1211133567
3333.73 2572.68 1211133611
3624.47 3012.7 1211133704
3712.22 3092 1211133765
3540.26 3294.16 1211133830
3392.23 3274.05 1211133885
2951.69 3526.47 1211133945
2332.99 3580.08 1211134030
2332.99 3580.08 1211134049
2327.67 3683.96 1211134100
2317.92 3830.28 1211134234
2192.94 3602.42 1211134240
2172.55 3753.21 1211134411
2172.55 3753.21 1211134435
