3931.16 1961.82 1212015282
3904.57 1980.8 1212015302
3722.86 2175.11 1212015372
3681.2 2203.03 1212015399
3681.2 2203.03 1212015423
3275.23 2635.22 1212015485
3275.23 2635.22 1212015503
3017.29 2918.89 1212015545
2930.42 3119.92 1212015625
2975.63 3207.04 1212015685
3425.91 3676.14 1212015822
3425.91 3676.14 1212015856
3245.09 3586.79 1212016109
3004.88 3301.97 1212016211
2612.2 3262.88 1212016261
2612.2 3262.88 1212016281
2612.2 3262.88 1212016312
2404.79 3232.73 1212016319
2404.79 3232.73 1212016375
2404.79 3232.73 1212016393
2404.79 3232.73 1212016413
2439.36 3148.96 1212016435
2598.02 3166.83 1212016482
2814.3 3173.53 1212016497
2799.23 3198.1 1212016519
2833.8 3300.86 1212016577
2794.8 3501.9 1212016588
2794.8 3501.9 1212016645
