708.229 -1848.61 1211117459
776.482 -1494.77 1211117510
737.48 -1010.31 1211117571
381.15 -969.011 1211117636
123.209 -727.885 1211117691
81.5483 -200.956 1211117752
58.502 71.4524 1211117823
532.723 745.815 1211117937
639.09 188.68 1211118000
358.103 107.179 1211118057
52.2973 198.728 1211118116
46.9789 234.455 1211118148
474.221 687.755 1211118200
899.69 1118.75 1211118263
1337.57 1553.11 1211118326
1578.67 1795.43 1211118373
1841.04 2050.04 1211118432
2047.57 2252.17 1211118500
2429.61 2636.34 1211118554
2641.46 2845.18 1211118615
2954.35 3131.09 1211118685
3078.45 3545.46 1211118735
3092.63 4089.42 1211118835
3163.54 4207.82 1211118895
3152.91 4206.7 1211118906
3001.33 4175.43 1211118967
2507.61 4275.96 1211119041
1967.8 4742.89 1211119101
1540.55 5112.65 1211119154
963.511 5025.51 1211119223
942.237 4823.32 1211119270
956.42 4737.3 1211119327
964.397 4720.55 1211119347
1009.6 4436.81 1211119388
1107.11 3822.46 1211119446
1180.68 3383.51 1211119506
1283.5 2660.9 1211119571
1317.18 2464.35 1211119627
1505.1 2350.44 1211119687
2071.5 2448.72 1211119752
2370.22 2341.51 1211119817
2649.43 2058.97 1211119867
2814.3 1897.05 1211119927
2847.1 1864.66 1211119948
2590.93 1701.63 1211120012
2303.74 1426.93 1211120066
1756.83 1904.87 1211120127
1607.03 2576.03 1211120180
1849.02 2930.06 1211120250
1676.17 2920.01 1211120285
1522.83 3211.51 1211120350
2215.1 3327.66 1211120406
2946.38 3430.42 1211120466
3199.88 3458.34 1211120531
3351.46 3315.38 1211120573
3354.12 3314.26 1211120588
3398.44 3319.84 1211120639
3472.01 3411.43 1211120699
3632.44 3582.32 1211120760
3363.87 4040.27 1211120935
2751.37 4061.49 1211121000
2503.18 4286.01 1211121055
2387.06 4375.37 1211121115
2368.45 4405.53 1211121148
2635.25 4501.6 1211121204
2814.3 4264.79 1211121269
3182.16 4111.76 1211121382
3268.14 4109.52 1211121409
3303.59 4120.69 1211121411
2690.21 4240.21 1211121532
2384.4 4367.55 1211121601
2385.29 4369.79 1211121603
2518.25 4252.5 1211121670
2825.83 3978.84 1211121786
3172.41 3867.14 1211121844
3469.35 3781.13 1211121909
3485.3 3766.61 1211121940
3485.3 3765.5 1211121977
3440.98 4040.27 1211122011
2823.17 3986.66 1211122135
2379.08 4384.31 1211122251
1997.93 4720.55 1211122302
1998.82 4720.55 1211122399
2337.42 4415.59 1211122461
2449.99 4318.41 1211122522
2658.3 4136.33 1211122596
2750.48 4023.52 1211122652
3002.22 3877.19 1211122703
3413.5 3931.92 1211122764
3509.24 3713 1211122904
3448.07 3803.47 1211122921
3444.53 3797.89 1211122924
3472.89 3780.02 1211123000
3356.78 4038.04 1211123051
3111.24 4029.1 1211123122
2884.33 3909.58 1211123137
2604.23 4179.9 1211123203
2428.72 4321.76 1211123262
2196.49 4546.28 1211123308
2196.49 4541.81 1211123333
2196.49 4484.84 1211123393
2153.05 4146.39 1211123468
828.779 3940.86 1211123573
835.87 3687.31 1211123633
759.64 3309.79 1211123693
340.375 3261.77 1211123754
33.683 3193.64 1211123821
33.683 3194.75 1211123835
163.097 3212.62 1211123865
296.056 3280.75 1211123941
473.335 3042.86 1211123986
990.103 3129.97 1211124047
1961.59 3200.34 1211124176
1986.41 3033.92 1211124228
2174.33 2675.42 1211124287
2410.11 2721.21 1211124391
2393.26 2722.33 1211124406
2349.83 2787.1 1211124459
2160.14 2925.59 1211124525
1865.86 2947.93 1211124574
