2144.19 4866.88 1211522146
2159.26 4595.43 1211522211
2161.03 4556.34 1211522302
2086.57 4455.8 1211522305
1578.67 4414.47 1211522364
1213.47 4310.59 1211522424
1058.35 4308.35 1211522495
861.575 4418.94 1211522548
344.807 4395.48 1211522605
-15.0687 4334.04 1211522677
-15.0687 4330.69 1211522691
-16.8415 4330.69 1211522701
-24.819 4322.87 1211522736
340.375 4813.26 1211522860
827.006 4874.7 1211522914
889.94 4911.57 1211522935
889.94 4911.57 1211522953
1217.91 5042.27 1211523018
1071.65 4975.24 1211523053
1193.97 4230.16 1211523173
1230.32 4011.23 1211523248
1305.66 3500.78 1211523358
1299.45 3501.9 1211523377
1300.34 3498.55 1211523379
1279.07 3696.24 1211523436
1425.32 3919.64 1211523491
1626.53 4268.14 1211523551
1561.83 4731.72 1211523612
1601.71 4918.27 1211523665
1800.27 4882.52 1211523786
1808.24 4874.7 1211523813
1850.79 4819.97 1211523825
1927.91 4342.98 1211523891
2006.8 3859.32 1211523935
1908.41 3515.3 1211523995
1919.93 3373.45 1211524055
1952.73 3144.49 1211524115
2191.17 3097.59 1211524177
2472.15 3049.56 1211524231
2473.04 3047.33 1211524233
2258.53 2982.55 1211524303
2119.37 3028.34 1211524354
2733.64 3166.83 1211524413
3001.33 3258.42 1211524474
3108.59 3106.52 1211524540
2582.07 3328.78 1211524660
3009.31 3616.94 1211524715
3431.23 3870.49 1211524775
3154.68 3833.63 1211524835
2745.16 4227.93 1211525009
2816.96 4237.98 1211525064
2869.26 3912.93 1211525125
3105.93 3170.18 1211525205
2668.93 2883.15 1211525278
2308.17 2526.89 1211525333
1964.25 2188.51 1211525389
1158.52 1386.73 1211525564
1443.94 214.359 1211525756
1494.46 11.1644 1211525810
1496.23 12.2808 1211525846
1482.94 189.797 1211525906
1078.74 160.769 1211525985
1005.17 855.236 1211526190
759.64 1373.33 1211526191
460.039 1352.12 1211526226
379.377 1328.67 1211526233
2.65918 813.924 1211526359
41.6605 315.958 1211526418
54.9565 97.1307 1211526468
66.4796 55.8221 1211526528
53.1837 246.737 1211526582
199.439 413.093 1211526642
500.813 717.901 1211526707
821.688 867.518 1211526758
1381 909.948 1211526822
1810.02 1739.6 1211526943
2384.4 2316.94 1211527005
2979.17 2911.07 1211527120
3187.47 3083.07 1211527185
3582.81 3504.13 1211527241
3833.66 3586.79 1211527302
3826.56 3570.03 1211527344
3352.34 3006 1211527446
2878.12 3040.63 1211527496
2806.32 3668.32 1211527572
2843.55 4140.8 1211527626
2579.41 4218.99 1211527687
2400.36 4376.49 1211527741
2338.31 4423.41 1211527780
2046.68 4456.92 1211527849
1480.28 4367.55 1211527901
1508.64 4684.8 1211528004
1530.8 4683.68 1211528010
2090.12 4630.06 1211528137
2206.24 4477.02 1211528186
2346.29 4405.53 1211528247
2390.61 4214.52 1211528318
2460.63 3774.43 1211528367
2551.93 3231.61 1211528427
2605.11 2931.17 1211528487
3027.92 2477.75 1211528552
3197.22 2274.5 1211528608
2671.59 1069.62 1211528668
2862.17 -424.236 1211528728
1972.23 -1316.17 1211528843
1739.99 -1284.92 1211528903
1726.7 -1294.97 1211528980
1732.01 -1292.73 1211529026
1725.81 -1284.92 1211529084
1825.97 -1332.92 1211529154
2414.54 -1321.76 1211529216
2955.24 -1200.08 1211529248
3737.93 -1139.8 1211529306
3655.49 -907.614 1211529370
