3303.59 -15936.2 1211419733
3304.48 -15937.3 1211419736
3153.79 -15380.1 1211419794
3063.38 -15084.8 1211419869
2964.1 -14707 1211419915
2833.8 -13870.1 1211419975
2580.29 -12397.6 1211420036
3979.02 -9825.46 1211420126
4067.66 -8298.75 1211420170
3796.43 -6790.71 1211420223
3508.35 -5305.83 1211420275
3015.51 -3853.04 1211420336
3132.52 -2406.69 1211420400
3903.68 -1106.32 1211420444
3346.14 1323.09 1211420547
3744.13 1838.98 1211420603
3694.49 2195.21 1211420658
3566.85 2322.52 1211420703
3095.29 2788.22 1211420756
2868.37 3032.81 1211420816
2868.37 3032.81 1211420837
2792.14 3405.84 1211420892
2778.85 3551.04 1211420947
2889.65 3592.37 1211421011
2907.37 3669.44 1211421076
2902.94 3669.44 1211421102
2910.92 3647.1 1211421164
2908.26 3650.45 1211421175
2915.35 3659.39 1211421248
2939.28 3562.21 1211421307
2896.74 3183.58 1211421364
2888.76 3159.01 1211421402
2912.69 3146.73 1211421433
3029.7 3279.64 1211421451
3621.81 3740.92 1211421623
3631.56 3735.34 1211421658
3649.29 3753.21 1211421712
3725.52 3695.13 1211421723
3527.85 3738.69 1211421797
3347.91 3608.01 1211421853
3261.05 3640.4 1211421967
3051.86 3385.74 1211422080
2590.93 3290.8 1211422144
1106.22 3043.98 1211422265
1065.45 3188.05 1211422330
981.239 3687.31 1211422388
764.958 4140.8 1211422442
336.83 4072.66 1211422518
200.325 3873.84 1211422610
211.848 3831.4 1211422626
113.458 3527.59 1211422673
215.394 3003.77 1211422863
319.988 3027.22 1211422864
1011.38 3544.34 1211422994
1031.76 3972.13 1211423044
1222.34 3994.47 1211423109
2244.35 4231.28 1211423228
2346.29 4520.59 1211423311
2343.63 4540.7 1211423313
1874.72 4826.67 1211423382
1658.44 5123.82 1211423433
2126.46 5209.84 1211423493
2231.05 5393.06 1211423558
2309.06 5362.89 1211423613
2484.56 5284.69 1211423687
2676.91 5165.16 1211423750
2996.9 4779.75 1211423810
3000.45 4711.61 1211423820
3083.77 4195.53 1211423878
3160.88 3587.9 1211423965
3198.11 3595.72 1211424010
3208.75 3594.6 1211424016
3206.98 3548.81 1211424076
3071.36 3446.05 1211424141
2995.13 3316.49 1211424174
2650.32 2879.8 1211424240
2309.06 2535.82 1211424296
2077.71 2310.24 1211424356
1722.26 1948.42 1211424420
1243.61 1483.88 1211424536
902.35 1126.56 1211424601
674.546 898.782 1211424660
325.307 557.122 1211424776
213.621 464.451 1211424852
398.877 614.064 1211424885
399.764 614.064 1211424891
400.65 615.181 1211424892
577.043 806.108 1211424962
753.435 969.126 1211425024
1023.79 1237.11 1211425084
1314.52 1623.46 1211425135
1246.27 1785.38 1211425197
1239.18 1794.31 1211425227
1183.34 1783.15 1211425233
1160.29 1672.6 1211425315
1342 1546.41 1211425448
1571.58 1783.15 1211425506
1689.47 1945.07 1211425556
2043.14 2243.23 1211425616
2230.17 2440.9 1211425676
2432.27 2638.57 1211425763
2572.32 2529.12 1211425794
2450.88 2290.14 1211425860
2055.55 1894.81 1211425932
2187.62 1947.3 1211425990
2082.14 2268.92 1211426027
1753.29 2289.02 1211426088
1568.92 2927.82 1211426148
1481.17 3377.92 1211426212
1202.84 3336.6 1211426268
1031.76 3399.14 1211426337
969.716 3786.72 1211426388
981.239 4243.56 1211426449
1222.34 4326.22 1211426512
1314.52 4357.5 1211426513
1806.47 4442.4 1211426589
2237.26 4465.85 1211426636
2237.26 4470.32 1211426659
2318.81 4445.75 1211426729
2511.16 4265.91 1211426779
2731.87 4074.9 1211426850
3374.5 3929.69 1211426965
3481.76 3792.3 1211427019
3480.87 4125.16 1211427082
3742.36 3725.29 1211427143
3743.24 3724.17 1211427158
3819.47 3744.27 1211427205
3709.56 3922.99 1211427265
3448.96 3953.15 1211427330
3445.42 3766.61 1211427373
3509.24 3585.67 1211427443
3663.47 3587.9 1211427503
3167.09 2912.19 1211427553
3043.88 2472.17 1211427635
3479.98 2014.3 1211427679
3660.81 1830.05 1211427744
3669.67 664.308 1211427816
3255.73 -2163.37 1211427899
1482.05 -3100.88 1211428052
1532.58 -2329.68 1211428176
1532.58 -2329.68 1211428246
2159.26 -2048.41 1211428461
2329.44 -1988.14 1211428520
2227.51 -1449.01 1211428586
2197.37 -917.661 1211428641
2362.24 -798.214 1211428700
2311.72 -240.031 1211428756
2270.06 178.632 1211428816
2254.1 470.034 1211428885
2434.04 677.706 1211428993
2392.38 619.647 1211429053
2519.13 209.893 1211429116
2558.13 -264.592 1211429173
2629.93 -1062.78 1211429233
2892.31 -1490.31 1211429294
3313.34 -1844.15 1211429367
3875.32 -2348.65 1211429421
3764.52 -2780.58 1211429488
3922.3 -3089.72 1211429535
3937.36 -3042.85 1211429716
4074.76 -3105.34 1211429786
3574.83 -2822.99 1211429960
3574.83 -2821.87 1211430001
3159.11 -2879.9 1211430092
2692.87 -1927.86 1211430277
2817.85 -1307.24 1211430330
2607.77 -811.61 1211430385
2540.41 40.1919 1211430513
2847.99 503.529 1211430574
2933.97 -605.087 1211430729
2926.87 -503.498 1211430804
2831.14 -635.229 1211430835
2596.25 -647.509 1211430910
2554.59 -146.252 1211430970
2286.01 -107.177 1211431016
1879.16 -129.506 1211431077
1482.94 -168.58 1211431147
1466.1 -43.541 1211431178
1460.78 -41.3081 1211431234
1460.78 -41.3081 1211431243
1463.44 -39.0752 1211431280
1450.14 190.913 1211431317
1414.69 597.316 1211431380
1493.57 1385.62 1211431492
1414.69 1757.46 1211431564
1375.68 2215.31 1211431613
1323.39 2557.04 1211431685
1273.75 2906.6 1211431734
1214.36 3166.83 1211431794
1068.11 3251.71 1211431855
754.322 3256.18 1211431909
748.117 3306.44 1211431949
747.231 3307.56 1211431950
1012.26 3346.65 1211432010
1188.65 3366.75 1211432075
1332.25 3410.31 1211432099
1275.52 3715.23 1211432159
1238.29 3976.6 1211432224
1209.93 4155.32 1211432281
1142.56 4571.97 1211432353
1128.38 4941.73 1211432401
1569.8 5014.34 1211432471
2227.51 5116 1211432525
2292.22 5121.59 1211432566
1828.63 5059.03 1211432606
1642.49 5014.34 1211432652
1882.7 4613.31 1211432718
1622.1 4378.73 1211432778
1412.91 3812.41 1211432903
1423.55 3706.3 1211432953
1425.32 3708.53 1211433016
1565.37 3640.4 1211433073
1893.34 3572.27 1211433136
1949.18 3269.58 1211433194
1856.11 2945.69 1211433306
1856.11 2945.69 1211433312
1973.11 3046.21 1211433384
1894.22 2721.21 1211433428
1733.79 2701.11 1211433478
2034.28 2659.79 1211433534
2172.55 2762.53 1211433600
2040.48 2768.12 1211433654
1752.4 2500.09 1211433714
1350.87 2443.13 1211433777
1112.43 2405.16 1211433834
212.735 1941.72 1211433964
226.031 1862.43 1211434015
228.69 1859.08 1211434077
228.69 1859.08 1211434079
356.331 1845.68 1211434139
349.239 2052.27 1211434204
306.692 2341.51 1211434246
280.987 2520.19 1211434311
1046.83 3131.09 1211434492
1230.32 3159.01 1211434551
2045.8 3285.22 1211434614
2104.3 3312.03 1211434640
2114.94 3305.32 1211434684
2114.94 3304.21 1211434687
2114.94 3303.09 1211434701
2117.6 3204.8 1211434760
1557.4 3133.33 1211434820
961.738 2983.67 1211434880
651.5 2978.08 1211434956
-124.982 2845.18 1211435006
-595.657 2769.24 1211435061
-653.273 2754.72 1211435097
-654.159 2756.95 1211435119
-554.883 2887.62 1211435134
281.873 3016.06 1211435209
911.213 3102.05 1211435284
990.103 3621.41 1211435336
967.056 3727.52 1211435360
1100.9 3883.89 1211435480
1155.86 3471.74 1211435543
1291.48 2655.32 1211435608
1572.46 2684.36 1211435661
1560.05 2699.99 1211435706
1560.94 2701.11 1211435769
1557.4 2702.23 1211435829
1561.83 2692.18 1211435890
1553.85 2702.23 1211435952
1560.05 2699.99 1211436005
1564.49 2694.41 1211436070
1565.37 2697.76 1211436130
1557.4 2691.06 1211436185
1560.05 2682.12 1211436245
1562.71 2686.59 1211436305
1564.49 2688.82 1211436365
1566.26 2679.89 1211436431
1567.15 2689.94 1211436486
1569.8 2676.54 1211436546
1568.03 2685.47 1211436616
1568.03 2682.12 1211436654
1568.92 2674.31 1211436709
1568.03 2678.77 1211436774
1569.8 2672.07 1211436843
1571.58 2673.19 1211436897
1570.69 2682.12 1211436956
1569.8 2687.71 1211437015
1568.92 2679.89 1211437077
1568.03 2688.82 1211437132
1565.37 2676.54 1211437192
1568.92 2683.24 1211437312
1567.15 2692.18 1211437381
1568.03 2693.29 1211437432
1567.15 2691.06 1211437492
1567.15 2691.06 1211437552
1565.37 2692.18 1211437588
1566.26 2693.29 1211437659
1568.03 2691.06 1211437709
1571.58 2694.41 1211437770
1571.58 2693.29 1211437831
1575.12 2689.94 1211437891
1576.01 2677.66 1211437952
1568.92 2670.96 1211438011
1572.46 2685.47 1211438072
1576.9 2681.01 1211438135
1579.55 2674.31 1211438192
1612.35 2658.67 1211438252
1586.65 2681.01 1211438312
1585.76 2681.01 1211438372
1581.33 2684.36 1211438446
1579.55 2685.47 1211438504
1593.74 2678.77 1211438561
1627.42 2655.32 1211438618
1603.49 2668.72 1211438679
1598.17 2677.66 1211438739
1631.85 2644.15 1211438816
1591.08 2675.42 1211438854
1582.21 2687.71 1211438918
1588.42 2696.64 1211438979
1591.96 2705.58 1211439025
1582.21 2692.18 1211439091
1577.78 2693.29 1211439147
1584.87 2681.01 1211439210
1605.26 2646.39 1211439272
1574.24 2687.71 1211439327
1573.35 2685.47 1211439452
1575.12 2691.06 1211439509
1563.6 2701.11 1211439567
1581.33 2684.36 1211439718
1581.33 2681.01 1211439749
1583.99 2692.18 1211439872
1576.01 2682.12 1211439934
1583.99 2682.12 1211439998
1585.76 2684.36 1211440071
1619.44 2639.69 1211440110
1586.65 2681.01 1211440186
1615.9 2644.15 1211440235
1605.26 2659.79 1211440291
1586.65 2672.07 1211440355
1577.78 2683.24 1211440421
1580.44 2686.59 1211440444
1577.78 2686.59 1211440495
1583.1 2667.61 1211440555
1500.67 2669.84 1211440625
1408.48 2858.58 1211440683
1399.62 2861.93 1211440696
1141.68 2845.18 1211440756
507.904 2759.18 1211440820
234.008 2583.85 1211440876
194.12 2675.42 1211440936
218.053 2684.36 1211440998
227.803 2682.12 1211441056
230.463 2688.82 1211441117
251.736 2702.23 1211441177
198.552 3016.06 1211441242
25.7054 3192.52 1211441303
-414.833 3121.04 1211441363
-393.559 2918.89 1211441423
-344.807 2609.53 1211441487
-294.283 2311.35 1211441550
-241.099 1958.47 1211441578
-578.816 1814.41 1211441644
-980.352 1937.25 1211441699
-985.671 1946.18 1211441741
-868.667 1974.1 1211441743
-427.242 2048.92 1211441803
-232.235 1909.33 1211441863
-161.324 1498.4 1211441923
-117.89 1535.25 1211441983
-124.095 1536.36 1211442048
-124.095 1538.6 1211442103
-119.663 1536.36 1211442169
-161.324 1560.93 1211442238
114.345 1644.68 1211442291
140.05 1524.08 1211442351
140.05 1486.11 1211442395
111.686 1282.89 1211442461
109.027 1284 1211442522
265.918 1301.87 1211442584
495.494 1132.15 1211442634
590.339 835.138 1211442693
250.85 485.665 1211442753
42.5469 252.319 1211442796
42.5469 252.319 1211442797
44.3197 252.319 1211442803
219.826 96.0143 1211442863
351.012 573.869 1211442924
582.361 802.758 1211442986
827.006 1045.05 1211443044
1320.73 1637.98 1211443105
1295.91 1774.21 1211443169
1209.93 2290.14 1211443224
1151.43 2678.77 1211443265
1151.43 2678.77 1211443266
1412.91 2770.35 1211443326
1802.93 2841.83 1211443386
2293.1 2921.12 1211443459
2334.76 2905.49 1211443486
2332.99 3020.52 1211443546
1871.18 2944.58 1211443606
1550.3 2893.2 1211443658
1543.21 2897.67 1211443700
1544.1 2895.44 1211443701
1393.41 2975.85 1211443761
1385.43 3069.66 1211443803
1131.93 3031.69 1211443863
1045.95 2349.32 1211443925
1052.15 1748.53 1211443995
1028.22 1574.33 1211444045
1099.13 1280.65 1211444105
2532.43 951.261 1211444166
2865.71 -483.403 1211444237
2535.09 -1963.58 1211444282
1630.08 -3135.47 1211444343
162.21 -3160.03 1211444400
-1137.24 -4550.45 1211444474
