3641.31 -951.15 1212792863
3643.08 -953.383 1212792923
3642.19 -954.499 1212792983
3643.97 -954.499 1212793031
3643.08 -953.383 1212793090
3651.06 -967.895 1212793131
3575.72 -1022.59 1212793170
3574.83 -1138.69 1212793226
3259.27 -1175.53 1212793290
3044.76 -924.359 1212793351
3011.08 -430.934 1212793411
2997.79 -189.792 1212793430
2915.35 760.33 1212793551
2890.53 1079.67 1212793611
3042.11 1280.65 1212793676
2588.27 1730.66 1212793731
2395.04 1919.38 1212793829
2172.55 1834.51 1212793889
2257.65 1669.25 1212793949
2257.65 1669.25 1212793962
2560.79 1368.87 1212794019
2745.16 1305.22 1212794074
3042.99 1597.78 1212794137
3907.23 -941.103 1212794247
3196.34 -2247.08 1212794305
455.607 -3099.76 1212794417
-889.94 -3745.91 1212794475
-1417.34 -5160.78 1212794531
-2806.32 -5645 1212794586
-3149.36 -7091.89 1212794643
-3176.84 -8341.13 1212794688
-2832.92 -9774.17 1212794748
-2500.52 -11218.1 1212794804
-1474.07 -12356.4 1212794852
-1593.74 -12865.8 1212794912
-1681.49 -12278.3 1212794973
-1609.69 -12282.8 1212795033
-1675.29 -12272.7 1212795093
-1680.6 -12292.8 1212795153
-1676.17 -12282.8 1212795215
-1675.29 -12286.1 1212795274
-1670.85 -12277.2 1212795336
-1669.97 -12276.1 1212795395
-1746.2 -12234.8 1212795462
-2222.19 -11884.8 1212795517
-1929.68 -12108.9 1212795587
-1568.92 -12626.1 1212795638
-1543.21 -12999.5 1212795699
-954.647 -13039.7 1212795758
-132.073 -14282.4 1212795812
1128.38 -14400.6 1212795872
2566.11 -14090.7 1212795923
