4341.56 -16169 1212444412
4499.34 -16011.9 1212444463
4289.26 -15913.9 1212444608
3719.31 -16222.5 1212444668
3039.45 -14983.4 1212444729
2712.37 -13519 1212444778
2553.7 -12015.2 1212444831
2793.03 -11156.8 1212444870
4115.53 -8550.8 1212444959
3848.72 -7067.35 1212445008
3581.92 -5580.29 1212445055
3097.06 -4179.99 1212445107
2537.75 -2743.75 1212445161
2825.83 -1260.36 1212445218
2640.57 184.214 1212445278
2399.47 1153.36 1212445338
2399.47 1153.36 1212445351
2249.67 1406.83 1212445404
1842.81 1820 1212445460
1664.65 2251.05 1212445528
1593.74 2607.3 1212445580
1536.12 3047.33 1212445641
1523.71 3207.04 1212445701
1222.34 3277.4 1212445775
1202.84 3335.48 1212445894
1198.41 3358.94 1212445906
1591.96 3437.12 1212445962
1610.58 3436 1212445972
1502.44 3326.55 1212446031
1236.52 3276.29 1212446093
806.619 3207.04 1212446151
100.163 3095.35 1212446212
-366.967 3019.41 1212446252
-612.499 2979.2 1212446270
-981.239 3004.89 1212446329
-1130.15 3009.35 1212446395
-1341.11 2976.97 1212446431
-1341.11 2976.97 1212446442
-1306.55 3075.25 1212446498
-1212.59 2812.79 1212446554
-743.685 2849.65 1212446614
-444.084 2897.67 1212446640
-25.7054 2963.56 1212446670
373.172 2844.06 1212446752
388.241 2765.88 1212446812
413.946 2596.13 1212446882
480.426 2203.03 1212446932
1027.33 2280.08 1212446992
1319.84 2323.64 1212447057
1486.48 2352.67 1212447114
1809.13 2293.49 1212447174
1833.06 2089.12 1212447235
2049.34 1883.65 1212447291
2255.87 1672.6 1212447361
2393.26 1537.48 1212447411
2924.22 1488.35 1212447479
3635.99 702.27 1212447535
3823.02 -775.888 1212447591
3824.79 -1066.13 1212447631
