4361.95 -15883.8 1211168063
4027.78 -16194.7 1211168185
4040.19 -16178 1211168253
4039.3 -16175.7 1211168268
3534.94 -16202.5 1211168316
3071.36 -15011.3 1211168391
2725.66 -13527.9 1211168442
2560.79 -12037.5 1211168492
3313.34 -10704.1 1211168544
4148.33 -9445.2 1211168593
4005.62 -7939.61 1211168640
3742.36 -6476.13 1211168688
3354.12 -5048.09 1211168739
2919.78 -3578.52 1211168804
2485.45 -2127.65 1211168861
2902.06 -664.254 1211168909
2722.12 628.579 1211168969
1841.93 1059.57 1211169029
1416.46 1124.33 1211169091
1032.65 1075.2 1211169151
640.863 865.285 1211169210
249.963 489.015 1211169271
-229.576 245.62 1211169332
-819.915 197.612 1211169394
-1169.15 170.817 1211169454
-1410.25 7.81507 1211169515
-1412.91 4.46575 1211169537
-1412.91 5.58219 1211169597
-1412.03 5.58219 1211169627
-1412.03 5.58219 1211169629
-1418.23 17.863 1211169656
-1523.71 665.424 1211169772
-1449.25 1026.07 1211169839
-1350.87 1013.79 1211169864
-1299.45 834.022 1211169897
-1548.53 696.687 1211169961
-2195.6 676.59 1211170017
-2512.93 657.609 1211170077
-3228.25 621.88 1211170137
-3738.81 589.501 1211170212
-3784.02 564.937 1211170224
-3783.13 557.122 1211170243
-3703.36 392.996 1211170302
-3572.17 386.297 1211170326
-3108.59 409.743 1211170394
-2802.78 427.607 1211170440
-2539.52 441.005 1211170497
-2361.35 452.17 1211170564
-2336.54 420.908 1211170630
-2331.22 427.607 1211170675
-2340.08 429.84 1211170735
-2336.54 436.539 1211170795
-2340.08 430.956 1211170815
-2224.85 669.89 1211170877
-1739.99 1124.33 1211170937
-1270.2 1273.96 1211170994
-973.261 1846.8 1211171052
-1044.17 2296.84 1211171116
-1045.95 2775.94 1211171172
-981.239 3012.7 1211171232
-735.707 3064.08 1211171264
-302.261 3138.91 1211171329
362.535 3242.78 1211171385
538.041 3666.09 1211171447
488.403 3880.54 1211171507
490.176 3868.26 1211171568
413.946 3472.86 1211171628
478.653 3102.05 1211171694
1004.28 3133.33 1211171749
1349.98 3196.99 1211171794
1841.04 3269.58 1211171858
2452.65 3370.1 1211171930
3067.81 3473.98 1211171974
3230.02 3460.57 1211172044
3440.98 3466.16 1211172094
3832.77 3249.48 1211172170
3946.23 3193.64 1211172210
3946.23 3192.52 1211172242
3948 3180.23 1211172318
3946.23 3181.35 1211172379
3964.84 3159.01 1211172456
3746.79 2855.23 1211172500
3560.65 2724.56 1211172560
3425.91 2844.06 1211172622
3420.6 2849.65 1211172678
3471.12 2806.09 1211172910
3641.31 3012.7 1211172980
3608.51 2713.39 1211173038
3987.89 2291.25 1211173101
4065 2215.31 1211173149
3762.74 1881.41 1211173209
3463.14 878.684 1211173271
3870.88 -598.389 1211173326
3370.07 -2017.16 1211173379
2855.08 -3389.92 1211173439
3264.59 -4884.08 1211173503
3695.38 -6309.91 1211173541
3957.75 -7775.65 1211173604
4176.69 -9272.35 1211173640
3394 -10599.3 1211173691
2535.09 -11806.8 1211173753
2636.14 -13329.5 1211173799
2926.87 -14816.3 1211173856
3342.59 -16253.7 1211173912
4279.51 -16167.9 1211173971
4457.68 -15876 1211174036
4439.95 -15880.5 1211174070
4428.43 -15876 1211174072
4135.03 -16079.9 1211174132
4226.33 -16107.8 1211174192
4401.83 -16018.6 1211174266
4400.95 -16018.6 1211174325
4400.06 -16019.7 1211174452
4400.95 -16019.7 1211174502
4400.95 -16019.7 1211174554
4401.83 -16019.7 1211174619
4401.83 -16019.7 1211174674
4401.83 -16019.7 1211174738
4401.83 -16020.9 1211174784
