964.397 4678.1 1212033013
857.143 4582.03 1212033021
960.852 4676.98 1212033103
964.397 4670.28 1212033108
1133.7 4612.19 1212033155
1283.5 4326.22 1212033217
1283.5 4326.22 1212033232
1606.15 4380.96 1212033279
2018.32 4446.86 1212033337
2211.55 4413.35 1212033397
2413.65 4185.48 1212033463
2988.04 4275.96 1212033518
3100.61 4079.37 1212033572
3269.02 3723.05 1212033633
3308.02 3500.78 1212033745
3307.14 3501.9 1212033749
3284.98 3504.13 1212033810
2976.51 3300.86 1212033876
2949.92 3179.12 1212033930
3190.13 3006 1212033992
2912.69 2905.49 1212034064
2900.28 2880.92 1212034090
2899.4 2879.8 1212034092
2772.64 2924.47 1212034161
2631.71 2800.51 1212034213
2423.4 2701.11 1212034265
2213.33 2750.25 1212034310
1756.83 2726.8 1212034369
1516.62 2682.12 1212034432
1319.84 2646.39 1212034494
705.57 2640.8 1212034605
388.241 2810.56 1212034681
-354.558 2726.8 1212034737
-384.695 2899.9 1212034798
-251.736 2930.06 1212034839
-380.263 2899.9 1212034915
-380.263 2899.9 1212034920
-249.963 2927.82 1212034986
207.416 2926.71 1212035036
250.85 2691.06 1212035096
834.984 2788.22 1212035156
1210.81 2736.85 1212035217
1636.28 2804.97 1212035288
1681.49 2817.26 1212035336
1681.49 2810.56 1212035396
1679.72 2817.26 1212035472
1681.49 2808.32 1212035517
1671.74 2823.96 1212035582
1681.49 2810.56 1212035638
1676.17 2819.49 1212035705
1677.06 2813.91 1212035758
1678.83 2809.44 1212035823
1680.6 2811.67 1212035878
1677.06 2825.08 1212035938
1681.49 2819.49 1212035998
1674.4 2819.49 1212036124
1698.33 2818.38 1212036196
1851.68 2956.86 1212036235
1851.68 2956.86 1212036254
1786.97 3360.05 1212036295
1714.29 3775.55 1212036356
1747.97 3785.6 1212036377
2173.44 3844.8 1212036426
2317.04 3687.31 1212036486
2325.01 3584.55 1212036554
2621.07 3611.36 1212036611
2813.42 3616.94 1212036671
2821.39 3621.41 1212036726
2824.94 3593.49 1212036788
2826.71 3594.6 1212036846
2839.12 3590.14 1212036906
2833.8 3611.36 1212036966
2836.46 3597.95 1212037032
2819.62 3580.08 1212037098
2820.51 3606.89 1212037161
2817.85 3676.14 1212037212
2811.64 3616.94 1212037268
2816.96 3623.64 1212037328
2816.96 3659.39 1212037388
2802.78 3657.15 1212037448
2805.44 3667.2 1212037495
2788.6 3603.54 1212037560
2230.17 3486.26 1212037610
1532.58 3366.75 1212037677
950.215 3261.77 1212037731
698.479 3223.79 1212037803
-97.5034 3112.1 1212037857
-795.096 2983.67 1212037918
-1039.74 2553.69 1212037973
-1062.79 2360.49 1212038033
-1693.9 2210.85 1212038093
-1682.38 2125.97 1212038128
-1682.38 2125.97 1212038130
-1431.53 1985.27 1212038194
-1018.47 2057.85 1212038250
-535.382 2128.21 1212038310
-241.099 1967.4 1212038370
-174.62 1566.51 1212038435
-121.436 1215.89 1212038490
24.819 560.471 1212038556
43.4333 310.376 1212038611
54.0701 224.407 1212038673
83.3211 299.211 1212038733
430.788 644.21 1212038796
808.392 1018.25 1212038854
1216.13 1418 1212038915
1327.82 1537.48 1212038987
1271.09 1511.8 1212038997
1133.7 1445.92 1212039057
1176.25 1522.96 1212039118
1194.86 1461.55 1212039177
1433.3 1652.5 1212039237
1577.78 1816.65 1212039298
2030.73 2253.28 1212039368
2192.05 2469.93 1212039420
2612.2 2806.09 1212039486
2898.51 2593.9 1212039541
2774.41 2461 1212039602
2772.64 2443.13 1212039639
2772.64 2439.78 1212039642
2772.64 2439.78 1212039662
2518.25 2617.35 1212039700
2555.48 2787.1 1212039760
2551.93 2782.64 1212039769
2250.56 2481.1 1212039833
1921.7 2140.49 1212039895
1772.79 1909.33 1212039950
1327.82 1900.4 1212040017
1055.7 1740.71 1212040072
843.848 1713.91 1212040132
267.691 1620.11 1212040207
-443.197 1507.33 1212040252
-790.664 1240.46 1212040312
-724.184 1246.04 1212040347
-299.601 1212.54 1212040413
11.5231 722.367 1212040464
44.3197 300.327 1212040523
35.4558 286.93 1212040534
-457.38 109.412 1212040594
-598.316 -408.606 1212040654
-598.316 -408.606 1212040691
-598.316 -408.606 1212040695
-604.521 -735.7 1212040752
-476.88 -427.585 1212040812
-711.775 16.7466 1212040872
-99.2762 203.194 1212040937
52.2973 164.118 1212040993
63.8204 254.552 1212041054
374.945 597.316 1212041114
788.005 1003.74 1212041175
1180.68 1393.43 1212041235
1514.85 1728.43 1212041299
1821.54 2025.47 1212041361
1928.79 2139.38 1212041382
2204.46 2414.1 1212041442
2327.67 2448.72 1212041515
2510.27 2645.27 1212041573
2180.53 2761.42 1212041632
1592.85 2725.68 1212041687
1569.8 2915.54 1212041742
1556.51 2906.6 1212041765
1556.51 2906.6 1212041778
1546.76 2968.03 1212041804
1403.16 3097.59 1212041840
1400.5 2990.37 1212041901
1679.72 3021.64 1212041961
1481.17 2880.92 1212042021
1450.14 2677.66 1212042087
1342 2554.81 1212042143
1357.07 2257.75 1212042204
1407.59 1937.25 1212042264
1375.68 1610.06 1212042325
1170.93 1401.25 1212042391
879.303 1115.4 1212042447
874.871 1116.51 1212042465
745.458 1469.36 1212042527
693.16 1687.11 1212042596
347.467 1642.45 1212042652
-51.4109 1783.15 1212042707
-118.777 2190.74 1212042778
-201.212 2697.76 1212042827
-264.146 3089.77 1212042887
-347.467 3239.43 1212042952
-348.353 3239.43 1212042983
-348.353 3239.43 1212042985
-436.106 3193.64 1212043050
-399.764 2965.8 1212043086
-23.9326 2859.7 1212043146
358.103 2916.66 1212043206
945.783 2940.11 1212043268
1086.72 2999.3 1212043323
1029.99 3417.01 1212043383
919.191 4154.2 1212043443
961.738 4592.08 1212043513
1142.56 4630.06 1212043563
1138.13 4627.83 1212043585
1131.93 4621.13 1212043591
1215.25 4103.94 1212043652
1243.61 3939.74 1212043712
1319.84 3420.36 1212043777
1344.66 3307.56 1212043843
1390.75 3010.47 1212043893
1427.98 2799.39 1212043953
1345.55 2543.64 1212044014
1326.05 2434.2 1212044074
1396.07 2037.75 1212044135
1375.68 1603.36 1212044202
1231.2 1466.01 1212044264
979.466 1212.54 1212044317
560.201 793.826 1212044379
46.0925 274.648 1212044476
245.531 98.2472 1212044510
641.75 126.158 1212044560
1040.63 159.652 1212044620
1242.73 338.288 1212044680
1115.97 528.092 1212044740
1115.97 526.976 1212044750
916.532 513.578 1212044785
267.691 463.335 1212044846
8.86394 775.961 1212044905
-101.935 1165.64 1212044965
-113.458 1234.87 1212045025
-2.65918 1375.57 1212045088
14.1823 1381.15 1212045089
-3.54558 1464.9 1212045165
-123.209 1558.7 1212045216
-143.596 1541.95 1212045275
-145.369 1541.95 1212045330
-142.71 1543.06 1212045390
-145.369 1538.6 1212045455
-146.255 1540.83 1212045510
-163.983 1478.3 1212045585
-20.3871 1013.79 1212045632
12.4095 707.852 1212045665
35.4558 311.492 1212045726
70.9116 75.9182 1212045780
597.43 123.926 1212045843
598.316 125.042 1212045851
1253.36 126.158 1212045912
1299.45 -487.869 1212045977
1300.34 -533.64 1212045990
1482.94 -525.826 1212046050
1476.73 -177.512 1212046111
1451.91 164.118 1212046173
1248.04 282.464 1212046231
1043.29 523.626 1212046291
748.117 499.063 1212046352
263.259 462.218 1212046412
143.596 376.248 1212046476
53.1837 167.467 1212046533
48.7517 167.467 1212046594
48.7517 165.235 1212046655
43.4333 173.05 1212046684
-31.0238 255.668 1212046751
-624.908 213.242 1212046805
-1161.18 173.05 1212046865
-1486.48 434.306 1212046923
-2137.98 313.725 1212046988
-2741.62 234.455 1212047059
-2996.01 409.743 1212047108
-2992.47 417.559 1212047126
-2458.86 449.937 1212047201
-2093.66 326.006 1212047248
-1480.28 390.763 1212047300
-1075.2 175.283 1212047360
-994.535 181.981 1212047421
-352.785 232.222 1212047482
30.1374 263.484 1212047542
46.9789 169.7 1212047585
46.0925 169.7 1212047645
59.3884 93.7813 1212047712
495.494 117.227 1212047765
1215.25 173.05 1212047825
1835.72 242.271 1212047886
1790.52 850.77 1212047947
1872.07 1250.51 1212048008
2247.9 1633.51 1212048069
2649.43 2035.52 1212048116
2932.19 2168.41 1212048176
2933.08 2166.18 1212048196
2934.85 2165.06 1212048197
2676.91 1795.43 1212048257
2426.95 1797.66 1212048319
2340.08 1986.38 1212048377
2113.16 2328.1 1212048437
2382.63 2333.69 1212048498
2635.25 2074.61 1212048558
2922.44 1785.38 1212048589
3383.37 969.126 1212048664
3836.32 -493.451 1212048703
3745.9 -1114.13 1212048764
3665.24 -904.265 1212048817
3589.01 -958.964 1212048878
3585.47 -966.778 1212048939
3580.15 -921.01 1212048998
3568.62 -969.011 1212049058
3694.49 -947.801 1212049119
3698.04 -932.173 1212049179
