3499.49 -1106.32 1211892525
3478.21 -1066.13 1211892542
3479.98 -1062.78 1211892605
2891.42 -1179.99 1211892665
2603.34 63.6372 1211892723
2231.94 1038.35 1211892788
1131.04 1250.51 1211892844
1041.51 1573.21 1211892908
1022.9 1678.18 1211892965
830.552 1850.15 1211893029
1066.33 2070.14 1211893087
1210.81 2270.03 1211893149
1118.63 2880.92 1211893208
1238.29 2952.39 1211893271
1394.3 2982.55 1211893332
1337.57 3294.16 1211893390
1453.69 3418.13 1211893450
1633.62 3348.88 1211893511
1803.81 3243.9 1211893571
1479.39 3310.91 1211893632
1369.48 3155.66 1211893693
1100.9 3047.33 1211893753
1014.92 3354.47 1211893799
579.702 3284.1 1211893856
151.573 3309.79 1211893916
62.934 3740.92 1211893977
23.9326 4006.76 1211894024
-26.5918 4415.59 1211894082
144.482 4256.97 1211894145
449.402 4187.71 1211894214
491.949 3882.78 1211894262
499.04 3882.78 1211894290
507.018 3881.66 1211894327
500.813 3890.6 1211894386
404.196 3869.37 1211894449
220.712 3839.21 1211894484
109.913 3552.16 1211894543
182.597 3129.97 1211894605
182.597 3129.97 1211894611
122.322 3478.44 1211894669
51.4109 3972.13 1211894727
-16.8415 4430.11 1211894788
-29.251 4454.68 1211894809
-71.7979 4542.93 1211894867
-71.7979 4542.93 1211894871
-193.234 4428.99 1211894938
-119.663 3977.72 1211895000
-46.9789 3459.46 1211895058
16.8415 3099.82 1211895120
32.7966 3095.35 1211895132
33.683 3095.35 1211895134
-220.712 3042.86 1211895207
-246.418 3141.14 1211895242
178.165 3122.16 1211895294
319.102 2802.74 1211895355
772.936 2877.57 1211895417
1090.27 2937.88 1211895475
1250.7 2957.98 1211895536
1531.69 3004.89 1211895597
2128.23 3117.69 1211895657
1823.31 3171.3 1211895717
1815.34 3128.86 1211895780
1805.59 3147.84 1211895838
1782.54 3160.13 1211895899
1786.08 3155.66 1211895937
1688.58 3036.16 1211895999
1741.77 2705.58 1211896058
1848.13 2089.12 1211896120
2067.96 1713.91 1211896188
1927.91 1517.38 1211896240
2691.09 801.642 1211896301
2886.1 -550.386 1211896362
2866.6 -3507.1 1211896468
3289.41 -5025.78 1211896517
3720.2 -6477.25 1211896571
4017.14 -8101.34 1211896622
2714.14 -13594.8 1211896812
4517.95 -15926.1 1211897057
4465.66 -15882.7 1211897116
4390.31 -15855.9 1211897245
4382.33 -15861.5 1211897249
4337.13 -15868.2 1211897272
3107.7 -15260.9 1211897493
2786.82 -13702.9 1211897499
4060.57 -9654.85 1211897652
4041.96 -8158.22 1211897709
