3916.98 -16254.8 1211226405
4071.21 -16222.5 1211226506
2963.22 -14220 1211226677
4148.33 -8737.05 1211226894
3882.41 -7245.83 1211226938
3155.56 -4341.79 1211227042
2722.12 -2899.99 1211227099
2732.75 -2822.99 1211227100
3655.49 -1652.16 1211227163
3663.47 726.834 1211227244
3369.19 1134.38 1211227269
3809.72 1904.87 1211227329
3744.13 2155.01 1211227383
3512.78 2387.29 1211227444
3092.63 2807.21 1211227514
3344.37 3337.71 1211227634
3417.05 3401.38 1211227682
3682.08 3418.13 1211227752
3799.09 3505.25 1211227768
3760.09 3405.84 1211227834
3566.85 3396.91 1211227888
3403.75 3848.15 1211227959
3355.89 3683.96 1211228012
3323.09 3599.07 1211228069
3197.22 3589.02 1211228133
3081.11 3555.51 1211228192
3170.63 3466.16 1211228253
2871.03 3352.23 1211228308
2703.5 3281.87 1211228372
2377.31 3241.66 1211228429
2280.69 3132.21 1211228490
2225.74 3001.54 1211228553
2188.51 2997.07 1211228554
1942.98 2959.1 1211228621
1508.64 2875.33 1211228675
1497.12 2903.25 1211228736
1494.46 2902.14 1211228758
1421.78 2869.75 1211228818
1469.64 2692.18 1211228879
1428.87 2704.46 1211228939
1457.23 2559.28 1211229012
1521.94 2181.81 1211229061
1815.34 1862.43 1211229123
2028.07 1411.3 1211229185
2382.63 1043.94 1211229241
2518.25 290.279 1211229365
2551.04 -194.258 1211229423
2688.43 -473.356 1211229483
2713.25 -526.942 1211229552
2713.25 -528.058 1211229565
2714.14 -520.244 1211229651
2713.25 -520.244 1211229701
2713.25 -520.244 1211229766
2554.59 -129.506 1211229857
2515.59 406.394 1211229911
2389.72 1024.95 1211229971
2064.41 1033.89 1211230034
1903.09 1064.03 1211230098
1679.72 955.727 1211230161
1053.92 1081.9 1211230223
868.667 1067.38 1211230278
314.67 1311.92 1211230407
238.44 1299.64 1211230411
-88.6394 1249.39 1211230471
-205.644 1230.41 1211230548
-847.393 1127.68 1211230664
-1069.88 984.758 1211230714
-1192.2 752.514 1211230777
-1360.62 730.183 1211230835
-1360.62 730.183 1211230895
-1359.73 730.183 1211230956
-1359.73 730.183 1211231006
-1359.73 729.067 1211231051
-1473.19 706.736 1211231142
-1537.01 774.845 1211231204
-1535.24 774.845 1211231257
-1381.89 928.929 1211231314
-1383.66 926.696 1211231377
-1382.78 927.813 1211231445
-1381 928.929 1211231495
-1381 928.929 1211231512
-1228.54 1028.3 1211231576
-1232.97 1059.57 1211231634
-1172.7 1272.84 1211231698
-218.939 1439.22 1211231814
369.626 1535.25 1211231874
778.254 1597.78 1211231932
946.669 1625.7 1211231995
1053.04 1448.15 1211232053
1343.77 1105.35 1211232119
2306.4 999.273 1211232160
2644.11 225.524 1211232219
2839.12 -1157.66 1211232279
2451.77 -2252.66 1211232339
2941.94 -3709.08 1211232394
3748.56 -6598.84 1211232492
4010.93 -8066.76 1211232536
4084.51 -9586.83 1211232581
2892.31 -14507.5 1211232757
4026.89 -16186.9 1211232875
4390.31 -15862.6 1211232983
