3565.96 -1166.59 1211546218
3502.14 -1126.41 1211546281
3177.72 -1179.99 1211546404
2893.19 -530.291 1211546460
2652.98 893.199 1211546519
1395.18 1116.51 1211546586
1111.54 1298.52 1211546640
1320.73 1594.43 1211546703
1293.25 1763.05 1211546760
1195.75 2361.61 1211546821
955.533 2980.32 1211546902
1029.1 2466.58 1211546966
461.812 2294.6 1211547022
186.143 2156.13 1211547082
206.53 2142.73 1211547122
462.698 2188.51 1211547182
1045.06 2280.08 1211547245
1225.88 2310.24 1211547303
1502.44 2350.44 1211547372
1800.27 2305.77 1211547423
1813.56 2091.36 1211547483
1825.09 2074.61 1211547502
1600.83 2061.2 1211547556
1423.55 2034.4 1211547620
1245.38 2090.24 1211547681
1180.68 2568.21 1211547738
1175.36 2567.09 1211547739
1166.5 2563.74 1211547774
1166.5 2562.63 1211547793
1125.72 2794.92 1211547829
1060.13 3196.99 1211547889
990.989 3616.94 1211547950
984.784 3652.68 1211548008
824.347 3831.4 1211548072
824.347 3830.28 1211548098
508.79 3886.13 1211548150
313.784 4158.67 1211548213
736.594 4237.98 1211548270
1171.81 4307.24 1211548339
1252.48 3872.72 1211548391
1298.57 3613.59 1211548455
1326.93 3423.72 1211548486
1348.21 3274.05 1211548548
1395.18 3186.93 1211548606
1685.92 3042.86 1211548666
1731.13 2722.33 1211548726
1783.43 2434.2 1211548786
1896.88 2024.35 1211548854
2215.1 1712.8 1211548916
2526.22 1405.72 1211548966
2871.03 1425.82 1211549029
3355.89 1035 1211549089
3823.91 -406.373 1211549148
3567.74 -1147.62 1211549264
2886.99 -1118.59 1211549334
2615.75 44.6577 1211549388
2583.84 1429.17 1211549446
3300.93 2173.99 1211549515
3296.5 2605.06 1211549571
2872.8 3024.99 1211549625
2689.32 3296.39 1211549689
2129.12 3203.69 1211549742
1822.43 3141.14 1211549802
1662.88 3124.39 1211549867
1356.18 3140.03 1211549922
1318.95 3465.04 1211549990
1270.2 3769.96 1211550042
1217.91 4092.77 1211550103
1125.72 4303.88 1211550169
769.39 4245.8 1211550224
535.382 4205.59 1211550285
164.869 4148.62 1211550347
29.251 4030.22 1211550408
-189.688 4308.35 1211550467
-602.748 4212.29 1211550541
-602.748 4212.29 1211550543
-602.748 4212.29 1211550549
-580.588 4057.03 1211550590
-561.088 3920.75 1211550603
-493.722 3491.85 1211550671
-434.333 3143.38 1211550730
-73.5707 3171.3 1211550795
506.131 3249.48 1211550847
850.939 3313.14 1211550904
962.624 2979.2 1211550964
475.107 2836.24 1211551035
218.939 2892.09 1211551090
175.506 3080.83 1211551145
164.869 3237.19 1211551207
148.914 3231.61 1211551309
122.322 3255.06 1211551363
147.141 3245.01 1211551429
131.186 3259.53 1211551543
148.914 3238.31 1211551672
115.231 3398.03 1211551696
67.366 3743.16 1211551761
335.943 3850.38 1211551822
829.665 3930.81 1211551880
1196.63 3990.01 1211551944
1268.43 3758.79 1211551996
1054.81 3457.22 1211552058
879.303 3384.62 1211552120
616.931 3173.53 1211552189
-201.212 3045.09 1211552245
-1015.81 2871.98 1211552304
-1051.26 2318.05 1211552353
-980.352 1873.6 1211552415
-919.191 1468.25 1211552461
-1745.31 1126.56 1211552523
-2302.85 675.473 1211552580
-4350.42 467.801 1211552866
-4158.08 357.268 1211552899
-3678.54 262.367 1211553016
-3616.49 -618.483 1211553078
-3589.01 -1111.9 1211553134
-3470.23 -3327.43 1211553391
-3475.55 -3527.19 1211553446
-3503.03 -4159.91 1211553515
-3162.66 -5256.74 1211553629
-3169.75 -8286.48 1211553722
-2832.92 -9770.82 1211553781
-1464.32 -12356.4 1211553878
243.758 -14694.8 1211553996
1521.94 -14173.2 1211554051
3183.04 -15759 1211554166
4013.59 -16191.3 1211554229
4430.2 -16214.7 1211554284
4434.63 -16210.3 1211554316
3552.67 -16263.8 1211554422
3003.99 -14878.7 1211554476
2783.28 -13401.9 1211554526
2570.54 -11906 1211554579
3385.14 -10652.8 1211554640
4173.15 -9363.8 1211554683
3987.89 -7862.65 1211554735
3721.08 -6380.19 1211554783
3760.97 -1421.1 1211554988
3847.84 -175.279 1211555032
3351.46 1237.11 1211555098
3459.6 1563.16 1211555145
3498.6 1605.6 1211555166
3646.63 1637.98 1211555245
3261.05 1266.14 1211555346
3261.05 1265.02 1211555405
3257.5 1265.02 1211555458
3256.61 1266.14 1211555523
3256.61 1266.14 1211555531
3570.4 1606.71 1211555592
3719.31 1758.58 1211555652
3853.16 1852.38 1211555713
3932.93 1939.48 1211555781
3902.79 1987.5 1211555833
3445.42 2457.65 1211555896
3023.49 2886.5 1211555961
2891.42 2994.84 1211556014
2830.26 3152.31 1211556079
2774.41 3477.33 1211556133
2191.17 3428.18 1211556198
1802.93 3367.87 1211556257
1338.46 3293.04 1211556318
1231.2 3271.82 1211556376
1043.29 3338.83 1211556437
1081.4 3670.56 1211556497
1096.47 3663.85 1211556528
1258.68 3694.01 1211556564
1428.87 3687.31 1211556624
1432.41 3680.61 1211556684
1432.41 3680.61 1211556773
1435.07 3679.49 1211556825
1433.3 3680.61 1211556845
1702.76 3659.39 1211556904
1913.73 3668.32 1211556964
2212.44 3744.27 1211557027
2384.4 3771.08 1211557087
2442.02 3785.6 1211557147
3063.38 3885.01 1211557268
3357.66 3940.86 1211557339
3434.78 3941.98 1211557391
3312.46 3721.93 1211557517
3055.4 3686.19 1211557579
3012.85 3698.48 1211557629
3002.22 3687.31 1211557689
3013.74 3695.13 1211557740
2931.31 4223.46 1211557803
2610.43 4224.58 1211557861
2446.45 4200 1211557926
2155.71 4144.15 1211557988
1299.45 4015.7 1211558053
1184.22 4292.71 1211558108
1057.47 4405.53 1211558166
1057.47 4405.53 1211558186
970.602 4355.27 1211558324
1009.6 4289.36 1211558378
937.805 4278.19 1211558411
