3626.24 -985.756 1212062253
3594.33 -1009.2 1212062324
3619.15 -1174.41 1212062406
3611.17 -1164.36 1212062425
3236.23 -1175.53 1212062486
2895.85 -486.753 1212062551
2727.44 435.422 1212062586
2014.77 1051.75 1212062646
1158.52 1206.96 1212062680
1032.65 1613.41 1212062724
1014.04 1716.15 1212062785
168.415 1601.13 1212062845
-567.292 1498.4 1212062906
-936.033 1632.4 1212062966
-1039.74 2323.64 1212063032
-1051.26 2768.12 1212063090
-1225 2885.38 1212063149
-1427.98 3067.43 1212063212
-1427.98 3067.43 1212063215
-1428.87 2971.38 1212063275
-1287.04 2972.5 1212063340
-1249.82 2980.32 1212063341
-730.389 3068.55 1212063402
-279.214 3137.79 1212063466
156.005 3296.39 1212063523
111.686 3563.33 1212063565
247.304 3839.21 1212063626
501.699 3992.24 1212063693
499.926 4197.77 1212063724
848.279 4259.2 1212063779
1013.15 4284.89 1212063839
1209.93 4137.45 1212063899
1231.2 4013.46 1212063961
1269.32 3757.68 1212064021
1295.02 3585.67 1212064054
1640.72 3342.18 1212064115
1929.68 3295.27 1212064175
2613.09 3404.73 1212064237
2997.79 3331.01 1212064296
3092.63 3065.2 1212064357
3258.39 2928.94 1212064398
3199.88 2870.87 1212064454
3199.88 2870.87 1212064455
3034.13 2864.16 1212064515
2866.6 3041.74 1212064577
2619.3 3031.69 1212064638
2411.88 3017.17 1212064684
1880.04 2954.63 1212064744
1490.03 2892.09 1212064805
1380.12 3073.01 1212064865
1378.34 3090.88 1212064871
1317.18 3485.15 1212064932
1269.32 3784.48 1212064992
1088.49 4301.65 1212065113
811.051 4255.85 1212065174
568.179 4216.76 1212065234
118.777 4145.27 1212065297
-28.3646 4422.29 1212065355
-72.6843 4541.81 1212065415
-405.082 4487.08 1212065472
-468.016 4479.26 1212065492
-362.535 4373.14 1212065550
374.058 4489.31 1212065610
976.807 4589.85 1212065671
1198.41 3988.89 1212065731
2218.65 4145.27 1212065793
2739.85 4058.14 1212065853
2871.92 3915.17 1212065904
2871.92 3915.17 1212065905
2919.78 3775.55 1212065965
2762.89 3623.64 1212066025
2510.27 3593.49 1212066072
2215.1 3549.93 1212066133
1936.77 3508.6 1212066192
1555.62 3440.47 1212066253
1317.18 3587.9 1212066313
1288.82 3739.81 1212066336
1240.07 3984.42 1212066395
1187.77 4300.53 1212066454
1057.47 4296.06 1212066517
757.867 4249.15 1212066580
353.671 4183.25 1212066634
30.1374 4131.86 1212066684
4.43197 4222.34 1212066699
93.9578 4450.22 1212066757
175.506 4153.09 1212066818
510.563 4204.47 1212066883
768.504 4246.92 1212066942
1178.9 4306.12 1212066998
1210.81 4124.04 1212067032
1073.42 3978.84 1212067088
663.909 3912.93 1212067149
507.904 3887.24 1212067175
464.471 3871.61 1212067234
85.0939 3724.17 1212067301
146.255 3345.53 1212067355
-174.62 3155.66 1212067420
-450.288 3118.81 1212067474
-733.935 3074.13 1212067512
-929.828 3038.39 1212067534
-888.167 3146.73 1212067594
-716.207 3088.65 1212067663
-436.992 3109.87 1212067715
-435.22 3108.75 1212067735
-195.007 3155.66 1212067800
474.221 3261.77 1212067859
1146.11 3371.22 1212067911
1609.69 3443.82 1212067972
1835.72 3480.68 1212068032
2194.71 3529.82 1212068093
2547.5 3587.9 1212068153
2783.28 3631.46 1212068215
2976.51 3868.26 1212068275
3178.61 3931.92 1212068325
3178.61 3934.16 1212068326
3386.03 3793.42 1212068386
3391.35 3632.58 1212068446
3125.43 3310.91 1212068506
2897.62 3336.6 1212068566
2780.62 3325.43 1212068626
2672.48 3296.39 1212068643
2267.4 3211.51 1212068703
2254.99 3173.53 1212068721
2152.17 2988.13 1212068780
1852.56 2972.5 1212068844
1682.38 3145.61 1212068900
1441.28 3093.12 1212068949
1344.66 3279.64 1212069005
1303 3580.08 1212069062
1258.68 3863.79 1212069125
1235.63 3976.6 1212069150
1575.12 4008.99 1212069223
2239.92 4159.79 1212069273
2208.01 4466.97 1212069333
2645 4544.05 1212069391
2754.03 4560.8 1212069407
2655.64 4547.4 1212069448
2306.4 4494.9 1212069511
1922.59 4433.46 1212069569
1397.84 4353.03 1212069632
1010.49 4288.25 1212069690
925.396 4272.61 1212069751
777.368 4251.38 1212069819
480.426 4202.24 1212069868
47.8653 3926.34 1212070024
356.331 3852.62 1212070067
995.421 3956.5 1212070126
2216.87 4146.39 1212070243
2808.98 4244.68 1212070314
3316.89 4330.69 1212070373
3538.49 4106.17 1212070426
3658.15 3892.83 1212070480
3675.88 3868.26 1212070493
3517.21 3729.75 1212070605
3375.39 3595.72 1212070666
3282.32 3489.61 1212070723
3120.11 3373.45 1212070781
2882.55 3333.25 1212070849
2567 3432.65 1212070902
1892.45 3366.75 1212070961
1131.93 3248.36 1212071025
820.801 3199.22 1212071088
254.395 3116.57 1212071150
-370.513 3012.7 1212071203
-977.693 2982.55 1212071268
-1394.3 2954.63 1212071319
-1526.37 2942.34 1212071373
-1527.26 2942.34 1212071386
-1527.26 2942.34 1212071398
-1376.57 2956.86 1212071477
-1292.36 2971.38 1212071491
-782.686 3054.03 1212071549
-427.242 3106.52 1212071609
80.6619 3191.4 1212071679
328.852 3232.73 1212071701
1117.74 3362.29 1212071782
1434.19 3406.96 1212071844
1657.56 3250.6 1212071902
2183.19 3314.26 1212071963
1971.34 3182.47 1212072029
1697.45 3117.69 1212072078
1420.89 3066.31 1212072143
1362.39 3143.38 1212072159
1334.02 3327.66 1212072189
1313.64 3516.42 1212072250
1455.46 3535.41 1212072310
1499.78 3418.13 1212072369
1646.92 3252.83 1212072430
1818.88 3040.63 1212072489
2274.49 3102.05 1212072549
2546.61 3159.01 1212072609
2655.64 2853 1212072670
2871.03 2645.27 1212072737
3594.33 1901.52 1212072855
4367.27 988.107 1212073036
4363.72 988.107 1212073055
4336.24 1307.45 1212073108
3681.2 2216.43 1212073286
3398.44 2506.79 1212073352
3141.38 2760.3 1212073406
2959.67 2946.81 1212073467
2889.65 3023.87 1212073533
2892.31 3291.92 1212073587
2843.55 3315.38 1212073623
2554.59 3269.58 1212073683
2152.17 3123.27 1212073751
1831.29 3182.47 1212073788
1688.58 3131.09 1212073834
1377.46 3123.27 1212073891
1331.36 3366.75 1212073951
1333.14 3411.43 1212073970
1452.8 3532.06 1212074028
1710.74 3454.99 1212074088
2130.01 3523.12 1212074149
2601.57 3595.72 1212074214
2868.37 3644.87 1212074272
2988.04 3629.23 1212074329
3204.32 3745.39 1212074389
3254.84 3738.69 1212074415
3259.27 3739.81 1212074417
3308.02 3775.55 1212074484
3338.16 3524.24 1212074538
3126.31 3535.41 1212074597
3093.52 3554.39 1212074660
2968.53 3807.94 1212074722
3059.83 3799 1212074750
2958.78 4267.02 1212074833
2593.59 4222.34 1212074891
2535.09 4252.5 1212074936
2389.72 4375.37 1212074998
2368.45 4399.95 1212075012
2631.71 4529.53 1212075075
2895.85 4366.44 1212075135
3068.7 4300.53 1212075193
3265.48 4317.29 1212075261
3455.17 4223.46 1212075317
3799.97 3731.99 1212075439
3704.24 3590.14 1212075514
3487.08 3652.68 1212075565
3421.48 3586.79 1212075627
3307.14 3390.21 1212075686
3155.56 3329.9 1212075745
3058.06 3549.93 1212075806
3073.13 3675.02 1212075866
3069.58 3700.71 1212075930
2946.38 3783.37 1212075988
3039.45 3747.62 1212076057
3041.22 3748.74 1212076068
2969.42 4233.51 1212076153
2942.83 4278.19 1212076209
2581.18 4223.46 1212076270
2395.92 4376.49 1212076330
2353.38 4484.84 1212076350
2336.54 4502.72 1212076383
2044.91 4453.57 1212076442
1768.36 4318.41 1212076504
1841.04 3907.35 1212076569
1898.66 3622.53 1212076622
1685.04 3462.81 1212076683
1357.96 3405.84 1212076743
1046.83 3358.94 1212076803
615.158 3289.69 1212076874
191.461 3221.56 1212076927
-371.399 3128.86 1212077073
-676.319 3079.72 1212077134
-1265.77 2987.02 1212077194
-1675.29 2921.12 1212077260
-1675.29 2921.12 1212077266
-1675.29 2922.24 1212077283
-1591.96 3032.81 1212077355
-1425.32 2950.16 1212077407
-1426.21 2950.16 1212077459
-1206.38 2764.77 1212077483
-912.1 2823.96 1212077543
-546.905 2883.15 1212077604
-226.917 2935.64 1212077664
226.031 3007.12 1212077727
671.001 3078.6 1212077786
951.101 3133.33 1212077851
1190.43 3165.71 1212077909
1327.82 3183.58 1212077967
1604.37 3274.05 1212078027
2087.46 3351.12 1212078088
2355.15 3356.7 1212078148
2359.58 3351.12 1212078209
2858.62 3441.59 1212078272
2948.15 3428.18 1212078330
3189.25 3511.95 1212078390
3334.62 3440.47 1212078469
3448.07 3381.27 1212078522
3668.79 3544.34 1212078583
3454.28 3648.22 1212078643
3395.78 3552.16 1212078710
3284.98 3563.33 1212078777
3049.2 3575.62 1212078813
2821.39 3529.82 1212078874
2402.13 3465.04 1212078929
2239.92 3357.82 1212078989
2074.16 3180.23 1212079049
1669.08 3157.9 1212079109
1380.12 3100.94 1212079169
1334.91 3272.93 1212079229
1104.45 3357.82 1212079290
1059.24 3360.05 1212079304
898.804 3331.01 1212079332
537.155 3280.75 1212079393
156.005 3217.09 1212079483
202.098 3326.55 1212079533
542.473 3382.39 1212079596
534.496 3689.54 1212079650
764.958 3927.46 1212079711
1057.47 3971.02 1212079770
2173.44 4147.5 1212080060
2268.28 4167.61 1212080126
2454.43 4197.77 1212080181
2749.6 4244.68 1212080243
3047.42 4291.6 1212080301
3506.58 4149.74 1212080362
3435.66 3993.36 1212080422
3462.26 3830.28 1212080472
3462.26 3830.28 1212080495
3462.26 3830.28 1212080507
3370.07 3689.54 1212080557
3388.69 3709.65 1212080621
3434.78 3572.27 1212080647
3345.25 3573.38 1212080652
3124.54 3553.28 1212080713
2978.29 3542.11 1212080773
2645 3533.17 1212080834
2102.53 3420.36 1212080894
2091.89 3437.12 1212080900
1495.35 3363.4 1212080960
1470.53 3628.11 1212081020
1400.5 3966.55 1212081080
1221.45 4078.25 1212081145
1212.59 4093.89 1212081152
1186.88 4281.54 1212081197
991.875 4349.68 1212081243
984.784 4344.1 1212081383
1014.92 4349.68 1212081417
760.526 4252.5 1212081477
744.571 4245.8 1212081483
824.347 3811.29 1212081546
916.532 3395.79 1212081607
918.305 3198.1 1212081665
1093.81 2931.17 1212081739
1383.66 2968.03 1212081785
1834.84 3059.61 1212081849
2207.12 3085.3 1212081906
2572.32 3169.06 1212081970
2907.37 3183.58 1212082020
2907.37 3183.58 1212082022
2645.89 3041.74 1212082142
2411.88 3151.2 1212082205
2424.29 3222.67 1212082271
1995.27 3173.53 1212082335
1541.44 3113.22 1212082394
1381.89 3181.35 1212082450
1339.34 3358.94 1212082509
1305.66 3562.21 1212082569
1280.84 3739.81 1212082630
1240.07 3987.77 1212082690
1189.54 4283.78 1212082760
1170.04 4312.82 1212082811
927.169 4277.08 1212082872
701.138 4241.33 1212082932
592.998 4223.46 1212082965
458.266 4185.48 1212083039
526.518 3734.22 1212083092
600.975 3310.91 1212083152
729.503 2883.15 1212083208
1283.5 2955.75 1212083263
1660.22 3042.86 1212083320
2157.48 3110.99 1212083378
2552.82 3155.66 1212083438
2603.34 2937.88 1212083510
2752.25 2736.85 1212083559
2847.1 2636.34 1212083613
2847.99 2641.92 1212083624
2735.41 2397.34 1212083677
2605.11 2504.55 1212083737
2457.09 2637.45 1212083798
2281.58 2810.56 1212083861
2173.44 2813.91 1212083918
1980.21 2979.2 1212083979
1832.18 3107.64 1212084040
1439.5 3117.69 1212084100
1364.16 3298.62 1212084164
1309.2 3592.37 1212084222
1298.57 3633.7 1212084261
1238.29 3986.66 1212084323
1224.11 4072.66 1212084334
1196.63 4306.12 1212084399
1061.01 4300.53 1212084455
761.413 4252.5 1212084516
481.312 4205.59 1212084563
248.19 4166.49 1212084600
-10.6367 4298.3 1212084659
-41.6605 4498.25 1212084717
-70.0252 4539.58 1212084780
154.233 4453.57 1212084831
688.728 4541.81 1212084895
1015.81 4414.47 1212084953
1088.49 3993.36 1212085014
1210.81 3995.59 1212085075
1542.33 4045.86 1212085138
2512.04 4203.35 1212085201
2634.36 4222.34 1212085255
3029.7 4280.43 1212085318
3108.59 4069.31 1212085375
3212.29 3682.84 1212085438
3407.3 3734.22 1212085476
3407.3 3734.22 1212085478
3467.58 3710.77 1212085550
3243.32 3653.8 1212085604
3239.77 3463.92 1212085659
2840.01 3362.29 1212085780
2488.11 3248.36 1212085809
2274.49 3249.48 1212085869
1890.68 3178 1212085930
1370.37 3141.14 1212085995
1333.14 3434.88 1212086049
1287.93 3692.89 1212086109
1266.66 3780.02 1212086148
1242.73 3958.73 1212086186
1201.95 4192.18 1212086238
1061.01 4290.48 1212086309
960.852 4277.08 1212086362
631.999 4224.58 1212086481
402.423 4188.83 1212086538
239.326 4163.14 1212086598
-20.3871 4383.19 1212086703
-300.488 4502.72 1212086798
-429.015 4483.73 1212086828
-619.59 4357.5 1212086889
-202.098 4397.71 1212086952
116.118 4434.58 1212087013
133.846 4325.11 1212087027
343.035 4182.13 1212087087
697.592 4233.51 1212087153
873.985 4260.32 1212087207
972.375 4275.96 1212087242
1263.11 4322.87 1212087310
1461.66 4355.27 1212087362
2232.83 4477.02 1212087466
2339.19 4416.7 1212087528
2550.16 4226.81 1212087583
2866.6 3835.86 1212087694
3003.1 4080.48 1212087748
2916.24 4602.14 1212087811
2900.28 4689.27 1212087823
2893.19 4669.16 1212087876
3410.85 4230.16 1212088057
3161.77 3701.83 1212088114
3370.96 3542.11 1212088233
3180.38 3400.26 1212088291
2798.35 3271.82 1212088350
2806.32 3299.74 1212088381
2614.86 3260.65 1212088431
2548.38 3089.77 1212088496
2581.18 2975.85 1212088557
2621.95 2964.68 1212088614
2776.19 2681.01 1212088671
2739.85 2368.31 1212088731
2400.36 2013.19 1212088792
2495.2 1902.63 1212088823
2495.2 1902.63 1212088829
2855.08 2228.71 1212088899
3249.52 2627.4 1212088945
3257.5 2632.98 1212088954
3406.41 2792.69 1212088981
3244.2 3074.13 1212089039
3199.88 3115.46 1212089099
3197.22 3131.09 1212089159
3458.71 3403.61 1212089224
3285.86 3504.13 1212089265
3565.96 3750.98 1212089386
3695.38 3612.47 1212089449
3838.09 3503.02 1212089510
3761.86 3395.79 1212089598
3662.58 3456.11 1212089658
3283.21 3118.81 1212089718
3339.93 3613.59 1212089782
3492.39 3706.3 1212089842
3680.31 3705.18 1212089907
3682.97 3662.74 1212089985
3674.99 3621.41 1212090019
3547.35 3577.85 1212090075
3433.01 3320.96 1212090132
3385.14 3478.44 1212090192
3156.45 3656.03 1212090253
3046.54 3643.75 1212090311
3046.54 3651.57 1212090371
3032.36 3681.72 1212090429
3125.43 3801.24 1212090500
3378.94 3796.77 1212090560
3394 3757.68 1212090610
3300.05 3620.29 1212090677
3257.5 3623.64 1212090698
3270.8 3331.01 1212090753
3250.41 3463.92 1212090778
3618.26 3866.02 1212090900
3880.63 3558.86 1212090965
3824.79 3486.26 1212090977
3997.64 3390.21 1212091037
4012.71 3400.26 1212091053
4117.3 3328.78 1212091115
4112.87 3341.06 1212091124
4082.73 3207.04 1212091179
3784.9 3362.29 1212091247
3494.17 3620.29 1212091310
3448.96 3825.81 1212091353
3257.5 3836.98 1212091405
3232.68 3944.21 1212091440
3241.54 3938.62 1212091442
3456.94 3807.94 1212091509
3478.21 3744.27 1212091565
3644.85 3653.8 1212091626
3667.01 3645.98 1212091660
3830.11 3476.21 1212091717
3945.34 3391.33 1212091787
4000.3 3393.56 1212091790
3903.68 3681.72 1212091849
3435.66 4286.01 1212091909
3392.23 4339.63 1212091969
2409.22 4188.83 1212092149
2168.12 4145.27 1212092225
1169.15 3994.47 1212092282
928.941 4042.5 1212092337
851.825 4513.89 1212092397
894.372 4575.33 1212092457
958.192 4584.26 1212092526
1006.06 4410 1212092575
1114.2 3774.43 1212092635
1292.36 3633.7 1212092697
1324.27 3433.77 1212092757
1627.42 3420.36 1212092816
1645.15 3337.71 1212092845
1658.44 3242.78 1212092911
1702.76 2962.45 1212092968
1728.47 2823.96 1212092988
1787.86 2418.56 1212093048
1826.86 2156.13 1212093108
2158.37 1774.21 1212093171
2385.29 1544.18 1212093229
2668.93 1263.91 1212093280
2917.12 1474.95 1212093340
3505.69 828.439 1212093400
3831.88 -520.244 1212093462
3818.59 -993.57 1212093519
3714.88 -905.381 1212093579
3583.69 -984.639 1212093708
3659.92 -933.289 1212093749
3659.92 -932.173 1212093810
3659.04 -934.405 1212093870
