3572.17 -1135.34 1212621909
3489.73 -1129.76 1212621969
3613.83 -864.078 1212622029
3765.4 -851.798 1212622057
3883.29 -843.984 1212622117
3883.29 -845.1 1212622177
4228.99 -822.774 1212622237
4230.76 -826.123 1212622260
4321.17 -528.058 1212622320
4408.93 -703.326 1212622380
4409.81 -703.326 1212622400
4274.19 -808.261 1212622466
4007.39 -831.704 1212622517
3852.27 -912.079 1212622578
3867.34 -1047.15 1212622638
3679.42 -1540.54 1212622699
2773.53 -2724.77 1212622758
3105.04 -4225.74 1212622813
3584.58 -5659.5 1212622864
3844.29 -7129.82 1212622912
4108.44 -8608.8 1212622963
2567.88 -12408.7 1212623131
2793.92 -13837.7 1212623192
3079.33 -15341.1 1212623244
3861.13 -16220.3 1212623304
4556.07 -15990.8 1212623366
4362.83 -15859.3 1212623403
4328.26 -15868.2 1212623490
4226.33 -16030.9 1212623551
4383.22 -16061 1212623728
4391.2 -16023.1 1212623788
4390.31 -16026.4 1212623849
4391.2 -16024.2 1212623912
4391.2 -16025.3 1212623970
4392.08 -16022 1212624030
4392.97 -16022 1212624047
4393.86 -16019.7 1212624109
4388.54 -16042 1212624171
4390.31 -16032 1212624228
4390.31 -16029.8 1212624288
4390.31 -16028.7 1212624358
