21337.3 -3469.16 1211570684
21338.2 -3469.16 1211570692
21338.2 -3469.16 1211570713
21411.7 -3436.79 1211570723
21898.4 -3193.51 1211570777
21528.7 -2608.7 1211570835
20621.1 -1322.87 1211571027
20356.9 -945.569 1211571082
20149.5 -650.858 1211571137
19982.9 -407.49 1211571197
19719.6 -30.1438 1211571264
19459 338.288 1211571317
19056.6 1004.86 1211571377
18797.8 1292.94 1211571409
16678.4 3031.69 1211571519
14062.6 4378.73 1211571634
12629.3 4727.25 1211571684
11679.1 5702.52 1211571738
12050.5 6962.84 1211571804
10845.9 7258.95 1211571862
10786.5 7248.89 1211571923
9435.67 6851.1 1211571981
7994.39 6524.83 1211572035
6619.59 5968.42 1211572102
5644.56 4856.83 1211572161
4681.05 3731.99 1211572217
3733.49 2788.22 1211572276
3584.58 3129.97 1211572334
3324.87 2957.98 1211572394
3503.03 2607.3 1211572493
3278.77 2605.06 1211572556
3268.14 2634.1 1211572578
3323.98 2696.64 1211572611
3499.49 2607.3 1211572669
3523.42 2624.05 1211572732
3510.12 2619.58 1211572790
3518.99 2617.35 1211572847
3517.21 2616.23 1211572915
3510.12 2640.8 1211572969
3514.55 2629.63 1211573027
3514.55 2630.75 1211573050
3518.1 2625.17 1211573112
3522.53 2618.47 1211573168
3521.65 2616.23 1211573200
3515.44 2627.4 1211573269
3519.87 2621.82 1211573327
3503.92 2621.82 1211573502
3507.46 2615.12 1211573555
3414.39 2522.42 1211573602
3219.38 2370.54 1211573663
2563.45 1439.22 1211573727
2716.8 514.694 1211573784
2898.51 -886.404 1211573848
2941.06 -3725.82 1211573948
3405.53 -5149.63 1211573998
4091.6 -9570.1 1211574147
3047.42 -15106 1211574348
4067.66 -16196.9 1211574490
4088.94 -16211.4 1211574528
4093.37 -16215.8 1211574614
4071.21 -16147.9 1211574647
4055.25 -16097.7 1211574650
3339.05 -15920.6 1211574711
2990.69 -14458.5 1211574764
2633.48 -13108.8 1211574824
2581.18 -11621.7 1211574875
3519.87 -10470 1211574924
4197.96 -9129.61 1211574975
3951.55 -7650.73 1211575021
3690.06 -6190.54 1211575075
3183.93 -4427.71 1211575129
3823.02 256.785 1211575316
3499.49 1600.01 1211575374
3578.37 1675.95 1211575384
3871.77 1968.52 1211575441
3882.41 1978.57 1211575501
3819.47 2084.66 1211575561
4033.98 2314.7 1211575621
4173.15 2417.45 1211575679
4236.97 3193.64 1211575747
3967.5 3613.59 1211575787
3720.2 3907.35 1211575835
3473.78 4242.45 1211575893
3220.27 4598.78 1211575953
3015.51 4884.76 1211576016
2898.51 5007.64 1211576077
2575.86 5181.91 1211576143
2266.51 5133.88 1211576197
1799.38 5057.91 1211576260
1679.72 5038.92 1211576319
1271.09 5187.5 1211576499
1271.09 5189.73 1211576556
1153.2 5167.39 1211576613
1180.68 5071.32 1211576733
1189.54 5067.97 1211576762
1517.51 5122.7 1211576814
1796.72 4880.29 1211576874
2026.3 4684.8 1211576937
2275.37 4482.61 1211577000
2373.76 4384.31 1211577055
2515.59 4258.09 1211577116
2641.46 4151.97 1211577177
2783.28 4024.63 1211577237
2742.5 3924.1 1211577292
2741.62 3926.34 1211577296
2752.25 4043.62 1211577360
2988.92 4072.66 1211577414
3114.79 3964.32 1211577470
3308.02 4033.57 1211577535
3248.64 3538.76 1211577590
3505.69 3172.42 1211577716
3591.67 2733.5 1211577774
3242.43 2350.44 1211577841
3204.32 2287.9 1211577895
2681.34 1754.11 1211577953
2603.34 1275.07 1211578013
2696.41 760.33 1211578075
2814.3 -311.48 1211578136
3227.36 -4727.87 1211578286
3932.93 -7628.42 1211578379
4190.87 -9120.69 1211578428
2609.55 -13122.2 1211578582
2900.28 -14600 1211578623
4499.34 -16189.1 1211578787
4498.45 -16189.1 1211578823
2960.56 -14674.7 1211578961
2640.57 -13211.3 1211579013
3501.26 -10484.5 1211579113
4197.96 -9139.65 1211579155
3952.43 -7655.19 1211579203
3689.17 -6187.2 1211579257
3277 -4787 1211579302
2867.49 -3357.56 1211579364
2902.06 -2587.5 1211579416
3766.29 -1345.2 1211579449
3844.29 -1148.73 1211579484
3586.35 -935.522 1211579671
3587.24 -938.871 1211579726
3584.58 -951.15 1211579843
3582.81 -969.011 1211580085
3661.7 -931.057 1211580151
