3016.4 1707.21 1211651802
2749.6 1970.75 1211651857
2743.39 1977.45 1211651917
2726.55 2106.99 1211651978
2964.99 2134.91 1211652041
2762.01 1913.8 1211652098
2737.19 1918.27 1211652164
2736.3 1917.15 1211652218
2734.53 1900.4 1211652278
2589.16 1698.28 1211652334
2488.11 1441.45 1211652397
2726.55 1569.86 1211652452
2918.01 1760.81 1211652510
2871.92 1846.8 1211652572
2905.6 2115.92 1211652631
2918.9 2109.22 1211652694
2918.9 2108.11 1211652758
2916.24 2104.76 1211652812
2915.35 2103.64 1211652881
2915.35 2104.76 1211652934
2915.35 2105.87 1211652998
2918.9 2101.41 1211653056
2918.9 2101.41 1211653081
2983.6 2081.31 1211653132
3089.08 1598.9 1211653193
3801.75 314.842 1211653248
3823.91 -1193.39 1211653293
3032.36 -2473.65 1211653343
3023.49 -3984.72 1211653397
3529.62 -5402.9 1211653448
3796.43 -6875.49 1211653493
4063.23 -8366.78 1211653540
3952.43 -9853.34 1211653593
2996.01 -10951.6 1211653636
2560.79 -12383.1 1211653688
2814.3 -13989.3 1211653738
3112.13 -15450.3 1211653790
3860.25 -16225.9 1211653851
4432.86 -16220.3 1211653911
4450.59 -16218.1 1211653942
4463.88 -16208 1211654001
4467.43 -16203.6 1211654014
4416.02 -15882.7 1211654080
3012.85 -14916.5 1211654197
2675.14 -13394.1 1211654247
2544.84 -11913.8 1211654294
3358.55 -10651.7 1211654347
4158.08 -9407.29 1211654392
