3739.7 -1142.04 1211064769
3902.79 -841.751 1211064847
3858.47 -215.47 1211064897
4177.58 234.455 1211065083
4203.28 238.921 1211065141
4205.94 240.038 1211065191
4164.28 396.345 1211065250
4161.62 461.102 1211065312
3945.34 458.869 1211065372
3667.01 433.189 1211065434
3367.41 553.772 1211065489
2896.74 515.811 1211065553
2545.72 491.248 1211065613
2268.28 471.15 1211065669
2014.77 377.365 1211065742
2057.32 -158.533 1211065792
1894.22 -312.597 1211065849
1847.25 33.4932 1211065913
1813.56 478.966 1211065978
1789.63 906.598 1211066042
1779.88 1020.49 1211066098
998.967 1075.2 1211066272
785.345 1217.01 1211066329
611.612 1468.25 1211066390
508.79 2062.32 1211066449
470.675 2285.67 1211066519
331.512 2273.38 1211066570
16.8415 2273.38 1211066634
16.8415 2273.38 1211066659
13.2959 2289.02 1211066670
137.391 2350.44 1211066691
175.506 2248.82 1211066767
-85.0939 1966.28 1211066832
-45.2061 1699.4 1211066888
78.8891 1485 1211066990
411.287 1541.95 1211067045
570.838 1606.71 1211067108
515.882 2044.45 1211067166
884.622 2257.75 1211067222
1323.39 2342.62 1211067346
1861.43 2416.33 1211067407
2157.48 2462.12 1211067464
2171.67 2465.47 1211067477
2171.67 2465.47 1211067493
2213.33 2474.4 1211067525
2358.7 2625.17 1211067595
2395.04 2612.88 1211067607
2733.64 2773.7 1211067778
2807.21 2688.82 1211067798
3298.27 2203.03 1211067861
3430.35 1997.55 1211067932
3372.73 1942.83 1211067944
3372.73 1942.83 1211067946
3387.8 1718.38 1211068014
3397.55 1708.33 1211068040
3526.08 1809.95 1211068052
3792.88 2104.76 1211068119
3261.93 2648.62 1211068196
3077.56 2817.26 1211068253
2964.1 2938.99 1211068277
2964.1 2938.99 1211068285
3078.45 2942.34 1211068345
3458.71 3364.52 1211068470
3812.38 3750.98 1211068570
3743.24 3872.72 1211068631
3385.14 4369.79 1211068691
2994.24 4916.04 1211068761
2694.64 5180.8 1211068812
2559.91 5262.35 1211068871
2552.82 5266.82 1211068895
2552.82 5266.82 1211068903
2480.13 5301.45 1211068935
2473.93 5305.92 1211068946
2119.37 5396.41 1211069005
2068.84 5298.1 1211069099
2353.38 5138.34 1211069163
2623.73 5179.68 1211069226
2763.78 5095.89 1211069282
2917.12 4960.72 1211069340
2996.9 4728.36 1211069403
3081.11 4207.82 1211069463
3140.5 3799 1211069523
3190.13 3547.69 1211069589
3245.09 3451.64 1211069642
3421.48 3318.73 1211069712
3329.3 2979.2 1211069761
3409.96 2898.79 1211069797
3415.28 2898.79 1211069811
3453.39 2879.8 1211069856
3435.66 2883.15 1211069867
3316.89 2984.78 1211069924
2945.49 2610.65 1211069990
2473.93 2147.19 1211070041
2011.23 1687.11 1211070107
1593.74 2061.2 1211070257
1592.85 2060.09 1211070260
1592.85 2058.97 1211070288
1402.28 2025.47 1211070333
1223.22 2214.2 1211070400
432.56 4090.54 1211070632
-83.3211 4001.18 1211070697
-273.896 4068.2 1211070753
-224.258 4087.18 1211070775
-224.258 4087.18 1211070789
-156.892 4272.61 1211070839
-62.934 4402.18 1211070904
