3825.68 221.058 1213024179
3719.31 631.928 1213024235
3586.35 781.544 1213024296
3552.67 815.04 1213024307
3368.3 1091.95 1213024367
3344.37 1329.79 1213024428
3489.73 1593.31 1213024488
3563.31 1668.13 1213024550
3803.52 1904.87 1213024620
3600.53 2302.42 1213024680
3294.73 2580.5 1213024731
3097.06 2807.21 1213024791
2840.89 3087.53 1213024856
2813.42 3228.26 1213024886
2744.28 3505.25 1213024940
2393.26 3463.92 1213025000
2277.15 3443.82 1213025042
2286.01 3327.66 1213025104
2349.83 3450.52 1213025161
2348.95 3482.91 1213025224
2338.31 3485.15 1213025243
2457.09 3583.43 1213025303
2761.12 3622.53 1213025363
2938.4 3532.06 1213025427
3000.45 3312.03 1213025487
2992.47 3167.95 1213025608
3050.97 3075.25 1213025648
3075.79 3064.08 1213025650
3159.11 3046.21 1213025710
2894.96 2995.95 1213025833
2782.39 3104.29 1213025894
2373.76 3024.99 1213025952
2027.18 2968.03 1213026012
1885.36 2943.46 1213026079
1858.77 2944.58 1213026091
1952.73 3076.37 1213026145
2488.11 3110.99 1213026207
2637.02 3220.44 1213026267
2910.03 3268.47 1213026328
3086.43 3059.61 1213026392
3084.65 3140.03 1213026449
3001.33 3086.42 1213026516
3241.54 2860.81 1213026570
3367.41 2736.85 1213026626
3471.12 2624.05 1213026698
3482.64 2620.7 1213026717
3482.64 2620.7 1213026719
3369.19 2531.36 1213026788
3269.02 2627.4 1213026819
3027.04 2964.68 1213026878
3440.1 3386.86 1213026942
3460.48 3439.35 1213026976
3336.39 3504.13 1213026979
3491.51 3585.67 1213027038
3545.58 3629.23 1213027107
3508.35 3671.67 1213027158
3201.66 3528.71 1213027224
2979.17 3355.58 1213027279
2843.55 3332.13 1213027340
2458.86 3266.23 1213027403
2096.32 3200.34 1213027457
1831.29 3145.61 1213027490
1781.65 3142.26 1213027516
1704.54 3143.38 1213027532
1729.36 3030.57 1213027593
1975.77 3011.59 1213027653
2106.07 2446.48 1213027720
2357.81 2347.09 1213027776
2506.72 2194.1 1213027834
2696.41 2007.6 1213027900
2754.03 1930.55 1213027927
2748.71 1927.2 1213027928
2735.41 1931.67 1213027988
2735.41 1932.78 1213028048
2226.62 1352.12 1213028230
1970.45 942.328 1213028295
1991.73 697.804 1213028319
1962.48 53.5892 1213028411
1651.35 25.6781 1213028466
1483.82 17.863 1213028495
1321.61 7.81507 1213028555
1321.61 3.34932 1213028594
1321.61 4.46575 1213028615
1187.77 5.58219 1213028678
1183.34 133.974 1213028703
1185.11 126.158 1213028747
1181.56 126.158 1213029020
1158.52 154.07 1213029077
1159.4 151.837 1213029133
1217.02 174.166 1213029196
1292.36 -370.649 1213029256
1328.71 -712.257 1213029321
1345.55 -1029.29 1213029372
1553.85 -1335.15 1213029497
2079.48 -1329.57 1213029552
2350.72 -1325.1 1213029610
2709.71 -1682.3 1213029676
2747.82 -3182.35 1213029734
3203.43 -4617.4 1213029776
3729.06 -6490.63 1213029869
4015.37 -8084.61 1213029926
4093.37 -9568.98 1213029976
