2969.42 -14648 1211388768
2915.35 -14129.7 1211388781
2606 -12674.1 1211388829
4177.58 -8884.26 1211389015
3914.32 -7398.64 1211389063
3412.62 -5126.2 1211389161
2962.33 -3697.93 1211389225
2795.69 -1561.75 1211389332
2512.04 -1278.22 1211389393
2253.21 -1313.94 1211389410
1786.97 -1327.34 1211389471
1579.55 -1331.8 1211389534
1236.52 -1341.85 1211389591
1012.26 -1369.76 1211389651
761.413 -1280.45 1211389717
756.981 -986.872 1211389774
670.114 -768.073 1211389832
522.973 -670.952 1211389892
517.654 -673.185 1211389952
518.541 -673.185 1211390012
519.427 -672.068 1211390072
521.2 -673.185 1211390132
522.973 -673.185 1211390192
522.973 -673.185 1211390217
527.405 -857.38 1211390286
552.224 -1216.83 1211390340
509.677 -1587.42 1211390399
498.154 -1590.77 1211390459
304.033 -1693.46 1211390523
189.688 -1610.86 1211390585
304.033 -1598.58 1211390614
302.261 -1597.47 1211390674
302.261 -1599.7 1211390734
303.147 -1596.35 1211390794
302.261 -1597.47 1211390854
302.261 -1598.58 1211390914
300.488 -1598.58 1211390974
299.601 -1599.7 1211391017
179.052 -1446.78 1211391077
509.677 -1226.87 1211391143
958.192 -1168.83 1211391205
913.873 -589.458 1211391257
889.054 -244.496 1211391322
838.529 433.189 1211391379
821.688 1032.77 1211391439
986.557 1195.79 1211391499
1318.95 1661.43 1211391560
1273.75 1920.5 1211391620
1150.54 2557.04 1211391681
1063.67 3067.43 1211391766
