4044.62 -16111.1 1211648713
1074.31 1787.61 1211648725
1029.99 1753 1211648744
654.159 1683.76 1211648822
-38.115 1550.88 1211648882
-896.145 1339.84 1211649003
-1373.91 1176.81 1211649063
-1593.74 1223.71 1211649129
-1523.71 1239.34 1211649252
-1524.6 1235.99 1211649308
-1521.94 1231.52 1211649376
-928.055 1325.32 1211649436
-311.124 1431.4 1211649496
-284.533 1502.86 1211649616
-283.646 1505.1 1211649677
-200.325 1445.92 1211649744
115.231 1488.35 1211649803
591.225 1572.1 1211649858
889.054 1615.65 1211649925
1049.49 1444.8 1211649978
1130.15 1219.24 1211650043
2457.09 962.426 1211650100
2639.68 -133.971 1211650160
2733.64 -3144.4 1211650281
3188.36 -4566.08 1211650332
3644.85 -6035.47 1211650389
3907.23 -7499.03 1211650430
3907.23 -7499.03 1211650443
4176.69 -8984.63 1211650474
3584.58 -10367.4 1211650527
2596.25 -12980.6 1211650634
3068.7 -15309.9 1211650708
4498.45 -16180.2 1211650834
4530.36 -16154.6 1211650884
4529.48 -16143.4 1211650952
4529.48 -16143.4 1211650959
4291.04 -15919.5 1211651014
3360.32 -16103.3 1211651074
3043.88 -15023.5 1211651115
2729.21 -13556.9 1211651166
2561.68 -12082.1 1211651214
3316 -10694.1 1211651271
4143.01 -9454.13 1211651321
4004.73 -7950.76 1211651366
3854.04 -7113.09 1211651395
