2965.88 -337.157 1212009056
2896.74 212.126 1212009113
2860.39 692.221 1212009176
2855.08 579.452 1212009234
2854.19 569.403 1212009294
2855.08 569.403 1212009355
2847.1 595.083 1212009415
2820.51 968.009 1212009476
3125.43 1412.42 1212009537
3516.33 1798.78 1212009602
3729.95 2007.6 1212009657
3781.36 2127.09 1212009718
3489.73 2412.98 1212009783
3274.34 2629.63 1212009838
3138.72 2760.3 1212009876
2861.28 2982.55 1212009938
2795.69 3385.74 1212009997
2771.76 3513.07 1212010051
2845.33 3614.71 1212010112
2884.33 3654.92 1212010140
2847.1 3632.58 1212010161
2872.8 3590.14 1212010221
2955.24 3576.73 1212010282
2971.19 3511.95 1212010327
2910.92 3207.04 1212010527
2978.29 2998.19 1212010587
3235.34 2937.88 1212010652
3419.71 2698.88 1212010712
3378.94 2479.98 1212010767
2941.94 1962.93 1212010828
2691.09 857.469 1212010887
2882.55 -503.498 1212010947
2538.63 -1984.79 1212011000
2855.96 -3461.34 1212011058
3271.68 -4907.51 1212011116
3703.36 -6365.69 1212011162
4029.55 -8180.52 1212011231
2946.38 -14918.8 1212011475
4412.47 -16201.4 1212011596
4344.22 -15872.7 1212011670
4336.24 -15866 1212011727
2655.64 -13260.4 1212011925
2619.3 -12841.3 1212011935
3733.49 -10190.1 1212012038
4153.64 -8764.93 1212012083
3887.73 -7272.6 1212012132
3616.49 -5761.03 1212012194
3160.88 -4345.14 1212012232
2723 -2913.39 1212012286
3618.26 -1700.16 1212012353
3856.7 -236.681 1212012389
3397.55 1193.56 1212012446
3098.83 1645.8 1212012507
3231.79 1788.73 1212012538
3581.92 1864.66 1212012590
3797.31 2045.57 1212012654
3778.7 2113.69 1212012711
3292.07 2602.83 1212012771
3117.45 2788.22 1212012831
2846.21 3172.42 1212012892
2808.98 3394.68 1212012932
2909.15 3642.63 1212012992
3091.74 3697.36 1212013063
3459.6 3738.69 1212013114
3492.39 3794.54 1212013173
3409.07 3793.42 1212013218
3203.43 3791.19 1212013264
3068.7 3787.83 1212013285
3021.72 3854.85 1212013345
3185.7 3810.17 1212013405
3175.06 3762.14 1212013431
3155.56 3649.33 1212013491
3253.95 3443.82 1212013553
2851.53 3336.6 1212013615
2814.3 3409.2 1212013675
2897.62 3467.27 1212013737
2897.62 3478.44 1212013795
2897.62 3467.27 1212013855
2895.85 3456.11 1212013915
2893.19 3446.05 1212013975
2889.65 3429.3 1212014035
2919.78 3438.24 1212014095
3036.79 3281.87 1212014155
3013.74 3234.96 1212014216
3244.2 2875.33 1212014277
2962.33 2603.95 1212014337
2755.8 2411.86 1212014398
2362.24 2017.65 1212014459
2168.12 1767.51 1212014519
2243.46 1693.81 1212014581
2412.77 1787.61 1212014640
2410.99 1786.5 1212014701
2660.07 2043.34 1212014761
3036.79 2415.21 1212014822
3276.11 2650.85 1212014882
3230.91 3070.78 1212014943
3070.47 3234.96 1212015008
3096.18 3287.45 1212015015
3269.91 3487.38 1212015070
3495.05 3823.58 1212015130
3506.58 3842.57 1212015172
3512.78 3838.1 1212015232
3525.19 3835.86 1212015303
3514.55 3839.21 1212015353
3510.12 3836.98 1212015413
3497.71 3830.28 1212015439
3496.83 3826.93 1212015463
3354.12 4036.92 1212015542
2823.17 3969.9 1212015588
2590.04 4196.65 1212015643
2389.72 4379.84 1212015714
2231.94 4517.24 1212015764
1977.55 4956.25 1212015833
1966.91 5024.4 1212015851
1966.02 5024.4 1212015853
1949.18 5098.13 1212015913
2072.39 5200.9 1212015987
2295.76 5381.88 1212016033
2277.15 5389.7 1212016093
2273.6 5389.7 1212016122
2067.96 5329.38 1212016178
2104.3 5114.88 1212016238
2163.69 4723.9 1212016298
2183.19 4603.25 1212016363
2213.33 4401.07 1212016424
2251.44 4197.77 1212016478
2292.22 3917.4 1212016540
2312.6 3783.37 1212016604
2218.65 3642.63 1212016659
2231.05 3370.1 1212016720
2280.69 3027.22 1212016782
2335.65 2716.74 1212016845
2404.79 2714.51 1212016900
2389.72 2737.96 1212016924
2447.34 2908.84 1212016984
2437.58 3132.21 1212017046
2662.73 3170.18 1212017071
2820.51 3207.04 1212017131
2793.92 3517.54 1212017202
2813.42 3568.91 1212017252
2827.6 3528.71 1212017312
2847.1 3425.95 1212017372
2850.64 3459.46 1212017432
2839.12 3459.46 1212017492
2847.99 3592.37 1212017552
2831.14 3496.31 1212017611
2840.89 3565.56 1212017675
2839.12 3548.81 1212017724
2902.06 3559.98 1212017783
2627.27 3432.65 1212017843
2079.48 3401.38 1212017904
1396.07 3282.99 1212017963
1052.15 3310.91 1212018024
902.35 3740.92 1212018084
554.883 3685.08 1212018145
57.6156 3599.07 1212018215
-449.402 3527.59 1212018277
-987.443 3440.47 1212018331
-990.989 3429.3 1212018385
-922.737 3337.71 1212018445
-658.591 3384.62 1212018477
-652.386 3385.74 1212018479
-580.588 3110.99 1212018553
-414.833 3036.16 1212018581
-286.305 2701.11 1212018675
170.188 2781.52 1212018725
530.064 2837.36 1212018790
990.989 2902.14 1212018845
989.216 2901.02 1212018852
1087.61 3024.99 1212018906
1020.24 3453.87 1212018966
997.194 3635.93 1212018999
998.08 3635.93 1212019013
955.533 3746.51 1212019060
831.438 3707.41 1212019120
1021.13 3336.6 1212019241
1100.9 3348.88 1212019302
