-4039.3 1826.7 1212199383
-3979.91 2239.88 1212199474
-3981.68 2238.76 1212199491
-3856.7 2244.35 1212199545
-3856.7 2244.35 1212199593
-3415.28 2273.38 1212199613
-1858.77 2361.61 1212199800
-1406.71 2421.91 1212199860
-821.688 2823.96 1212199973
-376.718 2913.31 1212200033
358.99 3033.92 1212200114
1014.92 3132.21 1212200170
937.805 3229.38 1212200223
815.483 3212.62 1212200274
815.483 3212.62 1212200339
748.117 3294.16 1212200399
805.733 3314.26 1212200405
1145.22 3380.16 1212200460
1445.71 3420.36 1212200527
1591.96 3436 1212200559
1599.94 3554.39 1212200620
1199.29 3492.96 1212200680
1007.83 3528.71 1212200741
929.828 4063.73 1212200807
656.818 4541.81 1212200876
-333.284 4462.5 1212200956
-333.284 4462.5 1212200962
-242.872 4519.47 1212201021
-181.711 4521.71 1212201071
249.077 4518.36 1212201136
273.009 4384.31 1212201197
657.705 4334.04 1212201253
859.803 4367.55 1212201312
1022.01 4460.27 1212201372
1022.9 4459.15 1212201412
1022.01 4464.74 1212201414
1158.52 4552.98 1212201473
1306.55 5184.15 1212201625
1358.84 5190.85 1212201866
1358.84 5187.5 1212202016
1511.3 5132.76 1212202077
1971.34 4730.6 1212202155
2328.56 4426.76 1212202215
2440.24 4327.34 1212202268
2556.36 4229.04 1212202323
2603.34 4179.9 1212202383
2609.55 4181.01 1212202450
2675.14 4118.46 1212202508
2876.35 3845.92 1212202560
2848.87 3522 1212202620
2832.03 3534.29 1212202655
2829.37 3537.64 1212202657
2505.84 3533.17 1212202717
2619.3 3567.8 1212202779
2886.99 3619.18 1212202851
3084.65 3675.02 1212202899
3356.78 3672.79 1212202936
3504.8 3450.52 1212202997
3616.49 3252.83 1212203051
3440.98 2531.36 1212203176
2940.17 1961.82 1212203234
2691.09 800.525 1212203296
2869.26 -502.382 1212203352
2409.22 -1311.71 1212203419
1987.3 -1323.99 1212203479
1968.68 -1563.98 1212203534
1671.74 -1666.67 1212203606
1641.6 -1704.62 1212203643
1630.08 -1729.18 1212203659
1389.87 -1965.81 1212203716
1386.32 -1653.28 1212203771
1357.96 -1226.87 1212203898
1298.57 -430.934 1212204011
1274.64 -110.527 1212204082
1156.74 1174.58 1212204307
1200.18 1416.88 1212204368
1293.25 1770.86 1212204442
1394.3 1813.3 1212204452
1411.14 1974.1 1212204515
1387.21 2185.16 1212204563
1304.77 2628.52 1212204674
1220.57 3132.21 1212204734
1056.58 3186.93 1212204795
-154.233 3051.79 1212204924
-467.13 3394.68 1212204991
-524.746 3765.5 1212205050
-593.884 4191.07 1212205096
-749.003 4223.46 1212205205
-739.253 4215.64 1212205267
-730.389 4217.87 1212205273
-593.884 4451.33 1212205389
-248.19 4503.83 1212205453
-91.2986 4533.99 1212205514
-29.251 4385.43 1212205605
373.172 4395.48 1212205660
717.979 4370.91 1212205725
736.594 4264.79 1212205758
812.824 3806.82 1212205814
902.35 3331.01 1212205873
1191.31 3371.22 1212205933
1340.23 3306.44 1212205986
1339.34 3306.44 1212206031
1347.32 3270.7 1212206035
1346.43 3270.7 1212206036
1648.69 3231.61 1212206096
2184.08 3315.38 1212206157
2371.99 3122.16 1212206218
2279.81 2926.71 1212206284
2371.11 2707.81 1212206344
2550.16 2552.58 1212206398
2913.58 2186.28 1212206471
3273.45 1825.58 1212206518
3562.42 1849.03 1212206578
3561.53 1845.68 1212206602
3567.74 1852.38 1212206605
3688.29 2209.73 1212206733
3564.19 2669.84 1212206799
3762.74 2830.66 1212206853
3782.25 2868.63 1212206876
3998.53 3083.07 1212206973
3729.06 3386.86 1212207033
3411.73 3642.63 1212207113
3169.75 3649.33 1212207153
2435.81 3467.27 1212207273
1841.93 3372.34 1212207333
1241.84 3286.34 1212207393
1184.22 3368.99 1212207454
1152.31 3575.62 1212207529
1131.04 3687.31 1212207577
1116.86 3763.26 1212207601
1226.77 3893.95 1212207659
1221.45 4072.66 1212207715
1211.7 4147.5 1212207782
1083.17 4191.07 1212207821
929.828 4163.14 1212207874
887.281 4292.71 1212207939
842.961 4557.45 1212207999
-56.7292 4427.87 1212208070
-1696.56 4561.92 1212208250
-2112.28 4405.53 1212208301
-2127.35 4335.16 1212208336
-2107.85 4329.58 1212208361
-1874.72 4644.58 1212208403
-1559.17 4481.49 1212208437
-1182.45 4177.66 1212208497
-908.554 4269.26 1212208571
-474.221 4358.62 1212208677
-483.971 4430.11 1212208737
-292.51 4499.37 1212208798
-46.9789 4506.07 1212208862
-36.3422 4453.57 1212208926
39.8877 3978.84 1212209052
83.3211 3721.93 1212209109
42.5469 3704.06 1212209117
-82.4347 4318.41 1212209237
-23.9326 4325.11 1212209285
225.144 4160.91 1212209398
429.901 4191.07 1212209409
857.143 4258.09 1212209469
1013.15 4287.13 1212209519
1186.88 4259.2 1212209579
1257.79 3832.51 1212209640
1298.57 3616.94 1212209702
1332.25 3399.14 1212209761
1801.15 3461.69 1212209821
2040.48 3525.35 1212209881
2418.08 3589.02 1212209944
2726.55 3706.3 1212210001
2859.51 3630.35 1212210052
2932.19 3480.68 1212210111
2964.99 3251.71 1212210226
3108.59 3045.09 1212210271
2923.33 2851.88 1212210322
2828.48 2764.77 1212210413
2793.03 2736.85 1212210470
2793.92 2732.38 1212210473
3126.31 2937.88 1212210546
3167.97 3181.35 1212210559
3400.21 3421.48 1212210652
3399.32 3429.3 1212210675
3421.48 3070.78 1212210805
3130.75 2792.69 1212210874
3045.65 2847.41 1212210939
3414.39 3422.6 1212210998
2790.37 3484.03 1212211059
2429.61 3467.27 1212211114
1762.15 3364.52 1212211181
1225.88 3275.17 1212211234
354.558 3128.86 1212211359
-1181.56 2751.37 1212211474
-1659.33 2670.96 1212211537
-2059.09 2649.74 1212211613
-2489.88 2552.58 1212211720
-2490.77 2552.58 1212211738
-2520.02 2321.4 1212211779
-1825.97 2351.56 1212211841
-594.771 1371.1 1212212022
-1.77279 1473.83 1212212098
549.565 1570.98 1212212144
778.254 1225.94 1212212210
1022.9 700.037 1212212323
1014.04 523.626 1212212376
1037.08 185.331 1212212436
1071.65 -190.909 1212212505
1089.38 -363.951 1212212538
1144.34 -1081.76 1212212598
1178.9 -1360.83 1212212658
1519.28 -1353.01 1212212727
1461.66 -1500.36 1212212760
1425.32 -1567.33 1212212770
1403.16 -1606.4 1212212809
1445.71 -1347.43 1212212879
1739.11 -1060.55 1212212992
1695.67 -525.826 1212213050
1646.03 150.721 1212213101
1608.81 587.268 1212213166
1586.65 1066.27 1212213237
1862.31 1799.9 1212213296
2334.76 2266.68 1212213351
2642.34 2574.91 1212213402
2866.6 2842.95 1212213463
2910.92 2981.43 1212213533
2797.46 3418.13 1212213583
2707.94 3629.23 1212213643
2697.3 4029.1 1212213717
3108.59 4097.24 1212213764
3108.59 4097.24 1212213792
3204.32 3969.9 1212213852
3528.74 3889.48 1212213912
3051.86 3594.6 1212214039
2997.79 3681.72 1212214093
2952.58 3683.96 1212214114
2776.19 3726.4 1212214181
2773.53 4032.45 1212214235
2836.46 4129.63 1212214331
2824.94 4192.18 1212214337
3111.24 4234.63 1212214409
3097.06 4103.94 1212214419
3193.68 3916.29 1212214479
3012.85 3561.1 1212214540
2520.02 3503.02 1212214600
1745.31 3355.58 1212214660
1249.82 3278.52 1212214705
787.118 3205.92 1212214765
-361.649 3019.41 1212214894
-1052.15 2815.02 1212214945
-1570.69 1975.22 1212215082
-2022.75 1814.41 1212215149
-2023.64 1835.63 1212215155
-2041.37 2125.97 1212215212
-1777.22 2366.07 1212215311
-1062.79 2473.28 1212215370
-962.624 2903.25 1212215417
-975.92 3012.7 1212215484
-288.078 3246.13 1212215594
136.505 3314.26 1212215655
103.708 3599.07 1212215726
53.1837 3937.51 1212215777
250.85 4159.79 1212215836
404.196 4186.6 1212215897
688.728 4235.75 1212215967
1000.74 4280.43 1212216027
1010.49 4281.54 1212216033
1817.11 4413.35 1212216153
2278.92 4489.31 1212216218
2336.54 4594.32 1212216273
2338.31 4603.25 1212216292
2422.52 4618.89 1212216293
2680.46 4447.98 1212216354
2822.28 4253.62 1212216419
2868.37 3947.56 1212216481
2848.87 3729.75 1212216541
2982.72 3203.69 1212216610
3071.36 3040.63 1212216667
3079.33 3028.34 1212216706
3063.38 2994.84 1212216752
3061.61 2992.6 1212216755
2973.85 2931.17 1212216810
3027.92 3007.12 1212216866
2035.16 1998.67 1212217051
1870.29 1809.95 1212217114
1537.89 1480.53 1212217176
1169.15 1214.77 1212217305
1206.38 686.638 1212217418
842.961 511.345 1212217640
843.848 512.461 1212217678
453.834 481.199 1212217695
229.576 462.218 1212217753
20.3871 608.481 1212217813
0.886394 906.598 1212217864
-218.939 1856.85 1212217980
-604.521 1809.95 1212218052
-652.386 1769.75 1212218117
-382.036 1841.21 1212218186
-246.418 2054.5 1212218243
-282.76 2273.38 1212218300
-198.552 2616.23 1212218351
282.76 3226.03 1212218538
816.369 3315.38 1212218594
1109.77 3365.64 1212218654
1466.98 3415.9 1212218714
1615.01 3437.12 1212218734
1661.1 3209.27 1212218795
1664.65 3116.57 1212218847
1512.19 3194.75 1212218894
1437.73 3642.63 1212218975
1383.66 3998.94 1212219014
1357.96 4160.91 1212219084
1273.75 4688.15 1212219139
1073.42 4930.56 1212219207
1377.46 4955.14 1212219264
1473.19 4368.67 1212219324
1600.83 3571.15 1212219445
1650.47 3280.75 1212219511
1713.4 2864.16 1212219565
1831.29 2102.52 1212219652
2241.69 1680.41 1212219711
2388.83 1529.66 1212219735
2389.72 1530.78 1212219771
2399.47 1454.85 1212219832
2390.61 1463.78 1212219902
2387.95 1474.95 1212219955
2402.13 1457.08 1212220027
2401.24 1459.31 1212220083
2408.33 1449.27 1212220193
2493.43 1431.4 1212220230
2625.5 1291.82 1212220294
2764.66 1152.25 1212220351
2871.92 176.399 1212220465
2989.81 -254.544 1212220534
2928.65 -550.386 1212220591
