-4010.05 -4601.78 1212823575
-4009.16 -4601.78 1212823601
-3737.04 -4764.69 1212823637
-2041.37 -5585.87 1212823878
-1117.74 -4650.88 1212823943
-319.988 -3360.91 1212823994
1158.52 -3194.62 1212824050
2491.65 -2651.11 1212824106
2822.28 -1473.57 1212824171
2288.67 -1308.36 1212824236
1756.83 -1293.85 1212824287
1729.36 -919.893 1212824352
1734.67 -747.979 1212824407
1732.01 -751.328 1212824472
1732.9 -750.212 1212824527
1687.7 -376.231 1212824657
1669.08 -168.58 1212824687
1656.67 11.1644 1212824722
1622.1 417.559 1212824782
1601.71 1131.03 1212824842
1819.77 1211.43 1212824879
1909.29 1296.29 1212824924
2041.37 1420.23 1212824988
2052.89 1433.63 1212825004
1899.54 1747.41 1212825050
1607.03 1547.53 1212825110
1375.68 1313.04 1212825171
1303 627.462 1212825291
1307.43 548.19 1212825352
1385.43 542.607 1212825358
1593.74 551.539 1212825413
1783.43 916.647 1212825473
1789.63 1038.35 1212825534
1914.61 1299.64 1212825595
2113.16 1495.05 1212825655
2398.58 1511.8 1212825715
2395.92 1482.76 1212825775
2393.26 1492.81 1212825835
2389.72 1519.61 1212825896
2388.83 1486.11 1212825956
2387.06 1495.05 1212826016
2392.38 1485 1212826077
2532.43 1383.38 1212826137
2817.85 884.267 1212826201
2834.69 698.92 1212826219
