3737.04 -971.244 1211847042
3732.61 -983.523 1211847103
3731.72 -985.756 1211847164
3732.61 -987.988 1211847225
3722.86 -983.523 1211847285
3643.97 -933.289 1211847345
3608.51 -990.221 1211847396
3575.72 -1019.24 1211847452
3572.17 -1100.73 1211847512
3572.17 -1100.73 1211847572
3569.51 -1102.97 1211847632
3570.4 -1104.08 1211847692
3570.4 -1104.08 1211847752
3573.06 -1104.08 1211847812
3573.94 -1134.22 1211847872
3573.06 -1136.46 1211847932
3361.21 -1006.97 1211847993
3286.75 -635.229 1211848052
3258.39 -281.338 1211848117
3400.21 -22.3287 1211848172
3370.07 381.831 1211848233
3150.25 534.791 1211848297
3144.93 531.442 1211848354
3097.95 526.976 1211848386
2852.42 524.743 1211848424
2812.53 1058.45 1211848484
3095.29 1388.97 1211848544
3570.4 1842.33 1211848608
3572.17 1843.45 1211848611
3267.25 1562.05 1211848671
2892.31 1431.4 1211848731
2520.91 1789.85 1211848791
2070.62 2253.28 1211848858
1786.97 2016.54 1211848913
1472.3 1712.8 1211848974
1476.73 1735.13 1211848994
1381.89 2203.03 1211849059
1290.59 2682.12 1211849114
1240.95 3175.77 1211849174
1795.84 3265.12 1211849237
2342.74 3347.77 1211849295
2510.27 3472.86 1211849357
2517.36 3514.19 1211849416
2505.84 3485.15 1211849476
2501.41 3482.91 1211849505
2723 3586.79 1211849565
3003.99 3525.35 1211849629
3339.93 3723.05 1211849685
3473.78 3756.56 1211849746
3323.98 3730.87 1211849819
3468.46 3826.93 1211849879
3248.64 4598.78 1211849951
3425.03 3933.04 1211850009
3425.03 3941.98 1211850087
3421.48 3921.87 1211850147
3423.26 3917.4 1211850149
3329.3 4139.68 1211850214
3173.29 4292.71 1211850273
3015.51 4293.83 1211850329
2544.84 4215.64 1211850373
2193.83 4157.56 1211850387
1094.7 3979.95 1211850447
929.828 4042.5 1211850511
832.324 4661.34 1211850577
589.452 4863.53 1211850629
332.398 5004.29 1211850695
341.262 5051.21 1211850750
334.171 5191.97 1211850811
335.943 5194.2 1211850838
335.943 5196.44 1211850839
329.739 5177.44 1211850908
199.439 5060.15 1211850964
170.188 5029.98 1211851019
322.648 4805.44 1211851079
381.15 4620.01 1211851139
281.873 4477.02 1211851200
282.76 4475.91 1211851254
834.097 4573.09 1211851329
1279.95 4433.46 1211851379
1348.21 4192.18 1211851434
1348.21 4192.18 1211851439
1424.44 4141.92 1211851499
1480.28 4348.57 1211851564
1432.41 4655.75 1211851619
1383.66 4940.61 1211851683
1382.78 4952.9 1211851739
1605.26 5021.05 1211851810
1958.93 5055.68 1211851860
1975.77 4943.96 1211851912
2015.66 4741.77 1211851993
2073.28 4340.75 1211852033
2118.48 4043.62 1211852097
2317.04 3738.69 1211852153
2327.67 3620.29 1211852215
2349.83 3497.43 1211852273
2356.92 3488.5 1211852333
2383.51 3385.74 1211852394
2381.74 3385.74 1211852413
2384.4 3385.74 1211852453
2390.61 3332.13 1211852513
2102.53 3280.75 1211852573
2649.43 3404.73 1211852633
2780.62 3566.68 1211852693
2698.18 4065.96 1211852753
2409.22 4356.38 1211852813
2355.15 4410 1211852873
2144.19 4865.77 1211852949
2113.16 5064.61 1211853000
2085.69 5179.68 1211853054
2060.87 5387.47 1211853117
2062.64 5393.06 1211853174
1957.16 5400.88 1211853234
1929.68 5393.06 1211853237
1925.25 5391.94 1211853238
1918.16 5315.97 1211853300
1866.75 5171.86 1211853369
1213.47 5065.73 1211853427
962.624 4730.6 1211853479
979.466 4623.36 1211853547
1078.74 3988.89 1211853604
1141.68 3606.89 1211853660
1153.2 3490.73 1211853719
1153.2 3490.73 1211853722
1073.42 3465.04 1211853750
1040.63 3565.56 1211853876
1279.95 3600.19 1211853934
1417.34 3801.24 1211853993
1314.52 3812.41 1211854054
1313.64 3814.64 1211854115
1261.34 3853.74 1211854175
1419.12 3765.5 1211854236
1613.24 3750.98 1211854296
1888.02 3704.06 1211854356
2102.53 3632.58 1211854417
2333.88 3511.95 1211854477
2340.08 3518.65 1211854527
2561.68 3592.37 1211854587
2923.33 3618.06 1211854649
3460.48 3602.42 1211854698
3581.03 3383.51 1211854752
3585.47 3371.22 1211854774
3586.35 3370.1 1211854776
3316 3572.27 1211854824
2687.55 3513.07 1211854885
2510.27 3485.15 1211854945
2515.59 3478.44 1211855006
2518.25 3479.56 1211855066
2519.13 3475.09 1211855127
2519.13 3476.21 1211855187
2520.02 3476.21 1211855248
2523.56 3478.44 1211855308
2514.7 3478.44 1211855369
2518.25 3479.56 1211855432
2520.02 3478.44 1211855491
2521.79 3476.21 1211855557
2519.13 3479.56 1211855612
2520.91 3484.03 1211855670
2520.02 3484.03 1211855702
2519.13 3482.91 1211855762
2520.02 3480.68 1211855824
2525.34 3482.91 1211855884
2527.11 3481.79 1211855946
2528.88 3478.44 1211855967
2528.88 3482.91 1211856027
2522.68 3487.38 1211856122
2517.36 3494.08 1211856182
2518.25 3492.96 1211856243
2521.79 3489.61 1211856303
2520.91 3494.08 1211856364
2517.36 3500.78 1211856424
2516.47 3500.78 1211856485
2516.47 3495.2 1211856535
2509.38 3544.34 1211856595
2199.14 3532.06 1211856667
1702.76 3460.57 1211856715
1631.85 3547.69 1211856773
1544.1 3328.78 1211856832
1061.01 3243.9 1211856892
933.373 3069.66 1211856927
1032.65 2452.07 1211856987
1113.31 1926.08 1211857059
1190.43 1460.43 1211857107
1107.11 1406.83 1211857167
756.094 1366.63 1211857256
400.65 1217.01 1211857325
347.467 1212.54 1211857377
347.467 1222.59 1211857404
42.5469 1010.44 1211857505
-74.4571 998.157 1211857532
-243.758 995.923 1211857621
103.708 1282.89 1211857720
279.214 1548.65 1211857781
254.395 1735.13 1211857841
195.893 2099.17 1211857910
322.648 2149.43 1211857961
285.419 2455.42 1211858024
319.988 2550.34 1211858091
322.648 2553.69 1211858116
321.761 2554.81 1211858124
409.514 2630.75 1211858182
410.401 2683.24 1211858210
474.221 3046.21 1211858266
462.698 3155.66 1211858326
181.711 3132.21 1211858401
268.578 3335.48 1211858466
249.077 3621.41 1211858507
113.458 3618.06 1211858573
114.345 3621.41 1211858634
116.118 3624.76 1211858688
119.663 3633.7 1211858822
115.231 3629.23 1211858868
116.118 3628.11 1211858935
-46.0925 3682.84 1211858989
-328.852 3650.45 1211859051
-665.682 3618.06 1211859123
-585.907 3520.89 1211859183
-472.448 3347.77 1211859268
-469.789 3348.88 1211859317
-414.833 3041.74 1211859358
-360.763 2676.54 1211859419
-281.873 2191.86 1211859497
-212.735 1773.1 1211859547
281.873 1522.96 1211859660
848.279 1586.61 1211859720
1014.04 1642.45 1211859780
1125.72 1229.29 1211859840
1125.72 1229.29 1211859854
2504.06 956.843 1211859917
2667.16 -169.697 1211859961
2707.94 -1672.25 1211860019
3030.58 -4021.54 1211860121
3542.92 -5465.37 1211860170
3802.63 -6923.46 1211860210
4068.55 -8408.05 1211860258
3924.95 -9895.71 1211860322
2928.65 -11006.3 1211860370
2812.53 -13993.8 1211860478
3829.22 -16227 1211860580
4439.06 -16194.7 1211860638
4501.11 -15912.8 1211860671
4392.08 -15850.4 1211860739
4384.99 -15847 1211860795
4384.11 -15841.5 1211860855
4384.99 -15840.3 1211860889
4324.72 -15864.9 1211860892
4199.74 -16026.4 1211860965
3300.05 -15874.9 1211861012
2969.42 -14451.8 1211861077
2450.88 -14027.2 1211861106
1031.76 -14406.1 1211861164
-188.802 -14144.2 1211861228
-881.076 -12998.4 1211861284
-1449.25 -12969.4 1211861344
-2419.86 -13132.2 1211861404
-2487.22 -13513.4 1211861464
-2392.38 -13793.1 1211861524
-2435.81 -13862.2 1211861584
-2436.7 -13862.2 1211861644
-2435.81 -13860 1211861705
-2434.93 -13860 1211861769
-2434.93 -13858.9 1211861826
-2434.04 -13858.9 1211861886
-2434.04 -13860 1211861947
-2437.58 -13862.2 1211861998
-2585.61 -13950.3 1211862054
-2633.48 -13627.1 1211862118
-2542.18 -13540.1 1211862173
-2762.89 -13182.3 1211862234
-3188.36 -12292.8 1211862294
-3534.05 -11146.8 1211862354
-3925.84 -10616 1211862423
-3561.53 -9883.45 1211862474
-3151.13 -8404.7 1211862529
-3148.47 -6911.19 1211862582
-2533.32 -5551.28 1211862640
-1197.52 -4918.67 1211862695
825.233 -3196.86 1211862804
2288.67 -2905.57 1211862861
3050.97 -2431.24 1211862893
3878.86 -1167.71 1211862950
3840.75 336.055 1211863012
4066.78 310.376 1211863081
4076.53 203.194 1211863132
3963.96 24.5617 1211863186
3729.06 275.765 1211863245
4079.19 200.961 1211863311
3681.2 5.58219 1211863370
3643.97 260.134 1211863428
3381.59 319.308 1211863486
3089.97 533.675 1211863546
3010.2 711.202 1211863584
3335.5 689.988 1211863646
3631.56 701.153 1211863699
3706.9 869.752 1211863759
3696.26 882.034 1211863781
3743.24 782.661 1211863840
4106.67 755.864 1211863901
4086.28 742.465 1211863966
4133.26 850.77 1211864022
4131.48 857.469 1211864052
4093.37 1325.32 1211864111
3961.3 1937.25 1211864181
3909 1977.45 1211864233
3489.73 2402.93 1211864296
3216.73 2675.42 1211864354
3012.85 2882.03 1211864412
2644.11 3495.2 1211864531
1982.86 3367.87 1211864590
1355.3 3272.93 1211864649
1316.3 3281.87 1211864715
1295.02 3314.26 1211864738
1302.11 3299.74 1211864744
1184.22 3480.68 1211864803
1127.49 3815.76 1211864863
1412.03 3919.64 1211864923
1507.76 4204.47 1211864993
1481.17 4259.2 1211865044
1480.28 4260.32 1211865053
1558.28 3919.64 1211865114
1656.67 3247.25 1211865205
1712.51 2903.25 1211865265
1852.56 2851.88 1211865317
2188.51 2908.84 1211865377
2189.39 2909.96 1211865384
2229.28 2915.54 1211865386
2197.37 2828.43 1211865447
1755.95 2718.98 1211865506
1454.57 2679.89 1211865566
1117.74 2817.26 1211865626
678.978 2787.1 1211865686
101.049 2775.94 1211865756
100.163 2770.35 1211865767
99.2762 2769.24 1211865773
98.3898 2768.12 1211865788
369.626 3021.64 1211865842
1061.9 3230.49 1211865902
971.488 3681.72 1211865962
1039.74 3983.3 1211866027
1520.17 4034.69 1211866083
2222.19 4375.37 1211866145
2222.19 4489.31 1211866186
2222.19 4489.31 1211866190
2222.19 4490.43 1211866211
2296.65 4366.44 1211866274
2063.53 4436.81 1211866337
1832.18 4644.58 1211866392
1724.92 4700.44 1211866420
1413.8 4784.22 1211866558
1238.29 4646.82 1211866601
1557.4 4497.13 1211866664
1762.15 4348.57 1211866727
1800.27 4170.96 1211866782
1839.27 3919.64 1211866842
1855.22 3707.41 1211866902
2081.25 3538.76 1211866962
2218.65 3520.89 1211867022
2218.65 3519.77 1211867032
2459.74 3585.67 1211867092
2949.03 3587.9 1211867153
2938.4 3194.75 1211867214
2968.53 3170.18 1211867255
2968.53 3170.18 1211867258
3074.9 3083.07 1211867321
2901.17 3023.87 1211867377
2924.22 3363.4 1211867427
3011.08 3609.12 1211867493
3152.91 3700.71 1211867545
3549.12 3701.83 1211867610
3786.68 3476.21 1211867669
3919.64 3346.65 1211867789
4223.67 3083.07 1211867849
4180.24 2339.27 1211867910
3894.82 2044.45 1211867970
3338.16 1309.69 1211868031
3766.29 295.861 1211868099
3565.96 186.447 1211868151
3561.53 267.95 1211868182
3397.55 148.488 1211868249
3377.16 349.453 1211868348
3379.82 329.356 1211868371
3818.59 296.978 1211868432
3385.14 1463.78 1211868497
4150.99 2246.58 1211868558
4231.65 2720.1 1211868623
4189.99 2749.13 1211868674
4176.69 2734.61 1211868676
3763.63 2341.51 1211868740
3293.84 1865.78 1211868801
2951.69 1517.38 1211868856
2493.43 1053.99 1211868921
1973.11 959.077 1211868977
2011.23 388.53 1211869037
2052 -132.855 1211869097
2268.28 -290.269 1211869157
2276.26 -281.338 1211869229
2274.49 -286.92 1211869278
2271.83 -293.618 1211869320
2313.49 -288.036 1211869380
2449.11 -97.1296 1211869441
2506.72 197.612 1211869501
2686.66 442.121 1211869562
2864.83 384.064 1211869623
2739.85 70.3359 1211869699
2958.78 211.01 1211869756
3155.56 -133.971 1211869848
3167.97 -394.093 1211869918
3168.86 -400.792 1211869929
2936.62 -624.065 1211869989
2613.98 -649.741 1211870049
2563.45 -283.57 1211870085
2218.65 -286.92 1211870143
1893.34 -310.364 1211870203
1627.42 -336.041 1211870264
1477.62 -190.909 1211870313
1473.19 -49.1231 1211870362
1481.17 1.11644 1211870364
1628.31 26.7946 1211870403
1808.24 -145.136 1211870463
2139.76 -194.258 1211870520
2358.7 -279.105 1211870572
2456.2 3.34932 1211870626
2460.63 192.03 1211870664
2613.09 212.126 1211870718
2748.71 502.413 1211870778
2871.92 156.303 1211870838
2966.76 133.974 1211870898
2959.67 214.359 1211870959
3052.74 381.831 1211871019
3301.82 158.536 1211871079
3477.33 -18.9794 1211871140
3645.74 237.805 1211871205
3612.94 567.17 1211871261
3181.27 539.257 1211871323
2843.55 635.278 1211871383
2819.62 879.801 1211871443
2828.48 801.642 1211871506
2808.98 1013.79 1211871563
