758.754 988.107 1211085787
288.965 520.277 1211085838
-762.299 -202.073 1211085959
-574.384 -666.487 1211086018
-813.71 -1389.85 1211086079
-862.462 -833.937 1211086139
-825.233 -745.747 1211086178
-825.233 -745.747 1211086180
-808.392 -701.093 1211086240
-839.416 -993.57 1211086300
-825.233 -1374.22 1211086361
-812.824 -1449.01 1211086421
-674.546 -1139.8 1211086482
-593.884 -732.351 1211086533
-793.323 -159.649 1211086582
-647.068 32.3768 1211086666
-932.487 -154.067 1211086727
-1099.13 331.589 1211086839
-1107.11 385.18 1211086894
-1084.06 722.367 1211086956
-1158.52 1176.81 1211087019
-897.918 1336.49 1211087072
-1037.97 2454.3 1211087194
-672.773 2856.35 1211087260
-86.8667 3838.1 1211087448
43.4333 4127.4 1211087558
604.521 4214.52 1211087673
603.635 4213.41 1211087687
626.681 4221.22 1211087704
924.509 3943.09 1211087820
1051.26 3978.84 1211087885
1100.9 3866.02 1211087947
1266.66 3595.72 1211088009
1615.9 3482.91 1211088061
1634.51 3357.82 1211088121
1686.81 3055.14 1211088192
1865.86 3052.91 1211088251
2086.57 3109.87 1211088299
2054.66 3129.97 1211088331
2108.73 3089.77 1211088391
2121.14 3121.04 1211088409
2197.37 3323.19 1211088474
2371.11 3305.32 1211088529
2395.04 3269.58 1211088566
2418.08 3253.95 1211088625
2567 3080.83 1211088692
2861.28 3075.25 1211088820
3040.33 3096.47 1211088866
3220.27 2924.47 1211088923
3220.27 2924.47 1211088928
3177.72 2803.86 1211089016
3143.15 2760.3 1211089041
3108.59 2923.36 1211089103
3266.36 2909.96 1211089161
3458.71 2944.58 1211089221
3714.88 3087.53 1211089281
3796.43 3172.42 1211089315
3797.31 3171.3 1211089325
4072.98 2911.07 1211089386
3818.59 3180.23 1211089454
3693.61 3266.23 1211089508
3365.64 2726.8 1211089633
3420.6 2522.42 1211089692
3240.66 2261.1 1211089753
3409.07 2104.76 1211089808
3411.73 2098.06 1211089869
3050.08 1622.35 1211089929
2750.48 1563.16 1211089989
2496.97 1824.46 1211090049
2055.55 2270.03 1211090109
1638.06 2310.24 1211090180
1362.39 2311.35 1211090242
1335.8 2523.54 1211090299
1115.97 2882.03 1211090410
1020.24 3468.39 1211090470
903.236 4225.69 1211090535
444.97 4200 1211090659
444.97 4201.12 1211090724
280.987 4346.33 1211090790
269.464 4461.39 1211090804
716.207 4533.99 1211090867
717.979 4542.93 1211090979
999.853 4708.26 1211090992
1489.14 5170.74 1211091177
1489.14 5170.74 1211091191
1447.48 5194.2 1211091245
1370.37 4985.3 1211091370
1528.14 4027.98 1211091484
1575.12 3666.09 1211091538
1619.44 3503.02 1211091598
1474.07 3294.16 1211091658
1231.2 3291.92 1211091718
909.441 3238.31 1211091789
172.847 3093.12 1211091847
-622.249 2979.2 1211091911
-1209.93 2740.2 1211091966
-1264 2301.3 1211092020
-1435.96 2278.97 1211092080
-1435.96 2278.97 1211092100
-1439.5 2284.55 1211092139
-1435.07 2277.85 1211092224
-1449.25 2382.83 1211092282
-1190.43 2446.48 1211092339
-1177.13 2399.58 1211092403
-997.194 1988.62 1211092446
-908.554 1430.28 1211092508
-662.137 1361.05 1211092579
-49.6381 1466.01 1211092628
489.29 1549.76 1211092691
959.079 1621.23 1211092747
1167.38 1174.58 1211092807
2442.02 966.893 1211092867
2591.82 -39.0752 1211092927
2776.19 -1389.85 1211092988
2306.4 -2811.83 1211093046
863.348 -3180.12 1211093097
-203.871 -3183.46 1211093166
-579.702 -3175.65 1211093217
-578.816 -3177.88 1211093254
-580.588 -3177.88 1211093262
-942.237 -3202.44 1211093317
-396.218 -3194.62 1211093374
291.624 -3155.56 1211093434
1768.36 -3153.33 1211093491
2786.82 -2671.2 1211093537
3724.63 -1505.94 1211093579
3854.04 -26.7945 1211093636
3637.76 340.521 1211093697
2865.71 519.16 1211093873
2540.41 344.987 1211093928
2061.75 -282.454 1211094074
1998.82 -672.068 1211094114
1826.86 -1005.85 1211094170
1735.56 -1051.62 1211094229
1730.24 -1318.41 1211094289
1727.58 -1318.41 1211094301
1381.89 -1339.62 1211094358
1179.79 -1348.55 1211094386
762.299 -1311.71 1211094446
723.298 -974.593 1211094506
722.411 -973.476 1211094571
734.821 -982.407 1211094632
735.707 -981.29 1211094688
731.275 -977.942 1211094710
737.48 -982.407 1211094837
730.389 -980.174 1211094911
734.821 -981.29 1211094970
737.48 -982.407 1211095026
728.616 -974.593 1211095086
732.162 -977.942 1211095160
734.821 -975.709 1211095219
634.658 -858.496 1211095268
370.513 -879.706 1211095388
443.197 -877.473 1211095449
472.448 -871.892 1211095509
519.427 -873.008 1211095574
358.103 -878.59 1211095630
159.551 -974.593 1211095691
142.71 -907.614 1211095720
433.447 -875.241 1211095777
625.794 -953.383 1211095837
715.32 -686.581 1211095902
687.842 -337.157 1211095967
652.386 97.1307 1211096023
638.204 313.725 1211096078
615.158 647.56 1211096138
610.726 804.992 1211096198
609.839 808.341 1211096205
825.233 1040.59 1211096265
1077.86 1294.05 1211096325
1545.87 1760.81 1211096385
1708.97 1900.4 1211096445
1990.84 2189.63 1211096515
2169.01 2367.19 1211096580
2410.99 2625.17 1211096625
2795.69 3035.04 1211096745
2850.64 3043.98 1211096799
2884.33 3135.56 1211096830
2748.71 3008.24 1211096895
2472.15 2720.1 1211096918
2239.03 2583.85 1211096978
1742.65 2501.2 1211097052
1149.65 2398.46 1211097103
637.318 2323.64 1211097158
208.303 2057.85 1211097223
218.939 1942.83 1211097279
218.939 1942.83 1211097281
131.186 1921.62 1211097315
-351.899 1850.15 1211097368
-483.971 2039.99 1211097421
-521.2 2034.4 1211097462
-428.129 2247.7 1211097536
-177.279 2551.46 1211097588
364.308 2727.91 1211097643
1115.08 2726.8 1211097764
1120.4 2848.53 1211097831
1007.83 3562.21 1211097884
936.919 3975.49 1211097944
1008.72 4284.89 1211098006
1124.83 4306.12 1211098064
1573.35 4376.49 1211098124
1884.47 4613.31 1211098218
1881.82 4608.84 1211098219
2009.46 4660.22 1211098270
2019.21 4668.04 1211098337
1728.47 4668.04 1211098401
1692.13 4929.44 1211098410
1726.7 4935.03 1211098413
1709.85 4977.48 1211098502
1615.9 5029.98 1211098528
1259.57 4968.54 1211098588
804.846 4894.81 1211098648
723.298 4563.04 1211098723
688.728 4555.22 1211098739
-89.5258 4427.87 1211098790
-801.301 4319.52 1211098856
-1182.45 4176.54 1211098915
-1292.36 3887.24 1211098976
-1048.6 3436 1211099036
-1006.94 3037.28 1211099090
-1001.63 2894.32 1211099156
-1023.79 2520.19 1211099212
-1006.94 2046.69 1211099276
-915.645 1460.43 1211099335
-1148.77 1114.28 1211099391
-1295.02 808.341 1211099457
-1221.45 363.967 1211099518
-1150.54 348.336 1211099578
-1139.9 541.49 1211099631
-1513.08 481.199 1211099691
-2131.78 314.842 1211099751
-2523.56 244.504 1211099827
-2904.71 410.86 1211099874
-2912.69 524.743 1211099954
-2912.69 530.325 1211099968
-2816.08 449.937 1211100014
-2632.59 229.99 1211100079
-2322.35 660.958 1211100158
-2316.15 662.075 1211100228
-2316.15 662.075 1211100233
-2314.38 662.075 1211100292
-2317.92 662.075 1211100352
-1778.11 654.259 1211100412
-1563.6 893.199 1211100472
-1357.07 1040.59 1211100539
-1101.79 1076.32 1211100594
-1101.79 1076.32 1211100616
-910.327 1328.67 1211100678
-27.4782 1470.48 1211100728
631.999 1574.33 1211100803
977.693 1635.75 1211100866
1289.7 1682.65 1211100910
1182.45 2463.23 1211100979
1039.74 3341.06 1211101029
1014.04 3408.08 1211101091
1006.06 3412.55 1211101102
905.009 3236.08 1211101162
967.943 2848.53 1211101222
1085.83 2110.34 1211101294
1084.95 2092.47 1211101325
1084.95 2092.47 1211101336
1155.86 1667.01 1211101396
1133.7 1364.4 1211101456
890.826 1129.91 1211101528
445.856 674.356 1211101587
438.765 674.356 1211101618
188.802 426.491 1211101677
-317.329 236.688 1211101737
-892.599 196.495 1211101798
-1320.73 160.769 1211101864
-1435.96 155.186 1211101918
-1435.07 155.186 1211101956
-1442.16 160.769 1211102004
-1227.66 392.996 1211102124
-991.875 179.749 1211102179
-385.582 226.64 1211102239
-239.326 193.146 1211102299
-146.255 183.098 1211102337
20.3871 257.901 1211102392
536.269 746.931 1211102452
990.989 873.101 1211102512
1556.51 919.997 1211102572
1783.43 1011.56 1211102632
1927.02 1310.8 1211102660
2315.26 1698.28 1211102721
2796.57 2179.58 1211102782
3244.2 2635.22 1211102842
3245.98 2666.49 1211102872
3246.86 2666.49 1211102874
3097.06 2806.09 1211102932
2980.94 2956.86 1211102993
3211.41 3148.96 1211103053
3389.57 3192.52 1211103118
3502.14 3215.97 1211103174
3279.66 2936.76 1211103228
3136.95 2794.92 1211103294
2964.1 2944.58 1211103347
2831.14 3104.29 1211103408
2618.41 3291.92 1211103489
2633.48 3328.78 1211103506
2633.48 3328.78 1211103508
2548.38 3228.26 1211103701
2657.41 3253.95 1211103763
2570.54 3068.55 1211103835
2409.22 3031.69 1211103862
2136.21 2971.38 1211103922
1409.37 2855.23 1211103982
833.211 2813.91 1211104042
440.538 2751.37 1211104117
-625.794 2576.03 1211104163
-639.977 2640.8 1211104197
-639.977 2640.8 1211104203
-90.4122 2741.31 1211104258
246.418 2685.47 1211104318
106.367 2654.2 1211104379
263.259 2534.71 1211104443
316.443 2224.25 1211104498
459.152 2186.28 1211104562
1095.58 2291.25 1211104620
1186.88 2303.54 1211104644
1415.57 2340.39 1211104709
1673.51 2426.38 1211104764
2192.94 2466.58 1211104826
2382.63 2328.1 1211104885
2645 2065.67 1211104948
2970.31 2130.44 1211105011
2816.96 1921.62 1211105041
2979.17 1547.53 1211105101
2901.17 1196.91 1211105161
2697.3 793.826 1211105221
2569.66 818.39 1211105285
2570.54 809.458 1211105341
2574.09 818.39 1211105402
2601.57 923.346 1211105467
2795.69 940.095 1211105522
3000.45 749.164 1211105582
3261.93 539.257 1211105642
3327.52 260.134 1211105702
3674.1 284.697 1211105762
3811.5 109.412 1211105822
3806.18 -826.123 1211105882
3747.68 -999.151 1211105943
3582.81 -993.57 1211106003
3500.37 -1148.73 1211106065
3492.39 -1120.83 1211106125
3495.05 -1121.94 1211106185
3495.05 -1123.06 1211106246
3496.83 -1121.94 1211106306
3496.83 -1120.83 1211106367
3495.05 -1121.94 1211106427
3495.94 -1121.94 1211106497
3495.94 -1121.94 1211106548
3495.94 -1121.94 1211106583
3425.03 -1156.55 1211106643
2909.15 -1005.85 1211106703
2730.98 435.422 1211106763
2871.03 1869.13 1211106817
3494.17 2333.69 1211106877
3494.17 2333.69 1211106891
3138.72 2769.24 1211106938
2867.49 3055.14 1211106998
2805.44 3525.35 1211107066
2876.35 3998.94 1211107119
2986.26 4072.66 1211107180
2986.26 4072.66 1211107209
2981.83 4204.47 1211107265
2810.76 4258.09 1211107323
2694.64 4236.86 1211107384
2672.48 4173.19 1211107421
2551.04 4223.46 1211107481
2299.31 4175.43 1211107541
1245.38 4004.53 1211107601
1050.38 4132.98 1211107664
1052.15 4129.63 1211107670
1082.29 3991.12 1211107746
1588.42 4042.5 1211107802
2384.4 4183.25 1211107851
2616.64 4120.69 1211107916
2457.09 3802.36 1211107971
2489.88 3048.44 1211108031
2010.34 2879.8 1211108091
2142.42 2674.31 1211108151
2387.06 2802.74 1211108211
2593.59 2851.88 1211108274
2433.15 3028.34 1211108331
1988.18 2968.03 1211108391
1723.15 2930.06 1211108427
1655.78 2912.19 1211108451
2107.85 3184.7 1211108554
1870.29 3379.04 1211108613
1859.66 3377.92 1211108652
1793.18 3374.57 1211108720
1788.74 3362.29 1211108722
1786.97 3360.05 1211108725
1565.37 3320.96 1211108758
1357.07 3297.51 1211108815
1361.5 3298.62 1211108875
1334.02 3373.45 1211108936
1607.92 3440.47 1211108996
1977.55 3503.02 1211109057
2189.39 3532.06 1211109117
2628.16 3612.47 1211109182
3009.31 3744.27 1211109237
3334.62 3724.17 1211109298
3471.12 3728.64 1211109321
3409.96 3676.14 1211109381
3283.21 3507.48 1211109457
2839.12 3124.39 1211109502
2306.4 3016.06 1211109566
2034.28 2851.88 1211109618
2034.28 2853 1211109623
2188.51 2687.71 1211109680
2570.54 2609.53 1211109761
2200.03 2780.4 1211109821
2185.85 2975.85 1211109882
1961.59 3174.65 1211109942
1958.05 3174.65 1211109969
1956.27 3174.65 1211109971
1927.91 3163.48 1211109992
1494.46 3080.83 1211110053
1233.86 3043.98 1211110117
1284.39 2789.34 1211110173
1324.27 2531.36 1211110209
1094.7 2074.61 1211110269
573.497 1673.71 1211110329
-2.65918 1412.42 1211110395
-53.1837 1362.17 1211110415
-53.1837 1362.17 1211110417
-29.251 1023.84 1211110477
28.3646 401.928 1211110537
186.143 92.6649 1211110597
266.805 103.829 1211110657
266.805 101.597 1211110709
269.464 98.2472 1211110770
265.918 101.597 1211110830
263.259 108.295 1211110890
264.146 102.713 1211110950
264.146 103.829 1211111010
267.691 98.2472 1211111070
267.691 94.8978 1211111130
267.691 97.1307 1211111191
677.205 130.624 1211111251
1006.06 154.07 1211111312
1433.3 184.214 1211111372
1521.94 -785.935 1211111512
1553.85 -1195.62 1211111572
1552.08 -1319.52 1211111628
2221.3 -1321.76 1211111688
2713.25 -1235.8 1211111748
3166.2 -1186.69 1211111771
3744.13 -1054.97 1211111836
3600.53 -922.126 1211111891
3581.92 -957.848 1211111951
3580.15 -957.848 1211112011
3582.81 -972.36 1211112071
