2991.58 4046.97 1212435944
2970.31 4235.75 1212436003
2528 4256.97 1212436064
2065.3 4661.34 1212436125
1658.44 5015.46 1212436187
1475.85 5007.64 1212436250
1056.58 4938.38 1212436307
499.04 4850.13 1212436365
93.0714 4885.88 1212436428
26.5918 5044.51 1212436469
25.7054 5045.62 1212436470
990.103 4919.39 1212436650
1348.21 4978.6 1212436710
1872.95 4823.32 1212436780
2204.46 4527.29 1212436830
2205.35 4522.82 1212436840
2325.9 4424.52 1212436900
2406.56 4172.08 1212436961
2424.29 4026.87 1212437021
2486.34 3696.24 1212437140
2557.25 3170.18 1212437206
2620.18 2925.59 1212437266
2885.21 2591.66 1212437320
3210.52 2496.74 1212437380
3214.07 2331.45 1212437440
3175.95 2237.65 1212437500
2569.66 1359.93 1212437560
2589.16 46.8905 1212437624
2762.89 -1452.36 1212437682
2698.18 -3161.14 1212437807
1696.56 -3333.01 1212437929
1568.92 -3330.77 1212437980
1568.92 -3331.89 1212438011
1568.92 -3331.89 1212438012
1443.94 -3389.92 1212438098
1443.05 -3387.69 1212438155
1442.16 -3393.27 1212438215
1610.58 -3489.24 1212438275
2525.34 -3145.52 1212438395
2721.23 -3061.82 1212438459
3053.63 -2970.3 1212438518
2953.47 -3149.98 1212438612
2980.06 -3238.15 1212438644
3098.83 -3463.58 1212438706
3249.52 -3519.37 1212438733
3383.37 -3398.85 1212438788
3238 -3357.56 1212438848
3233.57 -3363.14 1212438910
3233.57 -3362.02 1212438968
3564.19 -3402.2 1212439088
3779.59 -3441.26 1212439147
3852.27 -3375.41 1212439207
3941.8 -3017.18 1212439270
4226.33 -2912.27 1212439328
4026.89 -2757.14 1212439392
3984.34 -2800.66 1212439449
3988.77 -2801.78 1212439506
3987.89 -2804.01 1212439572
3954.21 -2799.55 1212439592
4004.73 -2526.11 1212439652
4211.26 -202.073 1212439897
4180.24 112.761 1212439961
4164.28 424.258 1212440015
4124.39 946.794 1212440077
4065.89 1476.06 1212440137
4083.62 1241.57 1212440197
4118.19 782.661 1212440257
4158.08 169.7 1212440323
4210.37 -500.149 1212440380
4247.6 -1091.8 1212440444
3889.5 -1115.25 1212440500
3610.28 -983.523 1212440559
3580.15 -1003.62 1212440592
3581.03 -1003.62 1212440625
3583.69 -1009.2 1212440632
3586.35 -1009.2 1212440689
3584.58 -1005.85 1212440737
3476.44 -1152.08 1212440792
2673.37 232.222 1212440919
2623.73 1528.55 1212440974
2712.37 1585.5 1212441034
2739.85 1602.25 1212441053
2905.6 1747.41 1212441121
2723.89 2000.9 1212441173
2496.09 2232.06 1212441237
2279.81 2447.6 1212441297
2145.07 2990.37 1212441357
2076.82 3496.31 1212441417
2030.73 3719.7 1212441476
2045.8 3721.93 1212441481
2354.26 3765.5 1212441542
2389.72 3777.78 1212441602
2435.81 3792.3 1212441663
2640.57 3816.88 1212441723
2705.28 3826.93 1212441754
2873.69 3842.57 1212441817
3193.68 3753.21 1212441915
3465.8 3761.03 1212441973
3512.78 3716.35 1212442028
3813.27 3507.48 1212442083
3993.21 3336.6 1212442143
4175.8 3145.61 1212442193
4175.8 3145.61 1212442194
3968.39 3196.99 1212442254
3697.15 3394.68 1212442318
3490.62 3669.44 1212442366
3152.91 3691.78 1212442425
3147.59 3610.24 1212442486
3067.81 3585.67 1212442551
3066.92 3583.43 1212442606
3066.04 3581.2 1212442666
3069.58 3578.97 1212442726
3074.02 3576.73 1212442788
2947.26 3612.47 1212442846
2644.11 3599.07 1212442906
2370.22 3566.68 1212442966
1890.68 3491.85 1212443027
1652.24 3222.67 1212443087
1739.11 2819.49 1212443148
1755.06 2817.26 1212443208
1754.17 2817.26 1212443272
1744.42 2823.96 1212443329
1849.91 2890.97 1212443389
1816.22 3196.99 1212443450
1934.11 3281.87 1212443488
2410.11 3354.47 1212443543
2791.26 3402.49 1212443603
2880.78 3618.06 1212443663
3035.9 3648.22 1212443723
3074.9 3589.02 1212443754
3119.22 3606.89 1212443775
3124.54 3605.77 1212443803
2767.32 3548.81 1212443863
2393.26 3571.15 1212443924
2224.85 3540.99 1212443984
1872.07 3489.61 1212444044
1650.47 3286.34 1212444104
1716.06 3036.16 1212444164
1733.79 2760.3 1212444225
1796.72 2484.45 1212444286
1569.8 2256.63 1212444346
1520.17 2173.99 1212444380
1520.17 2173.99 1212444384
1420 2033.29 1212444462
1458.12 2242.11 1212444530
1516.62 2265.57 1212444554
1604.37 2395.11 1212444614
2200.92 2486.69 1212444674
2347.17 2431.96 1212444734
2560.79 2540.29 1212444794
2896.74 2848.53 1212444854
3204.32 3097.59 1212444914
3297.39 3320.96 1212444981
3675.88 3570.03 1212445035
3784.9 3707.41 1212445089
3829.22 3752.09 1212445156
3790.22 3816.88 1212445178
3468.46 3796.77 1212445298
3472.01 3728.64 1212445356
3394.89 3734.22 1212445422
3168.86 3620.29 1212445476
2930.42 3663.85 1212445537
2823.17 3633.7 1212445573
2465.06 3589.02 1212445633
2216.87 3543.23 1212445693
1625.65 3401.38 1212445756
1554.74 3103.17 1212445813
1532.58 3113.22 1212445831
1390.75 2993.72 1212445865
1414.69 2888.74 1212445925
1201.06 2849.65 1212445986
1111.54 2920.01 1212446045
1061.9 3239.43 1212446106
1047.72 3334.36 1212446139
1048.6 3334.36 1212446141
1149.65 3395.79 1212446201
1335.8 3327.66 1212446262
1375.68 3074.13 1212446322
1394.3 2955.75 1212446382
1441.28 2726.8 1212446442
1451.91 2626.28 1212446502
1547.64 2419.68 1212446562
1454.57 2289.02 1212446622
1515.73 2226.48 1212446799
1560.94 1957.35 1212446860
1724.04 1715.03 1212446920
2195.6 1250.51 1212446987
2463.29 1298.52 1212447044
2910.92 1740.71 1212447102
3058.95 1651.38 1212447135
