1459.01 3413.66 1211429580
1704.54 3453.87 1211429626
1499.78 3424.83 1211429686
1170.93 3373.45 1211429746
896.145 3221.56 1211429807
191.461 3110.99 1211429871
-714.434 2960.21 1211429928
-1023.79 2510.14 1211429991
-947.556 1665.9 1211430109
-1544.1 1115.4 1211430289
-1544.1 1116.51 1211430316
-1546.76 1109.81 1211430357
-1546.76 1115.4 1211430414
-1349.09 1043.94 1211430475
-1129.27 1083.02 1211430523
-750.776 1138.85 1211430584
-343.921 1204.73 1211430641
-132.073 1335.37 1211430676
-460.039 1486.11 1211430735
-920.964 1650.26 1211430851
-1057.47 1626.81 1211430958
-912.986 1460.43 1211431017
-760.526 1355.47 1211431075
-251.736 1430.28 1211431137
115.231 1275.07 1211431203
327.08 1307.45 1211431323
977.693 1416.88 1211431438
1060.13 1377.8 1211431496
1712.51 1050.64 1211431560
2636.14 207.66 1211431616
2816.08 -1263.71 1211431676
2543.95 -2754.91 1211431734
3084.65 -4176.65 1211431794
3563.31 -5581.41 1211431835
3823.02 -7057.31 1211431888
4085.39 -8518.46 1211431930
2818.73 -11097.7 1211432027
2649.43 -13405.3 1211432108
3388.69 -16327.3 1211432227
4057.03 -16127.8 1211432343
3990.55 -16061 1211432395
3980.8 -16061 1211432434
