3596.99 -987.988 1211984177
3510.12 -1155.43 1211984240
3481.76 -1158.78 1211984260
2738.07 -1212.36 1211984321
1912.84 -1322.87 1211984385
1766.58 -1322.87 1211984443
1527.26 -1244.73 1211984506
1510.42 -648.625 1211984564
1476.73 -184.21 1211984624
1434.19 355.035 1211984685
1386.32 956.843 1211984745
1473.19 1342.07 1211984785
1496.23 1538.6 1211984846
1453.69 1763.05 1211984906
1353.52 2326.99 1211984963
1311.86 2626.28 1211985027
1256.91 3018.29 1211985085
1199.29 3326.55 1211985144
1201.06 3319.84 1211985165
1099.13 3473.98 1211985224
1039.74 3443.82 1211985250
470.675 3561.1 1211985353
406.855 3574.5 1211985368
791.55 3717.47 1211985425
923.623 3943.09 1211985483
1055.7 3962.08 1211985542
1583.99 4023.52 1211985611
2952.58 4269.26 1211985727
3120.11 4001.18 1211985784
3288.52 3900.65 1211985844
3285.86 3891.71 1211985850
3365.64 3829.16 1211985910
3319.55 3594.6 1211985973
3122.77 3528.71 1211986031
3112.13 3413.66 1211986091
2957.01 3309.79 1211986151
2933.08 3290.8 1211986217
2838.23 3320.96 1211986273
2838.23 3323.19 1211986278
2427.83 3251.71 1211986339
2118.48 3170.18 1211986400
2104.3 3226.03 1211986410
2240.81 3294.16 1211986472
2278.92 3122.16 1211986530
2307.28 2846.3 1211986597
2637.91 2487.8 1211986650
2952.58 2156.13 1211986711
3389.57 1723.96 1211986771
3389.57 1719.5 1211986784
3634.22 1923.85 1211986838
3674.1 2201.91 1211986958
3361.21 2536.94 1211987028
3016.4 2885.38 1211987087
2951.69 2950.16 1211987141
2858.62 2982.55 1211987198
2801.89 3375.69 1211987259
2567.88 3489.61 1211987320
2432.27 3578.97 1211987380
2156.6 3525.35 1211987441
1779.88 3484.03 1211987503
1592.85 3634.81 1211987563
1640.72 3863.79 1211987624
1640.72 3866.02 1211987628
1559.17 3842.57 1211987688
1595.51 3591.25 1211987748
1619.44 3479.56 1211987808
1669.97 3231.61 1211987867
2212.44 3318.73 1211987927
2287.78 3042.86 1211987989
2424.29 2679.89 1211988047
2747.82 2370.54 1211988112
3044.76 2387.29 1211988176
3165.31 2340.39 1211988231
3308.02 2195.21 1211988289
3503.03 1990.85 1211988349
3664.35 1825.58 1211988417
3802.63 1793.2 1211988470
3919.64 1968.52 1211988530
3920.52 1970.75 1211988531
3903.68 1995.32 1211988559
3663.47 1833.4 1211988634
3804.4 1801.01 1211988699
3833.66 1838.98 1211988703
3870 2028.82 1211988763
3564.19 2320.29 1211988823
3363.87 2526.89 1211988880
2944.6 2946.81 1211988944
2827.6 2898.79 1211989005
2884.33 2989.25 1211989060
2748.71 3081.95 1211989121
2213.33 3009.35 1211989181
2092.78 3189.17 1211989241
2182.3 3536.52 1211989301
2337.42 3555.51 1211989362
2699.96 3616.94 1211989422
2730.98 3900.65 1211989488
2407.45 4350.8 1211989546
1916.38 4771.93 1211989663
2231.05 4283.78 1211989766
2258.53 4115.11 1211989820
2279.81 3978.84 1211989886
2316.15 3740.92 1211989940
2356.92 3484.03 1211990001
2371.99 3419.25 1211990025
2403.9 3269.58 1211990085
2425.18 3035.04 1211990149
2310.83 2909.96 1211990203
2351.6 2703.34 1211990271
2703.5 2404.04 1211990323
2977.4 2128.21 1211990386
3321.32 2149.43 1211990443
3414.39 2261.1 1211990505
3428.57 2247.7 1211990552
3509.24 2388.41 1211990610
3027.92 2864.16 1211990671
2890.53 3037.28 1211990728
2825.83 3382.39 1211990790
2785.05 3555.51 1211990850
2810.76 3585.67 1211990911
2761.12 3826.93 1211990978
2684.89 4082.72 1211991015
2174.33 4566.39 1211991139
2164.58 4557.45 1211991154
2452.65 4312.82 1211991221
2652.98 4146.39 1211991284
2871.03 3890.6 1211991344
2968.53 3214.86 1211991479
3090.86 3384.62 1211991544
3129.86 3458.34 1211991582
3129.86 3458.34 1211991603
3221.16 3498.55 1211991613
3378.05 3711.88 1211991675
3424.14 3606.89 1211991733
3124.54 3608.01 1211991796
3058.06 3612.47 1211991855
2793.03 3567.8 1211991919
2742.5 3708.53 1211991973
2707.05 4083.83 1211992036
2589.16 4186.6 1211992106
2649.43 4128.51 1211992160
2861.28 3953.15 1211992220
2923.33 3720.82 1211992265
2953.47 3525.35 1211992316
3175.95 3213.74 1211992379
2948.15 3075.25 1211992419
2726.55 3152.31 1211992477
2699.07 3192.52 1211992543
2692.87 3284.1 1211992657
2559.91 3184.7 1211992717
2601.57 2937.88 1211992785
2769.98 2731.26 1211992837
2915.35 2597.25 1211992897
3193.68 2261.1 1211992957
2582.07 1324.2 1211993022
2661.84 -161.882 1211993078
2746.94 -3189.04 1211993200
3194.57 -4595.09 1211993244
3910.77 -7529.15 1211993347
3910.77 -7529.15 1211993367
3546.46 -10413.1 1211993456
2881.67 -14533.2 1211993609
4513.52 -16170.2 1211993817
4528.59 -16145.6 1211993848
3228.25 -15660.9 1211994112
2920.67 -14193.3 1211994166
2604.23 -12718.6 1211994224
2740.73 -11237.1 1211994278
4133.26 -8647.83 1211994383
3866.45 -7140.98 1211994437
3598.76 -5651.69 1211994491
3019.06 -3878.7 1211994555
2832.03 -2648.88 1211994624
3760.09 -1502.59 1211994661
3842.52 -1123.06 1211994721
3614.72 -984.639 1211994781
3609.4 -990.221 1211994841
3608.51 -990.221 1211994902
3610.28 -994.686 1211994962
3612.06 -989.105 1211995023
3611.17 -990.221 1211995084
3612.94 -990.221 1211995145
3572.17 -1142.04 1211995206
2731.87 -1227.99 1211995268
2385.29 -1308.36 1211995326
1841.93 -1320.64 1211995386
1739.99 -1322.87 1211995446
1552.96 -1153.2 1211995509
1544.1 -1009.2 1211995540
1600.83 -526.942 1211995655
1560.94 4.46575 1211995712
1543.21 259.018 1211995772
1904.86 408.627 1211995838
2367.56 471.15 1211995892
2501.41 483.432 1211995953
2767.32 644.21 1211996016
2948.15 666.541 1211996055
2948.15 666.541 1211996057
3002.22 813.924 1211996124
2698.18 1241.57 1211996179
2781.51 1544.18 1211996241
2765.55 1601.13 1211996266
3121.88 1961.82 1211996326
3020.83 2099.17 1211996386
2750.48 2373.89 1211996429
2489.88 2660.9 1211996490
2423.4 2827.31 1211996554
2442.02 3074.13 1211996617
2298.42 3165.71 1211996646
1879.16 3195.87 1211996707
1411.14 2909.96 1211996768
1435.07 2783.75 1211996827
1484.71 2465.47 1211996890
1576.9 2429.73 1211996938
1576.01 2436.43 1211996942
1614.12 2595.01 1211996987
1366.82 2553.69 1211997047
1014.92 2491.15 1211997113
434.333 2399.58 1211997200
381.15 2391.76 1211997204
257.941 2579.38 1211997265
214.507 2901.02 1211997324
188.802 3061.85 1211997384
257.054 3220.44 1211997444
761.413 3298.62 1211997505
906.782 3257.3 1211997560
1047.72 3133.33 1211997619
1291.48 3165.71 1211997680
1691.24 3242.78 1211997740
2259.42 3332.13 1211997800
2771.76 3418.13 1211997861
2941.06 3411.43 1211997921
2947.26 3259.53 1211997982
3046.54 3180.23 1211998042
3070.47 3152.31 1211998066
3070.47 3148.96 1211998083
3110.36 2989.25 1211998129
3389.57 3363.4 1211998192
3252.18 3436 1211998250
3090.86 3527.59 1211998319
3073.13 3549.93 1211998437
3068.7 3556.63 1211998491
2997.79 3644.87 1211998648
3074.9 3673.91 1211998711
3074.9 3673.91 1211998713
3079.33 3672.79 1211998773
3079.33 3672.79 1211998833
3078.45 3672.79 1211998936
2728.32 3458.34 1211998996
2624.61 3506.37 1211999060
2365.79 3370.1 1211999110
2395.04 3316.49 1211999173
2448.22 3069.66 1211999230
2471.27 2812.79 1211999292
2526.22 2803.86 1211999312
2526.22 2803.86 1211999314
2981.83 2905.49 1211999434
2876.35 3006 1211999499
2923.33 3343.3 1211999556
2923.33 3342.18 1211999583
2923.33 3342.18 1211999600
2629.05 3503.02 1211999657
2239.03 3440.47 1211999717
1942.09 3270.7 1211999777
2017.43 2789.34 1211999841
2085.69 2342.62 1211999898
1867.63 2086.89 1211999966
1652.24 1849.03 1212000019
1162.95 1388.97 1212000146
1200.18 739.115 1212000263
1232.09 371.782 1212000330
1271.09 -159.649 1212000387
1478.51 -259.01 1212000448
1502.44 -569.364 1212000501
1529.92 -896.451 1212000565
1473.19 -1479.15 1212000624
1225 -1955.77 1212000685
1037.97 -2362.04 1212000741
913.873 -2835.26 1212000802
898.804 -2874.32 1212000863
898.804 -2874.32 1212000924
897.918 -2870.98 1212000984
898.804 -2876.56 1212001045
898.804 -2875.44 1212001111
898.804 -2870.98 1212001165
901.463 -2877.67 1212001232
897.918 -2870.98 1212001292
976.807 -2753.79 1212001326
1065.45 -2290.61 1212001383
1296.8 -1834.1 1212001435
1479.39 -1476.91 1212001496
1726.7 -891.986 1212001620
1697.45 -528.058 1212001677
1640.72 179.749 1212001744
1601.71 721.251 1212001805
1590.19 1047.29 1212001859
1515.73 1466.01 1212001918
1454.57 1768.63 1212001978
1406.71 2027.7 1212002044
1373.02 2233.18 1212002099
1311.86 2495.62 1212002160
1277.29 2753.6 1212002220
1204.61 3086.42 1212002279
1209.93 3129.97 1212002328
1203.72 3162.36 1212002329
1161.18 3457.22 1212002390
1351.75 3605.77 1212002449
1493.57 3415.9 1212002507
1622.1 3108.75 1212002570
1695.67 2846.3 1212002627
1751.52 2539.17 1212002688
1826.86 2115.92 1212002751
1998.82 1926.08 1212002809
2033.39 1703.86 1212002869
1685.04 1346.54 1212002933
1584.87 1354.35 1212002964
1584.87 1354.35 1212002965
1477.62 1610.06 1212003028
1449.25 1796.55 1212003088
1407.59 2039.99 1212003145
1516.62 2261.1 1212003206
1474.96 2560.39 1212003266
1554.74 2785.99 1212003328
1777.22 2810.56 1212003388
1776.33 2809.44 1212003449
1775.45 2810.56 1212003510
1775.45 2811.67 1212003534
1775.45 2813.91 1212003592
1777.22 2822.84 1212003619
1843.7 3006 1212003683
1797.61 3323.19 1212003718
1453.69 3309.79 1212003779
1037.08 3331.01 1212003839
912.986 3735.34 1212003902
849.166 3748.74 1212003940
584.134 3681.72 1212004000
740.139 3709.65 1212004060
870.439 3453.87 1212004122
878.417 3448.29 1212004144
1418.23 3614.71 1212004204
1738.22 3461.69 1212004265
2024.52 3498.55 1212004325
2325.9 3536.52 1212004386
2707.94 3601.31 1212004446
2881.67 3664.97 1212004507
3019.95 3680.61 1212004571
3254.84 3723.05 1212004628
3301.82 3725.29 1212004650
3133.4 3822.46 1212004720
3199.88 3468.39 1212004772
3152.02 3500.78 1212004836
