692.274 4566.39 1212217842
724.184 4360.85 1212217897
825.233 3726.4 1212217991
963.511 2863.05 1212218047
1104.45 2035.52 1212218107
1676.17 1050.64 1212218290
1950.95 583.918 1212218348
1965.14 576.102 1212218411
1965.14 576.102 1212218423
1815.34 581.685 1212218471
1786.97 938.978 1212218531
1786.08 941.212 1212218539
1781.65 879.801 1212218593
1831.29 240.038 1212218660
1855.22 -122.807 1212218714
1897.77 -664.254 1212218784
2312.6 -644.16 1212218839
2321.47 -641.927 1212218856
2210.67 -648.625 1212218996
2237.26 -650.858 1212219058
2342.74 -716.722 1212219118
2342.74 -718.955 1212219149
2348.95 -686.581 1212219209
2299.31 -151.834 1212219269
2269.17 140.672 1212219303
2223.96 740.232 1212219363
2204.46 1003.74 1212219392
2204.46 1002.62 1212219445
2377.31 1223.71 1212219499
2268.28 1652.5 1212219617
2636.14 2016.54 1212219666
2636.14 2016.54 1212219668
2766.44 2148.31 1212219728
2782.39 2165.06 1212219747
3183.04 2319.17 1212219808
2575.86 1328.67 1212219863
1626.53 1076.32 1212219923
871.326 1717.26 1212220069
831.438 1710.56 1212220071
704.684 1684.88 1212220094
851.825 1615.65 1212220151
1161.18 2606.18 1212220271
1022.01 3432.65 1212220331
893.486 4243.56 1212220391
488.403 4520.59 1212220451
-312.011 4392.13 1212220514
-600.975 4345.21 1212220572
-859.803 4308.35 1212220635
-1335.8 4184.36 1212220697
-1402.28 4237.98 1212220747
-1402.28 4239.1 1212220754
-1270.2 4232.39 1212220818
-631.113 4336.28 1212220929
-358.103 4489.31 1212220989
-77.1163 4537.35 1212221049
-75.3435 4532.88 1212221062
-168.415 4412.24 1212221116
-116.118 4008.99 1212221176
-39.8877 3592.37 1212221242
26.5918 3113.22 1212221301
55.8428 2936.76 1212221364
75.3435 2829.54 1212221396
78.8891 2826.19 1212221433
78.8891 2826.19 1212221434
86.8667 2749.13 1212221498
246.418 2710.04 1212221555
238.44 2779.29 1212221603
397.105 2681.01 1212221658
455.607 2309.12 1212221712
78.8891 2236.53 1212221772
-709.116 2113.69 1212221835
-1173.59 2037.75 1212221893
-1704.54 1738.48 1212221953
-1774.56 1725.08 1212221979
-1774.56 1723.96 1212221986
-1828.63 1614.53 1212222041
-1665.54 1512.91 1212222101
-1344.66 1048.4 1212222198
-1577.78 1116.51 1212222255
-2034.28 1578.8 1212222382
-2707.05 1482.76 1212222441
-3577.49 1432.52 1212222499
-3753.88 1885.88 1212222564
-3772.49 2237.65 1212222621
-3507.46 2271.15 1212222678
-3264.59 2283.43 1212222739
-2736.3 2308 1212222796
-2294.88 2335.92 1212222863
-1997.93 2352.67 1212222925
-1735.56 1948.42 1212222980
-1685.04 1646.91 1212223044
-1635.4 1215.89 1212223101
-1477.62 1022.72 1212223159
-1346.43 1048.4 1212223209
-1346.43 1048.4 1212223237
-1166.5 1241.57 1212223258
-842.961 1337.6 1212223327
-238.44 1440.33 1212223381
286.305 1529.66 1212223442
327.08 1524.08 1212223458
367.854 1326.44 1212223527
353.671 1323.09 1212223532
291.624 1507.33 1212223572
865.121 1630.16 1212223632
1143.45 1655.85 1212223697
1342.89 1549.76 1212223755
1431.53 1644.68 1212223816
1576.01 1797.66 1212223880
2032.5 1904.87 1212223997
2018.32 1681.53 1212224038
2015.66 1688.23 1212224050
1870.29 1356.58 1212224105
1906.63 1320.85 1212224129
1527.26 1405.72 1212224246
1468.76 1652.5 1212224302
1329.59 2520.19 1212224423
1297.68 2725.68 1212224491
1244.5 3067.43 1212224546
1346.43 3178 1212224604
1630.97 3231.61 1212224664
2438.47 3367.87 1212224725
2487.22 3354.47 1212224774
2489.88 3355.58 1212224776
2793.92 3433.77 1212224836
2760.23 3782.25 1212224889
2691.98 4091.65 1212224940
2628.16 4172.08 1212225004
2397.7 4299.42 1212225126
2271.83 4170.96 1212225183
1329.59 4011.23 1212225308
1131.04 3669.44 1212225363
1198.41 2992.6 1212225423
1187.77 2988.13 1212225470
1186.88 2980.32 1212225472
1223.22 3065.2 1212225532
1221.45 3056.26 1212225534
1178.02 2619.58 1212225597
1021.13 2528.01 1212225655
1096.47 1751.88 1212225715
1013.15 1664.78 1212225776
1070.76 1333.14 1212225841
2026.3 1037.24 1212225896
2631.71 202.078 1212225962
2892.31 -725.653 1212226008
2454.43 -2173.42 1212226060
125.868 -3171.19 1212226173
-1100.9 -4089.61 1212226247
-1450.14 -4136.48 1212226302
-1812.68 -4684.35 1212226422
-1899.54 -4762.46 1212226494
-1842.81 -4764.69 1212226525
-1809.13 -4698.86 1212226533
-1813.56 -4116.39 1212226593
-1352.64 -4156.56 1212226658
-717.093 -4027.12 1212226713
-394.446 -3495.94 1212226773
24.819 -3253.77 1212226837
835.87 -2637.72 1212226894
1170.04 -2079.66 1212226954
1306.55 -1817.36 1212227014
1463.44 -1508.17 1212227075
1538.78 -996.919 1212227135
1493.57 -382.929 1212227196
1448.37 186.447 1212227277
1247.16 355.035 1212227337
1372.14 539.257 1212227399
1439.5 243.387 1212227457
1447.48 79.2675 1212227517
1467.87 -130.622 1212227552
1272.86 -58.0546 1212227617
885.508 -33.4931 1212227674
869.553 -202.073 1212227737
906.782 -654.207 1212227797
945.783 -1169.94 1212227854
992.762 -1735.88 1212227918
998.967 -1798.38 1212227976
999.853 -1801.73 1212227978
1310.98 -1790.57 1212228038
1466.98 -1501.47 1212228098
1563.6 -1278.22 1212228158
1531.69 -831.704 1212228218
1443.94 -520.244 1212228281
1298.57 -530.291 1212228339
1147.88 -542.571 1212228399
1136.36 -543.687 1212228463
1101.79 -323.761 1212228520
1104.45 -499.033 1212228585
1123.06 -715.606 1212228641
1392.53 -886.404 1212228702
1498.89 -878.59 1212228723
1537.01 -864.078 1212228740
1498.01 -410.839 1212228800
1459.89 109.412 1212228861
1444.82 360.617 1212228921
1349.98 539.257 1212228981
1349.98 539.257 1212229002
1350.87 539.257 1212229004
1448.37 265.717 1212229064
1479.39 -169.697 1212229124
1512.19 -608.436 1212229175
1696.56 -677.65 1212229235
1894.22 -668.719 1212229295
2249.67 -643.043 1212229355
2579.41 -619.6 1212229415
2595.36 -645.276 1212229475
2944.6 -631.88 1212229540
2944.6 -631.88 1212229564
2948.15 -630.763 1212229565
2613.09 -650.858 1212229625
2569.66 -266.824 1212229686
2521.79 341.637 1212229746
2585.61 637.511 1212229806
2504.06 633.045 1212229866
2506.72 638.628 1212229926
2474.81 964.659 1212229986
2356.04 1299.64 1212230046
2260.31 1648.03 1212230107
2639.68 2014.3 1212230167
2642.34 2017.65 1212230228
2644.11 2017.65 1212230288
2645 2017.65 1212230306
2770.87 1880.3 1212230366
2517.36 988.107 1212230426
1161.18 1206.96 1212230486
1035.31 1598.9 1212230548
500.813 1663.66 1212230608
-247.304 1536.36 1212230669
-452.061 1422.47 1212230729
-567.292 1174.58 1212230790
-689.615 1155.6 1212230839
-689.615 1154.48 1212230840
-849.166 1132.15 1212230903
-770.277 1354.35 1212230960
-304.92 1429.17 1212231021
-138.278 1537.48 1212231082
-138.278 1536.36 1212231142
-140.937 1535.25 1212231163
-154.233 1535.25 1212231212
-149.801 1536.36 1212231272
-152.46 1533.01 1212231332
-164.869 1533.01 1212231392
-158.665 1535.25 1212231453
-157.778 1545.3 1212231514
-171.074 1539.71 1212231575
-142.71 1361.05 1212231636
-70.9116 1107.58 1212231697
27.4782 534.791 1212231757
44.3197 231.106 1212231800
189.688 92.6649 1212231860
680.751 130.624 1212231920
1064.56 -62.5203 1212231984
1100.9 -368.416 1212232040
1142.56 -1005.85 1212232103
1173.59 -1373.1 1212232160
1128.38 -1988.14 1212232220
1085.83 -2225.88 1212232284
998.08 -2655.58 1212232342
998.967 -2658.92 1212232372
996.307 -2665.62 1212232393
858.03 -2918.97 1212232453
1032.65 -2568.52 1212232513
1140.79 -2138.82 1212232575
1368.59 -1685.65 1212232636
1539.67 -1354.13 1212232694
1550.3 -1126.41 1212232754
1505.1 -559.316 1212232815
1466.98 -50.2396 1212232875
1440.39 349.453 1212232936
1421.78 489.015 1212232979
1408.48 723.484 1212233039
1195.75 874.218 1212233100
1185.11 1074.08 1212233160
1170.93 1266.14 1212233220
1280.84 1502.86 1212233280
1253.36 2018.77 1212233340
1154.09 2641.92 1212233400
1078.74 3128.86 1212233460
1186.88 3185.82 1212233521
1483.82 3226.03 1212233581
1489.14 3208.16 1212233622
1490.92 3208.16 1212233624
1926.14 3287.45 1212233683
2520.91 3351.12 1212233743
2749.6 3723.05 1212233824
2903.83 3768.85 1212233886
2861.28 3761.03 1212233891
2971.19 3431.53 1212233952
3096.18 3198.1 1212234012
3447.19 2848.53 1212234073
3669.67 2634.1 1212234133
3904.57 2208.61 1212234194
3722.86 1994.2 1212234252
3722.86 1991.97 1212234253
3730.83 1998.67 1212234313
3820.36 2109.22 1212234373
4025.12 2311.35 1212234433
4018.91 2268.92 1212234493
4180.24 2281.2 1212234553
4210.37 2397.34 1212234614
4132.37 2245.47 1212234674
4127.94 2251.05 1212234734
4122.62 2253.28 1212234794
4117.3 2252.17 1212234855
4124.39 2248.82 1212234915
4121.73 2251.05 1212234976
4118.19 2254.4 1212235011
4042.85 2249.93 1212235068
3747.68 2550.34 1212235128
3506.58 2616.23 1212235188
3272.57 2636.34 1212235248
3277 2654.2 1212235308
3273.45 2638.57 1212235371
3272.57 2657.55 1212235428
3272.57 2639.69 1212235488
3274.34 2675.42 1212235548
3270.8 2664.26 1212235595
3391.35 2710.04 1212235655
3272.57 2620.7 1212235715
3529.62 2768.12 1212235775
3875.32 2377.24 1212235835
3619.15 1903.75 1212235896
3352.34 1200.26 1212235956
3830.11 -216.586 1212236011
3825.68 -1115.25 1212236072
3584.58 -955.615 1212236137
3589.01 -966.778 1212236196
3579.26 -947.801 1212236256
3576.6 -955.615 1212236314
3556.21 -943.336 1212236377
3565.08 -951.15 1212236440
3573.06 -980.174 1212236500
3616.49 -928.824 1212236560
3621.81 -971.244 1212236620
3622.69 -970.127 1212236679
3616.49 -965.662 1212236739
3611.17 -954.499 1212236800
3623.58 -976.825 1212236860
3617.38 -955.615 1212236921
3624.47 -975.709 1212236981
3625.35 -974.593 1212237045
3620.92 -971.244 1212237104
3620.03 -973.476 1212237166
3616.49 -969.011 1212237223
3621.81 -970.127 1212237285
3622.69 -969.011 1212237344
3624.47 -969.011 1212237409
3624.47 -967.895 1212237466
3625.35 -970.127 1212237527
3624.47 -969.011 1212237592
3623.58 -969.011 1212237647
3622.69 -970.127 1212237707
3622.69 -969.011 1212237767
3620.92 -971.244 1212237827
3620.03 -967.895 1212237888
3620.92 -970.127 1212237948
3620.92 -970.127 1212238011
3624.47 -972.36 1212238069
3623.58 -971.244 1212238129
3624.47 -974.593 1212238196
3622.69 -969.011 1212238251
3621.81 -972.36 1212238291
3620.92 -974.593 1212238351
3620.92 -972.36 1212238414
3620.92 -972.36 1212238475
3620.92 -974.593 1212238538
3620.92 -972.36 1212238593
3619.15 -973.476 1212238657
3620.03 -973.476 1212238714
3620.92 -973.476 1212238775
3621.81 -973.476 1212238835
3624.47 -970.127 1212238896
3622.69 -972.36 1212238956
3623.58 -970.127 1212239017
3623.58 -970.127 1212239080
3623.58 -970.127 1212239141
3622.69 -971.244 1212239167
3607.63 -983.523 1212239227
3715.77 -1145.39 1212239291
3836.32 -1135.34 1212239325
3986.12 -840.635 1212239379
3825.68 323.773 1212239436
3106.81 1614.53 1212239496
3400.21 1958.47 1212239557
3856.7 2404.04 1212239617
3594.33 2703.34 1212239677
3327.52 2954.63 1212239737
3308.02 2798.27 1212239797
3300.93 2761.42 1212239858
3304.48 2763.65 1212239918
3312.46 2768.12 1212239979
3308.91 2764.77 1212240039
3315.12 2765.88 1212240101
3307.14 2762.53 1212240160
3315.12 2781.52 1212240220
3312.46 2764.77 1212240282
3333.73 2789.34 1212240342
3327.52 2783.75 1212240376
3314.23 2763.65 1212240439
3317.77 2768.12 1212240500
3310.68 2769.24 1212240560
3316.89 2755.83 1212240624
3325.75 2759.18 1212240678
3315.12 2755.83 1212240738
3314.23 2762.53 1212240801
3317.77 2763.65 1212240859
3311.57 2755.83 1212240919
3307.14 2754.72 1212240942
3309.8 2751.37 1212241002
3319.55 2750.25 1212241063
3313.34 2749.13 1212241128
3302.71 2740.2 1212241184
3312.46 2746.9 1212241244
3312.46 2746.9 1212241310
3304.48 2763.65 1212241364
3307.14 2769.24 1212241424
3308.91 2772.59 1212241485
3300.05 2767 1212241547
3298.27 2764.77 1212241604
3302.71 2768.12 1212241665
3314.23 2768.12 1212241733
3300.93 2767 1212241786
3315.12 2777.05 1212241852
3313.34 2777.05 1212241909
3311.57 2768.12 1212241967
3326.64 2775.94 1212242033
3314.23 2765.88 1212242087
3316 2769.24 1212242148
3316 2775.94 1212242208
3344.37 2752.48 1212242268
3452.51 2565.98 1212242328
3151.13 2264.45 1212242388
2691.98 2026.59 1212242449
2497.86 2228.71 1212242510
2278.03 2447.6 1212242570
2083.03 2553.69 1212242619
2021.87 2541.41 1212242679
2022.75 2543.64 1212242739
2020.09 2559.28 1212242799
2027.18 2509.02 1212242869
2028.07 2510.14 1212242922
2020.09 2496.74 1212242984
2021.87 2563.74 1212243039
2024.52 2555.93 1212243099
2021.87 2539.17 1212243160
2026.3 2541.41 1212243226
2032.5 2510.14 1212243282
2030.73 2529.12 1212243341
2017.43 2534.71 1212243400
2018.32 2546.99 1212243462
2015.66 2546.99 1212243522
2014.77 2541.41 1212243583
2006.8 2542.52 1212243645
2009.46 2558.16 1212243712
2015.66 2534.71 1212243764
2016.55 2539.17 1212243825
1916.38 2638.57 1212243885
2250.56 2688.82 1212243947
2409.22 2692.18 1212244007
2211.55 2760.3 1212244075
2164.58 2954.63 1212244129
1831.29 2916.66 1212244189
1420.89 2901.02 1212244249
1381.89 3065.2 1212244310
1334.91 3375.69 1212244373
1633.62 3356.7 1212244431
1666.42 3125.51 1212244492
1817.99 3047.33 1212244555
2259.42 3116.57 1212244615
2532.43 3103.17 1212244657
2557.25 3065.2 1212244690
2606.89 3423.72 1212244753
2789.48 3544.34 1212244807
2702.62 4003.41 1212244867
2851.53 3885.01 1212244933
2941.94 3594.6 1212244994
2876.35 3298.62 1212245051
2495.2 3238.31 1212245112
2414.54 3295.27 1212245169
2412.77 3173.53 1212245229
2147.73 2992.6 1212245290
2418.08 3099.82 1212245353
2293.1 3038.39 1212245414
2336.54 2694.41 1212245474
2349.83 2775.94 1212245532
2188.51 2842.95 1212245593
2019.21 2973.61 1212245656
1802.93 2940.11 1212245689
1610.58 2905.49 1212245750
1613.24 2905.49 1212245810
1612.35 2902.14 1212245870
1611.47 2909.96 1212245930
1614.12 2901.02 1212245990
1615.9 2901.02 1212246050
1666.42 3020.52 1212246114
2282.47 3117.69 1212246171
2385.29 3036.16 1212246232
2313.49 2817.26 1212246295
2399.47 2797.16 1212246359
2375.54 2770.35 1212246410
2373.76 2809.44 1212246472
2189.39 2784.87 1212246568
2154.82 2830.66 1212246628
2170.78 2836.24 1212246688
2138.87 2815.02 1212246748
2131.78 2778.17 1212246808
2154.82 2825.08 1212246859
2141.53 2817.26 1212246919
2157.48 2820.61 1212246979
2153.05 2829.54 1212247040
2154.82 2818.38 1212247099
2162.8 2835.13 1212247161
2175.21 2861.93 1212247220
2169.89 2828.43 1212247281
2184.08 2864.16 1212247342
2190.28 2861.93 1212247403
2186.74 2867.52 1212247464
2163.69 2911.07 1212247525
2166.35 2909.96 1212247585
2167.23 2905.49 1212247646
2172.55 2913.31 1212247706
2180.53 2890.97 1212247767
2203.58 2871.98 1212247828
2194.71 2890.97 1212247866
2200.03 2888.74 1212247873
2538.63 2954.63 1212247939
2918.9 2602.83 1212248056
3134.29 2165.06 1212248116
2645 1158.94 1212248174
2782.39 -277.988 1212248239
2676.91 -1766.01 1212248295
2777.96 -3267.16 1212248354
3214.07 -4687.7 1212248401
3661.7 -6143.69 1212248453
4186.44 -9118.46 1212248568
2919.78 -14522 1212248793
4479.84 -15887.1 1212249028
4479.84 -15882.7 1212249105
4400.06 -15858.2 1212249140
4390.31 -15857.1 1212249142
4141.23 -16076.6 1212249203
3224.7 -15684.3 1212249264
2915.35 -14173.2 1212249323
2605.11 -12694.1 1212249378
2765.55 -11201.4 1212249438
3782.25 -10126.5 1212249496
4138.58 -8672.37 1212249554
3876.2 -7204.56 1212249614
3804.4 -6711.51 1212249675
3593.44 -5628.26 1212249735
3098.83 -4178.88 1212249786
2575.86 -2787.27 1212249838
2479.25 -2174.53 1212249863
2918.9 -737.932 1212249922
2652.09 186.447 1212249982
2760.23 635.278 1212250042
2728.32 1051.75 1212250103
2998.67 1305.22 1212250162
2755.8 1583.26 1212250222
3011.97 1854.61 1212250282
2931.31 2180.69 1212250342
2877.24 2234.3 1212250365
2652.98 2462.12 1212250425
2484.56 2660.9 1212250489
2343.63 2730.15 1212250547
2360.47 2682.12 1212250607
2360.47 2704.46 1212250671
2361.35 2703.34 1212250728
2359.58 2712.28 1212250789
2363.13 2694.41 1212250849
2361.35 2699.99 1212250914
2358.7 2702.23 1212250971
2354.26 2702.23 1212251038
2355.15 2717.86 1212251094
2355.15 2711.16 1212251153
2355.15 2693.29 1212251213
2353.38 2702.23 1212251248
2358.7 2685.47 1212251312
2356.92 2675.42 1212251369
2359.58 2699.99 1212251409
2362.24 2695.53 1212251462
2408.33 2710.04 1212251528
2411.88 2704.46 1212251585
2411.88 2701.11 1212251643
2415.42 2704.46 1212251708
2411.88 2701.11 1212251763
2412.77 2703.34 1212251778
2166.35 2847.41 1212251837
2137.1 3171.3 1212251898
1719.61 3147.84 1212251958
1106.22 3038.39 1212252025
722.411 2981.43 1212252083
338.603 2917.77 1212252144
55.8428 2976.97 1212252204
39.8877 3033.92 1212252256
39.0014 3038.39 1212252257
6.20476 3269.58 1212252317
286.305 3366.75 1212252377
230.463 3714.12 1212252437
182.597 4013.46 1212252497
449.402 4091.65 1212252564
743.685 4130.75 1212252618
872.212 4264.79 1212252687
1009.6 4286.01 1212252740
1193.97 4232.39 1212252800
1226.77 4019.05 1212252860
1282.61 3682.84 1212252921
1341.11 3322.08 1212252981
1378.34 3095.35 1212253042
1632.74 3021.64 1212253107
2026.3 3080.83 1212253162
2419.86 3122.16 1212253222
2291.33 3028.34 1212253282
2378.2 2699.99 1212253342
2317.04 2797.16 1212253386
2395.92 2729.03 1212253431
2189.39 2790.45 1212253490
2239.92 2873.1 1212253551
2169.89 2854.11 1212253687
2145.07 2842.95 1212253747
2336.54 2877.57 1212253807
2119.37 2835.13 1212253867
2186.74 2923.36 1212253927
2189.39 2876.45 1212253991
2172.55 2870.87 1212254049
2169.01 2871.98 1212254107
2159.26 2918.89 1212254167
2163.69 2912.19 1212254229
2179.64 2859.7 1212254289
2165.46 2883.15 1212254350
2170.78 2867.52 1212254411
2161.92 2877.57 1212254474
2171.67 2874.22 1212254537
2189.39 2858.58 1212254591
2181.42 2867.52 1212254654
2184.08 2863.05 1212254714
2177.87 2871.98 1212254772
2181.42 2850.76 1212254832
2183.19 2855.23 1212254893
2186.74 2859.7 1212254953
2214.21 2799.39 1212255017
2193.83 2840.71 1212255047
2200.03 2842.95 1212255104
2202.69 2857.46 1212255129
2196.49 2876.45 1212255193
2192.05 2882.03 1212255221
2325.9 2901.02 1212255281
2577.64 2927.82 1212255341
2832.92 3334.36 1212255402
2976.51 3313.14 1212255462
3394.89 2887.62 1212255523
3602.31 2691.06 1212255583
3913.43 2373.89 1212255644
4028.66 2261.1 1212255705
4027.78 2283.43 1212255726
3999.41 2308 1212255753
3625.35 2688.82 1212255813
3418.82 2835.13 1212255857
3140.5 2774.82 1212255917
2970.31 2908.84 1212255946
2812.53 3011.59 1212256007
2696.41 3211.51 1212256066
2423.4 3364.52 1212256126
2208.89 3583.43 1212256186
2203.58 3592.37 1212256210
2198.26 3602.42 1212256211
2203.58 3442.7 1212256271
2246.12 3157.9 1212256331
2410.99 3094.23 1212256395
2517.36 3030.57 1212256454
2366.67 3045.09 1212256511
2318.81 3022.76 1212256571
2298.42 2841.83 1212256632
2379.08 2694.41 1212256693
2346.29 2749.13 1212256754
2260.31 2821.73 1212256814
2239.92 2831.78 1212256875
2265.62 2826.19 1212256935
2256.76 2828.43 1212256997
2106.07 2868.63 1212257057
2130.89 2857.46 1212257115
2152.17 2858.58 1212257176
2145.07 2855.23 1212257236
2148.62 2856.35 1212257296
2151.28 2855.23 1212257388
2156.6 2861.93 1212257412
2141.53 2837.36 1212257473
2149.51 2835.13 1212257533
2152.17 2851.88 1212257629
2288.67 2831.78 1212257689
2215.1 2849.65 1212257750
2226.62 2879.8 1212257817
2124.69 2875.33 1212257871
2129.12 2863.05 1212257930
2131.78 2863.05 1212257990
2167.23 2854.11 1212258051
2161.92 2845.18 1212258111
2180.53 2922.24 1212258171
2184.96 2914.42 1212258231
2193.83 2895.44 1212258291
2204.46 2901.02 1212258392
2352.49 2624.05 1212258445
1931.45 2528.01 1212258505
1370.37 2433.08 1212258567
1388.09 2090.24 1212258629
1421.78 1860.2 1212258691
1430.64 1751.88 1212258712
1474.96 1552 1212258772
1483.82 1512.91 1212258803
1583.99 1201.38 1212258861
1568.92 1268.37 1212258921
1561.83 1256.09 1212258981
1560.94 1253.86 1212259041
1563.6 1257.21 1212259107
1552.96 1249.39 1212259162
1560.05 1254.97 1212259222
1549.42 1251.62 1212259282
1549.42 1246.04 1212259343
1544.1 1239.34 1212259403
1544.1 1244.92 1212259464
1544.1 1271.72 1212259524
1461.66 1692.7 1212259586
1447.48 1843.45 1212259646
1384.55 2180.69 1212259706
1339.34 2514.61 1212259766
1312.75 2694.41 1212259829
1337.57 2759.18 1212259888
1810.02 2836.24 1212259949
2202.69 2902.14 1212260015
2205.35 2909.96 1212260069
2455.31 2952.39 1212260129
2422.52 2993.72 1212260189
2558.13 3133.33 1212260249
2574.98 3070.78 1212260309
2559.02 3107.64 1212260373
2599.79 3055.14 1212260435
2580.29 3064.08 1212260493
2579.41 3076.37 1212260556
2576.75 3064.08 1212260610
2579.41 3089.77 1212260670
2578.52 3085.3 1212260733
2568.77 3077.48 1212260760
2569.66 3083.07 1212260817
2577.64 3081.95 1212260880
2571.43 3093.12 1212260943
2576.75 3078.6 1212260999
2566.11 3105.4 1212261063
2584.73 3075.25 1212261117
2567.88 3100.94 1212261178
2598.91 3047.33 1212261204
2599.79 3046.21 1212261206
2588.27 3061.85 1212261266
2587.39 3069.66 1212261326
2579.41 3076.37 1212261392
2573.2 3069.66 1212261446
2582.95 3068.55 1212261506
2574.09 3088.65 1212261567
2565.23 3112.1 1212261627
2590.93 3065.2 1212261687
2569.66 3097.59 1212261747
2580.29 3014.94 1212261807
2586.5 2984.78 1212261835
2555.48 2864.16 1212261895
2323.24 2759.18 1212261955
2101.64 2549.23 1212262018
1559.17 2461 1212262076
1211.7 2387.29 1212262136
742.799 2410.75 1212262197
792.437 2554.81 1212262260
829.665 2564.86 1212262298
844.734 2567.09 1212262300
1017.58 2501.2 1212262360
729.503 2517.96 1212262420
698.479 2716.74 1212262481
677.205 2818.38 1212262542
930.714 2901.02 1212262601
1270.2 2941.23 1212262667
1649.58 3016.06 1212262721
2142.42 3083.07 1212262782
2336.54 3131.09 1212262844
2360.47 3135.56 1212262903
2529.77 3165.71 1212262963
2543.95 3157.9 1212263028
2489.88 3045.09 1212263086
2290.44 2982.55 1212263146
2324.13 2842.95 1212263207
