3620.92 -934.405 1212608917
3604.08 -984.639 1212609039
3604.08 -984.639 1212609091
3573.06 -1137.57 1212609145
2974.74 -1196.73 1212609208
2911.81 -680.999 1212609243
2738.96 568.287 1212609306
2632.59 1261.67 1212609335
2707.05 1582.15 1212609395
3114.79 1943.95 1212609458
3094.4 1667.01 1212609520
2833.8 1491.7 1212609580
2636.14 1707.21 1212609642
2282.47 2051.15 1212609697
2053.78 2304.65 1212609762
2052 2305.77 1212609769
1902.2 2641.92 1212609829
1825.09 3164.6 1212609886
2015.66 3295.27 1212609949
2692.87 3403.61 1212610007
2827.6 3633.7 1212610068
2964.1 4272.61 1212610295
3134.29 3957.61 1212610352
3127.2 3740.92 1212610386
3205.2 3577.85 1212610448
3128.09 3374.57 1212610506
2998.67 3199.22 1212610564
2769.1 3089.77 1212610624
2511.16 3045.09 1212610693
2506.72 3041.74 1212610709
2504.06 3041.74 1212610711
2195.6 2903.25 1212610771
1728.47 2896.55 1212610833
1551.19 3001.54 1212610892
1420 3093.12 1212610951
1422.66 3095.35 1212611012
1421.78 3094.23 1212611073
1420.89 3081.95 1212611132
1418.23 3075.25 1212611193
1416.46 3074.13 1212611219
1420.89 3080.83 1212611279
1424.44 3086.42 1212611339
1424.44 3084.18 1212611402
1420 3077.48 1212611462
1416.46 3075.25 1212611522
1425.32 3086.42 1212611584
1429.75 3104.29 1212611641
1416.46 3096.47 1212611702
1423.55 3105.4 1212611762
1427.98 3107.64 1212611826
1428.87 3103.17 1212611883
1423.55 3102.05 1212611913
1420 3099.82 1212611970
1420 3099.82 1212612030
1427.1 3107.64 1212612092
1424.44 3109.87 1212612152
1425.32 3109.87 1212612213
1425.32 3108.75 1212612273
1422.66 3096.47 1212612334
1423.55 3096.47 1212612397
1422.66 3106.52 1212612504
1426.21 3114.34 1212612564
1419.12 3100.94 1212612624
1415.57 3093.12 1212612684
1409.37 3086.42 1212612745
1404.94 3078.6 1212612805
1406.71 3084.18 1212612869
1404.94 3095.35 1212612927
1411.14 3098.7 1212612988
1422.66 3121.04 1212613048
1425.32 3115.46 1212613112
1395.18 3086.42 1212613169
1246.27 3089.77 1212613216
1229.43 3387.97 1212613276
1310.09 3382.39 1212613336
1354.41 3239.43 1212613397
1388.09 3065.2 1212613457
1589.31 2999.3 1212613517
1694.79 2927.82 1212613577
1593.74 2701.11 1212613638
1753.29 2741.31 1212613701
1645.15 2477.75 1212613759
1536.12 2427.5 1212613819
1593.74 2425.26 1212613861
1617.67 2580.5 1212613922
1552.96 3056.26 1212613983
1378.34 3300.86 1212614043
1072.54 3252.83 1212614104
698.479 3189.17 1212614167
-72.6843 3065.2 1212614225
-406.855 3046.21 1212614278
-405.969 3047.33 1212614289
-405.082 3064.08 1212614305
-148.914 3159.01 1212614365
156.892 3214.86 1212614426
198.552 2999.3 1212614484
250.85 2660.9 1212614550
258.827 2647.5 1212614575
144.482 2567.09 1212614609
97.5034 2731.26 1212614659
-189.688 2727.91 1212614719
-292.51 2717.86 1212614762
-292.51 2717.86 1212614766
-359.876 2785.99 1212614831
-214.507 2726.8 1212614896
112.572 2769.24 1212614954
604.521 2854.11 1212615010
1058.35 2943.46 1212615070
1101.79 2933.41 1212615127
1060.13 3325.43 1212615189
1013.15 3596.84 1212615210
1000.74 3697.36 1212615217
908.554 4192.18 1212615281
795.982 4873.59 1212615371
1172.7 4949.55 1212615431
1358.84 4983.06 1212615489
1790.52 5053.44 1212615551
1939.43 5066.85 1212615575
1939.43 5066.85 1212615588
2085.69 5100.36 1212615643
2526.22 5169.62 1212615698
2903.83 4969.66 1212615766
3018.17 4605.49 1212615828
3021.72 4176.54 1212615878
2957.9 4334.04 1212615941
2970.31 4808.8 1212615999
3031.47 4531.76 1212616059
3126.31 3964.32 1212616120
3206.09 3705.18 1212616180
3445.42 3820.23 1212616244
3354.12 3599.07 1212616301
3199 3792.3 1212616364
3185.7 3725.29 1212616422
3191.02 3499.67 1212616483
3138.72 3417.01 1212616529
3122.77 3562.21 1212616590
3140.5 3853.74 1212616649
2962.33 4040.27 1212616715
2845.33 4148.62 1212616770
2881.67 4026.87 1212616830
2879.9 4025.75 1212616833
3035.01 3909.58 1212616894
3090.86 3807.94 1212616954
3142.27 3718.58 1212616978
3213.18 3694.01 1212617038
3394 3727.52 1212617098
3414.39 3485.15 1212617158
3065.15 3484.03 1212617218
3028.81 3274.05 1212617261
2813.42 3509.72 1212617321
2563.45 3100.94 1212617382
2582.07 2889.85 1212617442
2779.73 2736.85 1212617505
3133.4 2359.37 1212617562
3244.2 2258.87 1212617630
3429.46 2070.14 1212617657
3419.71 1710.56 1212617720
3027.04 1320.85 1212617786
3002.22 1290.7 1212617820
2997.79 1285.12 1212617824
2722.12 1211.43 1212617884
2982.72 1538.6 1212617943
3536.71 794.943 1212618003
3847.84 -619.6 1212618064
3820.36 -1019.24 1212618107
3747.68 -1052.73 1212618167
3661.7 -907.614 1212618227
3588.12 -975.709 1212618288
3588.12 -973.476 1212618348
3591.67 -982.407 1212618409
3612.94 -986.872 1212618463
3664.35 -910.963 1212618523
3696.26 -973.476 1212618586
