2960.56 3515.3 1211925800
3141.38 3709.65 1211925857
3240.66 3734.22 1211925902
3346.14 4090.54 1211925959
3106.81 3595.72 1211926023
3027.04 3917.4 1211926077
2886.99 3857.09 1211926140
2918.01 3658.27 1211926200
3026.15 3363.4 1211926260
2833.8 3237.19 1211926318
2896.74 3205.92 1211926382
3108.59 3480.68 1211926439
3342.59 3683.96 1211926499
3628.01 3626.99 1211926566
3637.76 3269.58 1211926621
3425.03 3046.21 1211926687
3534.05 2769.24 1211926743
3842.52 2452.07 1211926806
3976.37 2322.52 1211926835
3810.61 2102.52 1211926902
3481.76 2415.21 1211926965
3210.52 2701.11 1211927015
2890.53 2990.37 1211927075
2829.37 3436 1211927135
2670.71 3508.6 1211927195
2279.81 3428.18 1211927255
2276.26 3436 1211927275
2276.26 3436 1211927277
2239.92 3363.4 1211927305
2262.97 3174.65 1211927345
2290.44 3011.59 1211927406
2334.76 2823.96 1211927466
2418.97 2695.53 1211927527
2558.13 2535.82 1211927590
2913.58 2187.39 1211927648
3228.25 1872.48 1211927717
3113.02 1672.6 1211927771
3724.63 576.102 1211927830
3815.04 -777.004 1211927890
3748.56 -1065.01 1211927951
3637.76 -975.709 1211928011
3591.67 -970.127 1211928071
3581.92 -966.778 1211928132
3585.47 -969.011 1211928192
3638.65 -909.847 1211928255
3676.76 -932.173 1211928309
