2426.95 3219.32 1212773167
2426.95 3226.03 1212773215
2424.29 3222.67 1212773275
2420.74 3218.21 1212773339
2436.7 3243.9 1212773397
2436.7 3241.66 1212773474
2414.54 3220.44 1212773538
2413.65 3241.66 1212773562
2231.94 3236.08 1212773622
2052.89 3415.9 1212773677
1220.57 3269.58 1212773742
1220.57 3269.58 1212773755
1039.74 3337.71 1212773798
944.896 3920.75 1212773858
835.87 4575.33 1212773924
-198.552 4408.89 1212773979
-1742.65 4825.55 1212774099
-2887.87 4785.34 1212774159
-3408.19 5276.87 1212774225
-3481.76 5294.75 1212774245
-3481.76 5294.75 1212774246
-3167.09 4873.59 1212774307
-1689.47 4817.73 1212774359
-939.578 4423.41 1212774419
-620.476 4374.26 1212774494
-625.794 4408.89 1212774504
-477.767 4405.53 1212774555
-434.333 4120.69 1212774615
-452.061 4220.11 1212774690
-451.175 4218.99 1212774739
-410.401 3968.78 1212774796
66.4796 4029.1 1212774857
631.999 4112.87 1212774922
999.853 3956.5 1212774992
1053.04 3966.55 1212775043
1254.25 3995.59 1212775110
2257.65 4109.52 1212775178
2312.6 3788.95 1212775220
2252.33 3659.39 1212775270
2252.33 3659.39 1212775271
2202.69 3547.69 1212775348
2084.8 3511.95 1212775363
2303.74 3582.32 1212775423
2691.09 3599.07 1212775488
2855.96 3570.03 1212775543
3211.41 3713 1212775607
3663.47 4059.26 1212775669
3663.47 4057.03 1212775673
3680.31 3881.66 1212775698
3635.1 3547.69 1212775758
3480.87 3386.86 1212775818
3019.06 2957.98 1212775888
2815.19 2752.48 1212775938
2959.67 2546.99 1212775998
3304.48 2188.51 1212776069
3282.32 1851.26 1212776118
2900.28 1459.31 1212776178
2538.63 1134.38 1212776238
2535.09 1131.03 1212776248
2250.56 1409.07 1212776316
2225.74 1430.28 1212776319
1700.1 1352.12 1212776379
1786.08 1072.97 1212776440
1798.49 761.446 1212776502
1841.04 59.1714 1212776568
1880.93 -448.796 1212776619
2035.16 -846.216 1212776680
2234.6 -832.821 1212776740
2425.18 -821.657 1212776805
2426.06 -823.89 1212776831
2504.06 -813.843 1212776833
2605.11 -789.284 1212776856
2690.21 -656.439 1212776890
2715.91 -622.949 1212776921
2707.94 -529.175 1212776981
2682.23 -368.416 1212777042
2536.86 159.652 1212777103
2518.25 338.288 1212777163
2590.93 1057.34 1212777228
2139.76 1509.56 1212777287
1735.56 1964.05 1212777345
1987.3 1949.53 1212777403
2255.87 1673.71 1212777463
2672.48 1262.79 1212777524
2988.92 1540.83 1212777584
3770.72 476.733 1212777645
3883.29 -1037.11 1212777694
3200.77 -2253.78 1212777738
2728.32 -2827.45 1212777768
3122.77 -4289.35 1212777805
3594.33 -5710.82 1212777872
3855.82 -7205.67 1212777901
4118.19 -8669.02 1212777948
3774.27 -10116.5 1212778013
2739.85 -11210.3 1212778043
2583.84 -12696.3 1212778096
2841.78 -14168.7 1212778149
3164.43 -15669.9 1212778202
4175.8 -16126.7 1212778252
4412.47 -16014.2 1212778316
4306.1 -16208 1212778566
4467.43 -16184.6 1212778617
4208.6 -16066.5 1212778797
3343.48 -16062.1 1212778858
2958.78 -14627.9 1212778913
2631.71 -13133.3 1212778965
2575.86 -11650.7 1212779007
3508.35 -10491.2 1212779050
4198.85 -9145.22 1212779101
3954.21 -7664.11 1212779148
3683.86 -6157.08 1212779198
3230.02 -4697.74 1212779242
2773.53 -3230.34 1212779302
2695.53 -1741.46 1212779334
2904.71 -918.777 1212779363
2910.03 -864.078 1212779374
2890.53 -496.8 1212779377
2660.07 894.316 1212779438
2182.3 1466.01 1212779497
1727.58 1921.62 1212779558
1267.54 1956.23 1212779618
1180.68 2487.8 1212779678
1090.27 3134.44 1212779738
941.351 3957.61 1212779803
845.62 4530.64 1212779859
318.216 4492.66 1212779904
-300.488 4391.01 1212779964
-585.907 4355.27 1212780020
-813.71 4634.53 1212780090
-902.35 4826.67 1212780144
-900.577 4833.37 1212780164
-902.35 4828.9 1212780234
-902.35 4830.02 1212780236
-811.051 4630.06 1212780296
-497.267 4473.67 1212780361
-289.851 4499.37 1212780416
-50.5245 4533.99 1212780481
-17.7279 4365.32 1212780537
21.2735 4164.26 1212780611
580.588 4215.64 1212780713
827.892 4254.74 1212780746
1156.74 4306.12 1212780810
1355.3 4341.86 1212780841
1497.12 4365.32 1212780871
1235.63 4321.76 1212780936
850.939 4260.32 1212780991
801.301 3938.62 1212781062
834.097 3815.76 1212781071
840.302 3759.91 1212781072
896.145 3389.09 1212781139
772.936 3319.84 1212781199
352.785 3247.25 1212781256
-246.418 3152.31 1212781323
-723.298 3074.13 1212781379
-989.216 3090.88 1212781435
-1442.16 3066.31 1212781494
-1454.57 3064.08 1212781535
-1464.32 3062.96 1212781546
-1320.73 2971.38 1212781603
-539.814 3098.7 1212781664
-304.92 3133.33 1212781728
163.097 3201.45 1212781784
194.12 3038.39 1212781838
226.031 2849.65 1212781906
576.156 2848.53 1212781960
613.385 2849.65 1212781981
1112.43 3030.57 1212782041
1247.16 3180.23 1212782108
1409.37 3198.1 1212782146
1429.75 3201.45 1212782163
1576.9 3227.14 1212782165
2166.35 3324.31 1212782240
2720.34 3408.08 1212782291
2806.32 3482.91 1212782351
2726.55 3727.52 1212782405
2730.09 4017.93 1212782466
2971.19 4077.13 1212782540
3074.02 4048.09 1212782587
3201.66 4136.33 1212782635
3201.66 4136.33 1212782638
3445.42 3975.49 1212782697
3179.5 3786.72 1212782758
3066.92 3767.73 1212782818
2992.47 3621.41 1212782896
2783.28 3801.24 1212782939
2725.66 3915.17 1212783004
2736.3 3917.4 1212783019
2579.41 3915.17 1212783073
2492.54 3899.53 1212783134
2485.45 3662.74 1212783180
2522.68 3355.58 1212783182
2522.68 3355.58 1212783183
2580.29 2965.8 1212783244
2638.8 2869.75 1212783304
2791.26 2697.76 1212783375
2892.31 2582.73 1212783425
2881.67 2561.51 1212783449
2844.44 2519.07 1212783455
2601.57 2515.72 1212783516
2504.06 2584.96 1212783556
2468.61 2674.31 1212783611
2658.3 2842.95 1212783672
2730.98 2810.56 1212783733
2738.96 2827.31 1212783796
2731.87 2821.73 1212783859
2718.57 2799.39 1212783915
2746.05 2847.41 1212783980
2839.12 3002.65 1212784035
2839.12 3002.65 1212784048
2752.25 2840.71 1212784095
2737.19 2819.49 1212784155
2743.39 2823.96 1212784209
2925.1 2628.52 1212784270
2964.99 2149.43 1212784330
3231.79 2203.03 1212784376
3318.66 2280.08 1212784387
3350.57 2305.77 1212784388
3956.86 2868.63 1212784450
5024.97 4210.05 1212784514
6049.64 5336.08 1212784575
7294.14 6167.29 1212784619
8970.31 6662.26 1212784688
10328.3 6996.36 1212784749
11768.7 7103.63 1212784799
11615.3 5586.33 1212784860
11848.4 4850.13 1212784883
13291.5 4729.48 1212784937
14630.8 4090.54 1212784978
15916.1 3287.45 1212785038
17258.1 2643.04 1212785091
18289 1506.21 1212785151
19357.1 474.5 1212785209
20234.6 -789.284 1212785269
21099.7 -2039.48 1212785318
21627.1 -3317.38 1212785378
21332 -3453.53 1212785438
20822.3 -4194.5 1212785498
19671.8 -5123.97 1212785559
19827.8 -5383.93 1212785619
19828.6 -5385.04 1212785632
19875.6 -5414.05 1212785694
20390.6 -4749.07 1212785755
20917.1 -3464.69 1212785815
20994.3 -2977 1212785874
21008.4 -2985.93 1212785936
21010.2 -2982.58 1212785997
21009.3 -2985.93 1212786057
21009.3 -2983.7 1212786126
21016.4 -2993.74 1212786183
21164.4 -2654.46 1212786237
21230.9 -2145.51 1212786298
20324.1 -897.567 1212786352
19514.9 262.367 1212786416
18563.8 1402.37 1212786466
17460.2 2385.06 1212786520
16235.2 3215.97 1212786570
14960.6 3943.09 1212786620
13639 4592.08 1212786666
12156.9 4711.61 1212786707
12133.9 6191.87 1212786769
11214.7 7294.71 1212786829
10315 7090.22 1212786900
8886.99 6746.07 1212786934
7467.87 6310.31 1212786993
6113.46 5414.28 1212787041
5141.97 4268.14 1212787094
4177.58 3136.68 1212787145
3136.06 2143.84 1212787207
2594.48 1630.16 1212787235
2708.82 500.18 1212787294
2806.32 -314.83 1212787333
2925.1 -1205.66 1212787393
3643.08 -1154.32 1212787458
3635.1 -973.476 1212787513
3592.56 -954.499 1212787586
3596.1 -947.801 1212787633
3588.12 -961.197 1212787694
