3725.52 -961.197 1211112097
3725.52 -960.081 1211112157
3726.4 -960.081 1211112223
3640.42 -980.174 1211112282
3581.03 -1143.15 1211112347
2910.92 -995.802 1211112398
2727.44 509.112 1211112456
2063.53 1594.43 1211112516
2011.23 1699.4 1211112577
2011.23 1701.63 1211112637
2009.46 1706.1 1211112662
2006.8 1702.75 1211112722
2008.57 1699.4 1211112783
1998.82 1699.4 1211112843
2005.91 1701.63 1211112903
1935 1721.73 1211112964
1639.83 2341.51 1211113025
1612.35 3011.59 1211113084
1842.81 3060.73 1211113144
2363.13 3181.35 1211113214
2319.69 3231.61 1211113266
1840.15 3199.22 1211113325
1368.59 3190.29 1211113385
1336.68 3405.84 1211113435
1288.82 3682.84 1211113495
1234.75 3978.84 1211113555
1066.33 4296.06 1211113615
653.273 4232.39 1211113682
158.665 4154.2 1211113739
-47.8653 4531.76 1211113800
-609.839 4459.15 1211113855
-215.394 4520.59 1211113915
-15.0687 4320.64 1211113975
133.846 4141.92 1211114035
677.205 4227.93 1211114095
1014.92 4283.78 1211114161
1232.97 3979.95 1211114216
1301.23 3549.93 1211114258
1297.68 3532.06 1211114264
1357.07 3208.16 1211114323
1442.16 2777.05 1211114384
1787.86 2571.56 1211114443
1849.91 2083.54 1211114503
2038.71 2246.58 1211114561
2043.14 2262.22 1211114562
1735.56 1970.75 1211114623
1653.13 2315.82 1211114689
1454.57 2866.4 1211114744
1437.73 2743.55 1211114784
1432.41 2744.67 1211114843
1432.41 2739.08 1211114898
1431.53 2739.08 1211114958
1426.21 2744.67 1211115018
1427.98 2743.55 1211115078
1421.78 2750.25 1211115138
1419.12 2748.02 1211115198
1422.66 2749.13 1211115258
1427.98 2751.37 1211115318
1426.21 2745.78 1211115383
1424.44 2740.2 1211115440
1426.21 2736.85 1211115505
1426.21 2744.67 1211115565
1427.1 2745.78 1211115626
1428.87 2744.67 1211115681
1427.98 2743.55 1211115741
1429.75 2748.02 1211115801
1427.98 2744.67 1211115863
1427.1 2745.78 1211115922
1427.98 2744.67 1211115982
1427.1 2742.43 1211116042
1428.87 2745.78 1211116103
1425.32 2734.61 1211116164
1426.21 2737.96 1211116225
1424.44 2737.96 1211116285
1429.75 2744.67 1211116345
1427.1 2742.43 1211116406
1427.98 2741.31 1211116465
1429.75 2741.31 1211116525
1434.19 2744.67 1211116585
1427.1 2739.08 1211116645
1427.98 2741.31 1211116706
1441.28 2749.13 1211116766
1433.3 2744.67 1211116826
1427.98 2740.2 1211116879
1483.82 2466.58 1211116961
1472.3 2462.12 1211116979
1763.92 2540.29 1211117039
1891.57 2033.29 1211117102
2177.87 2110.34 1211117166
2470.38 2399.58 1211117220
2600.68 2528.01 1211117261
2928.65 2850.76 1211117316
3165.31 3098.7 1211117378
3396.66 3412.55 1211117432
3578.37 3645.98 1211117486
3579.26 3645.98 1211117492
3612.94 3829.16 1211117548
3475.55 3725.29 1211117604
3215.84 3699.6 1211117665
2820.51 3633.7 1211117725
2219.53 3543.23 1211117786
1811.79 3473.98 1211117846
1592.85 3600.19 1211117907
1544.99 3928.57 1211117971
1477.62 4319.52 1211118032
1429.75 4645.7 1211118087
1478.51 4998.7 1211118148
1588.42 5122.7 1211118213
1644.26 5130.52 1211118234
1968.68 5225.48 1211118294
2081.25 5212.08 1211118354
1970.45 5226.6 1211118413
2080.37 5222.13 1211118473
2398.58 5253.41 1211118533
2612.2 5205.37 1211118593
2933.08 4946.2 1211118655
3172.41 4620.01 1211118716
3531.4 4108.41 1211118777
3787.56 3834.75 1211118837
3790.22 3835.86 1211118870
3791.11 3836.98 1211118872
3640.42 4012.35 1211118933
3401.98 4335.16 1211118993
2710.59 4229.04 1211119116
2553.7 4215.64 1211119159
2288.67 4173.19 1211119220
1386.32 4020.16 1211119280
1114.2 3749.86 1211119347
1203.72 3182.47 1211119406
1202.84 3183.58 1211119417
1238.29 2884.27 1211119478
1234.75 2911.07 1211119518
1311.86 2965.8 1211119578
1630.08 3020.52 1211119638
2099.87 3100.94 1211119703
2675.14 3192.52 1211119764
3050.97 3274.05 1211119821
3174.18 3107.64 1211119874
3175.06 3098.7 1211119909
3175.95 3096.47 1211119921
3311.57 2949.04 1211119971
3325.75 2949.04 1211119984
3121.88 2783.75 1211120044
3201.66 2299.07 1211120104
3524.3 1981.92 1211120169
3792.88 2083.54 1211120223
3795.54 2085.77 1211120225
3990.55 2289.02 1211120263
4131.48 2399.58 1211120321
4010.93 2299.07 1211120383
4033.98 2310.24 1211120443
4013.59 2291.25 1211120514
4002.07 2297.95 1211120567
4014.48 2300.19 1211120624
4011.82 2303.54 1211120686
4018.91 2294.6 1211120738
4011.82 2296.84 1211120802
4015.37 2302.42 1211120858
4005.62 2300.19 1211120897
3823.91 2113.69 1211120957
3818.59 2117.04 1211120984
3367.41 1747.41 1211121047
3142.27 1954 1211121108
2893.19 2219.78 1211121163
2731.87 2388.41 1211121227
2458.86 2626.28 1211121283
2191.17 2770.35 1211121348
2163.69 2947.93 1211121410
2084.8 3335.48 1211121463
1676.17 3347.77 1211121528
1150.54 3266.23 1211121584
1010.49 3503.02 1211121643
892.599 4240.21 1211121704
479.539 4415.59 1211121773
432.56 4414.47 1211121793
432.56 4414.47 1211121795
432.56 4414.47 1211121806
432.56 4413.35 1211121866
467.13 4408.89 1211121926
466.243 4413.35 1211121987
466.243 4412.24 1211122049
468.903 4408.89 1211122107
467.13 4407.77 1211122168
468.016 4407.77 1211122234
467.13 4408.89 1211122293
463.584 4421.17 1211122349
464.471 4420.06 1211122416
461.812 4422.29 1211122469
462.698 4414.47 1211122535
466.243 4408.89 1211122593
464.471 4411.12 1211122657
465.357 4415.59 1211122712
465.357 4410 1211122772
467.13 4406.65 1211122851
467.13 4408.89 1211122897
466.243 4407.77 1211122957
457.38 4411.12 1211123015
717.979 4240.21 1211123075
818.142 3815.76 1211123134
910.327 3237.19 1211123200
918.305 3155.66 1211123239
1021.13 2446.48 1211123295
1203.72 1987.5 1211123356
1370.37 2010.95 1211123427
1622.1 2057.85 1211123479
1730.24 2077.96 1211123537
1770.13 2084.66 1211123611
1790.52 2088.01 1211123657
1803.81 2089.12 1211123717
1803.81 2089.12 1211123730
1849.91 2071.25 1211123778
1869.41 2089.12 1211123838
1869.41 2091.36 1211123843
1870.29 2092.47 1211123859
1977.55 2197.45 1211123907
2045.8 2241 1211123968
1927.91 2468.82 1211124027
1828.63 3104.29 1211124087
1649.58 3339.95 1211124152
1553.85 3328.78 1211124213
1447.48 3320.96 1211124269
1356.18 3279.64 1211124292
1353.52 3282.99 1211124299
1219.68 3316.49 1211124374
1225 3377.92 1211124419
1354.41 3217.09 1211124481
1431.53 2788.22 1211124540
1495.35 2051.15 1211124607
1244.5 1996.43 1211124670
1155.86 1962.93 1211124722
884.622 1938.37 1211124782
403.309 1861.31 1211124843
223.371 1908.22 1211124903
-50.5245 1900.4 1211124963
-506.131 1825.58 1211125024
-916.532 1768.63 1211125084
-1493.57 1669.25 1211125144
-1652.24 1459.31 1211125204
-1837.5 1612.3 1211125268
-2695.53 1486.11 1211125324
-3400.21 1387.85 1211125391
-3882.41 1284 1211125423
-3815.93 1083.02 1211125478
-3777.81 875.334 1211125546
-3701.58 684.405 1211125598
-3676.76 207.66 1211125659
-3641.31 -307.015 1211125734
-3611.17 -860.729 1211125779
-3539.37 -2091.94 1211125857
-3505.69 -2729.24 1211125909
-3263.7 -4868.46 1211126080
-3200.77 -6316.6 1211126142
-3083.77 -7797.96 1211126187
-3128.97 -9300.23 1211126242
-2669.82 -10736.4 1211126274
-2669.82 -10736.4 1211126288
-1761.27 -11933.8 1211126317
-832.324 -13123.3 1211126369
-54.0701 -14377.2 1211126401
1419.12 -14224.5 1211126458
2868.37 -14275.7 1211126508
3191.02 -15781.3 1211126561
4261.78 -16172.4 1211126615
4534.79 -16141.2 1211126678
4534.79 -15945.1 1211126739
4428.43 -15884.9 1211126742
4102.23 -16170.2 1211126805
4393.86 -16014.2 1211126862
4393.86 -16015.3 1211126933
4394.74 -16015.3 1211126992
4394.74 -16018.6 1211127042
4394.74 -16014.2 1211127102
4394.74 -16015.3 1211127175
4395.63 -16016.4 1211127293
4394.74 -16016.4 1211127343
4393.86 -16015.3 1211127408
4392.97 -16015.3 1211127473
4393.86 -16015.3 1211127524
4393.86 -16014.2 1211127593
4394.74 -16015.3 1211127644
4394.74 -16014.2 1211127704
4393.86 -16013.1 1211127764
4393.86 -16011.9 1211127828
4394.74 -16010.8 1211127896
4393.86 -16013.1 1211127944
4391.2 -16017.5 1211128019
4394.74 -16015.3 1211128053
4395.63 -16011.9 1211128113
4393.86 -16014.2 1211128176
4394.74 -16013.1 1211128234
4394.74 -16014.2 1211128296
4391.2 -16017.5 1211128356
4392.08 -16016.4 1211128417
4392.97 -16016.4 1211128483
4397.4 -16014.2 1211128537
