2370.22 3229.38 1212586911
2290.44 2914.42 1212586971
2334.76 2742.43 1212587032
1942.09 2526.89 1212587092
1490.92 2401.81 1212587153
1544.1 2118.16 1212587213
2110.51 1309.69 1212587275
1970.45 936.745 1212587334
1972.23 934.512 1212587381
1972.23 932.279 1212587383
1783.43 925.58 1212587443
2064.41 1455.96 1212587503
2115.82 1510.68 1212587528
1772.79 1890.35 1212587588
1975.77 1943.95 1212587654
2290.44 2235.41 1212587710
2415.42 2703.34 1212587771
2190.28 2736.85 1212587829
2124.69 2984.78 1212587889
2423.4 3147.84 1212587949
2374.65 3181.35 1212588014
2286.9 3211.51 1212588071
2061.75 3188.05 1212588127
1749.74 3070.78 1212588191
1331.36 3322.08 1212588249
1304.77 3581.2 1212588309
1294.14 3659.39 1212588333
1236.52 3969.9 1212588393
1192.2 4279.31 1212588453
1081.4 4317.29 1212588506
1005.17 4536.23 1212588566
965.284 4694.85 1212588626
982.125 4575.33 1212588686
978.579 4570.86 1212588746
980.352 4565.27 1212588798
1085.83 3975.49 1212588859
1573.35 4041.39 1212588927
2447.34 4184.36 1212588982
3152.02 4290.48 1212589043
3536.71 4100.59 1212589103
3615.6 3986.66 1212589163
3676.76 3866.02 1212589185
3676.76 3864.9 1212589191
3578.37 3787.83 1212589247
3481.76 3889.48 1212589307
3085.54 3740.92 1212589367
2831.14 3650.45 1212589427
2699.07 4050.32 1212589487
2390.61 4370.91 1212589547
2022.75 4698.2 1212589607
1942.09 5169.62 1212589667
1583.99 5065.73 1212589728
1552.96 5086.96 1212589776
1817.11 4850.13 1212589827
2325.01 4402.18 1212589888
2730.09 4071.55 1212589948
2830.26 3645.98 1212590009
2830.26 3645.98 1212590040
2830.26 3645.98 1212590042
2661.84 3308.67 1212590103
2559.02 3270.7 1212590163
2473.93 3064.08 1212590224
2359.58 3019.41 1212590284
2361.35 3013.82 1212590309
2350.72 2937.88 1212590369
2626.39 2854.11 1212590429
2902.06 2614 1212590489
3197.22 2701.11 1212590549
3063.38 2679.89 1212590609
2902.06 3011.59 1212590648
2884.33 3047.33 1212590649
2986.26 2425.26 1212590710
2822.28 2271.15 1212590770
2759.35 2257.75 1212590830
2486.34 2570.44 1212590890
2403.02 2811.67 1212590950
2445.56 2955.75 1212591010
2414.54 3105.4 1212591070
2399.47 3136.68 1212591130
2403.9 3146.73 1212591190
2398.58 3148.96 1212591222
2400.36 3145.61 1212591282
2404.79 3148.96 1212591342
2473.93 3171.3 1212591403
2427.83 3166.83 1212591463
2401.24 3155.66 1212591524
2396.81 3143.38 1212591586
2408.33 3156.78 1212591624
2403.9 3157.9 1212591674
2403.9 3157.9 1212591676
2404.79 3172.42 1212591736
2401.24 3167.95 1212591796
2414.54 3172.42 1212591856
2405.67 3171.3 1212591916
2403.9 3171.3 1212591980
2395.04 3172.42 1212592041
2403.9 3191.4 1212592096
2411.88 3218.21 1212592156
2595.36 3372.34 1212592202
2777.96 3410.31 1212592259
2777.96 3410.31 1212592261
2807.21 3475.09 1212592321
2738.07 3889.48 1212592387
2900.28 3806.82 1212592432
2913.58 3663.85 1212592495
3055.4 3350 1212592552
3027.92 3250.6 1212592612
3014.63 3196.99 1212592688
3264.59 3036.16 1212592737
3464.92 2793.81 1212592788
3466.69 2793.81 1212592790
3448.96 2850.76 1212592850
3138.72 3090.88 1212592910
2971.19 2945.69 1212592971
2801.01 3011.59 1212593031
2470.38 2698.88 1212593092
2408.33 2731.26 1212593152
2189.39 2857.46 1212593214
2172.55 2879.8 1212593274
2169.01 2877.57 1212593331
2320.58 2946.81 1212593375
2434.93 2932.29 1212593440
2429.61 3045.09 1212593495
2488.11 3362.29 1212593555
2791.26 3459.46 1212593615
2748.71 3792.3 1212593686
2707.94 4082.72 1212593736
2808.1 4244.68 1212593796
3364.75 4357.5 1212593856
2916.24 4996.47 1212593917
2749.6 5149.52 1212593977
2739.85 5160.69 1212594002
2740.73 5159.57 1212594006
2231.05 5217.66 1212594066
2236.37 5216.54 1212594090
2592.7 5217.66 1212594150
2826.71 5045.62 1212594210
2928.65 4942.85 1212594265
3003.1 4689.27 1212594325
3104.15 4210.05 1212594385
3148.47 3709.65 1212594445
3221.16 3773.31 1212594516
3306.25 3757.68 1212594568
3304.48 3752.09 1212594570
3258.39 3516.42 1212594631
3234.45 3442.7 1212594695
2847.1 3087.53 1212594751
2736.3 2953.51 1212594816
2743.39 2937.88 1212594873
2742.5 2947.93 1212594931
2733.64 2960.21 1212594991
2740.73 2946.81 1212595051
2734.53 2952.39 1212595115
2733.64 2951.28 1212595180
2741.62 2945.69 1212595237
2747.82 2932.29 1212595296
2723.89 2956.86 1212595351
2730.98 2950.16 1212595412
2733.64 2953.51 1212595472
2749.6 2936.76 1212595542
2746.94 2935.64 1212595592
2762.89 2927.82 1212595658
2755.8 2933.41 1212595714
2751.37 2937.88 1212595816
2780.62 3036.16 1212595830
2780.62 3374.57 1212595877
2769.1 3604.66 1212595938
2709.71 3863.79 1212596004
2840.89 4036.92 1212596059
3008.42 4074.9 1212596120
3035.9 4090.54 1212596181
3076.68 4067.08 1212596209
3078.45 4068.2 1212596237
3084.65 4061.49 1212596241
3050.97 3736.45 1212596299
3077.56 3436 1212596364
2584.73 3209.27 1212596424
2553.7 3100.94 1212596479
2569.66 3281.87 1212596545
2569.66 3280.75 1212596599
2570.54 3274.05 1212596669
2582.07 3258.42 1212596719
2582.07 3258.42 1212596734
2466.84 3290.8 1212596793
2530.66 3291.92 1212596840
2513.81 3297.51 1212596900
2481.9 3290.8 1212596961
2504.95 3284.1 1212597023
2511.16 3290.8 1212597089
2805.44 3251.71 1212597140
2826.71 3520.89 1212597200
2746.05 3834.75 1212597260
2708.82 4079.37 1212597320
2854.19 4214.52 1212597388
2955.24 4615.54 1212597474
2996.9 4613.31 1212597477
3104.15 4207.82 1212597548
2893.19 3965.43 1212597598
2886.99 3773.31 1212597665
2886.99 3773.31 1212597678
2959.67 3507.48 1212597719
2816.08 3310.91 1212597764
2209.78 3199.22 1212597824
1666.42 3131.09 1212597889
1430.64 2875.33 1212597946
1305.66 2837.36 1212597983
1365.93 2782.64 1212598075
1362.39 2792.69 1212598140
1364.16 2796.04 1212598178
1381.89 2803.86 1212598234
1434.19 2659.79 1212598280
1190.43 2466.58 1212598341
750.776 2261.1 1212598404
894.372 2253.28 1212598438
1141.68 2297.95 1212598506
1195.75 2423.03 1212598550
1139.02 2756.95 1212598610
1049.49 3270.7 1212598681
1099.13 3590.14 1212598731
1581.33 3647.1 1212598791
1671.74 3658.27 1212598813
1832.18 3696.24 1212598874
2061.75 3715.23 1212598944
2317.92 3817.99 1212598995
2348.06 3960.96 1212599055
2348.95 3954.26 1212599065
2398.58 3969.9 1212599131
2607.77 4005.64 1212599189
2855.96 3968.78 1212599245
2855.96 3968.78 1212599258
2880.78 3639.28 1212599305
3419.71 3729.75 1212599365
3468.46 3749.86 1212599435
3496.83 3758.79 1212599491
3594.33 3787.83 1212599509
3594.33 3787.83 1212599511
3710.45 3819.11 1212599576
3787.56 3718.58 1212599631
3789.34 3713 1212599693
3784.9 3727.52 1212599753
3785.79 3719.7 1212600031
3787.56 3723.05 1212600091
3783.13 3736.45 1212600151
3786.68 3733.1 1212600188
3793.77 3717.47 1212600248
3792 3731.99 1212600308
3766.29 3708.53 1212600351
3373.62 3689.54 1212600419
3305.36 3619.18 1212600472
2894.08 3540.99 1212600533
2320.58 3489.61 1212600594
1668.19 3352.23 1212600658
1236.52 3297.51 1212600718
852.711 3234.96 1212600779
53.1837 3090.88 1212600838
-638.204 2979.2 1212600894
-1217.91 2887.62 1212600955
-1402.28 2964.68 1212601019
-1835.72 2894.32 1212601075
-1931.45 2860.81 1212601125
-1928.79 2851.88 1212601131
-1597.28 2921.12 1212601186
-995.421 3022.76 1212601246
-849.166 3045.09 1212601265
-231.349 3150.08 1212601329
544.246 3272.93 1212601384
842.075 3422.6 1212601432
835.87 3419.25 1212601434
1015.81 3344.42 1212601494
1047.72 3345.53 1212601513
1022.9 3352.23 1212601574
333.284 3234.96 1212601633
-405.082 3128.86 1212601698
-847.393 2962.45 1212601754
-820.801 2778.17 1212601814
-821.688 2778.17 1212601820
-551.337 2886.5 1212601880
-404.196 2906.6 1212601940
-401.537 2905.49 1212602025
-397.991 2879.8 1212602126
-393.559 2860.81 1212602186
-401.537 2903.25 1212602241
-398.877 2988.13 1212602293
-240.213 3142.26 1212602364
170.188 3140.03 1212602407
225.144 2815.02 1212602467
362.535 2810.56 1212602527
587.68 2848.53 1212602602
726.843 2486.69 1212602693
642.636 2428.61 1212602759
646.182 2429.73 1212602793
1007.83 2488.92 1212602855
1158.52 2301.3 1212602913
1379.23 2338.16 1212602974
1507.76 2264.45 1212603034
1564.49 1847.91 1212603100
2026.3 1558.7 1212603159
2488.11 791.593 1212603214
2511.16 284.697 1212603274
2554.59 -219.935 1212603334
2688.43 -495.684 1212603390
2716.8 -577.178 1212603447
2718.57 -583.876 1212603449
2645 -365.067 1212603510
2548.38 16.7466 1212603569
2525.34 317.075 1212603634
2472.15 949.027 1212603681
2714.14 1273.96 1212603717
2812.53 1369.98 1212603739
2475.7 1046.17 1212603800
2478.36 1047.29 1212603860
2488.11 648.676 1212603920
2232.83 686.638 1212603990
2236.37 686.638 1212603992
2239.92 497.947 1212604052
2278.03 11.1644 1212604119
2194.71 -470.007 1212604173
1882.7 -495.684 1212604233
1731.13 -509.08 1212604293
1529.92 -523.593 1212604359
1516.62 -708.908 1212604423
1522.83 -732.351 1212604445
1525.48 -744.63 1212604451
1357.96 -893.102 1212604508
1355.3 -887.52 1212604519
1301.23 -438.748 1212604584
1275.52 -130.622 1212604649
1256.91 166.351 1212604719
1224.11 418.675 1212604761
1235.63 420.908 1212604820
1225.88 420.908 1212604881
1225.88 416.442 1212604891
1213.47 688.871 1212604945
1178.9 1166.76 1212605018
1209.04 1422.47 1212605042
1429.75 1640.21 1212605125
1953.61 1502.86 1212605185
1952.73 1499.51 1212605242
1952.73 1499.51 1212605255
2015.66 1631.28 1212605297
1747.08 1916.03 1212605357
1442.16 1919.38 1212605433
1271.98 2025.47 1212605480
1177.13 2491.15 1212605547
1098.24 2990.37 1212605595
982.125 3045.09 1212605655
484.858 2949.04 1212605719
484.858 2947.93 1212605753
484.858 2947.93 1212605760
390.9 2863.05 1212605815
632.886 2857.46 1212605875
1033.54 2777.05 1212605935
1237.41 2727.91 1212605995
1385.43 2748.02 1212606039
1370.37 2735.73 1212606124
1375.68 2739.08 1212606173
1381 2731.26 1212606234
1373.91 2714.51 1212606303
1370.37 2718.98 1212606359
1370.37 2696.64 1212606414
1373.91 2696.64 1212606475
1394.3 2932.29 1212606536
1935 3048.44 1212606608
1922.59 3051.79 1212606628
2020.98 2820.61 1212606689
2057.32 2615.12 1212606748
2030.73 2239.88 1212606808
1869.41 2090.24 1212606870
1390.75 1601.13 1212606930
1001.63 1227.06 1212606991
799.528 1029.42 1212607032
774.709 1003.74 1212607034
720.639 950.144 1212607039
467.13 694.454 1212607100
329.739 560.471 1212607164
267.691 480.083 1212607219
310.238 531.442 1212607279
307.579 529.209 1212607319
386.468 596.2 1212607378
590.339 663.191 1212607438
950.215 692.221 1212607516
1024.67 534.791 1212607560
1277.29 533.675 1212607621
1329.59 533.675 1212607680
1394.3 540.374 1212607740
1403.16 284.697 1212607803
1394.3 285.813 1212607862
1394.3 285.813 1212607883
1256.02 271.299 1212607922
1263.11 -30.1438 1212607962
1483.82 -318.179 1212608021
1506.87 -573.829 1212608081
1537.89 -1039.34 1212608142
1536.12 -1081.76 1212608203
1539.67 -1067.25 1212608278
1522.83 -1236.92 1212608328
1434.19 -900.916 1212608391
1500.67 -887.52 1212608444
1551.19 -1222.41 1212608504
1568.92 -1349.66 1212608564
2479.25 -1316.17 1212608624
2469.49 -2151.09 1212608684
2894.96 -3580.75 1212608735
3347.91 -5059.25 1212608786
3729.95 -6528.56 1212608830
3994.98 -8005.42 1212608878
4119.07 -9488.69 1212608926
3282.32 -10709.7 1212608974
2539.52 -12026.4 1212609029
2684 -13517.8 1212609077
2972.97 -15001.2 1212609135
3629.79 -16291.6 1212609195
4521.5 -16101.1 1212609264
4301.67 -15888.3 1212609315
4301.67 -15887.1 1212609341
4248.49 -15825.9 1212609423
4248.49 -15825.9 1212609432
3811.5 -16214.7 1212609489
4230.76 -16140.1 1212609554
