4394.74 -16057.6 1212681800
4397.4 -16058.7 1212681860
4398.29 -16058.7 1212681920
4397.4 -16059.9 1212681984
4396.52 -16061 1212682044
4397.4 -16058.7 1212682105
4396.52 -16057.6 1212682160
4396.52 -16057.6 1212682226
4396.52 -16056.5 1212682290
4396.52 -16053.2 1212682341
4396.52 -16056.5 1212682403
4397.4 -16061 1212682460
4398.29 -16062.1 1212682525
4398.29 -16064.3 1212682581
4397.4 -16061 1212682641
4397.4 -16061 1212682706
4397.4 -16061 1212682766
4398.29 -16062.1 1212682825
4396.52 -16059.9 1212682889
4394.74 -16058.7 1212682947
4394.74 -16056.5 1212683011
4394.74 -16055.4 1212683062
4394.74 -16056.5 1212683124
4393.86 -16055.4 1212683189
4393.86 -16055.4 1212683321
4392.97 -16053.2 1212683364
4398.29 -16062.1 1212683424
4392.97 -16050.9 1212683488
4396.52 -16061 1212683553
4396.52 -16062.1 1212683606
4394.74 -16054.3 1212683737
4392.97 -16054.3 1212683787
4392.97 -16054.3 1212683848
4393.86 -16053.2 1212683908
4393.86 -16054.3 1212683973
4392.08 -16047.6 1212684028
4395.63 -16057.6 1212684096
4395.63 -16057.6 1212684149
4395.63 -16058.7 1212684210
4409.81 -16043.1 1212684275
