-1888.02 -5599.26 1211179955
-1525.48 -5719.75 1211179998
-1052.15 -5512.23 1211180058
-519.427 -4957.72 1211180118
-129.414 -4311.67 1211180193
163.097 -3829.6 1211180238
521.2 -3343.05 1211180298
1035.31 -2569.64 1211180358
1067.22 -2296.19 1211180631
1644.26 -1349.66 1211180632
1727.58 -1289.38 1211180633
1729.36 -1300.55 1211180695
1723.15 -1311.71 1211180751
1726.7 -1298.31 1211180841
1544.1 -1071.71 1211180902
1264 -1124.18 1211180953
1269.32 -1193.39 1211181016
1300.34 -1261.48 1211181075
1334.02 -859.612 1211181136
1287.04 -259.01 1211181198
1225 557.122 1211181266
1167.38 1324.2 1211181317
1325.16 1588.85 1211181383
1295.02 1770.86 1211181448
1178.9 2453.18 1211181498
1342.89 2761.42 1211181560
1694.79 2821.73 1211181621
1853.45 2826.19 1211181683
1872.07 2922.24 1211181740
1874.72 2922.24 1211181765
1873.84 2923.36 1211181766
1893.34 3048.44 1211181827
2075.05 2679.89 1211181886
2425.18 2682.12 1211181957
2624.61 2276.73 1211182017
2630.82 2069.02 1211182063
2484.56 1843.45 1211182123
2731.87 2108.11 1211182194
2741.62 2114.81 1211182247
2742.5 2122.62 1211182308
2746.94 2122.62 1211182352
2810.76 1933.9 1211182417
2614.86 1728.43 1211182476
2312.6 1425.82 1211182533
2013.89 1122.1 1211182609
1667.31 752.514 1211182653
1424.44 743.582 1211182714
1205.5 550.423 1211182786
1219.68 542.607 1211182802
1232.97 389.646 1211182822
1233.86 369.549 1211182823
1283.5 -325.993 1211182887
1312.75 -686.581 1211182952
1342 -1092.92 1211183003
1369.48 -1327.34 1211183037
1738.22 -1339.62 1211183098
2416.31 -1320.64 1211183158
3375.39 -1171.06 1211183230
3747.68 -1005.85 1211183280
3583.69 -957.848 1211183356
3583.69 -960.081 1211183412
3585.47 -974.593 1211183465
3633.33 -958.964 1211183526
3648.4 -946.685 1211183557
