3621.81 -958.964 1212941460
3578.37 -1003.62 1212941510
3698.92 -1145.39 1212941559
3872.66 -998.035 1212941619
3135.18 -2336.37 1212941679
2971.19 -3844.11 1212941756
2939.28 -3918.88 1212941808
2854.19 -3658.87 1212941847
2773.53 -3416.7 1212941907
2773.53 -3435.68 1212941967
2716.8 -3548.39 1212942027
2713.25 -3590.79 1212942087
2711.48 -3588.56 1212942147
2711.48 -3589.68 1212942207
2715.03 -3589.68 1212942267
2714.14 -3588.56 1212942328
2724.78 -3620.93 1212942388
2508.5 -3492.59 1212942443
2071.5 -3581.87 1212942502
1720.49 -3481.43 1212942562
1378.34 -3199.09 1212942626
2176.1 -2961.38 1212942689
2689.32 -1768.25 1212942742
2885.21 -452.145 1212942790
2783.28 260.134 1212942851
2880.78 -62.5203 1212942910
3006.65 -465.542 1212942970
2695.53 -643.043 1212943030
2693.75 -784.818 1212943064
2684.89 -715.606 1212943102
2685.78 -716.722 1212943149
2571.43 -304.782 1212943209
2533.32 169.7 1212943271
2516.47 375.132 1212943332
2514.7 1072.97 1212943392
2273.6 1380.03 1212943453
1825.09 1834.51 1212943513
1567.15 1966.28 1212943574
1422.66 1972.98 1212943634
1365.93 2252.17 1212943698
1341.11 2468.82 1212943771
1313.64 2660.9 1212943815
1266.66 2952.39 1212943879
1536.12 3007.12 1212943941
2046.68 3083.07 1212943995
2348.06 3142.26 1212944061
2335.65 3171.3 1212944093
2427.83 3122.16 1212944154
2452.65 3046.21 1212944218
1952.73 2965.8 1212944273
1597.28 2913.31 1212944335
1290.59 2867.52 1212944393
1105.33 2921.12 1212944453
928.941 3024.99 1212944519
385.582 2927.82 1212944580
88.6394 2879.8 1212944639
-369.626 2792.69 1212944701
-935.146 2698.88 1212944767
-1052.15 2440.9 1212944823
-946.669 1671.48 1212944885
-886.394 1292.94 1212944945
-853.598 1084.13 1212945005
-399.764 652.026 1212945102
10.6367 656.492 1212945162
32.7966 403.044 1212945222
39.0014 315.958 1212945288
48.7517 171.933 1212945312
68.2524 -30.1438 1212945372
118.777 -627.414 1212945432
144.482 -1050.5 1212945498
280.987 -1249.2 1212945553
788.891 -1207.9 1212945617
1229.43 -1356.36 1212945673
1260.45 -1887.68 1212945753
1167.38 -2055.1 1212945798
1172.7 -2071.85 1212945853
1083.17 -2065.15 1212945924
1197.52 -1644.35 1212945973
1175.36 -1387.62 1212946033
1159.4 -1217.94 1212946096
1123.06 -675.417 1212946153
1104.45 -481.171 1212946180
1095.58 -351.67 1212946187
1053.92 204.311 1212946258
1028.22 485.665 1212946302
984.784 1113.16 1212946362
1070.76 1287.35 1212946432
1303 1719.5 1212946482
1209.04 2316.94 1212946547
1122.18 2888.74 1212946604
1122.18 2888.74 1212946618
1087.61 3122.16 1212946633
1179.79 3178 1212946695
1581.33 3229.38 1212946753
2091.89 3392.44 1212946813
2047.57 3586.79 1212946873
2047.57 3585.67 1212946876
2036.93 3687.31 1212946928
2033.39 3689.54 1212946932
2161.03 3835.86 1212946993
2288.67 3858.2 1212947017
2289.56 3858.2 1212947024
2301.08 3855.97 1212947025
2301.08 3855.97 1212947056
2326.79 3690.66 1212947084
2330.33 3566.68 1212947144
2223.96 3384.62 1212947204
2352.49 3022.76 1212947264
2203.58 2797.16 1212947327
2200.03 2802.74 1212947355
2200.03 2802.74 1212947372
2199.14 2880.92 1212947387
2411.88 3126.62 1212947445
2779.73 3048.44 1212947505
2779.73 3048.44 1212947520
2754.03 3364.52 1212947567
2727.44 3885.01 1212947621
2733.64 3895.06 1212947672
2736.3 3906.23 1212947734
2735.41 3907.35 1212947744
2846.21 3964.32 1212947800
2821.39 3763.26 1212947867
2945.49 3542.11 1212947894
2816.96 3100.94 1212947919
2855.96 3117.69 1212947921
2869.26 3067.43 1212947927
3136.95 2938.99 1212947987
3137.84 2783.75 1212948051
3042.99 2706.69 1212948088
3038.56 2703.34 1212948094
2723 2417.45 1212948150
2601.57 2494.5 1212948179
2493.43 2651.97 1212948239
2413.65 2845.18 1212948302
2463.29 2960.21 1212948361
2535.09 3157.9 1212948423
2677.8 3204.8 1212948444
2807.21 3501.9 1212948518
2783.28 3619.18 1212948569
2747.82 3901.76 1212948624
2746.05 3900.65 1212948686
2733.64 3891.71 1212948746
2738.96 3892.83 1212948814
2753.14 3906.23 1212948973
2768.21 3924.1 1212949033
2598.91 4188.83 1212949176
2567 4225.69 1212949241
2392.38 4369.79 1212949266
1956.27 5103.71 1212949393
1926.14 5276.87 1212949457
1817.11 5274.64 1212949480
1765.7 5269.05 1212949485
1765.7 5269.05 1212949534
1686.81 5250.06 1212949536
1686.81 5250.06 1212949559
1538.78 5225.48 1212949587
1505.1 5142.81 1212949597
1543.21 5152.87 1212949663
1546.76 5151.75 1212949717
1556.51 5134.99 1212949777
1712.51 4957.37 1212949853
2062.64 4666.93 1212949908
2215.1 4389.9 1212949957
2247.9 4178.78 1212950017
2255.87 4145.27 1212950077
2268.28 4107.29 1212950139
2271.83 4106.17 1212950199
2273.6 4097.24 1212950259
2293.1 3868.26 1212950319
2331.22 3830.28 1212950380
2358.7 3589.02 1212950440
2008.57 3507.48 1212950501
1655.78 3446.05 1212950561
1328.71 3370.1 1212950621
1204.61 3272.93 1212950682
1253.36 2883.15 1212950741
1315.41 2486.69 1212950801
1342.89 2360.49 1212950861
1396.07 2356.02 1212950926
1397.84 2360.49 1212950982
1396.07 2358.26 1212951072
1395.18 2358.26 1212951132
1396.07 2358.26 1212951259
1393.41 2354.91 1212951299
1392.53 2354.91 1212951363
1393.41 2354.91 1212951419
1396.07 2350.44 1212951480
1408.48 2372.78 1212951540
1401.39 2361.61 1212951605
1411.14 2381.71 1212951667
1398.73 2363.84 1212951722
1394.3 2354.91 1212951848
1401.39 2366.07 1212951913
1398.73 2362.72 1212951964
1398.73 2362.72 1212952034
1399.62 2364.96 1212952099
1397.84 2364.96 1212952150
1397.84 2360.49 1212952204
1401.39 2357.14 1212952274
1400.5 2354.91 1212952324
1399.62 2356.02 1212952444
1398.73 2356.02 1212952504
1398.73 2356.02 1212952565
1396.07 2358.26 1212952626
1395.18 2379.48 1212952686
1327.82 2531.36 1212952747
1356.18 2762.53 1212952807
1614.12 2801.62 1212952862
1768.36 2567.09 1212952924
1638.06 2504.55 1212952945
1616.78 2530.24 1212952947
1596.4 2651.97 1212952999
1594.62 2664.26 1212953020
1576.9 2769.24 1212953026
1582.21 2799.39 1212953045
1582.21 2800.51 1212953047
1583.1 2800.51 1212953065
1746.2 2769.24 1212953111
1661.99 2479.98 1212953177
1356.18 2447.6 1212953231
1199.29 2416.33 1212953291
1183.34 2452.07 1212953342
1183.34 2452.07 1212953345
1210.81 2737.96 1212953408
1615.9 2798.27 1212953467
2174.33 2906.6 1212953535
2420.74 2927.82 1212953589
2605.11 2899.9 1212953644
2751.37 2714.51 1212953704
3041.22 2453.18 1212953764
3503.03 2875.33 1212953845
3792 2803.86 1212953890
4721.82 3631.46 1212953950
5476.14 6611.98 1212954125
5489.44 7147.21 1212954197
5485.9 7149.44 1212954255
5485.9 7149.44 1212954275
5381.3 7048.88 1212954320
5352.94 6834.34 1212954345
5360.91 6819.81 1212954366
5519.58 6522.6 1212954367
5696.86 5779.61 1212954427
5985.82 5265.7 1212954504
5024.08 4136.33 1212954547
4070.32 3010.47 1212954622
3626.24 3222.67 1212954677
3534.05 3186.93 1212954793
3534.05 3185.82 1212954804
3271.68 2917.77 1212954871
3113.9 2751.37 1212954926
2836.46 2493.39 1212954980
2718.57 2406.28 1212955041
2509.38 2602.83 1212955095
2401.24 2736.85 1212955157
2401.24 2736.85 1212955173
2437.58 3018.29 1212955216
2288.67 3246.13 1212955277
1862.31 3170.18 1212955343
1625.65 3131.09 1212955397
1256.91 3065.2 1212955459
1084.06 3107.64 1212955584
1043.29 3308.67 1212955612
938.692 3990.01 1212955682
684.297 4237.98 1212955737
554.883 4508.3 1212955792
552.224 4531.76 1212955852
501.699 4836.72 1212955924
258.827 5027.75 1212955973
144.482 5037.8 1212956007
171.961 5008.76 1212956083
339.489 4879.17 1212956125
343.035 4852.36 1212956128
343.035 4852.36 1212956142
343.035 4852.36 1212956159
737.48 4882.52 1212956179
1240.95 5074.67 1212956298
1472.3 5110.42 1212956359
1732.9 5131.64 1212956419
1751.52 5153.98 1212956450
1747.97 5148.4 1212956457
2049.34 5202.02 1212956512
2296.65 5234.42 1212956574
2452.65 5305.92 1212956632
2570.54 5229.95 1212956692
2910.92 4962.96 1212956752
3058.06 4363.09 1212956814
2714.14 4242.45 1212956874
2422.52 4193.3 1212956935
2237.26 4165.37 1212956995
1388.09 4024.63 1212957046
1103.56 3981.07 1212957105
842.075 3947.56 1212957167
818.142 3766.61 1212957227
905.895 3294.16 1212957288
1009.6 2588.31 1212957348
1107.11 1967.4 1212957409
1134.58 1806.6 1212957468
453.834 1651.38 1212957524
198.552 1615.65 1212957548
179.938 1612.3 1212957550
160.437 1608.95 1212957552
-132.959 1567.63 1212957612
-448.516 1509.56 1212957672
-903.236 1403.48 1212957732
-871.326 1201.38 1212957784
-860.689 1142.2 1212957845
-885.508 1013.79 1212957905
-932.487 788.243 1212957965
-997.194 231.106 1212958028
-1400.5 -177.512 1212958090
-1617.67 -516.895 1212958131
-1458.12 -726.769 1212958187
-1456.35 -726.769 1212958223
-1167.38 -567.131 1212958283
-1118.63 -251.195 1212958343
-990.989 17.863 1212958378
-637.318 206.544 1212958439
-275.669 52.4728 1212958499
-201.212 -395.21 1212958550
-69.1388 -836.17 1212958614
-39.0014 -1248.08 1212958677
365.195 -1401.01 1212958731
432.56 -1417.75 1212958778
432.56 -1417.75 1212958819
862.462 -1384.27 1212958880
938.692 -945.569 1212958945
912.986 -588.342 1212959000
884.622 -218.819 1212959060
880.19 -159.649 1212959071
871.326 -78.1503 1212959072
820.801 621.88 1212959132
793.323 966.893 1212959192
816.369 1031.65 1212959260
1098.24 1314.15 1212959313
1303 1711.68 1212959382
1236.52 2123.74 1212959433
1128.38 2722.33 1212959493
1292.36 2959.1 1212959557
1677.06 3016.06 1212959613
2252.33 3115.46 1212959673
2304.63 3068.55 1212959693
2306.4 3068.55 1212959694
2317.92 3070.78 1212959731
2134.44 2978.08 1212959782
2047.57 2974.73 1212959820
2047.57 2974.73 1212959826
2047.57 2974.73 1212959837
1373.02 2975.85 1212959888
1204.61 2854.11 1212959948
471.562 2749.13 1212960020
-59.3884 2659.79 1212960068
-450.288 2576.03 1212960125
-455.607 2596.13 1212960145
-454.72 2593.9 1212960162
-350.126 2639.69 1212960209
-281.873 2197.45 1212960267
-198.552 1712.8 1212960328
-195.893 1653.61 1212960379
-175.506 1581.03 1212960453
683.41 1585.5 1212960560
780.027 1600.01 1212960569
819.915 1606.71 1212960577
1048.6 1455.96 1212960632
1929.68 1043.94 1212960701
2673.37 1156.71 1212960755
2650.32 1553.11 1212960815
3128.09 1952.88 1212960875
3319.55 2144.96 1212960936
3722.86 2552.58 1212960996
3990.55 2301.3 1212961056
4002.07 2273.38 1212961141
4002.07 2274.5 1212961142
4045.5 2264.45 1212961202
3819.47 2105.87 1212961262
3417.94 1709.45 1212961322
3235.34 1870.25 1212961383
2859.51 2249.93 1212961462
2626.39 2481.1 1212961504
2491.65 2628.52 1212961567
2400.36 2714.51 1212961625
2418.08 2717.86 1212961688
2414.54 2730.15 1212961747
2550.16 2559.28 1212961803
2551.93 2209.73 1212961863
2913.58 1789.85 1212961924
3332.84 1131.03 1212961983
3831 -329.343 1212962035
3514.55 -1810.66 1212962085
2756.69 -3094.18 1212962139
3181.27 -4545.99 1212962190
3639.54 -5999.77 1212962222
3904.57 -7482.3 1212962266
4171.37 -8952.29 1212962312
3580.15 -10370.7 1212962365
2629.93 -11471.2 1212962411
2602.45 -12978.4 1212962446
2880.78 -14455.2 1212962490
3235.34 -15930.6 1212962537
4165.17 -16127.8 1212962602
4384.11 -16036.5 1212962709
4391.2 -16040.9 1212962774
4392.08 -16042 1212962838
4392.97 -16042 1212962895
4392.97 -16042 1212962950
4392.08 -16039.8 1212963024
4392.97 -16040.9 1212963071
4392.08 -16040.9 1212963147
4391.2 -16040.9 1212963197
