4398.29 -16028.7 1212088213
4393.86 -16029.8 1212088273
4396.52 -16034.2 1212088354
4392.97 -16033.1 1212088401
4394.74 -16032 1212088458
4399.18 -16030.9 1212088523
4392.97 -16033.1 1212088581
4398.29 -16034.2 1212088634
4398.29 -16034.2 1212088694
4398.29 -16036.5 1212088760
4399.18 -16030.9 1212088884
4399.18 -16034.2 1212088944
4395.63 -16032 1212089000
4396.52 -16035.3 1212089066
4400.06 -16035.3 1212089115
4397.4 -16024.2 1212089235
4398.29 -16024.2 1212089295
4397.4 -16027.5 1212089360
4398.29 -16027.5 1212089426
4398.29 -16036.5 1212089479
4398.29 -16033.1 1212089537
4400.06 -16029.8 1212089602
4398.29 -16026.4 1212089661
4397.4 -16026.4 1212089719
