3757.43 -921.01 1211579567
3700.7 -935.522 1211579619
3708.67 -956.732 1211579676
3620.03 -980.174 1211579737
3580.15 -993.57 1211579790
3578.37 -992.453 1211579869
3581.03 -989.105 1211579929
3581.03 -989.105 1211579989
3581.92 -989.105 1211580031
3579.26 -1054.97 1211580090
3257.5 -1168.83 1211580152
2623.73 -1245.85 1211580219
2223.08 -1307.24 1211580280
1785.2 -1322.87 1211580326
1550.3 -1148.73 1211580392
1533.46 -876.357 1211580455
1531.69 -877.473 1211580473
1513.08 -710.024 1211580532
1342.89 -708.908 1211580587
1116.86 -567.131 1211580647
1120.4 -569.364 1211580657
1121.29 -569.364 1211580664
1118.63 -547.036 1211580725
1107.99 -490.102 1211580794
1083.17 -99.3624 1211580845
1027.33 554.889 1211580904
991.875 1050.64 1211580964
863.348 1108.7 1211581024
1003.4 1213.66 1211581088
1138.13 1348.77 1211581145
1174.47 1333.14 1211581182
1174.47 1333.14 1211581184
1174.47 1334.25 1211581206
1168.27 1345.42 1211581229
1201.06 1416.88 1211581310
1341.11 1555.35 1211581370
1639.83 1860.2 1211581430
2014.77 2230.95 1211581500
2221.3 2430.85 1211581550
2041.37 2262.22 1211581621
1833.06 2066.79 1211581672
1754.17 1985.27 1211581723
1754.17 1985.27 1211581725
1754.17 1984.15 1211581733
1493.57 1927.2 1211581798
1302.11 1889.23 1211581853
973.261 1901.52 1211581916
973.261 1899.28 1211581939
972.375 1900.4 1211581947
980.352 1847.91 1211582003
1101.79 1860.2 1211582063
1115.08 1872.48 1211582123
1269.32 1841.21 1211582184
1274.64 1913.8 1211582245
1526.37 2043.34 1211582310
1532.58 2165.06 1211582334
1510.42 2364.96 1211582396
1488.26 2478.87 1211582425
1437.73 2760.3 1211582474
1694.79 2830.66 1211582535
1839.27 2848.53 1211582564
2023.64 2874.22 1211582574
2332.1 2893.2 1211582636
2446.45 2987.02 1211582701
2411.88 3040.63 1211582714
2411.88 3040.63 1211582723
2427.83 3125.51 1211582786
2659.18 3167.95 1211582841
2832.03 3194.75 1211582901
2957.9 3224.91 1211582967
3042.99 3136.68 1211583018
2993.35 2926.71 1211583085
2973.85 2901.02 1211583118
2822.28 2731.26 1211583152
2903.83 2596.13 1211583209
2594.48 2252.17 1211583268
2486.34 2143.84 1211583328
2425.18 2082.42 1211583334
2406.56 2064.55 1211583336
1961.59 1621.23 1211583397
1936.77 1497.28 1211583456
2227.51 1211.43 1211583516
2398.58 1036.12 1211583577
2466.84 934.512 1211583637
2652.98 754.747 1211583697
2652.98 755.864 1211583722
2659.18 708.969 1211583736
2662.73 655.375 1211583749
2510.27 635.278 1211583814
2500.52 650.909 1211583831
2472.15 949.027 1211583886
2650.32 1215.89 1211583951
2828.48 1390.08 1211583985
2831.14 1392.32 1211583992
2831.14 1392.32 1211583993
2847.1 1420.23 1211584067
2680.46 1645.8 1211584113
2209.78 2128.21 1211584173
2239.92 2166.18 1211584194
2239.92 2166.18 1211584195
2270.06 2203.03 1211584224
2505.84 2614 1211584332
2448.22 2682.12 1211584391
2426.06 2693.29 1211584420
2294.88 2784.87 1211584479
2203.58 2979.2 1211584539
2178.76 3142.26 1211584587
2166.35 3218.21 1211584589
2161.03 3226.03 1211584590
2179.64 3532.06 1211584651
2262.97 3545.46 1211584711
2310.83 3538.76 1211584740
2310.83 3538.76 1211584756
2291.33 3603.54 1211584796
2395.92 3347.77 1211584856
2381.74 3314.26 1211584917
2422.52 3157.9 1211584977
2509.38 3029.46 1211585037
2519.13 3010.47 1211585070
2265.62 2987.02 1211585130
2102.53 3193.64 1211585186
2097.21 3497.43 1211585246
2192.05 3537.64 1211585296
2208.89 3592.37 1211585351
2208.89 3591.25 1211585357
2214.21 3443.82 1211585417
2270.94 3241.66 1211585477
2290.44 3112.1 1211585537
2286.01 3118.81 1211585549
2573.2 3146.73 1211585611
2827.6 3188.05 1211585669
2967.65 3198.1 1211585729
3168.86 3105.4 1211585789
3392.23 3253.95 1211585850
3392.23 3255.06 1211585861
3399.32 3275.17 1211585898
3347.03 3351.12 1211585958
3045.65 3042.86 1211586021
2877.24 3038.39 1211586088
2751.37 2976.97 1211586140
2764.66 2985.9 1211586157
2697.3 3164.6 1211586218
2821.39 3223.79 1211586279
2792.14 3511.95 1211586353
3003.1 3640.4 1211586406
3202.54 3659.39 1211586460
3199 3680.61 1211586493
3339.05 3669.44 1211586583
3346.14 3661.62 1211586605
3347.03 3565.56 1211586665
3339.93 3530.94 1211586699
3163.54 3182.47 1211586750
3156.45 3211.51 1211586810
3156.45 3211.51 1211586827
3285.86 2978.08 1211586870
3694.49 2605.06 1211586930
3738.81 2303.54 1211586990
3308.02 1875.83 1211587050
3093.52 1663.66 1211587110
3512.78 815.04 1211587170
3694.49 290.279 1211587212
3524.3 286.93 1211587258
3524.3 286.93 1211587259
3550.9 416.442 1211587320
3815.04 78.151 1211587380
3805.29 -809.378 1211587440
3769.84 -1126.41 1211587505
3716.65 -974.593 1211587562
3682.97 -974.593 1211587695
3580.15 -993.57 1211587754
3786.68 -1139.8 1211587807
4000.3 -981.29 1211587875
3862.02 -271.29 1211587922
3397.55 997.04 1211587982
3650.17 1735.13 1211588042
3827.45 1921.62 1211588102
3745.02 2157.24 1211588145
3368.3 2539.17 1211588200
3113.9 2800.51 1211588264
3091.74 2992.6 1211588321
3099.72 3019.41 1211588330
3034.13 2994.84 1211588390
3052.74 1893.7 1211588451
2918.01 2987.02 1211588526
2911.81 2998.19 1211588571
2792.14 3529.82 1211588641
2844.44 3621.41 1211588754
2812.53 3799 1211588813
2600.68 4224.58 1211588883
2404.79 4372.02 1211588925
2405.67 4372.02 1211588928
2360.47 4416.7 1211588993
2359.58 4418.94 1211589064
2361.35 4428.99 1211589104
2343.63 4473.67 1211589159
2226.62 4267.02 1211589281
2244.35 4178.78 1211589336
2158.37 4135.21 1211589417
1193.09 3993.36 1211589475
825.233 3936.39 1211589582
806.619 3845.92 1211589642
859.803 3589.02 1211589710
944.01 2994.84 1211589767
963.511 2829.54 1211589823
1053.92 2282.32 1211589887
1105.33 1975.22 1211589944
1123.95 1871.36 1211590004
1187.77 1470.48 1211590065
1187.77 1470.48 1211590084
1154.09 1391.2 1211590126
1015.81 1249.39 1211590185
696.706 927.813 1211590246
601.862 637.511 1211590306
634.658 213.242 1211590365
526.518 214.359 1211590428
526.518 212.126 1211590486
518.541 217.708 1211590521
468.903 218.825 1211590536
289.851 103.829 1211590596
90.4122 89.3155 1211590649
61.1612 170.817 1211590709
345.694 564.937 1211590780
539.814 754.747 1211590830
652.386 864.169 1211590890
660.364 870.868 1211590902
936.919 1062.92 1211590967
1338.46 1074.08 1211591022
1519.28 1053.99 1211591088
1607.03 1014.91 1211591153
1772.79 1065.15 1211591207
1989.07 1381.15 1211591273
2275.37 1674.83 1211591337
2303.74 1697.16 1211591348
2371.11 1753 1211591370
2229.28 2091.36 1211591438
1927.91 2454.3 1211591486
1856.11 2942.34 1211591547
1591.96 2901.02 1211591641
1570.69 2897.67 1211591653
1690.35 3026.11 1211591717
2167.23 3099.82 1211591766
2393.26 3192.52 1211591829
2414.54 3090.88 1211591949
2421.63 3066.31 1211592002
2425.18 3048.44 1211592062
2066.19 2957.98 1211592123
1810.9 2949.04 1211592194
1431.53 2884.27 1211592249
1287.93 2857.46 1211592310
1245.38 2987.02 1211592364
1174.47 3448.29 1211592430
1119.52 3764.38 1211592493
1116.86 3758.79 1211592499
1173.59 3982.19 1211592560
1585.76 4041.39 1211592624
2397.7 4177.66 1211592678
2403.9 4111.76 1211592735
2477.47 4206.7 1211592795
2389.72 4193.3 1211592864
2155.71 4144.15 1211592906
1233.86 3991.12 1211592970
1275.52 3715.23 1211593041
1316.3 3421.48 1211593086
1325.16 3411.43 1211593110
1355.3 3395.79 1211593178
1589.31 3438.24 1211593227
1788.74 3470.63 1211593287
2005.91 3520.89 1211593347
2003.25 3515.3 1211593351
2150.39 3530.94 1211593411
2202.69 3534.29 1211593471
2192.94 3540.99 1211593486
2188.51 3641.51 1211593541
2145.07 3895.06 1211593606
2111.39 4131.86 1211593668
2366.67 4348.57 1211593790
2360.47 4414.47 1211593836
2360.47 4414.47 1211593844
2262.97 4488.2 1211593918
2356.92 4391.01 1211593959
2383.51 4363.09 1211594004
2455.31 4306.12 1211594061
2489 4278.19 1211594121
2566.11 4208.94 1211594240
2629.05 4153.09 1211594300
2858.62 3767.73 1211594426
2894.96 3705.18 1211594482
2905.6 3178 1211594541
2899.4 3186.93 1211594570
2894.96 3185.82 1211594574
2894.96 3185.82 1211594599
2883.44 3171.3 1211594601
2833.8 3136.68 1211594665
2786.82 3443.82 1211594721
2786.82 3443.82 1211594741
2685.78 3653.8 1211594788
2601.57 3975.49 1211594845
2577.64 4205.59 1211594909
2520.91 4321.76 1211594967
2458.86 4722.78 1211595084
2458.86 4722.78 1211595097
2447.34 4826.67 1211595129
2448.22 4828.9 1211595213
2448.22 4827.79 1211595225
2278.92 4935.03 1211595285
2260.31 5118.24 1211595326
2832.92 5027.75 1211595446
2926.87 4939.5 1211595512
3113.9 4054.79 1211595627
3069.58 3931.92 1211595687
2678.68 3707.41 1211595747
2549.27 3295.27 1211595807
2402.13 3230.49 1211595867
1981.98 3088.65 1211595942
2118.48 3099.82 1211595996
2176.1 3129.97 1211596005
2377.31 3051.79 1211596060
2567.88 3115.46 1211596130
2694.64 3137.79 1211596191
2918.01 3337.71 1211596240
3634.22 2647.5 1211596361
3962.18 2312.47 1211596422
3953.32 2235.41 1211596451
3953.32 2235.41 1211596453
3885.95 2407.39 1211596513
3730.83 2571.56 1211596583
3447.19 2828.43 1211596633
3443.64 2819.49 1211596647
3335.5 2954.63 1211596706
2776.19 2729.03 1211596826
2492.54 2638.57 1211596892
2427.83 2761.42 1211596952
2349.83 2791.57 1211597047
2347.17 2796.04 1211597103
2142.42 3050.68 1211597163
2049.34 3538.76 1211597223
1997.93 3893.95 1211597288
2103.41 4126.28 1211597349
2258.53 4132.98 1211597419
2258.53 4130.75 1211597469
2261.19 4129.63 1211597524
2265.62 4129.63 1211597584
2263.85 4136.33 1211597652
2255.87 4137.45 1211597704
2255.87 4137.45 1211597765
2264.74 4068.2 1211597826
2274.49 4062.61 1211597868
2299.31 3863.79 1211597928
2329.44 3691.78 1211598000
2396.81 3237.19 1211598050
2399.47 3023.87 1211598111
2400.36 3014.94 1211598157
2161.03 2961.33 1211598194
2110.51 3167.95 1211598248
2024.52 3704.06 1211598308
2024.52 3704.06 1211598323
2304.63 3898.41 1211598383
2268.28 4107.29 1211598440
2401.24 4177.66 1211598502
2459.74 4176.54 1211598554
2463.29 4169.84 1211598610
2461.52 4166.49 1211598675
2461.52 4168.73 1211598732
2462.4 4175.43 1211598791
2463.29 4178.78 1211598852
2458.86 4195.53 1211598912
2458.86 4195.53 1211598972
2456.2 4186.6 1211599034
2455.31 4185.48 1211599097
2455.31 4182.13 1211599153
2455.31 4170.96 1211599214
2457.09 4187.71 1211599273
2461.52 4195.53 1211599333
2461.52 4189.95 1211599393
2457.09 4182.13 1211599459
2453.54 4182.13 1211599520
2458.86 4192.18 1211599575
2455.31 4188.83 1211599635
2459.74 4192.18 1211599695
2462.4 4197.77 1211599755
2458.86 4189.95 1211599815
2459.74 4193.3 1211599876
2457.09 4177.66 1211599936
2462.4 4208.94 1211599998
2459.74 4183.25 1211600058
2457.97 4172.08 1211600079
2455.31 4169.84 1211600142
2464.18 4198.88 1211600200
2500.52 4193.3 1211600259
2575.86 4200 1211600304
2650.32 4132.98 1211600363
2450.88 4068.2 1211600423
2169.01 4141.92 1211600483
1166.5 3992.24 1211600543
969.716 3972.13 1211600606
881.962 4296.06 1211600675
834.984 4548.52 1211600719
594.771 4861.3 1211600842
380.263 4822.2 1211600907
317.329 4822.2 1211600935
317.329 4822.2 1211600952
-62.934 4560.8 1211601047
181.711 5035.57 1211601142
331.512 5185.26 1211601207
319.102 5190.85 1211601289
337.716 5081.37 1211601336
177.279 5046.74 1211601370
319.988 5009.87 1211601445
647.068 4863.53 1211601491
957.306 4720.55 1211601551
1001.63 4456.92 1211601623
1141.68 3976.6 1211601672
1596.4 4045.86 1211601732
2574.09 3090.88 1211601911
2687.55 2797.16 1211601972
2874.58 2846.3 1211602032
2933.97 2952.39 1211602084
2933.97 2953.51 1211602087
2750.48 3062.96 1211602147
2436.7 3030.57 1211602207
2168.12 3023.87 1211602267
2301.08 3108.75 1211602329
2541.29 3164.6 1211602387
2643.23 3262.88 1211602447
2575.86 3075.25 1211602515
2738.96 2761.42 1211602575
2832.03 2785.99 1211602630
2910.03 2927.82 1211602701
2989.81 3031.69 1211602761
2895.85 2825.08 1211602820
3128.97 2370.54 1211602885
2644.11 1718.38 1211602948
2691.98 333.822 1211603005
2851.53 -1102.97 1211603065
2450.88 -2465.84 1211603120
2928.65 -3695.69 1211603168
3390.46 -5132.89 1211603239
3745.02 -6634.54 1211603283
4013.59 -8114.72 1211603333
4057.03 -9637.01 1211603402
3095.29 -10850.2 1211603453
2552.82 -12212.5 1211603518
2732.75 -13648.3 1211603578
3011.08 -15130.5 1211603638
3528.74 -16357.4 1211603689
4069.44 -16217 1211603787
4037.53 -16249.3 1211603861
4016.25 -16214.7 1211603926
3628.9 -16223.6 1211603986
3921.41 -16211.4 1211604050
4205.06 -16075.5 1211604168
3349.68 -16062.1 1211604240
2957.9 -14656.9 1211604294
2635.25 -13182.3 1211604343
2550.16 -11778.9 1211604408
2802.78 -11136.7 1211604464
3412.62 -10593.7 1211604525
4185.55 -9286.85 1211604579
3977.25 -7796.84 1211604637
3713.99 -6325.53 1211604687
3261.05 -4850.6 1211604745
2848.87 -3403.31 1211604792
2568.77 -1951.3 1211604855
2845.33 -1169.94 1211604889
2904.71 -696.628 1211604900
2660.96 212.126 1211604945
2626.39 1597.78 1211605005
3369.19 2213.08 1211605059
3433.01 2471.05 1211605113
3302.71 2601.71 1211605160
3133.4 2758.07 1211605228
2849.76 3024.99 1211605287
2253.21 3014.94 1211605407
2164.58 3009.35 1211605467
2153.05 3009.35 1211605496
2073.28 2917.77 1211605548
2122.03 2904.37 1211605609
2324.13 2951.28 1211605670
2368.45 2942.34 1211605710
2471.27 2855.23 1211605767
2392.38 2845.18 1211605828
2271.83 2606.18 1211605894
1685.92 2491.15 1211605959
1236.52 2424.15 1211606023
826.12 2358.26 1211606075
40.7741 2229.83 1211606143
-917.418 2080.19 1211606191
-961.738 1767.51 1211606251
-924.509 1508.45 1211606312
-875.758 1150.01 1211606373
-970.602 1109.81 1211606425
-969.716 1109.81 1211606436
-1005.17 1106.47 1211606450
-1017.58 1102 1211606457
-1068.99 574.986 1211606550
-951.988 -85.9653 1211606608
-508.79 -423.119 1211606671
-659.477 -984.639 1211606726
-1181.56 -1556.17 1211606792
-2799.23 -2431.24 1211606918
-3155.56 -2806.24 1211606970
-3229.13 -3668.91 1211607040
-3261.05 -4265.92 1211607091
-3711.33 -4378.62 1211607151
-4164.28 -4304.97 1211607212
-4228.1 -4339.56 1211607249
-4228.1 -4339.56 1211607251
-4354.86 -4571.66 1211607311
-4358.4 -3986.95 1211607371
-4808.69 -3337.47 1211607432
-5134.88 -3164.49 1211607492
-5176.54 -2436.82 1211607553
-5207.57 -1863.12 1211607613
-5240.36 -1242.5 1211607662
-5260.75 -931.057 1211607689
-5009.01 -742.398 1211607750
-5009.01 -740.165 1211607819
-4709.41 -723.42 1211607882
-4653.57 -909.847 1211607938
-4653.57 -909.847 1211607998
-4653.57 -912.079 1211608058
-4651.8 -913.196 1211608118
-4651.8 -918.777 1211608167
-4105.78 -692.162 1211608267
-3915.2 -678.766 1211608284
-3723.74 -428.701 1211608356
-3748.56 36.8425 1211608415
-3250.41 403.044 1211608556
-2771.76 426.491 1211608705
-2730.09 435.422 1211608714
-2387.06 659.842 1211608796
-1978.43 808.341 1211608834
-1460.78 1244.92 1211608894
-1181.56 1295.17 1211608971
-922.737 1565.4 1211609015
-983.011 1942.83 1211609080
-1037.08 2291.25 1211609104
-875.758 2831.78 1211609164
-268.578 2930.06 1211609224
186.143 3074.13 1211609286
145.369 3213.74 1211609361
138.278 3211.51 1211609416
140.937 3212.62 1211609425
141.823 3219.32 1211609480
140.937 3203.69 1211609541
140.05 3204.8 1211609600
163.983 3164.6 1211609626
366.967 2811.67 1211609772
616.044 2853 1211609820
435.22 2934.53 1211609913
133.846 3422.6 1211610038
70.9116 3804.59 1211610093
501.699 3889.48 1211610163
991.875 3981.07 1211610217
2231.05 4153.09 1211610328
2359.58 4185.48 1211610389
2247.9 4175.43 1211610432
1396.96 4025.75 1211610492
846.507 4525.06 1211610612
836.756 4652.4 1211610673
714.434 4666.93 1211610702
715.32 4668.04 1211610705
685.183 4558.57 1211610765
890.826 4570.86 1211610843
1022.01 4399.95 1211610890
1173.59 4322.87 1211610946
1215.25 4084.95 1211611022
1563.6 4045.86 1211611088
2247.01 4160.91 1211611127
2362.24 4178.78 1211611185
2145.07 4151.97 1211611240
1404.94 4019.05 1211611311
960.852 3963.2 1211611361
847.393 4376.49 1211611426
342.148 4287.13 1211611487
341.262 4078.25 1211611541
331.512 4076.01 1211611572
732.162 4241.33 1211611693
803.96 3828.05 1211611753
818.142 3768.85 1211611829
633.772 3694.01 1211611840
124.095 3615.83 1211611912
30.1374 3907.35 1211611965
-23.9326 4402.18 1211612085
-48.7517 4393.25 1211612116
256.168 4471.44 1211612146
338.603 4484.84 1211612148
703.797 4463.62 1211612210
780.027 4015.7 1211612278
771.163 3792.3 1211612335
1022.01 2536.94 1211612634
1088.49 1757.46 1211612635
718.866 1694.93 1211612644
230.463 1619 1211612702
-195.007 1521.85 1211612824
-180.824 1540.83 1211612875
-183.484 1514.03 1211612944
-154.233 1451.5 1211613001
223.371 1507.33 1211613055
829.665 1606.71 1211613117
1212.59 1139.96 1211613178
2456.2 969.126 1211613238
2624.61 -114.992 1211613310
2778.85 -1240.27 1211613358
3386.91 -1171.06 1211613418
3476.44 -1165.48 1211613441
3742.36 -982.407 1211613502
3602.31 -985.756 1211613562
3612.94 -989.105 1211613631
3694.49 -928.824 1211613687
3667.01 -910.963 1211613753
3667.01 -910.963 1211613802
3666.13 -909.847 1211613922
3572.17 -973.476 1211614069
3569.51 -982.407 1211614132
3693.61 -936.638 1211614191
3693.61 -932.173 1211614256
3649.29 -908.73 1211614319
4001.18 -958.964 1211614440
3855.82 -138.437 1211614480
13908.4 8924.09 1211614529
10104.9 6179.58 1211614538
7995.28 4936.14 1211614563
6486.63 3826.93 1211614570
5197.82 2914.42 1211614582
4062.35 2098.06 1211614615
3822.13 2082.42 1211614653
3781.36 2334.81 1211614714
3893.93 2449.83 1211614774
4200.62 2406.28 1211614839
3858.47 2430.85 1211614899
3595.22 2689.94 1211614958
3441.87 2850.76 1211615006
3204.32 3092 1211615066
3022.61 2983.67 1211615144
2718.57 3269.58 1211615186
2314.38 3227.14 1211615246
1531.69 3084.18 1211615311
1470.53 3210.39 1211615362
1470.53 3210.39 1211615376
1477.62 3192.52 1211615423
1477.62 3192.52 1211615425
1498.01 3282.99 1211615457
1345.55 3303.09 1211615524
1636.28 3355.58 1211615587
1845.47 3255.06 1211615640
2551.04 3370.1 1211615695
2943.72 3441.59 1211615763
3169.75 3028.34 1211615879
3169.75 3028.34 1211615893
3368.3 2912.19 1211615931
3500.37 2635.22 1211615991
3402.87 2520.19 1211616051
3207.86 2329.22 1211616117
2857.74 1972.98 1211616172
2421.63 1537.48 1211616233
2153.05 1273.96 1211616293
1980.21 821.74 1211616359
1939.43 597.316 1211616414
1825.97 253.435 1211616476
1670.85 32.3768 1211616535
1367.71 4.46575 1211616606
1260.45 -40.1917 1211616635
1255.13 -33.4931 1211616696
1263.11 -80.3832 1211616698
1271.98 -167.464 1211616718
1475.85 -154.067 1211616751
1451.03 175.283 1211616811
1077.86 163.002 1211616875
577.043 121.693 1211616937
71.7979 87.0826 1211616994
49.6381 241.154 1211617051
15.9551 732.416 1211617112
-138.278 1343.19 1211617171
-205.644 1659.2 1211617244
-338.603 1663.66 1211617298
-346.58 1717.26 1211617299
-329.739 1740.71 1211617307
-219.826 1758.58 1211617328
48.7517 1485 1211617388
725.071 1591.08 1211617448
993.648 1641.33 1211617508
1307.43 1691.58 1211617569
1365.93 2312.47 1211617629
1350.87 2515.72 1211617689
1697.45 2809.44 1211617749
2285.12 2882.03 1211617809
2584.73 2953.51 1211617871
2713.25 2834.01 1211617929
2996.9 2522.42 1211617989
3443.64 2813.91 1211618050
3425.03 2836.24 1211618110
3433.89 2855.23 1211618170
3434.78 2864.16 1211618230
3333.73 2963.56 1211618290
3201.66 3107.64 1211618350
3205.2 3112.1 1211618366
3021.72 2924.47 1211618426
2870.15 3028.34 1211618487
2651.21 3274.05 1211618547
2306.4 3219.32 1211618608
2291.33 3077.48 1211618668
2249.67 3029.46 1211618691
2249.67 3028.34 1211618695
2260.31 2924.47 1211618755
2448.22 2925.59 1211618821
2612.2 2845.18 1211618877
2781.51 2750.25 1211618938
3129.86 3038.39 1211618997
3170.63 3090.88 1211619034
3297.39 2975.85 1211619101
2987.15 2641.92 1211619156
2483.68 2141.61 1211619215
1952.73 1699.4 1211619275
1570.69 1942.83 1211619335
1442.16 1922.73 1211619395
1142.56 1870.25 1211619425
577.929 1784.26 1211619485
325.307 1745.18 1211619550
-171.961 1665.9 1211619605
-472.448 1617.88 1211619670
-565.52 1924.97 1211619727
-564.633 1924.97 1211619737
-568.179 1921.62 1211619752
-583.248 2129.32 1211619812
-468.016 2437.55 1211619872
-620.476 2522.42 1211619932
-774.709 2531.36 1211619992
-775.595 2532.47 1211620009
-786.232 2609.53 1211620070
-150.687 2732.38 1211620129
648.841 2864.16 1211620189
1008.72 2951.28 1211620249
1371.25 3008.24 1211620309
1738.22 3047.33 1211620371
2195.6 3178 1211620443
2556.36 3166.83 1211620480
2118.48 2863.05 1211620540
1716.06 2921.12 1211620600
1265.77 2855.23 1211620661
1357.07 2454.3 1211620726
1375.68 2066.79 1211620782
1445.71 1710.56 1211620843
1234.75 1477.18 1211620903
972.375 1208.08 1211620964
582.361 820.623 1211621025
175.506 424.258 1211621085
183.484 416.442 1211621145
179.052 419.792 1211621207
34.5694 432.073 1211621267
-39.0014 1071.85 1211621328
-146.255 1428.05 1211621388
-221.599 1855.73 1211621449
-301.374 2407.39 1211621514
81.5483 2669.84 1211621572
952.874 2803.86 1211621630
1125.72 2742.43 1211621690
1264.88 2736.85 1211621751
1548.53 2800.51 1211621811
1843.7 2943.46 1211621878
1843.7 2962.45 1211621923
1846.36 2957.98 1211621977
1846.36 2957.98 1211621979
2239.92 3116.57 1211622039
2555.48 3146.73 1211622071
2816.96 2705.58 1211622131
2933.97 2615.12 1211622191
3427.69 2800.51 1211622251
3481.76 2779.29 1211622281
3455.17 2864.16 1211622341
14965.9 10740.5 1211622377
12932.5 9349.93 1211622380
11694.2 8504.98 1211622386
9791.11 7207.55 1211622399
8347.18 6222.04 1211622404
6774.71 5151.75 1211622411
5434.48 4241.33 1211622419
4150.99 3345.53 1211622435
3470.23 2827.31 1211622495
3470.23 2853 1211622555
3445.42 2834.01 1211622616
3445.42 2846.3 1211622676
3433.01 2851.88 1211622737
3449.85 2865.28 1211622797
3436.55 2849.65 1211622858
3430.35 2857.46 1211622918
3433.89 2851.88 1211622981
3434.78 2847.41 1211623039
3420.6 2818.38 1211623079
3419.71 2831.78 1211623139
3409.96 2844.06 1211623204
3404.64 2877.57 1211623259
3400.21 2873.1 1211623320
3422.37 2840.71 1211623380
3420.6 2854.11 1211623441
3420.6 2840.71 1211623501
3414.39 2838.48 1211623563
3416.16 2850.76 1211623623
3422.37 2850.76 1211623684
3421.48 2853 1211623755
3422.37 2854.11 1211623811
3443.64 2873.1 1211623864
3435.66 2868.63 1211623924
3420.6 2839.59 1211623984
3422.37 2834.01 1211624046
3433.01 2855.23 1211624104
3442.76 2859.7 1211624176
3437.44 2854.11 1211624226
3432.12 2849.65 1211624262
3420.6 2831.78 1211624322
3431.23 2855.23 1211624382
3424.14 2853 1211624443
3433.01 2857.46 1211624503
3286.75 3018.29 1211624564
3608.51 3559.98 1211624625
3823.91 3742.04 1211624686
3642.19 3995.59 1211624746
3949.77 3559.98 1211624807
4019.8 3410.31 1211624848
3996.75 3399.14 1211624909
4045.5 3404.73 1211624920
4199.74 2624.05 1211624985
3983.46 2120.39 1211625040
3706.02 1837.86 1211625100
3829.22 2112.57 1211625160
3964.84 2517.96 1211625221
4009.16 2835.13 1211625295
4015.37 2687.71 1211625342
4011.82 2692.18 1211625365
3941.8 2503.44 1211625426
3493.28 2407.39 1211625486
3439.21 2830.66 1211625546
3416.16 2845.18 1211625576
3413.5 2826.19 1211625636
3439.21 2854.11 1211625696
3440.1 2856.35 1211625738
3425.91 2845.18 1211625797
3437.44 2857.46 1211625857
3440.98 2859.7 1211625929
3431.23 2856.35 1211625985
3423.26 2851.88 1211626038
3416.16 2850.76 1211626098
3444.53 2858.58 1211626158
3456.94 2866.4 1211626219
3472.01 2876.45 1211626280
3427.69 2855.23 1211626340
3442.76 2857.46 1211626404
3474.67 2874.22 1211626443
3471.12 2869.75 1211626503
3457.82 2861.93 1211626531
3476.44 2873.1 1211626617
3456.94 2863.05 1211626677
3446.3 2860.81 1211626737
3499.49 2878.68 1211626798
3452.51 2858.58 1211626858
3483.53 2863.05 1211626923
3459.6 2853 1211626940
3465.8 2861.93 1211627000
3431.23 2844.06 1211627060
3468.46 2859.7 1211627120
3492.39 2870.87 1211627181
3486.19 2866.4 1211627241
3427.69 2840.71 1211627302
3410.85 2831.78 1211627362
3419.71 2831.78 1211627423
3472.89 2847.41 1211627484
3471.12 2847.41 1211627545
3534.05 2864.16 1211627605
3495.05 2847.41 1211627666
3526.08 2858.58 1211627726
3510.12 2861.93 1211627787
3489.73 2855.23 1211627847
3476.44 2847.41 1211627908
3522.53 2875.33 1211627968
3526.08 2879.8 1211628029
3503.92 2860.81 1211628089
3511.01 2859.7 1211628150
3511.89 2858.58 1211628165
3599.65 2597.25 1211628225
3989.66 2290.14 1211628286
3970.16 2100.29 1211628347
3706.02 1834.51 1211628407
3594.33 746.931 1211628467
3901.91 -731.234 1211628515
3296.5 -2116.49 1211628564
2895.85 -3551.74 1211628622
3308.02 -4996.77 1211628678
3722.86 -6466.09 1211628713
3988.77 -7968.61 1211628764
4125.28 -9467.51 1211628801
3289.41 -10698.5 1211628844
2535.97 -11980.7 1211628895
2680.46 -13505.6 1211628943
2964.99 -14981.2 1211628990
3596.1 -16303.9 1211629053
4471.86 -16195.8 1211629108
4506.43 -16182.4 1211629134
4508.2 -16183.5 1211629199
4508.2 -16182.4 1211629231
4510.86 -16179.1 1211629233
4187.33 -16038.7 1211629293
3255.73 -15770.1 1211629353
2943.72 -14310.3 1211629402
2616.64 -12806.7 1211629446
2730.09 -11272.7 1211629498
3744.13 -10176.7 1211629539
4148.33 -8727.01 1211629586
3878.86 -7219.06 1211629629
3617.38 -5719.75 1211629671
3360.32 -5032.47 1211629693
2941.06 -3579.64 1211629737
3248.64 -2107.56 1211629787
3937.36 -771.422 1211629833
3822.13 337.171 1211629873
3582.81 1674.83 1211629929
3682.97 1961.82 1211629989
4068.55 2361.61 1211630053
4052.6 2588.31 1211630115
3967.5 2529.12 1211630169
3982.57 2554.81 1211630230
4200.62 2562.63 1211630290
3927.61 2371.66 1211630350
3868.23 2165.06 1211630410
3775.15 2082.42 1211630472
3721.97 1986.38 1211630493
3732.61 1985.27 1211630553
3745.02 1976.33 1211630613
3745.9 1983.03 1211630673
3745.02 1978.57 1211630704
3791.11 2106.99 1211630764
3928.5 2361.61 1211630824
3800.86 2629.63 1211630889
4548.98 3574.5 1211630945
5022.31 4109.52 1211631005
7814.45 6465.61 1211631092
9386.03 6787.41 1211631141
10869.9 7098.04 1211631191
12283.7 6766.18 1211631238
11590.5 5397.53 1211631290
12927.2 4756.29 1211631341
14313.5 4245.8 1211631385
15526.1 3420.36 1211631429
16744 2989.25 1211631465
17721.7 1798.78 1211631512
19004.3 1065.15 1211631556
19834.8 -233.332 1211631602
20691.1 -1464.64 1211631645
21115.7 -2772.76 1211631705
20742.5 -3711.32 1211631766
20372 -4743.49 1211631826
19755.1 -5333.72 1211631887
19765.7 -5350.46 1211631901
19819.8 -5387.28 1211631960
19819.8 -5387.28 1211631961
20096.3 -5357.15 1211632021
20758.5 -4467.88 1211632081
21049.2 -3619.81 1211632141
21822.1 -3241.5 1211632201
21258.4 -2235.92 1211632262
20404.8 -1017.01 1211632303
19535.2 229.99 1211632347
18551.3 1403.48 1211632394
17457.5 2391.76 1211632442
16240.5 3209.27 1211632488
14923.3 3955.38 1211632537
13609.7 4605.49 1211632583
12174.6 4706.02 1211632631
12172 6218.69 1211632692
11193.4 7289.12 1211632752
10592.4 7186.32 1211632813
9141.39 6794.11 1211632868
7709.86 6408.63 1211632920
6413.95 5768.44 1211632969
5447.78 4649.05 1211633021
4962.04 4065.96 1211633046
3998.53 2936.76 1211633092
3823.02 3166.83 1211633153
4062.35 2911.07 1211633213
4050.82 2634.1 1211633273
3983.46 2524.66 1211633333
3967.5 2558.16 1211633394
3984.34 2314.7 1211633454
4017.14 2590.55 1211633514
4145.67 2544.76 1211633575
4052.6 2618.47 1211633635
4050.82 2616.23 1211633646
4050.82 2617.35 1211633707
3975.48 2511.25 1211633768
3971.05 2530.24 1211633829
4053.48 2603.95 1211633889
4067.66 2635.22 1211633950
4066.78 2639.69 1211634010
4050.82 2620.7 1211634071
4051.71 2618.47 1211634131
4045.5 2638.57 1211634192
4070.32 2788.22 1211634257
4049.94 2629.63 1211634313
4057.03 2615.12 1211634383
4054.37 2618.47 1211634442
4050.82 2620.7 1211634493
4050.82 2621.82 1211634562
4061.46 2618.47 1211634575
4051.71 2645.27 1211634600
4000.3 2683.24 1211634710
4022.46 2664.26 1211634770
4050.82 2632.98 1211634776
3962.18 2516.84 1211634796
3917.86 2050.04 1211634857
3394.89 1524.08 1211634918
3824.79 88.1991 1211634977
3705.13 -1494.77 1211635029
2785.94 -2708.03 1211635079
3092.63 -4190.04 1211635129
3576.6 -5624.92 1211635175
3845.18 -7142.09 1211635224
4107.55 -8608.8 1211635264
3791.11 -10086.4 1211635312
2762.01 -11171.3 1211635358
2577.64 -12659.6 1211635404
2837.35 -14135.3 1211635452
3146.7 -15616.4 1211635501
4029.55 -16181.3 1211635566
4494.91 -15905 1211635621
4461.22 -15878.2 1211635670
4459.45 -15877.1 1211635672
4247.6 -15946.2 1211635734
3764.52 -16214.7 1211635794
3092.63 -15205.2 1211635855
2808.98 -13753 1211635902
2573.2 -12257.1 1211635954
3142.27 -10847.9 1211636010
3233.57 -10773.2 1211636016
4111.1 -9554.49 1211636065
4027.78 -8050.03 1211636115
3768.95 -6565.37 1211636164
3414.39 -5116.15 1211636209
2971.19 -3693.46 1211636254
3215.84 -2218.06 1211636309
3939.14 -898.683 1211636366
3732.61 612.948 1211636411
3586.35 1682.65 1211636472
3838.97 2072.37 1211636532
4005.62 2424.15 1211636598
3993.21 2666.49 1211636657
4030.44 2708.93 1211636715
4053.48 2618.47 1211636777
4057.91 2616.23 1211636810
4055.25 2622.93 1211636870
4058.8 2618.47 1211636931
4057.03 2622.93 1211636979
4057.03 2625.17 1211637045
4054.37 2621.82 1211637100
4050.82 2616.23 1211637160
4051.71 2619.58 1211637220
4055.25 2621.82 1211637280
3987 2533.59 1211637340
4007.39 2289.02 1211637400
3894.82 2031.05 1211637461
3664.35 1826.7 1211637522
3667.01 1818.88 1211637545
3615.6 726.834 1211637605
3908.11 -769.19 1211637661
3284.09 -2134.35 1211637714
2863.94 -2628.79 1211637736
3077.56 -4147.63 1211637789
3574.83 -5618.22 1211637844
3845.18 -7146.55 1211637875
4108.44 -8614.37 1211637916
3791.11 -10095.3 1211637962
2759.35 -11183.5 1211638005
2579.41 -12662.9 1211638050
2837.35 -14163.2 1211638099
3153.79 -15634.2 1211638149
4033.98 -16186.9 1211638210
4560.5 -15994.1 1211638270
4513.52 -15920.6 1211638320
4436.4 -15870.4 1211638380
4374.36 -15858.2 1211638440
4343.33 -15864.9 1211638473
4345.99 -15863.7 1211638475
4321.17 -15873.8 1211638528
4260.01 -15929.5 1211638588
4200.62 -16030.9 1211638649
3290.3 -15908.3 1211638708
2941.06 -14427.3 1211638756
2624.61 -12950.5 1211638802
2668.93 -11412.1 1211638855
3666.13 -10274.8 1211638901
4172.26 -8869.77 1211638949
3917.86 -7398.64 1211638994
3652.83 -5923.91 1211639040
3205.2 -4511.4 1211639090
2835.58 -3289.48 1211639138
3433.01 -1905.54 1211639197
3937.36 -826.123 1211639244
3695.38 667.657 1211639289
3667.01 1767.51 1211639349
3679.42 1957.35 1211639409
3794.65 2070.14 1211639433
3761.86 2158.36 1211639493
3644.85 2274.5 1211639554
3649.29 2282.32 1211639614
3648.4 2281.2 1211639674
3651.95 2285.67 1211639736
3653.72 2277.85 1211639796
3335.5 2711.16 1211639857
3646.63 3012.7 1211639917
3966.62 3016.06 1211639978
4065 2921.12 1211639998
4057.03 2803.86 1211640053
4070.32 2634.1 1211640113
4072.98 2641.92 1211640173
4072.1 2654.2 1211640234
4075.64 2648.62 1211640294
4077.41 2635.22 1211640366
4070.32 2647.5 1211640409
4072.98 2636.34 1211640470
4070.32 2645.27 1211640526
3940.02 2513.49 1211640586
4165.17 2419.68 1211640646
4175.8 2415.21 1211640706
3973.71 2115.92 1211640766
3660.81 1941.72 1211640826
3809.72 2093.59 1211640886
3944.46 2477.75 1211640948
3956.86 2724.56 1211641008
4145.67 2867.52 1211641069
4077.41 2788.22 1211641130
4050.82 2670.96 1211641191
4069.44 2629.63 1211641251
4080.96 2621.82 1211641312
4065.89 2617.35 1211641372
4073.87 2616.23 1211641412
3955.98 2495.62 1211641478
3995.87 2301.3 1211641532
4046.39 2621.82 1211641597
4015.37 2673.19 1211641655
4072.1 2769.24 1211641712
4053.48 2625.17 1211641772
4051.71 2624.05 1211641833
4065.89 2628.52 1211641860
4081.85 2639.69 1211641922
4092.48 2606.18 1211641982
4090.71 2641.92 1211642020
3994.09 2477.75 1211642080
4020.69 2297.95 1211642140
3744.13 2015.42 1211642200
3625.35 1861.31 1211642260
3639.54 1845.68 1211642320
3456.94 1596.66 1211642381
3742.36 539.257 1211642440
3858.47 -740.165 1211642500
3747.68 -1063.9 1211642562
3596.1 -927.708 1211642621
3584.58 -960.081 1211642660
3586.35 -958.964 1211642716
3588.12 -967.895 1211642776
3581.03 -958.964 1211642837
3582.81 -958.964 1211642897
3629.79 -931.057 1211642957
3629.79 -926.591 1211643017
3628.9 -925.475 1211643077
3617.38 -966.778 1211643161
3602.31 -986.872 1211643221
3575.72 -1008.08 1211643282
3081.11 -1188.92 1211643342
2410.99 -1309.48 1211643394
1986.41 -1320.64 1211643454
1563.6 -1262.59 1211643529
1532.58 -886.404 1211643575
1491.8 -382.929 1211643635
1454.57 150.721 1211643696
1433.3 368.433 1211643756
1408.48 678.823 1211643830
1225 714.552 1211643878
1239.18 365.083 1211643947
1079.63 163.002 1211644002
679.865 130.624 1211644058
679.865 130.624 1211644072
304.033 103.829 1211644118
276.555 112.761 1211644143
-158.665 69.2195 1211644197
-509.677 222.174 1211644262
-1119.52 173.05 1211644319
-1174.47 168.584 1211644340
-1175.36 167.467 1211644359
-1220.57 366.2 1211644372
-1308.32 925.58 1211644466
-1100.02 1079.67 1211644525
-747.231 1142.2 1211644585
-142.71 1230.41 1211644647
-140.937 1411.3 1211644668
-170.188 1569.86 1211644733
-65.5932 1674.83 1211644752
-55.8428 1756.35 1211644833
-43.4333 1720.61 1211644909
-409.514 1511.8 1211644962
-1357.07 1358.82 1211645021
-1872.95 856.353 1211645075
-2999.56 634.161 1211645210
-3302.71 596.2 1211645236
-3300.05 576.102 1211645252
-3011.97 416.442 1211645297
-2827.6 426.491 1211645334
-2735.41 635.278 1211645401
-2371.11 660.958 1211645455
-1763.04 884.267 1211645515
-1529.03 1248.27 1211645581
-1262.23 1278.42 1211645637
-912.1 1479.41 1211645697
-962.624 1805.48 1211645757
-1041.51 2293.49 1211645817
-1040.63 2430.85 1211645877
-975.034 2803.86 1211645938
-375.831 2907.72 1211645998
399.764 3035.04 1211646068
1036.2 3133.33 1211646124
1348.21 3184.7 1211646173
1382.78 3185.82 1211646194
1763.92 3247.25 1211646254
2206.24 3326.55 1211646315
2339.19 3131.09 1211646379
2379.97 3032.81 1211646436
1740.88 2932.29 1211646496
1685.92 2922.24 1211646529
1365.93 3170.18 1211646594
1327.82 3368.99 1211646657
1302.11 3575.62 1211646720
1252.48 3866.02 1211646769
1233.86 3978.84 1211646794
1193.97 4237.98 1211646854
952.874 4278.19 1211646900
772.936 4251.38 1211646952
867.78 4259.2 1211647046
938.692 4274.84 1211647096
952.874 4267.02 1211647155
963.511 4250.27 1211647212
1029.1 4380.96 1211647273
980.352 4680.33 1211647332
1272.86 4962.96 1211647389
1747.08 5050.09 1211647449
2371.11 5142.81 1211647510
2797.46 5108.18 1211647570
2751.37 5148.4 1211647604
2751.37 5148.4 1211647605
2383.51 5346.14 1211647666
2010.34 5302.57 1211647726
1926.14 5210.96 1211647786
1681.49 5040.04 1211647846
1993.5 4713.84 1211647907
2324.13 4417.82 1211647967
2442.02 4319.52 1211648039
2550.16 4212.29 1211648096
2156.6 4144.15 1211648161
1241.84 4007.88 1211648216
1204.61 4196.65 1211648260
1054.81 4218.99 1211648333
989.216 4582.03 1211648390
713.548 4563.04 1211648455
12.4095 4449.1 1211648502
-620.476 4374.26 1211648561
-714.434 4960.72 1211648681
-714.434 4969.66 1211648695
-664.796 4566.39 1211648755
-378.49 4488.2 1211648810
-268.578 4510.54 1211648839
-48.7517 4507.19 1211648894
-18.6143 4290.48 1211648966
310.238 4165.37 1211649078
330.625 4175.43 1211649117
510.563 3886.13 1211649177
379.377 3255.06 1211649307
166.642 3189.17 1211649357
181.711 3119.92 1211649387
-93.0714 3069.66 1211649425
-339.489 2564.86 1211649508
-237.554 1928.32 1211649606
-179.052 1582.15 1211649661
-385.582 1205.84 1211649731
-836.756 1133.26 1211649791
-1189.54 1080.78 1211649855
-1540.55 1020.49 1211649918
-1569.8 898.782 1211649968
-1294.14 628.579 1211650031
-1279.07 748.048 1211650063
-1290.59 1079.67 1211650124
-1307.43 1213.66 1211650154
-919.191 1515.15 1211650210
-1043.29 2409.63 1211650355
-1018.47 2514.61 1211650408
-687.842 2864.16 1211650481
-44.3197 2969.15 1211650529
-34.5694 3514.19 1211650589
26.5918 4124.04 1211650713
148.914 4147.5 1211650778
177.279 4151.97 1211650784
469.789 4202.24 1211650839
719.752 4242.45 1211650899
865.121 4267.02 1211650959
1024.67 4289.36 1211651019
1198.41 4210.05 1211651080
1228.54 4022.4 1211651140
1309.2 3534.29 1211651200
1342.89 3312.03 1211651254
1159.4 3296.39 1211651314
468.016 3173.53 1211651374
440.538 3367.87 1211651396
421.037 3458.34 1211651431
630.226 3107.64 1211651519
863.348 2890.97 1211651578
1219.68 2933.41 1211651638
1209.93 2908.84 1211651659
1344.66 2982.55 1211651722
1558.28 3018.29 1211651784
2106.96 3097.59 1211651843
2426.06 3064.08 1211651906
2189.39 3030.57 1211651963
2054.66 3002.65 1211652000
1726.7 2938.99 1211652060
1732.01 2641.92 1211652123
1450.14 2453.18 1211652181
1102.67 2408.51 1211652241
275.669 2273.38 1211652308
-507.904 2149.43 1211652367
-998.08 1974.1 1211652433
-1032.65 1423.58 1211652548
-1642.49 1263.91 1211652608
-2068.84 774.845 1211652659
-2712.37 648.676 1211652707
-3431.23 608.481 1211652779
-3570.4 203.194 1211652832
-3604.08 -30.1438 1211652888
-3618.26 -586.109 1211652948
-3592.56 -1054.97 1211653026
-3537.6 -2099.75 1211653135
