3160.88 2827.31 1211228313
3157.34 2825.08 1211228372
3157.34 2835.13 1211228492
3160 2841.83 1211228557
3157.34 2840.71 1211228619
3156.45 2839.59 1211228650
3035.9 2495.62 1211228715
3300.05 2192.98 1211228769
3306.25 2188.51 1211228806
3943.57 2213.08 1211228920
3943.57 2211.96 1211228922
4003.84 2290.14 1211229000
3766.29 2549.23 1211229006
3476.44 2842.95 1211229062
3680.31 3064.08 1211229122
3694.49 3152.31 1211229193
3446.3 3402.49 1211229254
3261.93 3556.63 1211229302
3348.8 2928.94 1211229362
3348.8 2928.94 1211229413
2835.58 3584.55 1211229436
2825.83 3660.5 1211229450
2533.32 3558.86 1211229471
2365.79 3427.07 1211229532
2391.49 3291.92 1211229596
2421.63 3159.01 1211229663
2002.37 2925.59 1211229714
1624.76 2904.37 1211229774
1414.69 2854.11 1211229834
1443.94 2672.07 1211229918
1276.41 2639.69 1211229978
1146.99 2685.47 1211230036
1136.36 3017.17 1211230142
1086.72 3077.48 1211230172
783.573 2884.27 1211230232
573.497 2850.76 1211230269
573.497 2850.76 1211230275
408.628 2816.14 1211230330
217.167 2792.69 1211230367
-312.897 2707.81 1211230428
-469.789 2679.89 1211230505
-904.122 2614 1211230548
-1026.44 2817.26 1211230609
-1541.44 2861.93 1211230683
-1563.6 2890.97 1211230707
-1563.6 2890.97 1211230744
-1765.7 2903.25 1211230746
-2048.46 2857.46 1211230806
-1922.59 2979.2 1211230869
-1700.99 3018.29 1211230914
-1392.53 3067.43 1211230976
-1151.43 3106.52 1211231013
-780.914 3167.95 1211231077
-520.314 3209.27 1211231138
-468.903 3217.09 1211231149
-365.195 2835.13 1211231230
-336.83 2631.87 1211231281
-278.328 2218.66 1211231341
-165.756 2089.12 1211231413
-23.9326 2114.81 1211231417
671.887 2226.48 1211231477
1172.7 2310.24 1211231537
1178.9 2526.89 1211231598
1066.33 3097.59 1211231666
1675.29 3250.6 1211231720
2349.83 3353.35 1211231782
2633.48 3287.45 1211231845
2575.86 3278.52 1211231851
2559.91 3303.09 1211231911
2560.79 3173.53 1211231971
2580.29 3041.74 1211232001
2551.93 2853 1211232070
2256.76 2712.28 1211232139
2256.76 2836.24 1211232161
2067.07 3348.88 1211232221
1678.83 3345.53 1211232285
1191.31 3247.25 1211232376
1154.97 3050.68 1211232436
987.443 3021.64 1211232467
1155.86 2751.37 1211232574
1196.63 2641.92 1211232636
1225.88 2730.15 1211232696
1396.96 2754.72 1211232755
1830.4 2834.01 1211232819
1834.84 2866.4 1211232876
1833.06 2869.75 1211232916
1833.95 2871.98 1211232937
2059.09 2607.3 1211233020
2059.98 2502.32 1211233055
1960.7 2318.05 1211233123
1833.06 2062.32 1211233203
2348.95 1577.68 1211233262
2670.71 1260.56 1211233328
3106.81 1586.61 1211233381
3807.95 225.524 1211233430
3748.56 -1012.55 1211233550
3579.26 -950.034 1211233612
3580.15 -960.081 1211233673
3580.15 -960.081 1211233694
3579.26 -972.36 1211233733
3579.26 -972.36 1211233753
3571.28 -973.476 1211233793
3570.4 -971.244 1211233866
3570.4 -977.942 1211233928
3578.37 -990.221 1211233979
3580.15 -991.337 1211234033
3581.03 -992.453 1211234072
3584.58 -991.337 1211234132
3574.83 -1138.69 1211234193
2994.24 -1193.39 1211234252
2326.79 -1312.83 1211234317
2052 -1313.94 1211234373
1625.65 -1325.1 1211234433
1565.37 -1320.64 1211234454
1533.46 -869.659 1211234514
1515.73 -696.628 1211234574
1319.84 -611.785 1211234644
1318.07 -626.298 1211234699
1317.18 -628.531 1211234707
1329.59 -625.182 1211234766
1334.91 -773.655 1211234821
1339.34 -994.686 1211234887
1367.71 -1308.36 1211234941
1717.83 -1337.38 1211235001
2016.55 -1335.15 1211235075
2078.59 -1331.8 1211235131
2189.39 -1326.22 1211235195
2307.28 -1403.24 1211235242
2306.4 -1408.82 1211235303
2307.28 -1407.71 1211235331
2307.28 -1407.71 1211235333
2309.06 -1404.36 1211235393
2313.49 -1403.24 1211235453
2231.94 -1345.2 1211235518
1747.97 -1320.64 1211235634
1560.05 -1269.29 1211235661
1552.96 -1167.71 1211235691
1518.39 -762.492 1211235751
1470.53 -79.2667 1211235811
1435.96 317.075 1211235872
1413.8 447.704 1211235933
1406.71 526.976 1211235993
1392.53 957.96 1211236053
1392.53 1085.25 1211236114
1615.01 1552 1211236174
1830.4 1763.05 1211236235
2309.94 2244.35 1211236295
2564.34 2485.57 1211236357
2819.62 2778.17 1211236417
2867.49 3028.34 1211236478
2802.78 3496.31 1211236547
2743.39 3720.82 1211236586
2743.39 3720.82 1211236598
2896.74 3851.5 1211236716
2983.6 3547.69 1211236770
2979.17 3256.18 1211236821
3122.77 3056.26 1211236881
3258.39 2847.41 1211236941
3412.62 2517.96 1211237006
3234.45 2323.64 1211237062
2559.02 1486.11 1211237122
2715.91 505.762 1211237182
2886.99 -985.756 1211237242
2449.11 -2447.98 1211237296
2975.63 -3836.3 1211237349
3483.53 -5281.28 1211237394
3782.25 -6789.6 1211237440
4053.48 -8305.44 1211237490
2563.45 -12364.2 1211237642
2795.69 -13848.9 1211237696
3076.68 -15331.1 1211237744
3861.13 -16219.2 1211237822
4525.93 -15967.4 1211237864
4330.04 -15869.3 1211237902
4330.04 -15869.3 1211237924
4330.92 -15870.4 1211237984
4330.92 -15873.8 1211238005
4331.81 -15874.9 1211238006
3378.05 -16136.7 1211238136
2990.69 -14797.3 1211238191
2674.25 -13349.5 1211238238
2551.04 -11848 1211238292
4178.46 -9341.49 1211238391
3991.43 -7851.5 1211238440
3730.83 -6388 1211238493
3309.8 -4944.33 1211238539
2898.51 -3454.65 1211238594
3113.9 -2357.58 1211238654
3904.57 -1102.97 1211238704
3805.29 423.141 1211238760
3607.63 1708.33 1211238819
3708.67 1817.76 1211238896
3768.95 2118.16 1211238945
3329.3 2560.39 1211239001
2884.33 3018.29 1211239061
2793.03 3482.91 1211239127
2726.55 3902.88 1211239166
2894.08 4265.91 1211239352
2639.68 4224.58 1211239398
2278.03 4172.08 1211239431
1958.05 4107.29 1211239491
1957.16 4106.17 1211239533
1957.16 4106.17 1211239535
2114.05 4131.86 1211239636
2390.61 4363.09 1211239774
2591.82 4189.95 1211239793
2640.57 4139.68 1211239849
3023.49 3876.07 1211239909
3363.87 3842.57 1211239974
3366.53 3791.19 1211240017
3366.53 3791.19 1211240037
3417.05 3603.54 1211240075
3307.14 3558.86 1211240135
3158.22 3412.55 1211240195
3155.56 3241.66 1211240214
2844.44 3274.05 1211240243
2099.87 3291.92 1211240373
2044.91 3608.01 1211240424
2043.14 3606.89 1211240448
1904.86 3534.29 1211240506
2179.64 3532.06 1211240572
2309.94 3601.31 1211240601
2528 3593.49 1211240661
2758.46 3552.16 1211240721
2839.12 3468.39 1211240781
2885.21 3400.26 1211240841
2853.3 3452.75 1211240901
2865.71 3454.99 1211240961
2865.71 3454.99 1211240975
2841.78 3506.37 1211241023
2862.17 3458.34 1211241082
2855.96 3489.61 1211241111
2855.96 3489.61 1211241124
2918.01 3568.91 1211241170
2533.32 3472.86 1211241234
2378.2 3443.82 1211241295
1716.06 3358.94 1211241350
1230.32 3281.87 1211241410
1195.75 3352.23 1211241470
1174.47 3469.51 1211241541
1165.61 3533.17 1211241591
1267.54 3778.9 1211241666
1208.16 3780.02 1211241682
1208.16 3780.02 1211241692
1163.84 3802.36 1211241745
1100.02 3939.74 1211241806
1212.59 3986.66 1211241837
1561.83 4039.15 1211241908
2271.83 4034.69 1211241957
2305.51 3824.69 1211242027
2348.95 3678.37 1211242070
2356.92 3670.56 1211242082
2202.69 3573.38 1211242137
2206.24 3591.25 1211242184
2191.17 3548.81 1211242251
2225.74 3363.4 1211242301
2268.28 3064.08 1211242375
2355.15 2892.09 1211242434
2619.3 2840.71 1211242544
3057.17 2454.3 1211242601
3597.88 1890.35 1211242661
3620.03 1869.13 1211242692
3620.03 1871.36 1211242694
3753.88 1822.23 1211242755
3555.33 2339.27 1211242881
3017.29 2879.8 1211242937
2862.17 3125.51 1211242994
3014.63 3291.92 1211243052
2868.37 3094.23 1211243112
2466.84 2684.36 1211243175
2270.06 2486.69 1211243234
1863.2 2137.14 1211243294
1635.4 1875.83 1211243355
1482.94 1703.86 1211243415
1190.43 1426.93 1211243484
1167.38 1152.25 1211243541
977.693 1051.75 1211243601
1030.88 357.268 1211243657
1044.17 174.166 1211243696
1044.17 174.166 1211243703
1217.02 -8.9315 1211243757
1217.02 -8.9315 1211243781
1253.36 146.255 1211243818
1226.77 512.461 1211243878
1215.25 689.988 1211243939
1202.84 870.868 1211243999
1181.56 1065.15 1211244060
1166.5 1357.7 1211244126
1341.11 1556.46 1211244242
1567.15 1801.01 1211244291
1810.02 1745.18 1211244351
2013 1949.53 1211244417
2362.24 2300.19 1211244477
2589.16 2524.66 1211244532
2456.2 2662.02 1211244607
2599.79 2817.26 1211244659
2755.8 3039.51 1211244697
3023.49 3238.31 1211244757
3153.79 3088.65 1211244782
3475.55 2777.05 1211244843
3838.09 2395.11 1211244903
3555.33 2128.21 1211244968
3558.87 2130.44 1211244984
3558.87 2130.44 1211245032
3464.03 2367.19 1211245046
3277 2611.77 1211245106
3277 2611.77 1211245126
3027.04 2895.44 1211245170
2863.94 2959.1 1211245226
2855.08 3062.96 1211245287
2847.99 3312.03 1211245357
2769.98 3346.65 1211245407
2534.2 3294.16 1211245457
2146.85 3208.16 1211245517
1724.04 3138.91 1211245587
1274.64 3045.09 1211245641
1084.95 3001.54 1211245702
1014.04 3242.78 1211245757
690.501 3185.82 1211245817
378.49 3138.91 1211245884
-222.485 3043.98 1211245939
-386.468 3035.04 1211246004
-970.602 2946.81 1211246063
-1088.49 3012.7 1211246126
-1599.06 2935.64 1211246185
-1853.45 2893.2 1211246244
-2235.49 2832.89 1211246300
-2785.94 2746.9 1211246360
-3243.32 2720.1 1211246435
-3584.58 2697.76 1211246489
-3810.61 2761.42 1211246529
-3814.16 2758.07 1211246569
-3813.27 2756.95 1211246570
-3723.74 2761.42 1211246636
-3697.15 2281.2 1211246700
-3689.17 2285.67 1211246744
-3458.71 2270.03 1211246812
-2960.56 2297.95 1211246857
-2729.21 2399.58 1211246918
-2617.52 2540.29 1211246978
-2579.41 2534.71 1211247038
-2581.18 2538.06 1211247098
-2580.29 2538.06 1211247158
-2580.29 2534.71 1211247219
-2575.86 2544.76 1211247284
-2540.41 2363.84 1211247339
-2067.96 2347.09 1211247459
-1842.81 2360.49 1211247535
-1178.9 2458.77 1211247591
-908.554 2485.57 1211247641
-649.727 2523.54 1211247693
-100.163 2634.1 1211247783
239.326 2792.69 1211247846
710.888 2870.87 1211247893
939.578 2905.49 1211247953
1223.22 2943.46 1211248095
1802.04 3049.56 1211248134
2286.9 3136.68 1211248204
2549.27 3169.06 1211248229
2553.7 3121.04 1211248284
2574.09 2991.48 1211248347
2690.21 2823.96 1211248405
2689.32 2780.4 1211248465
2720.34 2761.42 1211248526
2968.53 2906.6 1211248586
2771.76 3315.38 1211248643
2787.71 3507.48 1211248703
2862.17 3678.37 1211248775
2911.81 3640.4 1211248793
2980.94 3203.69 1211248918
2902.94 3117.69 1211248964
2818.73 3227.14 1211249024
2743.39 3593.49 1211249100
2645.89 4223.46 1211249153
2430.49 4195.53 1211249204
1296.8 4016.81 1211249346
1251.59 4011.23 1211249376
1131.93 3986.66 1211249421
925.396 4045.86 1211249481
840.302 4566.39 1211249548
135.618 4473.67 1211249610
-22.1599 4449.1 1211249662
-36.3422 4478.14 1211249683
100.163 4540.7 1211249724
108.14 4479.26 1211249785
163.097 4148.62 1211249845
377.604 4183.25 1211249906
685.183 4239.1 1211249966
908.554 4267.02 1211250027
1183.34 4300.53 1211250093
1225 4036.92 1211250153
1362.39 4008.99 1211250208
1588.42 4042.5 1211250260
1588.42 4042.5 1211250270
2007.68 4022.4 1211250330
1545.87 3954.26 1211250396
1504.21 4241.33 1211250451
1554.74 3864.9 1211250512
1594.62 3605.77 1211250541
1613.24 3461.69 1211250601
1683.26 3054.03 1211250661
1753.29 2588.31 1211250728
1608.81 2576.03 1211250789
1609.69 2573.79 1211250790
1592.85 2787.1 1211250856
1838.38 2837.36 1211250915
2281.58 2907.72 1211250976
2421.63 2932.29 1211251030
2421.63 2932.29 1211251054
2407.45 3241.66 1211251081
1859.66 3164.6 1211251141
1260.45 3067.43 1211251201
1107.99 3035.04 1211251267
1070.76 3169.06 1211251326
905.895 3335.48 1211251366
613.385 3294.16 1211251427
445.856 3268.47 1211251445
445.856 3268.47 1211251464
405.082 3363.4 1211251513
600.089 3290.8 1211251567
631.999 3096.47 1211251606
631.113 3088.65 1211251779
632.886 3086.42 1211251837
636.431 3088.65 1211251878
636.431 3086.42 1211251895
817.256 3099.82 1211251951
967.943 2863.05 1211252008
1003.4 2632.98 1211252068
1099.13 2064.55 1211252127
1121.29 1857.96 1211252187
1006.94 1738.48 1211252253
1074.31 1340.95 1211252317
2029.84 1039.47 1211252368
2588.27 63.6372 1211252428
2772.64 -1419.99 1211252480
2624.61 -2930.13 1211252540
3139.61 -4364.11 1211252577
3605.85 -5788.92 1211252627
3869.11 -7281.52 1211252674
4138.58 -8777.2 1211252723
3689.17 -10226.9 1211252776
2686.66 -11327.4 1211252826
2596.25 -12829 1211252883
2869.26 -14332.6 1211252927
3205.2 -15827 1211252980
4545.43 -16153.4 1211253105
4528.59 -16150.1 1211253132
4524.16 -16147.9 1211253192
4524.16 -16147.9 1211253222
4524.16 -16147.9 1211253223
3468.46 -16245.9 1211253358
2994.24 -14820.7 1211253406
2675.14 -13371.8 1211253458
2554.59 -11895.9 1211253507
4182.01 -9348.19 1211253612
3994.98 -7855.96 1211253665
3732.61 -6393.58 1211253721
3304.48 -4938.75 1211253776
2908.26 -3483.66 1211253833
2717.69 -2936.82 1211253861
3646.63 -1706.86 1211253918
3844.29 -1150.97 1211253978
3731.72 -983.523 1211254045
3603.19 -986.872 1211254060
3599.65 -983.523 1211254098
3599.65 -983.523 1211254114
3602.31 -973.476 1211254174
3604.97 -958.964 1211254234
3589.01 -951.15 1211254311
3588.12 -951.15 1211254424
3595.22 -952.266 1211254516
3591.67 -962.313 1211254580
3581.03 -964.546 1211254640
3592.56 -970.127 1211254700
3589.01 -976.825 1211254760
3612.06 -991.337 1211254820
3625.35 -965.662 1211254881
3628.9 -953.383 1211254941
3631.56 -966.778 1211255002
3630.67 -986.872 1211255062
3628.01 -990.221 1211255127
