4392.97 -16058.7 1212768981
4390.31 -16057.6 1212769041
4390.31 -16059.9 1212769106
4390.31 -16059.9 1212769171
4390.31 -16058.7 1212769233
4389.43 -16056.5 1212769282
4390.31 -16057.6 1212769351
4390.31 -16057.6 1212769402
4391.2 -16059.9 1212769462
4392.97 -16067.7 1212769532
4393.86 -16068.8 1212769582
4392.08 -16063.2 1212769645
4391.2 -16059.9 1212769707
4393.86 -16066.5 1212769763
4396.52 -16081 1212769830
4395.63 -16072.1 1212769886
4395.63 -16071 1212769954
4395.63 -16067.7 1212770009
4395.63 -16066.5 1212770069
4397.4 -16056.5 1212770124
