3580.15 -1004.73 1211148486
4244.94 -1107.43 1211148632
4261.78 -873.008 1211148684
4211.26 -267.941 1211148749
4191.76 29.0274 1211148805
4135.03 794.943 1211148866
4088.94 1402.37 1211148912
3994.98 1898.17 1211148972
3923.18 1961.82 1211149032
3928.5 1978.57 1211149093
3930.27 1984.15 1211149154
3533.17 2361.61 1211149268
3259.27 2679.89 1211149338
3019.06 2691.06 1211149391
2860.39 2523.54 1211149466
2608.66 2517.96 1211149562
2482.79 2648.62 1211149622
2402.13 2816.14 1211149693
2479.25 2856.35 1211149747
2489 2847.41 1211149776
2599.79 2841.83 1211149836
2980.94 2914.42 1211149905
3192.79 3121.04 1211149956
3767.18 3572.27 1211150084
3794.65 3586.79 1211150087
3721.97 3380.16 1211150147
3490.62 3334.36 1211150207
3093.52 3258.42 1211150284
2762.01 2893.2 1211150341
2502.29 2706.69 1211150388
2444.68 2681.01 1211150448
2406.56 2705.58 1211150508
2374.65 2702.23 1211150568
2371.11 2718.98 1211150629
2419.86 2705.58 1211150689
2406.56 2794.92 1211150750
2457.09 2865.28 1211150822
2426.06 3068.55 1211150871
2534.2 3162.36 1211150931
2508.5 3047.33 1211150992
2496.97 3041.74 1211151052
2496.09 3045.09 1211151113
2497.86 3057.38 1211151173
2497.86 3057.38 1211151200
2311.72 3031.69 1211151259
2114.05 3196.99 1211151328
2195.6 3534.29 1211151379
2223.08 3524.24 1211151407
2209.78 3514.19 1211151440
2209.78 3513.07 1211151475
2209.78 3509.72 1211151493
2223.96 3526.47 1211151539
2332.1 3552.16 1211151600
2375.54 3386.86 1211151659
2395.92 3385.74 1211151666
2412.77 3182.47 1211151726
2452.65 2959.1 1211151786
2450.88 2869.75 1211151863
2736.3 2760.3 1211151909
2977.4 2542.52 1211151967
3475.55 2023.24 1211152032
3586.35 1904.87 1211152092
3568.62 1863.55 1211152147
3568.62 1863.55 1211152150
3296.5 1818.88 1211152215
3081.11 2042.22 1211152275
2764.66 2347.09 1211152334
2632.59 2506.79 1211152396
2488.11 2647.5 1211152460
2477.47 2682.12 1211152511
2575.86 2784.87 1211152576
2570.54 2780.4 1211152584
2611.32 2789.34 1211152645
2871.03 2619.58 1211152705
2883.44 2606.18 1211152765
3297.39 2194.1 1211152830
3517.21 1975.22 1211152892
3573.94 1922.73 1211152952
3590.78 1889.23 1211153007
3580.15 1869.13 1211153049
3575.72 1865.78 1211153051
3233.57 1881.41 1211153117
3104.15 2014.3 1211153171
3018.17 2098.06 1211153237
2801.01 2313.59 1211153294
2576.75 2526.89 1211153354
2458.86 2650.85 1211153414
2481.9 2720.1 1211153475
2608.66 2809.44 1211153535
2793.03 2701.11 1211153596
2918.01 2589.43 1211153656
2704.39 2363.84 1211153726
2137.1 1797.66 1211153781
1905.75 1567.63 1211153803
1877.38 1342.07 1211153859
1822.43 1213.66 1211153904
1820.65 1213.66 1211153910
1537.89 1377.8 1211153966
1644.26 1581.03 1211154030
1988.18 1917.15 1211154086
2105.19 2222.01 1211154156
2114.05 2331.45 1211154207
2285.12 2532.47 1211154239
2422.52 2626.28 1211154299
2552.82 2554.81 1211154364
2447.34 2382.83 1211154419
2262.97 2464.35 1211154481
2160.14 2937.88 1211154552
2036.93 3406.96 1211154603
1777.22 3424.83 1211154661
1754.17 3578.97 1211154721
1706.31 3860.44 1211154782
1696.56 3915.17 1211154802
2109.62 4033.57 1211154860
2370.22 3480.68 1211154980
2363.13 3456.11 1211155010
2086.57 3443.82 1211155080
1857.88 3377.92 1211155131
1396.96 3300.86 1211155191
1246.27 3301.97 1211155262
937.805 3234.96 1211155311
959.079 2892.09 1211155382
1065.45 2217.55 1211155435
1113.31 1913.8 1211155491
1028.22 1740.71 1211155557
764.958 1703.86 1211155612
307.579 1629.05 1211155672
308.465 1340.95 1211155736
313.784 1297.4 1211155781
313.784 1297.4 1211155801
327.08 1233.76 1211155804
449.402 1447.03 1211155874
805.733 1603.36 1211155931
1295.91 1730.66 1211155991
1273.75 1891.46 1211156028
1199.29 2359.37 1211156089
1187.77 2436.43 1211156155
1165.61 2597.25 1211156213
1146.99 2645.27 1211156271
1136.36 2743.55 1211156331
1123.95 2816.14 1211156391
1061.9 3232.73 1211156451
1053.92 3288.57 1211156482
1053.92 3288.57 1211156496
1053.92 3288.57 1211156498
1336.68 3395.79 1211156558
1738.22 3459.46 1211156618
2155.71 3524.24 1211156679
2312.6 3555.51 1211156707
2356.92 3472.86 1211156758
2356.92 3472.86 1211156775
2374.65 3347.77 1211156823
2433.15 3232.73 1211156878
2410.99 3125.51 1211156938
2431.38 3011.59 1211156998
2447.34 2937.88 1211157058
2447.34 2937.88 1211157073
2458.86 2842.95 1211157122
2557.25 2842.95 1211157178
2578.52 2838.48 1211157233
2322.35 2548.11 1211157296
2100.75 2325.87 1211157351
1860.54 2091.36 1211157407
1539.67 1771.98 1211157467
1155.86 1390.08 1211157531
875.758 1109.81 1211157592
473.335 707.852 1211157647
309.352 548.19 1211157707
240.213 482.316 1211157767
198.552 898.782 1211157831
243.758 1010.44 1211157877
243.758 1010.44 1211157885
481.312 1028.3 1211157945
557.542 1030.54 1211157978
706.456 954.61 1211158039
819.915 1037.24 1211158100
1045.06 1262.79 1211158162
1201.95 1423.58 1211158222
1281.73 1834.51 1211158290
1281.73 1834.51 1211158304
1188.65 2416.33 1211158341
1184.22 2546.99 1211158413
1161.18 2659.79 1211158476
1140.79 2753.6 1211158522
1130.15 2835.13 1211158582
1018.47 3514.19 1211158642
1260.45 3698.48 1211158702
1604.37 3755.44 1211158762
1721.38 3754.33 1211158813
1730.24 3681.72 1211158825
1846.36 3471.74 1211158886
2198.26 3533.17 1211158951
2351.6 3514.19 1211159013
2371.11 3411.43 1211159068
2438.47 3275.17 1211159134
2404.79 3282.99 1211159182
2578.52 3171.3 1211159236
2678.68 3400.26 1211159301
2786.82 3685.08 1211159363
2633.48 4187.71 1211159421
2476.59 4290.48 1211159481
2264.74 4480.38 1211159541
1817.99 4883.64 1211159596
1631.85 5246.71 1211159662
1620.33 5323.79 1211159725
1615.9 5338.31 1211159740
1385.43 5309.27 1211159800
1359.73 5313.74 1211159820
1333.14 5235.54 1211159880
1062.79 5153.98 1211159940
1076.97 4966.31 1211160000
1113.31 4745.12 1211160065
957.306 4599.9 1211160120
697.592 4511.65 1211160190
755.208 4174.31 1211160245
790.664 3915.17 1211160301
815.483 3817.99 1211160332
900.577 3255.06 1211160407
927.169 3089.77 1211160468
688.728 2782.64 1211160517
-163.983 2643.04 1211160574
-421.924 2579.38 1211160635
-1212.59 2469.93 1211160703
-1623.87 2409.63 1211160757
-2013.89 2372.78 1211160815
-2426.06 2350.44 1211160875
-2877.24 2320.29 1211160942
-3271.68 2297.95 1211160997
-3838.97 2267.8 1211161045
-4322.06 2238.76 1211161106
-4505.54 2229.83 1211161162
-5149.95 2194.1 1211161222
-5540.85 2170.64 1211161292
-6125.87 2199.68 1211161342
-6921.85 2067.9 1211161402
-6922.74 2065.67 1211161467
-6922.74 2063.44 1211161478
-6524.75 2201.91 1211161528
-5836.91 2157.24 1211161591
-5403.46 2157.24 1211161635
-4854.78 2197.45 1211161696
-4388.54 2219.78 1211161756
-3962.18 2244.35 1211161816
-3312.46 2283.43 1211161878
-2751.37 2311.35 1211161939
-2228.4 2342.62 1211161997
-1212.59 2457.65 1211162057
-372.286 2571.56 1211162123
174.62 2685.47 1211162179
891.713 2794.92 1211162240
1264.88 2742.43 1211162306
1595.51 2796.04 1211162421
1789.63 2419.68 1211162494
1935 2151.66 1211162541
2036.05 2255.52 1211162611
2286.01 2493.39 1211162642
2301.97 2495.62 1211162649
2484.56 2687.71 1211162711
2484.56 2687.71 1211162740
2484.56 2687.71 1211162760
2614.86 2799.39 1211162777
2711.48 2647.5 1211162842
2487.22 2634.1 1211162891
2022.75 2767 1211162947
1855.22 2922.24 1211163008
1855.22 2922.24 1211163024
2050.23 3087.53 1211163112
2103.41 3093.12 1211163119
2421.63 3135.56 1211163174
2435.81 3073.01 1211163203
2236.37 3011.59 1211163263
2102.53 3229.38 1211163323
2200.03 3527.59 1211163385
2264.74 3410.31 1211163445
2249.67 3327.66 1211163462
2264.74 3308.67 1211163484
2264.74 3308.67 1211163523
2325.01 3233.84 1211163560
1973.11 3133.33 1211163614
1973.11 3099.82 1211163638
2018.32 3071.9 1211163665
2114.05 3093.12 1211163677
2424.29 3077.48 1211163732
2451.77 2957.98 1211163787
2466.84 2854.11 1211163849
2585.61 2790.45 1211163907
2458.86 2686.59 1211163961
2261.19 2485.57 1211164011
1966.02 2188.51 1211164076
1733.79 1956.23 1211164134
1832.18 1605.6 1211164192
2398.58 1038.35 1211164252
2473.04 775.961 1211164313
2499.63 473.383 1211164373
2540.41 -77.0339 1211164443
2469.49 -232.216 1211164503
2434.93 -274.639 1211164506
2165.46 459.985 1211164627
1834.84 399.695 1211164688
1569.8 380.714 1211164749
1441.28 372.899 1211164809
1221.45 533.675 1211164870
998.08 522.51 1211164925
1174.47 530.325 1211164976
1373.02 542.607 1211165036
1722.26 410.86 1211165096
1731.13 310.376 1211165138
1731.13 301.444 1211165139
1389.87 188.68 1211165200
1244.5 340.521 1211165260
1060.13 521.393 1211165321
265.032 471.15 1211165382
465.357 672.123 1211165442
838.529 1056.22 1211165502
1001.63 1205.84 1211165527
1206.38 1419.12 1211165595
1327.82 1560.93 1211165648
1607.03 1803.25 1211165709
1849.91 1595.55 1211165769
2153.05 1538.6 1211165822
2652.98 2028.82 1211165887
3045.65 2414.1 1211165943
3217.61 2291.25 1211166003
3502.14 2341.51 1211166063
3347.03 2452.07 1211166123
3343.48 2447.6 1211166130
2827.6 1945.07 1211166190
2807.21 1928.32 1211166216
2571.43 1691.58 1211166282
2283.35 1396.78 1211166336
1997.05 1100.88 1211166397
2014.77 386.297 1211166457
2068.84 -280.221 1211166518
2008.57 -659.788 1211166579
1719.61 -696.628 1211166645
1427.98 -702.21 1211166700
1332.25 -718.955 1211166723
1332.25 -720.071 1211166734
1312.75 -551.502 1211166778
1287.04 -169.697 1211166819
1253.36 215.475 1211166878
1225.88 568.287 1211166934
1205.5 880.917 1211166995
1185.11 1129.91 1211167055
1203.72 1414.65 1211167126
1342 1554.23 1211167176
1573.35 1754.11 1211167237
1706.31 1920.5 1211167300
1943.86 2158.36 1211167375
2173.44 2385.06 1211167419
2320.58 2487.8 1211167457
2327.67 2497.85 1211167465
2568.77 2749.13 1211167531
2693.75 2815.02 1211167585
2717.69 2674.31 1211167663
2538.63 2590.55 1211167685
2365.79 2666.49 1211167749
2502.29 2940.11 1211167814
2732.75 3046.21 1211167865
2684 3233.84 1211167925
2785.94 3685.08 1211167986
2656.52 4165.37 1211168053
2520.02 4347.45 1211168119
2489.88 4517.24 1211168153
2489.88 4518.36 1211168160
2491.65 4523.94 1211168174
2266.51 4480.38 1211168228
2378.2 4297.18 1211168288
2407.45 4086.07 1211168348
2439.36 3890.6 1211168408
2419.86 3256.18 1211168529
2403.02 3194.75 1211168589
2416.31 3050.68 1211168662
2449.99 3024.99 1211168676
2444.68 2925.59 1211168736
2440.24 2871.98 1211168783
1968.68 2687.71 1211168831
1738.22 2726.8 1211168891
1438.62 2726.8 1211168951
1382.78 3050.68 1211169011
1347.32 3205.92 1211169072
1303 3478.44 1211169142
1264 3830.28 1211169194
1256.02 3896.18 1211169234
1253.36 3905.12 1211169236
1240.07 3984.42 1211169270
1117.74 3977.72 1211169318
1051.26 3965.43 1211169346
899.69 4158.67 1211169417
846.507 4556.34 1211169472
819.915 4665.81 1211169521
819.915 4665.81 1211169523
827.892 4595.43 1211169585
286.305 4485.96 1211169627
-312.011 4388.78 1211169687
-614.271 4338.51 1211169747
-548.678 3887.24 1211169807
-476.88 3440.47 1211169868
-397.991 2941.23 1211169929
-350.126 2621.82 1211169989
-273.896 2201.91 1211170051
-800.414 2100.29 1211170111
-996.307 2075.72 1211170171
-1009.6 2117.04 1211170203
-853.598 2495.62 1211170258
-374.058 2565.98 1211170318
73.5707 2659.79 1211170383
965.284 2803.86 1211170441
1123.06 2716.74 1211170499
1255.13 2725.68 1211170559
1265.77 2735.73 1211170572
1265.77 2735.73 1211170591
1296.8 2536.94 1211170638
1037.08 2492.27 1211170692
1034.42 2398.46 1211170752
1119.52 1885.88 1211170812
1023.79 1721.73 1211170875
426.356 1641.33 1211170933
-279.214 1537.48 1211171000
-905.009 1372.22 1211171059
-893.486 1112.05 1211171120
-1301.23 1060.69 1211171176
-1303.89 1061.8 1211171200
-1305.66 1061.8 1211171211
-1380.12 1256.09 1211171285
-615.158 1380.03 1211171332
-14.1823 1527.43 1211171402
-51.4109 1776.45 1211171454
-192.348 1765.28 1211171481
-204.757 1754.11 1211171485
-153.346 1459.31 1211171549
-128.527 1244.92 1211171595
-42.5469 1048.4 1211171655
10.6367 673.24 1211171716
39.0014 244.504 1211171777
37.2286 238.921 1211171827
36.3422 235.572 1211171830
46.0925 100.48 1211171866
-363.422 50.2399 1211171926
-768.504 -42.4245 1211171987
-724.184 -223.285 1211172017
-639.09 -839.519 1211172078
-484.858 -516.895 1211172130
-484.858 -516.895 1211172138
-704.684 -217.703 1211172193
-275.669 56.9385 1211172254
24.819 73.6853 1211172313
24.819 72.5688 1211172316
276.555 98.2472 1211172379
631.999 123.926 1211172437
1254.25 63.6372 1211172497
1274.64 -189.792 1211172545
1307.43 -577.178 1211172607
1491.8 -707.791 1211172667
1722.26 -689.93 1211172724
1980.21 -672.068 1211172795
2259.42 -714.489 1211172848
2286.01 -644.16 1211172904
1767.47 -682.115 1211172964
1664.65 -123.924 1211173024
1627.42 363.967 1211173085
1583.99 963.543 1211173144
1456.35 1732.9 1211173205
1397.84 2076.84 1211173265
1321.61 2570.44 1211173326
1298.57 2791.57 1211173367
1289.7 2813.91 1211173384
1393.41 2978.08 1211173436
1543.21 3032.81 1211173497
1367.71 3299.74 1211173551
1332.25 3399.14 1211173616
1284.39 3702.95 1211173671
1240.07 3962.08 1211173736
1246.27 3984.42 1211173752
1560.05 4041.39 1211173818
2372.88 4176.54 1211173878
3073.13 4269.26 1211173947
3250.41 3773.31 1211173993
3473.78 3727.52 1211174058
3471.12 3692.89 1211174112
3195.45 3563.33 1211174178
2855.08 3090.88 1211174234
2457.97 2696.64 1211174298
2262.08 2495.62 1211174368
1721.38 1812.18 1211174475
1188.65 1405.72 1211174540
847.393 1078.55 1211174596
796.869 722.367 1211174659
817.256 515.811 1211174709
750.776 318.191 1211174751
746.344 317.075 1211174757
475.994 116.11 1211174813
73.5707 89.3155 1211174873
73.5707 89.3155 1211174896
223.371 274.648 1211174956
613.385 304.793 1211175016
1088.49 341.637 1211175084
1516.62 372.899 1211175147
1801.15 395.229 1211175196
1780.77 965.776 1211175256
1854.34 1215.89 1211175316
2161.03 1548.65 1211175381
2748.71 1962.93 1211175437
2814.3 1876.95 1211175497
2814.3 1874.71 1211175525
2826.71 1870.25 1211175528
2580.29 1702.75 1211175589
2273.6 1399.02 1211175656
1952.73 1700.51 1211175714
1544.1 1940.6 1211175771
1245.38 2007.6 1211175829
1174.47 2610.65 1211175894
1061.01 3348.88 1211175949
905.895 4154.2 1211176015
829.665 4651.29 1211176070
689.615 4657.99 1211176135
680.751 4650.17 1211176145
658.591 4539.58 1211176222
-16.8415 4439.05 1211176277
-46.0925 4435.69 1211176309
13.2959 4132.98 1211176362
76.2299 3790.07 1211176420
137.391 3371.22 1211176474
-11.5231 3294.16 1211176534
-462.698 3227.14 1211176594
-729.503 3141.14 1211176654
-729.503 3143.38 1211176680
-731.275 3146.73 1211176762
-691.388 3078.6 1211176780
-296.942 3131.09 1211176835
156.892 3210.39 1211176895
104.595 3608.01 1211176964
20.3871 4105.06 1211177020
14.1823 4139.68 1211177051
704.684 4232.39 1211177171
1012.26 4275.96 1211177252
1398.73 4345.21 1211177292
1763.92 4378.73 1211177352
1769.24 4360.85 1211177361
1503.32 4367.55 1211177424
1197.52 4306.12 1211177488
1221.45 4052.56 1211177543
1255.13 3821.34 1211177608
1291.48 3623.64 1211177663
1334.02 3338.83 1211177730
1393.41 3129.97 1211177790
1427.1 2880.92 1211177852
1462.55 2530.24 1211177906
1310.09 2443.13 1211177935
450.288 2289.02 1211177995
-356.331 2168.41 1211178055
-1041.51 2064.55 1211178115
-1965.14 1914.92 1211178175
-2501.41 1909.33 1211178235
-3090.86 1875.83 1211178305
-3646.63 1842.33 1211178371
-3846.95 1840.1 1211178432
-3857.59 2023.24 1211178435
-3560.65 2265.57 1211178493
-3280.55 2278.97 1211178558
-2987.15 2294.6 1211178614
-2639.68 2311.35 1211178677
-1635.4 2380.59 1211178734
-825.233 2511.25 1211178795
-323.534 2501.2 1211178855
-288.965 2281.2 1211178915
-202.098 1725.08 1211178975
-293.397 1643.56 1211179035
-213.621 1645.8 1211179054
-157.778 1467.13 1211179115
-40.7741 1049.52 1211179186
21.2735 561.588 1211179240
41.6605 323.773 1211179299
144.482 88.1991 1211179364
665.682 123.926 1211179415
1014.92 155.186 1211179476
1443.94 142.905 1211179536
1503.32 -672.068 1211179596
1520.17 -870.776 1211179640
1415.57 -1593 1211179701
1402.28 -1606.4 1211179716
1401.39 -1605.28 1211179777
1399.62 -1616.44 1211179793
1353.52 -1091.8 1211179858
1309.2 -553.735 1211179914
1310.98 -518.011 1211179936
1271.09 -42.4245 1211180002
1268.43 96.0143 1211180026
1252.48 520.277 1211180075
1251.59 519.16 1211180077
1116.86 528.092 1211180137
795.982 496.83 1211180197
265.918 459.985 1211180257
195.007 427.607 1211180317
47.8653 285.813 1211180377
15.0687 710.086 1211180631
-148.914 1428.05 1211180632
-143.596 1521.85 1211180633
-145.369 1536.36 1211180679
-146.255 1541.95 1211180753
-144.482 1537.48 1211180800
-143.596 1534.13 1211180860
-142.71 1545.3 1211180921
-157.778 1476.06 1211180986
-139.164 1354.35 1211181041
-57.6156 1080.78 1211181101
39.8877 303.677 1211181161
46.9789 164.118 1211181221
48.7517 163.002 1211181271
146.255 89.3155 1211181330
620.476 125.042 1211181391
976.807 150.721 1211181452
1252.48 223.291 1211181512
1251.59 264.6 1211181572
1250.7 267.95 1211181632
1249.82 266.833 1211181692
1158.52 532.558 1211181753
1008.72 873.101 1211181812
1205.5 721.251 1211181872
964.397 514.694 1211181933
440.538 233.339 1211181994
260.6 108.295 1211182054
265.918 110.528 1211182114
264.146 114.994 1211182174
270.35 121.693 1211182234
265.032 112.761 1211182296
54.0701 84.8497 1211182354
11.5231 77.0346 1211182414
13.2959 74.8017 1211182474
14.1823 75.9182 1211182534
14.1823 75.9182 1211182584
13.2959 77.0346 1211182643
14.1823 75.9182 1211182703
15.9551 74.8017 1211182732
218.939 97.1307 1211182792
800.414 138.44 1211182852
1046.83 154.07 1211182913
1602.6 197.612 1211182977
1835.72 251.202 1211183033
1809.13 576.102 1211183094
1785.2 1030.54 1211183155
1909.29 1295.17 1211183213
2127.35 1506.21 1211183263
2258.53 1632.4 1211183315
2258.53 1646.91 1211183352
2537.75 1916.03 1211183401
2972.97 1740.71 1211183455
3334.62 1147.78 1211183515
3823.91 -273.523 1211183571
3823.91 -1108.55 1211183631
3692.72 -1043.8 1211183692
3693.61 -1043.8 1211183757
3665.24 -1070.59 1211183811
3620.03 -914.312 1211183873
3567.74 -981.29 1211183932
3572.17 -977.942 1211183994
3577.49 -980.174 1211184053
3663.47 -961.197 1211184106
3659.92 -937.754 1211184159
3659.92 -933.289 1211184219
3659.92 -933.289 1211184279
3660.81 -929.94 1211184339
3659.04 -929.94 1211184399
3659.04 -931.057 1211184471
3658.15 -934.405 1211184521
3658.15 -935.522 1211184581
3657.26 -931.057 1211184643
3658.15 -937.754 1211184706
3657.26 -936.638 1211184762
3658.15 -935.522 1211184825
3659.92 -935.522 1211184882
3660.81 -931.057 1211184947
3659.04 -933.289 1211185006
3662.58 -927.708 1211185067
3660.81 -931.057 1211185122
3658.15 -933.289 1211185182
3658.15 -933.289 1211185244
3659.04 -934.405 1211185308
3659.04 -928.824 1211185324
3659.92 -936.638 1211185385
3659.04 -937.754 1211185445
3659.04 -937.754 1211185459
3659.04 -936.638 1211185505
3659.04 -937.754 1211185570
3658.15 -937.754 1211185627
3658.15 -937.754 1211185691
3658.15 -937.754 1211185751
3660.81 -934.405 1211185810
3660.81 -935.522 1211185875
3659.92 -936.638 1211185926
3659.04 -936.638 1211185987
3658.15 -936.638 1211186047
3658.15 -935.522 1211186100
3659.04 -937.754 1211186160
3659.04 -937.754 1211186221
3659.04 -936.638 1211186281
3658.15 -937.754 1211186341
3659.04 -937.754 1211186401
3658.15 -939.987 1211186461
3660.81 -935.522 1211186521
3659.04 -936.638 1211186581
3658.15 -936.638 1211186641
3659.04 -933.289 1211186702
3658.15 -936.638 1211186762
3659.92 -936.638 1211186823
3659.04 -936.638 1211186889
3660.81 -934.405 1211186955
3659.92 -934.405 1211187004
3659.04 -936.638 1211187069
3658.15 -935.522 1211187125
3659.04 -935.522 1211187186
3655.49 -936.638 1211187245
3649.29 -935.522 1211187305
3655.49 -933.289 1211187377
3654.6 -932.173 1211187425
3658.15 -935.522 1211187485
3658.15 -935.522 1211187545
3659.04 -934.405 1211187605
3659.04 -935.522 1211187666
3659.92 -936.638 1211187726
3659.92 -934.405 1211187787
3657.26 -935.522 1211187846
3658.15 -936.638 1211187906
3658.15 -937.754 1211187966
3658.15 -937.754 1211188026
3658.15 -936.638 1211188086
3658.15 -941.103 1211188160
3658.15 -937.754 1211188207
3659.92 -937.754 1211188267
3658.15 -936.638 1211188328
3659.04 -938.871 1211188393
3659.04 -938.871 1211188452
3654.6 -943.336 1211188510
3655.49 -942.22 1211188569
3655.49 -938.871 1211188640
3656.38 -936.638 1211188689
3657.26 -935.522 1211188754
3657.26 -935.522 1211188809
3657.26 -935.522 1211188879
3657.26 -936.638 1211188932
3658.15 -936.638 1211188989
3657.26 -935.522 1211189049
3659.04 -937.754 1211189110
3656.38 -934.405 1211189171
3657.26 -934.405 1211189236
3657.26 -935.522 1211189291
3657.26 -935.522 1211189351
3658.15 -935.522 1211189415
3656.38 -934.405 1211189481
3659.92 -937.754 1211189531
3656.38 -937.754 1211189594
3657.26 -938.871 1211189654
3658.15 -937.754 1211189711
3658.15 -935.522 1211189779
3658.15 -935.522 1211189831
3658.15 -936.638 1211189892
3657.26 -936.638 1211189952
3657.26 -936.638 1211190013
3658.15 -936.638 1211190073
3658.15 -936.638 1211190134
3657.26 -936.638 1211190194
3656.38 -936.638 1211190255
3654.6 -936.638 1211190315
3656.38 -936.638 1211190376
3656.38 -936.638 1211190436
3656.38 -935.522 1211190497
3656.38 -935.522 1211190558
3657.26 -936.638 1211190619
3657.26 -936.638 1211190679
3658.15 -936.638 1211190740
3658.15 -937.754 1211190800
3657.26 -937.754 1211190861
3657.26 -937.754 1211190921
3656.38 -939.987 1211190982
3650.17 -947.801 1211191043
3654.6 -936.638 1211191108
3654.6 -936.638 1211191125
3655.49 -937.754 1211191163
3656.38 -938.871 1211191226
3657.26 -938.871 1211191301
3657.26 -939.987 1211191345
3656.38 -938.871 1211191405
3655.49 -937.754 1211191469
3656.38 -937.754 1211191527
3654.6 -934.405 1211191585
3655.49 -936.638 1211191645
3655.49 -939.987 1211191705
3656.38 -936.638 1211191766
3656.38 -937.754 1211191826
3656.38 -936.638 1211191887
3655.49 -935.522 1211191946
3654.6 -935.522 1211192006
3653.72 -932.173 1211192067
3654.6 -934.405 1211192127
3655.49 -936.638 1211192187
3656.38 -937.754 1211192248
3656.38 -937.754 1211192307
3656.38 -938.871 1211192368
3656.38 -938.871 1211192428
3656.38 -937.754 1211192490
3656.38 -937.754 1211192521
3657.26 -938.871 1211192580
3654.6 -939.987 1211192640
3655.49 -938.871 1211192701
3655.49 -935.522 1211192761
3654.6 -939.987 1211192823
3655.49 -937.754 1211192883
3655.49 -936.638 1211192945
3655.49 -935.522 1211193005
3655.49 -935.522 1211193063
3655.49 -935.522 1211193124
3655.49 -935.522 1211193185
3656.38 -935.522 1211193246
3656.38 -936.638 1211193306
3655.49 -936.638 1211193367
3656.38 -935.522 1211193427
3657.26 -935.522 1211193488
3656.38 -935.522 1211193549
3656.38 -934.405 1211193609
3656.38 -934.405 1211193669
3656.38 -934.405 1211193729
3655.49 -934.405 1211193789
3655.49 -934.405 1211193849
3655.49 -935.522 1211193888
3654.6 -935.522 1211193948
3655.49 -935.522 1211194008
3657.26 -935.522 1211194068
3657.26 -935.522 1211194128
3657.26 -935.522 1211194199
3657.26 -936.638 1211194249
3657.26 -935.522 1211194309
3657.26 -935.522 1211194369
3657.26 -935.522 1211194429
3657.26 -935.522 1211194489
3658.15 -935.522 1211194549
3659.04 -934.405 1211194609
3658.15 -935.522 1211194669
3658.15 -935.522 1211194729
3657.26 -935.522 1211194789
3657.26 -936.638 1211194849
3657.26 -935.522 1211194909
3657.26 -935.522 1211194970
3656.38 -935.522 1211195031
3656.38 -936.638 1211195092
3657.26 -936.638 1211195152
3658.15 -935.522 1211195213
3658.15 -936.638 1211195273
3658.15 -936.638 1211195311
3658.15 -936.638 1211195370
3658.15 -936.638 1211195435
3653.72 -939.987 1211195490
3657.26 -933.289 1211195550
3657.26 -934.405 1211195611
3658.15 -934.405 1211195674
3654.6 -935.522 1211195735
3653.72 -937.754 1211195797
3659.92 -934.405 1211195858
3659.04 -935.522 1211195915
3659.04 -935.522 1211195973
3658.15 -935.522 1211196033
3659.04 -935.522 1211196093
3658.15 -935.522 1211196153
3656.38 -936.638 1211196216
3656.38 -937.754 1211196274
3658.15 -938.871 1211196336
3658.15 -937.754 1211196396
3657.26 -936.638 1211196459
3658.15 -936.638 1211196527
3658.15 -937.754 1211196582
3657.26 -937.754 1211196643
3658.15 -937.754 1211196698
3659.04 -936.638 1211196758
3656.38 -935.522 1211196818
3656.38 -936.638 1211196888
3658.15 -939.987 1211196938
3657.26 -938.871 1211196969
3656.38 -936.638 1211197029
3655.49 -935.522 1211197089
3655.49 -936.638 1211197150
3656.38 -938.871 1211197210
3657.26 -938.871 1211197274
3657.26 -937.754 1211197331
3656.38 -935.522 1211197396
3657.26 -938.871 1211197451
3657.26 -938.871 1211197513
3657.26 -936.638 1211197578
3656.38 -935.522 1211197639
3656.38 -935.522 1211197698
3657.26 -935.522 1211197747
3659.04 -937.754 1211197807
3658.15 -936.638 1211197872
3659.92 -938.871 1211197927
3658.15 -937.754 1211197969
3658.15 -935.522 1211198029
3658.15 -934.405 1211198089
3658.15 -934.405 1211198149
3659.04 -937.754 1211198209
3659.92 -939.987 1211198269
3657.26 -938.871 1211198334
3656.38 -935.522 1211198389
3658.15 -936.638 1211198452
3658.15 -938.871 1211198510
3661.7 -943.336 1211198570
3657.26 -937.754 1211198630
3658.15 -939.987 1211198690
3661.7 -942.22 1211198757
3659.04 -938.871 1211198819
3658.15 -937.754 1211198870
3657.26 -935.522 1211198935
3658.15 -935.522 1211198993
3649.29 -927.708 1211199055
3661.7 -936.638 1211199112
3659.04 -934.405 1211199172
3656.38 -934.405 1211199232
3657.26 -934.405 1211199292
3657.26 -934.405 1211199352
3661.7 -935.522 1211199412
3660.81 -937.754 1211199472
3660.81 -939.987 1211199524
3659.92 -939.987 1211199584
3657.26 -936.638 1211199613
3658.15 -936.638 1211199683
3656.38 -935.522 1211199733
3657.26 -936.638 1211199794
3656.38 -936.638 1211199860
3657.26 -938.871 1211199915
3656.38 -937.754 1211199975
3656.38 -936.638 1211200035
3654.6 -933.289 1211200096
3654.6 -934.405 1211200160
3658.15 -941.103 1211200220
3657.26 -939.987 1211200276
3655.49 -935.522 1211200341
3658.15 -936.638 1211200402
3657.26 -936.638 1211200456
3659.04 -937.754 1211200517
3658.15 -937.754 1211200577
3664.35 -941.103 1211200637
3658.15 -936.638 1211200708
3651.95 -935.522 1211200758
3655.49 -938.871 1211200822
3657.26 -938.871 1211200878
3655.49 -936.638 1211200938
3656.38 -937.754 1211200998
3657.26 -936.638 1211201058
3657.26 -935.522 1211201128
3658.15 -934.405 1211201178
3658.15 -935.522 1211201239
3658.15 -937.754 1211201299
3659.04 -936.638 1211201359
3656.38 -936.638 1211201419
3657.26 -937.754 1211201479
3657.26 -937.754 1211201540
3661.7 -938.871 1211201605
3659.92 -939.987 1211201637
3658.15 -938.871 1211201692
3659.92 -937.754 1211201752
3659.04 -939.987 1211201821
3660.81 -936.638 1211201877
3659.04 -937.754 1211201938
3658.15 -937.754 1211201993
3655.49 -939.987 1211202053
3661.7 -937.754 1211202113
3659.04 -936.638 1211202173
3652.83 -937.754 1211202233
3655.49 -937.754 1211202298
3659.92 -938.871 1211202353
3659.92 -937.754 1211202420
3660.81 -938.871 1211202474
3656.38 -939.987 1211202535
3653.72 -938.871 1211202602
3654.6 -941.103 1211202655
3660.81 -936.638 1211202716
3659.92 -938.871 1211202776
3659.04 -937.754 1211202836
3654.6 -939.987 1211202896
3654.6 -939.987 1211202956
3660.81 -936.638 1211203021
3660.81 -934.405 1211203081
3660.81 -935.522 1211203138
3659.92 -936.638 1211203196
3659.92 -937.754 1211203257
3659.04 -937.754 1211203316
3659.04 -936.638 1211203376
3659.92 -935.522 1211203438
3659.04 -936.638 1211203498
3658.15 -936.638 1211203559
3657.26 -938.871 1211203619
3659.92 -933.289 1211203685
3659.04 -937.754 1211203740
3661.7 -929.94 1211203807
3659.04 -938.871 1211203867
3659.04 -936.638 1211203873
3684.74 -975.709 1211203933
3729.06 -964.546 1211203993
3729.06 -965.662 1211204053
3730.83 -962.313 1211204113
3728.18 -962.313 1211204174
3729.06 -961.197 1211204234
3729.06 -966.778 1211204294
3695.38 -903.149 1211204373
3586.35 -964.546 1211204414
3573.06 -962.313 1211204474
3571.28 -956.732 1211204534
3573.06 -1144.27 1211204594
3277 -1168.83 1211204643
2960.56 -1194.5 1211204666
2206.24 -1313.94 1211204727
1849.91 -1319.52 1211204793
1559.17 -1253.66 1211204846
1523.71 -816.076 1211204906
1635.4 -696.628 1211204937
1789.63 -683.232 1211204992
2003.25 -487.869 1211205047
2075.94 -323.761 1211205110
2075.94 -322.644 1211205143
2072.39 -322.644 1211205180
2073.28 -322.644 1211205241
2073.28 -324.877 1211205291
1890.68 -314.83 1211205351
1555.62 -338.274 1211205416
1098.24 -283.57 1211205475
1035.31 422.025 1211205532
1000.74 917.764 1211205591
892.599 1068.5 1211205652
780.027 1262.79 1211205712
731.275 1560.93 1211205777
710.002 1664.78 1211205837
572.611 1673.71 1211205892
-59.3884 1575.45 1211205952
-661.25 1479.41 1211206007
-686.069 1474.95 1211206008
-550.451 1598.9 1211206069
-538.928 1606.71 1211206139
-788.891 1770.86 1211206189
-204.757 1864.66 1211206250
-162.21 1873.6 1211206260
163.983 2141.61 1211206322
412.173 2691.06 1211206408
413.06 2689.94 1211206469
655.045 2860.81 1211206529
1229.43 2954.63 1211206589
1804.7 3043.98 1211206659
2111.39 3094.23 1211206681
2113.16 3093.12 1211206683
1936.77 2959.1 1211206809
1687.7 2912.19 1211206869
1287.04 2858.58 1211206923
1135.47 2865.28 1211206984
692.274 2791.57 1211207044
592.111 2844.06 1211207104
598.316 2853 1211207164
600.089 2846.3 1211207224
599.203 2851.88 1211207284
599.203 2851.88 1211207344
600.089 2840.71 1211207415
598.316 2846.3 1211207464
599.203 2846.3 1211207521
599.203 2846.3 1211207581
671.887 2839.59 1211207646
636.431 3080.83 1211207707
620.476 3121.04 1211207794
625.794 3115.46 1211207809
782.686 2880.92 1211207860
961.738 2913.31 1211207934
1097.36 2934.53 1211207981
1439.5 2987.02 1211208041
1926.14 3066.31 1211208102
2440.24 3133.33 1211208162
2799.23 3207.04 1211208225
2798.35 3219.32 1211208238
2958.78 3304.21 1211208295
2996.01 3214.86 1211208354
2876.35 3317.61 1211208409
2987.15 3204.8 1211208469
2863.05 3305.32 1211208530
2974.74 3226.03 1211208590
2996.9 3209.27 1211208655
3010.2 3176.88 1211208709
3022.61 3160.13 1211208774
3018.17 3172.42 1211208832
3020.83 3176.88 1211208889
3011.97 3141.14 1211208950
3105.04 2969.15 1211209015
3109.47 2955.75 1211209040
3111.24 2971.38 1211209092
3160 2909.96 1211209157
3255.73 2876.45 1211209212
3290.3 2815.02 1211209272
3399.32 2701.11 1211209334
3428.57 2550.34 1211209397
3111.24 2150.54 1211209454
2656.52 1115.4 1211209514
2606 -61.4039 1211209580
2864.83 -1052.73 1211209636
2777.07 -1394.31 1211209696
2676.91 -1751.5 1211209757
2474.81 -2108.68 1211209816
2439.36 -2337.49 1211209878
2473.04 -2572.99 1211209937
2613.09 -2891.06 1211209998
2777.96 -3272.74 1211210062
2956.13 -3791.66 1211210118
3103.27 -4238.02 1211210179
3238 -4804.86 1211210239
3461.37 -5238.89 1211210291
3675.88 -6231.82 1211210351
3926.73 -7626.19 1211210414
4185.55 -9114 1211210471
3509.24 -10456.6 1211210532
2565.23 -11621.7 1211210583
2606 -13143.3 1211210649
2809.87 -13960.3 1211210688
3105.04 -15435.8 1211210736
3713.99 -16271.6 1211210796
4461.22 -16203.6 1211210857
4485.16 -16199.1 1211210924
4487.82 -16198 1211210936
4486.93 -16194.7 1211211010
4259.13 -15952.9 1211211075
4029.55 -16173.5 1211211130
4395.63 -16052.1 1211211204
4396.52 -16056.5 1211211255
4397.4 -16062.1 1211211312
4395.63 -16056.5 1211211388
4395.63 -16056.5 1211211432
4395.63 -16055.4 1211211492
4395.63 -16055.4 1211211552
4395.63 -16055.4 1211211616
4395.63 -16056.5 1211211687
4397.4 -16057.6 1211211795
4397.4 -16057.6 1211211854
4396.52 -16055.4 1211211928
4396.52 -16055.4 1211212040
4399.18 -16056.5 1211212100
4398.29 -16053.2 1211212170
4396.52 -16052.1 1211212222
4396.52 -16053.2 1211212243
4396.52 -16055.4 1211212305
