1388.09 530.325 1211878809
1428.87 411.976 1211878852
1298.57 704.503 1211878912
1171.81 1230.41 1211878973
1225.88 1451.5 1211879033
1274.64 1874.71 1211879094
1274.64 1874.71 1211879108
1815.34 2519.07 1211879271
1769.24 2512.37 1211879299
1769.24 2512.37 1211879401
1365.93 2203.03 1211879411
1367.71 2188.51 1211879413
1420.89 1836.75 1211879472
1370.37 1602.25 1211879532
1030.88 1267.26 1211879590
741.026 980.291 1211879650
587.68 875.334 1211879710
588.566 871.985 1211879747
355.444 1062.92 1211879807
290.737 1502.86 1211879869
220.712 1924.97 1211879941
156.005 2347.09 1211879989
264.146 2571.56 1211880050
264.146 2571.56 1211880094
285.419 2552.58 1211880096
285.419 2552.58 1211880131
311.124 2291.25 1211880132
378.49 1869.13 1211880191
421.924 1544.18 1211880251
372.286 1320.85 1211880311
341.262 1160.06 1211880386
586.793 844.071 1211880432
1006.06 665.424 1211880492
1174.47 524.743 1211880557
1427.1 401.928 1211880612
1456.35 -2.23288 1211880672
1498.89 -511.313 1211880730
1705.42 -679.883 1211880790
1529.03 -956.732 1211880850
1362.39 -1251.43 1211880910
1594.62 -878.59 1211880970
1987.3 -846.216 1211881030
2339.19 -820.541 1211881099
2589.16 -802.68 1211881165
2574.09 -367.3 1211881211
2532.43 187.564 1211881275
2503.18 596.2 1211881345
2923.33 674.356 1211881421
2918.9 726.834 1211881427
2480.13 897.666 1211881496
2423.4 1237.11 1211881556
2380.86 1539.71 1211881622
2380.86 1539.71 1211881639
2278.92 1397.9 1211881644
2278.92 1397.9 1211881650
2278.92 1397.9 1211881671
2171.67 1295.17 1211881672
1989.96 1246.04 1211881732
2125.57 1502.86 1211881792
2118.48 1499.51 1211881852
1929.68 1730.66 1211881912
2143.3 2076.84 1211881972
2390.61 2322.52 1211882033
2764.66 2706.69 1211882093
2746.94 2406.28 1211882153
2318.81 1983.03 1211882218
1896.88 1564.28 1211882274
1634.51 1576.56 1211882339
1527.26 1469.36 1211882394
1370.37 1310.8 1211882454
1173.59 1099.77 1211882514
1206.38 710.086 1211882574
1206.38 710.086 1211882598
1413.8 542.607 1211882641
1449.25 109.412 1211882696
1498.89 -548.153 1211882773
1528.14 -873.008 1211882834
1411.14 -1593 1211882895
1214.36 -1973.62 1211882955
1172.7 -2076.31 1211883016
1405.82 -1622.02 1211883076
1546.76 -1354.13 1211883137
1544.1 -1059.43 1211883197
1504.21 -521.36 1211883258
1462.55 33.4932 1211883318
1730.24 213.242 1211883379
1858.77 -125.04 1211883440
2114.05 -296.967 1211883500
2348.06 -798.214 1211883628
2122.03 -831.704 1211883683
1736.45 -864.078 1211883743
1518.39 -712.257 1211883803
1494.46 -385.162 1211883864
1473.19 -111.643 1211883903
1439.5 324.89 1211883968
1412.91 713.435 1211884023
1582.21 926.696 1211884090
1785.2 1013.79 1211884146
2209.78 904.365 1211884211
2489.88 601.782 1211884267
2489.88 601.782 1211884317
2520.91 215.475 1211884327
2582.07 -589.458 1211884387
2723.89 -1574.03 1211884447
2091 -2956.91 1211884507
834.984 -3225.87 1211884572
220.712 -3367.6 1211884627
-200.325 -4161.02 1211884691
-516.768 -4801.51 1211884752
-343.035 -4963.3 1211884807
-239.326 -4797.05 1211884868
-191.461 -4712.25 1211884913
121.436 -4202.31 1211884973
471.562 -3742.56 1211885033
655.932 -3366.49 1211885093
1227.66 -3245.96 1211885158
2449.99 -2748.21 1211885213
2798.35 -1291.62 1211885273
2593.59 -669.836 1211885333
2567.88 -277.988 1211885393
2284.24 -46.8903 1211885457
2226.62 41.3083 1211885507
2230.17 43.5412 1211885554
2223.08 39.0754 1211885609
2223.96 40.1919 1211885669
2276.26 -107.177 1211885711
2574.09 -475.589 1211885771
2747.82 -1460.17 1211885831
2222.19 -2875.44 1211885886
959.965 -3179 1211885946
220.712 -3372.07 1211886006
-74.4571 -3822.91 1211886066
-192.348 -4146.52 1211886087
-407.741 -4757.99 1211886148
-237.554 -4793.7 1211886208
-239.326 -4794.82 1211886269
-240.213 -4793.7 1211886314
-241.099 -4794.82 1211886357
-264.146 -4836.1 1211886364
-65.5932 -5122.85 1211886424
-35.4558 -5176.4 1211886484
-31.9102 -5179.75 1211886544
-26.5918 -5168.59 1211886604
-31.0238 -5173.06 1211886665
-31.9102 -5174.17 1211886716
-33.683 -5171.94 1211886775
-218.053 -5020.2 1211886836
-354.558 -4686.58 1211886897
42.5469 -4023.77 1211886957
354.558 -3557.32 1211887018
872.212 -3264.93 1211887078
1797.61 -3146.63 1211887144
2548.38 -2009.34 1211887199
2993.35 -1205.66 1211887260
3747.68 -1009.2 1211887320
3578.37 -961.197 1211887381
3573.94 -984.639 1211887441
3653.72 -985.756 1211887503
3643.97 -914.312 1211887563
3639.54 -915.428 1211887624
3638.65 -915.428 1211887686
3639.54 -914.312 1211887745
3639.54 -913.196 1211887805
3640.42 -914.312 1211887866
3640.42 -914.312 1211887926
3639.54 -914.312 1211887987
3638.65 -915.428 1211888047
