3693.61 -928.824 1212192214
3735.27 -979.058 1212192272
3730.83 -980.174 1212192348
3732.61 -982.407 1212192397
3717.54 -926.591 1212192453
3612.94 -972.36 1212192512
3611.17 -974.593 1212192573
3613.83 -956.732 1212192642
3612.06 -964.546 1212192694
3611.17 -969.011 1212192754
3614.72 -953.383 1212192815
3617.38 -954.499 1212192875
3622.69 -939.987 1212192937
3622.69 -938.871 1212192960
3612.06 -969.011 1212193019
3611.17 -975.709 1212193079
3612.94 -963.43 1212193199
3612.06 -966.778 1212193259
3611.17 -966.778 1212193319
3596.1 -987.988 1212193425
3528.74 -1156.55 1212193485
3042.99 -1190.04 1212193546
2480.13 -1299.43 1212193606
2340.97 -632.996 1212193717
2340.97 -632.996 1212193758
2340.97 -632.996 1212193771
2285.12 -285.803 1212193778
2222.19 -288.036 1212193848
2163.69 -292.502 1212193857
1984.64 48.007 1212193927
1761.27 32.3768 1212193982
1662.88 23.4452 1212194037
1413.8 5.58219 1212194073
1251.59 -2.23288 1212194138
1042.4 349.453 1212194194
1007.83 735.766 1212194253
986.557 1050.64 1212194313
789.777 1162.29 1212194374
345.694 1133.26 1212194433
23.9326 1273.96 1212194498
-4.43197 1462.66 1212194553
-69.1388 1861.31 1212194616
-260.6 1861.31 1212194676
-260.6 1861.31 1212194725
-899.69 1764.16 1212194816
-933.373 1759.7 1212194897
-950.215 1655.85 1212194899
-943.124 1591.08 1212194932
-1055.7 1482.76 1212195069
-1056.58 1481.65 1212195134
-1057.47 1480.53 1212195136
-1056.58 1477.18 1212195260
-1055.7 1478.3 1212195318
-1055.7 1476.06 1212195352
-1056.58 1476.06 1212195412
-1084.06 1641.33 1212195479
-980.352 1914.92 1212195529
-1047.72 2304.65 1212195588
-990.989 2802.74 1212195648
-488.403 2894.32 1212195717
194.12 3002.65 1212195774
863.348 3103.17 1212195828
1056.58 3137.79 1212195888
1190.43 3161.25 1212195953
1527.26 3212.62 1212196009
2332.99 3339.95 1212196102
2863.05 3430.42 1212196174
2955.24 3448.29 1212196215
3133.4 3469.51 1212196275
3300.05 3567.8 1212196346
3585.47 3475.09 1212196396
3739.7 3701.83 1212196456
3802.63 3853.74 1212196517
3863.79 3945.33 1212196557
3863.79 3945.33 1212196565
3863.79 3944.21 1212196611
3863.79 3945.33 1212196631
3751.22 3854.85 1212196707
3515.44 4069.31 1212196737
3345.25 4131.86 1212196813
3171.52 4194.42 1212196866
3172.41 4195.53 1212196958
3419.71 4093.89 1212196960
3459.6 3895.06 1212197020
3411.73 3831.4 1212197083
3361.21 3680.61 1212197207
3338.16 3667.2 1212197272
3339.93 3654.92 1212197328
3334.62 3628.11 1212197384
3505.69 3471.74 1212197443
3303.59 3231.61 1212197559
3218.5 3154.55 1212197619
3199.88 3119.92 1212197683
3131.63 3188.05 1212197746
3157.34 3205.92 1212197801
3186.59 3230.49 1212197871
3136.95 3191.4 1212197921
3152.02 3196.99 1212197987
3273.45 3020.52 1212198042
3276.11 2933.41 1212198103
3163.54 2817.26 1212198167
3054.52 2712.28 1212198232
2969.42 2637.45 1212198283
2858.62 2505.67 1212198348
2731.87 2409.63 1212198402
2540.41 2201.91 1212198466
2343.63 2008.72 1212198517
2159.26 2150.54 1212198589
1841.04 2506.79 1212198647
1521.05 2465.47 1212198712
1122.18 2831.78 1212198825
293.397 3127.74 1212198943
-1139.9 2765.88 1212199069
-1254.25 2735.73 1212199102
-1253.36 2735.73 1212199112
-1253.36 2735.73 1212199142
-1255.13 2736.85 1212199194
-1842.81 2662.02 1212199292
-2166.35 2614 1212199362
-1982.86 2756.95 1212199427
-1083.17 2777.05 1212199547
-568.179 2878.68 1212199609
907.668 3117.69 1212199738
1022.9 3134.44 1212199793
1448.37 3203.69 1212199905
2006.8 3296.39 1212199965
2640.57 3391.33 1212200030
2978.29 3342.18 1212200146
3079.33 3089.77 1212200212
3230.02 2902.14 1212200271
3147.59 2821.73 1212200316
3145.81 2818.38 1212200339
3145.81 2818.38 1212200361
2950.81 2602.83 1212200450
3039.45 2466.58 1212200525
3300.93 2679.89 1212200573
3459.6 2844.06 1212200629
3893.04 2411.86 1212200699
3961.3 2302.42 1212200749
3966.62 2308 1212200783
3966.62 2308 1212200790
3969.27 2311.35 1212200878
3678.54 2611.77 1212200974
2866.6 1909.33 1212201093
2437.58 1525.2 1212201159
2114.05 1539.71 1212201212
1865.86 1782.03 1212201264
1496.23 1691.58 1212201290
1170.04 1403.48 1212201350
1140.79 1378.92 1212201410
1002.51 1225.94 1212201470
786.232 885.383 1212201535
811.051 556.005 1212201595
832.324 317.075 1212201650
825.233 -213.237 1212201710
701.138 -577.178 1212201771
716.207 -941.103 1212201831
717.093 -941.103 1212201846
717.093 -942.22 1212201882
702.911 -765.841 1212201942
702.024 -598.389 1212202002
661.25 -33.4931 1212202068
631.113 438.772 1212202124
611.612 664.308 1212202184
609.839 739.115 1212202208
606.294 749.164 1212202214
619.59 830.672 1212202274
782.686 856.353 1212202346
820.801 447.704 1212202399
842.075 161.885 1212202466
866.894 -171.93 1212202521
884.622 -424.236 1212202576
949.328 -1246.97 1212202636
986.557 -1723.6 1212202696
1069.88 -1999.3 1212202754
1069.88 -2000.41 1212202760
792.437 -1711.32 1212202839
772.05 -1455.71 1212202878
766.731 -1310.59 1212202938
728.616 -896.451 1212202999
928.055 -711.14 1212203058
885.508 -231.099 1212203118
820.801 636.395 1212203185
812.824 722.367 1212203200
819.915 1039.47 1212203260
1107.99 1325.32 1212203320
1286.16 1801.01 1212203380
1219.68 2199.68 1212203458
1115.97 2908.84 1212203510
1338.46 3183.58 1212203566
2006.8 3294.16 1212203622
2543.07 3365.64 1212203693
2936.62 3697.36 1212203807
3159.11 3652.68 1212203867
3185.7 3661.62 1212203911
3300.05 3694.01 1212203943
3449.85 3793.42 1212203984
3167.09 3844.8 1212204069
3334.62 3667.2 1212204124
3871.77 3548.81 1212204264
3841.63 3511.95 1212204275
3660.81 3314.26 1212204327
3550.9 2796.04 1212204385
3338.16 2440.9 1212204445
2582.07 1649.15 1212204505
2804.55 1077.43 1212204581
2929.53 497.947 1212204633
2971.19 -34.6095 1212204690
3105.93 -1058.32 1212204859
3122.77 -1051.62 1212204924
3024.38 -669.836 1212204930
3016.4 -553.735 1212204952
2991.58 -226.634 1212204991
3057.17 54.7057 1212205059
3534.05 416.442 1212205146
3960.41 449.937 1212205206
4058.8 387.413 1212205243
3479.98 902.132 1212205305
2933.08 1780.91 1212205369
2633.48 1747.41 1212205424
2192.94 2122.62 1212205496
1776.33 1999.79 1212205545
1607.03 1563.16 1212205605
1153.2 1409.07 1212205665
1113.31 1347.65 1212205730
968.829 1222.59 1212205791
768.504 1301.87 1212205846
631.999 1198.03 1212205885
631.999 1196.91 1212205887
632.886 1196.91 1212205908
631.999 1195.79 1212205987
639.09 1162.29 1212206022
580.588 921.113 1212206076
584.134 851.887 1212206144
642.636 672.123 1212206197
827.892 319.308 1212206257
1232.09 333.822 1212206318
1241.84 197.612 1212206342
1241.84 197.612 1212206345
1112.43 164.118 1212206409
953.76 157.419 1212206465
954.647 160.769 1212206488
847.393 305.91 1212206545
805.733 802.758 1212206603
927.169 1146.66 1212206672
1072.54 1290.7 1212206723
1426.21 1645.8 1212206784
1570.69 1783.15 1212206847
1849.91 2084.66 1212206909
2110.51 2339.27 1212206964
2703.5 2791.57 1212207145
2701.73 2611.77 1212207210
2275.37 2450.95 1212207265
1814.45 2512.37 1212207331
1350.87 2440.9 1212207391
1188.65 2435.31 1212207447
930.714 3226.03 1212207508
426.356 3146.73 1212207582
-436.106 3006 1212207634
-809.278 3060.73 1212207691
-809.278 3060.73 1212207706
-1305.66 2981.43 1212207748
-1680.6 2915.54 1212207808
-2071.5 2854.11 1212207868
-2548.38 2965.8 1212207942
-3270.8 2926.71 1212207989
-3893.04 2889.85 1212208049
-3915.2 2890.97 1212208093
-3916.09 2892.09 1212208096
-4012.71 2889.85 1212208161
-4106.67 2878.68 1212208220
-4200.62 2857.46 1212208268
-4201.51 2858.58 1212208288
-4192.65 2818.38 1212208326
-4160.74 2289.02 1212208387
-3924.07 2238.76 1212208470
-3904.57 2238.76 1212208526
-4137.69 2023.24 1212208589
-4330.04 2235.41 1212208645
-4527.7 2239.88 1212208700
-4526.82 2239.88 1212208702
-4527.7 2239.88 1212208729
-4663.32 2426.38 1212208794
-4935.44 2439.78 1212208940
-4814.89 2045.57 1212209003
-4611.91 1573.21 1212209056
-3890.39 1411.3 1212209125
-3227.36 1449.27 1212209176
-2655.64 1479.41 1212209242
-1957.16 1579.91 1212209306
-1648.69 1421.35 1212209370
-1077.86 1299.64 1212209417
-439.652 1407.95 1212209478
17.7279 1306.34 1212209539
178.165 1000.39 1212209599
475.107 837.371 1212209674
577.043 844.071 1212209721
808.392 602.899 1212209781
847.393 152.953 1212209842
1004.28 154.07 1212209887
1004.28 154.07 1212209889
1006.94 160.769 1212209911
648.841 128.391 1212209971
275.669 102.713 1212210031
274.782 103.829 1212210038
567.292 301.444 1212210097
880.19 326.006 1212210157
1068.11 -46.8903 1212210219
1099.13 -477.822 1212210280
1155.86 -551.502 1212210340
1154.97 -550.386 1212210346
1325.16 -861.845 1212210406
961.738 -927.708 1212210468
962.624 -929.94 1212210473
746.344 -967.895 1212210538
937.805 -1389.85 1212210620
1476.73 -1340.73 1212210681
1724.04 -1334.04 1212210745
2322.35 -1319.52 1212210808
2868.37 -367.3 1212210921
2695.53 1113.16 1212210981
3310.68 2161.71 1212211047
3593.44 1885.88 1212211102
3576.6 1830.05 1212211155
3579.26 1841.21 1212211159
3588.12 1854.61 1212211162
3716.65 2175.11 1212211222
3273.45 2634.1 1212211288
3628.9 3024.99 1212211348
3807.06 3372.34 1212211412
3702.47 3634.81 1212211468
3720.2 3708.53 1212211501
3748.56 3727.52 1212211507
3892.16 3564.45 1212211553
3651.95 3539.87 1212211615
3484.42 3812.41 1212211675
3309.8 4141.92 1212211735
3102.38 4280.43 1212211809
2795.69 4408.89 1212211856
2537.75 4415.59 1212211925
2512.93 4417.82 1212211938
2511.16 4417.82 1212211952
2637.91 4460.27 1212212013
2736.3 4447.98 1212212040
2737.19 4446.86 1212212042
2804.55 4374.26 1212212085
3056.29 4278.19 1212212137
3166.2 3929.69 1212212198
3461.37 3877.19 1212212258
3257.5 3802.36 1212212329
3076.68 3776.67 1212212393
2847.99 4372.02 1212212437
2616.64 4434.58 1212212507
2491.65 4479.26 1212212558
2496.97 4483.73 1212212569
2495.2 4485.96 1212212593
2327.67 4500.48 1212212606
1945.64 4764.11 1212212683
1836.61 4846.78 1212212768
1927.02 4790.92 1212212830
1926.14 4787.57 1212212951
1928.79 4780.87 1212212987
1849.91 4849.01 1212213052
1849.02 4847.89 1212213077
2205.35 4527.29 1212213136
2335.65 4432.34 1212213206
2480.13 4288.25 1212213268
2635.25 4164.26 1212213337
2906.49 3889.48 1212213438
2992.47 3854.85 1212213502
3083.77 3208.16 1212213630
3468.46 2835.13 1212213688
2755.8 1813.3 1212213801
2678.68 292.512 1212213864
2816.08 -1243.62 1212213914
2512.93 -2696.87 1212213970
3054.52 -4106.35 1212214023
3542.92 -5507.77 1212214090
3705.13 -6414.77 1212214101
3968.39 -7905.03 1212214163
4138.58 -9398.37 1212214215
2655.64 -13445.4 1212214367
2953.47 -14950 1212214432
3413.5 -16313.9 1212214485
4387.65 -16208 1212214541
4408.93 -16214.7 1212214570
4423.99 -16188 1212214661
4418.68 -16208 1212214685
4416.9 -16218.1 1212214761
4447.04 -16203.6 1212214838
4395.63 -15876 1212214875
3891.27 -16172.4 1212214928
3152.02 -15412.4 1212214983
2879.9 -13954.8 1212215028
2593.59 -12482.3 1212215080
2925.1 -11027.5 1212215133
3945.34 -9896.83 1212215186
4096.03 -8421.43 1212215236
3733.49 -6398.04 1212215313
2902.06 -3510.45 1212215435
2493.43 -2291.73 1212215527
2147.73 -2262.71 1212215561
2070.62 -2299.54 1212215583
1847.25 -2365.39 1212215611
2043.14 -2322.98 1212215674
2506.72 -2295.08 1212215740
2514.7 -2295.08 1212215789
2684 -1916.7 1212215852
2843.55 -1441.19 1212215923
2713.25 -194.258 1212215977
2510.27 1029.42 1212216033
1412.91 1172.34 1212216101
1511.3 1414.65 1212216148
1496.23 1672.6 1212216211
1513.08 1682.65 1212216213
1503.32 1704.98 1212216236
1407.59 2014.3 1212216289
1229.43 3046.21 1212216473
1201.06 3350 1212216532
1167.38 3454.99 1212216562
1173.59 3460.57 1212216580
1263.11 3696.24 1212216628
1310.09 3517.54 1212216684
1433.3 3412.55 1212216757
1432.41 3412.55 1212216799
1627.42 3333.25 1212216852
940.465 3227.14 1212216913
930.714 3088.65 1212216982
1052.15 2303.54 1212217028
1056.58 1750.76 1212217093
868.667 1722.85 1212217144
-458.266 1512.91 1212217305
-904.122 1422.47 1212217326
-748.117 1354.35 1212217391
-178.165 1445.92 1212217453
-117.89 1220.36 1212217506
15.0687 668.774 1212217576
-12.4095 624.113 1212217592
-8.86394 621.88 1212217595
46.9789 215.475 1212217655
-101.049 -107.177 1212217735
-305.806 -254.544 1212217796
-469.789 -46.8903 1212217860
-748.117 -149.601 1212217916
-595.657 35.7261 1212217978
-208.303 -221.052 1212218037
-101.935 -828.355 1212218102
521.2 -800.447 1212218164
524.746 -877.473 1212218178
523.859 -876.357 1212218238
360.763 -969.011 1212218298
138.278 -902.032 1212218358
88.6394 -289.152 1212218440
72.6843 58.055 1212218522
67.366 61.4043 1212218581
67.366 61.4043 1212218621
51.4109 251.202 1212218681
190.575 410.86 1212218742
561.088 779.311 1212218802
895.258 1108.7 1212218862
873.099 1592.2 1212218922
857.143 1698.28 1212218982
838.529 1813.3 1212219003
837.643 1813.3 1212219010
1181.56 1981.92 1212219072
1248.04 1986.38 1212219114
1524.6 2156.13 1212219231
1656.67 1884.76 1212219276
1957.16 2187.39 1212219335
1974 2185.16 1212219361
2217.76 2419.68 1212219423
2376.42 2339.27 1212219483
2649.43 2063.44 1212219546
2620.18 1732.9 1212219610
2673.37 935.629 1212219664
2832.03 -351.67 1212219733
2795.69 -1499.24 1212219789
2468.61 -2288.38 1212219847
1898.66 -2369.86 1212219905
1663.76 -2346.42 1212219986
1295.91 -2539.5 1212220039
1053.04 -2535.04 1212220061
1053.04 -2535.04 1212220063
1052.15 -2532.81 1212220083
1049.49 -2533.92 1212220143
1142.56 -2151.09 1212220204
1155.86 -2109.8 1212220239
1208.16 -1988.14 1212220285
833.211 -2007.11 1212220345
587.68 -1639.88 1212220406
545.133 -1083.99 1212220466
206.53 -802.68 1212220527
47.8653 234.455 1212220648
42.5469 341.637 1212220708
8.86394 790.476 1212220773
-116.118 1229.29 1212220828
-116.118 1229.29 1212220841
-727.73 1467.13 1212220983
-929.828 1606.71 1212221029
-1498.89 1879.18 1212221069
-1864.97 2380.59 1212221200
-2438.47 2555.93 1212221304
-2446.45 2555.93 1212221338
-2542.18 2550.34 1212221376
-2454.43 2329.22 1212221378
-1802.93 2233.18 1212221437
-1650.47 1406.83 1212221589
-1376.57 1040.59 1212221674
-1301.23 855.236 1212221792
-1271.09 646.443 1212221847
-2001.48 356.152 1212221972
-2769.98 16.7466 1212222094
-3307.14 -13.3972 1212222142
