3735.27 -975.709 1212623031
3736.15 -974.593 1212623081
3734.38 -977.942 1212623203
3734.38 -976.825 1212623246
3721.08 -935.522 1212623311
3619.15 -981.29 1212623366
3593.44 -1163.25 1212623436
4006.5 -1072.83 1212623493
3862.02 -336.041 1212623547
3378.05 1062.92 1212623598
3374.5 1445.92 1212623661
3536.71 1633.51 1212623724
3609.4 1725.08 1212623784
3728.18 1815.53 1212623839
3830.11 1940.6 1212623899
4085.39 2173.99 1212623973
4080.07 2188.51 1212624025
3768.06 2535.82 1212624080
3591.67 2692.18 1212624130
3471.12 2818.38 1212624183
3400.21 2885.38 1212624207
3221.16 3119.92 1212624299
3081.99 3003.77 1212624367
2887.87 2991.48 1212624417
2843.55 3154.55 1212624473
2768.21 3501.9 1212624532
2524.45 3484.03 1212624594
2290.44 3448.29 1212624652
1928.79 3390.21 1212624713
1453.69 3505.25 1212624773
1409.37 3864.9 1212624834
1362.39 4145.27 1212624907
1095.58 4880.29 1212625017
1106.22 5042.27 1212625058
1107.11 5044.51 1212625077
1482.94 5110.42 1212625180
2162.8 5216.54 1212625300
2470.38 5262.35 1212625360
2704.39 5147.28 1212625420
2989.81 4758.53 1212625481
2997.79 4745.12 1212625494
3061.61 4336.28 1212625555
3142.27 3907.35 1212625615
3140.5 3729.75 1212625686
3236.23 3582.32 1212625739
3221.16 3462.81 1212625795
3346.14 3324.31 1212625859
3515.44 3473.98 1212625915
3652.83 3583.43 1212625980
3760.97 3498.55 1212626063
3837.2 3517.54 1212626074
3843.41 3494.08 1212626092
3537.6 3608.01 1212626215
3479.98 3702.95 1212626273
3223.82 3670.56 1212626333
3042.99 3664.97 1212626393
2968.53 3425.95 1212626458
3019.95 3433.77 1212626521
2713.25 3301.97 1212626573
2568.77 3301.97 1212626639
2372.88 3253.95 1212626694
1989.07 3178 1212626755
1408.48 3081.95 1212626817
1264.88 3066.31 1212626876
1234.75 3004.89 1212626911
1234.75 2999.3 1212626914
1239.18 2937.88 1212626975
1312.75 2755.83 1212627040
1419.12 2976.97 1212627095
1715.17 3031.69 1212627172
1803.81 3123.27 1212627217
1544.99 3104.29 1212627276
1513.08 3192.52 1212627302
1496.23 3298.62 1212627363
1494.46 3299.74 1212627390
1817.99 3472.86 1212627461
2122.91 3528.71 1212627510
2337.42 3558.86 1212627576
2683.12 3594.6 1212627626
2979.17 4100.59 1212627804
2949.03 4363.09 1212627830
2881.67 4750.71 1212627892
2909.15 4787.57 1212627935
3006.65 4663.57 1212627987
3058.06 4263.67 1212628048
3118.34 3814.64 1212628104
3106.81 3576.73 1212628169
2964.1 3561.1 1212628229
2939.28 3506.37 1212628285
2826.71 3505.25 1212628348
2911.81 3357.82 1212628412
2469.49 3245.01 1212628464
2130.01 3203.69 1212628526
2106.07 3194.75 1212628553
2106.07 3196.99 1212628562
1830.4 3162.36 1212628614
1689.47 3038.39 1212628680
2124.69 3102.05 1212628734
2228.4 3333.25 1212628795
2574.98 3389.09 1212628854
2789.48 3423.72 1212628902
2791.26 3490.73 1212628934
2528 3494.08 1212628986
2398.58 3466.16 1212629047
2178.76 3429.3 1212629107
1728.47 3354.47 1212629168
1446.6 3301.97 1212629228
1033.54 3246.13 1212629289
936.919 3229.38 1212629349
955.533 2905.49 1212629431
1046.83 2315.82 1212629479
1135.47 1777.56 1212629540
924.509 1730.66 1212629600
632.886 1687.11 1212629655
113.458 1604.48 1212629716
-546.905 1493.93 1212629776
-873.099 1449.27 1212629841
-1486.48 1339.84 1212629897
-1801.15 883.15 1212629953
-2240.81 678.823 1212629994
-2537.75 615.181 1212630054
-2691.09 232.222 1212630114
-2888.76 111.645 1212630234
-2884.33 18.9795 1212630250
-2771.76 8.93151 1212630328
-2522.68 27.911 1212630460
-2661.84 -185.327 1212630532
-3096.18 -1288.27 1212630691
-3074.02 -1716.9 1212630757
-3065.15 -1778.29 1212630809
-3066.04 -1778.29 1212630882
-3065.15 -1782.76 1212630942
-3356.78 -1687.88 1212630998
-3535.83 -1695.69 1212631043
-3536.71 -1692.35 1212631058
-3536.71 -1692.35 1212631060
-3536.71 -1692.35 1212631061
-3568.62 -1303.9 1212631121
-3601.42 -676.534 1212631181
-3666.13 358.385 1212631309
-3245.98 612.948 1212631366
-2766.44 633.045 1212631411
-2714.14 635.278 1212631436
-1828.63 656.492 1212631568
-1545.87 803.875 1212631621
-1555.62 890.966 1212631652
-1091.15 1087.48 1212631757
-980.352 1095.3 1212631826
-863.348 1210.31 1212631857
-920.077 1526.31 1212631920
-959.079 1803.25 1212631980
-1050.38 2397.34 1212632024
-1555.62 2456.53 1212632145
-1559.17 2477.75 1212632146
-1425.32 2953.51 1212632245
-679.865 3076.37 1212632306
-466.243 3107.64 1212632354
-390.9 2913.31 1212632415
494.608 3057.38 1212632539
866.007 3127.74 1212632575
1180.68 3146.73 1212632626
1323.39 3166.83 1212632686
1854.34 3266.23 1212632741
2456.2 3333.25 1212632806
2810.76 3372.34 1212632869
2933.97 3382.39 1212632903
3096.18 3423.72 1212632976
3072.24 3320.96 1212633003
2699.96 3248.36 1212633049
2574.98 3232.73 1212633118
2635.25 2827.31 1212633180
2652.09 2859.7 1212633242
3181.27 2310.24 1212633291
2812.53 1918.27 1212633352
2416.31 1535.25 1212633428
2147.73 1510.68 1212633477
2021.87 1643.56 1212633528
2020.98 1643.56 1212633530
1907.52 1756.35 1212633599
1671.74 2210.85 1212633650
1574.24 2778.17 1212633710
2073.28 2870.87 1212633770
2335.65 2943.46 1212633830
2405.67 2906.6 1212633860
2707.05 3122.16 1212633981
2706.16 3457.22 1212634040
2758.46 3587.9 1212634080
2686.66 4077.13 1212634139
2515.59 4345.21 1212634205
2652.98 4345.21 1212634258
2657.41 4344.1 1212634260
2490.77 4313.94 1212634324
2331.22 4177.66 1212634389
2230.17 4485.96 1212634507
2182.3 4598.78 1212634566
2106.07 5086.96 1212634628
2081.25 5199.79 1212634687
1812.68 5171.86 1212634756
1806.47 5099.24 1212634875
1799.38 5090.31 1212634991
1802.93 5093.66 1212635045
1814.45 5117.12 1212635114
1801.15 5083.6 1212635243
1794.06 5092.54 1212635347
1792.29 5088.07 1212635426
1795.84 5100.36 1212635492
1793.18 5094.78 1212635553
1782.54 5064.61 1212635673
1803.81 5092.54 1212635738
1807.36 5098.13 1212635855
1805.59 5100.36 1212635915
1807.36 5099.24 1212635976
1802.04 5097.01 1212636036
1811.79 5099.24 1212636096
1817.11 5104.83 1212636156
1808.24 5098.13 1212636271
1800.27 5092.54 1212636318
1657.56 5033.33 1212636376
943.124 4918.27 1212636506
804.846 4799.86 1212636563
741.912 4563.04 1212636678
721.525 4372.02 1212636748
755.208 4178.78 1212636798
1029.1 4187.71 1212636868
1091.15 3901.76 1212636918
1153.2 3448.29 1212636978
1181.56 3279.64 1212637016
1264.88 2899.9 1212637064
1309.2 2550.34 1212637138
1350.87 2258.87 1212637194
1407.59 1940.6 1212637246
1378.34 1614.53 1212637320
1242.73 1476.06 1212637371
974.147 1200.26 1212637435
1008.72 715.668 1212637500
1020.24 539.257 1212637527
1021.13 539.257 1212637544
1038.85 344.987 1212637594
1210.81 760.33 1212637716
1373.02 907.715 1212637773
1749.74 937.862 1212637831
1782.54 964.659 1212637876
1783.43 952.377 1212637921
1786.08 952.377 1212637955
1831.29 1189.09 1212638004
2076.82 1367.75 1212638065
2239.92 1194.68 1212638130
2664.5 269.066 1212638185
2817.85 -1254.78 1212638244
2531.54 -2720.31 1212638300
3074.9 -4150.98 1212638354
3565.08 -5584.75 1212638401
3831 -7082.97 1212638458
4089.82 -8536.3 1212638505
2843.55 -14138.7 1212638698
3152.91 -15629.7 1212638755
3950.66 -16248.2 1212638820
4075.64 -16227 1212638851
4075.64 -16225.9 1212638870
4075.64 -16225.9 1212638875
4075.64 -16231.4 1212638936
4040.19 -16173.5 1212639070
