4405.38 -16035.3 1211825879
4405.38 -16034.2 1211825880
4404.49 -16034.2 1211825940
4405.38 -16034.2 1211826015
4404.49 -16033.1 1211826065
4404.49 -16033.1 1211826125
4404.49 -16033.1 1211826180
4404.49 -16033.1 1211826245
4404.49 -16033.1 1211826264
4404.49 -16033.1 1211826279
4403.61 -16033.1 1211826384
4403.61 -16033.1 1211826444
4403.61 -16033.1 1211826501
4404.49 -16033.1 1211826545
4404.49 -16032 1211826611
4404.49 -16034.2 1211826680
4404.49 -16034.2 1211826726
4407.15 -16032 1211826789
4405.38 -16035.3 1211826848
4403.61 -16035.3 1211826908
4403.61 -16033.1 1211826969
4403.61 -16033.1 1211827035
4406.27 -16034.2 1211827101
4401.83 -16035.3 1211827149
4404.49 -16035.3 1211827210
4404.49 -16035.3 1211827270
4404.49 -16034.2 1211827332
4406.27 -16030.9 1211827392
4405.38 -16032 1211827455
4401.83 -16033.1 1211827510
4401.83 -16032 1211827571
4403.61 -16032 1211827631
4405.38 -16033.1 1211827690
4405.38 -16033.1 1211827749
4404.49 -16030.9 1211827869
4403.61 -16030.9 1211827929
4402.72 -16030.9 1211827994
4401.83 -16029.8 1211828049
4402.72 -16030.9 1211828118
4403.61 -16030.9 1211828170
4403.61 -16028.7 1211828234
4405.38 -16030.9 1211828291
4404.49 -16029.8 1211828349
