4399.18 -16043.1 1211476603
4402.72 -16048.7 1211476663
4401.83 -16048.7 1211476723
4397.4 -16044.3 1211476783
4396.52 -16037.6 1211476843
4400.06 -16044.3 1211476904
4398.29 -16044.3 1211476964
4399.18 -16045.4 1211477024
4398.29 -16043.1 1211477084
4397.4 -16044.3 1211477144
4397.4 -16044.3 1211477204
4395.63 -16046.5 1211477265
4394.74 -16047.6 1211477325
4394.74 -16045.4 1211477390
4400.95 -16046.5 1211477446
4400.95 -16046.5 1211477507
4399.18 -16045.4 1211477566
4399.18 -16045.4 1211477626
4399.18 -16047.6 1211477686
4400.06 -16044.3 1211477748
4399.18 -16044.3 1211477811
4399.18 -16044.3 1211477866
4400.06 -16045.4 1211477928
4399.18 -16045.4 1211477993
