4447.04 -15908.3 1211479543
3790.22 -15915 1211479638
3409.96 -15915 1211479639
3410.85 -15916.1 1211479644
2947.26 -14491.9 1211479700
2629.93 -13049.7 1211479750
2628.16 -11501.3 1211479805
4178.46 -8916.6 1211479910
3911.66 -7408.68 1211479966
3643.97 -5929.49 1211480016
3187.47 -4509.17 1211480064
2711.48 -3091.95 1211480113
2725.66 -1663.32 1211480173
2744.28 -224.401 1211480235
2730.98 660.958 1211480281
2939.28 1921.62 1211480341
3859.36 2792.69 1211480405
4554.29 3613.59 1211480461
5455.76 4663.57 1211480521
5809.43 5095.89 1211480586
7696.56 6397.46 1211480637
9115.68 6786.29 1211480693
10104.9 6961.72 1211480731
11546.2 7246.66 1211480789
12589.5 8127.24 1211480849
12211 9561.18 1211480904
11919.3 10992 1211480964
11748.3 11894.2 1211481013
12104.6 12007.2 1211481067
12415.7 12084.3 1211481111
12685.2 12155.9 1211481167
12763.2 12171.5 1211481238
13163.8 12238.6 1211481288
13807.4 12341.5 1211481357
14319.7 12420.9 1211481422
14397.7 12436.5 1211481468
14397.7 12436.5 1211481485
14800.1 12502.5 1211481533
14856 12331.4 1211481558
14874.6 12021.7 1211481618
14891.4 11912.1 1211481679
15074 11930 1211481744
15734.4 12039.6 1211481804
15906.3 12057.5 1211481861
15930.3 12081 1211481912
15671.5 12134.6 1211482061
15425 12101.1 1211482125
14895.9 12010.5 1211482186
14874.6 12231.9 1211482236
14892.3 12468.9 1211482276
14879.9 12494.7 1211482341
14599.8 12477.9 1211482401
14412.8 12453.3 1211482461
13735.6 12341.5 1211482526
13073.4 12237.5 1211482582
12943.1 12215.1 1211482642
12943.1 12223 1211482702
12942.2 12221.8 1211482762
12944 12221.8 1211482822
12943.1 12217.4 1211482882
12943.1 12219.6 1211482942
12944 12219.6 1211483003
12943.1 12220.7 1211483063
12879.3 12199.5 1211483125
12594.8 12148 1211483190
11878.6 11960.2 1211483245
11792.6 11406.8 1211483305
12094 10006.1 1211483365
12359 8545.21 1211483424
12003.6 7410.92 1211483484
11087.9 7237.72 1211483549
11047.1 7245.54 1211483610
11005.5 7251.13 1211483670
10966.5 7254.48 1211483729
10922.2 7256.72 1211483785
10873.4 7254.48 1211483850
10838.8 7250.01 1211483905
10804.3 7251.13 1211483971
9727.29 6910.32 1211484027
8286.9 6619.81 1211484079
6910.33 6079.03 1211484134
5806.77 5051.21 1211484196
4868.96 3953.15 1211484250
4056.14 2994.84 1211484311
3660.81 3200.34 1211484371
3468.46 3367.87 1211484415
3379.82 3469.51 1211484475
3379.82 3469.51 1211484496
3487.96 3858.2 1211484554
3402.87 3554.39 1211484764
