38023.7 -6468.32 1212221067
37724.9 -6343.38 1212221105
36268.6 -6586.57 1212221157
31928.8 -7721 1212221284
31253.4 -7726.57 1212221319
29790.8 -7816.92 1212221360
28300.8 -7908.38 1212221410
26856 -7786.8 1212221466
27775.2 -8973.48 1212221521
28830 -10003.9 1212221566
29508.1 -11377.5 1212221615
29508.1 -11377.5 1212221630
30170.2 -12726.4 1212221676
29555.9 -13903.5 1212221733
28236.1 -14559.9 1212221783
26843.6 -15147.2 1212221826
25481.2 -15722.2 1212221870
25032.7 -15868.2 1212221931
23676.5 -16403 1212221977
22303.5 -16915.6 1212222019
20900.3 -17440.3 1212222063
19525.5 -17953.9 1212222107
18106.4 -18484.1 1212222151
16798.1 -19138 1212222195
15834.6 -20237.2 1212222235
14568.8 -21683.8 1212222307
13321.6 -22710.4 1212222347
11865.3 -22340.7 1212222399
10898.2 -21222.8 1212222441
9446.31 -19549 1212222503
7961.59 -19300.6 1212222548
6546.91 -18917.4 1212222592
5399.91 -17973.9 1212222645
4266.22 -17044.8 1212222679
3287.64 -15925 1212222732
2629.05 -12994 1212222805
2633.48 -11485.7 1212222849
4113.76 -9548.91 1212222918
4035.75 -8055.61 1212222958
3768.95 -6572.07 1212223012
3410.85 -5109.46 1212223046
2966.76 -3671.14 1212223089
2772.64 -2713.61 1212223148
3739.7 -1593 1212223177
3574.83 -1123.06 1212223232
