3152.02 3840.33 1212112801
3383.37 3694.01 1212112869
3383.37 3694.01 1212112898
3376.28 3673.91 1212112899
3376.28 3673.91 1212112914
3437.44 3578.97 1212112924
3593.44 3441.59 1212112925
3628.9 3310.91 1212112986
3344.37 3011.59 1212113045
3324.87 2990.37 1212113055
3245.09 2898.79 1212113115
3168.86 2837.36 1212113175
3158.22 2831.78 1212113236
3151.13 2796.04 1212113296
2865.71 3020.52 1212113357
2865.71 3020.52 1212113372
2755.8 3486.26 1212113418
1915.5 4788.69 1212113661
1497.12 5167.39 1212113729
