3647.51 3811.29 1212092661
3650.17 3806.82 1212092678
3665.24 3788.95 1212092706
3811.5 3467.27 1212092772
3321.32 2962.45 1212092834
3111.24 2791.57 1212092889
2910.03 2991.48 1212092951
2860.39 3040.63 1212093009
2746.05 3099.82 1212093078
2501.41 3051.79 1212093129
2398.58 3045.09 1212093190
2170.78 2985.9 1212093250
1747.97 2935.64 1212093311
1450.14 2887.62 1212093374
1357.96 3156.78 1212093431
1324.27 3443.82 1212093491
1303.89 3583.43 1212093537
1287.04 3695.13 1212093588
1252.48 3915.17 1212093649
1367.71 4010.11 1212093710
2232.83 4162.02 1212093771
2787.71 4249.15 1212093834
2963.22 4296.06 1212093898
2852.42 5027.75 1212093958
2751.37 5152.87 1212093987
2751.37 5152.87 1212093991
2534.2 5181.91 1212094052
2161.03 5236.65 1212094109
1817.11 5162.92 1212094174
1420.89 5109.3 1212094232
1278.18 5081.37 1212094272
1076.08 5047.86 1212094332
972.375 5026.63 1212094377
703.797 4884.76 1212094455
376.718 4823.32 1212094513
209.189 4815.5 1212094576
258.827 4985.3 1212094634
372.286 4701.55 1212094716
-181.711 4521.71 1212094837
-474.221 4475.91 1212094900
-622.249 4358.62 1212094958
-536.269 4342.98 1212095019
-27.4782 4391.01 1212095116
14.1823 4172.08 1212095175
31.9102 4038.04 1212095233
92.185 3658.27 1212095296
125.868 3440.47 1212095354
162.21 3286.34 1212095420
136.505 3205.92 1212095474
-382.036 3127.74 1212095534
-858.03 3049.56 1212095594
-1123.95 3008.24 1212095656
-1288.82 3049.56 1212095719
-837.643 3567.8 1212095879
-753.435 3304.21 1212095942
-700.252 2981.43 1212096008
-686.956 2871.98 1212096062
-380.263 2908.84 1212096124
917.418 3118.81 1212096241
1299.45 3179.12 1212096304
1579.55 3224.91 1212096361
1685.92 3035.04 1212096424
1754.17 2705.58 1212096482
1776.33 2405.16 1212096545
1833.95 2121.51 1212096594
1833.95 2121.51 1212096596
1827.75 2117.04 1212096656
1995.27 1959.58 1212096716
2143.3 2152.78 1212096779
2355.15 2341.51 1212096816
2395.04 2334.81 1212096839
2590.04 2512.37 1212096880
2477.47 2142.73 1212096940
2321.47 2086.89 1212096998
2328.56 2084.66 1212097061
2285.12 2044.45 1212097126
2245.24 2184.04 1212097180
2387.06 2314.7 1212097249
2371.11 2130.44 1212097306
2370.22 2128.21 1212097328
2481.9 2232.06 1212097386
2343.63 2008.72 1212097447
1964.25 2326.99 1212097507
1868.52 2770.35 1212097568
1794.06 3278.52 1212097629
1760.38 3528.71 1212097689
1716.95 3784.48 1212097759
1682.38 3988.89 1212097813
1607.92 4473.67 1212097878
1571.58 4683.68 1212097938
1522.83 4989.77 1212097992
1792.29 5156.22 1212098052
2371.99 5255.65 1212098112
2300.19 5386.35 1212098172
2270.94 5385.24 1212098215
2271.83 5386.35 1212098275
2271.83 5386.35 1212098279
2069.73 5404.23 1212098339
2069.73 5404.23 1212098359
2042.25 5198.67 1212098416
1931.45 5186.38 1212098446
1552.08 5123.82 1212098505
1719.61 4952.9 1212098557
2219.53 4515 1212098618
2451.77 4318.41 1212098678
2465.06 4298.3 1212098707
2631.71 4157.56 1212098767
2776.19 4029.1 1212098830
2919.78 3725.29 1212098887
2771.76 3640.4 1212098952
2364.01 3566.68 1212099008
2087.46 3523.12 1212099069
2046.68 3517.54 1212099095
2046.68 3517.54 1212099097
1912.84 3482.91 1212099158
1925.25 3424.83 1212099182
1961.59 3202.57 1212099224
2007.68 2879.8 1212099267
2008.57 2882.03 1212099296
2058.21 2568.21 1212099357
2182.3 2468.82 1212099417
2565.23 2143.84 1212099479
2877.24 1842.33 1212099539
2925.1 1793.2 1212099597
3331.96 1165.64 1212099658
3830.11 -247.846 1212099712
3854.04 -1104.08 1212099735
3073.13 -2411.15 1212099787
311.124 -3119.85 1212099898
