-4237.85 -6999.31 1212129337
-4226.33 -7001.54 1212129398
-4245.83 -6842.03 1212129458
-4119.07 -6477.25 1212129518
-3444.53 -6224.01 1212129579
-2645.89 -5588.1 1212129639
-1290.59 -5057.02 1212129696
-740.139 -3607.53 1212129750
553.997 -2870.98 1212129808
1030.88 -2250.43 1212129868
1022.9 -2007.11 1212129906
850.939 -1740.34 1212129968
769.39 -1397.66 1212130035
733.935 -954.499 1212130091
718.866 -939.987 1212130145
720.639 -937.754 1212130205
717.979 -937.754 1212130268
718.866 -936.638 1212130330
717.979 -935.522 1212130393
719.752 -934.405 1212130448
720.639 -936.638 1212130508
493.722 -957.848 1212130578
132.959 -836.17 1212130639
54.9565 205.427 1212130751
52.2973 207.66 1212130765
