4404.49 -16023.1 1212632262
4403.61 -16026.4 1212632318
4404.49 -16025.3 1212632378
4404.49 -16024.2 1212632441
4405.38 -16025.3 1212632498
4405.38 -16025.3 1212632561
4405.38 -16039.8 1212632618
4404.49 -16038.7 1212632682
4404.49 -16018.6 1212632740
4405.38 -16020.9 1212632803
4406.27 -16029.8 1212632924
4404.49 -16026.4 1212632982
4402.72 -16019.7 1212633050
4403.61 -16018.6 1212633102
4400.95 -16022 1212633172
4399.18 -16023.1 1212633226
4401.83 -16017.5 1212633284
4403.61 -16019.7 1212633345
4403.61 -16019.7 1212633405
4403.61 -16020.9 1212633468
4403.61 -16020.9 1212633526
4403.61 -16020.9 1212633571
4403.61 -16020.9 1212633629
4404.49 -16020.9 1212633690
4406.27 -16019.7 1212633873
4403.61 -16018.6 1212633931
4399.18 -16022 1212633995
4400.06 -16022 1212634054
4401.83 -16022 1212634118
