3290.3 -15874.9 1211330403
2941.06 -14391.6 1211330457
2621.95 -12915.9 1211330507
2659.18 -11425.5 1211330559
4172.26 -8879.8 1211330661
3909 -7409.8 1211330714
3756.54 -6562.03 1211330774
3400.21 -5119.5 1211330837
2949.03 -3682.3 1211330880
2453.54 -2263.82 1211330931
2907.37 -803.796 1211330981
2708.82 773.728 1211331040
2395.04 1210.31 1211331073
2396.81 1253.86 1211331136
2052.89 1592.2 1211331193
1821.54 1820 1211331253
1449.25 1907.1 1211331316
1338.46 1907.1 1211331373
1222.34 2185.16 1211331436
1125.72 2775.94 1211331494
1015.81 3458.34 1211331554
920.964 4079.37 1211331616
594.771 4111.76 1211331682
180.824 4055.91 1211331744
56.7292 4134.1 1211331793
56.7292 4136.33 1211331836
55.8428 4132.98 1211331890
46.9789 4129.63 1211331950
140.05 4253.62 1211332016
241.986 4466.97 1211332075
676.319 4545.17 1211332133
967.056 4590.96 1211332191
1085.83 4914.92 1211332318
1418.23 5098.13 1211332432
1592.85 5128.29 1211332492
1927.91 5271.29 1211332552
2083.03 5219.9 1211332612
2213.33 5226.6 1211332673
2237.26 5260.11 1211332689
2096.32 5207.61 1211332746
1394.3 5097.01 1211332834
918.305 4986.42 1211332889
965.284 4716.08 1211332955
979.466 4577.56 1211332998
1116.86 3692.89 1211333115
1037.08 3463.92 1211333175
899.69 3284.1 1211333238
956.42 2844.06 1211333295
1136.36 1794.31 1211333415
1189.54 983.641 1211333483
1213.47 687.755 1211333543
1237.41 276.881 1211333600
1265.77 -98.246 1211333649
1264.88 -98.246 1211333662
1395.18 -173.046 1211333716
1459.01 52.4728 1211333771
1432.41 355.035 1211333833
1428.87 372.899 1211333874
1435.07 384.064 1211333935
1435.07 386.297 1211334002
1430.64 379.598 1211334056
1427.98 365.083 1211334122
1427.1 362.85 1211334182
1427.98 361.734 1211334241
1433.3 375.132 1211334303
1441.28 386.297 1211334363
1431.53 369.549 1211334383
1432.41 371.782 1211334443
1434.19 380.714 1211334505
1433.3 377.365 1211334564
1437.73 385.18 1211334627
1435.96 386.297 1211334687
1435.07 389.646 1211334745
1433.3 384.064 1211334806
1421.78 368.433 1211334870
1426.21 368.433 1211334935
1420 367.316 1211334987
1418.23 368.433 1211335048
1427.98 381.831 1211335114
1427.1 380.714 1211335169
1422.66 399.695 1211335232
1390.75 1084.13 1211335294
1502.44 1400.13 1211335349
1443.94 1787.61 1211335412
1563.6 2047.8 1211335469
1834.84 2088.01 1211335530
2131.78 1797.66 1211335594
2670.71 1257.21 1211335655
2933.08 1491.7 1211335712
3404.64 936.745 1211335767
3838.09 -483.403 1211335820
-575.27 -3478.08 1211336021
-1184.22 -4869.57 1211336079
