4244.06 -16046.5 1211861323
3859.36 -16171.3 1211861383
3057.17 -15057 1211861441
2738.07 -13581.4 1211861490
2554.59 -12072.1 1211861538
3241.54 -10762.1 1211861586
4112.87 -9541.11 1211861630
4034.87 -8061.18 1211861677
3757.43 -6538.6 1211861720
3385.14 -5090.49 1211861769
2927.76 -3615.35 1211861817
2473.04 -2157.79 1211861872
2692.87 -1232.46 1211861933
1996.16 -1320.64 1211861993
1415.57 -1338.5 1211862053
1161.18 -1754.85 1211862114
791.55 -2011.57 1211862174
509.677 -2060.69 1211862204
587.68 -2311.82 1211862251
587.68 -2311.82 1211862253
816.369 -2367.62 1211862313
967.056 -2330.79 1211862339
1017.58 -1997.06 1211862400
988.33 -1599.7 1211862460
1186.88 -1529.38 1211862520
1348.21 -1348.55 1211862581
1617.67 -1339.62 1211862641
1739.99 -1063.9 1211862702
1521.94 -783.702 1211862762
1489.14 -331.575 1211862823
1446.6 181.981 1211862883
1353.52 362.85 1211862945
1228.54 444.354 1211863005
1195.75 350.569 1211863066
1188.65 351.686 1211863127
1188.65 357.268 1211863187
1189.54 351.686 1211863247
1190.43 356.152 1211863308
1188.65 348.336 1211863368
1240.95 362.85 1211863429
1239.18 366.2 1211863433
900.577 694.454 1211863493
600.975 753.63 1211863553
598.316 792.71 1211863613
489.29 1176.81 1211863698
488.403 1181.28 1211863708
483.971 1213.66 1211863790
783.573 1391.2 1211863843
1029.1 1428.05 1211863904
1087.61 1302.99 1211863964
2026.3 1038.35 1211864020
2700.84 385.18 1211864070
2848.87 -1127.52 1211864122
2480.13 -2603.12 1211864176
3027.92 -4018.19 1211864219
3538.49 -5460.91 1211864268
3796.43 -6920.11 1211864315
4063.23 -8411.39 1211864362
3105.93 -15429.2 1211864616
