4037.53 -16183.5 1211646418
4557.84 -15996.3 1211646478
4370.81 -15863.7 1211646592
4369.04 -15864.9 1211646660
4371.7 -15867.1 1211646682
4372.58 -15867.1 1211646690
1272.86 -14280.2 1211646965
-851.825 -13072 1211647078
-1782.54 -11872.5 1211647126
-2642.34 -10638.3 1211647176
-3146.7 -9218.82 1211647227
-3072.24 -7727.69 1211647275
-3175.95 -6221.78 1211647329
-3247.75 -4882.96 1211647392
-3492.39 -4404.28 1211647449
-3456.94 -3598.61 1211647506
-3483.53 -2877.67 1211647591
-3503.92 -2458.03 1211647654
-3425.91 -2391.06 1211647715
-3426.8 -2383.25 1211647772
-3429.46 -2382.13 1211647832
-3427.69 -2381.02 1211647893
-3427.69 -2379.9 1211647919
-3495.94 -2322.98 1211647979
-3515.44 -2468.07 1211648039
-3484.42 -3069.63 1211648099
-3313.34 -4754.65 1211648290
-3139.61 -6145.92 1211648409
-2907.37 -5986.39 1211648463
-2964.99 -6009.81 1211648499
-2963.22 -6010.93 1211648515
-2961.44 -6014.28 1211648556
-2996.9 -6052.21 1211648616
-3044.76 -6134.76 1211648676
-3128.09 -5733.14 1211648733
-3389.57 -4967.76 1211648879
-3808.84 -4620.75 1211648939
-4067.66 -4587.28 1211649000
-4102.23 -4586.16 1211649117
-4061.46 -4578.35 1211649177
-4169.6 -4581.7 1211649241
-4208.6 -4751.3 1211649297
-4113.76 -4590.62 1211649364
-4113.76 -4588.39 1211649420
-4113.76 -4588.39 1211649479
-4112.87 -4593.97 1211649509
-4147.44 -4581.7 1211649567
-4365.49 -4639.72 1211649635
-3963.96 -5094.96 1211649690
-3155.56 -5493.27 1211649755
-3197.22 -5940.65 1211649777
-3184.82 -6159.31 1211649833
-3137.84 -6154.84 1211649891
-2031.62 -5564.67 1211649951
-1101.79 -4402.05 1211649997
-132.073 -3278.32 1211650055
1310.09 -3171.19 1211650092
2738.07 -2701.34 1211650140
3700.7 -1559.52 1211650183
3847.84 -65.8696 1211650230
3337.28 1352.12 1211650285
2952.58 1763.05 1211650345
2652.09 1757.46 1211650405
2652.09 1756.35 1211650463
2652.09 1755.23 1211650464
2652.09 1756.35 1211650524
2528 1909.33 1211650584
2894.96 2282.32 1211650646
3032.36 2443.13 1211650688
3312.46 2968.03 1211650787
3278.77 2941.23 1211650847
3129.86 2788.22 1211650909
3007.54 2892.09 1211650969
2920.67 3002.65 1211651032
2885.21 3024.99 1211651096
2720.34 3087.53 1211651147
2588.27 3065.2 1211651207
2585.61 3013.82 1211651246
2583.84 3013.82 1211651248
2674.25 2965.8 1211651309
2850.64 3141.14 1211651368
2955.24 3141.14 1211651431
3218.5 2925.59 1211651489
3150.25 2770.35 1211651549
3108.59 2778.17 1211651609
3111.24 2799.39 1211651670
3114.79 2797.16 1211651731
3116.56 2799.39 1211651792
3113.9 2802.74 1211651852
2901.17 3031.69 1211651917
2856.85 3212.62 1211651973
2754.91 3533.17 1211652034
2493.43 3510.83 1211652094
2426.95 3490.73 1211652115
2390.61 3475.09 1211652174
1646.03 3353.35 1211652236
1135.47 3255.06 1211652296
990.989 3608.01 1211652363
889.054 4293.83 1211652421
290.737 4487.08 1211652484
-48.7517 4527.29 1211652544
-65.5932 4646.82 1211652586
-65.5932 4646.82 1211652588
-131.186 4781.98 1211652680
-419.265 4598.78 1211652731
-799.528 4633.41 1211652794
-964.397 4628.94 1211652821
-1042.4 4636.76 1211652881
-1049.49 4637.88 1211652945
-1051.26 4643.47 1211652988
-847.393 4631.18 1211653048
-645.295 4511.65 1211653115
-434.333 4478.14 1211653174
-352.785 4494.9 1211653228
-347.467 4503.83 1211653268
-349.239 4517.24 1211653269
-498.154 4541.81 1211653332
-489.29 4477.02 1211653357
-265.918 4508.3 1211653418
-91.2986 4536.23 1211653478
-20.3871 4335.16 1211653538
12.4095 4140.8 1211653608
234.895 4165.37 1211653659
491.949 4202.24 1211653719
701.138 4234.63 1211653770
803.073 3872.72 1211653831
912.986 3245.01 1211653891
952.874 3022.76 1211653952
1229.43 2737.96 1211654012
1468.76 2775.94 1211654082
1703.65 2821.73 1211654133
1975.77 2859.7 1211654199
2301.08 2922.24 1211654253
2583.84 2976.97 1211654319
2603.34 2963.56 1211654344
2657.41 2836.24 1211654401
2872.8 2636.34 1211654458
3029.7 2478.87 1211654518
3358.55 2138.26 1211654572
3581.03 1853.5 1211654629
3518.1 1806.6 1211654649
3211.41 1907.1 1211654709
3406.41 2106.99 1211654769
3503.03 2060.09 1211654830
3836.32 2398.46 1211654895
3463.14 2818.38 1211654955
3221.16 2888.74 1211655010
3154.68 2770.35 1211655071
3166.2 2769.24 1211655131
3171.52 2773.7 1211655193
3185.7 2763.65 1211655250
3158.22 2790.45 1211655313
3175.06 2771.47 1211655376
3179.5 2785.99 1211655438
3178.61 2789.34 1211655491
3182.16 2785.99 1211655551
3164.43 2799.39 1211655614
3152.91 2811.67 1211655649
3164.43 2797.16 1211655709
3161.77 2794.92 1211655820
3171.52 2785.99 1211655871
3016.4 2665.37 1211655932
2843.55 2490.04 1211655998
2612.2 2253.28 1211656052
2045.8 1709.45 1211656118
1760.38 1912.68 1211656172
1573.35 1885.88 1211656233
1253.36 2025.47 1211656293
1155.86 2662.02 1211656354
860.689 2995.95 1211656414
428.129 2930.06 1211656476
198.552 2949.04 1211656536
199.439 2964.68 1211656543
186.143 3095.35 1211656609
50.5245 3085.3 1211656664
40.7741 3081.95 1211656670
-593.884 2979.2 1211656730
-1046.83 2707.81 1211656790
-1056.58 2350.44 1211656850
-942.237 1655.85 1211656957
-903.236 1364.4 1211657018
-885.508 1122.1 1211657081
-1094.7 1085.25 1211657144
-1289.7 1048.4 1211657199
-1311.86 917.764 1211657256
-1269.32 660.958 1211657322
-1205.5 264.6 1211657411
-1139.02 176.399 1211657570
-900.577 487.898 1211657634
-977.693 965.776 1211657692
-858.03 1146.66 1211657752
-896.145 1386.73 1211657816
-940.465 1668.13 1211657880
-966.17 1816.65 1211657911
-1042.4 2305.77 1211657971
-1043.29 2434.2 1211658037
-850.052 2836.24 1211658096
-155.119 2949.04 1211658159
163.097 3228.26 1211658334
178.165 3234.96 1211658348
146.255 3434.88 1211658412
87.753 3719.7 1211658473
28.3646 4031.33 1211658533
288.078 4166.49 1211658657
474.221 4212.29 1211658711
770.277 4246.92 1211658771
876.644 4262.55 1211658834
1172.7 4307.24 1211658894
1228.54 4042.5 1211658954
1250.7 3873.84 1211659014
1321.61 3442.7 1211659073
1613.24 3429.3 1211659134
1613.24 3422.6 1211659140
1915.5 3481.79 1211659203
1947.41 3319.84 1211659263
1992.61 2970.26 1211659321
1945.64 2505.67 1211659382
1457.23 2405.16 1211659443
1547.64 2038.87 1211659503
1532.58 1857.96 1211659569
1531.69 1856.85 1211659584
1552.08 1818.88 1211659654
1551.19 1816.65 1211659674
1861.43 1798.78 1211659736
2035.16 1967.4 1211659796
2362.24 2289.02 1211659857
2270.94 2485.57 1211659917
2177.87 2740.2 1211659978
2097.21 3316.49 1211660038
2017.43 3814.64 1211660099
1973.11 4099.47 1211660167
1914.61 4410 1211660226
1849.91 4783.1 1211660282
1950.95 4862.42 1211660341
2304.63 5236.65 1211660461
2368.45 5359.54 1211660513
2369.33 5360.66 1211660515
2202.69 5379.65 1211660576
2057.32 5376.3 1211660642
2066.19 5378.53 1211660696
2067.96 5384.12 1211660738
1929.68 5240 1211660795
1555.62 5119.35 1211660917
1671.74 5002.05 1211660977
2118.48 4606.6 1211661047
2333.88 4414.47 1211661097
2449.11 4332.93 1211661162
2640.57 4146.39 1211661221
2663.62 4136.33 1211661278
2883.44 3897.3 1211661338
2894.08 3782.25 1211661401
2934.85 3562.21 1211661458
3006.65 3265.12 1211661518
3013.74 3281.87 1211661579
3113.02 3051.79 1211661643
3254.84 2908.84 1211661706
3140.5 2791.57 1211661764
3136.95 2790.45 1211661788
2921.56 2988.13 1211661854
2879.01 3009.35 1211661914
2772.64 3037.28 1211661968
2523.56 3050.68 1211662028
2515.59 3049.56 1211662061
2292.22 3052.91 1211662126
1963.36 2954.63 1211662181
1576.01 2907.72 1211662241
1427.98 2880.92 1211662274
1006.06 2829.54 1211662336
163.983 2693.29 1211662396
-139.164 2651.97 1211662462
-687.842 2534.71 1211662524
-1693.9 2389.53 1211662627
-2276.26 2351.56 1211662689
-2619.3 2335.92 1211662754
-3089.08 2305.77 1211662812
-3790.22 2265.57 1211662933
-4400.06 2229.83 1211662996
-5179.2 2185.16 1211663117
-5909.59 2172.88 1211663167
-6384.7 2216.43 1211663228
-6538.93 2187.39 1211663283
-6539.82 2187.39 1211663294
-6542.48 2182.93 1211663352
-6530.95 2184.04 1211663409
-6179.94 2196.33 1211663472
-6070.03 1493.93 1211663649
-5205.79 1544.18 1211663792
-4964.7 2187.39 1211663920
-4373.47 2218.66 1211663973
-4233.42 2228.71 1211664019
-3986.12 2243.23 1211664079
-3537.6 2267.8 1211664134
-3264.59 2281.2 1211664252
-2729.21 2321.4 1211664315
-2573.2 2775.94 1211664432
-2172.55 2837.36 1211664493
-1886.25 2886.5 1211664560
-1375.68 2963.56 1211664618
-857.143 3047.33 1211664664
-452.061 3115.46 1211664724
-452.061 3115.46 1211664730
-452.061 3309.79 1211664788
-510.563 3694.01 1211664848
-554.883 3985.54 1211664915
-337.716 4383.19 1211665032
-137.391 4415.59 1211665075
390.014 4499.37 1211665133
803.96 4565.27 1211665199
882.849 4583.15 1211665261
958.192 4590.96 1211665315
964.397 4594.32 1211665378
1035.31 4927.21 1211665438
1471.41 5002.05 1211665506
1943.86 5075.79 1211665576
2100.75 5100.36 1211665634
2484.56 5266.82 1211665757
2613.09 5208.72 1211665818
2940.17 4939.5 1211665885
3206.09 4578.68 1211665936
3596.1 4008.99 1211666034
3596.1 4010.11 1211666097
3598.76 4014.58 1211666125
3658.15 3896.18 1211666173
3788.45 3720.82 1211666231
3683.86 3620.29 1211666295
3397.55 3667.2 1211666351
3268.14 3596.84 1211666411
3136.06 3386.86 1211666471
2726.55 3265.12 1211666531
2629.05 3291.92 1211666594
2591.82 3275.17 1211666623
2591.82 3276.29 1211666627
2562.57 3284.1 1211666686
2251.44 3221.56 1211666751
1984.64 3073.01 1211666807
2007.68 2861.93 1211666866
2124.69 2873.1 1211666926
2259.42 2905.49 1211666986
2346.29 2993.72 1211667048
2557.25 2945.69 1211667107
2624.61 2855.23 1211667177
2789.48 2741.31 1211667230
2910.03 2591.66 1211667287
3334.62 2167.29 1211667349
3582.81 1909.33 1211667380
3558.87 1701.63 1211667441
3503.92 835.138 1211667504
3884.18 -660.905 1211667555
3339.05 -2052.87 1211667616
2956.13 -2539.5 1211667640
1598.17 -3143.29 1211667696
142.71 -3175.65 1211667745
-1646.92 -5392.85 1211667847
-4310.54 -6684.74 1211668123
-4215.69 -7012.7 1211668175
-4208.6 -7014.93 1211668239
-4205.94 -7018.27 1211668298
-4208.6 -7013.81 1211668348
-4209.49 -7004.89 1211668411
