-1449.25 2947.93 1213025918
-789.777 3059.61 1213025965
-145.369 3161.25 1213026021
503.472 3266.23 1213026073
904.122 3331.01 1213026123
1240.95 3382.39 1213026183
1518.39 3425.95 1213026244
1607.92 3444.94 1213026305
2012.12 3509.72 1213026366
2318.81 3558.86 1213026426
2488.11 3594.6 1213026490
2772.64 3624.76 1213026547
3041.22 3554.39 1213026608
3298.27 3672.79 1213026669
3320.43 3739.81 1213026714
3324.87 3747.62 1213026716
3437.44 3639.28 1213026781
3257.5 3624.76 1213026839
2951.69 3572.27 1213026896
2520.02 3593.49 1213026956
1882.7 3389.09 1213027017
1806.47 3380.16 1213027034
1778.11 3463.92 1213027094
2176.98 3534.29 1213027154
2285.12 3552.16 1213027216
2465.06 3589.02 1213027275
2552.82 3599.07 1213027336
2759.35 3620.29 1213027396
2733.64 3877.19 1213027458
2681.34 4204.47 1213027521
3335.5 4449.1 1213027630
3335.5 4449.1 1213027631
3122.77 4745.12 1213027696
3026.15 4876.94 1213027759
2708.82 5165.16 1213027815
2246.12 5160.69 1213027875
1841.93 5172.98 1213027939
924.509 4948.43 1213028059
961.738 4620.01 1213028113
854.484 4586.5 1213028138
696.706 4533.99 1213028222
753.435 4260.32 1213028280
760.526 4156.44 1213028304
913.873 3981.07 1213028468
911.213 4000.06 1213028515
1110.65 3867.14 1213028575
1151.43 3585.67 1213028636
1326.05 3610.24 1213028696
1641.6 3395.79 1213028761
1707.2 3032.81 1213028818
2164.58 3099.82 1213028878
2403.9 3145.61 1213028928
2403.02 3150.08 1213028930
2395.92 3170.18 1213028953
2664.5 3183.58 1213029013
2808.98 3258.42 1213029073
2948.15 3246.13 1213029133
2980.06 3199.22 1213029193
3222.93 2845.18 1213029254
3036.79 2682.12 1213029314
3037.67 2678.77 1213029360
3037.67 2678.77 1213029361
2931.31 2582.73 1213029467
2492.54 2226.48 1213029527
2296.65 2417.45 1213029555
2266.51 2472.17 1213029592
2216.87 2634.1 1213029647
2180.53 2783.75 1213029711
2033.39 2938.99 1213029767
1496.23 2835.13 1213029828
1382.78 3042.86 1213029885
1255.13 3260.65 1213029955
1232.97 3079.72 1213030015
984.784 3022.76 1213030079
970.602 3029.46 1213030135
965.284 3043.98 1213030196
964.397 3024.99 1213030245
970.602 3041.74 1213030303
974.147 2827.31 1213030364
-301.374 2606.18 1213030487
-341.262 2649.74 1213030541
-296.942 2813.91 1213030602
-322.648 2720.1 1213030666
-313.784 2723.45 1213030683
-327.966 2723.45 1213030708
-355.444 2688.82 1213030789
-511.45 3098.7 1213030849
-84.2075 3169.06 1213030898
-31.9102 3201.45 1213030953
-33.683 3173.53 1213031049
-31.0238 3186.93 1213031107
-33.683 3196.99 1213031167
-31.9102 3191.4 1213031230
-32.7966 3182.47 1213031288
-19.5007 3163.48 1213031347
538.928 3276.29 1213031404
922.737 3131.09 1213031467
1045.06 2386.18 1213031524
1135.47 1812.18 1213031591
1006.06 1721.73 1213031645
1017.58 1654.73 1213031713
1049.49 1471.6 1213031767
1115.97 1253.86 1213031828
2217.76 1021.6 1213031888
2636.14 -113.876 1213031955
2724.78 -1632.07 1213032013
2734.53 -3152.21 1213032065
3194.57 -4577.23 1213032109
3643.97 -6015.39 1213032154
3909.89 -7504.61 1213032199
4175.8 -8971.25 1213032249
2635.25 -11462.3 1213032344
2605.11 -12939.3 1213032394
2883.44 -14431.8 1213032447
3223.82 -15891.6 1213032490
4443.5 -15864.9 1213032613
4396.52 -15876 1213032662
4370.81 -15837 1213032753
4364.61 -15831.4 1213032759
