-4201.51 -7050.62 1212102386
-4213.03 -7047.28 1212102450
-4198.85 -7024.97 1212102506
-4197.96 -7023.85 1212102552
-4200.62 -7020.5 1212102609
-4199.74 -7021.62 1212102669
-4270.65 -6771.75 1212102729
-4336.24 -6587.69 1212102792
-4436.4 -5812.35 1212102853
-5123.36 -4980.03 1212102911
-5828.04 -4252.53 1212102974
-6047.87 -2762.72 1212103094
-5430.94 -2947.98 1212103155
-4462.11 -2903.34 1212103250
-3712.22 -3074.09 1212103301
-3506.58 -3085.25 1212103362
-3506.58 -3085.25 1212103422
-3506.58 -3085.25 1212103435
-3249.52 -3225.87 1212103495
-2788.6 -3630.97 1212103555
-2578.52 -3760.42 1212103601
-2578.52 -3761.53 1212103603
-2577.64 -3761.53 1212103625
-2577.64 -3761.53 1212103685
-2473.93 -3627.62 1212103746
-2282.47 -3435.68 1212103806
-2182.3 -3045.08 1212103866
-2237.26 -2718.08 1212103930
-2270.94 -2529.46 1212103938
-1927.02 -2137.7 1212104000
-1604.37 -1773.83 1212104062
-936.919 -1494.77 1212104121
-747.231 -1325.1 1212104157
-613.385 -806.029 1212104215
-806.619 -135.088 1212104273
-286.305 59.1714 1212104338
-30.1374 73.6853 1212104398
-31.0238 72.5688 1212104403
14.1823 73.6853 1212104425
46.0925 214.359 1212104487
33.683 445.471 1212104545
3.54558 847.42 1212104611
51.4109 1119.86 1212104665
1.77279 1420.23 1212104725
-70.9116 1884.76 1212104845
144.482 1921.62 1212104898
144.482 1921.62 1212104899
498.154 2151.66 1212104991
438.765 2514.61 1212105050
412.173 2687.71 1212105094
497.267 2839.59 1212105154
930.714 2871.98 1212105217
1086.72 2908.84 1212105275
1233.86 2916.66 1212105335
1286.16 2639.69 1212105395
1325.16 2457.65 1212105455
1349.09 2320.29 1212105516
1510.42 2370.54 1212105576
1537.01 2399.58 1212105639
1544.99 2391.76 1212105699
1546.76 2387.29 1212105799
1771.02 2396.23 1212105837
2071.5 2444.25 1212105896
2379.97 2333.69 1212105957
2612.2 2104.76 1212106017
2888.76 1806.6 1212106077
3071.36 1616.76 1212106137
3765.4 497.947 1212106203
3897.48 -986.872 1212106255
3399.32 -1974.74 1212106311
3225.59 -4712.25 1212106421
3673.22 -6178.27 1212106479
3939.14 -7655.19 1212106518
4191.76 -9134.07 1212106564
2564.34 -11649.6 1212106661
2605.11 -12997.3 1212106723
2883.44 -14474.1 1212106774
3229.13 -15936.2 1212106830
4540.11 -16120 1212106956
4400.06 -15857.1 1212107010
4388.54 -15857.1 1212107033
4316.74 -15877.1 1212107058
