3764.52 -16295 1211251348
4028.66 -16212.5 1211251478
4044.62 -16194.7 1211251705
4035.75 -16165.7 1211251952
4033.09 -16163.5 1211252071
4026 -16159 1211252208
3037.67 -14880.9 1211252276
2712.37 -13486.6 1211252336
3347.91 -10665.1 1211252439
4153.64 -9422.9 1211252479
3994.09 -7887.19 1211252522
3723.74 -6369.04 1211252569
3280.55 -4898.58 1211252628
2548.38 -1988.14 1211252724
2616.64 935.629 1211252821
2396.81 1214.77 1211252881
1850.79 1805.48 1211252941
1627.42 2505.67 1211253001
1514.85 3211.51 1211253071
1449.25 3573.38 1211253121
1399.62 3901.76 1211253181
1385.43 3998.94 1211253242
1313.64 4447.98 1211253302
1384.55 4793.16 1211253379
1425.32 4687.03 1211253509
1444.82 4380.96 1211253540
1596.4 4364.2 1211253600
1701.88 3874.96 1211253660
1888.02 3640.4 1211253720
1946.52 3323.19 1211253781
1970.45 3054.03 1211253814
1785.2 2714.51 1211253874
1769.24 2528.01 1211253934
1831.29 2147.19 1211253994
1856.11 1799.9 1211254059
1895.11 2033.29 1211254123
2205.35 1722.85 1211254179
2278.03 1394.55 1211254237
2700.84 633.045 1211254298
2905.6 -905.381 1211254365
2600.68 -2867.63 1211254447
3114.79 -4261.45 1211254477
3588.12 -5692.97 1211254521
3853.16 -7187.82 1211254583
