4208.6 -16085.5 1212420760
3293.84 -15905 1212420820
2938.4 -14418.4 1212420876
2613.98 -12912.6 1212420926
4170.49 -8877.57 1212421060
3640.42 -5889.33 1212421154
2797.46 -3208.02 1212421274
3870.88 -551.502 1212421397
3463.14 905.481 1212421453
3344.37 1330.9 1212421511
3408.19 1508.45 1212421570
3519.87 1625.7 1212421638
3664.35 1760.81 1212421692
3873.54 1979.68 1212421813
3472.01 2433.08 1212421877
3150.25 2761.42 1212421933
3157.34 3083.07 1212421992
3261.93 3320.96 1212422053
3280.55 3511.95 1212422108
3313.34 3540.99 1212422131
3341.71 3559.98 1212422190
3341.71 3558.86 1212422207
3316.89 3571.15 1212422270
3239.77 3562.21 1212422318
3286.75 3498.55 1212422376
3474.67 3220.44 1212422434
3697.15 2975.85 1212422495
3969.27 2293.49 1212422615
3825.68 2103.64 1212422681
3639.54 1923.85 1212422744
3570.4 1703.86 1212422802
3707.79 434.306 1212422918
3633.33 434.306 1212422973
3373.62 551.539 1212423033
3379.82 545.956 1212423094
3382.48 544.84 1212423124
3382.48 540.374 1212423184
3385.14 548.19 1212423206
3562.42 275.765 1212423266
3602.31 769.262 1212423327
3353.23 1277.3 1212423386
3417.94 1511.8 1212423447
3467.58 1560.93 1212423473
3677.65 1763.05 1212423535
3814.16 1893.7 1212423595
4059.69 2148.31 1212423657
4071.21 2163.94 1212423716
4054.37 2189.63 1212423752
4054.37 2189.63 1212423760
4069.44 2185.16 1212423810
4074.76 2173.99 1212423830
3915.2 2035.52 1212423890
3659.92 1946.18 1212423955
3570.4 1832.28 1212424010
3573.06 1841.21 1212424070
3572.17 1843.45 1212424137
3572.17 1843.45 1212424191
3572.17 1842.33 1212424254
3572.17 1842.33 1212424264
3572.17 1841.21 1212424325
3572.17 1842.33 1212424330
3781.36 2060.09 1212424392
4072.1 2350.44 1212424449
4233.42 2670.96 1212424519
4196.19 3227.14 1212424576
4001.18 3534.29 1212424646
3611.17 4055.91 1212424690
3372.73 4394.36 1212424751
3368.3 4398.83 1212424782
3367.41 4399.95 1212424788
3023.49 4870.24 1212424844
3004.88 4616.66 1212424904
3094.4 4263.67 1212424978
3083.77 4200 1212424999
3024.38 3977.72 1212425048
2748.71 3934.16 1212425108
2325.01 3862.67 1212425170
2053.78 3929.69 1212425233
1569.8 3851.5 1212425288
1168.27 3786.72 1212425334
1162.95 3804.59 1212425400
1162.95 3804.59 1212425404
1104.45 3928.57 1212425463
1061.9 4200 1212425526
1179.79 4301.65 1212425593
1221.45 4030.22 1212425644
1165.61 3983.3 1212425714
943.124 3967.67 1212425764
760.526 4243.56 1212425825
609.839 4224.58 1212425895
210.962 4163.14 1212425950
-5.31837 4311.7 1212426015
-76.2299 4540.7 1212426069
-327.08 4503.83 1212426131
-566.406 4463.62 1212426170
-589.452 4147.5 1212426234
-487.517 3589.02 1212426289
-429.901 3122.16 1212426388
-402.423 2935.64 1212426461
-375.831 2761.42 1212426479
-388.241 2912.19 1212426583
-746.344 3262.88 1212426712
-888.167 3245.01 1212426762
-686.956 2920.01 1212426830
-557.542 2882.03 1212426880
152.46 2993.72 1212426947
870.439 3112.1 1212427007
1304.77 3175.77 1212427065
1666.42 3161.25 1212427121
2153.05 3088.65 1212427181
2579.41 3032.81 1212427251
2761.12 2707.81 1212427301
3159.11 2356.02 1212427362
3620.92 1864.66 1212427422
3620.92 1908.22 1212427434
3832.77 2016.54 1212427505
3723.74 2026.59 1212427555
3334.62 1422.47 1212427614
3829.22 13.3973 1212427664
3901.91 -961.197 1212427702
3158.22 -2308.47 1212427747
2972.97 -3820.68 1212427809
3424.14 -5250.04 1212427866
3732.61 -6743.86 1212427907
4032.21 -8216.21 1212427949
2790.37 -13835.5 1212428151
3071.36 -15304.4 1212428211
3892.16 -16206.9 1212428274
