-4385.88 -4120.85 1212158920
-4408.04 -5206.53 1212158980
-4464.77 -5965.19 1212159028
-4531.25 -6356.77 1212159112
-4531.25 -6354.53 1212159139
-4528.59 -6361.23 1212159199
-4533.91 -6347.84 1212159261
-4531.25 -6350.07 1212159325
-4529.48 -6350.07 1212159385
-4529.48 -6351.19 1212159439
-4529.48 -6351.19 1212159504
-4531.25 -6356.77 1212159619
-4531.25 -6356.77 1212159679
-4530.36 -6357.88 1212159740
-4529.48 -6356.77 1212159801
-4529.48 -6357.88 1212159868
-4533.02 -6352.3 1212159923
-4532.13 -6352.3 1212159986
-4529.48 -6354.53 1212160052
-4529.48 -6355.65 1212160108
-4529.48 -6354.53 1212160164
-4550.75 -6460.51 1212160224
-4377.9 -6524.1 1212160284
-4131.48 -6477.25 1212160351
-3550.01 -6265.29 1212160404
-3292.96 -6187.2 1212160466
-3141.38 -6157.08 1212160525
-2850.64 -5946.22 1212160591
-2983.6 -6032.13 1212160646
-3065.15 -6141.46 1212160707
-3561.53 -6255.25 1212160767
-4332.7 -6537.49 1212160835
-4468.31 -6587.69 1212160894
-4988.63 -6782.9 1212160953
-5542.62 -6014.28 1212161008
-5707.49 -4675.43 1212161073
-5956.57 -3992.53 1212161129
-5425.62 -2980.35 1212161199
-5692.43 -2666.74 1212161254
-5721.68 -2164.49 1212161326
-5727.88 -2043.94 1212161336
-5750.04 -1627.61 1212161396
-5658.74 -1401.01 1212161471
-5609.99 -1403.24 1212161517
-5610.88 -1401.01 1212161578
-5610.88 -1401.01 1212161633
-5610.88 -1402.13 1212161691
-5609.99 -1402.13 1212161757
-5609.99 -1402.13 1212161777
-5610.88 -1402.13 1212161838
-5569.22 -1553.93 1212161894
-5300.64 -1590.77 1212161955
-5208.45 -2149.98 1212162016
-5157.04 -3098.65 1212162091
-4620.77 -3375.41 1212162138
-4388.54 -4900.81 1212162263
-3463.14 -5185.33 1212162379
-3210.52 -5334.84 1212162422
-3201.66 -6498.44 1212162483
-3119.22 -8002.07 1212162542
-3004.88 -9496.5 1212162601
-2643.23 -10960.6 1212162660
-1642.49 -12052 1212162719
-723.298 -13241.4 1212162766
-32.7966 -14396.1 1212162822
749.003 -14604.5 1212162882
2067.07 -14068.4 1212162942
2950.81 -14927.7 1212163007
3424.14 -16322.8 1212163063
4229.87 -16108.9 1212163124
4383.22 -16067.7 1212163326
4383.22 -16029.8 1212163380
4384.99 -16058.7 1212163440
4384.99 -16058.7 1212163500
4385.88 -16047.6 1212163561
4385.88 -16046.5 1212163620
4385.88 -16047.6 1212163687
4386.77 -16048.7 1212163747
4386.77 -16052.1 1212163802
4386.77 -16052.1 1212163871
4386.77 -16054.3 1212163923
4386.77 -16056.5 1212163989
4387.65 -16057.6 1212164044
4387.65 -16057.6 1212164104
4387.65 -16057.6 1212164165
4386.77 -16056.5 1212164226
4386.77 -16056.5 1212164285
4386.77 -16056.5 1212164350
4386.77 -16056.5 1212164405
4386.77 -16056.5 1212164466
4387.65 -16056.5 1212164526
4387.65 -16055.4 1212164586
4387.65 -16054.3 1212164647
4387.65 -16054.3 1212164706
4387.65 -16055.4 1212164766
4387.65 -16054.3 1212164826
4386.77 -16056.5 1212164887
4387.65 -16055.4 1212164961
4387.65 -16058.7 1212165012
4386.77 -16061 1212165068
4386.77 -16061 1212165133
4385.88 -16059.9 1212165192
4385.88 -16058.7 1212165254
4384.99 -16058.7 1212165285
4384.99 -16058.7 1212165346
4384.99 -16057.6 1212165405
4385.88 -16055.4 1212165465
4386.77 -16056.5 1212165525
4386.77 -16056.5 1212165585
4388.54 -16061 1212165647
4387.65 -16059.9 1212165708
4387.65 -16057.6 1212165779
4386.77 -16057.6 1212165835
4387.65 -16056.5 1212165894
4387.65 -16050.9 1212165961
4387.65 -16050.9 1212166015
4389.43 -16052.1 1212166070
4391.2 -16053.2 1212166091
4387.65 -16059.9 1212166151
4385.88 -16054.3 1212166211
4387.65 -16052.1 1212166287
4390.31 -16056.5 1212166338
4390.31 -16055.4 1212166406
4395.63 -16059.9 1212166462
4394.74 -16059.9 1212166522
4392.97 -16057.6 1212166573
4390.31 -16058.7 1212166633
4389.43 -16052.1 1212166693
4392.08 -16056.5 1212166763
4392.08 -16057.6 1212166819
4392.08 -16057.6 1212166874
4390.31 -16056.5 1212166934
4391.2 -16057.6 1212166994
4415.13 -16011.9 1212167055
