4205.94 -16073.2 1211936982
3356.78 -16115.6 1211937042
2969.42 -14697 1211937110
2632.59 -13166.7 1211937149
2578.52 -11651.8 1211937196
3502.14 -10480 1211937247
4193.53 -9116.23 1211937318
3954.21 -7619.5 1211937364
3686.51 -6122.49 1211937406
3242.43 -4699.97 1211937459
2825.83 -3263.82 1211937533
3573.06 -1826.29 1211937579
3858.47 -356.136 1211937630
3711.33 566.054 1211937691
3617.38 693.337 1211937752
3117.45 1203.61 1211937812
2771.76 1557.58 1211937872
2356.04 1930.55 1211937932
2215.99 2146.08 1211937995
2569.66 2497.85 1211938053
2479.25 2643.04 1211938113
2376.42 2835.13 1211938174
2376.42 2835.13 1211938200
2283.35 2813.91 1211938287
2381.74 2710.04 1211938330
2434.04 2655.32 1211938387
2153.05 2561.51 1211938437
1480.28 2464.35 1211938497
1249.82 2424.15 1211938558
1151.43 2678.77 1211938618
1034.42 3377.92 1211938680
922.737 4108.41 1211938739
772.05 4254.74 1211938777
770.277 4253.62 1211938779
791.55 3968.78 1211938854
842.075 3718.58 1211938901
985.671 2898.79 1211938961
1084.95 2177.34 1211939023
1116.86 1887 1211939071
1264.88 1785.38 1211939133
1414.69 1823.35 1211939193
1941.2 1511.8 1211939254
2351.6 1577.68 1211939314
2673.37 1260.56 1211939375
2915.35 1473.83 1211939452
3121.88 1677.06 1211939501
3188.36 1761.93 1211939556
3100.61 1659.2 1211939616
3693.61 631.928 1211939681
3909.89 -877.473 1211939725
3236.23 -2195.74 1211939773
2928.65 -3668.91 1211939827
3379.82 -5105 1211939882
3738.81 -6557.57 1211939917
4001.18 -8029.95 1211939956
4108.44 -9516.57 1211940008
3212.29 -10767.7 1211940075
2725.66 -13638.2 1211940171
2598.02 -14391.6 1211940222
2600.68 -14385 1211940298
3056.29 -15262 1211940407
3908.11 -16201.4 1211940477
4415.13 -16015.3 1211940523
