4407.15 -16049.8 1211511714
4405.38 -16044.3 1211511763
4405.38 -16046.5 1211511828
4405.38 -16043.1 1211511880
4401.83 -16040.9 1211511940
4404.49 -16044.3 1211512005
4408.04 -16050.9 1211512060
4406.27 -16049.8 1211512127
4408.93 -16053.2 1211512187
4406.27 -16050.9 1211512242
4400.95 -16034.2 1211512283
4405.38 -16052.1 1211512335
4405.38 -16047.6 1211512407
4404.49 -16046.5 1211512460
4404.49 -16046.5 1211512516
4405.38 -16046.5 1211512586
4393.86 -16074.3 1211512696
4388.54 -16079.9 1211512756
