2596.25 -12530.3 1212475214
2890.53 -11048.6 1212475272
3923.18 -9914.67 1212475304
4080.07 -8364.55 1212475342
3807.95 -6839.79 1212475388
3519.87 -5324.8 1212475433
3011.08 -3876.47 1212475475
2473.93 -2420.08 1212475519
2916.24 -992.453 1212475565
2733.64 509.112 1212475614
1681.49 1078.55 1212475674
1195.75 845.187 1212475734
843.848 686.638 1212475795
771.163 322.657 1212475848
771.163 327.123 1212475897
771.163 327.123 1212475898
842.075 499.063 1212475958
1002.51 877.567 1212476018
1393.41 981.408 1212476078
1642.49 1051.75 1212476138
2629.93 189.797 1212476198
2811.64 -1284.92 1212476244
2552.82 -2762.72 1212476291
3078.45 -4165.49 1212476337
3565.96 -5594.79 1212476378
2561.68 -11649.6 1212476564
2607.77 -13063.1 1212476612
2667.16 -13457.7 1212476618
2960.56 -14952.2 1212476660
3566.85 -16302.8 1212476709
4218.35 -16111.1 1212476765
4399.18 -16053.2 1212476825
4409.81 -16043.1 1212476885
4416.9 -16016.4 1212476953
4337.13 -16160.1 1212477013
