-5762.45 -1495.89 1212069173
-5683.56 -1610.86 1212069233
-5687.99 -1013.66 1212069293
-6039.89 -789.284 1212069353
-6475.11 -533.64 1212069413
-6491.07 -315.946 1212069473
-6491.07 -315.946 1212069533
-6493.73 -319.295 1212069593
-6492.84 -317.062 1212069608
-6471.57 13.3973 1212069673
-5790.81 51.3563 1212069729
-5316.59 77.0346 1212069790
-4689.91 116.11 1212069855
-4006.5 151.837 1212069910
-3566.85 175.283 1212069976
-3086.43 289.163 1212070036
-3086.43 292.512 1212070091
-3088.2 291.396 1212070151
-2738.96 430.956 1212070271
-2521.79 310.376 1212070338
-2329.44 -942.22 1212070441
-2038.71 -1486.96 1212070574
-1730.24 -1553.93 1212070621
-841.188 -1495.89 1212070691
-158.665 -1283.8 1212070741
499.04 -1231.34 1212070801
1010.49 -1376.45 1212070931
1237.41 -1355.24 1212070995
1958.93 -1334.04 1212071042
2361.35 -1326.22 1212071104
3994.98 -1572.91 1212071349
3995.87 -1569.56 1212071350
4124.39 -1663.32 1212071415
2801.89 -1203.43 1212071602
2629.93 -1243.62 1212071613
2221.3 -1200.08 1212071698
2112.28 -848.449 1212071758
1655.78 -877.473 1212071867
1374.8 -891.986 1212071954
1329.59 -939.987 1212072040
1293.25 -1079.52 1212072076
1305.66 -1094.04 1212072152
1304.77 -1085.11 1212072263
1304.77 -1085.11 1212072318
1304.77 -1082.87 1212072345
1341.11 -1126.41 1212072393
1360.62 -1332.92 1212072448
1381.89 -1627.61 1212072504
1405.82 -1639.88 1212072567
1401.39 -1638.77 1212072599
1407.59 -1641 1212072611
1495.35 -1443.43 1212072670
1310.09 -468.891 1212072815
1223.22 170.817 1212072877
670.114 128.391 1212072936
283.646 93.7813 1212073001
87.753 -97.1296 1212073072
59.3884 93.7813 1212073128
52.2973 225.524 1212073154
163.983 379.598 1212073218
422.81 635.278 1212073274
725.071 934.512 1212073409
825.233 1032.77 1212073456
1013.15 1220.36 1212073517
1338.46 1546.41 1212073580
1833.06 2043.34 1212073703
2034.28 2251.05 1212073756
2431.38 2664.26 1212073819
2606.89 2767 1212073884
2785.94 3057.38 1212073941
2947.26 3184.7 1212074002
3252.18 3361.17 1212074062
3238.89 3545.46 1212074127
3383.37 3809.06 1212074182
3394 3811.29 1212074231
3394 3811.29 1212074249
3557.1 3788.95 1212074293
3479.1 3769.96 1212074353
3495.94 3775.55 1212074431
3463.14 3766.61 1212074483
3551.78 3812.41 1212074572
3493.28 3809.06 1212074636
3477.33 3805.71 1212074682
3445.42 3790.07 1212074758
3439.21 3790.07 1212074802
3414.39 3784.48 1212074870
3454.28 3806.82 1212074955
3390.46 3791.19 1212075033
3372.73 4000.06 1212075089
3396.66 4354.15 1212075148
2573.2 5255.65 1212075268
2327.67 5367.36 1212075333
2072.39 5409.81 1212075384
1922.59 5397.53 1212075458
1633.62 5349.49 1212075504
1353.52 5200.9 1212075630
1117.74 5153.98 1212075685
1117.74 5152.87 1212075765
1122.18 5153.98 1212075793
1122.18 5153.98 1212075811
1210.81 5081.37 1212075831
1219.68 4986.42 1212075902
960.852 4920.51 1212075978
660.364 4761.88 1212076028
587.68 4641.23 1212076092
585.907 4650.17 1212076220
592.111 4639 1212076273
593.884 4635.65 1212076351
588.566 4642.35 1212076390
588.566 4643.47 1212076458
590.339 4640.12 1212076510
585.907 4640.12 1212076581
584.134 4640.12 1212076632
584.134 4640.12 1212076648
583.248 4642.35 1212076655
583.248 4642.35 1212076724
583.248 4642.35 1212076731
688.728 4582.03 1212076798
700.252 4489.31 1212076846
671.887 4344.1 1212076923
471.562 4201.12 1212076968
471.562 4202.24 1212077005
415.719 4470.32 1212077017
441.424 4509.42 1212077078
759.64 4558.57 1212077144
982.125 4688.15 1212077203
952.874 4881.41 1212077271
988.33 5026.63 1212077324
2295.76 5238.89 1212077451
2378.2 5264.58 1212077470
2379.97 5263.47 1212077473
2233.71 5221.01 1212077538
2230.17 5219.9 1212077546
2514.7 5164.04 1212077612
2824.05 5045.62 1212077666
2981.83 4841.19 1212077730
3081.11 4218.99 1212077788
3345.25 3898.41 1212077858
3401.98 3637.05 1212077907
3702.47 3368.99 1212077976
3616.49 3466.16 1212078008
3502.14 3622.53 1212078037
3427.69 3802.36 1212078098
3543.8 3934.16 1212078174
3453.39 3880.54 1212078229
3448.07 3912.93 1212078287
3476.44 3931.92 1212078350
3433.89 3879.43 1212078406
3418.82 3860.44 1212078464
3428.57 3857.09 1212078520
3435.66 3863.79 1212078596
3425.03 3855.97 1212078647
3430.35 3862.67 1212078711
3434.78 3864.9 1212078773
3436.55 3863.79 1212078787
3405.53 4040.27 1212078838
3696.26 3853.74 1212078899
4224.56 3032.81 1212079020
3995.87 2130.44 1212079140
3548.24 1689.35 1212079210
3811.5 202.078 1212079264
3782.25 -1289.38 1212079316
2962.33 -2540.62 1212079360
3042.99 -4038.28 1212079409
3548.24 -5463.14 1212079468
4067.66 -8387.97 1212079558
2891.42 -11021.9 1212079666
2822.28 -14011.6 1212079781
3134.29 -15525 1212079817
4473.63 -15882.7 1212079945
4458.56 -15871.5 1212080004
4435.52 -15870.4 1212080024
4425.77 -15867.1 1212080041
