4390.31 -16037.6 1212516683
4389.43 -16046.5 1212516730
4388.54 -16046.5 1212516800
4388.54 -16046.5 1212516850
4388.54 -16046.5 1212516864
4387.65 -16046.5 1212516910
4387.65 -16046.5 1212516932
4386.77 -16045.4 1212516985
4388.54 -16047.6 1212517065
4390.31 -16046.5 1212517111
4391.2 -16046.5 1212517170
4391.2 -16045.4 1212517226
4391.2 -16045.4 1212517286
4391.2 -16045.4 1212517320
4392.08 -16045.4 1212517343
4392.08 -16045.4 1212517383
4389.43 -16045.4 1212517443
4389.43 -16045.4 1212517507
4388.54 -16045.4 1212517569
4387.65 -16048.7 1212517623
4386.77 -16048.7 1212517683
4382.33 -16050.9 1212517743
