4211.26 -16057.6 1212688231
3508.35 -16262.6 1212688291
2988.92 -14828.5 1212688342
2655.64 -13325 1212688383
2548.38 -11813.4 1212688430
4190.87 -9253.4 1212688531
4053.48 -8153.76 1212688569
3788.45 -6688.08 1212688611
3469.35 -5208.76 1212688656
3212.29 -4557.15 1212688679
2680.46 -2982.58 1212688733
1235.63 -3161.14 1212688793
7.97755 -3185.7 1212688844
-327.966 -3182.35 1212688904
-892.599 -3186.81 1212688964
-1342 -3186.81 1212689024
-1719.61 -3197.97 1212689085
-1792.29 -3212.48 1212689091
-2024.52 -3237.03 1212689151
-2038.71 -3239.26 1212689211
-1950.95 -3266.05 1212689271
-1404.05 -3200.2 1212689331
-1390.75 -3201.32 1212689351
-921.85 -3197.97 1212689411
-402.423 -3194.62 1212689471
-141.823 -3196.86 1212689531
893.486 -3210.25 1212689596
2356.04 -2898.88 1212689630
3102.38 -4225.74 1212689687
3582.81 -5659.5 1212689730
3841.63 -7147.67 1212689776
4107.55 -8612.14 1212689826
2751.37 -11194.7 1212689917
2576.75 -12678.5 1212689956
2816.96 -13979.3 1212690022
3114.79 -15458.1 1212690069
3292.07 -16108.9 1212690093
4189.1 -16128.9 1212690153
