-5767.77 -1501.47 1212408026
-5767.77 -1495.89 1212408086
-5761.56 -1483.61 1212408146
-5789.93 -946.685 1212408206
-5494.76 -766.957 1212408266
-5282.91 -482.287 1212408328
-5313.93 54.7057 1212408387
-4990.4 308.143 1212408447
-4349.54 342.754 1212408507
-4247.6 580.568 1212408588
-3717.54 657.609 1212408649
-4169.6 1319.74 1212408709
-4332.7 2036.64 1212408770
-4352.2 2310.24 1212408811
-4339.79 2031.05 1212408871
-4206.83 1413.53 1212408932
-3244.2 1451.5 1212408992
-2881.67 1468.25 1212409052
-2234.6 1545.3 1212409112
-1659.33 1482.76 1212409172
-1622.1 1284 1212409230
-1140.79 1291.82 1212409293
-442.311 1404.6 1212409349
206.53 1510.68 1212409409
915.645 1623.46 1212409471
1160.29 1556.46 1212409530
1377.46 1129.91 1212409591
1755.06 1038.35 1212409638
2215.1 1014.91 1212409697
2475.7 750.281 1212409758
2610.43 492.364 1212409818
2896.74 511.345 1212409863
2897.62 509.112 1212409925
2897.62 509.112 1212409931
3030.58 524.743 1212409978
2788.6 510.228 1212410044
2504.95 489.015 1212410094
2183.19 608.481 1212410154
1633.62 568.287 1212410208
1630.97 568.287 1212410209
1437.73 552.656 1212410269
1219.68 550.423 1212410329
1032.65 160.769 1212410394
412.173 111.645 1212410449
273.896 103.829 1212410473
639.977 126.158 1212410539
818.142 665.424 1212410598
1332.25 906.598 1212410659
1396.96 1086.37 1212410718
1480.28 1359.93 1212410780
1622.99 1553.11 1212410838
1848.13 1779.8 1212410897
2244.35 2200.8 1212410953
2478.36 2401.81 1212411006
2779.73 2686.59 1212411064
2967.65 2860.81 1212411124
2893.19 3080.83 1212411185
3067.81 3444.94 1212411245
3210.52 3548.81 1212411293
3218.5 3549.93 1212411298
3390.46 3573.38 1212411342
3401.1 4353.03 1212411459
3021.72 4885.88 1212411524
2553.7 5269.05 1212411579
2298.42 5384.12 1212411639
2240.81 5393.06 1212411662
2240.81 5393.06 1212411663
2079.48 5210.96 1212411726
1552.96 5128.29 1212411783
1081.4 4954.02 1212411853
1078.74 4951.78 1212411905
1140.79 4531.76 1212411964
1150.54 4453.57 1212411977
1232.09 4026.87 1212412037
1258.68 4000.06 1212412103
1520.17 4031.33 1212412162
2650.32 4139.68 1212412227
2973.85 3747.62 1212412282
2947.26 3662.74 1212412335
2941.94 3662.74 1212412336
2840.01 3685.08 1212412402
2414.54 3571.15 1212412456
2203.58 3642.63 1212412516
1992.61 3506.37 1212412569
1340.23 3413.66 1212412618
1279.07 3677.26 1212412687
1225 4054.79 1212412739
1211.7 4080.48 1212412799
1210.81 4080.48 1212412859
1210.81 4083.83 1212412919
1215.25 4086.07 1212412984
1215.25 4084.95 1212413039
1239.18 3929.69 1212413208
879.303 3842.57 1212413262
858.03 3642.63 1212413322
918.305 3160.13 1212413387
952.874 2887.62 1212413430
1085.83 2121.51 1212413484
1089.38 1758.58 1212413540
1033.54 1555.35 1212413600
1069.88 1304.1 1212413660
975.034 1212.54 1212413683
774.709 1272.84 1212413744
741.026 1464.9 1212413813
1015.81 1530.78 1212413864
1057.47 1401.25 1212413923
2170.78 1026.07 1212413983
2619.3 187.564 1212414042
2824.05 -1144.27 1212414102
3575.72 -1090.69 1212414225
3575.72 -1090.69 1212414242
3819.47 -1127.52 1212414287
3827.45 -1150.97 1212414347
3066.04 -2431.24 1212414395
3003.1 -3913.3 1212414449
3514.55 -5339.3 1212414499
3788.45 -6827.52 1212414555
4052.6 -8302.09 1212414604
3987.89 -9787.55 1212414656
3036.79 -10916 1212414706
2560.79 -12327.4 1212414759
2786.82 -13816.6 1212414819
3062.49 -15281 1212414866
3869.11 -16210.3 1212414927
4256.47 -16098.9 1212414992
4386.77 -16019.7 1212415047
4399.18 -16036.5 1212415110
4393.86 -16030.9 1212415179
4391.2 -16032 1212415229
4390.31 -16029.8 1212415289
4392.97 -16033.1 1212415349
4416.02 -16027.5 1212415396
