2686.66 2775.94 1211911436
3076.68 3058.5 1211911586
2807.21 2857.46 1211911646
2808.1 2857.46 1211911849
2810.76 2859.7 1211911901
2810.76 2860.81 1211911962
2811.64 2860.81 1211912092
2787.71 2821.73 1211912144
2728.32 2772.59 1211912154
3081.99 2408.51 1211912211
2646.77 1711.68 1211912270
2657.41 237.805 1211912327
2811.64 -1282.69 1211912386
2579.41 -2816.29 1211912443
3098.83 -4219.05 1211912488
3580.15 -5665.08 1211912536
3801.75 -10079.7 1211912682
2775.3 -11171.3 1211912733
2584.73 -12708.6 1211912780
2820.51 -14001.6 1211912834
3118.34 -15480.4 1211912897
4471.86 -16202.5 1211913066
4466.54 -16198 1211913166
4225.44 -16005.3 1211913221
4225.44 -16005.3 1211913236
4010.93 -16174.6 1211913281
4200.62 -16076.6 1211913368
3884.18 -16182.4 1211913438
