4216.58 -16062.1 1212477493
3655.49 -16241.5 1212477553
3019.06 -14906.5 1212477583
2686.66 -13428.7 1212477624
2551.04 -11946.1 1212477662
3337.28 -10666.2 1212477705
4160.74 -9398.37 1212477746
4001.18 -7916.19 1212477789
3736.15 -6428.16 1212477832
3320.43 -4971.11 1212477883
2917.12 -3505.98 1212477922
2730.09 -2802.9 1212477981
3658.15 -1618.68 1212477987
3852.27 -99.3624 1212478031
3349.68 1314.15 1212478079
3711.33 1802.13 1212478141
3344.37 2553.69 1212478201
2856.85 3038.39 1212478262
2710.59 3090.88 1212478322
2710.59 3090.88 1212478337
2679.57 3316.49 1212478342
2703.5 3375.69 1212478375
2694.64 3386.86 1212478488
2811.64 3566.68 1212478549
2691.09 4125.16 1212478609
2110.51 4618.89 1212478669
1635.4 5229.95 1212478742
1619.44 5336.08 1212478790
1521.94 5331.61 1212478850
1646.03 5232.18 1212478919
1638.06 5138.34 1212478970
1945.64 4762.99 1212479036
2337.42 4413.35 1212479090
2448.22 4320.64 1212479150
2611.32 3916.29 1212479271
2595.36 3918.52 1212479340
2592.7 3912.93 1212479391
2593.59 3911.82 1212479451
2585.61 3905.12 1212479521
2587.39 3909.58 1212479576
2472.15 3796.77 1212479631
2563.45 3062.96 1212479693
2707.94 2788.22 1212479758
3175.95 2344.86 1212479813
2671.59 1764.16 1212479853
2659.18 243.387 1212479904
2818.73 -1257.01 1212479955
2532.43 -2738.17 1212480008
3059.83 -4128.66 1212480048
2977.4 -5328.14 1212480108
2463.29 -5431.9 1212480182
1990.84 -5264.55 1212480243
1922.59 -5144.05 1212480327
2040.48 -5344.88 1212480382
2110.51 -5513.35 1212480443
2373.76 -5605.95 1212480503
2738.07 -5641.65 1212480563
3291.18 -4839.45 1212480623
2872.8 -3392.15 1212480677
2036.93 -3014.94 1212480713
440.538 -3096.41 1212480770
-899.69 -3743.68 1212480823
-1435.07 -5165.25 1212480866
-3242.43 -4863.99 1212481055
-3309.8 -4702.2 1212481103
-3293.84 -4713.36 1212481340
