4383.22 -15882.7 1211689416
3809.72 -16182.4 1211689483
3936.48 -16241.5 1211689540
4044.62 -16186.9 1211689591
4032.21 -16175.7 1211689651
4022.46 -16152.3 1211689723
4010.93 -16124.5 1211689729
3375.39 -16065.4 1211689786
2995.13 -14582.2 1211689840
2636.14 -13106.5 1211689898
2588.27 -11618.3 1211689948
3534.94 -10447.7 1211689993
4197.96 -9078.31 1211690039
3948 -7571.53 1211690088
3777.81 -6625.61 1211690121
3448.07 -5179.75 1211690189
2985.38 -3757.07 1211690233
2742.5 -2772.76 1211690293
3689.17 -1586.31 1211690326
3852.27 -77.0339 1211690384
3345.25 1334.25 1211690439
3793.77 1893.7 1211690500
3700.7 2192.98 1211690560
3277 2616.23 1211690621
3133.4 2752.48 1211690698
2873.69 2987.02 1211690756
2727.44 3075.25 1211690808
2350.72 3026.11 1211690937
2350.72 3083.07 1211690975
2351.6 3085.3 1211690991
2539.52 3367.87 1211691037
2808.1 3419.25 1211691103
2932.19 3448.29 1211691158
3020.83 3294.16 1211691218
3158.22 3098.7 1211691283
2904.71 2839.59 1211691338
2832.03 2780.4 1211691401
2811.64 2761.42 1211691458
2800.12 2751.37 1211691468
2628.16 2572.68 1211691543
2196.49 2172.88 1211691594
1904.86 1864.66 1211691650
1737.33 1922.73 1211691711
1451.03 1899.28 1211691772
1148.77 1873.6 1211691833
881.076 1835.63 1211691895
463.584 1765.28 1211691955
-89.5258 1677.06 1211692015
-219.826 1884.76 1211692076
-247.304 2058.97 1211692139
-248.19 2058.97 1211692145
-72.6843 1846.8 1211692210
5.31837 1496.16 1211692269
176.392 1502.86 1211692330
827.006 1607.83 1211692386
1033.54 1423.58 1211692448
1062.79 1363.28 1211692508
1980.21 1041.7 1211692569
2702.62 390.763 1211692629
2871.03 -963.43 1211692690
3282.32 -1176.64 1211692750
3746.79 -1023.71 1211692811
3676.76 -979.058 1211692871
3663.47 -969.011 1211692938
3664.35 -969.011 1211693008
3664.35 -969.011 1211693053
3662.58 -966.778 1211693113
3662.58 -966.778 1211693183
3662.58 -967.895 1211693235
3664.35 -970.127 1211693317
3664.35 -970.127 1211693360
3664.35 -970.127 1211693417
3660.81 -962.313 1211693478
3663.47 -967.895 1211693508
