3998.53 -16134.5 1212236267
3129.86 -15326.6 1212236327
2828.48 -13787.6 1212236372
2579.41 -12292.8 1212236416
3967.5 -9852.22 1212236510
4200.62 -9195.41 1212236530
3973.71 -7731.04 1212236577
3708.67 -6257.48 1212236623
3275.23 -4807.09 1212236671
2871.92 -3383.23 1212236723
3398.44 -1963.58 1212236782
3870.88 -542.571 1212236833
3465.8 905.481 1212236886
3679.42 1786.5 1212236946
3709.56 1981.92 1212237006
3702.47 1929.43 1212237038
3619.15 1914.92 1212237098
3381.59 1804.36 1212237144
3385.14 1833.4 1212237264
3396.66 1830.05 1212237324
3402.87 1823.35 1212237385
3402.87 1825.58 1212237445
3398.44 1824.46 1212237501
3618.26 1872.48 1212237560
3534.94 1668.13 1212237590
3534.94 1668.13 1212237616
3835.43 -117.225 1212237646
3645.74 -1620.91 1212237692
2729.21 -2817.41 1212237739
3242.43 -4803.74 1212237799
3688.29 -6261.94 1212237841
3952.43 -7735.5 1212237883
4186.44 -9231.09 1212237924
2546.61 -11723.1 1212238011
2628.16 -13262.6 1212238055
2924.22 -14749.4 1212238106
3347.91 -16202.5 1212238155
4300.79 -15886 1212238276
4298.13 -15882.7 1212238328
4299.01 -15882.7 1212238329
3843.41 -16224.8 1212238389
4345.11 -16175.7 1212238464
4310.54 -15900.5 1212238509
3665.24 -16313.9 1212238569
4047.28 -16201.4 1212238634
4046.39 -16198 1212238694
4028.66 -16199.1 1212238754
4029.55 -16200.2 1212238809
4029.55 -16200.2 1212238869
4038.41 -16199.1 1212238930
4045.5 -16193.6 1212238990
4043.73 -16194.7 1212239050
4038.41 -16198 1212239110
4041.96 -16198 1212239170
4041.07 -16198 1212239230
4040.19 -16198 1212239290
4038.41 -16198 1212239350
4037.53 -16198 1212239415
4039.3 -16196.9 1212239470
4038.41 -16196.9 1212239514
4036.64 -16196.9 1212239575
4037.53 -16194.7 1212239635
4040.19 -16191.3 1212239699
4041.07 -16192.4 1212239754
4040.19 -16192.4 1212239815
4044.62 -16192.4 1212239875
4034.87 -16194.7 1212239935
4038.41 -16195.8 1212239995
4036.64 -16191.3 1212240056
4038.41 -16186.9 1212240117
4047.28 -16185.8 1212240177
4048.16 -16186.9 1212240242
4043.73 -16189.1 1212240298
4042.85 -16189.1 1212240340
4040.19 -16188 1212240401
4039.3 -16188 1212240463
4038.41 -16189.1 1212240521
4037.53 -16186.9 1212240581
4037.53 -16185.8 1212240641
4037.53 -16188 1212240701
4040.19 -16190.2 1212240763
4041.96 -16192.4 1212240823
4043.73 -16191.3 1212240884
4041.96 -16190.2 1212240944
4042.85 -16190.2 1212241005
4041.96 -16191.3 1212241065
4037.53 -16190.2 1212241126
4036.64 -16190.2 1212241186
4033.98 -16191.3 1212241247
4033.98 -16190.2 1212241307
4041.07 -16189.1 1212241368
4041.07 -16189.1 1212241428
4037.53 -16191.3 1212241489
4035.75 -16192.4 1212241549
4036.64 -16190.2 1212241610
4037.53 -16190.2 1212241671
4039.3 -16190.2 1212241732
4039.3 -16190.2 1212241792
4039.3 -16190.2 1212241853
4038.41 -16191.3 1212241894
4037.53 -16191.3 1212241954
4036.64 -16191.3 1212242014
4037.53 -16190.2 1212242074
4034.87 -16189.1 1212242135
4035.75 -16188 1212242195
4033.98 -16191.3 1212242255
4034.87 -16192.4 1212242316
4035.75 -16190.2 1212242376
4039.3 -16185.8 1212242437
4040.19 -16185.8 1212242497
4042.85 -16188 1212242559
4041.07 -16190.2 1212242619
4041.07 -16189.1 1212242680
4043.73 -16188 1212242740
4043.73 -16186.9 1212242801
4043.73 -16188 1212242861
4044.62 -16188 1212242907
4042.85 -16184.6 1212242967
4041.96 -16186.9 1212243027
4041.96 -16194.7 1212243087
4038.41 -16192.4 1212243147
4038.41 -16192.4 1212243197
4040.19 -16191.3 1212243256
4042.85 -16188 1212243316
4041.07 -16188 1212243377
4041.96 -16188 1212243437
4042.85 -16190.2 1212243498
4042.85 -16192.4 1212243558
4042.85 -16192.4 1212243582
4040.19 -16193.6 1212243642
4039.3 -16193.6 1212243703
4047.28 -16190.2 1212243763
4046.39 -16189.1 1212243828
4040.19 -16182.4 1212243883
4040.19 -16186.9 1212243944
4041.96 -16188 1212243995
4043.73 -16191.3 1212244052
4043.73 -16189.1 1212244112
4042.85 -16190.2 1212244171
4039.3 -16190.2 1212244231
4034.87 -16192.4 1212244291
4036.64 -16194.7 1212244351
4035.75 -16194.7 1212244411
4041.96 -16192.4 1212244471
4048.16 -16189.1 1212244531
4042.85 -16191.3 1212244592
4042.85 -16190.2 1212244652
4042.85 -16191.3 1212244707
4047.28 -16188 1212244768
