3167.97 -15433.6 1212875323
2871.92 -13931.4 1212875380
2590.04 -12460 1212875434
2606 -11567.1 1212875459
3552.67 -10432.1 1212875505
4205.94 -9063.81 1212875554
3943.57 -7580.46 1212875604
3673.22 -6067.83 1212875669
3222.04 -4633.02 1212875712
2774.41 -2937.94 1212875771
3613.83 -1687.88 1212875826
3848.72 -198.724 1212875885
3357.66 1185.74 1212875942
3580.15 1677.06 1212876003
3864.68 1957.35 1212876067
3894.82 1994.2 1212876123
3558.87 2334.81 1212876183
3379.82 2497.85 1212876243
2980.94 2921.12 1212876306
2847.99 3131.09 1212876363
2577.64 3047.33 1212876423
2203.58 2993.72 1212876483
2180.53 2989.25 1212876550
2184.96 2978.08 1212876605
2187.62 2974.73 1212876630
2197.37 2952.39 1212876684
2027.18 2790.45 1212876740
2196.49 2458.77 1212876800
2303.74 2415.21 1212876860
2613.09 2091.36 1212876922
2918.01 1787.61 1212876981
3078.45 1621.23 1212877041
3795.54 315.958 1212877100
3829.22 -1174.41 1212877152
3039.45 -2461.38 1212877205
3026.15 -3993.64 1212877263
3534.94 -5411.82 1212877310
3801.75 -6908.96 1212877366
4065 -8375.7 1212877408
3929.39 -9891.25 1212877463
2922.44 -11008.5 1212877508
2568.77 -12457.8 1212877565
2802.78 -13965.9 1212877610
3097.95 -15429.2 1212877660
3730.83 -16266 1212877720
4269.76 -16125.6 1212877780
