4237.85 -16017.5 1212506577
3435.66 -16223.6 1212506645
2554.59 -11778.9 1212506811
3439.21 -10571.4 1212506882
4194.42 -9254.51 1212506918
3970.16 -7736.61 1212506977
3706.9 -6269.75 1212507031
3262.82 -4848.37 1212507087
3086.43 -4121.97 1212507148
2954.35 -3646.59 1212507208
2824.94 -2671.2 1212507268
3669.67 -1624.26 1212507329
3940.02 -972.36 1212507389
3856.7 -121.691 1212507449
3769.84 562.704 1212507509
3659.92 717.901 1212507574
3455.17 945.678 1212507629
3391.35 1250.51 1212507690
3195.45 1503.98 1212507750
3262.82 1816.65 1212507811
3507.46 2064.55 1212507878
3604.97 2160.59 1212507933
3623.58 2271.15 1212507992
3371.84 2530.24 1212508051
3142.27 2765.88 1212508112
2947.26 2961.33 1212508178
2876.35 3050.68 1212508239
2825.83 3370.1 1212508294
2868.37 3447.17 1212508358
3090.86 3424.83 1212508420
3058.06 3363.4 1212508459
3048.31 3352.23 1212508460
3037.67 3347.77 1212508474
3022.61 3351.12 1212508495
2971.19 3374.57 1212508557
2971.19 3317.61 1212508625
2990.69 3272.93 1212508654
2960.56 3196.99 1212508715
2881.67 3104.29 1212508780
2818.73 3269.58 1212508825
2471.27 3274.05 1212508895
2473.04 3284.1 1212508918
2468.61 3288.57 1212508928
2409.22 3269.58 1212508929
2394.15 3336.6 1212508991
2689.32 3399.14 1212509049
2927.76 3437.12 1212509110
3082.88 3479.56 1212509170
3300.05 3367.87 1212509220
3300.05 3366.75 1212509222
3479.1 3182.47 1212509302
3408.19 3032.81 1212509351
3457.82 2830.66 1212509401
3620.03 2645.27 1212509461
3849.61 2401.81 1212509497
3482.64 2013.19 1212509557
3652.83 1833.4 1212509618
3389.57 1520.73 1212509679
3722.86 585.035 1212509725
3909 -891.986 1212509775
3219.38 -2228.11 1212509836
2918.01 -3632.08 1212509891
3343.48 -5059.25 1212509941
3735.27 -6556.45 1212509992
4006.5 -8062.3 1212510042
4085.39 -9577.91 1212510099
3194.57 -10788.9 1212510157
2548.38 -12147.9 1212510200
2738.96 -13668.3 1212510246
2940.17 -14904.3 1212510292
3109.47 -15443.6 1212510314
3823.91 -16230.3 1212510378
