4193.53 -16043.1 1212349100
3481.76 -16247 1212349161
3051.86 -14933.3 1212349221
2842.67 -13770.9 1212349282
2574.98 -12276.1 1212349328
3122.77 -10859.1 1212349382
4054.37 -9671.58 1212349427
4034.87 -8115.83 1212349481
3772.49 -6653.5 1212349533
3444.53 -5165.25 1212349582
2986.26 -3751.49 1212349631
2725.66 -2863.16 1212349691
3643.08 -1646.58 1212349720
3850.5 -144.019 1212349774
3352.34 1287.35 1212349832
3681.2 1767.51 1212349894
3690.06 1797.66 1212349951
3828.34 1999.79 1212350023
3688.29 2226.48 1212350071
3200.77 2707.81 1212350132
2884.33 3032.81 1212350192
3014.63 3145.61 1212350252
3026.15 3171.3 1212350282
3113.02 3061.85 1212350335
3247.75 2868.63 1212350396
2941.94 2617.35 1212350456
3013.74 2495.62 1212350517
3064.27 2440.9 1212350577
3448.07 2036.64 1212350643
3662.58 1861.31 1212350699
3666.13 1863.55 1212350760
3659.92 1837.86 1212350820
3336.39 1295.17 1212350881
3522.53 807.225 1212350910
3776.04 374.015 1212350923
3963.96 304.793 1212350948
4026.89 -226.634 1212351008
4027.78 -231.099 1212351011
4207.71 -496.8 1212351072
4209.49 -512.429 1212351099
4209.49 -513.545 1212351139
4208.6 -514.662 1212351195
4208.6 -512.429 1212351255
4209.49 -512.429 1212351275
4208.6 -511.313 1212351336
4207.71 -516.895 1212351396
3867.34 -552.618 1212351454
3748.56 66.9866 1212351515
3487.96 276.881 1212351575
3403.75 272.415 1212351590
3402.87 12.2808 1212351655
3511.89 -290.269 1212351711
3554.44 -511.313 1212351742
3555.33 -511.313 1212351744
3552.67 -434.283 1212351805
3353.23 -20.0959 1212351865
3273.45 -525.826 1212351930
2984.49 -617.367 1212351991
2980.94 -762.492 1212352048
2978.29 -764.724 1212352069
2978.29 -764.724 1212352073
2979.17 -764.724 1212352090
2979.17 -764.724 1212352101
2979.17 -764.724 1212352113
3002.22 -627.414 1212352172
2988.04 -144.019 1212352234
2952.58 301.444 1212352299
2938.4 436.539 1212352355
2777.07 518.044 1212352414
2486.34 761.446 1212352474
2408.33 1244.92 1212352535
2149.51 1508.45 1212352595
1717.83 1962.93 1212352666
1639.83 2390.64 1212352716
1562.71 2915.54 1212352777
1490.03 3333.25 1212352841
1377.46 3410.31 1212352875
1195.75 3401.38 1212352921
954.647 3871.61 1212352982
417.492 3870.49 1212353043
49.6381 3863.79 1212353103
19.5007 4078.25 1212353154
20.3871 4079.37 1212353155
40.7741 4003.41 1212353230
99.2762 3593.49 1212353279
285.419 3389.09 1212353336
608.953 3287.45 1212353395
903.236 3272.93 1212353458
1003.4 2561.51 1212353515
1098.24 2044.45 1212353575
1119.52 1966.28 1212353629
1335.8 1797.66 1212353700
1463.44 1788.73 1212353746
2176.1 1233.76 1212353804
2604.23 1335.37 1212353865
2997.79 1556.46 1212353926
3576.6 754.747 1212353987
3721.08 581.685 1212353995
3827.45 -433.167 1212354035
3823.91 -778.12 1212354058
3826.56 -1086.22 1212354093
3698.04 -902.032 1212354153
3612.94 -917.661 1212354219
3612.06 -917.661 1212354283
3612.06 -917.661 1212354343
3611.17 -917.661 1212354403
3610.28 -919.893 1212354453
3610.28 -919.893 1212354515
3610.28 -919.893 1212354587
3612.06 -918.777 1212354639
3611.17 -918.777 1212354694
3612.06 -916.544 1212354821
3612.06 -917.661 1212354876
3610.28 -918.777 1212354945
3610.28 -919.893 1212354998
3611.17 -918.777 1212355058
3612.06 -918.777 1212355125
3612.94 -916.544 1212355178
3612.06 -919.893 1212355244
3612.06 -919.893 1212355304
3611.17 -921.01 1212355359
3609.4 -921.01 1212355420
3611.17 -918.777 1212355480
3611.17 -918.777 1212355546
3611.17 -917.661 1212355601
3611.17 -917.661 1212355675
3612.06 -918.777 1212355721
3612.06 -919.893 1212355788
3612.06 -919.893 1212355846
3612.94 -921.01 1212355911
3612.06 -919.893 1212355962
3612.94 -919.893 1212356028
3612.94 -919.893 1212356146
3612.94 -919.893 1212356216
3612.06 -921.01 1212356274
3609.4 -921.01 1212356327
3612.06 -925.475 1212356444
3612.06 -922.126 1212356512
3611.17 -922.126 1212356547
3611.17 -922.126 1212356617
3612.06 -919.893 1212356643
3609.4 -923.242 1212356712
3610.28 -923.242 1212356763
3612.94 -919.893 1212356833
3612.94 -919.893 1212356888
3612.06 -923.242 1212356953
3612.06 -922.126 1212357003
3609.4 -922.126 1212357063
3608.51 -922.126 1212357127
3611.17 -918.777 1212357184
3612.94 -918.777 1212357246
3612.94 -918.777 1212357304
3612.06 -919.893 1212357365
3611.17 -921.01 1212357425
3612.06 -921.01 1212357485
3612.94 -919.893 1212357561
3611.17 -919.893 1212357607
3611.17 -919.893 1212357668
3611.17 -921.01 1212357728
3612.94 -921.01 1212357788
3612.94 -921.01 1212357855
3611.17 -921.01 1212357915
3612.06 -919.893 1212357974
3611.17 -919.893 1212358030
3611.17 -921.01 1212358090
3612.06 -921.01 1212358150
3612.06 -921.01 1212358219
3612.06 -919.893 1212358285
3612.06 -919.893 1212358352
3612.06 -919.893 1212358391
3612.94 -921.01 1212358454
3612.06 -919.893 1212358512
3610.28 -918.777 1212358563
3612.06 -919.893 1212358621
3617.38 -954.499 1212358648
3572.17 -1113.01 1212358706
3593.44 -1153.2 1212358771
4009.16 -1085.11 1212358831
3853.16 12.2808 1212358898
3405.53 1098.65 1212358937
3300.93 1802.13 1212358997
3596.1 1881.41 1212359066
3597.88 1882.53 1212359084
3756.54 2085.77 1212359144
3692.72 2198.56 1212359204
3269.02 2624.05 1212359269
3100.61 2804.97 1212359330
2921.56 2991.48 1212359384
2845.33 3205.92 1212359444
2767.32 3504.13 1212359508
2705.28 4003.41 1212359553
2559.02 4223.46 1212359618
2407.45 4359.74 1212359673
2341.85 4421.17 1212359733
2289.56 4460.27 1212359760
2289.56 4460.27 1212359775
1896.88 4804.33 1212359813
1976.66 4973.01 1212359873
1963.36 5062.38 1212359933
2238.15 5228.83 1212359986
2282.47 5386.35 1212360047
2281.58 5386.35 1212360056
2153.94 5391.94 1212360105
2179.64 4630.06 1212360230
1911.07 4443.51 1212360285
1966.02 4105.06 1212360345
2005.02 3831.4 1212360412
2114.94 3587.9 1212360472
2255.87 3328.78 1212360536
2565.23 3381.27 1212360592
2574.09 3271.82 1212360652
2531.54 3230.49 1212360694
2530.66 3229.38 1212360695
2838.23 3226.03 1212360775
2793.03 3499.67 1212360815
2707.05 4042.5 1212360876
2590.93 4198.88 1212360936
2239.03 4510.54 1212361005
2168.12 4704.91 1212361056
2142.42 4897.05 1212361116
2093.66 5180.8 1212361177
2370.22 5332.73 1212361238
2277.15 5388.59 1212361297
2277.15 5387.47 1212361308
2079.48 5400.88 1212361369
2065.3 5337.2 1212361429
2119.37 4984.18 1212361494
2180.53 4588.73 1212361550
1911.07 4542.93 1212361610
1958.93 4128.51 1212361670
2008.57 3810.17 1212361730
2122.03 3525.35 1212361790
2303.74 3331.01 1212361850
2632.59 3385.74 1212361924
2547.5 3270.7 1212361976
2420.74 3194.75 1212361999
2420.74 3194.75 1212362011
2325.01 3147.84 1212362014
1974.89 3070.78 1212362074
1974.89 3070.78 1212362091
2001.48 2962.45 1212362135
2042.25 2621.82 1212362195
1833.06 2502.32 1212362255
1811.79 2208.61 1212362315
1917.27 1857.96 1212362375
1606.15 1531.9 1212362435
1399.62 779.311 1212362507
1303 538.141 1212362555
1311.86 519.16 1212362615
1311.86 519.16 1212362675
1311.86 521.393 1212362735
1310.98 522.51 1212362795
1310.98 520.277 1212362847
1511.3 434.306 1212362905
1378.34 357.268 1212362967
1236.52 358.385 1212363030
1214.36 675.473 1212363090
1429.75 1234.87 1212363146
1813.56 1735.13 1212363206
2381.74 2315.82 1212363266
2278.92 2439.78 1212363326
2184.96 2886.5 1212363386
1997.05 2959.1 1212363450
1427.98 2873.1 1212363508
1184.22 2835.13 1212363567
733.935 2787.1 1212363628
58.502 2677.66 1212363689
-215.394 2629.63 1212363750
-895.258 2503.44 1212363816
-895.258 2503.44 1212363824
-1560.05 2416.33 1212363878
-1970.45 2370.54 1212363938
-2332.1 2333.69 1212363999
-2956.13 2314.7 1212364059
-3113.9 2579.38 1212364119
-3120.11 2496.74 1212364179
-3111.24 2503.44 1212364239
-3107.7 2507.9 1212364317
-3107.7 2509.02 1212364360
-3107.7 2510.14 1212364420
-3107.7 2510.14 1212364485
-3120.11 2495.62 1212364544
-3120.11 2495.62 1212364600
-3122.77 2491.15 1212364660
-3120.99 2495.62 1212364721
-3120.99 2495.62 1212364783
-3120.99 2495.62 1212364825
-3120.11 2497.85 1212364886
-3122.77 2488.92 1212364946
-3123.65 2486.69 1212365006
-3123.65 2486.69 1212365078
-3119.22 2485.57 1212365126
-3122.77 2483.34 1212365183
-3117.45 2484.45 1212365238
-3120.11 2486.69 1212365299
-3113.9 2490.04 1212365358
-3119.22 2491.15 1212365424
-3120.11 2497.85 1212365479
-3117.45 2494.5 1212365540
-3121.88 2488.92 1212365606
-3117.45 2492.27 1212365660
-3121.88 2494.5 1212365719
-3121.88 2494.5 1212365779
-3115.68 2495.62 1212365840
-3119.22 2492.27 1212365885
-3120.11 2493.39 1212365961
-3119.22 2494.5 1212366005
-3119.22 2493.39 1212366066
-3106.81 2497.85 1212366132
-3119.22 2497.85 1212366186
-3116.56 2496.74 1212366246
-3128.97 2490.04 1212366311
-3120.11 2493.39 1212366366
-3123.65 2488.92 1212366428
-3116.56 2492.27 1212366497
-3115.68 2493.39 1212366546
-3118.34 2494.5 1212366606
-3119.22 2494.5 1212366634
-3127.2 2487.8 1212366694
-3125.43 2487.8 1212366771
-3125.43 2488.92 1212366815
-3125.43 2486.69 1212366885
-3120.99 2487.8 1212366940
-3121.88 2494.5 1212367012
-3120.11 2495.62 1212367067
-3122.77 2492.27 1212367127
-3123.65 2491.15 1212367178
-3112.13 2330.34 1212367203
-3087.31 2281.2 1212367283
-2381.74 2333.69 1212367382
-1240.07 2455.42 1212367443
-379.377 2570.44 1212367503
213.621 2684.36 1212367564
246.418 2798.27 1212367624
751.662 2883.15 1212367693
1248.93 3041.74 1212367760
1183.34 3409.2 1212367810
1093.81 3925.22 1212367873
1054.81 4173.19 1212367939
1054.81 4177.66 1212367955
761.413 4230.16 1212368011
747.231 4218.99 1212368060
960.852 4273.72 1212368120
1164.72 4310.59 1212368180
1565.37 4374.26 1212368240
1753.29 4402.18 1212368301
1747.97 4528.41 1212368342
1747.08 4530.64 1212368352
1820.65 4526.18 1212368408
1477.62 4364.2 1212368465
955.533 4281.54 1212368527
785.345 4249.15 1212368594
754.322 4250.27 1212368641
732.162 4332.93 1212368701
698.479 4532.88 1212368761
835.87 4682.56 1212368823
998.08 5028.87 1212368883
1162.95 5162.92 1212368943
1466.1 5213.19 1212369004
1757.72 5259 1212369063
1753.29 5342.78 1212369123
1672.63 5353.96 1212369183
1589.31 5342.78 1212369243
1437.73 5199.79 1212369304
1953.61 4751.82 1212369375
2135.32 4587.61 1212369425
2336.54 4413.35 1212369485
2395.92 4212.29 1212369545
2317.04 4174.31 1212369605
2214.21 4147.5 1212369665
2274.49 3994.47 1212369726
2304.63 3819.11 1212369791
2403.9 3778.9 1212369845
2467.72 3747.62 1212369906
2578.52 3081.95 1212369966
2673.37 2819.49 1212370026
2886.1 2624.05 1212370087
3239.77 2259.98 1212370148
3527.85 1968.52 1212370206
3248.64 1540.83 1212370267
3065.15 1611.18 1212370328
3753.88 478.966 1212370391
3476.44 899.899 1212370450
3870.88 1966.28 1212370509
3825.68 2057.85 1212370570
3829.22 2052.27 1212370630
3829.22 2060.09 1212370695
3829.22 2056.74 1212370715
3831.88 2051.15 1212370842
3838.97 2062.32 1212370895
3850.5 2070.14 1212370958
3844.29 2062.32 1212371020
3847.84 2062.32 1212371080
3846.07 2064.55 1212371135
3847.84 2069.02 1212371195
3620.92 1907.1 1212371255
3331.07 1388.97 1212371320
3712.22 608.481 1212371343
3909.89 -905.381 1212371385
3212.29 -2235.92 1212371428
2936.62 -3701.27 1212371476
3401.98 -5148.51 1212371530
3745.02 -6589.92 1212371564
4012.71 -8089.07 1212371609
4081.85 -9590.17 1212371660
3240.66 -10755.4 1212371723
2544.84 -12066.5 1212371768
2700.84 -13576.9 1212371805
2987.15 -15054.7 1212371845
3948 -16190.2 1212371918
4430.2 -16037.6 1212371963
4274.19 -16122.3 1212372111
4276.85 -15915 1212372258
3144.04 -15408 1212372379
2869.26 -13935.8 1212372439
2583.84 -12416.5 1212372480
2550.16 -11792.3 1212372507
3445.42 -10563.6 1212372551
4189.1 -9271.24 1212372593
3971.93 -7772.3 1212372635
3713.11 -6302.1 1212372677
3280.55 -4870.69 1212372723
2877.24 -3402.2 1212372773
3435.66 -1928.98 1212372831
3861.13 -491.218 1212372884
3419.71 956.843 1212372933
3821.25 1924.97 1212372995
3948.89 2220.9 1212373054
3845.18 2431.96 1212373120
3604.08 2692.18 1212373175
3468.46 2856.35 1212373236
3414.39 3698.48 1212373357
3388.69 3860.44 1212373417
3388.69 3843.68 1212373418
3388.69 3826.93 1212373489
3388.69 3826.93 1212373492
3388.69 3826.93 1212373505
3517.21 4078.25 1212373566
3407.3 4334.04 1212373627
2898.51 5009.87 1212373695
2166.35 5117.12 1212373747
1588.42 5028.87 1212373808
1069.88 5025.51 1212373868
1086.72 5141.7 1212373922
1104.45 5145.05 1212373924
1202.84 5076.9 1212373984
1366.82 5023.28 1212374039
1420 4670.28 1212374099
1487.37 4284.89 1212374155
1548.53 3864.9 1212374215
1616.78 3417.01 1212374276
1338.46 3257.3 1212374336
979.466 3246.13 1212374405
724.184 3185.82 1212374456
71.7979 3080.83 1212374520
-815.483 2938.99 1212374576
-1044.17 2469.93 1212374641
-1029.1 2150.54 1212374696
-933.373 1548.65 1212374756
-1209.93 1384.5 1212374816
-1714.29 1033.89 1212374876
-2255.87 569.403 1212374936
-2438.47 593.967 1212374977
-2439.36 604.015 1212374997
-2031.62 787.127 1212375038
-1442.16 1246.04 1212375099
-342.148 1422.47 1212375160
280.987 1517.38 1212375222
947.556 1625.7 1212375282
1086.72 1300.75 1212375343
2535.97 970.242 1212375402
2709.71 1586.61 1212375462
3254.84 1421.35 1212375522
3820.36 36.8425 1212375572
4053.48 -838.402 1212375636
4199.74 -513.545 1212375692
4202.4 -513.545 1212375752
4200.62 -513.545 1212375816
4202.4 -512.429 1212375876
4198.85 -514.662 1212375921
4198.85 -514.662 1212375980
4199.74 -514.662 1212376041
4201.51 -513.545 1212376106
4012.71 -540.338 1212376161
3817.7 -1022.59 1212376222
3614.72 -917.661 1212376281
3573.06 -980.174 1212376346
3573.06 -981.29 1212376401
3573.06 -981.29 1212376461
3573.94 -981.29 1212376522
3576.6 -976.825 1212376587
3573.94 -1130.87 1212376625
3870.88 -953.383 1212376685
3173.29 -2288.38 1212376739
2968.53 -3809.52 1212376789
3457.82 -5227.73 1212376832
3768.95 -6724.9 1212376880
4037.53 -8227.37 1212376923
3993.21 -9767.48 1212376968
3019.95 -10927.1 1212377010
2560.79 -12326.3 1212377057
2790.37 -13854.4 1212377109
3072.24 -15333.3 1212377150
4020.69 -16170.2 1212377210
4402.72 -16048.7 1212377431
4401.83 -16053.2 1212377480
4401.83 -16054.3 1212377555
4406.27 -16050.9 1212377602
4407.15 -16023.1 1212377661
