4539.23 -16127.8 1211999187
4275.08 -15966.3 1211999353
3938.25 -16152.3 1211999403
3199 -15567.3 1211999463
2912.69 -14105.2 1211999519
2599.79 -12636.1 1211999578
2801.01 -11144.5 1211999634
3816.81 -10075.2 1211999681
4114.64 -8564.19 1211999737
3848.72 -7080.74 1211999787
3582.81 -5597.03 1211999837
3112.13 -4198.96 1211999892
2740.73 -2790.62 1211999952
3657.26 -1606.4 1212000002
3853.16 -140.67 1212000063
3394 1189.09 1212000123
2886.1 1831.16 1212000184
2684 2033.29 1212000244
2541.29 2168.41 1212000305
2256.76 2453.18 1212000366
2192.94 2660.9 1212000431
2225.74 2869.75 1212000486
2225.74 2869.75 1212000500
2313.49 2844.06 1212000574
2497.86 2930.06 1212000635
2612.2 2898.79 1212000692
2716.8 2803.86 1212000749
2702.62 2794.92 1212000810
2701.73 2787.1 1212000870
2755.8 2863.05 1212000916
2708.82 2645.27 1212000981
2487.22 2611.77 1212001036
2418.97 2736.85 1212001098
2322.35 2783.75 1212001156
2208.01 3032.81 1212001216
1882.7 3376.81 1212001276
1330.48 3290.8 1212001336
789.777 3208.16 1212001396
421.037 3147.84 1212001457
-125.868 3058.5 1212001517
-869.553 2934.53 1212001578
-1125.72 3010.47 1212001640
-1338.46 2972.5 1212001702
-1338.46 2972.5 1212001714
-1350.87 2970.26 1212001727
-1354.41 2960.21 1212001804
-1130.15 2954.63 1212001858
-1068.99 3010.47 1212001887
-961.738 2864.16 1212001955
-780.027 2846.3 1212002008
-210.075 2935.64 1212002077
93.9578 2980.32 1212002131
445.856 3040.63 1212002182
1011.38 3126.62 1212002242
1172.7 3152.31 1212002310
1634.51 3226.03 1212002362
2232.83 3315.38 1212002432
2310.83 3323.19 1212002484
2433.15 3335.48 1212002543
2757.57 3370.1 1212002605
2996.01 3458.34 1212002675
3275.23 3505.25 1212002729
3295.61 3410.31 1212002782
3286.75 3410.31 1212002789
3357.66 3580.08 1212002844
3586.35 3399.14 1212002904
3663.47 3333.25 1212002964
3406.41 2994.84 1212003033
3375.39 2915.54 1212003089
3471.12 2578.26 1212003144
3221.16 2348.21 1212003204
2817.85 1868.01 1212003264
2627.27 1214.77 1212003324
2672.48 1050.64 1212003384
2715.91 483.432 1212003464
2890.53 -941.103 1212003541
2445.56 -2416.73 1212003589
2979.17 -3857.5 1212003635
3770.72 -6751.67 1212003739
4033.09 -8221.79 1212003799
4013.59 -9729.56 1212003856
2814.3 -14389.4 1212004067
