3879.75 -7362.95 1211806369
4150.1 -8861.96 1211806425
3628.9 -10302.7 1211806473
2638.8 -11435.5 1211806524
2598.91 -12942.7 1211806575
2886.1 -14479.7 1211806626
3227.36 -15919.5 1211806682
4156.3 -16132.3 1211806753
4388.54 -16058.7 1211806803
4388.54 -16058.7 1211806865
4388.54 -16058.7 1211806928
4397.4 -16061 1211806984
4396.52 -16061 1211807045
4395.63 -16065.4 1211807086
4396.52 -16059.9 1211807146
4395.63 -16062.1 1211807206
4395.63 -16064.3 1211807266
4397.4 -16062.1 1211807332
4398.29 -16062.1 1211807386
4398.29 -16062.1 1211807446
4397.4 -16061 1211807508
4398.29 -16062.1 1211807566
4398.29 -16062.1 1211807626
4398.29 -16062.1 1211807687
4397.4 -16062.1 1211807746
4395.63 -16062.1 1211807807
4394.74 -16059.9 1211807867
4393.86 -16057.6 1211807929
4394.74 -16061 1211807989
4395.63 -16061 1211808050
4395.63 -16059.9 1211808110
4395.63 -16059.9 1211808184
4396.52 -16059.9 1211808241
4395.63 -16058.7 1211808297
4397.4 -16062.1 1211808357
4397.4 -16062.1 1211808417
4397.4 -16062.1 1211808478
4396.52 -16061 1211808542
4396.52 -16061 1211808592
4398.29 -16061 1211808657
4398.29 -16062.1 1211808723
4397.4 -16062.1 1211808777
4397.4 -16062.1 1211808836
4396.52 -16062.1 1211808894
4395.63 -16061 1211808954
4396.52 -16061 1211809015
4397.4 -16062.1 1211809075
4397.4 -16061 1211809136
4397.4 -16061 1211809196
4398.29 -16063.2 1211809262
4398.29 -16062.1 1211809325
4396.52 -16057.6 1211809378
4396.52 -16057.6 1211809443
4397.4 -16053.2 1211809498
4396.52 -16052.1 1211809559
4397.4 -16055.4 1211809799
4397.4 -16056.5 1211809860
4397.4 -16057.6 1211809920
4397.4 -16057.6 1211809985
4398.29 -16057.6 1211810040
4395.63 -16057.6 1211810101
4397.4 -16056.5 1211810161
4398.29 -16056.5 1211810222
4397.4 -16056.5 1211810282
4397.4 -16056.5 1211810349
4396.52 -16055.4 1211810409
4395.63 -16054.3 1211810470
4395.63 -16057.6 1211810524
4395.63 -16056.5 1211810585
4395.63 -16056.5 1211810646
4396.52 -16056.5 1211810704
4396.52 -16048.7 1211810764
4396.52 -16047.6 1211810826
4397.4 -16047.6 1211810885
4398.29 -16048.7 1211810947
4399.18 -16049.8 1211811007
4399.18 -16048.7 1211811068
4398.29 -16047.6 1211811128
4398.29 -16048.7 1211811189
4399.18 -16048.7 1211811250
4398.29 -16052.1 1211811311
4398.29 -16050.9 1211811377
4398.29 -16046.5 1211811432
4398.29 -16046.5 1211811492
4398.29 -16046.5 1211811553
4397.4 -16050.9 1211811613
4398.29 -16050.9 1211811673
4396.52 -16058.7 1211811733
4395.63 -16054.3 1211811798
4396.52 -16055.4 1211811853
4396.52 -16056.5 1211811913
4396.52 -16058.7 1211811974
4397.4 -16057.6 1211812038
4397.4 -16057.6 1211812094
4398.29 -16058.7 1211812154
4398.29 -16058.7 1211812214
