2902.06 -1053.85 1211116962
2935.74 -1363.06 1211117022
2910.03 -1323.99 1211117082
2910.03 -1323.99 1211117105
2904.71 -1318.41 1211117165
2906.49 -1311.71 1211117225
2909.15 -1313.94 1211117268
2975.63 -1334.04 1211117345
2978.29 -1325.1 1211117405
2979.17 -1338.5 1211117465
2555.48 -1284.92 1211117591
2455.31 -2204.67 1211117645
2680.46 -3126.55 1211117706
2354.26 -3152.21 1211117766
2424.29 -3049.54 1211117794
2516.47 -2772.76 1211117854
2685.78 -1783.87 1211117914
2904.71 -952.266 1211117943
2736.3 540.374 1211118002
2598.91 1721.73 1211118067
2005.02 2319.17 1211118122
1857.88 2859.7 1211118183
1795.84 3315.38 1211118243
2040.48 3513.07 1211118303
2127.35 3507.48 1211118336
2126.46 3508.6 1211118337
2226.62 3536.52 1211118398
2610.43 3596.84 1211118458
2755.8 3806.82 1211118519
2751.37 3813.52 1211118579
2729.21 3914.05 1211118639
2727.44 3915.17 1211118659
2857.74 3958.73 1211118718
2938.4 3748.74 1211118778
2997.79 3251.71 1211118844
3206.98 2892.09 1211118904
2954.35 2542.52 1211118963
3076.68 2429.73 1211119018
2557.25 1493.93 1211119078
2591.82 15.6302 1211119132
2755.8 -1485.84 1211119188
2652.09 -2984.81 1211119241
3155.56 -4438.87 1211119291
3612.94 -5862.55 1211119339
3879.75 -7331.72 1211119385
4142.12 -8795.04 1211119431
2684.89 -11325.1 1211119533
2591.82 -12817.8 1211119578
2854.19 -14280.2 1211119625
3176.84 -15733.4 1211119675
4021.57 -16189.1 1211119749
4556.95 -15995.2 1211119795
4436.4 -15871.5 1211119910
4396.52 -15859.3 1211119970
4283.06 -15896.1 1211120040
