3757.43 -6673.58 1212497717
4027.78 -8184.98 1212497773
4007.39 -9744.06 1212497823
3034.13 -10904.8 1212497866
2557.25 -12330.7 1212497918
2800.12 -13879 1212497969
3094.4 -15391.3 1212498022
3951.55 -16189.1 1212498083
4389.43 -16068.8 1212498144
4393.86 -16056.5 1212498204
4393.86 -16056.5 1212498264
4393.86 -16057.6 1212498330
4392.97 -16058.7 1212498386
4393.86 -16058.7 1212498446
4393.86 -16059.9 1212498507
4393.86 -16059.9 1212498566
4393.86 -16059.9 1212498626
4393.86 -16059.9 1212498688
4393.86 -16059.9 1212498748
4394.74 -16061 1212498809
4393.86 -16059.9 1212498839
4393.86 -16061 1212498909
4396.52 -16062.1 1212498960
4396.52 -16062.1 1212499012
4397.4 -16062.1 1212499077
4398.29 -16062.1 1212499144
4397.4 -16059.9 1212499197
4396.52 -16057.6 1212499257
4397.4 -16058.7 1212499276
4396.52 -16058.7 1212499344
4395.63 -16057.6 1212499410
4395.63 -16056.5 1212499468
4395.63 -16056.5 1212499517
4394.74 -16055.4 1212499577
4392.97 -16049.8 1212499637
4392.97 -16049.8 1212499697
4392.97 -16048.7 1212499757
4392.97 -16050.9 1212499817
4393.86 -16052.1 1212499877
4394.74 -16055.4 1212499937
4395.63 -16056.5 1212499998
4394.74 -16056.5 1212500058
4392.97 -16057.6 1212500131
4392.97 -16056.5 1212500179
4392.97 -16056.5 1212500241
4392.97 -16056.5 1212500317
4392.97 -16057.6 1212500368
4392.08 -16056.5 1212500424
4394.74 -16050.9 1212500488
4393.86 -16050.9 1212500548
4393.86 -16050.9 1212500606
4393.86 -16055.4 1212500672
4393.86 -16056.5 1212500732
4394.74 -16055.4 1212500787
4393.86 -16056.5 1212500852
4392.97 -16058.7 1212500912
4393.86 -16052.1 1212500967
4393.86 -16052.1 1212501027
4392.97 -16052.1 1212501087
4392.97 -16057.6 1212501148
4392.97 -16052.1 1212501208
4392.08 -16047.6 1212501268
4392.08 -16049.8 1212501328
4392.08 -16052.1 1212501389
4391.2 -16056.5 1212501449
4387.65 -16053.2 1212501510
4390.31 -16054.3 1212501570
4391.2 -16048.7 1212501640
4390.31 -16055.4 1212501693
4392.08 -16066.5 1212501759
4387.65 -16062.1 1212501823
4392.08 -16061 1212501872
4390.31 -16057.6 1212501932
4392.08 -16059.9 1212501992
4392.97 -16059.9 1212502059
4392.97 -16059.9 1212502113
4392.97 -16059.9 1212502173
4392.97 -16059.9 1212502233
4393.86 -16061 1212502298
4393.86 -16059.9 1212502353
4393.86 -16059.9 1212502414
4394.74 -16061 1212502474
4392.97 -16059.9 1212502540
4393.86 -16058.7 1212502595
4393.86 -16058.7 1212502656
4392.08 -16058.7 1212502716
4392.08 -16058.7 1212502777
4392.97 -16058.7 1212502840
