2787.71 -3194.62 1212670245
3201.66 -4614.06 1212670309
3669.67 -6119.14 1212670344
3845.18 -7097.47 1212670368
4100.46 -8593.18 1212670415
3796.43 -10083 1212670463
2747.82 -11207 1212670513
2582.95 -12680.7 1212670568
2847.1 -14189.9 1212670615
3175.06 -15735.6 1212670670
4030.44 -16170.2 1212670730
4398.29 -16061 1212670791
4398.29 -16059.9 1212670851
4398.29 -16059.9 1212670912
4398.29 -16059.9 1212670972
4398.29 -16059.9 1212671033
4398.29 -16059.9 1212671105
4398.29 -16059.9 1212671155
4398.29 -16058.7 1212671219
4397.4 -16057.6 1212671286
4398.29 -16057.6 1212671338
4398.29 -16054.3 1212671393
4398.29 -16054.3 1212671458
4399.18 -16055.4 1212671515
4399.18 -16055.4 1212671574
4397.4 -16050.9 1212671634
4397.4 -16050.9 1212671695
4397.4 -16055.4 1212671759
4398.29 -16055.4 1212671822
4398.29 -16055.4 1212671877
4399.18 -16057.6 1212671943
4399.18 -16058.7 1212671998
4399.18 -16058.7 1212672059
4398.29 -16058.7 1212672119
4397.4 -16058.7 1212672185
4397.4 -16058.7 1212672244
4398.29 -16056.5 1212672313
4398.29 -16058.7 1212672362
4399.18 -16053.2 1212672432
4399.18 -16052.1 1212672482
4400.06 -16053.2 1212672542
4400.06 -16054.3 1212672602
4400.95 -16040.9 1212672662
4400.95 -16040.9 1212672722
4400.06 -16055.4 1212672782
4400.06 -16055.4 1212672842
4400.95 -16050.9 1212672891
4399.18 -16055.4 1212672951
4398.29 -16048.7 1212673011
4397.4 -16054.3 1212673071
4397.4 -16056.5 1212673141
4397.4 -16056.5 1212673195
4397.4 -16055.4 1212673258
4399.18 -16056.5 1212673311
4399.18 -16057.6 1212673372
4399.18 -16058.7 1212673431
4399.18 -16061 1212673492
4399.18 -16063.2 1212673552
4398.29 -16061 1212673613
4395.63 -16055.4 1212673672
4395.63 -16055.4 1212673722
4396.52 -16056.5 1212673782
4397.4 -16057.6 1212673843
4398.29 -16058.7 1212673903
4398.29 -16058.7 1212673963
4397.4 -16057.6 1212674024
4398.29 -16058.7 1212674085
4398.29 -16058.7 1212674152
4398.29 -16057.6 1212674210
4399.18 -16058.7 1212674265
4399.18 -16058.7 1212674325
4398.29 -16058.7 1212674369
4399.18 -16055.4 1212674434
4398.29 -16055.4 1212674482
4397.4 -16054.3 1212674563
4397.4 -16054.3 1212674609
4397.4 -16053.2 1212674663
4396.52 -16053.2 1212674722
4397.4 -16053.2 1212674787
4397.4 -16054.3 1212674842
4397.4 -16054.3 1212674908
4399.18 -16057.6 1212674964
4399.18 -16056.5 1212675029
4398.29 -16055.4 1212675092
4400.06 -16053.2 1212675143
4399.18 -16048.7 1212675208
4399.18 -16052.1 1212675274
4398.29 -16055.4 1212675323
4397.4 -16055.4 1212675384
4396.52 -16056.5 1212675443
4395.63 -16055.4 1212675506
4392.97 -16054.3 1212675565
4393.86 -16048.7 1212675624
4411.59 -16016.4 1212675684
