4268.88 -15969.6 1211211998
3659.92 -16247 1211212058
3041.22 -15001.2 1211212122
2731.87 -13541.3 1211212172
2559.02 -12053.1 1211212235
3324.87 -10689.6 1211212281
4158.96 -9417.33 1211212334
4102.23 -8470.5 1211212366
3836.32 -6988.16 1211212418
3565.96 -5482.11 1211212476
3098.83 -4153.21 1211212531
2731.87 -2837.49 1211212591
3626.24 -1676.72 1211212651
3852.27 -253.428 1211212713
3521.65 853.003 1211212784
3422.37 963.543 1211212837
3363.87 1180.16 1211212892
3353.23 1369.98 1211212957
3470.23 1587.73 1211213012
3592.56 1687.11 1211213073
3784.02 1878.06 1211213133
3885.07 1977.45 1211213195
3683.86 2211.96 1211213255
3456.94 2436.43 1211213315
3417.05 2800.51 1211213380
3612.06 3041.74 1211213441
3667.9 3087.53 1211213495
3546.46 3312.03 1211213555
3393.12 3468.39 1211213616
3368.3 3513.07 1211213665
3329.3 3577.85 1211213667
3333.73 3575.62 1211213678
3271.68 3506.37 1211213760
3236.23 3461.69 1211213833
3482.64 3118.81 1211213950
3451.62 2860.81 1211214006
3446.3 2555.93 1211214060
3215.84 2304.65 1211214120
3355 2140.49 1211214181
3557.99 1936.13 1211214241
3596.1 1734.01 1211214283
3372.73 1024.95 1211214349
3831 -416.421 1211214407
3455.17 -1896.61 1211214458
2814.3 -3240.38 1211214511
3105.04 -4227.98 1211214581
3233.57 -4762.46 1211214632
3735.27 -6527.45 1211214756
4112.87 -9515.46 1211214857
2980.94 -15024.6 1211215079
