4162.51 -16089.9 1211470069
3183.93 -15501.6 1211470119
2890.53 -13983.7 1211470181
2593.59 -12503.5 1211470250
2767.32 -11204.7 1211470294
3800.86 -10107.6 1211470354
4133.26 -8628.87 1211470414
3869.11 -7151.01 1211470470
3598.76 -5646.11 1211470544
3156.45 -4355.18 1211470596
2697.3 -2923.43 1211470651
3536.71 -1797.27 1211470725
3862.02 -475.589 1211470785
3822.13 284.697 1211470846
3709.56 652.026 1211470891
3587.24 786.01 1211470952
3417.94 966.893 1211471013
3363.87 1157.83 1211471082
3349.68 1363.28 1211471112
3523.42 1616.76 1211471173
3760.97 1851.26 1211471233
3879.75 1980.8 1211471294
3699.81 2197.45 1211471354
3446.3 2462.12 1211471415
3145.81 2758.07 1211471486
2970.31 2931.17 1211471550
2865.71 3172.42 1211471601
2855.08 3318.73 1211471667
2906.49 3451.64 1211471719
3084.65 3441.59 1211471790
3089.08 3386.86 1211471822
3088.2 3396.91 1211471824
3097.06 3417.01 1211471860
3128.09 3438.24 1211471920
3138.72 3418.13 1211471981
3064.27 3440.47 1211472016
3096.18 3243.9 1211472076
3300.05 3009.35 1211472184
3699.81 2586.08 1211472252
3688.29 2253.28 1211472298
3490.62 2065.67 1211472363
3488.85 2051.15 1211472418
3607.63 1887 1211472493
3345.25 1185.74 1211472549
3826.56 -229.983 1211472598
3805.29 -819.425 1211472665
