7960.71 -19310.6 1211297906
9277.89 -19416.4 1211297957
9882.41 -20062.4 1211298027
10652.7 -20952.2 1211298090
11299.8 -21700.5 1211298135
11687.1 -22147 1211298200
11805.9 -22290.6 1211298255
12067.4 -22653.6 1211298316
12436.1 -23145.7 1211298376
13134.6 -24078.6 1211298497
13901.3 -25156 1211298561
14785.1 -26224.5 1211298617
15883.3 -27514.2 1211298747
16133.3 -27068 1211298802
16217.5 -26611.8 1211298857
16217.5 -26608.4 1211298923
16044.6 -26478.2 1211298957
16044.6 -26478.2 1211298963
16045.5 -26478.2 1211298970
16049.9 -26483.8 1211299036
16190 -26608.4 1211299097
16134.2 -27035.7 1211299152
15393.1 -26842.1 1211299213
14382.6 -25720.3 1211299275
13475.9 -24531.6 1211299319
12561.1 -23292.6 1211299372
12135.6 -22723.7 1211299433
11797.9 -22266.1 1211299492
11516 -21937.7 1211299564
11084.4 -21437.7 1211299621
10433.7 -20686 1211299673
10117.3 -20319.7 1211299733
9576.61 -19691.5 1211299794
9042.11 -19334 1211299859
8239.04 -19306.1 1211299915
6831.44 -19126.8 1211299994
5700.4 -18212.3 1211300041
4556.95 -17268.7 1211300079
3599.65 -16309.4 1211300141
