3670.56 -16625.9 1212279517
4691.69 -17421.4 1212279577
5142.86 -17795.7 1212279632
5586.94 -18155.5 1212279692
6341.27 -18772.6 1212279752
7738.22 -19302.8 1212279808
9180.39 -19375.2 1212279855
10228.1 -20467.8 1212279907
11203.1 -21595.8 1212279955
12136.5 -22756 1212280006
13028.2 -23951.7 1212280048
13905.8 -25146 1212280092
14865.7 -26287.9 1212280138
15901.9 -27436.3 1212280185
16932.8 -28582.3 1212280227
18102.8 -29462.3 1212280273
19435.1 -30090.8 1212280315
20882.6 -30462.3 1212280364
22337.1 -30740.4 1212280400
23598.5 -31535.6 1212280443
24509.7 -32205.1 1212280487
26935.8 -33992 1212280583
34554.3 -39792.6 1212280878
37964.3 -40732.5 1212280993
37873 -41246.9 1212281019
