4209.49 -16058.7 1212784962
3323.09 -15989.7 1212785022
2950.81 -14491.9 1212785082
2624.61 -12970.6 1212785130
2644.11 -11463.4 1212785185
3613.83 -10336.2 1212785249
4088.94 -9597.98 1212785262
4034.87 -8106.91 1212785309
3774.27 -6654.62 1212785355
3447.19 -5181.98 1212785422
3008.42 -3840.76 1212785464
2826.71 -2657.81 1212785524
3748.56 -1460.17 1212785566
3845.18 46.8905 1212785626
3386.03 1471.6 1212785680
3386.03 1471.6 1212785698
3680.31 1771.98 1212785740
3869.11 1979.68 1212785805
3641.31 2270.03 1212785878
3183.04 2721.21 1212785921
3053.63 2847.41 1212785981
2876.35 3078.6 1212786043
2679.57 3143.38 1212786103
2582.95 3284.1 1212786162
2527.11 3240.54 1212786190
2507.61 3223.79 1212786207
2513.81 3229.38 1212786268
2529.77 3208.16 1212786299
2573.2 2984.78 1212786359
2649.43 2855.23 1212786422
2858.62 2646.39 1212786479
2988.04 2521.31 1212786539
3092.63 2118.16 1212786594
2664.5 1094.18 1212786649
2595.36 51.3563 1212786705
2786.82 -1382.03 1212786756
2879.01 -3543.92 1212786845
3308.02 -4983.38 1212786897
3714.88 -6433.74 1212786941
3987.89 -7958.57 1212786999
4132.37 -9447.43 1212787049
