4331.81 -16170.2 1212721814
3618.26 -16280.5 1212721935
4036.64 -16169 1212722025
4036.64 -16169 1212722077
3268.14 -15738.9 1212722114
2959.67 -14251.2 1212722178
2607.77 -12779.9 1212722209
2719.46 -11279.4 1212722262
3733.49 -10184.5 1212722306
4136.8 -8694.67 1212722341
3870.88 -7214.6 1212722390
3604.97 -5732.02 1212722448
3133.4 -4303.85 1212722481
2612.2 -2863.16 1212722535
2807.21 -1332.92 1212722578
2647.66 190.913 1212722628
2684 1623.46 1212722693
2645 2041.1 1212722748
2727.44 2404.04 1212722808
2723.89 2417.45 1212722818
2724.78 2416.33 1212722877
2553.7 2205.26 1212722939
2905.6 1798.78 1212723008
3331.96 1194.68 1212723058
3491.51 840.721 1212723072
3809.72 176.399 1212723101
3767.18 -1346.31 1212723148
3168.86 -2295.08 1212723181
2967.65 -2535.04 1212723196
3034.13 -4018.19 1212723252
3809.72 -6952.46 1212723335
3939.14 -7718.77 1212723359
4177.58 -9219.94 1212723403
3455.17 -10521.3 1212723444
2541.29 -11716.5 1212723501
2621.07 -13257 1212723551
2913.58 -14763.9 1212723584
3330.18 -16210.3 1212723642
4212.15 -16125.6 1212723696
4272.42 -16139 1212723826
