3291.18 -16056.5 1212944450
2952.58 -14603.4 1212944488
2629.05 -13080.9 1212944534
4197.08 -9078.31 1212944672
3926.73 -7512.42 1212944719
3668.79 -6048.86 1212944764
3214.95 -4617.4 1212944814
2766.44 -3171.19 1212944860
2731.87 -1637.65 1212944918
2703.5 -184.21 1212944979
2504.95 1040.59 1212945039
2251.44 1376.68 1212945099
2247.01 1374.45 1212945109
2175.21 1280.65 1212945169
2708.82 474.5 1212945230
2876.35 -1012.55 1212945290
2625.5 -1849.73 1212945319
2445.56 -2460.26 1212945342
2979.17 -3870.89 1212945397
3497.71 -5291.32 1212945443
3776.93 -6765.05 1212945490
4041.96 -8245.21 1212945538
3029.7 -10923.8 1212945641
2563.45 -12376.4 1212945693
2793.92 -13852.2 1212945725
3081.11 -15353.4 1212945778
3815.93 -16235.9 1212945843
