4182.9 -9327 1211494537
3980.8 -7800.19 1211494593
3712.22 -6303.22 1211494659
3265.48 -4845.03 1211494705
2874.58 -3393.27 1211494767
3269.02 -2099.75 1211494822
3922.3 -724.536 1211494898
3796.43 481.199 1211494941
3649.29 729.067 1211495001
3479.1 906.598 1211495062
3394 1146.66 1211495124
3339.05 1351 1211495183
3160 1533.01 1211495243
3107.7 1620.11 1211495297
2871.92 1847.91 1211495365
2688.43 2027.7 1211495416
2418.08 2314.7 1211495481
2223.08 2571.56 1211495535
2146.85 2968.03 1211495595
2081.25 3209.27 1211495655
2061.75 3543.23 1211495720
2002.37 3868.26 1211495776
1950.07 4210.05 1211495838
1888.91 4558.57 1211495897
1857.88 4758.53 1211495933
1858.77 4757.41 1211495980
1874.72 4642.35 1211495995
1938.54 4268.14 1211496055
1995.27 3911.82 1211496115
2050.23 3515.3 1211496175
1994.39 3508.6 1211496196
2335.65 3555.51 1211496251
2503.18 3583.43 1211496279
2600.68 3595.72 1211496340
2827.6 3626.99 1211496401
2869.26 3624.76 1211496410
2957.9 3552.16 1211496475
2600.68 3495.2 1211496531
2382.63 3462.81 1211496591
1934.11 3361.17 1211496651
1981.98 3052.91 1211496712
2052.89 2644.15 1211496772
2123.8 2457.65 1211496833
2189.39 2465.47 1211496875
2345.4 2378.36 1211496961
2418.97 2297.95 1211496996
2248.78 2100.29 1211497067
2292.22 2215.31 1211497117
2314.38 2244.35 1211497187
2517.36 2208.61 1211497237
2650.32 2061.2 1211497297
3018.17 1691.58 1211497358
3324.87 1247.16 1211497418
3812.38 54.7057 1211497487
3802.63 -806.029 1211497539
3757.43 -1129.76 1211497604
3692.72 -943.336 1211497663
3675.88 -914.312 1211497724
3673.22 -904.265 1211497781
3578.37 -956.732 1211497894
3572.17 -975.709 1211497934
3581.03 -974.593 1211497994
3581.92 -974.593 1211498059
3578.37 -976.825 1211498084
3662.58 -939.987 1211498144
3693.61 -956.732 1211498205
3707.79 -955.615 1211498265
3704.24 -907.614 1211498339
3708.67 -962.313 1211498387
3706.02 -971.244 1211498440
