3872.66 -7288.22 1212757258
4130.6 -9454.13 1212757323
3275.23 -10719.7 1212757369
2543.07 -12065.4 1212757424
2712.37 -13595.9 1212757476
2990.69 -15050.3 1212757539
3385.14 -16300.5 1212757585
4249.37 -16107.8 1212757646
4407.15 -16044.3 1212757705
4407.15 -16045.4 1212757765
4407.15 -16046.5 1212757832
4407.15 -16048.7 1212757884
4406.27 -16047.6 1212757999
4408.04 -16046.5 1212758063
4405.38 -16045.4 1212758126
4399.18 -16044.3 1212758188
4400.06 -16045.4 1212758239
4400.06 -16044.3 1212758304
4399.18 -16039.8 1212758359
4398.29 -16038.7 1212758419
4397.4 -16038.7 1212758479
4398.29 -16038.7 1212758539
4396.52 -16037.6 1212758599
4394.74 -16035.3 1212758659
4396.52 -16034.2 1212758719
4408.04 -16039.8 1212758779
4409.81 -16042 1212758845
4409.81 -16043.1 1212758899
4410.7 -16045.4 1212758971
4407.15 -16040.9 1212759020
4406.27 -16042 1212759081
4410.7 -16048.7 1212759146
4405.38 -16046.5 1212759201
4406.27 -16046.5 1212759238
4405.38 -16044.3 1212759298
4405.38 -16042 1212759359
4405.38 -16039.8 1212759419
4405.38 -16039.8 1212759480
4405.38 -16040.9 1212759546
4406.27 -16042 1212759606
4406.27 -16043.1 1212759660
4406.27 -16046.5 1212759721
4406.27 -16044.3 1212759781
4405.38 -16044.3 1212759841
4405.38 -16046.5 1212759911
4407.15 -16046.5 1212759976
4407.15 -16046.5 1212760026
4407.15 -16047.6 1212760085
4407.15 -16047.6 1212760118
4407.15 -16047.6 1212760168
4406.27 -16046.5 1212760229
4403.61 -16043.1 1212760289
4403.61 -16042 1212760351
4408.93 -16045.4 1212760409
4410.7 -16047.6 1212760460
4410.7 -16047.6 1212760525
4410.7 -16046.5 1212760584
4409.81 -16045.4 1212760644
4406.27 -16040.9 1212760700
4407.15 -16042 1212760760
4407.15 -16044.3 1212760823
4407.15 -16043.1 1212760881
4407.15 -16043.1 1212760941
4408.93 -16047.6 1212761007
4407.15 -16046.5 1212761062
4407.15 -16044.3 1212761122
4410.7 -16049.8 1212761182
4409.81 -16049.8 1212761242
4409.81 -16048.7 1212761303
4408.93 -16046.5 1212761363
4409.81 -16048.7 1212761424
4409.81 -16047.6 1212761477
4408.93 -16047.6 1212761541
4408.04 -16054.3 1212761601
4408.93 -16055.4 1212761666
4408.93 -16048.7 1212761724
4416.9 -16025.3 1212761778
