4479.84 -16150.1 1211576345
4213.92 -16079.9 1211576396
3752.11 -16298.3 1211576456
4044.62 -16170.2 1211576519
4043.73 -16172.4 1211576573
4039.3 -16172.4 1211576591
3627.13 -16183.5 1211576665
3129.86 -15218.5 1211576718
2898.51 -13895.7 1211576778
2600.68 -12538.1 1211576850
2871.03 -11079.9 1211576896
3893.04 -9977.11 1211576948
4098.69 -8424.78 1211577009
3831 -6932.38 1211577065
3612.06 -5713.05 1211577109
3143.15 -4306.09 1211577171
2720.34 -2974.77 1211577230
3526.96 -1827.41 1211577290
3855.82 -405.257 1211577350
3479.1 911.064 1211577410
3377.16 1288.47 1211577476
3285.86 1410.18 1211577531
3175.95 1519.61 1211577592
3110.36 1615.65 1211577657
2974.74 1751.88 1211577713
2861.28 1857.96 1211577776
2689.32 2032.17 1211577831
2566.11 2160.59 1211577896
2304.63 2462.12 1211577960
2248.78 2580.5 1211577980
2169.89 2761.42 1211578041
2098.98 2944.58 1211578100
2011.23 3401.38 1211578161
1994.39 3841.45 1211578222
1788.74 3975.49 1211578283
1407.59 3925.22 1211578343
1200.18 3895.06 1211578408
989.216 3848.15 1211578465
837.643 3839.21 1211578510
829.665 3835.86 1211578548
402.423 3791.19 1211578608
13.2959 3708.53 1211578663
-359.876 3643.75 1211578727
-664.796 3586.79 1211578783
-666.569 3580.08 1211578791
-670.114 3592.37 1211578851
-611.612 3441.59 1211578886
-608.953 3097.59 1211578946
-606.294 3085.3 1211579009
-606.294 3085.3 1211579016
-440.538 3106.52 1211579076
109.027 3198.1 1211579141
434.333 3240.54 1211579196
1000.74 3343.3 1211579257
1119.52 3376.81 1211579293
1285.27 3408.08 1211579353
1462.55 3421.48 1211579417
1738.22 3465.04 1211579473
2085.69 3529.82 1211579538
2546.61 3593.49 1211579593
2698.18 3593.49 1211579658
2810.76 3668.32 1211579723
3260.16 3597.95 1211579833
3363.87 3657.15 1211579862
3380.71 3662.74 1211579878
3419.71 3680.61 1211579942
3452.51 3906.23 1211579991
3365.64 3841.45 1211580052
3380.71 3711.88 1211580067
3098.83 3672.79 1211580127
2974.74 3612.47 1211580190
2763.78 3534.29 1211580248
2683.12 3503.02 1211580309
2358.7 3451.64 1211580374
2100.75 3422.6 1211580429
1692.13 3348.88 1211580489
1649.58 3251.71 1211580552
2047.57 3299.74 1211580610
2508.5 3373.45 1211580672
2533.32 3365.64 1211580694
2794.8 3419.25 1211580751
2769.1 3500.78 1211580810
2550.16 3518.65 1211580871
2381.74 3566.68 1211580936
2184.96 3640.4 1211580991
1908.41 3596.84 1211581051
1734.67 3664.97 1211581107
1734.67 3666.09 1211581109
1604.37 3946.44 1211581192
1143.45 3882.78 1211581252
964.397 3855.97 1211581277
818.142 3938.62 1211581337
821.688 3936.39 1211581367
1055.7 3968.78 1211581423
2375.54 4187.71 1211581549
2660.07 4224.58 1211581605
3050.97 4287.13 1211581659
3398.44 4302.77 1211581723
3501.26 4151.97 1211581794
3827.45 3734.22 1211581856
4002.96 3457.22 1211581902
4103.12 3352.23 1211581964
3883.29 2712.28 1211582021
3768.06 2682.12 1211582088
3850.5 2780.4 1211582141
4071.21 3046.21 1211582202
4969.13 4100.59 1211582262
6054.07 5320.44 1211582324
6980.36 6094.67 1211582384
9565.08 6810.87 1211582484
11011.7 7133.8 1211582534
12246.4 6415.33 1211582591
11707.5 5018.81 1211582653
13169.2 4756.29 1211582693
14525.3 4145.27 1211582746
15652 3354.47 1211582866
15987 3271.82 1211582915
16806 2954.63 1211582965
17004.6 2821.73 1211583039
17539.1 2075.72 1211583210
17745.6 1778.68 1211583279
18018.6 1620.11 1211583326
18325.3 1485 1211583391
19087.6 905.481 1211583450
19929.7 -368.416 1211583503
20724.8 -1508.17 1211583563
20996 -1916.7 1211583583
21168 -2555.13 1211583643
21157.3 -2626.56 1211583703
20749.6 -3680.07 1211583764
20743.4 -3719.13 1211583826
20819.6 -4200.08 1211583885
19716.1 -5016.85 1211583945
19766.6 -5341.53 1211584008
19777.2 -5357.15 1211584014
19814.5 -5377.23 1211584075
20149.5 -5310.29 1211584134
20757.6 -4460.07 1211584194
20983.6 -3649.94 1211584254
20895.9 -3383.23 1211584314
21121.9 -2781.69 1211584374
21095.3 -2692.41 1211584435
21094.4 -2691.29 1211584495
21093.5 -2693.52 1211584557
21090 -2852 1211584617
21180.4 -2610.93 1211584679
21212.3 -2317.4 1211584739
20934.9 -1751.5 1211584800
20315.3 -880.822 1211584845
19452.8 355.035 1211584902
18441.4 1454.85 1211584958
17400.8 2516.84 1211585015
16131.5 3245.01 1211585071
14850.7 3993.36 1211585123
13553.9 4637.88 1211585176
12110.8 4727.25 1211585221
12164 6215.34 1211585281
11337.9 7236.6 1211585342
10044.6 6969.54 1211585402
9175.96 6789.64 1211585437
8073.28 6546.06 1211585497
7112.43 6163.94 1211585558
6418.38 5771.79 1211585618
6031.91 5315.97 1211585678
5759.79 4997.59 1211585743
5300.64 4455.8 1211585798
4838.83 3909.58 1211585859
4472.75 3473.98 1211585921
4313.2 3280.75 1211585952
3850.5 2806.09 1211586012
3417.94 2412.98 1211586072
3279.66 2261.1 1211586133
3170.63 2148.31 1211586194
3100.61 2105.87 1211586256
3264.59 1831.16 1211586318
3345.25 1077.43 1211586380
3823.02 -251.195 1211586437
3820.36 -1041.57 1211586501
3747.68 -1008.08 1211586558
3676.76 -906.498 1211586618
3651.95 -980.174 1211586678
3664.35 -967.895 1211586738
3594.33 -929.94 1211586804
3581.03 -961.197 1211586858
3564.19 -957.848 1211586925
3557.99 -983.523 1211586971
3567.74 -984.639 1211587031
3557.1 -984.639 1211587104
3579.26 -981.29 1211587163
3577.49 -976.825 1211587215
3579.26 -981.29 1211587271
3581.03 -981.29 1211587338
3581.92 -979.058 1211587391
3580.15 -999.151 1211587451
3634.22 -964.546 1211587501
