4219.24 -16059.9 1212529254
3384.25 -16150.1 1212529323
2973.85 -14697 1212529380
2582.95 -12388.7 1212529461
3030.58 -10938.3 1212529519
3980.8 -9827.69 1212529570
4079.19 -8340.01 1212529624
3817.7 -6878.84 1212529676
3547.35 -5399.55 1212529740
3048.31 -3994.76 1212529794
2843.55 -2634.37 1212529854
3753.88 -1447.89 1212529910
3843.41 74.8017 1212529970
3349.68 1329.79 1212530030
3540.26 1639.1 1212530090
3659.04 1751.88 1212530150
3836.32 1936.13 1212530210
3697.15 2200.8 1212530270
3541.15 2360.49 1212530332
3277 2631.87 1212530392
3033.24 2869.75 1212530457
2852.42 3088.65 1212530517
2609.55 3105.4 1212530572
2475.7 3061.85 1212530602
2367.56 3035.04 1212530646
2367.56 3035.04 1212530686
2390.61 3151.2 1212530811
2816.08 3199.22 1212530871
2833.8 3270.7 1212530932
2789.48 3574.5 1212530996
2925.99 3557.75 1212531019
2938.4 3505.25 1212531123
2933.97 3468.39 1212531186
3056.29 3110.99 1212531250
2872.8 2804.97 1212531306
2888.76 2626.28 1212531372
3186.59 2322.52 1212531431
3335.5 2168.41 1212531489
3634.22 1919.38 1212531547
3634.22 1919.38 1212531570
3634.22 1919.38 1212531571
3667.01 1831.16 1212531618
3854.04 1957.35 1212531678
3778.7 2121.51 1212531738
3605.85 2294.6 1212531798
3362.09 2539.17 1212531858
3031.47 2868.63 1212531923
2863.05 3038.39 1212531978
2824.94 3384.62 1212532039
2823.17 3660.5 1212532099
2937.51 3532.06 1212532161
2871.92 3297.51 1212532225
2760.23 3288.57 1212532259
2322.35 3226.03 1212532307
2034.28 3200.34 1212532373
1470.53 3084.18 1212532429
1288.82 3068.55 1212532448
1212.59 3270.7 1212532541
1219.68 3293.04 1212532600
1224.11 3294.16 1212532657
1200.18 3280.75 1212532722
1164.72 3475.09 1212532775
905.009 3423.72 1212532835
741.026 3323.19 1212532895
776.482 3108.75 1212532955
828.779 3107.64 1212533015
827.006 3108.75 1212533037
938.692 3028.34 1212533098
714.434 2787.1 1212533158
269.464 2718.98 1212533219
-300.488 2646.39 1212533292
-302.261 2651.97 1212533339
-306.692 2656.44 1212533366
-312.011 2657.55 1212533369
-358.99 2745.78 1212533411
-375.831 2887.62 1212533455
-249.077 2926.71 1212533466
-376.718 3012.7 1212533536
-541.587 2907.72 1212533592
-513.222 2734.61 1212533650
-517.654 2734.61 1212533730
-514.995 2732.38 1212533825
-511.45 2720.1 1212533848
-507.018 2694.41 1212533856
-307.579 2708.93 1212533916
-302.261 2708.93 1212533976
-302.261 2708.93 1212533989
-317.329 2600.6 1212534051
-885.508 2509.02 1212534114
-1757.72 2389.53 1212534175
-3210.52 2295.72 1212534357
-3518.99 2282.32 1212534420
-4096.03 2247.7 1212534473
-4709.41 2214.2 1212534541
-4923.92 2239.88 1212534575
-4923.92 2239.88 1212534578
-5155.27 2191.86 1212534660
-5278.48 1785.38 1212534724
-5443.35 1750.76 1212534779
-5476.14 2128.21 1212534830
-4806.92 2190.74 1212534892
-4119.07 2232.06 1212534951
-3647.51 2265.57 1212535014
-3350.57 2276.73 1212535076
-2964.1 2301.3 1212535126
-2559.02 2321.4 1212535191
-2095.44 2344.86 1212535252
-1825.97 2363.84 1212535343
-1296.8 2444.25 1212535409
-514.995 2546.99 1212535459
-219.826 2614 1212535519
330.625 2708.93 1212535579
629.34 2758.07 1212535640
1121.29 2720.1 1212535700
1216.13 2727.91 1212535760
1626.53 2794.92 1212535821
1847.25 3017.17 1212535881
1825.09 3265.12 1212535930
1825.09 3265.12 1212535931
1991.73 2916.66 1212535993
2051.12 2555.93 1212536052
2309.06 2356.02 1212536112
2607.77 2081.31 1212536172
2917.12 1777.56 1212536232
3181.27 1488.35 1212536292
3805.29 187.564 1212536352
3806.18 -810.494 1212536412
3765.4 -1138.69 1212536483
3660.81 -934.405 1212536533
3660.81 -934.405 1212536609
3578.37 -951.15 1212536677
3578.37 -952.266 1212536733
3576.6 -961.197 1212536792
3575.72 -965.662 1212536854
3572.17 -962.313 1212536898
3557.99 -960.081 1212536959
3565.08 -974.593 1212537027
