3636.88 -917.661 1211414572
3636.88 -917.661 1211414592
3675.88 -917.661 1211414684
3653.72 -979.058 1211414737
3587.24 -998.035 1211414794
3577.49 -1125.29 1211414854
3724.63 -1148.73 1211414914
3821.25 -1135.34 1211414974
3798.2 -592.807 1211415035
3754.77 -7.81506 1211415098
3721.08 423.141 1211415157
3617.38 659.842 1211415218
3229.13 1089.72 1211415278
2902.94 1426.93 1211415341
2676.02 1654.73 1211415404
2249.67 2073.49 1211415459
2091.89 2258.87 1211415520
1914.61 2552.58 1211415585
1786.97 2721.21 1211415628
1782.54 2718.98 1211415684
1782.54 2720.1 1211415741
1783.43 2718.98 1211415769
1785.2 2715.63 1211415828
1785.2 2717.86 1211415934
1778.11 2726.8 1211415978
1768.36 2606.18 1211416043
1882.7 2708.93 1211416099
1965.14 2855.23 1211416159
2134.44 3095.35 1211416220
2524.45 3159.01 1211416281
2655.64 3152.31 1211416323
2655.64 3152.31 1211416342
2679.57 3262.88 1211416383
2637.91 3538.76 1211416444
2517.36 3602.42 1211416504
2293.99 3557.75 1211416565
2251.44 3558.86 1211416632
2208.89 3584.55 1211416686
2210.67 3603.54 1211416707
2209.78 3606.89 1211416709
2200.92 3563.33 1211416772
2215.1 3478.44 1211416830
2249.67 3243.9 1211416890
2293.1 3117.69 1211416955
2296.65 3134.44 1211416958
2160.14 2999.3 1211417018
2249.67 3068.55 1211417078
2366.67 3160.13 1211417138
2631.71 3204.8 1211417198
2827.6 3236.08 1211417274
2844.44 3526.47 1211417320
2727.44 3883.89 1211417385
2731.87 3892.83 1211417421
2728.32 3891.71 1211417432
2727.44 3890.6 1211417434
2734.53 3890.6 1211417495
2719.46 4019.05 1211417559
2593.59 4205.59 1211417615
2443.79 4325.11 1211417680
2168.12 4722.78 1211417745
2101.64 5099.24 1211417800
2080.37 5196.44 1211417856
2075.05 5296.98 1211417919
2054.66 5360.66 1211417955
2054.66 5358.42 1211417960
2053.78 5358.42 1211418006
2053.78 5358.42 1211418017
1983.75 5406.46 1211418068
1666.42 5355.07 1211418128
1342.89 5303.68 1211418187
1371.25 5194.2 1211418248
1372.14 5194.2 1211418263
1512.19 5130.52 1211418320
1864.09 4824.43 1211418394
2211.55 4517.24 1211418451
2378.2 4306.12 1211418500
2391.49 4217.87 1211418560
2412.77 4068.2 1211418621
2434.04 3964.32 1211418681
2439.36 3935.27 1211418741
2441.13 3801.24 1211418807
2533.32 3343.3 1211418861
2548.38 3204.8 1211418921
2551.93 2935.64 1211418982
2759.35 2717.86 1211419042
2908.26 2584.96 1211419102
2826.71 2478.87 1211419163
2607.77 2261.1 1211419223
2223.08 2094.71 1211419285
2227.51 2094.71 1211419339
2227.51 2094.71 1211419341
2229.28 2093.59 1211419407
2200.92 2102.52 1211419461
2567 2494.5 1211419531
2754.03 2721.21 1211419582
2985.38 2903.25 1211419642
2977.4 2927.82 1211419704
2857.74 2984.78 1211419764
2832.03 3296.39 1211419828
2817.85 3298.62 1211419833
2421.63 3245.01 1211419893
2441.13 3250.6 1211419995
1978.43 3169.06 1211420060
1981.09 3110.99 1211420081
2217.76 3115.46 1211420141
2263.85 3096.47 1211420173
2263.85 3096.47 1211420193
2428.72 3201.45 1211420229
2394.15 3260.65 1211420294
2027.18 3185.82 1211420349
1719.61 3131.09 1211420409
1504.21 3188.05 1211420475
1457.23 3508.6 1211420535
1396.96 3887.24 1211420592
1274.64 3901.76 1211420650
1012.26 3857.09 1211420715
993.648 3853.74 1211420726
1096.47 3973.25 1211420795
1273.75 3730.87 1211420845
1298.57 3585.67 1211420905
1303 3575.62 1211420932
1236.52 3486.26 1211420993
1009.6 3508.6 1211421052
944.896 3910.7 1211421113
672.773 4236.86 1211421224
631.999 4229.04 1211421234
428.129 4189.95 1211421286
698.479 4233.51 1211421347
1006.06 4283.78 1211421412
1186 4279.31 1211421468
1228.54 4025.75 1211421528
1227.66 4025.75 1211421545
1264 3823.58 1211421605
1289.7 3609.12 1211421666
1295.91 3583.43 1211421727
1318.07 3429.3 1211421792
1355.3 3242.78 1211421853
1379.23 3112.1 1211421905
1378.34 3112.1 1211421907
1561.83 3007.12 1211421977
2012.12 3075.25 1211422027
2199.14 3113.22 1211422054
2301.08 3040.63 1211422114
2166.35 2992.6 1211422174
2166.35 2992.6 1211422193
2286.9 3113.22 1211422241
2687.55 3304.21 1211422305
2568.77 3301.97 1211422363
2510.27 3275.17 1211422388
2417.2 3183.58 1211422448
2562.57 3133.33 1211422512
2660.96 2858.58 1211422567
2851.53 2651.97 1211422623
3090.86 2435.31 1211422687
2771.76 1824.46 1211422743
2700.84 655.375 1211422803
2884.33 -603.971 1211422863
2528 -1999.3 1211422923
2846.21 -3462.46 1211422981
3228.25 -4932.06 1211423052
2996.9 -5321.45 1211423102
2725.66 -5254.51 1211423162
2473.93 -5126.2 1211423224
2473.04 -5125.08 1211423283
2473.04 -5125.08 1211423344
2473.04 -5125.08 1211423403
2471.27 -5123.97 1211423443
2731.87 -5237.77 1211423495
2896.74 -5316.99 1211423565
3256.61 -5036.94 1211423615
3479.1 -4432.18 1211423685
3612.06 -4066.18 1211423740
3851.38 -3672.26 1211423800
3851.38 -3671.14 1211423821
3851.38 -3671.14 1211423886
3852.27 -3671.14 1211423945
3852.27 -3672.26 1211424003
3852.27 -3672.26 1211424063
3848.72 -3671.14 1211424128
3849.61 -3670.03 1211424184
3852.27 -3671.14 1211424245
3854.04 -3672.26 1211424305
3852.27 -3671.14 1211424366
3852.27 -3670.03 1211424441
3853.16 -3672.26 1211424500
3853.16 -3672.26 1211424548
3854.04 -3672.26 1211424608
3854.04 -3672.26 1211424669
3853.16 -3674.49 1211424728
3853.16 -3674.49 1211424789
3853.16 -3673.37 1211424854
3853.16 -3673.37 1211424909
3854.04 -3673.37 1211424971
3854.04 -3673.37 1211425029
3857.59 -3672.26 1211425092
3849.61 -3668.91 1211425150
3851.38 -3672.26 1211425219
3851.38 -3672.26 1211425271
3852.27 -3673.37 1211425332
3845.18 -3672.26 1211425401
3852.27 -3672.26 1211425455
3853.16 -3666.68 1211425513
3853.16 -3675.61 1211425573
3853.16 -3673.37 1211425643
3846.95 -3672.26 1211425697
3855.82 -3673.37 1211425757
3854.93 -3674.49 1211425818
3855.82 -3675.61 1211425873
3850.5 -3673.37 1211425939
3852.27 -3671.14 1211425993
3855.82 -3670.03 1211426057
3853.16 -3668.91 1211426114
3848.72 -3671.14 1211426183
3848.72 -3672.26 1211426239
3851.38 -3673.37 1211426295
3852.27 -3673.37 1211426354
3852.27 -3672.26 1211426424
3849.61 -3671.14 1211426486
3852.27 -3670.03 1211426534
3852.27 -3668.91 1211426598
3852.27 -3674.49 1211426654
3852.27 -3672.26 1211426714
3853.16 -3671.14 1211426774
3679.42 -3825.14 1211426835
3380.71 -4472.35 1211426895
3281.43 -4809.32 1211426955
2863.05 -3370.95 1211427017
3345.25 -2058.45 1211427072
3804.4 -1217.94 1211427137
4223.67 -1117.48 1211427192
4225.44 -1922.28 1211427262
4096.03 -2397.76 1211427312
3854.93 -2838.61 1211427372
3434.78 -2647.76 1211427433
3521.65 -2705.8 1211427493
3489.73 -2681.25 1211427553
3210.52 -2487.05 1211427621
2661.84 -2432.36 1211427674
2457.09 -2503.79 1211427715
1720.49 -3099.76 1211427771
263.259 -3128.78 1211427831
-1005.17 -3931.15 1211427889
-1120.4 -4405.4 1211427904
-1689.47 -5353.8 1211427961
-2050.23 -5439.71 1211428021
-2766.44 -5321.45 1211428098
-3493.28 -5151.86 1211428158
-4370.81 -4783.66 1211428214
-4314.97 -3848.57 1211428274
-4494.91 -3411.12 1211428325
-5134.88 -3195.74 1211428388
-5129.56 -2570.75 1211428446
-5195.16 -2414.5 1211428506
-5749.15 -2447.98 1211428577
-6002.66 -2292.84 1211428697
-6001.78 -2291.73 1211428762
-5995.57 -2291.73 1211428807
-5999.12 -2292.84 1211428998
-5998.23 -2291.73 1211429049
-5998.23 -2290.61 1211429109
-5999.12 -2291.73 1211429169
-6000 -2291.73 1211429239
-5999.12 -2292.84 1211429290
-5997.34 -2291.73 1211429419
-5999.12 -2292.84 1211429474
-5999.12 -2292.84 1211429530
-5999.12 -2291.73 1211429604
-5999.12 -2259.36 1211429663
-5565.67 -2230.34 1211429726
-5158.82 -3050.66 1211429831
-4762.6 -3333.01 1211429900
-4345.11 -3904.37 1211429967
-2923.33 -5327.03 1211430133
-2266.51 -5524.51 1211430193
-1795.84 -5542.36 1211430253
-1118.63 -4663.15 1211430314
-312.897 -3366.49 1211430373
425.469 -3125.43 1211430403
1903.98 -3118.73 1211430460
3252.18 -2181.23 1211430515
3858.47 -1148.73 1211430578
4285.72 -1528.26 1211430637
3994.98 -2176.77 1211430697
3881.52 -2336.37 1211430735
3906.34 -2670.08 1211430795
3938.25 -2982.58 1211430865
3811.5 -3427.86 1211430914
3763.63 -3597.49 1211430975
3859.36 -3678.95 1211431035
3857.59 -3680.07 1211431107
3857.59 -3681.19 1211431140
3856.7 -3682.3 1211431142
3738.81 -3663.33 1211431207
3470.23 -4405.4 1211431263
3490.62 -5314.75 1211431322
3774.27 -6777.33 1211431373
4042.85 -8277.56 1211431420
3989.66 -9769.71 1211431467
3036.79 -10897 1211431533
2616.64 -13223.6 1211431622
2899.4 -14654.7 1211431671
3287.64 -16100 1211431725
4197.08 -15981.9 1211431791
