4398.29 -16037.6 1211561621
4395.63 -16033.1 1211561738
4396.52 -16034.2 1211561798
4392.08 -16044.3 1211561858
4393.86 -16044.3 1211561928
4392.08 -16048.7 1211561978
4392.97 -16049.8 1211562038
4392.97 -16049.8 1211562103
4395.63 -16050.9 1211562163
4394.74 -16052.1 1211562232
4396.52 -16044.3 1211562281
4392.08 -16044.3 1211562339
4401.83 -16042 1211562400
4400.95 -16043.1 1211562460
4394.74 -16046.5 1211562520
4395.63 -16045.4 1211562580
4395.63 -16045.4 1211562641
4403.61 -16044.3 1211562706
4404.49 -16044.3 1211562761
4402.72 -16045.4 1211562821
4403.61 -16043.1 1211562881
4403.61 -16046.5 1211562941
4379.67 -16047.6 1211563001
4401.83 -16040.9 1211563062
4382.33 -16052.1 1211563123
4384.11 -16050.9 1211563183
4400.95 -16044.3 1211563244
4401.83 -16040.9 1211563308
4401.83 -16042 1211563364
4382.33 -16054.3 1211563424
4384.11 -16056.5 1211563492
4379.67 -16056.5 1211563551
4397.4 -16038.7 1211563616
4383.22 -16040.9 1211563670
4400.06 -16043.1 1211563720
4401.83 -16042 1211563785
4416.02 -16026.4 1211563839
