4170.49 -16066.5 1211593816
3251.29 -15770.1 1211593875
2920.67 -14222.2 1211593927
2608.66 -12769.9 1211593962
3766.29 -10148.8 1211594056
4143.01 -8662.33 1211594111
3877.98 -7166.63 1211594154
3605.85 -5698.55 1211594206
3136.95 -4278.19 1211594259
2718.57 -2846.42 1211594298
3578.37 -1582.96 1211594351
3854.04 -119.458 1211594407
3372.73 1299.64 1211594457
3052.74 1667.01 1211594517
2698.18 2018.77 1211594583
2496.97 2219.78 1211594647
2418.08 2290.14 1211594697
2234.6 2454.3 1211594774
2183.19 2879.8 1211594827
2176.1 2959.1 1211594854
2134.44 2961.33 1211594915
2134.44 2963.56 1211594958
2124.69 3047.33 1211594992
2379.97 3124.39 1211595063
2547.5 3166.83 1211595119
2139.76 3214.86 1211595293
2065.3 3491.85 1211595354
2460.63 3575.62 1211595414
2511.16 3488.5 1211595461
1895.11 3382.39 1211595527
1373.91 3116.57 1211595643
1134.58 3037.28 1211595708
469.789 2937.88 1211595764
121.436 2879.8 1211595828
-86.8667 2942.34 1211595894
0 2963.56 1211595928
204.757 2927.82 1211595974
354.558 2808.32 1211596034
355.444 2810.56 1211596045
1038.85 2930.06 1211596109
1188.65 2921.12 1211596163
1446.6 2971.38 1211596222
2099.87 3097.59 1211596282
2636.14 3148.96 1211596344
2836.46 3241.66 1211596404
2805.44 3468.39 1211596466
2753.14 3787.83 1211596525
2739.85 3826.93 1211596556
2740.73 3880.54 1211596558
2754.91 4030.22 1211596637
3013.74 3910.7 1211596679
3156.45 3784.48 1211596741
3183.93 3869.37 1211596779
2991.58 3946.44 1211596839
2958.78 4197.77 1211596870
2687.55 4235.75 1211596929
2200.92 4155.32 1211596989
1131.93 3984.42 1211597058
1069.88 3975.49 1211597109
906.782 4140.8 1211597171
464.471 4520.59 1211597235
-48.7517 4523.94 1211597290
-203.871 4831.14 1211597351
-351.012 4926.09 1211597405
-416.605 4970.78 1211597413
-432.56 4605.49 1211597467
-310.238 4492.66 1211597532
-156.892 4525.06 1211597601
-42.5469 4497.13 1211597653
327.08 4479.26 1211597728
699.365 4497.13 1211597774
769.39 4015.7 1211597834
839.416 3632.58 1211597897
968.829 2810.56 1211597949
1094.7 2034.4 1211598019
1073.42 1737.36 1211598080
1012.26 1669.25 1211598138
1117.74 1248.27 1211598196
1573.35 1071.85 1211598230
2692.87 695.571 1211598273
2455.31 -2219.18 1211598381
3732.61 -6543.06 1211598521
4001.18 -8062.3 1211598552
2728.32 -13647.1 1211598753
2938.4 -14370.5 1211598806
3249.52 -14245.6 1211598932
3242.43 -14247.9 1211599055
3242.43 -14247.9 1211599108
3096.18 -15073.7 1211599174
