3677.65 -1555.05 1211288806
2754.03 -2751.56 1211288867
3107.7 -4239.14 1211288916
3583.69 -5655.04 1211288966
3843.41 -7128.71 1211289012
3982.57 -7903.92 1211289037
4150.1 -9409.52 1211289086
3339.05 -10662.9 1211289134
2532.43 -11904.9 1211289184
2651.21 -13385.2 1211289232
2934.85 -14855.3 1211289291
3378.05 -16291.6 1211289341
4208.6 -16125.6 1211289400
4392.97 -16035.3 1211289460
4406.27 -16038.7 1211289532
4408.04 -16038.7 1211289580
4405.38 -16037.6 1211289640
4405.38 -16038.7 1211289700
4404.49 -16040.9 1211289769
4402.72 -16039.8 1211289820
4402.72 -16038.7 1211289891
4403.61 -16039.8 1211289949
4402.72 -16040.9 1211290002
4407.15 -16038.7 1211290063
4405.38 -16039.8 1211290123
4406.27 -16040.9 1211290183
4407.15 -16039.8 1211290243
4404.49 -16038.7 1211290304
4405.38 -16039.8 1211290364
4405.38 -16040.9 1211290425
4403.61 -16040.9 1211290490
4405.38 -16043.1 1211290555
4405.38 -16043.1 1211290615
4403.61 -16040.9 1211290682
4402.72 -16042 1211290728
4402.72 -16042 1211290786
4405.38 -16043.1 1211290846
4405.38 -16042 1211290909
4405.38 -16040.9 1211290968
4404.49 -16040.9 1211291029
4400.95 -16039.8 1211291089
4400.95 -16038.7 1211291150
4400.95 -16038.7 1211291210
4401.83 -16037.6 1211291276
4400.95 -16037.6 1211291333
4401.83 -16037.6 1211291393
4402.72 -16037.6 1211291454
4403.61 -16038.7 1211291514
4402.72 -16035.3 1211291580
4403.61 -16039.8 1211291696
4403.61 -16039.8 1211291710
4403.61 -16043.1 1211291756
4403.61 -16043.1 1211291770
4405.38 -16042 1211291881
4405.38 -16042 1211291941
4404.49 -16042 1211291999
4404.49 -16042 1211292045
4405.38 -16042 1211292105
4404.49 -16042 1211292170
4405.38 -16042 1211292225
4405.38 -16040.9 1211292291
