3017.29 -14922.1 1212431814
2588.27 -11608.3 1212431876
4202.4 -9147.45 1212431964
3956.86 -7670.8 1212432012
3956.86 -7670.8 1212432025
3692.72 -6208.39 1212432070
3244.2 -4776.96 1212432118
2852.42 -3336.35 1212432162
3865.57 -500.149 1212432291
3421.48 964.659 1212432340
3543.8 1648.03 1212432395
3739.7 2159.48 1212432459
3272.57 2622.93 1212432524
3120.11 2746.9 1212432578
2933.97 2972.5 1212432636
2933.97 2972.5 1212432638
2933.97 2972.5 1212432650
2933.97 2972.5 1212432660
2855.08 3207.04 1212432816
2829.37 3469.51 1212432876
2891.42 3432.65 1212432954
2930.42 3611.36 1212432977
2945.49 3313.14 1212433039
3082.88 3277.4 1212433102
3165.31 3131.09 1212433158
3074.9 3007.12 1212433218
2895.85 3257.3 1212433278
2880.78 3524.24 1212433338
2760.23 3847.03 1212433403
2482.79 4292.71 1212433461
2474.81 4290.48 1212433485
2348.95 4485.96 1212433541
2306.4 4494.9 1212433567
2441.13 4317.29 1212433622
2590.93 4188.83 1212433684
2756.69 4055.91 1212433742
3029.7 3888.36 1212433802
3117.45 3885.01 1212433867
3128.97 3873.84 1212433890
3209.63 3670.56 1212433946
3491.51 3202.57 1212434006
3674.99 2991.48 1212434075
3703.36 2822.84 1212434126
3495.05 2636.34 1212434186
3212.29 2318.05 1212434246
2575.86 1353.23 1212434306
2635.25 -118.342 1212434366
2719.46 -1638.77 1212434422
2743.39 -3167.84 1212434480
3195.45 -4625.21 1212434536
3651.95 -6087.91 1212434578
3917.86 -7571.53 1212434625
4186.44 -9071.62 1212434674
3537.6 -10418.7 1212434722
2578.52 -11592.7 1212434773
2609.55 -13105.4 1212434830
2892.31 -14555.5 1212434882
3261.93 -16014.2 1212434948
4226.33 -16170.2 1212434999
4408.93 -15859.3 1212435059
4394.74 -15852.6 1212435082
4385.88 -15848.1 1212435108
4386.77 -15843.7 1212435176
4277.74 -15908.3 1212435206
3893.93 -16200.2 1212435267
