36646.2 -42093.3 1212281809
36647.1 -42093.3 1212281824
36647.1 -42093.3 1212281843
36767.6 -41606.8 1212281920
38169 -41106.9 1212281960
38274.5 -40818.1 1212281999
37943.9 -40707 1212282001
35028.5 -39906 1212282107
33576.6 -39478.2 1212282150
32189.4 -39011.5 1212282192
30915.7 -38210.4 1212282237
29824.5 -37180.2 1212282283
28868.1 -36047.6 1212282337
27888.6 -34875.9 1212282377
26801 -33879.7 1212282418
26016.6 -33113.7 1212282544
26017.4 -33112.5 1212282599
26020.1 -33108.1 1212282675
26020.1 -33108.1 1212282724
26022.8 -33105.9 1212282790
26022.8 -33105.9 1212282839
26021.9 -33105.9 1212282904
26023.7 -33107 1212282966
26023.7 -33110.3 1212282993
26024.5 -33110.3 1212283023
26024.5 -33113.7 1212283074
26021.9 -33118.1 1212283139
26023.7 -33112.5 1212283204
26020.1 -33113.7 1212283259
26024.5 -33108.1 1212283315
26022.8 -33109.2 1212283378
26021.9 -33109.2 1212283496
26005 -33137 1212283556
24971.5 -32516.5 1212283622
23767.8 -31635.7 1212283676
22539.2 -30807.1 1212283719
21053.6 -30477.9 1212283789
20358.7 -30365.6 1212283797
18983.9 -29817.2 1212283849
17629.5 -29247.6 1212283901
16575.6 -28155.1 1212283942
15562.4 -27033.5 1212283993
14564.3 -25922.9 1212284050
13635.4 -24745.3 1212284100
12750.8 -23556.5 1212284136
11855.5 -22344.1 1212284181
10873.4 -21199.4 1212284238
9901.91 -20075.8 1212284286
8659.19 -19321.7 1212284325
7151.43 -19252.7 1212284378
5920.23 -18393.9 1212284418
4782.98 -17453.7 1212284465
3643.08 -16497.7 1212284527
4247.6 -16112.2 1212284578
4395.63 -16018.6 1212284639
4394.74 -16018.6 1212284699
4395.63 -16019.7 1212284760
4395.63 -16019.7 1212284820
4394.74 -16019.7 1212284880
4394.74 -16019.7 1212284964
