3077.56 -15041.4 1211508587
-619.59 -13340.6 1211508785
-3153.79 -9188.71 1211508935
-3255.73 -4853.95 1211509116
-3489.73 -4248.06 1211509163
-3472.89 -3131.01 1211509350
-3568.62 -1305.01 1211509531
-3623.58 -336.041 1211509596
-3649.29 83.7333 1211509666
-3682.08 535.908 1211509706
-4324.72 1985.27 1211509889
-4948.74 2619.58 1211510020
-5054.22 2614 1211510047
-5053.33 2611.77 1211510119
-5054.22 2615.12 1211510184
-5082.59 2611.77 1211510244
-5109.18 2608.42 1211510299
-4850.35 2616.23 1211510376
-4780.33 2621.82 1211510397
-4386.77 2645.27 1211510457
-4105.78 2659.79 1211510507
-4063.23 2262.22 1211510581
-3745.02 2249.93 1211510645
-3478.21 2265.57 1211510696
-3245.98 2276.73 1211510756
-2743.39 2308 1211510818
-2205.35 2337.04 1211510872
-1885.36 2356.02 1211510943
-1457.23 2409.63 1211510998
-930.714 2476.63 1211511049
-907.668 2597.25 1211511087
-630.226 2509.02 1211511150
-630.226 2514.61 1211511282
-631.999 2501.2 1211511343
-342.148 2478.87 1211511466
-190.575 2668.72 1211511526
72.6843 2765.88 1211511586
326.193 2806.09 1211511661
363.422 2813.91 1211511669
671.887 2840.71 1211511738
764.958 2253.28 1211511857
796.869 2066.79 1211511899
532.723 2003.14 1211511964
550.451 1694.93 1211512019
431.674 1652.5 1211512080
388.241 1763.05 1211512140
386.468 1760.81 1211512218
225.144 1912.68 1211512262
513.222 1985.27 1211512322
831.438 2023.24 1211512382
880.19 2036.64 1211512504
1114.2 1969.63 1211512567
1241.84 1980.8 1211512623
1381 2010.95 1211512693
1567.15 1958.47 1211512743
1950.07 1490.58 1211512803
2449.99 991.457 1211512883
2631.71 1100.88 1211512924
2988.92 887.617 1211512990
3350.57 552.656 1211513078
3656.38 435.422 1211513138
3823.91 -380.697 1211513202
3497.71 -1838.57 1211513259
3130.75 -2353.11 1211513268
2933.08 -3686.77 1211513331
3386.91 -5119.5 1211513382
4006.5 -8048.91 1211513473
4171.37 -8954.52 1211513509
2637.02 -11455.6 1211513601
2866.6 -14334.8 1211513694
3031.47 -15178.4 1211513726
3298.27 -16120 1211513780
