3660.81 -16310.6 1211316469
4030.44 -16154.6 1211316673
4517.07 -17284.3 1211316781
8219.54 -19330.7 1211316951
9562.42 -19710.5 1211317022
9705.13 -20199.4 1211317072
9178.61 -20931 1211317202
8907.38 -21188.3 1211317261
8675.14 -21319.7 1211317325
8200.03 -21632.6 1211317378
7923.48 -21549.1 1211317419
7827.75 -21331.9 1211317493
7823.32 -21333 1211317580
9152.91 -21738.4 1211317771
9349.69 -21553.5 1211317826
8973.86 -21261.8 1211317897
9682.97 -21936.6 1211317952
10171.4 -22583.5 1211318068
11154.4 -23264.8 1211318184
10637.6 -20923.2 1211318371
9664.36 -19794 1211318410
8282.47 -19303.9 1211318469
5668.49 -18185.6 1211318570
