4156.3 -16097.7 1212204402
3829.22 -16736.2 1212204447
5027.63 -17689.8 1212204502
6170.19 -18631.1 1212204558
7481.17 -19306.1 1212204617
8973.86 -19347.4 1212204664
10106.7 -20327.5 1212204719
11061.3 -21434.4 1212204766
12026.6 -22605.7 1212204811
12921.9 -23814.7 1212204861
13810 -25035.8 1212204916
14480.1 -26260.1 1212204962
14227.5 -26644 1212205022
14044 -26838.8 1212205082
14044 -26838.8 1212205097
13613.2 -27140.3 1212205142
13392.5 -27711.2 1212205207
13042.4 -28170.7 1212205262
13475.9 -28490 1212205332
13469.6 -28513.4 1212205382
13351.8 -28286.4 1212205442
13076.1 -28016 1212205502
13428 -27663.3 1212205562
13498 -27298.3 1212205628
13974.9 -27043.5 1212205688
14113.2 -26775.3 1212205743
14447.3 -26348 1212205803
14459.8 -25802.7 1212205867
13835.7 -25022.5 1212205906
12792.4 -23611 1212205951
11891 -22387.5 1212205993
10918.6 -21248.4 1212206041
9941.8 -20114.7 1212206094
8693.76 -19318.4 1212206138
7235.64 -19264.9 1212206197
5984.05 -18439.6 1212206232
4842.37 -17501.6 1212206288
3703.36 -16550.1 1212206336
4016.25 -16172.4 1212206387
4212.15 -16117.8 1212206389
4212.15 -16117.8 1212206418
4400.95 -16029.8 1212206450
4402.72 -16032 1212206583
4405.38 -16032 1212206636
4406.27 -16029.8 1212206706
4403.61 -16030.9 1212206758
4403.61 -16030.9 1212206814
4401.83 -16030.9 1212206874
4401.83 -16029.8 1212206955
4402.72 -16029.8 1212206995
4401.83 -16029.8 1212207055
