-3249.52 -4871.8 1211864899
-3467.58 -3270.51 1211865025
-3587.24 -1005.85 1211865257
-3613.83 -506.847 1211865327
-3627.13 -206.538 1211865389
-3686.51 645.327 1211865438
-3197.22 1611.18 1211865573
-3247.75 2430.85 1211865627
-2842.67 2720.1 1211865762
-1973.11 2859.7 1211865892
-1356.18 2957.98 1211865951
-747.231 3070.78 1211866002
-362.535 3118.81 1211866063
166.642 3170.18 1211866123
237.554 2811.67 1211866183
592.111 2841.83 1211866243
941.351 2907.72 1211866323
1362.39 2963.56 1211866363
1677.94 3029.46 1211866424
1711.63 2637.45 1211866487
1833.95 2089.12 1211866546
1559.17 1962.93 1211866611
1438.62 1941.72 1211866666
1261.34 2009.84 1211866726
865.121 2048.92 1211866791
841.188 2038.87 1211866848
536.269 1993.08 1211866908
382.922 1767.51 1211866969
380.263 1753 1211867029
381.15 1757.46 1211867104
294.283 1498.4 1211867150
508.79 1447.03 1211867215
857.143 1493.93 1211867271
930.714 1189.09 1211867340
975.92 1087.48 1211867391
1155.86 869.752 1211867465
1400.5 1046.17 1211867512
1589.31 1060.69 1211867572
2706.16 503.529 1211867633
2881.67 -998.035 1211867693
2442.9 -2427.89 1211867766
2962.33 -3825.14 1211867805
3456.94 -5237.77 1211867854
3760.97 -6698.12 1211867912
4027.78 -8187.22 1211867955
4030.44 -9698.34 1211868005
3048.31 -15236.4 1211868208
