3724.63 -943.336 1211568825
3724.63 -943.336 1211568839
3627.13 -985.756 1211568889
3628.9 -979.058 1211569065
3570.4 -1148.73 1211569130
3013.74 -1194.5 1211569185
2424.29 -1311.71 1211569256
1810.02 -1321.76 1211569310
1547.64 -1097.39 1211569361
1528.14 -839.519 1211569420
1474.07 -436.516 1211569481
1477.62 -189.792 1211569540
1449.25 177.516 1211569599
1429.75 485.665 1211569659
1392.53 1051.75 1211569721
1398.73 1093.07 1211569785
1482.05 1358.82 1211569846
1687.7 1615.65 1211569910
1938.54 1869.13 1211569965
2385.29 2302.42 1211570026
2652.09 2573.79 1211570081
3027.04 2964.68 1211570142
3027.92 2990.37 1211570209
2923.33 3043.98 1211570274
2808.98 3406.96 1211570323
2755.8 3539.87 1211570399
2768.21 3687.31 1211570450
2903.83 3956.5 1211570522
3179.5 3866.02 1211570567
3136.95 3807.94 1211570617
3137.84 3807.94 1211570628
3235.34 3575.62 1211570679
3267.25 3547.69 1211570743
3345.25 3525.35 1211570798
3336.39 3313.14 1211570863
3377.16 3363.4 1211570918
3342.59 3535.41 1211570978
3310.68 3546.58 1211571044
3300.05 3564.45 1211571108
3486.19 3727.52 1211571158
3328.41 3615.83 1211571218
3242.43 3717.47 1211571277
3136.95 3687.31 1211571339
2794.8 3448.29 1211571398
2764.66 3587.9 1211571457
2305.51 3557.75 1211571518
1926.14 3477.33 1211571580
1963.36 3079.72 1211571645
2129.12 2856.35 1211571700
2183.19 2892.09 1211571761
2208.89 2890.97 1211571782
2197.37 2780.4 1211571842
2034.28 2754.72 1211571900
1758.61 2720.1 1211571962
1493.57 2663.14 1211572031
1324.27 2648.62 1211572085
1321.61 2651.97 1211572148
1320.73 2644.15 1211572203
1321.61 2640.8 1211572264
1323.39 2644.15 1211572325
1323.39 2658.67 1211572386
1326.05 2664.26 1211572452
1322.5 2648.62 1211572510
1318.95 2651.97 1211572568
1315.41 2658.67 1211572628
1318.07 2657.55 1211572694
1298.57 2688.82 1211572749
1700.1 2803.86 1211572810
2254.99 2882.03 1211572870
2406.56 2906.6 1211572934
2707.05 2930.06 1211573002
2831.14 3011.59 1211573054
3277 3395.79 1211573176
3304.48 3488.5 1211573231
3302.71 3480.68 1211573292
3280.55 3542.11 1211573352
3295.61 3488.5 1211573417
3309.8 3443.82 1211573477
3346.14 3350 1211573535
3337.28 3381.27 1211573596
3335.5 3384.62 1211573655
3334.62 3402.49 1211573710
3505.69 3518.65 1211573771
3443.64 3983.3 1211573846
3318.66 4121.81 1211573890
3191.02 4315.05 1211573960
2766.44 4226.81 1211574010
2722.12 4239.1 1211574075
2617.52 4216.76 1211574136
2416.31 4176.54 1211574190
1507.76 4038.04 1211574251
1247.16 4004.53 1211574317
654.159 3917.4 1211574446
500.813 4092.77 1211574504
501.699 4096.12 1211574511
500.813 4095 1211574591
501.699 4093.89 1211574651
563.747 4100.59 1211574721
561.088 4100.59 1211574771
561.088 4099.47 1211574840
559.315 4105.06 1211574896
558.428 4109.52 1211574960
558.428 4107.29 1211575011
560.201 4103.94 1211575071
558.428 4103.94 1211575100
559.315 4100.59 1211575176
560.201 4099.47 1211575222
559.315 4100.59 1211575287
559.315 4099.47 1211575353
560.201 4099.47 1211575400
560.201 4099.47 1211575470
560.201 4099.47 1211575522
559.315 4099.47 1211575588
559.315 4101.7 1211575641
560.201 4099.47 1211575706
561.974 4101.7 1211575778
560.201 4100.59 1211575835
561.974 4100.59 1211575883
563.747 4105.06 1211576004
561.974 4097.24 1211576062
568.179 4101.7 1211576132
568.179 4098.35 1211576183
566.406 4102.82 1211576243
565.52 4101.7 1211576303
565.52 4099.47 1211576374
560.201 4098.35 1211576412
559.315 4103.94 1211576469
561.088 4103.94 1211576529
563.747 4099.47 1211576588
564.633 4103.94 1211576644
563.747 4097.24 1211576709
563.747 4102.82 1211576765
561.974 4101.7 1211576825
561.088 4109.52 1211576890
561.974 4101.7 1211576945
563.747 4102.82 1211577066
564.633 4102.82 1211577132
561.974 4108.41 1211577186
564.633 4097.24 1211577251
568.179 4109.52 1211577309
565.52 4100.59 1211577368
564.633 4095 1211577428
564.633 4096.12 1211577494
565.52 4102.82 1211577552
578.816 4108.41 1211577559
722.411 4131.86 1211577620
906.782 4160.91 1211577679
1202.84 4236.86 1211577750
1201.06 4236.86 1211577807
1202.84 4236.86 1211577854
1202.84 4236.86 1211577920
1204.61 4241.33 1211577979
1192.2 4303.88 1211577993
1066.33 4186.6 1211578053
1140.79 3672.79 1211578113
1180.68 3539.87 1211578178
1179.79 3465.04 1211578234
1083.17 3386.86 1211578295
780.914 3234.96 1211578359
772.936 2987.02 1211578421
716.207 2350.44 1211578535
788.005 2098.06 1211578608
832.324 1862.43 1211578658
862.462 1645.8 1211578719
875.758 1543.06 1211578782
966.17 1172.34 1211578837
975.92 1123.21 1211578874
1037.08 387.413 1211578999
1049.49 211.01 1211579035
1073.42 -131.739 1211579089
1090.27 -385.162 1211579144
1118.63 -682.115 1211579204
1134.58 -877.473 1211579270
1327.82 -937.754 1211579324
1349.98 -1039.34 1211579389
1350.87 -1040.45 1211579449
1341.11 -929.94 1211579510
1320.73 -658.672 1211579564
1289.7 -360.602 1211579625
1258.68 127.275 1211579690
1205.5 816.157 1211579745
1440.39 918.88 1211579810
1753.29 937.862 1211579866
1844.59 1210.31 1211579927
2120.26 1491.7 1211579987
2307.28 1687.11 1211580048
2310.83 1680.41 1211580120
2397.7 1774.21 1211580169
2648.55 2027.7 1211580243
2913.58 1796.55 1211580289
3273.45 1392.32 1211580349
3807.95 83.7333 1211580416
3815.93 -954.499 1211580475
3712.22 -975.709 1211580546
3652.83 -982.407 1211580602
3657.26 -984.639 1211580650
3658.15 -983.523 1211580772
3659.04 -984.639 1211580846
3655.49 -975.709 1211580909
3659.92 -977.942 1211580957
3659.04 -980.174 1211581029
3656.38 -982.407 1211581074
3656.38 -982.407 1211581133
3658.15 -985.756 1211581193
3660.81 -986.872 1211581262
3658.15 -984.639 1211581313
3657.26 -983.523 1211581379
3659.04 -982.407 1211581449
3659.04 -981.29 1211581496
3659.04 -983.523 1211581549
3661.7 -986.872 1211581605
3657.26 -983.523 1211581682
3656.38 -986.872 1211581731
3658.15 -979.058 1211581787
3658.15 -980.174 1211581858
3659.92 -989.105 1211581973
3658.15 -981.29 1211582088
3656.38 -979.058 1211582171
3659.04 -979.058 1211582208
3661.7 -973.476 1211582284
3656.38 -983.523 1211582329
3658.15 -980.174 1211582396
3657.26 -992.453 1211582449
3659.92 -991.337 1211582515
3658.15 -985.756 1211582571
3657.26 -985.756 1211582631
3659.04 -986.872 1211582698
3656.38 -987.988 1211582753
3656.38 -987.988 1211582819
3657.26 -990.221 1211582871
3655.49 -989.105 1211582899
3656.38 -987.988 1211582901
3578.37 -1080.64 1211582966
3617.38 -1155.43 1211583021
3643.08 -1156.55 1211583081
3643.08 -1156.55 1211583136
3838.97 -1019.24 1211583197
3417.05 -1945.72 1211583257
2817.85 -3249.31 1211583321
3218.5 -4699.97 1211583367
3659.92 -6125.84 1211583422
3924.07 -7590.5 1211583473
4185.55 -9061.58 1211583524
2760.23 -13737.4 1211583700
3040.33 -15214.1 1211583753
4202.4 -16134.5 1211583885
