4202.4 -16047.6 1211226305
3730.83 -16306.1 1211226365
4040.19 -16178 1211226412
4040.19 -16180.2 1211226476
3981.68 -16076.6 1211226527
3299.16 -15834.8 1211226589
2987.15 -14447.4 1211226651
2636.14 -13008.5 1211226710
2748.71 -11799 1211226775
2988.92 -11718.7 1211226825
3045.65 -11671.9 1211226932
3062.49 -11636.2 1211226998
2554.59 -11770 1211227106
2534.2 -11771.1 1211227108
2380.86 -11986.2 1211227168
2603.34 -13092.1 1211227293
2895.85 -14606.7 1211227343
3269.02 -16042 1211227397
4210.37 -16115.6 1211227452
4413.36 -16018.6 1211227512
4259.13 -16137.9 1211227618
4516.18 -16112.2 1211227674
3611.17 -16244.8 1211227735
3923.18 -16239.2 1211227790
4029.55 -16184.6 1211227850
4030.44 -16183.5 1211227914
4029.55 -16173.5 1211227970
4025.12 -16160.1 1211228031
4024.23 -16160.1 1211228091
4024.23 -16161.2 1211228152
4018.91 -16147.9 1211228212
4019.8 -16149 1211228224
3417.05 -16139 1211228284
3009.31 -14719.3 1211228341
2660.96 -13276 1211228401
3433.01 -10596 1211228510
3993.21 -9495.39 1211228571
3650.17 -8795.04 1211228631
3347.03 -8353.4 1211228691
3023.49 -8297.63 1211228751
2880.78 -8405.82 1211228811
2945.49 -8410.28 1211228842
3213.18 -8207.29 1211228898
2662.73 -7292.68 1211228959
2451.77 -6425.93 1211229019
2443.79 -6613.34 1211229080
2432.27 -6603.3 1211229145
2720.34 -7490.11 1211229200
2772.64 -7629.53 1211229270
2770.87 -8048.91 1211229331
2251.44 -8024.38 1211229357
1869.41 -8035.53 1211229418
1870.29 -8151.53 1211229478
1871.18 -8153.76 1211229491
1868.52 -8160.45 1211229574
1837.5 -8131.45 1211229635
2180.53 -8033.3 1211229699
3080.22 -8166.02 1211229760
3472.89 -8508.42 1211229815
3970.16 -9657.08 1211229876
3438.32 -10487.8 1211229936
2551.04 -11681.9 1211229995
2612.2 -13176.8 1211230046
2863.94 -14655.8 1211230107
3279.66 -16085.5 1211230151
4176.69 -16128.9 1211230211
4166.94 -16103.3 1211230243
