4351.31 -16188 1211404990
3509.24 -16259.3 1211405134
3002.22 -14847.5 1211405189
2679.57 -13401.9 1211405242
2548.38 -11909.3 1211405292
4157.19 -9421.79 1211405400
4194.42 -8963.44 1211405460
4091.6 -8421.43 1211405520
3826.56 -6944.65 1211405573
3559.76 -5460.91 1211405622
3016.4 -3903.25 1211405678
2463.29 -2490.4 1211405731
2824.05 -1261.48 1211405790
2912.69 -800.447 1211405853
2863.94 -372.882 1211405911
2622.84 137.323 1211405971
2694.64 844.071 1211406036
2694.64 844.071 1211406071
2402.13 1206.96 1211406096
2133.55 1527.43 1211406156
1871.18 1787.61 1211406223
1528.14 1941.72 1211406302
1184.22 1893.7 1211406377
1029.1 1750.76 1211406475
1029.1 1750.76 1211406530
385.582 1634.63 1211406565
-1533.46 1318.62 1211406703
-1533.46 1318.62 1211406775
-2138.87 711.202 1211406798
-2913.58 578.335 1211406858
-1818.88 869.752 1211407087
-1549.42 1256.09 1211407166
-912.1 1333.14 1211407270
-981.239 1931.67 1211407284
-1038.85 2319.17 1211407381
254.395 3007.12 1211407680
787.118 3094.23 1211407726
862.462 3100.94 1211407755
862.462 3100.94 1211407837
949.328 2953.51 1211407841
959.965 2897.67 1211407849
1015.81 2578.26 1211407882
1093.81 2051.15 1211407942
1093.81 2051.15 1211407967
1125.72 1881.41 1211408018
1174.47 1597.78 1211408050
1061.9 1429.17 1211408110
1530.8 1084.13 1211408170
2381.74 979.175 1211408243
2691.09 681.056 1211408325
2835.58 -351.67 1211408385
2890.53 -1207.9 1211408445
3700.7 -1146.5 1211408505
3748.56 -1029.29 1211408569
3612.94 -915.428 1211408626
3593.44 -954.499 1211408686
3592.56 -954.499 1211408747
3596.1 -972.36 1211408810
3594.33 -977.942 1211408868
3593.44 -980.174 1211408902
3596.1 -983.523 1211408965
3628.01 -976.825 1211409022
3646.63 -931.057 1211409083
3647.51 -962.313 1211409144
3647.51 -962.313 1211409205
3648.4 -964.546 1211409265
3649.29 -964.546 1211409325
3649.29 -963.43 1211409386
3647.51 -962.313 1211409439
3647.51 -964.546 1211409499
3635.99 -964.546 1211409559
