3722.86 -994.686 1211158992
3739.7 -985.756 1211159052
3575.72 -1121.94 1211159118
3004.88 -1192.27 1211159174
2309.94 -1311.71 1211159235
1583.99 -1336.27 1211159295
1426.21 -1570.68 1211159357
1240.07 -1927.86 1211159421
1076.08 -2168.95 1211159497
1096.47 -2005.99 1211159557
1197.52 -1649.93 1211159620
1141.68 -1271.52 1211159680
878.417 -1287.15 1211159777
745.458 -1063.9 1211159838
677.205 -246.729 1211159923
650.614 101.597 1211159983
615.158 491.248 1211160052
285.419 465.568 1211160103
143.596 452.17 1211160163
14.1823 788.243 1211160230
-141.823 1385.62 1211160286
-159.551 1531.9 1211160348
-211.848 1827.81 1211160413
-451.175 1837.86 1211160464
-929.828 1759.7 1211160532
-1331.36 1694.93 1211160587
-2238.15 2295.72 1211160765
-2240.81 2335.92 1211160800
-2239.92 2337.04 1211160801
-2239.92 2340.39 1211160825
-388.241 2578.26 1211160945
39.0014 2666.49 1211161008
734.821 2777.05 1211161076
1122.18 2724.56 1211161127
1262.23 2748.02 1211161187
1513.08 2395.11 1211161247
1583.1 1845.68 1211161307
1802.04 1612.3 1211161367
1802.04 1612.3 1211161375
1991.73 1451.5 1211161438
2291.33 1669.25 1211161494
2572.32 1950.65 1211161554
3031.47 1673.71 1211161614
3331.07 1138.85 1211161674
3831.88 -303.666 1211161730
3511.01 -1815.13 1211161777
3165.31 -4585.04 1211161887
2735.41 -5618.22 1211161941
1961.59 -5966.31 1211162121
1961.59 -5965.19 1211162241
1977.55 -5964.07 1211162283
1977.55 -5964.07 1211162296
1351.75 -5764.37 1211162351
202.984 -5252.27 1211162525
134.732 -3867.55 1211162773
420.151 -3466.92 1211162832
1005.17 -2671.2 1211162888
1074.31 -2271.64 1211162946
1277.29 -1873.17 1211163006
1492.69 -1452.36 1211163083
1544.99 -1066.13 1211163141
1510.42 -551.502 1211163201
1671.74 -513.545 1211163266
1864.97 -495.684 1211163325
1822.43 353.919 1211163391
1777.22 983.641 1211163444
1828.63 1176.81 1211163496
2226.62 1608.95 1211163554
2748.71 2125.97 1211163614
3304.48 2198.56 1211163681
3592.56 2149.43 1211163743
3924.07 2472.17 1211163803
4002.96 2684.36 1211163840
4010.93 2687.71 1211163845
4253.81 3090.88 1211163965
4024.23 3489.61 1211164029
3719.31 3907.35 1211164088
3475.55 4240.21 1211164143
3280.55 4512.77 1211164206
3267.25 4529.53 1211164263
3265.48 4535.11 1211164323
3522.53 4132.98 1211164383
3634.22 3947.56 1211164452
3507.46 3470.63 1211164563
3453.39 3430.42 1211164603
3307.14 3222.67 1211164660
2878.12 2791.57 1211164720
2829.37 2675.42 1211164781
3055.4 2449.83 1211164841
3080.22 2465.47 1211164862
3086.43 2822.84 1211164923
3181.27 3115.46 1211164982
3521.65 3466.16 1211165042
3521.65 3466.16 1211165066
3157.34 2778.17 1211165223
3066.04 2960.21 1211165288
3044.76 2715.63 1211165379
2464.18 2130.44 1211165440
1940.32 1708.33 1211165505
1548.53 1938.37 1211165562
1109.77 1758.58 1211165621
710.888 1694.93 1211165681
-6.20476 1582.15 1211165751
-871.326 1435.87 1211165805
-896.145 1346.54 1211165863
-1125.72 974.709 1211165922
-1558.28 842.954 1211165982
-1934.11 652.026 1211166043
-2288.67 568.287 1211166102
-2330.33 265.717 1211166169
-2330.33 265.717 1211166197
-2330.33 259.018 1211166233
-2691.98 222.174 1211166293
-2694.64 227.757 1211166295
-2788.6 27.911 1211166357
-2755.8 -588.342 1211166424
-2722.12 -1223.52 1211166478
-3088.2 -1875.4 1211166633
-3118.34 -1877.63 1211166637
-3524.3 -1899.96 1211166697
-3551.78 -1530.49 1211166757
-3580.15 -1011.43 1211166827
-3630.67 -36.8424 1211166877
-3650.17 156.303 1211166907
-3584.58 173.05 1211166933
-3634.22 389.646 1211166997
-3758.31 181.981 1211167112
-3736.15 99.3636 1211167262
-3759.2 372.899 1211167311
-3709.56 580.568 1211167368
-2979.17 631.928 1211167430
-2524.45 654.259 1211167470
-2044.03 777.078 1211167524
-175.506 1458.2 1211167703
527.405 1553.11 1211167763
1511.3 1085.25 1211167883
2612.2 1280.65 1211167944
3435.66 2388.41 1211168007
4454.13 3472.86 1211168061
5449.55 4623.36 1211168115
6086.87 5381.88 1211168179
9488.85 6814.23 1211168306
12324.4 6675.67 1211168420
11591.4 5351.72 1211168468
12936.9 4758.53 1211168524
17865.3 1689.35 1211168713
19935.9 -365.067 1211168810
20778.9 -1593 1211168861
21160 -2547.32 1211168927
20920.7 -3276.09 1211168984
20801.9 -4293.81 1211169104
19856.1 -4894.12 1211169163
19777.2 -5379.47 1211169224
19782.6 -5370.54 1211169264
19797.6 -5356.04 1211169311
19798.5 -5356.04 1211169313
19817.1 -5368.31 1211169374
19854.3 -5415.17 1211169434
20169 -4963.3 1211169495
20825 -4007.03 1211169556
21153.8 -3567.36 1211169617
21756.6 -3273.86 1211169677
21620 -2740.4 1211169738
20742.5 -1499.24 1211169789
19882.7 -263.475 1211169838
19059.3 997.04 1211169885
17772.2 1768.63 1211169937
16844.2 2936.76 1211169989
15474.7 3472.86 1211170037
14211.6 4308.35 1211170086
12819 4767.46 1211170131
11700.4 5747.21 1211170189
11750.9 7130.45 1211170249
10807.8 7261.18 1211170309
10190.9 7031 1211170369
8717.69 6709.19 1211170427
7295.91 6243.27 1211170483
6092.19 5381.88 1211170536
5135.77 4264.79 1211170584
4182.9 3141.14 1211170633
3659.04 3154.55 1211170693
3251.29 2906.6 1211170753
2804.55 2444.25 1211170814
2118.48 1785.38 1211170875
2023.64 1726.2 1211170935
2027.18 1729.55 1211170996
2023.64 1727.31 1211171056
2023.64 1729.55 1211171117
2020.98 1726.2 1211171181
2010.34 1671.48 1211171239
1795.84 1455.96 1211171300
2065.3 1192.44 1211171360
2184.08 1573.21 1211171426
2755.8 2144.96 1211171484
3297.39 2188.51 1211171599
3315.12 2189.63 1211171625
3404.64 2484.45 1211171683
3145.81 2749.13 1211171743
2863.05 3069.66 1211171804
2593.59 2813.91 1211171864
2474.81 2705.58 1211171896
2473.93 2704.46 1211171898
2426.06 2654.2 1211171922
2055.55 2261.1 1211171986
1748.86 1964.05 1211172043
1444.82 1673.71 1211172102
1237.41 1461.55 1211172162
981.239 1218.12 1211172223
679.865 911.064 1211172286
460.039 697.804 1211172344
278.328 511.345 1211172406
4.43197 261.251 1211172465
-326.193 87.0826 1211172525
-325.307 65.8701 1211172560
-148.028 65.8701 1211172573
-254.395 -119.458 1211172657
-305.806 -254.544 1211172686
-302.261 -250.078 1211172753
-300.488 -250.078 1211172813
-302.261 -246.729 1211172867
24.819 -98.246 1211172916
577.043 -59.171 1211172976
694.933 -485.636 1211173036
889.054 -938.871 1211173102
904.122 -937.754 1211173123
904.122 -937.754 1211173129
664.796 -944.452 1211173174
663.023 -938.871 1211173253
663.909 -939.987 1211173313
664.796 -939.987 1211173375
637.318 -1024.83 1211173432
413.946 -1233.57 1211173495
-120.55 -1270.41 1211173554
-777.368 -1495.89 1211173612
-978.579 -1492.54 1211173674
-2088.35 -1281.57 1211173794
-2474.81 -386.279 1211173856
-2938.4 -198.724 1211173916
-3374.5 -173.046 1211173973
-3613.83 -235.565 1211174037
-3771.61 -246.729 1211174097
-3804.4 -775.888 1211174155
-3803.52 -793.749 1211174212
-3802.63 -792.633 1211174213
-3794.65 -900.916 1211174279
-4068.55 -1115.25 1211174343
-5009.9 -1358.59 1211174459
-5223.52 -1878.75 1211174520
-5340.53 -2216.95 1211174557
-5334.32 -2369.86 1211174619
-5336.09 -2369.86 1211174679
-5336.09 -2369.86 1211174691
-4852.12 -2382.13 1211174751
-4802.49 -1968.04 1211174811
-5351.16 -2003.76 1211174872
-5761.56 -2024.97 1211174932
-5906.93 -2031.67 1211174993
-5906.05 -2035.01 1211175053
-5906.93 -2032.78 1211175115
-5910.48 -2035.01 1211175176
-5529.33 -2021.62 1211175236
-5082.59 -2001.53 1211175296
-4805.14 -1954.65 1211175357
-4807.8 -1953.53 1211175417
-4805.14 -1953.53 1211175478
-4807.8 -1954.65 1211175538
-4806.03 -1956.88 1211175600
-4805.14 -1953.53 1211175660
-4805.14 -1953.53 1211175722
-4800.71 -1962.46 1211175781
-4803.37 -1959.11 1211175842
-4798.05 -1961.35 1211175902
-4798.94 -1960.23 1211175964
-4790.96 -1942.37 1211176024
-5021.42 -2194.62 1211176085
-5327.23 -2211.37 1211176131
-5330.78 -2211.37 1211176133
-5343.19 -2199.09 1211176196
-5333.44 -2374.32 1211176221
-5438.03 -2423.43 1211176281
-5976.07 -2455.8 1211176342
-6295.17 -2250.43 1211176403
-6358.99 -1638.77 1211176463
-6439.66 -890.869 1211176523
-6498.16 -203.189 1211176587
-6282.76 23.4452 1211176647
-6247.31 436.539 1211176705
-6611.62 548.19 1211176765
-6680.75 1332.02 1211176825
-6680.75 1332.02 1211176830
-6685.19 1240.46 1211176887
-6624.03 452.17 1211176947
-6358.11 437.655 1211177008
-5524.01 484.549 1211177068
-4408.04 544.84 1211177131
-3711.33 583.918 1211177188
-3252.18 600.666 1211177257
-2340.08 662.075 1211177310
-1734.67 1110.93 1211177371
-1585.76 1017.14 1211177431
-1447.48 1024.95 1211177461
-1446.6 1024.95 1211177467
-1389.87 1039.47 1211177500
-993.648 1096.42 1211177563
-631.999 1156.71 1211177625
-167.529 1246.04 1211177681
147.141 1291.82 1211177726
93.9578 1392.32 1211177787
-142.71 1419.12 1211177842
-148.028 1418 1211177884
-148.028 1416.88 1211177929
-148.028 1416.88 1211177934
-145.369 1432.52 1211178000
-196.78 1753 1211178054
-298.715 2362.72 1211178111
-269.464 2591.66 1211178174
-202.098 2617.35 1211178193
95.7306 2712.28 1211178253
235.781 2792.69 1211178313
-70.0252 2774.82 1211178352
-62.0476 2800.51 1211178518
-202.098 2697.76 1211178578
-132.959 2223.13 1211178639
-108.14 2106.99 1211178700
-32.7966 1678.18 1211178760
125.868 1566.51 1211178851
110.799 1563.16 1211178864
274.782 1301.87 1211178912
595.657 1357.7 1211178964
505.245 1342.07 1211179031
433.447 1526.31 1211179084
399.764 1615.65 1211179144
350.126 2032.17 1211179204
297.829 2333.69 1211179255
233.122 2708.93 1211179313
173.733 3200.34 1211179375
535.382 3276.29 1211179434
1033.54 3374.57 1211179494
1154.09 3375.69 1211179532
1326.05 3461.69 1211179592
1053.92 3479.56 1211179633
1001.63 3462.81 1211179671
985.671 3458.34 1211179758
990.103 3452.75 1211179820
984.784 3461.69 1211179880
975.034 3469.51 1211179935
860.689 3626.99 1211180003
803.96 3978.84 1211180057
715.32 4408.89 1211180102
683.41 4577.56 1211180165
227.803 4588.73 1211180222
23.0463 4564.16 1211180282
23.0463 4564.16 1211180283
-236.667 4517.24 1211180343
-541.587 4468.09 1211180631
-505.245 3624.76 1211180632
-429.015 3109.87 1211180633
-332.398 2641.92 1211180644
-230.463 1864.66 1211180710
-517.654 1288.47 1211180891
-517.654 1289.59 1211180951
-517.654 1289.59 1211181005
-517.654 1289.59 1211181065
-516.768 1284 1211181125
-491.063 1180.16 1211181186
7.97755 1265.02 1211181248
392.673 1318.62 1211181306
515.882 1343.19 1211181350
517.654 1343.19 1211181352
515.882 1343.19 1211181378
437.879 1509.56 1211181433
401.537 1754.11 1211181493
354.558 2050.04 1211181553
261.486 2612.88 1211181616
37.2286 3892.83 1211181794
4.43197 4207.82 1211181853
9.75034 4223.46 1211181879
9.75034 4223.46 1211181884
-31.9102 4415.59 1211181941
185.256 4147.5 1211182009
590.339 4216.76 1211182065
879.303 4262.55 1211182126
1002.51 4391.01 1211182187
1076.08 4026.87 1211182246
1247.16 3906.23 1211182306
1318.95 3440.47 1211182364
1336.68 3289.69 1211182424
1396.07 2985.9 1211182484
1711.63 2968.03 1211182545
1754.17 2820.61 1211182606
1755.95 2820.61 1211182611
2024.52 2714.51 1211182672
1486.48 2459.88 1211182733
1206.38 2417.45 1211182793
1063.67 2270.03 1211182854
1171.81 1577.68 1211182914
1381.89 921.113 1211182975
1443.05 246.737 1211183035
1457.23 20.0959 1211183083
1458.12 20.0959 1211183085
1474.96 -161.882 1211183148
1507.76 -512.429 1211183198
1450.14 158.536 1211183264
1431.53 446.587 1211183319
1395.18 1079.67 1211183382
1515.73 1406.83 1211183442
1636.28 1573.21 1211183507
1887.13 1818.88 1211183559
2385.29 2314.7 1211183620
2637.91 2558.16 1211183684
2926.87 2825.08 1211183741
3190.13 3069.66 1211183801
3415.28 3286.34 1211183863
3401.98 3220.44 1211183884
3400.21 3215.97 1211183886
3694.49 3705.18 1211183948
3829.22 3766.61 1211184005
3565.96 3503.02 1211184065
3229.13 3129.97 1211184131
2852.42 3345.53 1211184185
2764.66 3850.38 1211184245
2592.7 4205.59 1211184305
2062.64 4665.81 1211184365
1767.47 4900.4 1211184429
1766.58 4900.4 1211184438
2200.03 4531.76 1211184499
2332.99 4412.24 1211184560
2449.11 4341.86 1211184607
2751.37 4050.32 1211184667
2933.97 3688.43 1211184727
2335.65 3555.51 1211184787
2067.96 3505.25 1211184847
1588.42 3441.59 1211184907
1340.23 3413.66 1211184968
1128.38 3370.1 1211185028
873.099 3217.09 1211185088
-174.62 3050.68 1211185150
-924.509 2925.59 1211185210
-1025.56 2516.84 1211185271
-1013.15 2083.54 1211185331
-962.624 1759.7 1211185363
-906.782 1390.08 1211185423
-1155.86 1071.85 1211185483
-1569.8 1009.32 1211185546
-1518.39 627.462 1211185606
-1491.8 458.869 1211185641
-1492.69 458.869 1211185642
-1511.3 579.452 1211185702
-1440.39 1031.65 1211185766
-1155.86 1074.08 1211185812
-891.713 1375.57 1211185870
-976.807 1945.07 1211185930
-1035.31 2454.3 1211185994
-842.075 2832.89 1211186051
-212.735 2937.88 1211186112
561.088 3057.38 1211186173
1111.54 3145.61 1211186233
1756.83 3261.77 1211186293
2238.15 3289.69 1211186354
2118.48 3260.65 1211186388
2050.23 3200.34 1211186448
1981.98 3024.99 1211186509
1994.39 2897.67 1211186531
2174.33 2887.62 1211186591
2173.44 2883.15 1211186652
2174.33 2870.87 1211186712
2172.55 2871.98 1211186773
2198.26 2886.5 1211186833
2428.72 3000.42 1211186894
2377.31 2856.35 1211186954
1663.76 2831.78 1211187016
1433.3 2749.13 1211187077
1313.64 2972.5 1211187140
1422.66 2980.32 1211187200
1419.12 2969.15 1211187259
1412.91 2982.55 1211187319
1412.03 2971.38 1211187380
1421.78 2981.43 1211187440
1420.89 2981.43 1211187501
1412.91 2988.13 1211187561
1413.8 2993.72 1211187621
1417.34 2979.2 1211187681
1423.55 2981.43 1211187741
1425.32 2981.43 1211187801
1658.44 3017.17 1211187861
1771.9 2534.71 1211187922
1804.7 2320.29 1211187982
1985.52 1941.72 1211188043
2119.37 1799.9 1211188064
2007.68 1719.5 1211188124
2000.59 1723.96 1211188184
2008.57 1692.7 1211188244
1898.66 1541.95 1211188307
1918.16 1308.57 1211188365
1792.29 724.6 1211188425
1440.39 548.19 1211188486
1222.34 474.5 1211188549
1099.13 161.885 1211188606
1036.2 495.714 1211188666
1178.02 893.199 1211188726
1391.64 964.659 1211188786
1504.21 1393.43 1211188846
1687.7 1616.76 1211188906
1974 1892.58 1211188966
2072.39 2264.45 1211189026
2167.23 2361.61 1211189054
2168.12 2361.61 1211189056
2237.26 2430.85 1211189117
2437.58 2646.39 1211189177
2555.48 2572.68 1211189204
2771.76 2343.74 1211189264
2975.63 2134.91 1211189288
2814.3 1922.73 1211189348
2417.2 1533.01 1211189411
2151.28 1266.14 1211189473
1983.75 1078.55 1211189528
1942.09 593.967 1211189589
1626.53 569.403 1211189649
1441.28 376.248 1211189711
1406.71 731.3 1211189772
1376.57 937.862 1211189834
1374.8 938.978 1211189891
1373.91 938.978 1211189955
1373.91 937.862 1211190013
1373.02 938.978 1211190074
1372.14 936.745 1211190133
1373.91 938.978 1211190201
1374.8 935.629 1211190252
1392.53 830.672 1211190313
1402.28 721.251 1211190373
1209.93 620.763 1211190434
1500.67 547.073 1211190494
1552.96 196.495 1211190555
1677.06 -358.369 1211190616
1734.67 -1088.45 1211190677
1752.4 -1312.83 1211190700
1838.38 -1311.71 1211190760
1835.72 -1317.29 1211190770
1726.7 -885.288 1211190831
1698.33 -525.826 1211190891
1664.65 -81.4996 1211190932
1631.85 331.589 1211190992
1589.31 912.181 1211191052
1476.73 1663.66 1211191112
1866.75 1257.21 1211191172
1786.97 771.495 1211191232
1855.22 -135.088 1211191294
1679.72 -283.57 1211191354
1648.69 119.46 1211191415
1606.15 732.416 1211191461
1591.96 1107.58 1211191521
1574.24 1794.31 1211191581
1841.04 2047.8 1211191641
2030.73 2247.7 1211191701
2219.53 2443.13 1211191761
2451.77 2646.39 1211191822
2679.57 2821.73 1211191882
2980.06 2916.66 1211191944
2794.8 3514.19 1211192004
2777.96 3600.19 1211192063
2777.96 3600.19 1211192064
2691.98 4060.38 1211192124
2790.37 4244.68 1211192184
3352.34 4346.33 1211192244
3583.69 4034.69 1211192304
3955.98 3538.76 1211192364
4194.42 2590.55 1211192424
3893.04 2028.82 1211192485
3331.96 1315.27 1211192545
3824.79 -94.8967 1211192599
3820.36 -1037.11 1211192659
3750.33 -1100.73 1211192682
