4401.83 -16016.4 1212082719
4401.83 -16014.2 1212082773
4401.83 -16014.2 1212082833
4400.95 -16016.4 1212082894
4401.83 -16020.9 1212082954
4400.06 -16020.9 1212083014
4401.83 -16019.7 1212083075
4402.72 -16009.7 1212083135
4404.49 -16010.8 1212083199
4402.72 -16014.2 1212083259
4399.18 -16025.3 1212083317
4400.06 -16025.3 1212083377
4399.18 -16027.5 1212083438
4399.18 -16029.8 1212083498
4400.06 -16029.8 1212083562
4399.18 -16030.9 1212083621
4399.18 -16032 1212083686
4400.95 -16032 1212083740
4401.83 -16030.9 1212083801
4400.06 -16030.9 1212083865
4400.95 -16032 1212083921
4405.38 -16028.7 1212083984
4400.95 -16030.9 1212084048
4400.06 -16030.9 1212084103
4400.06 -16029.8 1212084167
4401.83 -16029.8 1212084221
4400.06 -16029.8 1212084273
4400.95 -16024.2 1212084334
4399.18 -16024.2 1212084400
4402.72 -16020.9 1212084454
4405.38 -16022 1212084515
4400.95 -16023.1 1212084575
4397.4 -16023.1 1212084642
4398.29 -16024.2 1212084702
4397.4 -16025.3 1212084756
4396.52 -16023.1 1212084816
4399.18 -16018.6 1212084882
4399.18 -16018.6 1212084936
4400.06 -16019.7 1212084996
4409.81 -16017.5 1212085062
