3662.58 -982.407 1212578842
3738.81 -969.011 1212578903
3739.7 -966.778 1212578963
3737.93 -967.895 1212579023
3737.93 -970.127 1212579086
3739.7 -973.476 1212579143
3740.58 -970.127 1212579203
3739.7 -970.127 1212579263
3729.95 -963.43 1212579323
3727.29 -963.43 1212579383
3729.06 -964.546 1212579444
3724.63 -958.964 1212579504
3725.52 -963.43 1212579565
3726.4 -974.593 1212579584
3604.97 -980.174 1212579644
3604.08 -982.407 1212579704
3604.08 -980.174 1212579765
3589.9 -1001.38 1212579825
3514.55 -1149.85 1212579885
2926.87 -1186.69 1212579945
2412.77 -1307.24 1212580005
1908.41 -1320.64 1212580060
1279.07 -1334.04 1212580120
978.579 -1363.06 1212580180
962.624 -1366.41 1212580242
976.807 -1371.99 1212580302
777.368 -1652.16 1212580360
975.92 -1388.73 1212580423
945.783 -1194.5 1212580460
913.873 -1196.73 1212580470
862.462 -1209.01 1212580545
862.462 -1209.01 1212580550
858.916 -1201.2 1212580608
858.03 -1202.32 1212580668
937.805 -1200.08 1212580730
942.237 -947.801 1212580790
930.714 -760.259 1212580851
905.895 -429.817 1212580914
865.121 89.3155 1212580973
833.211 486.782 1212581033
599.203 686.638 1212581094
669.228 1154.48 1212581175
746.344 1440.33 1212581235
677.205 1692.7 1212581275
590.339 1477.18 1212581335
582.361 1141.08 1212581395
572.611 1056.22 1212581456
573.497 1049.52 1212581499
572.611 1046.17 1212581502
475.107 1290.7 1212581564
438.765 1495.05 1212581603
316.443 1632.4 1212581666
271.237 1602.25 1212581705
272.123 1549.76 1212581818
288.078 1527.43 1212581880
278.328 1578.8 1212581912
276.555 1592.2 1212581971
274.782 1585.5 1212582015
276.555 1586.61 1212582031
276.555 1587.73 1212582035
265.918 1668.13 1212582059
265.032 1675.95 1212582060
257.941 1683.76 1212582099
280.987 1536.36 1212582162
416.605 1543.06 1212582219
1000.74 1633.51 1212582283
1232.97 2161.71 1212582339
1083.17 3121.04 1212582401
991.875 3626.99 1212582461
949.328 3928.57 1212582514
878.417 4353.03 1212582572
850.052 4557.45 1212582635
814.596 4781.98 1212582687
1221.45 4959.6 1212582750
1952.73 5078.02 1212582808
2550.16 5172.98 1212582874
2930.42 4945.08 1212582931
3037.67 4811.03 1212582981
3214.95 4568.62 1212583042
3056.29 4367.55 1212583103
3180.38 4000.06 1212583163
3183.04 3619.18 1212583223
3443.64 3342.18 1212583286
3521.65 3344.42 1212583343
3525.19 3356.7 1212583409
3526.96 3357.82 1212583463
3542.92 3377.92 1212583523
3546.46 3368.99 1212583583
3401.98 3526.47 1212583616
3033.24 3259.53 1212583677
2605.11 3240.54 1212583737
2054.66 3200.34 1212583797
1322.5 3067.43 1212583857
1165.61 3050.68 1212583918
969.716 2890.97 1212583978
754.322 2453.18 1212584039
466.243 2406.28 1212584099
315.556 2359.37 1212584132
315.556 2358.26 1212584134
163.097 2351.56 1212584194
80.6619 2347.09 1212584254
9.75034 2339.27 1212584314
147.141 2366.07 1212584374
257.054 2571.56 1212584435
255.282 2581.61 1212584498
245.531 2662.02 1212584557
228.69 2773.7 1212584620
174.62 3155.66 1212584684
-188.802 3157.9 1212584738
-403.309 3123.27 1212584766
-557.542 2995.95 1212584833
-764.072 2957.98 1212584888
-804.846 2951.28 1212584949
-810.165 2950.16 1212585015
-809.278 2949.04 1212585017
-809.278 2947.93 1212585030
-807.505 2946.81 1212585048
-808.392 2944.58 1212585147
-811.051 2949.04 1212585195
-811.051 2949.04 1212585197
-811.051 2949.04 1212585198
-811.937 2950.16 1212585259
-811.051 2950.16 1212585289
-811.051 2950.16 1212585303
-811.051 2950.16 1212585305
-829.665 2950.16 1212585369
-826.12 2950.16 1212585427
-825.233 2951.28 1212585487
-623.135 2868.63 1212585633
90.4122 2991.48 1212585690
733.935 3087.53 1212585750
1125.72 3150.08 1212585810
1253.36 2943.46 1212585871
1297.68 2713.39 1212585905
1297.68 2713.39 1212585935
1297.68 2713.39 1212585936
1317.18 2669.84 1212585996
1348.21 2458.77 1212586060
1076.97 2392.88 1212586118
494.608 2293.49 1212586178
287.192 2392.88 1212586239
257.054 2672.07 1212586302
176.392 3155.66 1212586366
170.188 3201.45 1212586381
612.499 3279.64 1212586441
1144.34 3392.44 1212586501
1599.94 3443.82 1212586561
1963.36 3510.83 1212586622
2175.21 3532.06 1212586682
2736.3 3606.89 1212586748
3047.42 3658.27 1212586803
3311.57 3595.72 1212586863
3311.57 3599.07 1212586882
3565.96 3479.56 1212586944
3449.85 3332.13 1212587008
3448.07 3313.14 1212587069
3448.96 3314.26 1212587124
3460.48 3346.65 1212587192
3378.94 3453.87 1212587245
3288.52 3387.97 1212587294
2924.22 3449.4 1212587348
2534.2 3252.83 1212587408
2398.58 3237.19 1212587443
1833.95 3153.43 1212587502
1688.58 3127.74 1212587563
1258.68 3069.66 1212587617
1258.68 3068.55 1212587618
1085.83 3107.64 1212587681
697.592 3278.52 1212587739
278.328 3230.49 1212587802
-250.85 3144.49 1212587866
-542.473 3099.82 1212587920
-968.829 3028.34 1212587981
-1260.45 2987.02 1212588047
-1572.46 2933.41 1212588101
-2127.35 2841.83 1212588167
-2471.27 2887.62 1212588291
-2385.29 2797.16 1212588342
-2083.91 2844.06 1212588392
-2019.21 2868.63 1212588448
-2671.59 2760.3 1212588515
-3034.13 2768.12 1212588564
-3034.13 2692.18 1212588618
-2662.73 2311.35 1212588738
-2426.06 2321.4 1212588798
-1748.86 2364.96 1212588858
-1309.2 2431.96 1212588918
-1073.42 2468.82 1212588984
-1123.95 2494.5 1212589026
-1123.95 2495.62 1212589027
-1490.92 2427.5 1212589089
-1888.91 2376.13 1212589149
-1980.21 2812.79 1212589279
-1981.09 2819.49 1212589390
-1982.86 2821.73 1212589427
-1973.11 2656.44 1212589512
-1688.58 2665.37 1212589563
-1602.6 2666.49 1212589624
-1076.97 2771.47 1212589707
-852.711 2835.13 1212589767
-388.241 2801.62 1212589828
-401.537 2687.71 1212589868
-401.537 2687.71 1212589869
-397.105 2673.19 1212589929
-482.199 2666.49 1212589965
156.892 2995.95 1212590083
752.549 3087.53 1212590143
885.508 3106.52 1212590203
1045.95 3264 1212590263
983.011 3711.88 1212590326
1433.3 4025.75 1212590383
1552.96 4049.21 1212590430
2677.8 4232.39 1212590480
2684.89 4226.81 1212590507
2684.89 4225.69 1212590512
2688.43 4224.58 1212590572
2483.68 4297.18 1212590635
2394.15 4375.37 1212590650
2337.42 4424.52 1212590687
2310.83 4445.75 1212590689
2179.64 4561.92 1212590712
2330.33 4418.94 1212590769
2358.7 4401.07 1212590830
2616.64 4170.96 1212590891
3056.29 3649.33 1212590948
3129.86 3487.38 1212591016
3479.1 3159.01 1212591071
3226.48 2885.38 1212591133
3013.74 2498.97 1212591189
3200.77 2310.24 1212591250
3409.07 2086.89 1212591311
3630.67 1860.2 1212591378
3632.44 1869.13 1212591398
3647.51 1852.38 1212591453
3632.44 1883.65 1212591512
3760.09 2019.89 1212591573
3967.5 2331.45 1212591633
3674.1 2624.05 1212591693
3480.87 2760.3 1212591757
3448.96 2813.91 1212591801
3763.63 2526.89 1212591912
4049.94 2235.41 1212591973
3977.25 2109.22 1212592041
3928.5 1962.93 1212592095
4346.88 992.574 1212592288
4346.88 991.457 1212592358
4345.99 991.457 1212592421
4262.67 1713.91 1212592544
3960.41 1937.25 1212592602
3909.89 1987.5 1212592647
3821.25 2077.96 1212592702
3462.26 2434.2 1212592822
3135.18 2753.6 1212592884
3124.54 2751.37 1212592912
2953.47 2599.48 1212592967
2495.2 2151.66 1212593025
2151.28 1817.76 1212593093
1874.72 1783.15 1212593150
1587.53 1948.42 1212593207
1498.89 1926.08 1212593259
1129.27 1859.08 1212593375
207.416 1612.3 1212593471
-395.332 1514.03 1212593531
-407.741 1505.1 1212593573
-406.855 1503.98 1212593580
-866.894 1156.71 1212593779
-1068.11 1093.07 1212593847
-1618.56 1242.69 1212594015
-1652.24 1482.76 1212594060
-912.1 1452.61 1212594263
-896.145 1351 1212594304
-853.598 1152.25 1212594418
-855.371 1155.6 1212594466
-854.484 1155.6 1212594481
-854.484 1155.6 1212594502
-882.849 1297.4 1212594586
-317.329 1419.12 1212594699
-224.258 1436.98 1212594728
-43.4333 1468.25 1212594764
-13.2959 1528.55 1212594785
-25.7054 1620.11 1212594822
-95.7306 2029.94 1212594906
1147.88 2304.65 1212595087
1189.54 2443.13 1212595145
1117.74 2832.89 1212595205
1022.9 3450.52 1212595265
894.372 4216.76 1212595325
831.438 4544.05 1212595386
806.619 4760.76 1212595449
936.919 4985.3 1212595570
1340.23 5084.72 1212595627
1340.23 5190.85 1212595694
1236.52 5066.85 1212595757
1076.08 5047.86 1212595811
923.623 5017.69 1212595843
976.807 4628.94 1212595916
1083.17 3972.13 1212596067
1180.68 3584.55 1212596124
1533.46 3425.95 1212596247
1786.08 3475.09 1212596305
2208.01 3486.26 1212596364
2301.08 3147.84 1212596425
2405.67 3124.39 1212596489
2568.77 3109.87 1212596550
2554.59 3105.4 1212596566
2441.13 3046.21 1212596624
2348.95 3040.63 1212596642
1935 3031.69 1212596713
1718.72 2935.64 1212596773
1596.4 2915.54 1212596824
1314.52 2867.52 1212596884
1129.27 2846.3 1212596947
1091.15 3037.28 1212597011
761.413 3209.27 1212597073
88.6394 3095.35 1212597131
-134.732 3054.03 1212597146
-404.196 3026.11 1212597206
-417.492 3095.35 1212597247
-415.719 3099.82 1212597249
-20.3871 3176.88 1212597312
545.133 3267.35 1212597369
851.825 3313.14 1212597430
1061.01 2921.12 1212597490
1162.95 2934.53 1212597515
1367.71 2991.48 1212597581
1688.58 2978.08 1212597635
1771.9 2578.26 1212597695
1840.15 2121.51 1212597759
2163.69 1767.51 1212597817
2420.74 1508.45 1212597877
2811.64 1652.5 1212597945
2827.6 1667.01 1212598001
2831.14 1660.31 1212598048
2831.14 1659.2 1212598067
2837.35 1661.43 1212598076
2770.87 1850.15 1212598129
2486.34 1843.45 1212598189
2162.8 2163.94 1212598259
1915.5 2469.93 1212598309
2214.21 2482.22 1212598370
2159.26 2845.18 1212598430
2070.62 2792.69 1212598464
2070.62 2793.81 1212598465
2023.64 2648.62 1212598526
1922.59 2737.96 1212598587
1564.49 2693.29 1212598648
1453.69 2676.54 1212598708
1441.28 2722.33 1212598729
1537.89 2837.36 1212598781
1753.29 2657.55 1212598846
1791.4 2420.8 1212598909
1827.75 2175.11 1212598965
1987.3 1952.88 1212599019
2109.62 1811.06 1212599083
2380.86 1539.71 1212599142
2653.86 1273.96 1212599199
2773.53 1332.02 1212599262
2806.32 1050.64 1212599330
2806.32 978.058 1212599374
2822.28 944.561 1212599494
2822.28 942.328 1212599507
2813.42 1059.57 1212599559
2824.05 1500.63 1212599685
2750.48 1585.5 1212599740
2862.17 1859.08 1212599797
2590.04 2155.01 1212599857
2443.79 2305.77 1212599888
2250.56 2472.17 1212599947
2184.08 2763.65 1212600010
2146.85 2858.58 1212600072
2137.98 2863.05 1212600129
2278.03 2885.38 1212600213
2197.37 2878.68 1212600273
2160.14 2916.66 1212600336
1982.86 2985.9 1212600394
1982.86 2984.78 1212600395
1732.9 2994.84 1212600457
1323.39 2844.06 1212600504
1162.95 2831.78 1212600567
1062.79 3170.18 1212600626
966.17 3339.95 1212600660
763.186 3318.73 1212600720
351.899 3243.9 1212600783
158.665 3251.71 1212600841
153.346 3303.09 1212600879
153.346 3303.09 1212600890
152.46 3304.21 1212600910
392.673 3362.29 1212600961
581.475 3274.05 1212601020
987.443 3352.23 1212601072
1022.01 3339.95 1212601121
1320.73 3417.01 1212601181
1778.11 3469.51 1212601242
2198.26 3532.06 1212601302
2114.05 3414.78 1212601363
2028.96 3704.06 1212601426
1953.61 4165.37 1212601487
2082.14 4132.98 1212601547
2192.94 4135.21 1212601611
2202.69 4137.45 1212601616
2270.94 4072.66 1212601682
2272.72 4015.7 1212601737
2309.94 3774.43 1212601797
2343.63 3618.06 1212601857
2239.03 3567.8 1212601917
1841.93 3489.61 1212601977
1656.67 3454.99 1212602037
1138.13 3350 1212602097
643.522 3291.92 1212602160
34.5694 3196.99 1212602218
-319.102 3143.38 1212602278
-628.454 3087.53 1212602339
-979.466 3036.16 1212602402
-1397.84 2964.68 1212602459
-1842.81 2893.2 1212602528
-1980.21 2873.1 1212602580
-2171.67 2840.71 1212602631
-2644.11 2762.53 1212602712
-2659.18 2544.76 1212602754
-2167.23 2339.27 1212602957
-2045.8 2084.66 1212603071
-2045.8 2084.66 1212603078
-2044.03 2085.77 1212603139
-2046.68 2083.54 1212603194
-2039.59 2090.24 1212603257
-2049.34 2254.4 1212603277
-2251.44 2353.79 1212603313
-2726.55 2296.84 1212603350
-2716.8 2257.75 1212603435
-2131.78 2344.86 1212603501
-1789.63 1936.13 1212603615
-1136.36 2039.99 1212603675
-926.282 1753 1212603738
-608.067 1802.13 1212603795
-238.44 1862.43 1212603856
181.711 1930.55 1212603924
538.928 1985.27 1212603978
1084.06 2070.14 1212604037
1172.7 1195.79 1212604163
1356.18 903.248 1212604220
1416.46 569.403 1212604329
1416.46 569.403 1212604333
1415.57 558.238 1212604360
1349.09 417.559 1212604447
1403.16 361.734 1212604500
1541.44 219.941 1212604561
1716.95 208.777 1212604624
1735.56 211.01 1212604629
1849.02 233.339 1212604745
1669.97 1040.59 1212604932
1696.56 1030.54 1212604989
1859.66 1232.64 1212605052
2602.45 1990.85 1212605167
3037.67 2417.45 1212605230
3616.49 3011.59 1212605348
3719.31 3098.7 1212605411
3706.9 3442.7 1212605471
3733.49 3656.03 1212605595
3734.38 3659.39 1212605616
3749.45 3677.26 1212605624
3612.94 3802.36 1212605677
3511.01 3725.29 1212605707
3403.75 3724.17 1212605771
3387.8 3612.47 1212605832
3343.48 3530.94 1212605848
3311.57 3499.67 1212605850
3203.43 3375.69 1212605913
3065.15 3376.81 1212605942
3043.88 3368.99 1212605945
2999.56 3291.92 1212606005
2988.04 3222.67 1212606065
2567 3056.26 1212606125
2397.7 3027.22 1212606186
2187.62 2987.02 1212606246
1765.7 2917.77 1212606306
1533.46 2865.28 1212606367
1116.86 2908.84 1212606430
1047.72 3324.31 1212606488
929.828 4013.46 1212606549
834.097 4557.45 1212606613
33.683 4444.63 1212606679
-90.4122 4768.58 1212606734
-326.193 4912.69 1212606789
-327.966 4909.33 1212606829
-328.852 4909.33 1212606831
-335.943 4919.39 1212606892
-329.739 4930.56 1212606951
-329.739 4931.68 1212607012
-265.032 4873.59 1212607075
-98.3898 4532.88 1212607132
-132.073 4527.29 1212607153
-179.938 4437.93 1212607203
-169.301 4323.99 1212607259
-148.914 4210.05 1212607283
-80.6619 4116.23 1212607344
62.934 4126.28 1212607404
30.1374 4124.04 1212607467
-99.2762 4102.82 1212607524
-100.163 4096.12 1212607590
-68.2524 3763.26 1212607707
158.665 3322.08 1212607824
197.666 3325.43 1212607835
143.596 3517.54 1212607949
-10.6367 3358.94 1212608012
934.26 3333.25 1212608131
1123.06 3363.4 1212608191
1295.02 3386.86 1212608251
1433.3 3405.84 1212608307
1433.3 3405.84 1212608310
1435.07 3404.73 1212608337
1251.59 3374.57 1212608398
1079.63 3350 1212608458
765.845 3306.44 1212608520
332.398 3237.19 1212608579
-808.392 3059.61 1212608704
-1244.5 2985.9 1212608762
-1557.4 2938.99 1212608822
-1786.08 2901.02 1212608883
-1864.09 2658.67 1212608931
-1864.09 2658.67 1212608936
-1925.25 2879.8 1212609002
-2154.82 2847.41 1212609057
-2645.89 2764.77 1212609116
-2735.41 2497.85 1212609178
-2547.5 2326.99 1212609241
-2277.15 2813.91 1212609354
-1883.59 2883.15 1212609416
-1384.55 2963.56 1212609473
-928.941 3035.04 1212609533
-422.81 3087.53 1212609595
-366.967 2768.12 1212609657
201.212 2787.1 1212609781
210.962 2791.57 1212609839
318.216 3200.34 1212609961
604.521 3279.64 1212610017
1017.58 3346.65 1212610077
1674.4 3146.73 1212610319
1692.13 3054.03 1212610340
2056.44 3073.01 1212610398
2115.82 3141.14 1212610461
2355.15 3353.35 1212610519
2798.35 3436 1212610586
2926.87 3471.74 1212610639
3194.57 3687.31 1212610702
3614.72 3134.44 1212610759
3702.47 2813.91 1212610819
3491.51 2586.08 1212610880
3306.25 2187.39 1212610944
3602.31 1891.46 1212611001
3634.22 1852.38 1212611028
3634.22 1852.38 1212611030
3674.99 1855.73 1212611092
3658.15 1931.67 1212611156
3792 2072.37 1212611219
3834.54 2390.64 1212611263
3764.52 2529.12 1212611330
3534.94 2780.4 1212611384
3510.12 2886.5 1212611412
3464.03 2876.45 1212611465
3528.74 3019.41 1212611501
3502.14 2966.91 1212611585
3509.24 2911.07 1212611630
3657.26 3003.77 1212611647
3698.04 2973.61 1212611797
3612.94 2731.26 1212611859
3459.6 2542.52 1212611920
3151.13 2770.35 1212611973
2910.03 3014.94 1212612036
2819.62 3537.64 1212612093
2782.39 3609.12 1212612146
2782.39 3609.12 1212612160
2803.67 3688.43 1212612214
3008.42 3802.36 1212612269
3027.04 3761.03 1212612301
3050.08 3727.52 1212612361
3064.27 3787.83 1212612402
3064.27 3787.83 1212612404
2726.55 2829.54 1212612461
3057.17 3253.95 1212612523
2990.69 3223.79 1212612579
2696.41 3213.74 1212612640
2287.78 3165.71 1212612700
1167.38 3027.22 1212612821
1169.15 3030.57 1212612827
1101.79 3037.28 1212612887
1078.74 3076.37 1212612917
1224.11 3251.71 1212612978
1327.82 3398.03 1212613038
1504.21 3419.25 1212613098
1915.5 3508.6 1212613158
2183.19 3520.89 1212613218
2443.79 3370.1 1212613278
2723 3414.78 1212613315
2750.48 3576.73 1212613425
2753.14 3616.94 1212613432
2730.09 3733.1 1212613447
2723.89 3955.38 1212613514
2869.26 3839.21 1212613567
3014.63 3854.85 1212613633
3090.86 3673.91 1212613687
3229.13 3383.51 1212613752
3600.53 3088.65 1212613815
3717.54 2826.19 1212613870
3708.67 2754.72 1212613933
3937.36 2217.55 1212614030
3937.36 2217.55 1212614037
3923.18 2226.48 1212614041
4010.93 2281.2 1212614108
3934.7 2070.14 1212614168
3841.63 2081.31 1212614220
3448.07 2446.48 1212614280
2957.9 2942.34 1212614341
2874.58 3245.01 1212614401
2552.82 3275.17 1212614461
2461.52 3258.42 1212614522
1392.53 3077.48 1212614582
1395.18 3083.07 1212614596
1406.71 2923.36 1212614660
1398.73 2912.19 1212614664
1496.23 2771.47 1212614724
1724.92 2806.09 1212614786
1789.63 2400.69 1212614848
2091 2408.51 1212614905
2098.1 2359.37 1212614934
2098.98 2359.37 1212614935
1971.34 2197.45 1212614995
1970.45 2195.21 1212615033
1971.34 2197.45 1212615093
1972.23 2206.38 1212615155
1973.11 2205.26 1212615215
1972.23 2203.03 1212615276
1965.14 2195.21 1212615326
1865.86 2101.41 1212615390
1698.33 2051.15 1212615446
1414.69 2236.53 1212615510
1261.34 2217.55 1212615570
1212.59 2272.27 1212615632
1146.11 2715.63 1212615689
1057.47 3286.34 1212615750
958.192 3946.44 1212615811
1199.29 3988.89 1212615872
1322.5 4118.46 1212615935
1197.52 3992.24 1212615994
1093.81 3905.12 1212616027
1093.81 3904 1212616029
1153.2 3477.33 1212616089
931.601 3446.05 1212616150
990.989 2713.39 1212616213
1106.22 2010.95 1212616273
1121.29 1879.18 1212616294
2589.16 925.58 1212616449
2796.57 -293.618 1212616509
2905.6 -1207.9 1212616569
3388.69 -1171.06 1212616632
3609.4 -923.242 1212616750
3590.78 -935.522 1212616814
3589.9 -941.103 1212616878
3589.01 -951.15 1212617058
3590.78 -958.964 1212617236
3590.78 -961.197 1212617302
3591.67 -960.081 1212617356
