3735.27 -964.546 1211196554
3728.18 -963.43 1211196611
3729.95 -965.662 1211196668
3729.06 -965.662 1211196733
3729.06 -964.546 1211196794
3729.06 -964.546 1211196848
3729.06 -964.546 1211196908
3729.06 -964.546 1211196968
3729.95 -964.546 1211197031
3712.22 -979.058 1211197092
3622.69 -981.29 1211197135
3604.08 -981.29 1211197194
3607.63 -981.29 1211197258
3581.92 -994.686 1211197320
3442.76 -1157.66 1211197384
2736.3 -1211.25 1211197447
2096.32 -1315.06 1211197501
1554.74 -1264.83 1211197562
1532.58 -903.149 1211197623
1502.44 -569.364 1211197683
1492.69 -341.623 1211197743
1464.32 -59.171 1211197804
1448.37 164.118 1211197836
1277.29 169.7 1211197889
1246.27 180.865 1211197946
1283.5 161.885 1211198006
1371.25 271.299 1211198066
1318.07 222.174 1211198127
1314.52 223.291 1211198178
1321.61 180.865 1211198240
1422.66 525.859 1211198302
1404.94 1087.48 1211198361
1512.19 1061.8 1211198421
2690.21 706.736 1211198482
2894.96 -705.559 1211198542
2470.38 -2154.44 1211198596
2893.19 -3591.91 1211198636
3336.39 -5040.28 1211198682
3734.38 -6540.83 1211198728
3997.64 -8009.88 1211198769
4103.12 -9535.53 1211198819
2988.04 -15048 1211199012
3567.74 -16359.6 1211199072
4076.53 -16219.2 1211199132
4081.85 -16221.4 1211199195
4081.85 -16221.4 1211199196
3937.36 -16089.9 1211199256
3341.71 -15968.5 1211199322
3030.58 -14838.5 1211199376
2707.94 -13438.7 1211199436
3360.32 -10666.2 1211199543
4160.74 -9413.98 1211199581
4003.84 -7916.19 1211199632
3737.04 -6442.66 1211199682
3323.98 -4997.89 1211199725
2905.6 -3524.95 1211199773
2512.04 -2090.82 1211199831
2821.39 -1313.94 1211199891
2332.99 -1310.59 1211199951
1753.29 -1322.87 1211200011
1544.99 -1032.64 1211200071
1529.92 -813.843 1211200131
1529.92 -813.843 1211200194
1518.39 -711.14 1211200255
1487.37 -290.269 1211200314
1453.69 184.214 1211200373
1438.62 348.336 1211200415
1236.52 721.251 1211200474
1043.29 712.319 1211200528
656.818 684.405 1211200588
583.248 1045.05 1211200648
483.971 1201.38 1211200709
460.039 1380.03 1211200751
419.265 1626.81 1211200811
254.395 1727.31 1211200871
102.822 1922.73 1211200929
-89.5258 1892.58 1211200990
-143.596 1887 1211201027
-137.391 1878.06 1211201051
-135.618 1876.95 1211201059
-143.596 1870.25 1211201110
-149.801 1874.71 1211201117
84.2075 1918.27 1211201177
518.541 1988.62 1211201237
960.852 1948.42 1211201298
1373.91 2031.05 1211201419
1757.72 2098.06 1211201477
1818.88 2099.17 1211201491
1772.79 2014.3 1211201555
1636.28 1856.85 1211201613
1361.5 1612.3 1211201673
1302.11 1546.41 1211201685
1047.72 1515.15 1211201745
923.623 1728.43 1211201806
728.616 1699.4 1211201857
390.014 1641.33 1211201914
-321.761 1531.9 1211201979
-1027.33 1422.47 1211202037
-1692.13 1233.76 1211202097
-2151.28 701.153 1211202167
-2237.26 318.191 1211202221
-1920.82 376.248 1211202279
-1916.38 395.229 1211202298
-1917.27 397.462 1211202333
-1671.74 457.752 1211202394
-1525.48 672.123 1211202454
-1412.91 816.157 1211202520
-1334.02 827.323 1211202577
-1330.48 828.439 1211202635
-1325.16 829.556 1211202698
-1326.93 830.672 1211202756
-1326.93 830.672 1211202818
-1309.2 836.255 1211202877
-836.756 1122.1 1211203005
-362.535 1199.14 1211203057
-525.632 1180.16 1211203145
-945.783 1115.4 1211203202
-940.465 1114.28 1211203286
-940.465 1114.28 1211203293
-943.124 1114.28 1211203298
-981.239 1106.47 1211203359
-583.248 1380.03 1211203416
381.15 1538.6 1211203480
1244.5 1671.48 1211203543
1277.29 1875.83 1211203603
1269.32 2313.59 1211203668
1928.79 2458.77 1211203718
1919.04 2533.59 1211203760
1924.36 2535.82 1211203821
1921.7 2538.06 1211203859
1920.82 2544.76 1211203897
1919.93 2544.76 1211203902
1896.88 2557.04 1211203959
2005.02 2649.74 1211204019
2173.44 2758.07 1211204080
2171.67 2764.77 1211204082
2105.19 3167.95 1211204142
2600.68 3387.97 1211204205
2419.86 4041.39 1211204322
2389.72 4164.26 1211204383
2387.06 4173.19 1211204398
2371.11 4357.5 1211204429
2378.2 4360.85 1211204461
2460.63 4413.35 1211204574
2460.63 4414.47 1211204634
2459.74 4415.59 1211204681
2459.74 4415.59 1211204737
2459.74 4416.7 1211204797
2470.38 4415.59 1211204861
2463.29 4415.59 1211204923
2463.29 4415.59 1211204929
2389.72 4397.71 1211204992
2562.57 4214.52 1211205047
2719.46 4074.9 1211205108
2893.19 3864.9 1211205167
3133.4 3758.79 1211205230
3290.3 3723.05 1211205289
3472.01 3726.4 1211205348
3498.6 3766.61 1211205414
3498.6 3767.73 1211205421
3671.45 3622.53 1211205479
3548.24 3503.02 1211205541
3440.98 3339.95 1211205600
3440.98 3337.71 1211205624
3532.28 3398.03 1211205747
3664.35 3339.95 1211205771
3947.11 3322.08 1211205828
4006.5 3393.56 1211205886
4077.41 3181.35 1211205946
3612.94 2720.1 1211206015
3429.46 2543.64 1211206068
3124.54 2152.78 1211206132
2621.95 1213.66 1211206189
2707.05 423.141 1211206253
2687.55 -1736.99 1211206349
2746.94 -3196.86 1211206403
3195.45 -4610.71 1211206462
3643.08 -6043.28 1211206512
3908.11 -7522.46 1211206571
3640.42 -10284.9 1211206683
2750.48 -11195.8 1211206801
