4256.47 -16014.2 1211516143
3754.77 -16211.4 1211516199
3086.43 -15166.2 1211516264
2762.01 -13672.8 1211516319
2562.57 -12151.2 1211516373
3204.32 -10797.8 1211516425
4092.48 -9595.75 1211516471
4033.09 -8099.1 1211516522
3768.95 -6630.08 1211516572
3441.87 -5185.33 1211516628
2983.6 -3762.65 1211516676
3183.04 -2270.52 1211516736
3936.48 -963.43 1211516786
3773.38 542.607 1211516835
3093.52 1612.3 1211516896
2685.78 2021 1211516956
2418.97 2290.14 1211517017
2210.67 2573.79 1211517077
2175.21 3162.36 1211517138
2216.87 3570.03 1211517199
2195.6 3610.24 1211517259
2182.3 3603.54 1211517277
2478.36 3583.43 1211517341
2873.69 3628.11 1211517397
2922.44 3612.47 1211517439
2952.58 3465.04 1211517498
3026.15 3334.36 1211517560
2824.94 3051.79 1211517620
2637.91 2837.36 1211517683
2623.73 2829.54 1211517701
2425.18 2689.94 1211517761
2442.9 2984.78 1211517822
2817.85 3280.75 1211517943
2700.84 4162.02 1211518066
2671.59 4231.28 1211518123
2580.29 4225.69 1211518184
2574.98 4218.99 1211518205
2403.9 4292.71 1211518264
2259.42 4090.54 1211518363
2305.51 3830.28 1211518424
2223.08 3637.05 1211518484
2223.08 3635.93 1211518492
2294.88 3759.91 1211518542
2443.79 3780.02 1211518605
2442.02 3623.64 1211518672
2595.36 3181.35 1211518732
2929.53 3189.17 1211518783
3050.97 3128.86 1211518833
2834.69 2983.67 1211518893
2788.6 3438.24 1211518954
2707.05 4055.91 1211519013
2524.45 4290.48 1211519081
2485.45 4582.03 1211519134
2465.06 4836.72 1211519194
2457.97 4842.31 1211519207
2463.29 4840.07 1211519268
2463.29 4840.07 1211519277
2461.52 4844.54 1211519335
2315.26 4698.2 1211519390
2278.03 4490.43 1211519450
2234.6 4490.43 1211519510
2232.83 4489.31 1211519516
2247.9 4179.9 1211519577
2276.26 4006.76 1211519632
2321.47 3590.14 1211519692
2409.22 3266.23 1211519754
2049.34 3190.29 1211519819
1694.79 3036.16 1211519877
1701.88 2785.99 1211519934
1786.08 2411.86 1211519994
1849.91 2092.47 1211520054
2262.08 1669.25 1211520114
2297.53 1692.7 1211520156
2297.53 1692.7 1211520159
2410.11 1783.15 1211520190
2631.71 1834.51 1211520254
2621.07 1727.31 1211520312
2685.78 808.341 1211520371
2863.94 -486.753 1211520431
2822.28 -1421.1 1211520491
2539.52 -2214.71 1211520554
2024.52 -2333.02 1211520611
1600.83 -2340.84 1211520671
1411.14 -2165.6 1211520737
1411.14 -2165.6 1211520761
1411.14 -2165.6 1211520765
1482.05 -2014.92 1211520825
1301.23 -1809.55 1211520885
1302.11 -1808.43 1211520895
1361.5 -1223.52 1211520952
1306.55 -554.851 1211521012
1109.77 -543.687 1211521072
1147.88 -283.57 1211521134
1156.74 -292.502 1211521192
1156.74 -291.385 1211521253
1282.61 -211.004 1211521313
1253.36 188.68 1211521379
1238.29 494.597 1211521435
1191.31 1007.09 1211521496
1193.97 1064.03 1211521557
1193.09 1394.55 1211521618
1333.14 1554.23 1211521678
1413.8 1650.26 1211521738
1573.35 1790.96 1211521798
1724.92 1954 1211521861
2053.78 2218.66 1211521918
2206.24 2453.18 1211521981
2547.5 2754.72 1211522039
2543.95 2755.83 1211522070
2543.07 2755.83 1211522071
2543.07 2756.95 1211522077
2762.01 2739.08 1211522137
2685.78 2543.64 1211522198
2307.28 2457.65 1211522257
2220.42 2921.12 1211522321
1913.73 3395.79 1211522417
1878.27 3401.38 1211522477
1888.91 3394.68 1211522540
1410.25 3322.08 1211522598
1105.33 3386.86 1211522658
887.281 3443.82 1211522722
886.394 3443.82 1211522740
1064.56 3576.73 1211522807
1591.08 3615.83 1211522868
1630.97 3422.6 1211522922
1616.78 3419.25 1211522929
1466.98 3475.09 1211522990
1392.53 3937.51 1211523055
1349.09 4235.75 1211523118
1608.81 4388.78 1211523172
2054.66 4504.95 1211523235
2021.87 4688.15 1211523297
2005.91 4774.17 1211523322
2005.02 4774.17 1211523324
2170.78 4678.1 1211523386
2223.96 4510.54 1211523444
2228.4 4508.3 1211523457
2204.46 4162.02 1211523517
980.352 3945.33 1211523638
833.211 3935.27 1211523699
840.302 3719.7 1211523761
926.282 3074.13 1211523822
955.533 2369.42 1211523880
535.382 2292.37 1211523940
-206.53 2184.04 1211524002
-989.216 2072.37 1211524064
-1390.75 2008.72 1211524123
-1852.56 1932.78 1211524183
-1927.91 1704.98 1211524232
-2011.23 1725.08 1211524324
-2015.66 1813.3 1211524326
-2051.12 2294.6 1211524391
-1157.63 2457.65 1211524451
-947.556 1658.08 1211524552
-912.986 1452.61 1211524614
-754.322 1353.23 1211524674
-299.601 1435.87 1211524738
209.189 1516.26 1211524795
1012.26 1630.16 1211524916
1121.29 1229.29 1211524976
2327.67 1001.51 1211525036
2687.55 -204.306 1211525096
2872.8 -1215.71 1211525156
3387.8 -1166.59 1211525216
3752.11 -1009.2 1211525277
3589.01 -937.754 1211525326
3583.69 -958.964 1211525354
3581.92 -956.732 1211525407
3581.92 -957.848 1211525446
