3730.83 -966.778 1211030745
3730.83 -966.778 1211030805
3730.83 -966.778 1211030865
3729.95 -966.778 1211030926
3729.95 -965.662 1211030987
3729.06 -964.546 1211031047
3730.83 -966.778 1211031108
3732.61 -966.778 1211031168
3730.83 -965.662 1211031229
3727.29 -965.662 1211031289
3728.18 -965.662 1211031350
3729.06 -965.662 1211031411
3729.06 -966.778 1211031472
3729.95 -967.895 1211031532
3729.95 -967.895 1211031593
3729.95 -966.778 1211031653
3743.24 -976.825 1211031714
3606.74 -989.105 1211031774
3606.74 -987.988 1211031835
3606.74 -987.988 1211031896
3606.74 -989.105 1211031956
3583.69 -994.686 1211032016
3505.69 -1153.2 1211032077
3089.97 -1186.69 1211032137
2402.13 -1315.06 1211032198
2087.46 -1437.85 1211032280
1968.68 -1656.63 1211032340
2272.72 -1930.09 1211032400
1930.57 -1975.86 1211032460
1867.63 -2360.93 1211032520
1956.27 -2368.74 1211032581
2013 -2348.65 1211032641
2093.66 -2290.61 1211032671
1839.27 -2367.62 1211032764
1974 -2365.39 1211032824
2202.69 -2273.87 1211032871
2203.58 -2394.41 1211032931
2175.21 -2779.46 1211032992
2280.69 -2782.81 1211033052
2702.62 -3098.65 1211033113
3172.41 -4500.24 1211033162
3627.13 -5926.14 1211033206
3955.09 -7781.23 1211033259
4180.24 -9261.2 1211033300
3428.57 -10565.9 1211033345
2543.07 -11763.3 1211033386
2629.93 -13240.3 1211033428
2908.26 -14721.5 1211033472
3308.02 -16199.1 1211033524
4090.71 -16196.9 1211033587
4095.14 -16200.2 1211033597
3717.54 -16176.8 1211033657
3111.24 -15161.7 1211033717
2785.94 -13679.5 1211033777
2574.09 -12173.5 1211033835
3200.77 -10808.9 1211033883
4088.05 -9599.09 1211033928
4028.66 -8082.37 1211033978
3765.4 -6615.57 1211034022
3427.69 -5163.02 1211034069
2964.99 -3723.59 1211034119
2454.43 -2310.7 1211034171
2729.21 -1241.39 1211034231
2245.24 -1310.59 1211034291
2112.28 -1249.2 1211034351
2113.16 -1248.08 1211034411
1950.07 -1319.52 1211034472
1732.9 -1326.22 1211034532
1521.94 -760.259 1211034596
1481.17 -222.168 1211034656
1447.48 260.134 1211034715
1412.91 647.56 1211034775
1393.41 892.083 1211034836
1393.41 1080.78 1211034896
1502.44 1416.88 1211034957
1080.51 1083.02 1211035017
756.094 992.574 1211035078
587.68 992.574 1211035138
585.02 1026.07 1211035148
468.016 1316.39 1211035208
546.905 1557.58 1211035268
963.511 1634.63 1211035328
1300.34 1998.67 1211035389
1711.63 2069.02 1211035449
1958.05 1974.1 1211035509
2199.14 2190.74 1211035569
2539.52 2468.82 1211035631
2762.01 2707.81 1211035691
2989.81 2918.89 1211035752
3339.93 3332.13 1211035815
3585.47 3621.41 1211035876
3841.63 3736.45 1211035936
3817.7 3787.83 1211035950
3788.45 3816.88 1211036010
3668.79 3969.9 1211036070
3588.12 4071.55 1211036130
3442.76 3953.15 1211036191
3450.73 3777.78 1211036252
3383.37 3552.16 1211036312
3193.68 3383.51 1211036372
2843.55 3061.85 1211036433
2283.35 3033.92 1211036496
2200.03 2956.86 1211036554
2202.69 2973.61 1211036615
2194.71 2970.26 1211036676
1981.09 2952.39 1211036735
1248.04 2851.88 1211036797
694.047 2791.57 1211036857
306.692 2734.61 1211036921
244.645 2696.64 1211036978
268.578 2452.07 1211037040
276.555 2058.97 1211037099
172.847 2230.95 1211037164
148.028 2326.99 1211037220
156.892 2274.5 1211037281
176.392 2208.61 1211037341
179.938 2211.96 1211037406
178.165 2211.96 1211037457
179.938 2208.61 1211037517
175.506 2235.41 1211037577
210.075 2377.24 1211037637
257.054 2581.61 1211037697
236.667 2752.48 1211037757
235.781 2780.4 1211037770
219.826 2868.63 1211037792
186.143 3073.01 1211037853
110.799 3208.16 1211037916
-46.0925 3179.12 1211037932
-504.358 3107.64 1211037992
-995.421 3094.23 1211038052
-844.734 3154.55 1211038114
-748.117 3175.77 1211038173
-733.048 3124.39 1211038234
-669.228 3078.6 1211038295
-475.107 3108.75 1211038311
-261.486 3138.91 1211038371
547.792 3275.17 1211038431
1017.58 3372.34 1211038491
989.216 3638.16 1211038551
887.281 4210.05 1211038611
542.473 4318.41 1211038671
278.328 4280.43 1211038731
276.555 4277.08 1211038780
273.896 4277.08 1211038781
124.095 4402.18 1211038841
103.708 4521.71 1211038901
-112.572 4546.28 1211038941
-181.711 4413.35 1211039001
252.622 4479.26 1211039061
840.302 4614.42 1211039121
959.965 4916.04 1211039181
1396.07 4989.77 1211039241
2271.83 5019.93 1211039361
2348.06 5034.45 1211039386
2348.06 5034.45 1211039400
2238.15 5026.63 1211039447
1987.3 4885.88 1211039501
1959.82 4760.76 1211039532
1911.07 4756.29 1211039583
1911.95 4756.29 1211039584
1547.64 4803.21 1211039660
1547.64 4869.12 1211039720
1814.45 4868 1211039783
2118.48 4597.67 1211039843
1984.64 4450.22 1211039901
1633.62 4397.71 1211039962
1188.65 4327.34 1211040022
1061.9 4291.6 1211040082
1015.81 4077.13 1211040146
940.465 4063.73 1211040207
646.182 3925.22 1211040265
441.424 3771.08 1211040325
-47.8653 3690.66 1211040386
-142.71 3668.32 1211040446
-70.9116 3680.61 1211040510
-331.512 3540.99 1211040570
-372.286 3762.14 1211040607
-422.81 4058.14 1211040667
-390.014 3950.91 1211040730
-324.42 3971.02 1211040787
-413.06 4004.53 1211040850
-172.847 4089.42 1211040908
284.533 4164.26 1211040972
579.702 4210.05 1211041030
389.127 4191.07 1211041091
23.9326 4130.75 1211041151
-99.2762 4113.99 1211041207
-99.2762 4113.99 1211041232
-99.2762 4113.99 1211041235
-99.2762 4115.11 1211041285
-420.151 4048.09 1211041344
-405.969 3978.84 1211041405
-403.309 3979.95 1211041464
-412.173 3982.19 1211041524
-408.628 3979.95 1211041584
-407.741 3979.95 1211041594
-330.625 4068.2 1211041656
109.913 4137.45 1211041710
295.169 4264.79 1211041763
293.397 4303.88 1211041823
286.305 4328.46 1211041884
114.345 4435.69 1211041944
-45.2061 4521.71 1211042004
-323.534 4501.6 1211042064
-327.08 4404.42 1211042124
-295.169 4196.65 1211042186
-123.209 4032.45 1211042246
-68.2524 3694.01 1211042306
114.345 3504.13 1211042367
157.778 3231.61 1211042427
187.029 3037.28 1211042487
225.144 2857.46 1211042539
257.941 2598.36 1211042599
299.601 2375.01 1211042659
327.08 2180.69 1211042708
318.216 1949.53 1211042780
460.039 1976.33 1211042840
1034.42 2064.55 1211042901
1147.88 1740.71 1211042961
1115.97 1349.89 1211043021
979.466 1204.73 1211043082
1047.72 1248.27 1211043142
1046.83 1254.97 1211043202
1314.52 1604.48 1211043262
1246.27 1780.91 1211043322
1084.06 1749.65 1211043383
898.804 1728.43 1211043446
625.794 1687.11 1211043504
-79.7755 1573.21 1211043568
-731.275 1466.01 1211043625
-1540.55 1316.39 1211043686
-2069.73 1248.27 1211043747
-2208.89 1143.31 1211043807
-2204.46 1138.85 1211043818
-2083.03 1230.41 1211043879
-1771.02 1198.03 1211043939
-1606.15 1135.5 1211044000
-1410.25 1032.77 1211044060
-1038.85 1090.83 1211044121
-798.641 1129.91 1211044181
-238.44 1222.59 1211044242
83.3211 1272.84 1211044303
301.374 1305.22 1211044337
456.493 1393.43 1211044398
435.22 1526.31 1211044458
418.378 1629.05 1211044519
179.938 1605.6 1211044579
-62.0476 1569.86 1211044640
-306.692 1533.01 1211044700
-947.556 1429.17 1211044764
-1507.76 1329.79 1211044821
-1708.97 1024.95 1211044882
-2336.54 676.59 1211044942
-3058.95 628.579 1211045003
-3398.44 481.199 1211045063
-3415.28 401.928 1211045110
-3415.28 401.928 1211045112
-3458.71 399.695 1211045151
-3500.37 588.384 1211045205
-2874.58 630.812 1211045265
-2715.03 277.998 1211045361
-2735.41 221.058 1211045423
-2528.88 232.222 1211045483
-2529.77 570.52 1211045544
-2346.29 628.579 1211045604
-2956.13 636.395 1211045665
-3631.56 602.899 1211045725
-3688.29 631.928 1211045787
-3804.4 1077.43 1211045847
-3879.75 1233.76 1211045910
-4493.13 1450.38 1211045971
-4493.13 1498.4 1211045991
-4498.45 1520.73 1211045993
-4499.34 1602.25 1211046053
-4502 1602.25 1211046113
-4509.97 1778.68 1211046173
-4531.25 2187.39 1211046241
-4353.08 2217.55 1211046293
-3785.79 2249.93 1211046357
-3445.42 2265.57 1211046418
-2839.12 2309.12 1211046507
-2262.97 2348.21 1211046567
-2256.76 2356.02 1211046627
-2254.99 2359.37 1211046646
-2247.9 2364.96 1211046706
-2253.21 2361.61 1211046766
-2195.6 2558.16 1211046826
-2036.05 2379.48 1211046886
-2053.78 2360.49 1211046955
-2030.73 1924.97 1211047007
-1543.21 1976.33 1211047068
-1035.31 2045.57 1211047128
-998.967 2032.17 1211047157
-295.169 2168.41 1211047217
1.77279 2115.92 1211047277
569.065 2201.91 1211047337
1035.31 2282.32 1211047377
1266.66 2315.82 1211047437
1469.64 2347.09 1211047498
1794.95 2343.74 1211047557
1846.36 2092.47 1211047618
1874.72 2093.59 1211047646
1872.95 2094.71 1211047647
1950.95 2163.94 1211047684
2071.5 2271.15 1211047766
2213.33 2414.1 1211047814
2289.56 2438.66 1211047874
2200.92 2596.13 1211047935
2122.03 2838.48 1211047980
2116.71 3061.85 1211048040
2476.59 3144.49 1211048100
2937.51 3204.8 1211048160
3075.79 3037.28 1211048220
3204.32 2825.08 1211048280
3011.97 2535.82 1211048341
3171.52 2227.6 1211048404
2577.64 1321.97 1211048462
2612.2 145.138 1211048523
2845.33 -368.416 1211048547
2616.64 -1864.24 1211048603
2808.1 -3350.86 1211048661
3230.02 -4785.89 1211048710
3676.76 -6226.24 1211048760
3934.7 -7937.38 1211048818
4133.26 -9426.25 1211048865
3798.2 -10081.9 1211048895
2775.3 -11159 1211048936
2584.73 -12699.7 1211048998
2848.87 -14184.3 1211049046
3159.11 -15665.4 1211049095
4029.55 -16185.8 1211049158
4517.95 -16163.5 1211049215
4519.73 -16151.2 1211049255
4519.73 -16152.3 1211049257
4311.42 -15902.7 1211049316
3887.73 -16208 1211049376
4212.15 -16103.3 1211049436
4393.86 -16046.5 1211049496
4392.97 -16046.5 1211049557
4394.74 -16039.8 1211049595
4397.4 -16032 1211049655
4396.52 -16039.8 1211049722
4396.52 -16043.1 1211049776
4394.74 -16039.8 1211049837
4395.63 -16039.8 1211049906
4396.52 -16039.8 1211049960
4396.52 -16038.7 1211050017
4396.52 -16037.6 1211050077
4397.4 -16036.5 1211050137
4398.29 -16036.5 1211050197
4398.29 -16035.3 1211050258
4398.29 -16035.3 1211050317
4409.81 -16020.9 1211050378
