4153.64 -16082.1 1212800172
3288.52 -15870.4 1212800237
2949.03 -14490.8 1212800292
2631.71 -13036.3 1212800346
2576.75 -11666.3 1212800407
3513.67 -10488.9 1212800461
4200.62 -9178.68 1212800512
3967.5 -7702.04 1212800566
3694.49 -6181.62 1212800621
3248.64 -4727.87 1212800679
2953.47 -3622.04 1212800740
3086.43 -2379.9 1212800801
3890.39 -1127.52 1212800854
3817.7 374.015 1212800907
3434.78 1537.48 1212800965
3581.92 1681.53 1212801025
3674.99 1766.4 1212801086
3737.04 2151.66 1212801146
3503.92 2386.18 1212801208
3275.23 2621.82 1212801268
3050.97 2816.14 1212801329
2991.58 2909.96 1212801389
2902.06 3006 1212801451
2834.69 3256.18 1212801512
2824.05 3382.39 1212801575
2756.69 3657.15 1212801633
2873.69 3811.29 1212801696
3054.52 3848.15 1212801756
3125.43 3888.36 1212801814
3155.56 3853.74 1212801864
3225.59 3883.89 1212801869
3433.89 3931.92 1212801931
3402.87 3650.45 1212802048
3602.31 3327.66 1212802108
3568.62 3250.6 1212802137
3343.48 2969.15 1212802196
3448.96 2883.15 1212802242
3701.58 2574.91 1212802300
3781.36 2324.75 1212802360
3471.12 2033.29 1212802411
3097.06 1658.08 1212802471
3337.28 1123.21 1212802508
3828.34 -365.067 1212802563
3903.68 -941.103 1212802583
3180.38 -2276.1 1212802636
2957.01 -3767.11 1212802694
3432.12 -5190.91 1212802740
3721.97 -6457.17 1212802807
3899.25 -7445.49 1212802861
4006.5 -8046.68 1212802921
4187.33 -9050.43 1212802981
4018.91 -9734.02 1212803044
3774.27 -10112 1212803102
3349.68 -10640.6 1212803162
2843.55 -11066.5 1212803223
2550.16 -11685.2 1212803286
2569.66 -12565.9 1212803344
2633.48 -13333.9 1212803378
2920.67 -14816.3 1212803429
3349.68 -16256 1212803487
4260.01 -16123.4 1212803548
4289.26 -16152.3 1212803657
4505.54 -16155.7 1212803717
4275.97 -15966.3 1212803784
3709.56 -16239.2 1212803838
3130.75 -15324.4 1212803899
2837.35 -13817.7 1212803955
2583.84 -12355.2 1212804010
3032.36 -10942.7 1212804069
3993.21 -9805.39 1212804123
4073.87 -8312.13 1212804166
3907.23 -7384.14 1212804208
3646.63 -5896.02 1212804263
3199.88 -4480.16 1212804314
2734.53 -3046.19 1212804366
3549.12 -1776.06 1212804428
3849.61 -254.544 1212804476
3365.64 1157.83 1212804526
3800.86 1898.17 1212804586
4143.89 2287.9 1212804646
4253.81 2975.85 1212804706
3898.36 3699.6 1212804766
3626.24 4034.69 1212804828
3216.73 4599.9 1212804888
2914.46 4989.77 1212804949
2411.88 5159.57 1212805009
2219.53 5305.92 1212805076
2216.87 5317.09 1212805131
1997.93 5319.32 1212805196
1995.27 5294.75 1212805252
1976.66 5286.93 1212805265
1860.54 5389.7 1212805325
1654.01 5358.42 1212805385
1334.02 5215.43 1212805445
1202.84 5080.25 1212805505
1594.62 5127.17 1212805566
1922.59 5165.16 1212805627
2092.78 5110.42 1212805681
1978.43 5089.19 1212805739
1649.58 5036.69 1212805799
2147.73 4580.91 1212805859
2309.06 4462.5 1212805919
2493.43 4283.78 1212805979
2607.77 4181.01 1212806040
2747.82 4059.26 1212806100
2987.15 3938.62 1212806161
3129.86 3878.31 1212806221
3418.82 4007.88 1212806285
3439.21 4093.89 1212806313
3441.87 3788.95 1212806371
3183.04 3694.01 1212806432
3027.04 3937.51 1212806493
2876.35 3904 1212806556
2632.59 4154.2 1212806614
2505.84 4273.72 1212806678
2329.44 4435.69 1212806739
1669.08 5006.52 1212806795
1547.64 5026.63 1212806856
1239.18 4969.66 1212806916
1200.18 5156.22 1212806977
1201.06 5157.34 1212806999
1348.21 5095.89 1212807057
1417.34 4670.28 1212807118
1479.39 4298.3 1212807179
1542.33 4023.52 1212807232
1576.01 3659.39 1212807290
1619.44 3386.86 1212807350
1660.22 3077.48 1212807414
1740.88 2606.18 1212807473
2014.77 2639.69 1212807532
2362.24 2749.13 1212807592
2460.63 2644.15 1212807654
2813.42 2263.33 1212807714
2940.17 2306.89 1212807766
2941.06 2305.77 1212807768
3025.26 2438.66 1212807828
3051.86 2077.96 1212807888
2671.59 947.911 1212807948
2842.67 -401.908 1212808008
2804.55 -1467.98 1212808072
2707.05 -1879.87 1212808132
2696.41 -2027.2 1212808190
2697.3 -2026.08 1212808250
2697.3 -2024.97 1212808311
2696.41 -2026.08 1212808371
2695.53 -2027.2 1212808432
2695.53 -2027.2 1212808493
2695.53 -2026.08 1212808556
2695.53 -2026.08 1212808605
2694.64 -2028.32 1212808665
2673.37 -2231.46 1212808734
2450.88 -2504.9 1212808787
2455.31 -2610.93 1212808845
2898.51 -3639.9 1212808905
3339.93 -5074.87 1212808962
3729.95 -6563.14 1212809010
3994.98 -8035.53 1212809062
4085.39 -9558.95 1212809118
3202.54 -10773.2 1212809173
2529.77 -11941.7 1212809225
2657.41 -13437.6 1212809283
2941.06 -14903.2 1212809336
4185.55 -16131.2 1212809453
4384.11 -16033.1 1212809510
4383.22 -16026.4 1212809570
4384.11 -16030.9 1212809631
4382.33 -16033.1 1212809694
4384.99 -16027.5 1212809760
4382.33 -16030.9 1212809812
4384.11 -16028.7 1212809872
4384.11 -16029.8 1212809931
4406.27 -16011.9 1212810005
