4519.73 -16114.5 1212811327
4140.35 -16057.6 1212811389
3780.47 -16286 1212811447
4046.39 -16175.7 1212811508
4033.98 -16150.1 1212811543
3543.8 -16201.4 1212811603
3107.7 -15147.2 1212811663
2794.8 -13683.9 1212811724
2572.32 -12211.4 1212811780
3172.41 -10824.5 1212811840
4081.85 -9614.71 1212811884
4037.53 -8118.07 1212811934
3774.27 -6642.35 1212811986
3439.21 -5183.1 1212812040
2977.4 -3780.5 1212812092
2450.88 -2373.2 1212812150
2899.4 -939.987 1212812211
2725.66 492.364 1212812266
2015.66 1056.22 1212812326
1510.42 1114.28 1212812386
1419.12 1135.5 1212812447
1016.69 1076.32 1212812507
983.898 945.678 1212812568
878.417 694.454 1212812628
878.417 693.337 1212812638
876.644 693.337 1212812700
807.505 799.409 1212812760
899.69 1058.45 1212812821
1329.59 1090.83 1212812885
1558.28 1056.22 1212812943
1516.62 969.126 1212813007
2462.4 962.426 1212813064
2598.91 104.946 1212813118
2785.94 -1375.34 1212813173
2596.25 -2863.16 1212813236
3106.81 -4263.68 1212813279
3580.15 -5688.51 1212813331
3843.41 -7162.17 1212813382
4108.44 -8643.37 1212813432
3938.25 -9872.3 1212813474
3519.87 -10444.3 1212813497
2588.27 -11563.7 1212813540
2609.55 -13076.5 1212813590
2894.08 -14546.6 1212813644
3268.14 -16035.3 1212813702
3555.33 -16307.2 1212813722
4251.15 -16123.4 1212813795
4387.65 -16032 1212813886
4386.77 -16029.8 1212813945
4385.88 -16027.5 1212814001
4386.77 -16025.3 1212814061
4384.99 -16024.2 1212814121
4384.99 -16022 1212814189
4386.77 -16023.1 1212814242
4403.61 -16022 1212814308
