4419.56 -16215.8 1212166502
4430.2 -16209.2 1212166530
4424.88 -16215.8 1212166591
4425.77 -16220.3 1212166612
4551.64 -15987.4 1212166667
3135.18 -15364.5 1212166785
2980.06 -14777.2 1212166845
2742.5 -13598.1 1212166905
2561.68 -12102.2 1212166963
3027.04 -10937.1 1212167013
3983.46 -9813.2 1212167070
4069.44 -8312.13 1212167127
3809.72 -6860.99 1212167178
3534.94 -5351.57 1212167228
3193.68 -4466.77 1212167261
2869.26 -3367.6 1212167311
2725.66 -2821.87 1212167371
3669.67 -1624.26 1212167398
3852.27 -117.225 1212167456
3353.23 1260.56 1212167518
3681.2 1751.88 1212167576
3821.25 2096.94 1212167637
3503.92 2407.39 1212167697
3276.11 2631.87 1212167758
3269.91 2912.19 1212167879
3139.61 2782.64 1212167939
3043.88 2875.33 1212168000
2924.22 2997.07 1212168060
2891.42 3036.16 1212168088
2820.51 3400.26 1212168148
2543.07 3481.79 1212168208
2444.68 3581.2 1212168268
2208.89 3496.31 1212168328
2228.4 3406.96 1212168389
2343.63 3348.88 1212168449
2340.08 3329.9 1212168472
2332.99 3361.17 1212168534
2333.88 3342.18 1212168621
2336.54 3326.55 1212168679
2330.33 3357.82 1212168740
2326.79 3358.94 1212168745
2376.42 3347.77 1212168808
2269.17 3208.16 1212168868
1974.89 3083.07 1212168927
1998.82 2988.13 1212168987
1396.07 2863.05 1212169111
1086.72 2841.83 1212169172
-1078.74 2475.52 1212169471
-1264 2468.82 1212169535
-2417.2 2348.21 1212169656
-2703.5 2331.45 1212169714
-2824.05 2395.11 1212169775
-2825.83 2392.88 1212169809
-2668.05 2315.82 1212169929
-2077.71 2348.21 1212169989
-1326.93 2439.78 1212170111
-1063.67 2464.35 1212170207
-1226.77 2468.82 1212170289
-1225.88 2468.82 1212170302
-2009.46 2363.84 1212170363
-2332.1 2345.97 1212170421
-3073.13 2304.65 1212170483
-3380.71 2282.32 1212170541
-3242.43 2128.21 1212170602
-3225.59 1850.15 1212170662
-3614.72 1374.45 1212170721
-3743.24 767.029 1212170781
-3687.4 467.801 1212170839
-3640.42 -209.888 1212170903
-3612.06 -706.675 1212170960
-3582.81 -1263.71 1212171023
-3553.56 -1865.36 1212171087
-3553.56 -1865.36 1212171113
-3553.56 -1866.47 1212171165
-3553.56 -1866.47 1212171171
-3572.17 -1707.97 1212171226
-3573.94 -1702.39 1212171287
-3471.12 -1502.59 1212171347
-3493.28 -1078.41 1212171409
-3522.53 -573.829 1212171468
-3540.26 -137.321 1212171589
-3464.03 178.632 1212171649
-2959.67 205.427 1212171710
-2522.68 232.222 1212171770
-2056.44 341.637 1212171831
-1808.24 429.84 1212171892
-1515.73 481.199 1212171953
-1526.37 683.289 1212172013
-1466.1 1023.84 1212172074
-1154.97 1076.32 1212172134
-1122.18 1081.9 1212172147
-1187.77 965.776 1212172207
-1542.33 906.598 1212172267
-1566.26 867.518 1212172299
-1888.02 640.861 1212172359
-2145.96 691.104 1212172421
-2835.58 639.744 1212172481
-3389.57 405.277 1212172539
-3389.57 225.524 1212172588
-3389.57 225.524 1212172590
-3401.98 392.996 1212172651
-3280.55 203.194 1212172712
-3206.09 190.913 1212172772
-2729.21 209.893 1212172830
-2530.66 231.106 1212172890
-2520.02 229.99 1212172913
-2118.48 309.259 1212172972
-1776.33 427.607 1212173032
-1525.48 671.007 1212173094
-1567.15 937.862 1212173154
-1249.82 1055.1 1212173214
-1224.11 1060.69 1212173229
-909.441 1110.93 1212173273
-881.962 1302.99 1212173334
-905.009 1444.8 1212173394
-635.545 1583.26 1212173431
-254.395 1642.45 1212173492
-251.736 1644.68 1212173505
-321.761 2504.55 1212173627
-335.057 2577.14 1212173691
-367.854 2751.37 1212173739
-382.922 2885.38 1212173800
909.441 3109.87 1212173959
1336.68 3164.6 1212174020
1738.22 3238.31 1212174083
2189.39 3314.26 1212174141
2487.22 3306.44 1212174201
2582.95 3335.48 1212174221
2582.95 3335.48 1212174223
2801.89 3401.38 1212174284
2872.8 3468.39 1212174344
2529.77 3497.43 1212174409
2489.88 3481.79 1212174467
2504.95 3494.08 1212174527
2518.25 3488.5 1212174587
2512.93 3501.9 1212174648
2712.37 4024.63 1212174832
2645.89 4173.19 1212174891
2210.67 4533.99 1212175012
2040.48 4662.46 1212175074
1648.69 5140.58 1212175132
1649.58 5151.75 1212175159
1629.19 5221.01 1212175187
1747.08 5260.11 1212175242
1786.08 5206.49 1212175425
1733.79 5153.98 1212175483
1735.56 5142.81 1212175544
1729.36 5140.58 1212175605
1731.13 5142.81 1212175726
1653.13 5139.46 1212175786
1047.72 5032.22 1212175907
1108.88 4700.44 1212175971
1156.74 4431.23 1212176003
1190.43 4218.99 1212176063
1206.38 4117.34 1212176095
2205.35 4148.62 1212176205
2516.47 4200 1212176265
2770.87 4013.46 1212176384
3022.61 3844.8 1212176446
3329.3 3939.74 1212176524
3519.87 3357.82 1212176577
3542.03 3553.28 1212176641
3339.93 3000.42 1212176697
3149.36 2817.26 1212176758
3145.81 2825.08 1212176818
3145.81 2831.78 1212176882
3142.27 2839.59 1212176939
3158.22 2822.84 1212177000
3144.04 2841.83 1212177123
3156.45 2822.84 1212177244
3164.43 2807.21 1212177305
3167.97 2801.62 1212177365
3165.31 2798.27 1212177427
3163.54 2798.27 1212177488
3163.54 2802.74 1212177548
3176.84 2761.42 1212177717
3176.84 2761.42 1212177776
3176.84 2754.72 1212177836
3170.63 2774.82 1212177897
3170.63 2775.94 1212177938
3091.74 2799.39 1212177997
14676 10755 1212178021
12010.6 8958.74 1212178027
10551.6 7975.25 1212178029
8816.08 6806.4 1212178035
4075.64 3700.71 1212178074
2898.51 3043.98 1212178131
2817.85 3517.54 1212178254
2239.03 3556.63 1212178372
1778.11 3471.74 1212178433
13754.2 11134 1212178458
10991.3 9386.81 1212178461
8853.31 8034.48 1212178468
7138.13 7016.47 1212178486
5579.85 6027.64 1212178491
4093.37 5083.6 1212178499
2855.08 4297.18 1212178508
1524.6 3555.51 1212178534
875.758 3333.25 1212178594
471.562 3268.47 1212178654
101.049 3615.83 1212178819
41.6605 3939.74 1212178876
444.084 4192.18 1212178997
733.048 4239.1 1212179058
906.782 4262.55 1212179120
906.782 4262.55 1212179135
923.623 4169.84 1212179186
793.323 3914.05 1212179243
852.711 3634.81 1212179306
563.747 3173.53 1212179417
-234.008 3040.63 1212179475
-991.875 2901.02 1212179535
-1018.47 2523.54 1212179595
-913.873 1466.01 1212179715
-897.918 1381.15 1212179775
-824.347 957.96 1212179835
-754.322 645.327 1212179929
-754.322 645.327 1212179933
-793.323 772.612 1212179991
-857.143 1171.23 1212180112
-912.986 1516.26 1212180233
-1035.31 2284.55 1212180354
-974.147 2798.27 1212180475
-710.002 2855.23 1212180508
-396.218 2997.07 1212180568
121.436 3207.04 1212180687
10693.5 9548.88 1212180721
8673.37 8157.41 1212180751
6898.81 7056.7 1212180754
5234.16 6026.52 1212180761
3677.65 5052.33 1212180767
2358.7 4189.95 1212180777
1103.56 3400.26 1212180824
1198.41 3316.49 1212180884
1092.04 3265.12 1212180944
1046.83 3355.58 1212181006
1009.6 3826.93 1212181055
983.011 3753.21 1212181076
980.352 3749.86 1212181137
983.011 3747.62 1212181216
916.532 4143.03 1212181277
669.228 4129.63 1212181339
207.416 4052.56 1212181399
-102.822 4110.64 1212181517
-68.2524 4116.23 1212181524
213.621 4158.67 1212181579
428.129 4191.07 1212181639
692.274 4233.51 1212181700
1231.2 4013.46 1212181914
1256.91 3857.09 1212181975
1284.39 3417.01 1212182036
1591.08 3436 1212182096
2047.57 3498.55 1212182157
2153.05 3545.46 1212182217
2911.81 3773.31 1212182366
3077.56 3825.81 1212182426
3050.97 3596.84 1212182486
3422.37 3250.6 1212182611
3409.07 3065.2 1212182669
3128.97 2796.04 1212182789
3008.42 2504.55 1212182910
3198.11 2270.03 1212182947
2564.34 1412.42 1212183005
2691.98 801.642 1212183068
2743.39 -250.078 1212183129
2860.39 -1011.43 1212183162
2860.39 -1011.43 1212183175
2811.64 -1268.18 1212183185
2874.58 -1249.2 1212183214
3341.71 -1172.18 1212183226
3748.56 -1008.08 1212183286
3623.58 -909.847 1212183346
3623.58 -910.963 1212183408
3605.85 -918.777 1212183468
3605.85 -918.777 1212183532
3585.47 -937.754 1212183592
3584.58 -936.638 1212183619
3585.47 -936.638 1212183679
3585.47 -936.638 1212183739
3584.58 -947.801 1212183801
3588.12 -951.15 1212183863
3583.69 -961.197 1212183922
3583.69 -967.895 1212183981
3575.72 -984.639 1212184015
3577.49 -987.988 1212184075
3580.15 -986.872 1212184135
3660.81 -984.639 1212184195
