1728.47 5162.92 1212522597
1735.56 5152.87 1212522719
1732.9 5158.45 1212522777
1330.48 5085.84 1212522888
1072.54 4723.9 1212523012
488.403 4630.06 1212523073
106.367 4567.51 1212523130
-39.0014 4474.79 1212523191
-0.886394 4239.1 1212523251
26.5918 4132.98 1212523315
796.869 4246.92 1212523495
1008.72 4281.54 1212523557
1207.27 4165.37 1212523618
1230.32 4019.05 1212523676
1275.52 3747.62 1212523737
1332.25 3414.78 1212523798
1608.81 3442.7 1212523861
2040.48 3507.48 1212523918
2319.69 3552.16 1212523982
2710.59 3592.37 1212524040
2808.1 3589.02 1212524101
2875.46 3554.39 1212524161
2846.21 3573.38 1212524224
2840.89 3562.21 1212524285
2845.33 3549.93 1212524343
2848.87 3554.39 1212524366
2848.87 3552.16 1212524425
2840.01 3555.51 1212524488
2816.96 3565.56 1212524548
2826.71 3567.8 1212524600
2826.71 3571.15 1212524661
2829.37 3563.33 1212524720
2819.62 3546.58 1212524780
2821.39 3547.69 1212524840
2857.74 3591.25 1212524901
2827.6 3582.32 1212524963
2818.73 3568.91 1212525018
2809.87 3568.91 1212525078
2808.1 3558.86 1212525109
2919.78 3645.98 1212525167
2567 3366.75 1212525287
2398.58 3470.63 1212525347
2251.44 3448.29 1212525408
1652.24 3345.53 1212525468
1671.74 3363.4 1212525501
1671.74 3363.4 1212525503
1832.18 3261.77 1212525565
2245.24 3305.32 1212525624
2296.65 3163.48 1212525687
2341.85 2930.06 1212525745
2573.2 2957.98 1212525808
2607.77 2905.49 1212525865
2638.8 2867.52 1212525898
2760.23 2787.1 1212525961
2949.92 2899.9 1212526024
2925.99 2964.68 1212526082
2928.65 2964.68 1212526143
2928.65 2957.98 1212526203
2929.53 2959.1 1212526264
2931.31 2960.21 1212526326
2569.66 2643.04 1212526445
