14088.4 3955.38 1212632629
14247 4250.27 1212632689
14234.6 4536.23 1212632749
13894.2 4875.82 1212632810
13966.9 5032.22 1212632870
14624.6 6142.71 1212632931
14284.2 7341.64 1212632991
12818.2 7508.14 1212633048
11375.1 7243.31 1212633104
10790.1 7205.31 1212633164
9444.53 6844.39 1212633224
8020.98 6528.18 1212633277
6655.05 5974.01 1212633330
5654.31 4866.88 1212633384
4675.73 3725.29 1212633438
4268.88 3248.36 1212633465
3519.87 3011.59 1212633526
3435.66 3083.07 1212633575
3294.73 2965.8 1212633610
3116.56 2731.26 1212633670
2906.49 2563.74 1212633730
2663.62 2319.17 1212633792
2148.62 1818.88 1212633850
1904.86 1575.45 1212633910
1538.78 1482.76 1212633970
1397.84 819.507 1212634031
1276.41 176.399 1212634091
1252.48 179.749 1212634152
1267.54 -106.061 1212634215
1287.04 -410.839 1212634294
1474.07 -526.942 1212634354
1491.8 -514.662 1212634378
1641.6 -333.808 1212634438
1876.5 -281.338 1212634499
1837.5 181.981 1212634561
1797.61 720.134 1212634619
1975.77 1008.21 1212634679
3011.08 1289.59 1212634800
3397.55 1686 1212634862
3580.15 1841.21 1212634899
3580.15 1842.33 1212634903
3579.26 1842.33 1212634907
3358.55 1655.85 1212634967
2889.65 1433.63 1212635027
2631.71 1731.78 1212635087
2163.69 2100.29 1212635147
1857.88 1803.25 1212635207
1446.6 1921.62 1212635267
1055.7 1755.23 1212635329
603.635 1677.06 1212635389
-103.708 1559.81 1212635452
-218.939 1335.37 1212635513
-218.939 1335.37 1212635521
-223.371 1221.47 1212635579
-30.1374 1024.95 1212635639
0.886394 798.292 1212635699
39.8877 333.822 1212635759
46.9789 90.432 1212635819
54.0701 65.8701 1212635859
83.3211 -267.941 1212635919
123.209 -741.281 1212635982
-54.0701 -1072.83 1212636042
-491.063 -1282.69 1212636099
-613.385 -1601.93 1212636162
-484.858 -1524.91 1212636220
-484.858 -1524.91 1212636224
-684.297 -1542.77 1212636284
-191.461 -1284.92 1212636345
148.028 -1060.55 1212636406
149.801 -1058.32 1212636414
121.436 -710.024 1212636474
78.0027 -189.792 1212636534
62.934 50.2399 1212636596
62.934 50.2399 1212636599
62.934 50.2399 1212636603
48.7517 236.688 1212636663
23.0463 591.734 1212636723
-4.43197 918.88 1212636783
-114.345 1204.73 1212636843
-639.977 1480.53 1212636963
-1381.89 1357.7 1212637023
-1748.86 898.782 1212637083
-2330.33 672.123 1212637144
-2767.32 645.327 1212637204
-3620.92 600.666 1212637265
-4244.94 568.287 1212637325
-5116.27 516.927 1212637386
-6332.4 168.584 1212637510
-6331.52 168.584 1212637517
-6195.9 27.911 1212637577
-6187.92 27.911 1212637582
-6057.62 36.8425 1212637643
-6266.81 33.4932 1212637704
-6423.7 148.488 1212637740
-6231.35 97.1307 1212637802
-6104.6 39.0754 1212637860
-6121.44 44.6577 1212637910
