4105.78 -9553.37 1212872036
3760.09 -6546.41 1212872134
2950.81 -3627.62 1212872223
3737.93 616.297 1212872386
3274.34 1425.82 1212872446
3131.63 1688.23 1212872509
3339.93 1897.05 1212872566
3664.35 1940.6 1212872629
3827.45 2131.56 1212872688
3786.68 2507.9 1212872747
3511.89 2773.7 1212872808
3482.64 2873.1 1212872871
3451.62 2870.87 1212872932
3451.62 2859.7 1212872990
3417.94 2857.46 1212873111
3426.8 2857.46 1212873172
3428.57 2854.11 1212873232
3418.82 2850.76 1212873293
3425.03 2855.23 1212873355
3428.57 2865.28 1212873534
3407.3 2831.78 1212873595
3413.5 2837.36 1212873657
3436.55 2868.63 1212873718
3463.14 2895.44 1212873836
3463.14 2895.44 1212873857
3744.13 2524.66 1212873917
3505.69 1644.68 1212874037
3338.16 1300.75 1212874097
2726.55 -2828.57 1212874238
3114.79 -4281.54 1212874290
4117.3 -8669.02 1212874420
3748.56 -10144.4 1212874471
