3089.97 4135.21 1211428802
3091.74 4135.21 1211428865
3096.18 4091.65 1211428922
2730.98 3910.7 1211429043
2739.85 3927.46 1211429071
2457.09 3886.13 1211429132
2311.72 3787.83 1211429192
2051.12 3623.64 1211429253
1635.4 3548.81 1211429313
1326.93 3507.48 1211429374
1208.16 3499.67 1211429434
1029.1 3467.27 1211429495
959.079 3876.07 1211429557
832.324 4640.12 1211429679
789.777 4864.65 1211429737
410.401 4828.9 1211429797
-21.2735 4759.64 1211429858
-210.075 4834.49 1211429919
-393.559 4825.55 1211429980
-394.446 4822.2 1211430040
-395.332 4823.32 1211430045
-201.212 4737.3 1211430105
-54.9565 4740.65 1211430167
337.716 4805.44 1211430208
413.06 4822.2 1211430266
937.805 4984.18 1211430327
1201.95 5053.44 1211430385
1203.72 5054.56 1211430403
1626.53 5126.06 1211430465
1662.88 5139.46 1211430525
2027.18 5195.32 1211430585
2489.88 5263.47 1211430646
2612.2 5202.02 1211430707
2935.74 4935.03 1211430767
3001.33 4702.67 1211430828
3101.49 4144.15 1211430888
3149.36 3758.79 1211430950
3242.43 3408.08 1211431009
3166.2 3065.2 1211431071
2801.01 2734.61 1211431132
2832.03 2657.55 1211431193
3092.63 2811.67 1211431316
3057.17 2884.27 1211431374
2845.33 2822.84 1211431545
2848.87 3058.5 1211431603
2641.46 2863.05 1211431663
2354.26 2584.96 1211431725
2081.25 2295.72 1211431784
2004.14 2316.94 1211431844
1817.99 2300.19 1211431897
1390.75 2238.76 1211431957
1109.77 2188.51 1211432017
1085.83 2088.01 1211432078
1173.59 1554.23 1211432137
1130.15 1364.4 1211432198
883.735 1122.1 1211432258
708.229 936.745 1211432318
508.79 842.954 1211432379
-15.9551 802.758 1211432439
-117.004 797.176 1211432475
-120.55 796.059 1211432477
-8.86394 798.292 1211432537
467.13 832.905 1211432597
582.361 844.071 1211432657
592.111 992.574 1211432709
615.158 1333.14 1211432772
577.043 1587.73 1211432830
544.246 1770.86 1211432890
479.539 2267.8 1211432950
400.65 2763.65 1211433012
361.649 2987.02 1211433072
311.124 3229.38 1211433133
468.016 3252.83 1211433193
491.949 3252.83 1211433254
491.949 3252.83 1211433258
299.601 3220.44 1211433318
191.461 3003.77 1211433380
216.28 2868.63 1211433438
218.939 2864.16 1211433498
219.826 2863.05 1211433561
213.621 2866.4 1211433618
209.189 2868.63 1211433679
204.757 2860.81 1211433742
214.507 2853 1211433864
363.422 2812.79 1211433983
382.922 2746.9 1211434043
344.807 2382.83 1211434105
289.851 2414.1 1211434165
336.83 2588.31 1211434226
334.171 2592.78 1211434286
336.83 2593.9 1211434347
337.716 2590.55 1211434407
339.489 2591.66 1211434468
339.489 2591.66 1211434509
337.716 2593.9 1211434569
337.716 2598.36 1211434629
338.603 2598.36 1211434689
338.603 2597.25 1211434749
339.489 2595.01 1211434810
339.489 2589.43 1211434870
336.83 2591.66 1211434931
336.83 2593.9 1211434991
339.489 2586.08 1211435052
338.603 2592.78 1211435112
339.489 2591.66 1211435173
340.375 2586.08 1211435233
339.489 2589.43 1211435295
342.148 2587.2 1211435355
340.375 2588.31 1211435418
332.398 2595.01 1211435476
337.716 2593.9 1211435537
335.943 2583.85 1211435597
337.716 2584.96 1211435658
336.83 2587.2 1211435721
331.512 2595.01 1211435782
332.398 2591.66 1211435839
332.398 2592.78 1211435900
335.057 2589.43 1211435960
337.716 2590.55 1211436021
334.171 2589.43 1211436081
337.716 2588.31 1211436266
332.398 2593.9 1211436324
333.284 2591.66 1211436385
340.375 2591.66 1211436445
338.603 2592.78 1211436506
335.057 2588.31 1211436546
335.057 2586.08 1211436606
333.284 2596.13 1211436666
335.943 2598.36 1211436726
335.943 2595.01 1211436786
336.83 2592.78 1211436847
336.83 2591.66 1211436907
338.603 2593.9 1211436932
339.489 2590.55 1211436992
316.443 2498.97 1211437052
288.965 2495.62 1211437113
293.397 2485.57 1211437174
262.373 2562.63 1211437235
306.692 2804.97 1211437295
944.896 2909.96 1211437355
1240.95 2907.72 1211437415
1689.47 3032.81 1211437476
2294.88 3119.92 1211437536
2680.46 3196.99 1211437597
2776.19 3517.54 1211437657
2776.19 3517.54 1211437666
2338.31 3562.21 1211437726
2084.8 3513.07 1211437787
1927.02 3454.99 1211437847
1880.93 3367.87 1211437906
1864.97 3363.4 1211437908
1516.62 3313.14 1211437968
1341.11 3387.97 1211438028
1289.7 3688.43 1211438089
1231.2 3977.72 1211438149
1342 4006.76 1211438211
1516.62 4034.69 1211438270
2452.65 4191.07 1211438331
2998.67 4268.14 1211438391
3258.39 4299.42 1211438453
3140.5 4725.01 1211438513
2669.82 5199.79 1211438574
2383.51 5347.25 1211438634
2278.92 5389.7 1211438695
2272.72 5389.7 1211438755
2270.94 5387.47 1211438816
2271.83 5385.24 1211438876
2271.83 5386.35 1211438928
2272.72 5386.35 1211438988
2270.94 5384.12 1211439048
2270.94 5385.24 1211439108
2271.83 5388.59 1211439168
2272.72 5387.47 1211439229
2271.83 5387.47 1211439290
2270.06 5380.77 1211439350
2269.17 5383 1211439413
2273.6 5388.59 1211439474
2273.6 5388.59 1211439533
2273.6 5388.59 1211439592
2271.83 5385.24 1211439719
2272.72 5389.7 1211439774
2271.83 5389.7 1211439834
2271.83 5387.47 1211439895
2270.06 5386.35 1211439955
2270.06 5387.47 1211439982
2292.22 5366.24 1211440041
2703.5 5141.7 1211440102
2988.04 4819.97 1211440162
3103.27 4072.66 1211440222
3065.15 3610.24 1211440282
3050.08 3151.2 1211440342
2816.96 2758.07 1211440402
2265.62 2206.38 1211440463
2005.91 1950.65 1211440524
1771.9 1710.56 1211440584
1527.26 1469.36 1211440645
1388.09 1330.9 1211440705
1381.89 965.776 1211440766
1377.46 716.785 1211440826
1429.75 410.86 1211440888
1469.64 -140.67 1211440948
1507.76 -698.861 1211441009
1556.51 -1220.18 1211441069
1350.87 -1720.25 1211441130
1145.22 -2126.54 1211441190
1681.49 -2348.65 1211441251
1972.23 -2557.36 1211441313
2080.37 -2554.01 1211441368
2083.91 -2514.95 1211441369
1952.73 -2360.93 1211441430
1635.4 -2340.84 1211441490
1635.4 -2341.95 1211441523
1172.7 -2078.54 1211441584
1383.66 -1658.86 1211441644
1563.6 -1260.36 1211441706
1503.32 -526.942 1211441764
1463.44 7.81507 1211441826
1435.96 351.686 1211441884
1400.5 802.758 1211441945
1490.92 1383.38 1211442005
1487.37 1583.26 1211442066
1417.34 2014.3 1211442126
1327.82 2533.59 1211442187
1451.91 2990.37 1211442247
1699.22 2954.63 1211442309
1699.22 2951.28 1211442318
1554.74 2904.37 1211442366
1297.68 2861.93 1211442426
1287.93 2670.96 1211442488
1164.72 2649.74 1211442546
1027.33 2521.31 1211442607
1096.47 2055.62 1211442670
918.305 1893.7 1211442728
916.532 1893.7 1211442768
915.645 1892.58 1211442774
1101.79 1862.43 1211442829
1138.13 1813.3 1211442890
1413.8 1812.18 1211442950
1445.71 1815.53 1211443012
1507.76 2310.24 1211443072
1437.73 2717.86 1211443133
1384.55 3056.26 1211443193
1267.54 3068.55 1211443254
1266.66 3069.66 1211443314
1264 3069.66 1211443339
1264.88 3080.83 1211443399
1271.09 3084.18 1211443459
1266.66 3089.77 1211443519
1267.54 3066.31 1211443579
1268.43 3076.37 1211443640
1269.32 3069.66 1211443700
1269.32 3066.31 1211443735
1264.88 3068.55 1211443795
1263.11 3068.55 1211443855
1261.34 3068.55 1211443916
1264.88 3052.91 1211443977
1268.43 3046.21 1211444038
1267.54 3040.63 1211444098
1264 3048.44 1211444159
1259.57 3049.56 1211444219
1262.23 3059.61 1211444280
1267.54 3058.5 1211444340
1264 3054.03 1211444401
1269.32 3058.5 1211444461
1266.66 3050.68 1211444522
1240.07 3077.48 1211444575
1213.47 3093.12 1211444635
1266.66 3058.5 1211444696
1267.54 3049.56 1211444755
1264.88 3055.14 1211444816
1261.34 3059.61 1211444876
1248.93 3064.08 1211444920
1267.54 3057.38 1211444978
1264.88 3058.5 1211445040
1264 3058.5 1211445099
1245.38 3060.73 1211445159
1178.02 3093.12 1211445220
1263.11 3071.9 1211445280
1264 3066.31 1211445341
1263.11 3060.73 1211445401
1248.04 3055.14 1211445462
1264.88 3058.5 1211445522
1264 3064.08 1211445584
1263.11 3059.61 1211445644
1264 3061.85 1211445705
1268.43 3070.78 1211445765
1264.88 3073.01 1211445826
1264.88 3067.43 1211445886
1254.25 3060.73 1211445947
1184.22 3050.68 1211446007
1251.59 3056.26 1211446068
1262.23 3059.61 1211446128
1260.45 3058.5 1211446189
1241.84 3058.5 1211446249
1263.11 3074.13 1211446310
1263.11 3066.31 1211446370
1258.68 3060.73 1211446431
1257.79 3061.85 1211446491
1265.77 3068.55 1211446551
1263.11 3079.72 1211446612
1261.34 3074.13 1211446672
1264 3067.43 1211446733
1266.66 3067.43 1211446793
1263.11 3073.01 1211446854
1260.45 3058.5 1211446914
1262.23 3064.08 1211446975
1266.66 3064.08 1211447035
1270.2 3071.9 1211447096
1264 3070.78 1211447157
1263.11 3067.43 1211447210
1259.57 3075.25 1211447270
1234.75 3136.68 1211447331
1168.27 3524.24 1211447390
1368.59 4017.93 1211447451
1590.19 4046.97 1211447482
2423.4 4184.36 1211447541
2916.24 4268.14 1211447601
2580.29 4220.11 1211447662
2577.64 4222.34 1211447677
2529.77 4192.18 1211447737
2657.41 4225.69 1211447797
2527.11 4253.62 1211447857
2416.31 4192.18 1211447917
2163.69 4146.39 1211447977
1105.33 3977.72 1211448037
804.846 3939.74 1211448097
858.03 3517.54 1211448157
935.146 3023.87 1211448217
1065.45 2203.03 1211448279
1183.34 1492.81 1211448339
1185.11 1476.06 1211448400
1100.02 1342.07 1211448460
1027.33 1262.79 1211448482
1006.94 1243.81 1211448484
799.528 1037.24 1211448544
307.579 549.306 1211448604
47.8653 195.379 1211448664
53.1837 199.845 1211448724
128.527 344.987 1211448785
498.154 711.202 1211448845
903.236 1118.75 1211448906
1293.25 1811.06 1211449027
1523.71 2051.15 1211449083
1490.03 2357.14 1211449143
1427.1 2802.74 1211449203
1523.71 2994.84 1211449263
1389.87 3088.65 1211449323
1323.39 3486.26 1211449384
1293.25 3702.95 1211449441
1712.51 3768.85 1211449501
1568.92 3850.38 1211449561
1105.33 3780.02 1211449621
834.984 3649.33 1211449682
744.571 3188.05 1211449742
-223.371 3048.44 1211449803
-944.896 2925.59 1211449863
-1049.49 2282.32 1211449924
-938.692 1546.41 1211449984
-1110.65 1404.6 1211450046
-1720.49 1050.64 1211450106
-2340.97 673.24 1211450153
-2756.69 645.327 1211450213
-3858.47 587.268 1211450273
-4332.7 161.885 1211450333
-4296.35 -476.705 1211450393
-4097.8 -897.567 1211450453
-4042.85 -1585.19 1211450513
-4211.26 -1936.79 1211450574
-4213.03 -1923.4 1211450603
-4210.37 -1922.28 1211450694
-4219.24 -1786.11 1211450736
-4219.24 -1743.69 1211450855
-3987.89 -1935.68 1211450915
-3560.65 -1910 1211450975
-3557.99 -1509.29 1211451036
-3600.53 -745.747 1211451096
-3659.04 198.728 1211451156
-3158.22 617.414 1211451217
-2746.05 641.977 1211451279
-2011.23 672.123 1211451338
-1559.17 885.383 1211451398
-1306.55 1049.52 1211451459
-657.705 1154.48 1211451520
-116.118 1241.57 1211451581
-117.004 1242.69 1211451591
-121.436 1242.69 1211451650
-836.756 1128.8 1211451709
-1323.39 1051.75 1211451770
-1322.5 1050.64 1211451830
-1322.5 1050.64 1211451832
-1322.5 1051.75 1211451839
-1014.04 1098.65 1211451899
-319.988 1210.31 1211451961
-136.505 1239.34 1211452020
-215.394 1853.5 1211452081
-209.189 1866.9 1211452141
-209.189 1866.9 1211452173
-209.189 1866.9 1211452176
187.916 1931.67 1211452237
788.005 2027.7 1211452297
1225 2195.21 1211452357
1480.28 2429.73 1211452417
1432.41 2708.93 1211452446
1374.8 3086.42 1211452506
1310.09 3482.91 1211452566
1265.77 3777.78 1211452626
1226.77 3976.6 1211452668
1415.57 3727.52 1211452728
1536.12 3622.53 1211452788
1365.05 3504.13 1211452848
1104.45 3461.69 1211452909
871.326 3336.6 1211452969
957.306 2828.43 1211453030
1095.58 2053.39 1211453091
1146.99 1382.27 1211453152
885.508 1114.28 1211453212
782.686 874.218 1211453273
811.937 492.364 1211453333
829.665 337.171 1211453371
828.779 336.055 1211453373
649.727 136.207 1211453433
607.18 638.628 1211453493
597.43 796.059 1211453553
596.543 884.267 1211453583
620.476 957.96 1211453604
702.911 965.776 1211453664
583.248 897.666 1211453724
584.134 860.819 1211453766
619.59 860.819 1211453827
485.744 1196.91 1211453887
426.356 1526.31 1211453948
410.401 1635.75 1211454008
350.126 2061.2 1211454069
256.168 2637.45 1211454129
2.65918 2682.12 1211454190
-1156.74 2473.28 1211454252
-1688.58 2397.34 1211454311
-2619.3 2334.81 1211454371
-3011.97 2312.47 1211454432
-3953.32 2261.1 1211454495
-4146.55 2251.05 1211454553
-4526.82 2226.48 1211454613
-5134 2195.21 1211454674
-5136.66 2195.21 1211454703
-5144.63 2194.1 1211454704
-5027.63 2184.04 1211454766
-4227.22 2228.71 1211454827
-3348.8 2280.08 1211454890
-2655.64 2320.29 1211454948
-2171.67 2343.74 1211455009
-1276.41 2448.72 1211455069
-355.444 2578.26 1211455133
171.074 2676.54 1211455182
381.15 2707.81 1211455242
799.528 2773.7 1211455302
1005.17 2615.12 1211455362
1244.5 1403.48 1211455467
1363.27 931.162 1211455527
1365.05 931.162 1211455587
1365.05 930.046 1211455647
1364.16 927.813 1211455707
1366.82 923.346 1211455767
1366.82 918.88 1211455827
1596.4 755.864 1211455887
2055.55 599.549 1211455948
2274.49 42.4248 1211456008
2348.95 -780.353 1211456068
2484.56 -1309.48 1211456129
3747.68 -1118.59 1211456189
3576.6 -984.639 1211456249
3576.6 -991.337 1211456309
3581.92 -989.105 1211456349
3666.13 -966.778 1211456409
3671.45 -962.313 1211456469
