3334.62 -15946.2 1213032925
2629.93 -13012.9 1213033036
3592.56 -10374.1 1213033137
4191.76 -8992.44 1213033186
3635.99 -5890.44 1213033285
3184.82 -4446.68 1213033333
3554.44 -1769.36 1213033448
3853.16 -267.941 1213033509
3362.98 1182.39 1213033567
3676.76 1770.86 1213033627
3840.75 1937.25 1213033687
3781.36 2048.92 1213033770
3893.04 2158.36 1213033808
3894.82 2146.08 1213033918
3994.98 2275.62 1213033976
3741.47 2545.87 1213034035
3208.75 3051.79 1213034158
3099.72 3077.48 1213034215
2885.21 3031.69 1213034275
2917.12 3183.58 1213034338
2523.56 3239.43 1213034396
2516.47 3237.19 1213034427
2448.22 3286.34 1213034516
2354.26 3309.79 1213034559
2541.29 3402.49 1213034619
2498.75 3566.68 1213034680
2791.26 3625.88 1213034740
2841.78 3586.79 1213034799
2863.05 3565.56 1213034833
2865.71 3574.5 1213034956
2846.21 3580.08 1213035013
2854.19 3581.2 1213035074
2836.46 3575.62 1213035137
2836.46 3575.62 1213035203
2859.51 3581.2 1213035263
2859.51 3574.5 1213035318
2811.64 3580.08 1213035380
2973.85 3505.25 1213035446
3037.67 3318.73 1213035506
3291.18 3008.24 1213035544
3462.26 2857.46 1213035602
3608.51 2669.84 1213035662
3591.67 2683.24 1213035723
3244.2 3085.3 1213035784
3144.93 3070.78 1213035844
2873.69 3129.97 1213035904
2858.62 3457.22 1213035965
2778.85 3557.75 1213036025
2775.3 3692.89 1213036066
2729.21 4098.35 1213036123
2441.13 4336.28 1213036212
2350.72 4485.96 1213036274
2347.17 4555.22 1213036312
2344.51 4563.04 1213036314
2172.55 4575.33 1213036376
2414.54 4341.86 1213036437
2647.66 4138.57 1213036496
2647.66 4130.75 1213036520
2866.6 3935.27 1213036576
2871.03 3968.78 1213036594
2719.46 3589.02 1213036714
2481.02 3586.79 1213036771
2231.94 3548.81 1213036834
2215.99 3614.71 1213036876
2215.1 3615.83 1213036878
2200.92 3555.51 1213036939
2227.51 3529.82 1213036999
2224.85 3544.34 1213037019
2204.46 3453.87 1213037079
2264.74 3048.44 1213037143
2321.47 2893.2 1213037201
2496.97 2893.2 1213037246
2500.52 2895.44 1213037248
2693.75 2941.23 1213037309
2703.5 3113.22 1213037370
2666.27 3389.09 1213037427
2832.03 3625.88 1213037487
2829.37 3584.55 1213037548
2832.92 3581.2 1213037611
2834.69 3583.43 1213037672
2838.23 3583.43 1213037724
3013.74 3605.77 1213037785
3624.47 3303.09 1213037907
3641.31 3304.21 1213037967
3617.38 3282.99 1213038000
3621.81 3293.04 1213038011
3620.92 3296.39 1213038023
3290.3 3119.92 1213038087
3056.29 2851.88 1213038146
3087.31 2917.77 1213038208
3043.88 2838.48 1213038246
2871.92 3115.46 1213038305
2841.78 3309.79 1213038366
2797.46 3622.53 1213038488
2824.05 3628.11 1213038546
2843.55 3629.23 1213038731
2832.03 3686.19 1213038787
3269.91 3753.21 1213038905
3424.14 3701.83 1213038966
3474.67 3729.75 1213039027
