3740.58 -971.244 1212252485
3717.54 -912.079 1212252545
3597.88 -921.01 1212252577
3574.83 -1105.2 1212252638
3347.91 -1165.48 1212252698
2975.63 -1193.39 1212252758
2907.37 -1301.66 1212252819
2912.69 -1307.24 1212252882
2912.69 -1307.24 1212252940
2913.58 -1301.66 1212253001
2911.81 -1307.24 1212253061
2911.81 -1306.13 1212253121
2986.26 -1211.25 1212253181
3579.26 -1106.32 1212253241
3569.51 -1104.08 1212253301
3422.37 -1164.36 1212253361
3487.96 -1422.22 1212253421
3273.45 -1462.4 1212253464
3009.31 -1566.21 1212253485
2896.74 -1661.09 1212253546
2809.87 -2135.47 1212253606
2575.86 -2462.49 1212253667
2559.02 -2625.44 1212253727
2716.8 -2981.46 1212253788
2878.12 -3292.83 1212253848
3149.36 -3245.96 1212253902
3167.09 -3307.34 1212253962
3174.18 -3316.27 1212254019
2992.47 -3584.1 1212254079
3080.22 -4048.32 1212254140
3220.27 -4907.51 1212254201
2429.61 -5618.22 1212254325
2091 -5501.08 1212254384
1712.51 -5368.31 1212254444
1410.25 -5276.82 1212254507
1398.73 -5272.36 1212254565
1364.16 -5255.62 1212254615
1347.32 -5248.93 1212254617
893.486 -5012.39 1212254677
750.776 -4596.2 1212254737
15.9551 -4150.98 1212254858
37.2286 -4026 1212254918
277.441 -3645.48 1212255041
563.747 -3292.83 1212255099
1033.54 -2568.52 1212255193
1042.4 -2172.3 1212255253
1020.24 -2009.34 1212255293
944.896 -1550.59 1212255351
811.051 -1558.4 1212255411
810.165 -1562.86 1212255471
811.051 -1576.26 1212255531
810.165 -1571.79 1212255592
785.345 -1562.86 1212255613
981.239 -1620.91 1212255695
1006.94 -1953.53 1212255748
1014.04 -1982.55 1212255809
1014.04 -1981.44 1212255842
1246.27 -1807.31 1212255929
1466.98 -1505.94 1212255990
1659.33 -1323.99 1212256050
1935 -1329.57 1212256111
1944.75 -1203.43 1212256172
1913.73 -727.885 1212256232
1864.09 -126.157 1212256295
1825.09 386.297 1212256353
1772.79 1002.62 1212256414
1904.86 1285.12 1212256474
1999.71 1377.8 1212256535
2145.96 1548.65 1212256595
2145.07 1546.41 1212256636
2145.07 1546.41 1212256638
2303.74 1420.23 1212256698
2146.85 1266.14 1212256737
1987.3 1371.1 1212256794
2302.85 1615.65 1212256898
2013 1633.51 1212256958
1716.95 1385.62 1212257017
1720.49 1381.15 1212257051
1720.49 1381.15 1212257053
1568.03 1228.17 1212257113
1535.24 1093.07 1212257173
1006.94 1076.32 1212257233
632.886 861.936 1212257294
257.941 493.481 1212257354
-198.552 244.504 1212257415
-686.956 207.66 1212257476
-951.101 186.447 1212257503
-1332.25 218.825 1212257563
-1362.39 509.112 1212257623
-1074.31 665.424 1212257683
-1002.51 659.842 1212257743
-1006.06 649.793 1212257804
-1006.94 648.676 1212257911
-1003.4 652.026 1212257973
-1003.4 650.909 1212258031
-1005.17 648.676 1212258085
-1004.28 649.793 1212258145
-982.125 512.461 1212258206
-959.079 119.46 1212258267
10692.6 7886.97 1212258282
9487.97 7032.11 1212258286
6859.81 5040.04 1212258311
5099.43 3815.76 1212258316
3751.22 2869.75 1212258320
2303.74 1863.55 1212258329
868.667 842.954 1212258335
-284.533 -135.088 1212258357
-737.48 -1243.62 1212258463
-829.665 -1275.99 1212258523
-766.731 -903.149 1212258584
-786.232 -419.77 1212258643
-1048.6 -98.246 1212258704
-966.17 77.0346 1212258764
-992.762 271.299 1212258825
-1099.13 798.292 1212258885
-1122.18 970.242 1212258907
-1271.98 1059.57 1212258968
-1448.37 1120.98 1212259028
-1162.06 1177.93 1212259093
-1015.81 1096.42 1212259150
-876.644 1268.37 1212259210
-897.918 1354.35 1212259270
-806.619 826.206 1212259330
-1009.6 780.428 1212259409
-1057.47 981.408 1212259470
-1029.99 778.194 1212259530
-1123.06 969.126 1212259591
-1059.24 1301.87 1212259651
-676.319 1369.98 1212259714
-385.582 1412.42 1212259774
-163.097 1445.92 1212259833
595.657 1573.21 1212259894
995.421 1634.63 1212259957
1543.21 1845.68 1212260014
2179.64 1263.91 1212260074
2379.97 1219.24 1212260129
3036.79 1870.25 1212260249
3369.19 2140.49 1212260310
3369.19 2140.49 1212260323
3634.22 2186.28 1212260383
3657.26 2234.3 1212260424
3478.21 2416.33 1212260506
3460.48 2597.25 1212260569
3838.09 2809.44 1212260629
4851.24 3908.47 1212260681
5838.68 5037.8 1212260736
5722.56 5552.81 1212260798
6061.17 5654.48 1212260919
5953.03 5582.98 1212260981
5908.71 5690.23 1212261043
5927.32 5679.06 1212261100
5936.18 5670.12 1212261125
6023.05 5703.64 1212261185
6002.66 5437.74 1212261262
5498.3 4693.74 1212261322
4583.55 3619.18 1212261382
3830.11 2810.56 1212261442
3523.42 3181.35 1212261503
3226.48 2883.15 1212261563
3159.11 2819.49 1212261623
3114.79 2787.1 1212261745
3123.65 2811.67 1212261865
3152.91 2787.1 1212261923
3158.22 2756.95 1212261983
3158.22 2756.95 1212262003
2994.24 2608.42 1212262062
2938.4 2615.12 1212262122
3046.54 2454.3 1212262182
2756.69 1818.88 1212262242
2699.07 338.288 1212262305
2842.67 -1153.2 1212262360
3050.97 -4075.1 1212262457
3818.59 -6997.08 1212262553
3836.32 -10028.4 1212262653
2794.8 -11140.1 1212262701
2838.23 -14126.4 1212262795
3145.81 -15591.9 1212262844
4013.59 -16182.4 1212262905
4516.18 -16169 1212262965
4513.52 -16169 1212263005
4514.41 -16169 1212263008
4510.86 -16173.5 1212263087
4510.86 -16173.5 1212263089
4545.43 -15961.8 1212263149
3817.7 -16209.2 1212263211
