4406.27 -16050.9 1212772442
4409.81 -16039.8 1212772504
4411.59 -16043.1 1212772564
4410.7 -16042 1212772625
4406.27 -16037.6 1212772685
4405.38 -16032 1212772746
4409.81 -16028.7 1212772808
4408.93 -16030.9 1212772842
4408.93 -16030.9 1212772900
4409.81 -16033.1 1212773020
4408.93 -16033.1 1212773082
4408.93 -16038.7 1212773140
4409.81 -16039.8 1212773200
4409.81 -16039.8 1212773262
4408.93 -16038.7 1212773320
4408.04 -16039.8 1212773382
4409.81 -16040.9 1212773441
4408.04 -16040.9 1212773501
4408.04 -16039.8 1212773562
4408.93 -16039.8 1212773622
4409.81 -16038.7 1212773683
4411.59 -16037.6 1212773743
4411.59 -16036.5 1212773805
4416.9 -16016.4 1212773866
