4114.64 1116.51 1212589732
4086.28 1470.48 1212589792
3564.19 2341.51 1212589916
3256.61 2667.61 1212589974
3104.15 2794.92 1212590037
2829.37 3088.65 1212590096
2811.64 3466.16 1212590156
2512.04 3501.9 1212590217
2432.27 3574.5 1212590277
1951.84 3477.33 1212590338
1672.63 3459.46 1212590398
1348.21 3412.55 1212590459
1316.3 3505.25 1212590494
1287.93 3672.79 1212590513
1245.38 3796.77 1212590574
1122.18 3754.33 1212590635
1154.97 3516.42 1212590695
1142.56 3517.54 1212590823
1164.72 3504.13 1212590883
1159.4 3507.48 1212590887
1152.31 3497.43 1212590947
1193.97 3278.52 1212591010
1214.36 3175.77 1212591067
1353.52 3171.3 1212591129
1661.1 3145.61 1212591187
1715.17 2827.31 1212591252
1845.47 2092.47 1212591370
2031.62 2239.88 1212591401
2212.44 2410.75 1212591461
2324.13 2544.76 1212591525
2398.58 2599.48 1212591582
2398.58 2599.48 1212591612
2575.86 2870.87 1212591662
2822.28 3081.95 1212591720
2995.13 3144.49 1212591780
3181.27 3491.85 1212591842
3370.96 3734.22 1212591964
3021.72 3477.33 1212592022
2658.3 3551.04 1212592082
2216.87 3548.81 1212592143
2215.99 3543.23 1212592203
2213.33 3544.34 1212592264
1827.75 3482.91 1212592324
1657.56 3658.27 1212592385
1833.06 3985.54 1212592504
1833.95 4006.76 1212592527
1971.34 4059.26 1212592570
1833.06 3990.01 1212592627
1891.57 3631.46 1212592687
1905.75 3530.94 1212592747
1923.48 3360.05 1212592807
2609.55 3389.09 1212592930
2857.74 3436 1212593006
2976.51 3406.96 1212593066
3107.7 3428.18 1212593127
2851.53 3557.75 1212593190
2230.17 3547.69 1212593308
2083.03 3522 1212593368
1892.45 3495.2 1212593398
1353.52 3408.08 1212593443
1319.84 3477.33 1212593504
1266.66 3788.95 1212593588
