3638.65 -922.126 1211728694
3635.99 -914.312 1211728721
3744.13 -966.778 1211728782
3742.36 -964.546 1211728842
3742.36 -967.895 1211728902
3741.47 -970.127 1211728963
3601.42 -987.988 1211729023
3597.88 -984.639 1211729084
3599.65 -990.221 1211729144
3575.72 -1009.2 1211729205
3180.38 -1184.46 1211729265
2251.44 -1311.71 1211729326
2119.37 -1313.94 1211729386
2118.48 -1315.06 1211729388
1443.94 -1339.62 1211729444
1164.72 -1205.66 1211729504
1127.49 -739.049 1211729565
1116.86 -576.062 1211729626
1116.86 -569.364 1211729652
1116.86 -567.131 1211729654
1446.6 -530.291 1211729713
1507.76 -516.895 1211729764
1471.41 -87.0817 1211729827
1442.16 336.055 1211729884
1408.48 711.202 1211729945
1498.89 1403.48 1211730005
1439.5 1372.22 1211730064
1404.05 954.61 1211730126
1140.79 711.202 1211730186
768.504 683.289 1211730248
606.294 781.544 1211730308
607.18 782.661 1211730315
591.225 777.078 1211730372
592.111 775.961 1211730373
622.249 829.556 1211730435
803.96 1019.37 1211730493
1215.25 1416.88 1211730553
1432.41 1639.1 1211730613
1580.44 1790.96 1211730674
1836.61 2054.5 1211730733
2030.73 2272.27 1211730794
2227.51 2443.13 1211730837
2591.82 2782.64 1211730897
2665.39 2845.18 1211731018
2786.82 2724.56 1211731078
3169.75 3115.46 1211731140
3481.76 3668.32 1211731199
3414.39 3793.42 1211731259
3433.01 3788.95 1211731319
3416.16 3786.72 1211731380
3427.69 3792.3 1211731440
3421.48 3793.42 1211731500
3436.55 3807.94 1211731560
3433.89 3805.71 1211731621
3449.85 3813.52 1211731681
3444.53 3829.16 1211731742
3392.23 3811.29 1211731803
3454.28 3820.23 1211731866
3401.98 3811.29 1211731925
3433.01 3807.94 1211731987
3394 3803.47 1211732045
3433.01 3805.71 1211732106
3456.94 3830.28 1211732166
3457.82 3835.86 1211732227
3472.89 3839.21 1211732287
3477.33 3836.98 1211732348
3486.19 3844.8 1211732408
3486.19 3844.8 1211732430
3378.05 3707.41 1211732491
3119.22 3644.87 1211732554
2890.53 3682.84 1211732602
2808.1 3643.75 1211732690
2507.61 3582.32 1211732751
2192.05 3638.16 1211732812
1911.07 3505.25 1211732872
2210.67 3544.34 1211732932
2209.78 3553.28 1211732994
2215.1 3548.81 1211733052
2204.46 3563.33 1211733112
2201.8 3566.68 1211733172
2202.69 3596.84 1211733236
2202.69 3596.84 1211733238
2160.14 3796.77 1211733298
2098.98 4213.41 1211733358
2057.32 4466.97 1211733418
1945.64 5285.81 1211733568
2057.32 5432.16 1211733628
2056.44 5433.27 1211733663
2057.32 5432.16 1211733666
1759.49 5455.62 1211733726
1578.67 5340.55 1211733786
1337.57 5226.6 1211733838
1505.1 5141.7 1211733894
1818.88 4869.12 1211733955
2116.71 4602.14 1211734018
2328.56 4418.94 1211734075
2512.93 4255.85 1211734135
2684 4107.29 1211734196
2855.08 3950.91 1211734257
2872.8 3702.95 1211734310
3170.63 3314.26 1211734370
2694.64 3275.17 1211734430
2464.18 3080.83 1211734491
2413.65 3097.59 1211734515
2410.99 3095.35 1211734517
2440.24 3128.86 1211734579
2685.78 3176.88 1211734638
2818.73 3413.66 1211734698
2978.29 3497.43 1211734758
3392.23 3650.45 1211734818
3413.5 3659.39 1211734878
3553.56 4002.29 1211734938
3541.15 3979.95 1211734999
3428.57 3589.02 1211735059
3534.05 3990.01 1211735119
3531.4 3982.19 1211735399
3331.07 3064.08 1211735460
3509.24 3898.41 1211735521
3482.64 3849.27 1211735584
3433.01 3910.7 1211735641
3441.87 4000.06 1211735703
3491.51 4107.29 1211735881
3349.68 3916.29 1211735942
3504.8 3528.71 1211736001
3344.37 2992.6 1211736061
2945.49 2592.78 1211736121
3038.56 2468.82 1211736182
3108.59 2391.76 1211736243
2567 1391.2 1211736303
2637.02 -119.458 1211736361
2723 -1634.3 1211736415
2723 -3148.87 1211736471
3189.25 -4587.28 1211736521
3641.31 -6031.01 1211736571
3909 -7509.07 1211736619
4175.8 -8980.17 1211736669
3589.9 -10356.2 1211736723
2618.41 -11476.8 1211736783
2599.79 -12980.6 1211736837
2888.76 -14509.8 1211736889
3244.2 -15962.9 1211736941
4038.41 -16183.5 1211737002
4537.45 -15946.2 1211737062
4434.63 -15862.6 1211737123
4434.63 -15863.7 1211737164
4434.63 -15863.7 1211737169
4235.19 -15970.7 1211737228
3375.39 -16131.2 1211737288
2973.85 -14682.5 1211737342
2653.86 -13232.5 1211737394
2572.32 -11709.8 1211737448
3514.55 -10482.2 1211737499
4202.4 -9120.69 1211737547
3951.55 -7602.77 1211737602
3679.42 -6085.68 1211737655
3560.65 -5430.79 1211737682
3060.72 -4022.66 1211737730
2816.08 -2655.58 1211737790
3762.74 -1435.61 1211737835
3846.07 44.6577 1211737889
3694.49 683.289 1211737915
3091.74 1621.23 1211737976
3061.61 1639.1 1211738036
2617.52 1180.16 1211738096
2531.54 1265.02 1211738156
2605.11 1165.64 1211738269
2695.53 1228.17 1211738329
3017.29 1586.61 1211738391
2922.44 1760.81 1211738449
2727.44 1991.97 1211738510
2587.39 2161.71 1211738571
12293.4 8830.21 1211738588
10393.9 7528.25 1211738592
8697.3 6363.94 1211738597
7308.32 5409.81 1211738601
5851.09 4410 1211738608
4409.81 3419.25 1211738619
4189.1 3267.35 1211738623
2915.35 2471.05 1211738643
2442.02 2645.27 1211738765
2628.16 2764.77 1211738824
2672.48 2810.56 1211738885
2736.3 2839.59 1211739073
2846.21 2884.27 1211739135
2968.53 2994.84 1211739193
2847.99 2870.87 1211739256
2769.1 2770.35 1211739321
2914.46 2589.43 1211739381
3068.7 2090.24 1211739441
2674.25 1048.4 1211739501
2870.15 -414.188 1211739561
2592.7 -1907.77 1211739614
2828.48 -3396.62 1211739669
3680.31 -6257.48 1211739766
3950.66 -7767.84 1211739817
4184.67 -9226.63 1211739868
3445.42 -10543.6 1211739918
2539.52 -11749.9 1211739969
2910.92 -14707 1211740088
3325.75 -16206.9 1211740149
4354.86 -16213.6 1211740208
4487.82 -16199.1 1211740270
4497.57 -16198 1211740326
4498.45 -16196.9 1211740328
4221.9 -16005.3 1211740392
3298.27 -15920.6 1211740450
2631.71 -12982.8 1211740550
2638.8 -11484.6 1211740602
3606.74 -10362.9 1211740652
4195.3 -8970.14 1211740705
3924.07 -7453.3 1211740756
3650.17 -5928.37 1211740806
3193.68 -4470.12 1211740855
2730.09 -2872.09 1211740913
3183.04 -2267.17 1211740952
3935.59 -958.964 1211740992
3776.04 531.442 1211741043
3095.29 1614.53 1211741103
2749.6 1978.57 1211741163
2561.68 2162.83 1211741223
2292.22 2429.73 1211741283
2567.88 2761.42 1211741345
2590.93 2787.1 1211741399
2627.27 2812.79 1211741459
2636.14 2838.48 1211741519
2740.73 2720.1 1211741579
2600.68 2546.99 1211741641
2370.22 2306.89 1211741703
2075.94 2016.54 1211741761
1902.2 1841.21 1211741812
1800.27 1853.5 1211741872
1666.42 2206.38 1211741931
1462.55 2452.07 1211741993
1344.66 2436.43 1211742053
841.188 2361.61 1211742114
410.401 2284.55 1211742174
284.533 2493.39 1211742230
293.397 2494.5 1211742288
292.51 2493.39 1211742290
257.941 2678.77 1211742350
190.575 3060.73 1211742410
177.279 3148.96 1211742471
169.301 3172.42 1211742532
117.004 3498.55 1211742593
57.6156 3872.72 1211742653
11398.1 10831 1211742684
7929.68 8794.44 1211742702
4486.04 6766.18 1211742718
3085.54 5927.08 1211742728
1734.67 5084.72 1211742734
536.269 4244.68 1211742780
735.707 4237.98 1211742819
1025.56 4282.66 1211742879
1066.33 4080.48 1211742939
1241.84 3939.74 1211743000
1310.09 3481.79 1211743060
1334.91 3401.38 1211743121
1607.03 3438.24 1211743180
1783.43 3466.16 1211743241
2185.85 3534.29 1211743300
2364.9 3466.16 1211743360
2240.81 3333.25 1211743421
2545.72 3109.87 1211743542
13622.1 10444.2 1211743563
9672.34 7845.62 1211743566
8418.09 7014.24 1211743570
6782.69 5934.9 1211743580
5218.2 4907.1 1211743593
3860.25 4012.35 1211743604
2683.12 3108.75 1211743643
2701.73 2854.11 1211743704
2694.64 2849.65 1211743764
2693.75 2848.53 1211743784
2890.53 2570.44 1211743844
3164.43 2331.45 1211743905
2559.02 1466.01 1211743965
2601.57 82.6168 1211744026
2772.64 -1430.03 1211744081
2629.05 -2944.63 1211744137
3145.81 -4399.82 1211744189
3606.74 -5833.55 1211744240
3871.77 -7321.68 1211744295
4140.35 -8806.2 1211744347
3661.7 -10261.5 1211744402
2914.46 -11004 1211744436
2564.34 -12463.4 1211744490
3097.95 -15404.6 1211744601
3702.47 -16276 1211744663
4460.34 -16213.6 1211744722
4473.63 -16205.8 1211744743
4476.29 -16205.8 1211744753
4479.84 -16209.2 1211744813
4478.06 -16210.3 1211744833
4288.38 -15936.2 1211744894
3424.14 -16193.6 1211744953
2997.79 -14776.1 1211745002
2659.18 -13273.7 1211745049
2558.13 -11778.9 1211745099
3448.96 -10567 1211745149
4197.96 -9234.44 1211745200
3969.27 -7753.34 1211745246
3699.81 -6249.67 1211745297
3270.8 -4830.52 1211745346
2861.28 -3363.14 1211745392
3510.12 -1850.85 1211745452
3858.47 -380.697 1211745508
3837.2 175.283 1211745528
3239.77 1455.96 1211745588
2978.29 1821.11 1211745649
3029.7 2073.49 1211745709
2900.28 2210.85 1211745773
2700.84 2412.98 1211745830
2450.88 2666.49 1211745891
2437.58 2676.54 1211745915
2420.74 2676.54 1211745975
2012.12 2611.77 1211746036
1724.04 2695.53 1211746096
1470.53 2667.61 1211746156
1170.93 2616.23 1211746217
1017.58 2515.72 1211746277
1068.11 2158.36 1211746338
951.988 2053.39 1211746364
242.872 1941.72 1211746429
247.304 1843.45 1211746503
373.172 1945.07 1211746561
354.558 2053.39 1211746621
257.054 2672.07 1211746745
218.939 2873.1 1211746807
11532 10022.8 1211746823
10252.9 9282.86 1211746835
8968.54 8558.62 1211746849
6954.65 7310.35 1211746855
5414.98 6350.53 1211746859
3737.93 5303.68 1211746864
2050.23 4262.55 1211746876
757.867 3563.33 1211746893
138.278 3433.77 1211746953
74.4571 3763.26 1211747013
9.75034 4101.7 1211747075
194.12 4151.97 1211747133
372.286 4181.01 1211747159
827.892 4254.74 1211747221
1005.17 4275.96 1211747279
990.103 4275.96 1211747342
990.103 4280.43 1211747402
986.557 4282.66 1211747461
1156.74 4305 1211747521
1207.27 4148.62 1211747585
1242.73 3945.33 1211747632
1327.82 3430.42 1211747693
1599.06 3444.94 1211747754
1937.66 3501.9 1211747814
2374.65 3503.02 1211747874
2390.61 3251.71 1211747934
2528 3166.83 1211747994
2589.16 2965.8 1211748054
2622.84 2855.23 1211748106
2718.57 2844.06 1211748166
2706.16 2815.02 1211748226
2630.82 2737.96 1211748287
2643.23 2759.18 1211748347
2695.53 2809.44 1211748407
2711.48 2811.67 1211748467
2711.48 2811.67 1211748492
2714.14 2808.32 1211748531
2789.48 2723.45 1211748591
2528 2464.35 1211748653
2214.21 2157.24 1211748712
2095.44 2233.18 1211748748
1938.54 2421.91 1211748808
1877.38 2828.43 1211748868
1820.65 2949.04 1211748928
1342 2873.1 1211748989
1288.82 2873.1 1211749048
937.805 2815.02 1211749108
90.4122 2676.54 1211749168
-207.416 2644.15 1211749228
-878.417 2511.25 1211749289
-1521.94 2427.5 1211749349
-2072.39 2807.21 1211749469
-2085.69 2946.81 1211749529
-2549.27 2970.26 1211749590
-2668.05 2954.63 1211749650
-2671.59 2947.93 1211749682
-2671.59 2949.04 1211749702
-2671.59 2950.16 1211749742
-2670.71 2949.04 1211749805
-2668.05 2947.93 1211749866
-2668.05 2949.04 1211749884
-2643.23 2560.39 1211749942
-2630.82 2341.51 1211750002
-2562.57 2319.17 1211750027
-1994.39 2353.79 1211750084
-1281.73 2447.6 1211750144
-382.036 2573.79 1211750204
352.785 2712.28 1211750266
1263.11 2743.55 1211750387
1706.31 2807.21 1211750507
1768.36 2699.99 1211750569
1874.72 2054.5 1211750690
1885.36 2046.69 1211750691
2170.78 2106.99 1211750751
2067.07 2292.37 1211750811
2335.65 2565.98 1211750871
2541.29 2739.08 1211750931
2589.16 2793.81 1211750994
14547.5 10841.1 1211751055
12299.6 9345.46 1211751060
10462.1 8107.12 1211751085
8732.76 6974.01 1211751089
6878.42 5768.44 1211751095
5315.71 4767.46 1211751113
4065 3916.29 1211751126
3035.01 3182.47 1211751187
3004.88 3156.78 1211751310
3014.63 3189.17 1211751373
3001.33 3165.71 1211751433
3002.22 3159.01 1211751493
3001.33 3159.01 1211751536
2991.58 3144.49 1211751598
3106.81 3046.21 1211751656
2427.83 2380.59 1211751777
2139.76 2082.42 1211751809
1880.93 1809.95 1211751854
1762.15 1706.1 1211751914
1369.48 1203.61 1211752012
1396.07 740.232 1211752074
1336.68 543.723 1211752135
1279.07 530.325 1211752193
1236.52 540.374 1211752236
1046.83 531.442 1211752300
876.644 513.578 1211752357
636.431 290.279 1211752418
444.97 114.994 1211752479
143.596 96.0143 1211752540
-132.073 90.432 1211752600
-191.461 244.504 1211752660
-686.069 209.893 1211752720
-983.898 192.03 1211752781
-1349.98 159.652 1211752841
11638.4 9165.51 1211752885
9115.68 7545.02 1211752887
7561.83 6706.96 1211752910
5483.24 5346.14 1211752914
3846.07 4283.78 1211752918
2567.88 3459.46 1211752923
1190.43 2564.86 1211752928
-215.394 1661.43 1211752938
-1532.58 926.696 1211752958
-2338.31 679.939 1211753019
-2723.89 730.183 1211753079
-2747.82 859.703 1211753139
-2751.37 861.936 1211753163
-2756.69 867.518 1211753166
-3027.04 1017.14 1211753226
-3339.05 771.495 1211753286
-3664.35 668.774 1211753344
-3676.76 664.308 1211753402
-3775.15 509.112 1211753438
-3770.72 392.996 1211753499
-3689.17 168.584 1211753560
-3571.28 312.609 1211753620
-3472.89 601.782 1211753684
-2626.39 646.443 1211753742
-2447.34 653.142 1211753803
-1769.24 655.375 1211753863
-1516.62 605.132 1211753927
-1497.12 446.587 1211753985
-1236.52 163.002 1211754046
-867.78 190.913 1211754099
-357.217 232.222 1211754160
75.3435 82.6168 1211754261
69.1388 84.8497 1211754276
441.424 112.761 1211754337
519.427 478.966 1211754397
863.348 504.646 1211754458
1020.24 516.927 1211754518
1094.7 884.267 1211754578
1337.57 904.365 1211754638
1375.68 911.064 1211754698
1615.9 1195.79 1211754758
1973.11 1122.1 1211754819
1989.07 1109.81 1211754847
1989.96 1108.7 1211754850
1976.66 894.316 1211754910
1991.73 598.433 1211754973
1977.55 593.967 1211754997
1802.04 633.045 1211755057
1988.18 724.6 1211755117
2277.15 609.598 1211755178
2493.43 524.743 1211755238
2519.13 237.805 1211755298
2646.77 -365.067 1211755358
2852.42 -716.722 1211755419
2787.71 -962.313 1211755479
2787.71 -962.313 1211755508
2788.6 -964.546 1211755510
2760.23 -925.475 1211755540
2613.98 -890.869 1211755600
2573.2 -451.029 1211755660
2359.58 -458.843 1211755721
2242.58 -466.658 1211755781
2149.51 -300.316 1211755819
2119.37 27.911 1211755879
2155.71 509.112 1211755993
2153.94 548.19 1211756051
2150.39 581.685 1211756111
2115.82 609.598 1211756171
1882.7 589.501 1211756231
1676.17 572.753 1211756291
1459.89 552.656 1211756352
1352.64 545.956 1211756412
1334.02 551.539 1211756464
1220.57 597.316 1211756522
1355.3 906.598 1211756583
1400.5 746.931 1211756643
1216.13 579.452 1211756716
1219.68 500.18 1211756778
1244.5 187.564 1211756837
1268.43 -137.321 1211756897
1287.04 -375.115 1211756958
1314.52 -676.534 1211757019
1372.14 -1071.71 1211757102
1736.45 -1017.01 1211757163
1700.99 -531.407 1211757217
1675.29 -179.745 1211757277
1660.22 -15.6301 1211757310
1701.88 206.544 1211757370
1871.18 -337.157 1211757473
1873.84 -399.675 1211757509
1776.33 -348.321 1211757572
1863.2 -119.458 1211757629
1822.43 381.831 1211757689
1801.15 737.999 1211757749
1790.52 926.696 1211757809
1840.15 943.445 1211757827
1981.09 1024.95 1211757887
2132.67 1239.34 1211757948
2291.33 1147.78 1211758008
2616.64 170.817 1211758068
2812.53 -1161.01 1211758129
3089.97 -1181.11 1211758189
3746.79 -1017.01 1211758252
3587.24 -944.452 1211758310
3586.35 -948.918 1211758369
3585.47 -946.685 1211758432
3587.24 -958.964 1211758525
3589.9 -977.942 1211758646
3673.22 -981.29 1211758706
3689.17 -939.987 1211758766
3689.17 -941.103 1211758819
