4501.11 -16162.4 1211819229
4477.18 -15882.7 1211819290
4474.52 -15883.8 1211819363
3030.58 -14967.8 1211819544
4136.8 -9470.85 1211819716
3903.68 -7390.84 1211819780
3629.79 -5865.9 1211819827
3168.86 -4390.89 1211819875
2723 -2963.61 1211819923
3586.35 -1736.99 1211819978
3849.61 -234.449 1211820027
3361.21 1185.74 1211820075
3409.96 2494.5 1211820193
3120.11 2797.16 1211820253
3136.06 2801.62 1211820314
3136.06 2799.39 1211820374
3143.15 2787.1 1211820420
3161.77 2770.35 1211820480
3150.25 2783.75 1211820540
3132.52 2803.86 1211820600
3168.86 2788.22 1211820720
3164.43 2792.69 1211820783
3164.43 2793.81 1211820840
3160.88 2799.39 1211820894
3175.95 2781.52 1211820954
3174.18 2783.75 1211821014
3174.18 2783.75 1211821018
2964.99 2597.25 1211821080
3022.61 2482.22 1211821138
3085.54 2416.33 1211821202
2576.75 1358.82 1211821262
2648.55 -139.554 1211821314
2722.12 -1634.3 1211821362
3645.74 -6027.66 1211821506
4040.19 -8228.48 1211821574
4010.05 -9749.63 1211821625
