4115.53 -9524.38 1212810507
3748.56 -6534.14 1212810606
3346.14 -5040.28 1212810656
2920.67 -3593.03 1212810707
2908.26 -729.002 1212810817
2736.3 506.879 1212810877
2869.26 1871.36 1212810938
3497.71 2337.04 1212810998
3403.75 2494.5 1212811061
3097.95 2780.4 1212811118
2476.59 2837.36 1212811238
2294.88 2925.59 1212811328
2387.06 3019.41 1212811454
2416.31 3137.79 1212811515
2434.04 3062.96 1212811541
2144.19 3014.94 1212811605
2079.48 3443.82 1212811664
2074.16 3523.12 1212811689
2066.19 3534.29 1212811739
2067.07 3533.17 1212811740
2334.76 3557.75 1212811801
2645.89 3613.59 1212811863
2872.8 3639.28 1212811921
2933.97 3705.18 1212811981
2871.92 3767.73 1212812012
2732.75 3815.76 1212812072
2824.05 3863.79 1212812097
2902.06 3671.67 1212812157
2918.01 3572.27 1212812217
2993.35 3215.97 1212812306
3255.73 2918.89 1212812427
3172.41 2834.01 1212812485
3109.47 2740.2 1212812546
2715.91 2401.81 1212812606
2504.95 2628.52 1212812669
2403.9 2755.83 1212812727
2403.9 2755.83 1212812754
2433.15 2664.26 1212812813
2274.49 2605.06 1212812873
2210.67 2675.42 1212812934
2190.28 2713.39 1212812994
2187.62 2673.19 1212813057
2222.19 2625.17 1212813115
2234.6 2678.77 1212813178
2239.92 2673.19 1212813236
2247.01 2672.07 1212813297
2249.67 2685.47 1212813360
2247.9 2683.24 1212813421
2245.24 2669.84 1212813453
2251.44 2669.84 1212813511
2255.87 2682.12 1212813571
2246.12 2692.18 1212813629
2248.78 2688.82 1212813688
2208.89 2718.98 1212813748
2254.99 2689.94 1212813870
2245.24 2691.06 1212813891
2259.42 2682.12 1212813953
2247.01 2691.06 1212814119
2244.35 2697.76 1212814240
2252.33 2687.71 1212814297
2254.1 2678.77 1212814420
2248.78 2681.01 1212814480
2253.21 2683.24 1212814538
2260.31 2684.36 1212814599
2259.42 2685.47 1212814662
2257.65 2685.47 1212814720
2262.08 2686.59 1212814781
2262.97 2688.82 1212814963
2260.31 2684.36 1212815085
2178.76 2781.52 1212815325
2247.01 2935.64 1212815389
2287.78 2877.57 1212815601
2288.67 2878.68 1212815733
2276.26 2878.68 1212815790
2281.58 2867.52 1212815975
2286.9 2874.22 1212816038
2285.12 2883.15 1212816217
2279.81 2885.38 1212816278
