218.939 2890.97 1212390360
173.733 3146.73 1212390361
96.617 3660.5 1212390362
-667.455 3592.37 1212390363
-783.573 3479.56 1212390371
-726.843 3160.13 1212390430
-934.26 2928.94 1212390491
-1026.44 2515.72 1212390537
10372.6 9525.41 1212390553
7882.71 7825.51 1212390581
5885.66 6584.05 1212390589
2718.57 4587.61 1212390599
1341.11 3715.23 1212390604
54.0701 2855.23 1212390625
-490.176 2502.32 1212390661
-609.839 2457.65 1212390702
-295.169 2323.64 1212390762
-239.326 1966.28 1212390823
-178.165 1569.86 1212390883
-7.09116 941.212 1212390946
805.733 677.706 1212391067
845.62 126.158 1212391126
905.895 -215.47 1212391186
991.875 -204.306 1212391232
991.875 -204.306 1212391234
1119.52 -190.909 1212391294
1308.32 -184.21 1212391354
1481.17 -329.343 1212391415
1508.64 -682.115 1212391476
1521.94 -895.335 1212391534
1062.79 -1101.85 1212391658
961.738 -1358.59 1212391716
1000.74 -1872.05 1212391777
1046.83 -1908.89 1212391808
1046.83 -1908.89 1212391812
1094.7 -1984.79 1212391869
874.871 -2030.55 1212391929
882.849 -2066.27 1212391993
717.093 -2552.9 1212392051
246.418 -2857.58 1212392112
381.15 -3253.77 1212392197
394.446 -3285.02 1212392239
368.74 -3162.26 1212392299
86.8667 -2964.72 1212392388
118.777 -2974.77 1212392448
117.89 -2975.88 1212392509
117.89 -2975.88 1212392510
525.632 -2809.59 1212392572
958.192 -2368.74 1212392630
1105.33 -2003.76 1212392693
1161.18 -1807.31 1212392750
1183.34 -1401.01 1212392810
1128.38 -811.61 1212392871
1086.72 -211.004 1212392930
1017.58 1231.52 1212393051
1225.88 1441.45 1212393114
1235.63 2166.18 1212393175
1490.92 2350.44 1212393233
1914.61 2562.63 1212393296
1919.04 2578.26 1212393342
1919.04 2578.26 1212393343
1615.01 2693.29 1212393404
1552.08 2998.19 1212393464
1759.49 2651.97 1212393526
1841.93 2093.59 1212393586
1396.07 1619 1212393647
1170.93 1396.78 1212393768
1174.47 1117.63 1212393828
1215.25 636.395 1212393889
1256.91 82.6168 1212393949
1287.04 -355.02 1212394011
1256.91 -781.469 1212394071
1269.32 -1152.08 1212394132
1373.91 -1344.08 1212394192
1386.32 -1630.95 1212394253
1264.88 -1886.56 1212394313
1221.45 -1966.93 1212394346
1403.16 -1625.37 1212394397
1362.39 -1225.76 1212394457
1318.95 -735.7 1212394517
1278.18 -160.766 1212394578
1231.2 495.714 1212394638
1233.86 519.16 1212394665
1233.86 519.16 1212394669
1396.07 548.19 1212394726
1445.71 185.331 1212394789
1473.19 -241.147 1212394847
1522.83 -832.821 1212394907
1552.96 -1255.9 1212394971
1281.73 -1854.19 1212395029
1077.86 -2251.55 1212395090
-720.639 -4026 1212395276
-367.854 -4095.19 1212395337
-148.914 -4068.41 1212395397
-106.367 -4255.87 1212395433
-249.963 -4504.71 1212395457
-461.812 -4858.41 1212395518
-347.467 -4959.95 1212395567
-23.9326 -5160.78 1212395621
-7.09116 -5170.83 1212395805
-8.86394 -5158.55 1212395862
-460.039 -4882.96 1212395972
-489.29 -4860.65 1212396019
-146.255 -5072.64 1212396080
1361.5 -5777.76 1212396201
1440.39 -5618.22 1212396254
1440.39 -5618.22 1212396257
1120.4 -5680.7 1212396316
298.715 -5274.59 1212396376
-379.377 -4934.29 1212396440
-694.933 -4610.71 1212396497
-1053.04 -4351.84 1212396559
-1409.37 -4169.95 1212396622
-1474.96 -3649.94 1212396682
-1165.61 -3403.31 1212396742
-1192.2 -3165.61 1212396916
-1192.2 -3165.61 1212396923
-908.554 -3192.39 1212396984
-231.349 -3189.04 1212397044
129.414 -3007.13 1212397105
158.665 -2902.23 1212397165
161.324 -2899.99 1212397226
160.437 -2908.92 1212397289
165.756 -2911.15 1212397350
163.983 -2907.81 1212397408
152.46 -2893.3 1212397468
210.075 -3387.69 1212397589
530.064 -3331.89 1212397650
992.762 -2709.15 1212397711
1044.17 -2403.34 1212397772
1243.61 -1932.33 1212397833
1440.39 -1548.35 1212397895
1554.74 -1322.87 1212397954
1522.83 -825.006 1212398015
1491.8 -358.369 1212398075
1451.91 176.399 1212398136
1430.64 473.383 1212398196
1424.44 562.704 1212398214
1569.8 919.997 1212398274
1758.61 932.279 1212398319
1761.27 933.396 1212398322
12648 8441.28 1212398339
11472.6 7488.03 1212398349
9326.64 5930.43 1212398369
7179.79 4449.1 1212398373
5617.97 3375.69 1212398378
4158.96 2353.79 1212398385
2869.26 1444.8 1212398396
1607.03 653.142 1212398430
1221.45 535.908 1212398490
895.258 509.112 1212398551
1045.95 167.467 1212398611
663.023 130.624 1212398672
423.697 112.761 1212398717
81.5483 85.9662 1212398777
96.617 313.725 1212398837
550.451 478.966 1212398897
791.55 496.83 1212398958
1017.58 510.228 1212399021
1054.81 77.0346 1212399078
1089.38 -359.485 1212399138
1145.22 -1077.29 1212399199
1185.11 -1359.71 1212399259
1526.37 -1342.97 1212399320
1802.04 -1332.92 1212399381
2535.97 -1283.8 1212399441
2961.44 -1203.43 1212399488
3612.06 -1154.32 1212399548
3695.38 -903.149 1212399608
3584.58 -960.081 1212399670
3585.47 -965.662 1212399728
3569.51 -973.476 1212399788
3577.49 -955.615 1212399851
3584.58 -977.942 1212399909
3588.12 -979.058 1212399969
3691.83 -932.173 1212400030
3687.4 -929.94 1212400079
