2870.15 3164.6 1211312161
2878.12 3398.03 1211312222
2758.46 3599.07 1211312282
2800.12 3592.37 1211312344
2977.4 3587.9 1211312403
3312.46 3936.39 1211312464
3341.71 3465.04 1211312619
3288.52 3428.18 1211312645
3035.01 3232.73 1211312705
2696.41 2898.79 1211312765
2535.09 2741.31 1211312825
2480.13 2698.88 1211312872
2416.31 2698.88 1211312932
2425.18 2812.79 1211312993
2207.12 2803.86 1211313054
2152.17 3049.56 1211313114
1889.79 3169.06 1211313174
1346.43 3334.36 1211313296
1300.34 3549.93 1211313356
1222.34 4079.37 1211313477
1221.45 4099.47 1211313498
1393.41 4048.09 1211313558
1444.82 3638.16 1211313618
1637.17 3354.47 1211313678
1709.85 2934.53 1211313738
1741.77 2712.28 1211313798
1809.13 2242.11 1211313858
1982.86 1939.48 1211313919
2563.45 1348.77 1211313978
2750.48 1168.99 1211314039
2984.49 1241.57 1211314101
2985.38 1239.34 1211314119
2985.38 1239.34 1211314121
3162.66 1455.96 1211314181
15347.9 10339.2 1211314318
13171.8 8808.97 1211314322
11268.7 7663.47 1211314346
9590.79 6473.44 1211314352
8005.03 5368.48 1211314356
4431.97 3035.04 1211314390
3492.39 2861.93 1211314447
3204.32 3207.04 1211314505
2982.72 3259.53 1211314565
2840.89 3257.3 1211314686
2845.33 3270.7 1211314747
2484.56 3269.58 1211314807
2435.81 3215.97 1211314856
2435.81 3214.86 1211314857
2125.57 3196.99 1211314917
2102.53 3528.71 1211314977
2202.69 3544.34 1211315013
2203.58 3576.73 1211315051
2206.24 3595.72 1211315111
2207.12 3593.49 1211315149
2210.67 3573.38 1211315209
2211.55 3582.32 1211315269
2211.55 3587.9 1211315329
2215.1 3596.84 1211315365
2086.57 3635.93 1211315425
1889.79 3648.22 1211315486
1826.86 4072.66 1211315547
1855.22 4309.47 1211315605
1864.09 4313.94 1211315617
1609.69 4420.06 1211315778
1366.82 4327.34 1211315839
924.509 4271.49 1211315897
753.435 4245.8 1211315958
321.761 4177.66 1211316068
996.307 4393.25 1211316209
1035.31 4397.71 1211316255
1185.11 4329.58 1211316298
1231.2 4036.92 1211316360
1223.22 4031.33 1211316421
1224.11 4030.22 1211316479
1225 4030.22 1211316541
1226.77 4030.22 1211316582
1226.77 4031.33 1211316642
1225 4030.22 1211316702
1135.47 3986.66 1211316762
1113.31 3790.07 1211316822
1154.97 3494.08 1211316882
1186.88 3319.84 1211316942
1211.7 3200.34 1211317003
1215.25 3183.58 1211317063
1270.2 3173.53 1211317100
1333.14 3418.13 1211317159
1123.95 3880.54 1211317280
1090.27 4013.46 1211317339
1083.17 4402.18 1211317431
1035.31 4376.49 1211317512
1037.08 4368.67 1211317573
1031.76 4369.79 1211317663
1026.44 4370.91 1211317723
1027.33 4369.79 1211317785
1028.22 4375.37 1211317832
1034.42 4384.31 1211317872
1178.02 4329.58 1211317932
1206.38 4145.27 1211317990
1230.32 4011.23 1211318050
2239.03 4157.56 1211318170
2822.28 4240.21 1211318234
2944.6 4090.54 1211318291
2958.78 4090.54 1211318311
2982.72 4256.97 1211318364
3050.97 3653.8 1211318486
3389.57 3750.98 1211318548
3251.29 3433.77 1211318608
2909.15 3336.6 1211318669
2734.53 3312.03 1211318726
2621.07 3332.13 1211318787
2563.45 3178 1211318847
2589.16 2954.63 1211318908
2758.46 2697.76 1211318968
3116.56 2379.48 1211319030
2649.43 1727.31 1211319090
2694.64 712.319 1211319150
2894.96 -852.914 1211319234
3391.35 -1166.59 1211319356
3749.45 -1027.06 1211319416
