3917.86 -9932.51 1211573433
4100.46 -8443.74 1211573492
3543.8 -5389.51 1211573596
3126.31 -4246.95 1211573633
2822.28 -3319.61 1211573678
2777.07 -3222.52 1211573738
2766.44 -3038.38 1211573798
2682.23 -2681.25 1211573859
2560.79 -2508.25 1211573919
2725.66 -1874.29 1211574039
2816.96 -1613.09 1211574098
2820.51 -1586.31 1211574158
2824.94 -1526.03 1211574218
2837.35 -1466.87 1211574280
2837.35 -1465.75 1211574307
2498.75 -1287.15 1211574367
2187.62 -1316.17 1211574427
1662.88 -1329.57 1211574489
1172.7 -1325.1 1211574550
1123.95 -906.498 1211574610
942.237 -922.126 1211574667
610.726 -945.569 1211574728
329.739 -972.36 1211574788
157.778 -985.756 1211574849
134.732 -916.544 1211574910
77.1163 -202.073 1211575001
66.4796 -82.616 1211575024
609.839 125.042 1211575144
679.865 -296.967 1211575205
527.405 221.058 1211575421
527.405 222.174 1211575480
527.405 222.174 1211575494
526.518 219.941 1211575554
430.788 652.026 1211575738
695.82 917.764 1211575798
897.031 1117.63 1211575857
1003.4 1224.82 1211575917
1181.56 1405.72 1211575980
1232.09 2178.46 1211576160
1193.09 2368.31 1211576220
1169.15 2627.4 1211576249
1080.51 3062.96 1211576308
1059.24 3232.73 1211576368
952.874 3912.93 1211576430
1216.13 3996.71 1211576548
2234.6 4155.32 1211576635
2388.83 4249.15 1211576698
2369.33 4437.93 1211576757
2364.01 4459.15 1211576817
2349.83 4469.21 1211576876
2348.95 4475.91 1211576882
2286.01 4497.13 1211576921
1529.92 4378.73 1211577041
1317.18 4341.86 1211577103
760.526 4252.5 1211577221
523.859 4212.29 1211577281
444.97 4270.37 1211577343
-120.55 4217.87 1211577402
-129.414 4139.68 1211577466
-81.5483 3799 1211577529
-23.0463 3453.87 1211577587
11.5231 3224.91 1211577650
395.332 3248.36 1211577708
852.711 3329.9 1211577768
1023.79 3366.75 1211577813
1160.29 3372.34 1211577873
1404.94 3412.55 1211577931
1622.99 3422.6 1211577991
1666.42 3224.91 1211578051
1814.45 3037.28 1211578111
2118.48 3081.95 1211578172
2566.11 3080.83 1211578292
2594.48 2991.48 1211578352
2900.28 2638.57 1211578474
2908.26 2603.95 1211578483
2904.71 2588.31 1211578487
3013.74 2034.4 1211578608
2578.52 1598.9 1211578668
2655.64 1129.91 1211578728
3682.97 -1145.39 1211578971
3590.78 -932.173 1211579088
3588.12 -936.638 1211579149
3589.01 -936.638 1211579211
