3815.93 -16199.1 1212041057
3101.49 -15179.5 1212041117
3107.7 -14301.4 1212041177
2710.59 -14412.8 1212041235
2162.8 -14630.1 1212041297
2280.69 -14814 1212041358
2279.81 -14812.9 1212041416
2278.92 -14812.9 1212041539
2279.81 -14812.9 1212041720
2279.81 -14810.7 1212041781
2278.92 -14812.9 1212041841
2278.03 -14808.4 1212041900
2279.81 -14806.2 1212042021
2281.58 -14814 1212042081
2280.69 -14810.7 1212042204
2280.69 -14811.8 1212042264
2281.58 -14811.8 1212042326
2279.81 -14810.7 1212042384
2279.81 -14811.8 1212042505
2277.15 -14814 1212042566
2279.81 -14812.9 1212042688
2279.81 -14812.9 1212042748
2280.69 -14812.9 1212042809
2278.92 -14814 1212042873
2279.81 -14816.3 1212042932
2280.69 -14812.9 1212042991
2279.81 -14811.8 1212043053
2278.03 -14805.1 1212043112
2278.92 -14812.9 1212043172
2278.03 -14809.6 1212043233
2278.92 -14805.1 1212043293
2281.58 -14810.7 1212043415
2278.92 -14812.9 1212043476
2279.81 -14810.7 1212043536
2279.81 -14809.6 1212043600
2281.58 -14811.8 1212043657
2281.58 -14810.7 1212043718
2282.47 -14810.7 1212043778
2279.81 -14811.8 1212043838
2279.81 -14814 1212043899
2283.35 -14807.3 1212044022
2282.47 -14811.8 1212044080
2280.69 -14810.7 1212044201
2284.24 -14808.4 1212044323
2280.69 -14812.9 1212044476
2280.69 -14811.8 1212044510
2279.81 -14811.8 1212044628
2280.69 -14811.8 1212044686
2280.69 -14809.6 1212044929
2280.69 -14810.7 1212044989
2279.81 -14811.8 1212045050
2279.81 -14811.8 1212045172
2280.69 -14810.7 1212045351
2279.81 -14810.7 1212045413
2280.69 -14811.8 1212045532
2281.58 -14810.7 1212045653
2278.92 -14811.8 1212045715
2280.69 -14810.7 1212045775
2281.58 -14810.7 1212045836
2278.03 -14809.6 1212045896
2278.92 -14809.6 1212045958
2279.81 -14809.6 1212046018
2279.81 -14811.8 1212046079
2278.92 -14807.3 1212046142
2278.92 -14809.6 1212046203
2278.03 -14808.4 1212046261
2278.92 -14807.3 1212046322
2278.92 -14808.4 1212046382
2234.6 -14726 1212046443
2294.88 -14425.1 1212046504
2889.65 -14623.5 1212046564
3276.11 -16075.5 1212046624
3940.02 -16240.4 1212046682
