3690.06 -982.407 1212445625
3690.95 -982.407 1212445642
3690.06 -982.407 1212445649
3692.72 -932.173 1212445709
3575.72 -1111.9 1212445830
3479.1 -929.94 1212445892
3851.38 -846.216 1212445950
3859.36 -279.105 1212446010
3409.96 1049.52 1212446070
3108.59 1607.83 1212446130
3441.87 1723.96 1212446190
3922.3 2195.21 1212446303
3872.66 2406.28 1212446363
3456.05 2819.49 1212446424
3333.73 2962.45 1212446484
3101.49 3228.26 1212446545
3097.06 3514.19 1212446605
3501.26 3731.99 1212446727
3820.36 3792.3 1212446788
3535.83 4146.39 1212446848
3202.54 4626.71 1212446909
2907.37 5006.52 1212446970
2700.84 5184.15 1212447005
2416.31 5156.22 1212447066
2110.51 5025.51 1212447128
2176.98 4584.26 1212447186
2226.62 4318.41 1212447246
2271.83 4030.22 1212447306
2320.58 3767.73 1212447368
2334.76 3672.79 1212447426
2349.83 3517.54 1212447486
2405.67 3282.99 1212447546
2419.86 3096.47 1212447611
2421.63 3092 1212447624
2421.63 3094.23 1212447634
2414.54 3098.7 1212447692
2444.68 2957.98 1212447752
2465.06 2849.65 1212447813
2596.25 2842.95 1212447873
2964.99 2888.74 1212447934
3477.33 3406.96 1212448054
3662.58 3590.14 1212448115
3757.43 3687.31 1212448177
3892.16 3672.79 1212448236
4135.03 3313.14 1212448296
4200.62 3018.29 1212448357
4173.15 3010.47 1212448378
4163.39 3004.89 1212448438
3837.2 3322.08 1212448498
3687.4 3619.18 1212448559
3713.11 3911.82 1212448619
3392.23 4358.62 1212448680
2963.22 4952.9 1212448740
2696.41 5185.26 1212448801
2677.8 5212.08 1212448811
2311.72 5131.64 1212448872
1841.93 5061.26 1212448932
1320.73 4997.59 1212448992
797.755 4893.69 1212449052
765.845 4570.86 1212449112
243.758 4481.49 1212449172
-424.583 4383.19 1212449232
-425.469 4379.84 1212449253
-425.469 4379.84 1212449258
-382.036 4485.96 1212449315
-139.164 4522.82 1212449378
254.395 4504.95 1212449435
287.192 4477.02 1212449495
686.069 4545.17 1212449555
993.648 4523.94 1212449596
1053.92 4103.94 1212449659
1187.77 3269.58 1212449839
1206.38 3134.44 1212449901
1349.98 3182.47 1212449965
1916.38 3272.93 1212450022
2236.37 3315.38 1212450083
2237.26 3218.21 1212450121
2170.78 3214.86 1212450136
1833.95 3152.31 1212450196
1387.21 3022.76 1212450254
1418.23 2806.09 1212450315
1593.74 2577.14 1212450375
1586.65 2644.15 1212450497
1588.42 2608.42 1212450560
1590.19 2656.44 1212450621
1589.31 2644.15 1212450681
1585.76 2645.27 1212450740
1521.94 2638.57 1212450800
1572.46 2793.81 1212450860
1836.61 2840.71 1212450921
2254.1 2896.55 1212450959
2373.76 2704.46 1212451019
2528.88 2568.21 1212451082
2606 2497.85 1212451140
2567.88 2538.06 1212451165
2422.52 2695.53 1212451224
2410.99 2935.64 1212451284
2725.66 3036.16 1212451342
2786.82 3194.75 1212451377
2826.71 3324.31 1212451437
2823.17 3718.58 1212451499
2722.12 4080.48 1212451559
2814.3 4249.15 1212451621
2814.3 4252.5 1212451648
2813.42 4252.5 1212451650
2965.88 4811.03 1212451772
2996.01 4730.6 1212451790
3059.83 4309.47 1212451850
3120.11 3787.83 1212451910
3249.52 3505.25 1212451963
3041.22 3265.12 1212452013
2856.85 3131.09 1212452073
2667.16 3511.95 1212452167
2153.94 3429.3 1212452228
1616.78 3342.18 1212452290
1420 3326.55 1212452350
1207.27 3262.88 1212452412
927.169 3228.26 1212452471
507.018 3156.78 1212452531
-167.529 3052.91 1212452592
-448.516 3310.91 1212452652
-514.109 3721.93 1212452713
-725.071 4119.58 1212452836
-726.843 4120.69 1212452900
-656.818 4330.69 1212452957
-249.963 4394.36 1212453021
-15.9551 4342.98 1212453082
134.732 4143.03 1212453142
737.48 4240.21 1212453262
1009.6 3960.96 1212453322
1379.23 4012.35 1212453385
2376.42 4183.25 1212453444
2641.46 4150.85 1212453507
2964.99 3866.02 1212453581
3039.45 3950.91 1212453642
2968.53 4262.55 1212453705
2871.03 4268.14 1212453764
2780.62 4269.26 1212453824
2714.14 4248.03 1212453884
2627.27 4221.22 1212453947
2288.67 4175.43 1212454006
1581.33 4051.44 1212454161
1443.05 4033.57 1212454219
1351.75 4213.41 1212454282
1083.17 4196.65 1212454343
987.443 4173.19 1212454370
987.443 4173.19 1212454372
1026.44 4179.9 1212454432
1222.34 4054.79 1212454552
1498.01 4027.98 1212454612
2333.88 4173.19 1212454685
2551.93 4208.94 1212454746
2950.81 4399.95 1212454807
3005.76 4723.9 1212454870
3029.7 4555.22 1212454897
3105.93 4073.78 1212454959
3221.16 3731.99 1212455017
3229.13 3509.72 1212455077
3002.22 3217.09 1212455137
2909.15 3103.17 1212455200
2737.19 3081.95 1212455258
2601.57 3079.72 1212455285
1797.61 2950.16 1212455347
1422.66 2819.49 1212455409
1560.05 2792.69 1212455461
2130.89 2893.2 1212455521
2153.05 2888.74 1212455558
2448.22 2924.47 1212455618
2559.91 2896.55 1212455678
2587.39 2973.61 1212455738
2725.66 3077.48 1212455798
2818.73 3312.03 1212455918
2790.37 3525.35 1212455980
2706.16 4080.48 1212456040
2540.41 4233.51 1212456108
2693.75 4097.24 1212456169
3134.29 3800.12 1212456230
3363.87 3729.75 1212456292
3651.06 3797.89 1212456410
3809.72 3734.22 1212456470
3717.54 3905.12 1212456530
3390.46 4358.62 1212456590
2987.15 4893.69 1212456650
3078.45 4254.74 1212456713
3116.56 3992.24 1212456733
3199.88 3800.12 1212456793
3357.66 3300.86 1212456853
3544.69 3447.17 1212456913
3819.47 3637.05 1212456975
3841.63 3595.72 1212457002
3841.63 3595.72 1212457004
3885.95 3558.86 1212457066
3885.07 3711.88 1212457105
3800.86 3813.52 1212457161
3439.21 3351.12 1212457400
2750.48 2648.62 1212457521
2076.82 2008.72 1212457582
1539.67 1477.18 1212457642
1476.73 1411.3 1212457703
1060.13 1074.08 1212457764
1017.58 616.297 1212457828
1056.58 45.7741 1212457947
1092.92 -370.649 1212458007
1115.97 -665.37 1212458068
780.027 -938.871 1212458128
761.413 -939.987 1212458145
750.776 -937.754 1212458205
440.538 -964.546 1212458265
357.217 -970.127 1212458306
374.945 -878.59 1212458366
704.684 -764.724 1212458426
1031.76 -742.398 1212458487
1407.59 -714.489 1212458548
1627.42 -691.046 1212458606
1873.84 -675.417 1212458667
2193.83 -654.207 1212458727
2407.45 -346.089 1212458822
2407.45 -346.089 1212458824
2162.8 -291.385 1212458884
1981.98 -304.782 1212458911
1706.31 -328.226 1212458971
1482.05 -240.031 1212459031
1241.84 334.938 1212459152
1231.2 549.306 1212459195
1198.41 885.383 1212459255
1173.59 1252.74 1212459298
1214.36 1426.93 1212459340
1311.86 1689.35 1212459399
1277.29 1844.56 1212459459
1116.86 2879.8 1212459578
1190.43 3163.48 1212459635
1348.21 3183.58 1212459696
1922.59 3279.64 1212459756
2238.15 3304.21 1212459807
2236.37 3304.21 1212459810
2403.9 2993.72 1212459872
2843.55 3195.87 1212459930
2689.32 3285.22 1212459990
2520.02 3058.5 1212460067
2042.25 3003.77 1212460125
1664.65 2926.71 1212460185
1295.02 2821.73 1212460245
1144.34 2855.23 1212460305
703.797 2793.81 1212460365
404.196 2768.12 1212460425
398.877 2829.54 1212460446
398.877 2829.54 1212460448
615.158 2840.71 1212460508
615.158 2848.53 1212460571
616.044 2836.24 1212460630
616.931 2850.76 1212460690
912.986 2892.09 1212460751
1052.15 2308 1212460812
1110.65 1897.05 1212460875
1148.77 1671.48 1212460933
1343.77 1555.35 1212460993
1538.78 1750.76 1212461054
1813.56 2022.12 1212461114
1813.56 2022.12 1212461116
1966.02 1974.1 1212461176
2286.01 2213.08 1212461237
2579.41 2509.02 1212461297
2534.2 2672.07 1212461358
2420.74 2889.85 1212461420
2590.93 3008.24 1212461478
2589.16 2994.84 1212461491
2622.84 3048.44 1212461551
2119.37 2983.67 1212461610
1736.45 2705.58 1212461682
1507.76 2473.28 1212461743
1208.16 2418.56 1212461803
462.698 2297.95 1212461864
-342.148 2172.88 1212461924
-512.336 1795.43 1212461985
-494.608 1745.18 1212462032
-494.608 1744.06 1212462034
-507.904 1799.9 1212462095
-106.367 2124.86 1212462186
-355.444 2760.3 1212462250
-409.514 3116.57 1212462309
-15.0687 3172.42 1212462372
783.573 3317.61 1212462430
1154.97 3357.82 1212462491
1133.7 3724.17 1212462537
1222.34 3994.47 1212462599
1551.19 4022.4 1212462657
2963.22 4284.89 1212462717
2996.9 4764.11 1212462777
3070.47 4245.8 1212462839
3133.4 3873.84 1212462897
3246.86 3710.77 1212462959
3159.11 3680.61 1212463017
3009.31 3632.58 1212463077
2715.91 3802.36 1212463199
2740.73 3887.24 1212463229
2524.45 3906.23 1212463287
2555.48 3301.97 1212463347
2278.92 3238.31 1212463407
1979.32 3084.18 1212463468
1997.05 2861.93 1212463528
2184.96 2853 1212463603
2386.17 2922.24 1212463663
2624.61 2979.2 1212463723
3565.96 3480.68 1212463844
3767.18 3689.54 1212463905
3751.22 3861.55 1212463965
3394.89 4358.62 1212464025
3089.08 4797.62 1212464085
3082.88 4805.44 1212464091
3006.65 4886.99 1212464151
3067.81 4334.04 1212464213
2590.93 4220.11 1212464271
2502.29 4494.9 1212464392
2342.74 4500.48 1212464455
2263.85 4079.37 1212464547
2280.69 3968.78 1212464575
2336.54 3568.91 1212464635
2442.02 2973.61 1212464855
2447.34 2972.5 1212464874
2456.2 2830.66 1212464937
2243.46 2731.26 1212464997
2180.53 2965.8 1212465039
2076.82 3496.31 1212465100
1996.16 3920.75 1212465160
1915.5 4415.59 1212465223
1831.29 4863.53 1212465284
1616.78 5235.54 1212465342
1388.98 5310.39 1212465403
1356.18 5300.33 1212465449
1356.18 5300.33 1212465453
1328.71 5289.16 1212465510
1329.59 5289.16 1212465515
1365.93 4990.88 1212465576
1466.1 4418.94 1212465636
1521.94 4038.04 1212465697
1617.67 3462.81 1212465758
1629.19 3448.29 1212465821
1845.47 3467.27 1212465879
2326.79 3558.86 1212465939
2876.35 3619.18 1212465999
2868.37 3600.19 1212466034
2867.49 3601.31 1212466041
2755.8 3618.06 1212466101
2784.16 3615.83 1212466159
2916.24 3570.03 1212466185
2910.03 3364.52 1212466246
3135.18 3014.94 1212466306
3197.22 3108.75 1212466330
3519.87 3150.08 1212466389
3847.84 2816.14 1212466449
4939.88 4045.86 1212466504
6001.78 5277.99 1212466564
8675.14 6658.91 1212466669
10129.7 6962.84 1212466721
11576.3 7248.89 1212466772
13033.5 7391.93 1212466826
14488.1 7260.07 1212466881
15878 6752.77 1212466935
16430.2 5757.26 1212466980
17703.1 5052.33 1212467042
18001.8 4996.47 1212467100
18159.6 5368.48 1212467160
18535.4 5680.18 1212467221
18544.3 5685.76 1212467246
18544.3 5685.76 1212467253
18545.1 5684.64 1212467294
18545.1 5684.64 1212467296
18545.1 5685.76 1212467356
18431.7 5633.25 1212467419
18140.9 5262.35 1212467478
18011.5 5008.76 1212467538
16963.8 5484.67 1212467599
16032.2 6661.15 1212467659
14684 7194.14 1212467709
13202 7437.74 1212467765
11758.9 7331.58 1212467817
10882.3 7203.08 1212467877
10813.1 7195.26 1212467937
9649.29 6880.15 1212467997
8195.6 6591.87 1212468049
6838.53 6058.92 1212468097
5754.47 4983.06 1212468149
4777.67 3838.1 1212468200
3734.38 2779.29 1212468257
3503.92 3334.36 1212468317
3205.2 3104.29 1212468438
3191.91 3211.51 1212468468
2988.04 2984.78 1212468529
2860.39 3065.2 1212468589
2672.48 3491.85 1212468649
2236.37 3427.07 1212468709
1502.44 3325.43 1212468771
1039.74 3328.78 1212468829
981.239 3774.43 1212468891
867.78 4408.89 1212468950
-327.08 4394.36 1212469071
-728.616 4659.11 1212469175
-725.957 4655.75 1212469222
-732.162 4668.04 1212469278
-729.503 4657.99 1212469336
-816.369 4609.95 1212469394
-499.04 4466.97 1212469455
-167.529 4517.24 1212469515
-29.251 4405.53 1212469568
-135.618 4116.23 1212469628
-51.4109 3599.07 1212469688
-280.987 3248.36 1212469748
-483.085 3207.04 1212469816
-487.517 3213.74 1212469880
-487.517 3212.62 1212469896
-371.399 3115.46 1212469950
173.733 3196.99 1212470010
173.733 3194.75 1212470015
447.629 3248.36 1212470076
1150.54 3375.69 1212470136
1538.78 3440.47 1212470199
2046.68 3508.6 1212470256
2368.45 3479.56 1212470316
2366.67 3468.39 1212470327
2301.97 3030.57 1212470451
2239.92 3020.52 1212470477
2110.51 2994.84 1212470538
1858.77 3021.64 1212470596
1801.15 3243.9 1212470629
1803.81 3247.25 1212470633
2171.67 3296.39 1212470694
2439.36 3301.97 1212470754
2288.67 3064.08 1212470816
2145.96 3067.43 1212470853
1896 2990.37 1212470907
1414.69 2802.74 1212470968
1533.46 2399.58 1212471028
1485.6 1869.13 1212471083
1484.71 1869.13 1212471086
1844.59 2047.8 1212471145
2092.78 2299.07 1212471205
2538.63 2750.25 1212471328
2551.04 2760.3 1212471342
2449.11 2417.45 1212471464
1879.16 1822.23 1212471524
1805.59 2009.84 1212471579
1805.59 2009.84 1212471584
2038.71 2246.58 1212471645
2326.79 2528.01 1212471705
2434.04 2636.34 1212471726
2247.9 2188.51 1212471786
1636.28 1572.1 1212471846
1056.58 1109.81 1212471907
1008.72 671.007 1212471966
1036.2 346.103 1212472027
1092.04 -372.882 1212472087
1014.04 -1820.71 1212472211
644.409 -1847.5 1212472272
644.409 -1847.5 1212472285
727.73 -1868.7 1212472345
775.595 -1489.19 1212472403
734.821 -1087.34 1212472464
743.685 -1098.5 1212472527
734.821 -955.615 1212472547
914.759 -579.411 1212472610
848.279 159.652 1212472668
802.187 626.346 1212472702
809.278 625.229 1212472716
1174.47 509.112 1212472778
1222.34 544.84 1212472795
1400.5 1089.72 1212472855
1398.73 1084.13 1212472916
1502.44 1384.5 1212472945
1826.86 1740.71 1212473004
1821.54 1765.28 1212473039
1821.54 1765.28 1212473040
1848.13 1785.38 1212473103
1843.7 1814.41 1212473133
1961.59 2168.41 1212473195
2194.71 2387.29 1212473253
2425.18 2600.6 1212473314
2855.96 2995.95 1212473437
3184.82 3056.26 1212473495
3029.7 2893.2 1212473556
2820.51 2994.84 1212473616
2152.17 2890.97 1212473679
1994.39 2822.84 1212473737
2013 2828.43 1212473800
2439.36 2749.13 1212473918
2364.9 2598.36 1212474041
2036.93 2267.8 1212474098
2036.93 2267.8 1212474102
1735.56 1956.23 1212474165
1615.9 1842.33 1212474225
1234.75 1462.66 1212474284
965.284 1152.25 1212474345
1022.01 530.325 1212474405
909.441 331.589 1212474465
908.554 332.705 1212474469
1122.18 521.393 1212474529
1138.13 523.626 1212474576
1237.41 563.821 1212474636
1039.74 702.27 1212474697
610.726 768.146 1212474758
601.862 855.236 1212474818
601.862 854.12 1212474849
600.089 856.353 1212474851
585.907 850.77 1212474910
626.681 849.654 1212474970
1232.09 1438.1 1212475031
1297.68 1739.6 1212475090
1193.97 2369.42 1212475151
1066.33 3184.7 1212475212
961.738 3880.54 1212475274
1507.76 4177.66 1212475429
1568.92 4373.14 1212475482
2355.15 4398.83 1212475602
2530.66 4289.36 1212475665
2538.63 4242.45 1212475708
2722.12 4077.13 1212475767
3032.36 3819.11 1212475829
3154.68 3436 1212475888
3159.11 2830.66 1212476010
3166.2 2830.66 1212476071
3173.29 2834.01 1212476181
3201.66 3109.87 1212476302
3137.84 3193.64 1212476363
3747.68 3675.02 1212476564
3565.08 3773.31 1212476612
3618.26 3466.16 1212476666
3461.37 3201.45 1212476726
2821.39 3080.83 1212476847
2491.65 2703.34 1212476907
2134.44 2359.37 1212476968
1982.86 2171.76 1212477027
1532.58 1739.6 1212477088
1385.43 1600.01 1212477115
1186.88 1410.18 1212477176
917.418 1143.31 1212477236
482.199 710.086 1212477297
47.8653 303.677 1212477345
11.5231 769.262 1212477405
-43.4333 1074.08 1212477465
-153.346 1480.53 1212477525
-153.346 1531.9 1212477642
-150.687 1528.55 1212477765
-148.914 1521.85 1212477823
-6.20476 941.212 1212477944
37.2286 310.376 1212478005
337.716 558.238 1212478065
804.846 1022.72 1212478128
1326.93 1536.36 1212478188
1584.87 1795.43 1212478249
1700.1 1926.08 1212478309
2042.25 2257.75 1212478370
2173.44 2385.06 1212478414
2363.13 2570.44 1212478477
2566.11 2772.59 1212478534
2843.55 3026.11 1212478594
3118.34 3178 1212478654
3559.76 3491.85 1212478714
3769.84 3679.49 1212478774
3516.33 3764.38 1212478835
3341.71 3631.46 1212478895
3069.58 3333.25 1212478955
2748.71 2991.48 1212479017
2451.77 2693.29 1212479073
2275.37 2510.14 1212479133
1944.75 2180.69 1212479193
1597.28 1846.8 1212479253
1270.2 1501.75 1212479313
986.557 1217.01 1212479373
802.187 1114.28 1212479418
802.187 1114.28 1212479420
619.59 1363.28 1212479480
493.722 1141.08 1212479540
609.839 762.563 1212479601
834.097 1046.17 1212479662
1328.71 1554.23 1212479723
1241.84 2048.92 1212479784
1911.07 2847.41 1212479907
2005.91 2839.59 1212479969
2015.66 2838.48 1212479991
2009.46 2837.36 1212480016
2020.98 2842.95 1212480076
1995.27 2825.08 1212480136
1999.71 2829.54 1212480198
2006.8 2834.01 1212480260
2198.26 2687.71 1212480380
2354.26 2697.76 1212480441
2501.41 2827.31 1212480501
2651.21 2853 1212480530
2816.08 2724.56 1212480587
3248.64 2261.1 1212480648
3427.69 1559.81 1212480708
3731.72 384.064 1212480769
3373.62 489.015 1212480829
3290.3 550.423 1212480865
3290.3 550.423 1212480867
3598.76 567.17 1212480927
3784.02 -439.865 1212481040
3829.22 -1104.08 1212481100
3749.45 -1095.15 1212481161
3620.92 -912.079 1212481224
3584.58 -953.383 1212481282
3591.67 -954.499 1212481343
3578.37 -976.825 1212481463
3580.15 -979.058 1212481499
3586.35 -980.174 1212481511
