4523.27 -16103.3 1212993090
4221.9 -16038.7 1212993150
3434.78 -16213.6 1212993215
3011.08 -14777.2 1212993262
1871.18 -14022.7 1212993323
502.586 -14566.6 1212993378
-452.948 -13514.5 1212993443
-1116.86 -12744.3 1212993504
-1324.27 -12897 1212993558
-1624.76 -13156.7 1212993618
-1289.7 -13714 1212993679
-1146.11 -13788.7 1212993700
-1146.11 -13788.7 1212993711
-1145.22 -13789.8 1212993763
-1558.28 -13395.2 1212993821
-1363.27 -12937.1 1212993882
-304.92 -13961.4 1212993942
912.986 -14527.6 1212994002
2355.15 -14116.4 1212994059
3105.04 -15426.9 1212994114
4019.8 -16167.9 1212994174
4215.69 -16110 1212994242
4408.04 -16032 1212994302
4408.04 -16032 1212994363
4408.04 -16030.9 1212994422
4408.93 -16030.9 1212994483
4408.04 -16029.8 1212994542
4408.93 -16029.8 1212994598
4408.93 -16029.8 1212994659
4408.04 -16029.8 1212994720
4401.83 -16015.3 1212994951
4302.56 -16141.2 1212995241
4532.13 -15940.6 1212995325
4152.76 -16075.5 1212995385
3126.31 -15316.6 1212995445
2844.44 -13845.5 1212995496
2578.52 -12327.4 1212995544
3062.49 -10911.5 1212995589
4033.09 -9731.79 1212995637
4062.35 -8241.87 1212995684
3799.09 -6763.94 1212995730
3501.26 -5274.59 1212995777
3003.99 -3819.56 1212995825
2780.62 -2712.5 1212995885
3715.77 -1521.56 1212995911
3850.5 1.11644 1212995960
3358.55 1411.3 1212996014
3878.86 1981.92 1212996074
3879.75 2016.54 1212996134
3479.1 2412.98 1212996194
2955.24 3163.48 1212996254
3007.54 3132.21 1212996271
3024.38 3140.03 1212996290
3025.26 3135.56 1212996351
3145.81 2976.97 1212996411
3149.36 2774.82 1212996472
2864.83 3068.55 1212996532
2702.62 2873.1 1212996580
2361.35 2595.01 1212996641
2228.4 2928.94 1212996701
2075.05 3431.53 1212996761
2018.32 3801.24 1212996824
2041.37 3816.88 1212996826
2276.26 4058.14 1212996886
2347.17 4176.54 1212996946
2677.8 4229.04 1212997006
2683.12 4221.22 1212997066
2529.77 4258.09 1212997094
2230.17 4494.9 1212997154
2419.86 4344.1 1212997215
2550.16 4230.16 1212997275
2746.94 4069.31 1212997336
2895.85 3907.35 1212997396
2942.83 3529.82 1212997461
3071.36 3060.73 1212997517
3090.86 2703.34 1212997578
2831.14 2946.81 1212997638
2754.03 2930.06 1212997699
2570.54 2796.04 1212997759
2456.2 2889.85 1212997820
2434.93 2991.48 1212997885
2319.69 3009.35 1212997940
2118.48 2931.17 1212998000
2286.9 2886.5 1212998060
2321.47 2822.84 1212998109
2085.69 2262.22 1212998174
1871.18 2106.99 1212998229
1628.31 1860.2 1212998289
1566.26 1667.01 1212998349
1540.55 1480.53 1212998409
1379.23 1317.5 1212998469
1391.64 931.162 1212998530
1360.62 921.113 1212998600
1367.71 925.58 1212998650
1365.93 924.463 1212998710
1371.25 925.58 1212998770
1360.62 906.598 1212998840
1365.93 918.88 1212998890
1364.16 938.978 1212998951
1365.93 942.328 1212999012
1370.37 946.794 1212999072
1366.82 946.794 1212999132
1367.71 946.794 1212999192
1363.27 951.261 1212999256
1397.84 1085.25 1212999316
1532.58 1067.38 1212999372
2214.21 1019.37 1212999436
2619.3 -99.3624 1212999492
2725.66 -1591.89 1212999549
2706.16 -3099.76 1212999607
3167.97 -4503.59 1212999659
3625.35 -5946.22 1212999711
3884.18 -7404.22 1212999760
4158.96 -8917.72 1212999810
3591.67 -10342.9 1212999868
2603.34 -11489 1212999918
2126.46 -11551.5 1212999982
1654.01 -11419.9 1213000038
1259.57 -11346.3 1213000103
