4331.81 -16164.6 1211165134
4538.34 -16014.2 1211165218
4212.15 -16064.3 1211165278
3399.32 -16046.5 1211165344
2954.35 -14572.2 1211165387
2631.71 -13085.4 1211165431
2605.11 -11552.6 1211165476
3552.67 -10419.8 1211165522
4198.85 -9082.77 1211165565
3944.46 -7606.11 1211165606
3683.86 -6151.5 1211165645
3246.86 -4721.17 1211165687
2821.39 -3264.93 1211165730
3575.72 -1753.74 1211165781
3850.5 -282.454 1211165830
3398.44 1177.93 1211165871
2867.49 1852.38 1211165931
2536.86 2187.39 1211165991
2286.01 2431.96 1211166051
2166.35 2886.5 1211166111
2189.39 2844.06 1211166140
2188.51 2839.59 1211166142
2293.99 2885.38 1211166202
2443.79 3010.47 1211166263
2426.95 3045.09 1211166307
1795.84 2940.11 1211166367
1376.57 2869.75 1211166428
1279.07 2714.51 1211166488
1307.43 2687.71 1211166517
1308.32 2687.71 1211166518
1154.09 2646.39 1211166578
1286.16 2662.02 1211166638
1169.15 2524.66 1211166698
1033.54 2501.2 1211166760
775.595 2458.77 1211166782
350.126 2391.76 1211166842
250.85 2663.14 1211166902
229.576 2870.87 1211166963
199.439 3009.35 1211166997
163.983 3181.35 1211167057
439.652 3246.13 1211167128
1014.04 3339.95 1211167177
1161.18 3380.16 1211167237
1477.62 3427.07 1211167298
1651.35 3253.95 1211167358
1509.53 3098.7 1211167418
1382.78 3004.89 1211167478
1431.53 2809.44 1211167539
1728.47 2762.53 1211167599
1847.25 2108.11 1211167660
2115.82 1809.95 1211167725
2702.62 1550.88 1211167781
2860.39 1721.73 1211167841
2859.51 1719.5 1211167852
3227.36 1443.68 1211167912
3823.02 46.8905 1211167965
3838.97 -1153.2 1211168003
3541.15 -1773.83 1211168027
2739.85 -3057.35 1211168077
3173.29 -4496.9 1211168132
3627.13 -5918.33 1211168176
3888.61 -7385.26 1211168223
4153.64 -8857.5 1211168267
4088.05 -9575.68 1211168290
3178.61 -10802.2 1211168343
2555.48 -12186.9 1211168381
3036.79 -15179.5 1211168481
4180.24 -16124.5 1211168565
4383.22 -16052.1 1211168735
4406.27 -16036.5 1211168795
4403.61 -16037.6 1211168861
4404.49 -16037.6 1211168917
4405.38 -16036.5 1211168981
4404.49 -16036.5 1211169040
4403.61 -16037.6 1211169098
4405.38 -16038.7 1211169159
4406.27 -16038.7 1211169219
4405.38 -16036.5 1211169283
4403.61 -16040.9 1211169345
4412.47 -16022 1211169411
