1648.69 -11419.9 1211454167
1749.74 -11544.8 1211454196
2289.56 -11717.6 1211454289
2604.23 -11590.5 1211454349
3557.1 -10419.8 1211454401
4199.74 -9064.93 1211454452
3943.57 -7593.84 1211454500
3673.22 -6090.14 1211454545
3224.7 -4637.49 1211454594
2881.67 -3412.24 1211454634
3353.23 -1940.14 1211454694
3764.52 -1135.34 1211454755
3721.08 -976.825 1211454817
3635.99 -973.476 1211454878
3628.01 -919.893 1211454938
3628.9 -918.777 1211454998
3626.24 -919.893 1211455058
3624.47 -919.893 1211455118
3624.47 -918.777 1211455179
3625.35 -918.777 1211455239
3626.24 -918.777 1211455300
3626.24 -918.777 1211455360
3626.24 -918.777 1211455421
3627.13 -919.893 1211455481
3627.13 -919.893 1211455542
3627.13 -919.893 1211455602
3627.13 -919.893 1211455663
3628.9 -924.359 1211455734
3615.6 -977.942 1211455798
3578.37 -1091.8 1211455858
2907.37 -1185.57 1211455914
2236.37 -1312.83 1211455974
1819.77 -1323.99 1211456038
1187.77 -1345.2 1211456094
739.253 -1388.73 1211456154
375.831 -1540.54 1211456214
384.695 -1574.03 1211456274
367.854 -1348.55 1211456311
149.801 -1109.66 1211456372
123.209 -734.583 1211456432
90.4122 -256.777 1211456493
46.0925 238.921 1211456553
40.7741 380.714 1211456613
7.97755 787.127 1211456674
-7.97755 980.291 1211456734
-112.572 1232.64 1211456785
-111.686 1233.76 1211456791
119.663 1498.4 1211456852
824.347 1612.3 1211456912
1112.43 1652.5 1211456978
1405.82 2021 1211457033
1802.04 2091.36 1211457094
1800.27 2094.71 1211457099
1730.24 1967.4 1211457160
1602.6 1850.15 1211457220
1432.41 1667.01 1211457262
1037.97 1270.61 1211457322
980.352 1019.37 1211457383
999.853 826.206 1211457423
999.853 826.206 1211457425
1013.15 703.386 1211457485
1034.42 413.093 1211457545
1040.63 324.89 1211457567
745.458 139.556 1211457627
249.077 103.829 1211457688
46.9789 242.271 1211457748
23.9326 582.801 1211457808
-8.86394 970.242 1211457868
-327.08 1206.96 1211457929
-842.961 1126.56 1211457989
-1161.18 1079.67 1211458055
-1586.65 1037.24 1211458111
-1638.06 1395.67 1211458171
-1674.4 1612.3 1211458231
-1763.04 2162.83 1211458297
-1824.2 2345.97 1211458352
-2054.66 2377.24 1211458414
-2345.4 2354.91 1211458446
-2575.86 2332.57 1211458511
-2539.52 1901.52 1211458570
-2196.49 1920.5 1211458611
-2111.39 1931.67 1211458671
-2085.69 1924.97 1211458731
-2098.98 1941.72 1211458806
-2115.82 1937.25 1211458866
-2120.26 1941.72 1211458927
-2112.28 1932.78 1211458987
-2114.05 1935.02 1211459048
-2112.28 1936.13 1211459108
-2111.39 1936.13 1211459169
-2110.51 1936.13 1211459201
-2110.51 1935.02 1211459262
-2109.62 1935.02 1211459322
-2110.51 1935.02 1211459382
-2116.71 1940.6 1211459442
-2101.64 1936.13 1211459506
-2098.1 1938.37 1211459562
-2120.26 1933.9 1211459622
-2336.54 1927.2 1211459682
-2695.53 1900.4 1211459742
-2901.17 2132.67 1211459802
-2926.87 2564.86 1211459862
-2640.57 2759.18 1211459922
-2104.3 2851.88 1211459983
-1584.87 2931.17 1211460043
-1475.85 2936.76 1211460103
-1474.96 2934.53 1211460163
-1466.98 2942.34 1211460223
-1140.79 2995.95 1211460327
-906.782 3027.22 1211460387
-608.067 3087.53 1211460419
-141.823 3161.25 1211460460
-142.71 3264 1211460520
-668.341 3185.82 1211460580
-735.707 3209.27 1211460620
-577.043 3138.91 1211460670
64.7068 2974.73 1211460754
850.939 3103.17 1211460815
1089.38 3136.68 1211460875
1746.2 3242.78 1211460922
2335.65 3336.6 1211460982
2788.6 3419.25 1211461042
2896.74 3434.88 1211461081
2898.51 3434.88 1211461082
3079.33 3498.55 1211461143
3001.33 3654.92 1211461203
2869.26 3590.14 1211461263
2724.78 3940.86 1211461324
2486.34 4305 1211461384
2343.63 4426.76 1211461444
1707.2 4975.24 1211461504
1036.2 4930.56 1211461565
441.424 4836.72 1211461625
259.714 4808.8 1211461685
-67.366 4758.53 1211461745
-485.744 4883.64 1211461805
-835.87 4754.06 1211461865
-643.522 4471.44 1211461925
-356.331 4491.55 1211461970
-37.2286 4452.45 1211462031
11.5231 4157.56 1211462096
-415.719 4059.26 1211462151
-522.973 3729.75 1211462222
-451.175 3331.01 1211462272
-697.592 3076.37 1211462332
-821.688 3057.38 1211462356
-855.371 3152.31 1211462416
-741.912 3176.88 1211462476
-780.914 3171.3 1211462509
-780.027 3169.06 1211462569
-780.027 3169.06 1211462586
-557.542 2879.8 1211462678
-358.103 2707.81 1211462735
-334.171 2567.09 1211462795
-255.282 2062.32 1211462856
-193.234 1672.6 1211462916
-154.233 1468.25 1211462978
-124.982 1269.49 1211463038
-12.4095 1005.97 1211463099
49.6381 934.512 1211463139
100.163 914.414 1211463171
100.163 914.414 1211463173
48.7517 984.758 1211463234
-116.118 1228.17 1211463298
-635.545 1158.94 1211463354
-1146.99 1079.67 1211463414
-1516.62 1020.49 1211463474
-1611.47 1206.96 1211463534
-1706.31 1786.5 1211463594
-1818.88 2333.69 1211463654
-1891.57 2379.48 1211463714
-2415.42 2351.56 1211463769
-2805.44 2328.1 1211463834
-2925.1 2510.14 1211463890
-2760.23 2741.31 1211463950
-2188.51 2834.01 1211464010
-1885.36 2884.27 1211464071
-1488.26 2935.64 1211464131
-1488.26 2935.64 1211464190
-1488.26 2935.64 1211464242
-1488.26 2935.64 1211464302
-1488.26 2935.64 1211464362
9304.48 9408.05 1211464409
6814.6 7918.26 1211464411
5300.64 7010.88 1211464417
3749.45 6081.26 1211464422
2481.9 5321.56 1211464433
923.623 4368.67 1211464442
-356.331 3547.69 1211464455
-635.545 3090.88 1211464515
-472.448 3401.38 1211464576
-515.882 3726.4 1211464636
-576.156 4108.41 1211464698
-610.726 4315.05 1211464758
-540.701 4460.27 1211464819
-462.698 4585.38 1211464879
-630.226 4446.86 1211464939
-632.886 4403.3 1211464983
-632.886 4401.07 1211465048
-574.384 4044.74 1211465200
-111.686 4106.17 1211465260
-2.65918 4120.69 1211465284
-2.65918 4120.69 1211465286
181.711 4154.2 1211465346
586.793 4214.52 1211465406
727.73 4237.98 1211465466
1075.2 4294.95 1211465527
1174.47 4389.9 1211465559
1097.36 4845.66 1211465616
1353.52 4979.71 1211465677
1663.76 5138.34 1211465737
1710.74 5155.1 1211465798
1722.26 5139.46 1211465858
1719.61 5159.57 1211465918
1719.61 5166.27 1211465979
1720.49 5158.45 1211466039
1719.61 5156.22 1211466100
1720.49 5168.51 1211466160
1721.38 5160.69 1211466221
1720.49 5164.04 1211466281
1718.72 5149.52 1211466342
1718.72 5159.57 1211466403
1720.49 5151.75 1211466462
1719.61 5152.87 1211466522
1718.72 5151.75 1211466582
1717.83 5162.92 1211466643
1717.83 5162.92 1211466703
1718.72 5143.93 1211466763
1719.61 5145.05 1211466823
1718.72 5149.52 1211466884
1719.61 5156.22 1211466936
1724.04 5137.23 1211466996
1722.26 5140.58 1211467039
1719.61 5148.4 1211467099
1715.17 5160.69 1211467164
1708.97 5160.69 1211467219
1708.97 5158.45 1211467280
1708.97 5162.92 1211467340
1711.63 5161.8 1211467401
1712.51 5162.92 1211467441
1839.27 5165.16 1211467493
2477.47 5263.47 1211467553
2606 5198.67 1211467614
2879.01 4985.3 1211467674
2991.58 4794.27 1211467744
2990.69 4741.77 1211467769
2989.81 4741.77 1211467771
3019.06 4595.43 1211467831
3079.33 4232.39 1211467901
3127.2 3911.82 1211467938
3420.6 3960.96 1211467998
3452.51 3805.71 1211468058
3472.01 3786.72 1211468118
3444.53 3788.95 1211468179
3417.05 3895.06 1211468283
3470.23 3899.53 1211468500
3469.35 3737.57 1211468533
3431.23 3925.22 1211468586
3550.01 4064.84 1211468646
3119.22 4739.54 1211468707
3019.95 4876.94 1211468767
2797.46 5094.78 1211468828
2549.27 5263.47 1211468888
1910.18 5179.68 1211468949
1725.81 5155.1 1211468998
1724.92 5156.22 1211469000
1556.51 5098.13 1211469060
1358.84 5304.8 1211469120
1345.55 5299.21 1211469185
1345.55 5301.45 1211469240
1342.89 5304.8 1211469300
1343.77 5299.21 1211469361
1343.77 5300.33 1211469403
1344.66 5300.33 1211469463
1345.55 5301.45 1211469523
1345.55 5300.33 1211469583
1368.59 5013.23 1211469670
928.941 4997.59 1211469730
1074.31 4969.66 1211469773
1123.06 4670.28 1211469834
1226.77 4575.33 1211469876
1325.16 4351.92 1211469936
1392.53 3930.81 1211469997
1429.75 3685.08 1211470062
1462.55 3433.77 1211470119
1791.4 3484.03 1211470179
2091 3570.03 1211470244
2346.29 3517.54 1211470299
2609.55 3589.02 1211470364
2739.85 3574.5 1211470419
2821.39 3580.08 1211470440
2824.94 3587.9 1211470447
2923.33 3564.45 1211470507
2899.4 3310.91 1211470567
2658.3 3277.4 1211470627
2484.56 3155.66 1211470687
2621.07 2861.93 1211470747
2642.34 2836.24 1211470807
2642.34 2836.24 1211470829
16166.9 11832.7 1211470942
2658.3 2837.36 1211470954
2639.68 2844.06 1211471015
2651.21 2841.83 1211471075
16155.4 11830.5 1211471145
2668.05 2823.96 1211471147
2651.21 2829.54 1211471203
2738.07 2825.08 1211471292
2742.5 2832.89 1211471311
2711.48 2817.26 1211471332
2695.53 2803.86 1211471408
2682.23 2812.79 1211471468
2691.98 2792.69 1211471531
2699.96 2817.26 1211471591
2757.57 2785.99 1211471666
2958.78 2904.37 1211471738
3227.36 3172.42 1211471793
3376.28 3322.08 1211471848
3409.96 3334.36 1211471914
3432.12 3326.55 1211471973
3464.03 3364.52 1211472028
3701.58 3673.91 1211472088
3704.24 3678.37 1211472105
3773.38 3662.74 1211472127
3846.07 3526.47 1211472187
3707.79 3366.75 1211472249
3448.07 3098.7 1211472307
3503.03 2785.99 1211472367
3376.28 2490.04 1211472427
3320.43 2440.9 1211472457
3319.55 2440.9 1211472459
3032.36 2143.84 1211472519
2909.15 2211.96 1211472580
2909.15 2211.96 1211472591
2721.23 2397.34 1211472651
2520.02 2660.9 1211472717
2387.06 2831.78 1211472771
2172.55 2875.33 1211472831
2243.46 3112.1 1211472892
2299.31 3122.16 1211472920
2299.31 3122.16 1211472921
2293.1 3123.27 1211472981
2488.11 3150.08 1211473041
2684 3245.01 1211473101
2407.45 3255.06 1211473161
1885.36 3144.49 1211473222
1410.25 3089.77 1211473282
1334.91 3379.04 1211473342
1309.2 3542.11 1211473373
1268.43 3762.14 1211473460
1217.02 4086.07 1211473520
1068.99 4298.3 1211473581
902.35 4270.37 1211473634
883.735 4341.86 1211473695
883.735 4341.86 1211473698
738.367 4274.84 1211473780
795.096 3971.02 1211473841
806.619 3851.5 1211473901
827.892 3749.86 1211473961
855.371 3551.04 1211474022
900.577 3361.17 1211474082
820.801 3208.16 1211474143
245.531 3117.69 1211474203
-544.246 2987.02 1211474264
-1039.74 2657.55 1211474326
-1022.01 2519.07 1211474386
-1015.81 2093.59 1211474454
-907.668 1432.52 1211474506
-854.484 1096.42 1211474567
-767.618 664.308 1211474627
-756.981 641.977 1211474647
-808.392 597.316 1211474714
-953.76 823.973 1211474768
-1050.38 1095.3 1211474829
-1323.39 961.31 1211474887
-1268.43 658.725 1211474947
-1251.59 544.84 1211475009
-1247.16 534.791 1211475103
-1246.27 537.024 1211475122
-1363.27 617.414 1211475182
-1497.12 504.646 1211475239
-1919.93 414.209 1211475298
-2208.01 288.046 1211475358
-2576.75 236.688 1211475418
-2890.53 113.877 1211475478
-2866.6 -295.851 1211475538
-2847.1 -668.719 1211475608
-2847.1 -667.603 1211475617
-2876.35 -800.447 1211475677
-3131.63 -589.458 1211475719
-3272.57 -228.867 1211475779
-3448.96 -206.538 1211475839
-3445.42 -27.9109 1211475870
-3141.38 196.495 1211475940
-3102.38 541.49 1211475991
-2754.91 645.327 1211476051
-1969.57 811.691 1211476114
-1657.56 1238.22 1211476172
-1123.06 1299.64 1211476232
-366.967 1419.12 1211476292
212.735 1512.91 1211476354
839.416 1611.18 1211476418
1121.29 1660.31 1211476475
1361.5 1805.48 1211476535
1708.08 1643.56 1211476595
1825.09 1754.11 1211476656
2279.81 2211.96 1211476715
2513.81 2443.13 1211476776
2488.11 2587.2 1211476837
2597.14 2821.73 1211476899
2694.64 2793.81 1211476957
2722.12 2767 1211476972
2727.44 2787.1 1211477011
2723.89 2784.87 1211477013
2753.14 2727.91 1211477075
2651.21 2573.79 1211477135
2605.11 2808.32 1211477200
2660.96 2850.76 1211477255
2681.34 2835.13 1211477315
2681.34 2851.88 1211477375
2694.64 2925.59 1211477468
2693.75 2924.47 1211477529
2731.87 3022.76 1211477598
2725.66 3060.73 1211477658
2723.89 2968.03 1211477766
2706.16 2890.97 1211477827
