12996.3 8872.68 1211972853
12520.3 8755.32 1211972914
12389.1 8442.39 1211972974
11899 7386.34 1211973034
10758.2 7234.37 1211973094
9331.96 6829.87 1211973168
8950.81 6755 1211973173
7487.37 6320.36 1211973233
6251.74 5581.86 1211973284
5285.57 4446.86 1211973336
4318.51 3309.79 1211973394
4171.37 3136.68 1211973402
3651.06 3194.75 1211973463
3468.46 3506.37 1211973523
3435.66 3815.76 1211973584
3456.94 3822.46 1211973643
3465.8 3823.58 1211973703
3463.14 3824.69 1211973764
3478.21 3824.69 1211973823
3438.32 3814.64 1211973884
3418.82 3813.52 1211973944
3421.48 3816.88 1211974005
3412.62 3823.58 1211974065
3418.82 3825.81 1211974126
3416.16 3825.81 1211974195
3464.03 3825.81 1211974247
3457.82 3825.81 1211974307
3358.55 3828.05 1211974367
3381.59 3824.69 1211974427
3459.6 3860.44 1211974503
3354.12 4139.68 1211974568
3188.36 4286.01 1211974624
3078.45 4306.12 1211974685
2684.89 4234.63 1211974745
2392.38 4382.08 1211974806
1832.18 4860.18 1211974866
1658.44 5040.04 1211974927
1661.1 5043.39 1211974987
1663.76 5054.56 1211975048
1669.08 5057.91 1211975108
1670.85 5056.79 1211975169
1615.01 5127.17 1211975217
1220.57 5073.55 1211975272
844.734 4905.98 1211975332
379.377 4828.9 1211975392
-70.0252 4759.64 1211975452
-130.3 4528.41 1211975507
-486.631 4480.38 1211975573
-679.865 4731.72 1211975630
-707.343 4880.29 1211975690
-639.09 4470.32 1211975751
-627.567 4358.62 1211975811
-584.134 4116.23 1211975872
-527.405 3775.55 1211975937
-472.448 3439.35 1211975992
-374.058 3118.81 1211976052
177.279 3210.39 1211976112
528.291 3249.48 1211976172
943.124 3026.11 1211976232
1033.54 2428.61 1211976279
849.166 2045.57 1211976344
833.211 1715.03 1211976399
640.863 1698.28 1211976460
640.863 1698.28 1211976467
589.452 1479.41 1211976521
575.27 1128.8 1211976582
584.134 1060.69 1211976603
589.452 940.095 1211976634
292.51 825.089 1211976694
-17.7279 980.291 1211976754
-103.708 1164.53 1211976814
-114.345 1155.6 1211976875
-98.3898 1123.21 1211976929
-107.254 1128.8 1211977031
9.75034 726.834 1211977091
395.332 649.793 1211977151
397.991 654.259 1211977211
776.482 984.758 1211977272
1356.18 1109.81 1211977332
1513.96 1059.57 1211977392
2699.96 628.579 1211977452
2900.28 -893.102 1211977507
2446.45 -2309.59 1211977557
2940.17 -3723.59 1211977619
3401.98 -5145.16 1211977651
3747.68 -6625.61 1211977697
4018.03 -8137.03 1211977745
2552.82 -12250.4 1211977893
2765.55 -13745.2 1211977949
3044.76 -15219.7 1211977996
4499.34 -16181.3 1211978116
4539.23 -16141.2 1211978157
4547.2 -16123.4 1211978218
4545.43 -16122.3 1211978278
4544.54 -16121.1 1211978338
4543.66 -16121.1 1211978398
4562.27 -16030.9 1211978435
4470.97 -15897.2 1211978445
3722.86 -16202.5 1211978496
4039.3 -16210.3 1211978556
4039.3 -16210.3 1211978573
4042.85 -16209.2 1211978616
4043.73 -16209.2 1211978676
4042.85 -16208 1211978737
4049.05 -16205.8 1211978801
4049.94 -16205.8 1211978857
4055.25 -16204.7 1211978918
4047.28 -16206.9 1211978978
4047.28 -16206.9 1211979041
4043.73 -16208 1211979100
4046.39 -16208 1211979160
4046.39 -16206.9 1211979220
4053.48 -16204.7 1211979285
4048.16 -16206.9 1211979348
4046.39 -16208 1211979400
4047.28 -16208 1211979461
4049.05 -16205.8 1211979521
4048.16 -16206.9 1211979582
4038.41 -16201.4 1211979650
4039.3 -16202.5 1211979710
4041.07 -16201.4 1211979770
4041.96 -16201.4 1211979830
4042.85 -16201.4 1211979891
4042.85 -16202.5 1211979956
4042.85 -16202.5 1211980012
4043.73 -16202.5 1211980072
4044.62 -16202.5 1211980142
4044.62 -16202.5 1211980197
4043.73 -16202.5 1211980252
4044.62 -16202.5 1211980312
4044.62 -16203.6 1211980383
4017.14 -16192.4 1211980449
4015.37 -16192.4 1211980509
4015.37 -16192.4 1211980574
4024.23 -16182.4 1211980629
4018.91 -16191.3 1211980701
4018.91 -16193.6 1211980750
4016.25 -16195.8 1211980815
4021.57 -16191.3 1211980882
4023.34 -16190.2 1211980938
4025.12 -16189.1 1211980997
16992.2 -65.8696 1211981026
4020.69 -16185.8 1211981037
4019.8 -16189.1 1211981092
4018.91 -16192.4 1211981152
4027.78 -16189.1 1211981217
4028.66 -16189.1 1211981277
4027.78 -16189.1 1211981320
4027.78 -16190.2 1211981376
4027.78 -16189.1 1211981436
4033.98 -16186.9 1211981510
4033.98 -16186.9 1211981557
4033.98 -16189.1 1211981617
4033.98 -16189.1 1211981632
4033.98 -16189.1 1211981677
4033.09 -16188 1211981737
4033.09 -16188 1211981808
4036.64 -16183.5 1211981857
4035.75 -16185.8 1211981918
4034.87 -16184.6 1211981980
4033.98 -16184.6 1211982039
4033.09 -16184.6 1211982105
4039.3 -16184.6 1211982160
4039.3 -16184.6 1211982208
4039.3 -16184.6 1211982228
4040.19 -16184.6 1211982268
4040.19 -16183.5 1211982329
4040.19 -16184.6 1211982389
4040.19 -16183.5 1211982449
4040.19 -16182.4 1211982513
4039.3 -16182.4 1211982569
4039.3 -16179.1 1211982630
4039.3 -16180.2 1211982696
4040.19 -16181.3 1211982753
4041.07 -16181.3 1211982813
4042.85 -16181.3 1211982879
4035.75 -16183.5 1211982939
4035.75 -16185.8 1211983002
4034.87 -16185.8 1211983059
4034.87 -16185.8 1211983114
4036.64 -16184.6 1211983184
4036.64 -16184.6 1211983201
4035.75 -16184.6 1211983261
4036.64 -16184.6 1211983321
4030.44 -16182.4 1211983382
4032.21 -16183.5 1211983442
4033.09 -16183.5 1211983502
4033.09 -16183.5 1211983563
4033.09 -16183.5 1211983623
4034.87 -16184.6 1211983689
4034.87 -16184.6 1211983744
4035.75 -16182.4 1211983805
4036.64 -16182.4 1211983865
4036.64 -16182.4 1211983931
4034.87 -16183.5 1211983996
4035.75 -16183.5 1211984052
4034.87 -16183.5 1211984107
4033.98 -16183.5 1211984167
4033.09 -16183.5 1211984246
4033.98 -16184.6 1211984287
4031.32 -16185.8 1211984348
4030.44 -16183.5 1211984408
4033.98 -16178 1211984543
4034.87 -16179.1 1211984598
4036.64 -16179.1 1211984656
4036.64 -16183.5 1211984768
4037.53 -16184.6 1211984829
4041.96 -16189.1 1211984894
4041.96 -16188 1211984959
4041.96 -16188 1211985023
4041.07 -16188 1211985075
4036.64 -16189.1 1211985140
4036.64 -16189.1 1211985181
4037.53 -16188 1211985248
4038.41 -16186.9 1211985298
4038.41 -16185.8 1211985356
4038.41 -16185.8 1211985371
4038.41 -16186.9 1211985422
4038.41 -16188 1211985479
4038.41 -16188 1211985550
4040.19 -16186.9 1211985594
4040.19 -16188 1211985655
4037.53 -16191.3 1211985705
4035.75 -16190.2 1211985774
4037.53 -16189.1 1211985826
4037.53 -16186.9 1211985895
4031.32 -16186.9 1211985962
4036.64 -16186.9 1211985992
4037.53 -16186.9 1211986061
4039.3 -16185.8 1211986115
17021.4 -60.2874 1211986138
4010.93 -16173.5 1211986149
4041.07 -16175.7 1211986204
4040.19 -16176.8 1211986214
3763.63 -16135.6 1211986275
3116.56 -15169.5 1211986330
2887.87 -13865.6 1211986399
2591.82 -12406.5 1211986455
3004.88 -10981.7 1211986513
3218.5 -10895.9 1211986538
3479.1 -10932.7 1211986602
4283.06 -10897 1211986661
4690.8 -10462.2 1211986717
4723.6 -10531.3 1211986778
4720.94 -10529.1 1211986805
4720.94 -10529.1 1211986807
4741.32 -10459.9 1211986867
4439.06 -10863.6 1211986933
3571.28 -10910.4 1211986987
3513.67 -11102.2 1211987048
3051.86 -11568.2 1211987107
3051.86 -11568.2 1211987120
2964.99 -11748.8 1211987173
2967.65 -12034.2 1211987241
2966.76 -12033.1 1211987292
2961.44 -12023 1211987352
2963.22 -12028.6 1211987454
2962.33 -12023 1211987511
2966.76 -12023 1211987557
16318.5 2568.21 1211987648
2979.17 -11970.6 1211987652
2528 -12290.6 1211987721
2474.81 -12309.5 1211987777
2637.91 -13352.9 1211987832
2932.19 -14828.5 1211987891
3361.21 -16274.9 1211987945
