3482.64 -16247 1212600201
2990.69 -14834.1 1212600238
2668.93 -13378.5 1212600287
4162.51 -9391.68 1212600441
3803.52 -6808.56 1212600509
3526.08 -5328.14 1212600581
3023.49 -3901.02 1212600629
2932.19 -2565.17 1212600684
3790.22 -1355.24 1212600736
3831.88 151.837 1212600774
3509.24 1608.95 1212600849
3761.86 1837.86 1212600898
3629.79 2267.8 1212600953
3374.5 2520.19 1212601022
3018.17 2876.45 1212601086
2963.22 2927.82 1212601102
2886.99 2998.19 1212601166
2862.17 3042.86 1212601225
2436.7 3260.65 1212601285
2305.51 3241.66 1212601386
2346.29 3213.74 1212601438
2346.29 3213.74 1212601445
2082.14 3223.79 1212601500
1998.82 2995.95 1212601565
2071.5 2483.34 1212601620
2205.35 2473.28 1212601681
2624.61 2083.54 1212601751
2647.66 1750.76 1212601806
2663.62 1079.67 1212601876
2867.49 -422.003 1212601922
2589.16 -1906.65 1212601975
2826.71 -3387.69 1212602025
3252.18 -4860.65 1212602074
2529.77 -11853.6 1212602328
2635.25 -13339.5 1212602395
2925.99 -14816.3 1212602438
4181.12 -16123.4 1212602539
