3207.86 -15519.4 1211400792
2879.01 -14029.4 1211400840
2576.75 -12549.2 1211400889
3877.09 -9990.5 1211400999
4105.78 -8505.08 1211401032
3842.52 -7041.7 1211401079
3575.72 -5526.74 1211401127
3077.56 -4077.33 1211401184
2817.85 -2684.59 1211401239
3732.61 -1503.7 1211401283
3846.95 -7.81506 1211401358
3358.55 1403.48 1211401399
3658.15 1771.98 1211401459
3857.59 1972.98 1211401519
3558.87 2373.89 1211401579
3558.87 2373.89 1211401603
3376.28 2516.84 1211401634
2925.99 2975.85 1211401694
2867.49 3057.38 1211401754
2448.22 3040.63 1211401877
2371.11 3022.76 1211401907
2286.01 3002.65 1211401965
2141.53 3030.57 1211402027
2272.72 3167.95 1211402087
2415.42 3137.79 1211402148
2415.42 3134.44 1211402208
2417.2 3140.03 1211402269
2417.2 3143.38 1211402329
15976.4 12020.6 1211402344
2420.74 3153.43 1211402371
2425.18 3153.43 1211402416
2332.99 3144.49 1211402642
2400.36 3127.74 1211402703
2407.45 3126.62 1211402762
2418.08 3125.51 1211402822
2049.34 3157.9 1211403053
2153.94 3146.73 1211403092
2157.48 3144.49 1211403135
2243.46 3155.66 1211403233
2231.94 3151.2 1211403277
2442.9 3052.91 1211403385
2190.28 3013.82 1211403445
1724.04 2924.47 1211403515
1303.89 2865.28 1211403566
1143.45 2830.66 1211403630
1103.56 3011.59 1211403702
1018.47 3496.31 1211403756
844.734 4265.91 1211403808
739.253 4281.54 1211403851
739.253 4281.54 1211403852
856.257 4367.55 1211403920
912.1 4274.84 1211403973
624.908 4229.04 1211404039
332.398 4183.25 1211404116
-20.3871 4364.2 1211404215
-164.869 4530.64 1211404275
-458.266 4483.73 1211404341
-624.908 4377.61 1211404414
-601.862 4241.33 1211404465
-403.309 4058.14 1211404521
11.5231 4124.04 1211404575
365.195 4179.9 1211404642
616.044 4223.46 1211404695
785.345 3985.54 1211404760
832.324 3748.74 1211404815
912.1 3278.52 1211404876
1008.72 2587.2 1211404946
1049.49 2333.69 1211405000
1082.29 2132.67 1211405026
1115.08 1924.97 1211405125
