4411.59 -16017.5 1211052253
4041.96 -16213.6 1211052482
4038.41 -16159 1211052543
4038.41 -16159 1211052561
3406.41 -16108.9 1211052622
3197.22 -15453.7 1211052652
2919.78 -13982.6 1211052711
2589.16 -12525.8 1211052772
2903.83 -11036.4 1211052818
3434.78 -10573.7 1211052840
4190.87 -9257.86 1211052888
3971.93 -7739.96 1211052936
3705.13 -6256.36 1211052982
3259.27 -4832.75 1211053031
2811.64 -3324.08 1211053078
2563.45 -1961.35 1211053138
2779.73 -1453.47 1211053206
2855.08 -1153.2 1211053259
2908.26 -781.469 1211053319
2874.58 -425.352 1211053380
2603.34 63.6372 1211053440
2691.98 841.838 1211053501
1763.04 1060.69 1211053562
1516.62 1099.77 1211053623
1388.98 1117.63 1211053683
1265.77 1136.61 1211053744
1161.18 1206.96 1211053804
1066.33 1411.3 1211053865
1026.44 1664.78 1211053925
793.323 1704.98 1211053985
154.233 1602.25 1211054045
-61.1612 1569.86 1211054067
-614.271 1474.95 1211054128
-883.735 1266.14 1211054190
-1184.22 1180.16 1211054248
-1295.91 1079.67 1211054314
-1316.3 1047.29 1211054375
-1281.73 725.717 1211054445
-1251.59 530.325 1211054495
-1169.15 349.453 1211054555
-1171.81 349.453 1211054565
-1171.81 344.987 1211054594
-1171.81 344.987 1211054596
-1112.43 415.326 1211054661
-1254.25 564.937 1211054716
-1264 641.977 1211054776
-1264 641.977 1211054780
-1314.52 911.064 1211054840
-1148.77 965.776 1211054900
-1148.77 965.776 1211054912
-1154.09 1156.71 1211054965
-1046.83 1304.1 1211055026
-523.859 1395.67 1211055082
-78.0027 1462.66 1211055145
570.838 1570.98 1211055202
537.155 1788.73 1211055263
474.221 2284.55 1211055323
415.719 2659.79 1211055383
397.991 2715.63 1211055448
339.489 2735.73 1211055504
297.829 2716.74 1211055564
267.691 2721.21 1211055624
232.235 2727.91 1211055689
90.4122 2764.77 1211055750
187.916 2889.85 1211055800
330.625 2909.96 1211055855
635.545 2960.21 1211055915
831.438 2989.25 1211055975
831.438 2989.25 1211055996
831.438 2990.37 1211055998
940.465 2909.96 1211056059
657.705 2951.28 1211056120
631.113 3165.71 1211056180
607.18 3282.99 1211056212
787.118 3046.21 1211056267
401.537 2927.82 1211056328
71.7979 2871.98 1211056424
187.916 2892.09 1211056448
316.443 2909.96 1211056508
316.443 2909.96 1211056522
356.331 2916.66 1211056540
374.058 2916.66 1211056568
583.248 3061.85 1211056623
753.435 3088.65 1211056649
1158.52 3156.78 1211056709
1816.22 3259.53 1211056769
2344.51 3382.39 1211056829
2649.43 3368.99 1211056890
2799.23 3447.17 1211056950
2872.8 3802.36 1211057011
3058.06 4080.48 1211057072
3257.5 4102.82 1211057098
3441.87 3957.61 1211057152
3477.33 3790.07 1211057190
3202.54 3653.8 1211057248
2846.21 3645.98 1211057314
2388.83 3537.64 1211057369
1928.79 3470.63 1211057429
1394.3 3410.31 1211057494
1329.59 3466.16 1211057517
1329.59 3466.16 1211057519
1300.34 3609.12 1211057563
1264 3815.76 1211057623
1232.09 3990.01 1211057683
1427.98 3764.38 1211057744
1356.18 3517.54 1211057805
1395.18 3612.47 1211057865
1395.18 3608.01 1211057925
1443.94 3647.1 1211057990
987.443 3753.21 1211058045
911.213 4131.86 1211058110
791.55 4356.38 1211058165
789.777 4356.38 1211058226
696.706 4525.06 1211058286
644.409 4850.13 1211058351
620.476 4868 1211058406
530.95 4852.36 1211058454
530.95 4852.36 1211058460
407.741 4832.25 1211058515
210.962 4799.86 1211058576
-93.0714 4723.9 1211058637
-151.573 4527.29 1211058696
-278.328 4507.19 1211058756
-413.946 4487.08 1211058816
-606.294 4456.92 1211058876
-652.386 4451.33 1211058905
-806.619 4320.64 1211058965
-891.713 4392.13 1211059025
-1528.14 4914.92 1211059085
-2751.37 4747.36 1211059145
-3008.42 4309.47 1211059211
-3256.61 3036.16 1211059265
-3276.11 2737.96 1211059326
-3261.05 2412.98 1211059386
-3359.43 2296.84 1211059446
-3958.64 2259.98 1211059506
-4314.08 2236.53 1211059566
-4808.69 2204.15 1211059626
-4821.99 2138.26 1211059687
-4818.44 2136.02 1211059699
-4723.6 2179.58 1211059759
-4442.61 2435.31 1211059820
-4130.6 2663.14 1211059885
-3628.9 2691.06 1211059946
-3310.68 2708.93 1211059981
-3217.61 2712.28 1211060041
-2855.08 2736.85 1211060101
-2556.36 2773.7 1211060144
-2401.24 2807.21 1211060195
-2401.24 2807.21 1211060202
-2448.22 2581.61 1211060278
-2443.79 2378.36 1211060322
-2102.53 2349.32 1211060399
-1518.39 2409.63 1211060443
-617.817 2536.94 1211060503
-159.551 2627.4 1211060564
193.234 2679.89 1211060624
344.807 2704.46 1211060684
703.797 2659.79 1211060744
781.8 2572.68 1211060805
781.8 2572.68 1211060807
929.828 2589.43 1211060851
1146.11 2515.72 1211060905
1337.57 2544.76 1211060970
1349.09 2544.76 1211060997
1462.55 2576.03 1211061052
1869.41 2617.35 1211061112
2185.85 2689.94 1211061173
2359.58 2693.29 1211061225
2359.58 2691.06 1211061231
2413.65 2742.43 1211061287
2426.06 2741.31 1211061307
2559.91 2917.77 1211061359
2268.28 2878.68 1211061419
2053.78 3401.38 1211061480
1997.93 3797.89 1211061540
1950.07 4183.25 1211061602
1903.09 4512.77 1211061667
1864.09 4744 1211061725
1899.54 4860.18 1211061782
1957.16 5057.91 1211061846
2091.89 5214.31 1211061902
2355.15 5328.26 1211061962
2274.49 5390.82 1211062022
2275.37 5389.7 1211062032
2274.49 5389.7 1211062035
2215.99 5393.06 1211062095
2063.53 5323.79 1211062160
1823.31 5273.52 1211062216
1600.83 5245.59 1211062276
1549.42 5228.83 1211062337
1585.76 5072.43 1211062398
1699.22 4846.78 1211062458
1753.29 4417.82 1211062520
1794.95 4081.6 1211062580
1864.97 3771.08 1211062635
1931.45 3524.24 1211062697
2218.65 3518.65 1211062756
2218.65 3518.65 1211062774
2371.99 3471.74 1211062834
2396.81 3361.17 1211062894
2410.11 3276.29 1211062955
2385.29 3194.75 1211063015
2381.74 3090.88 1211063075
2527.11 3154.55 1211063136
2567 3153.43 1211063196
2577.64 3098.7 1211063252
2592.7 3099.82 1211063312
2486.34 2853 1211063373
2448.22 2837.36 1211063435
2169.01 2930.06 1211063498
2073.28 3357.82 1211063559
2204.46 3532.06 1211063613
2208.01 3556.63 1211063636
2207.12 3554.39 1211063637
2120.26 3578.97 1211063697
2075.94 3587.9 1211063758
2083.91 3585.67 1211063818
2091.89 3583.43 1211063878
2090.12 3590.14 1211063938
2083.91 3716.35 1211063960
2071.5 4010.11 1211064020
2066.19 4305 1211064080
2091.89 4321.76 1211064141
2071.5 4327.34 1211064200
2067.07 4351.92 1211064217
2229.28 4481.49 1211064277
2379.08 4380.96 1211064337
2526.22 4253.62 1211064399
2608.66 4183.25 1211064460
2711.48 4080.48 1211064520
2975.63 3864.9 1211064580
3408.19 3748.74 1211064641
3469.35 3728.64 1211064682
3469.35 3728.64 1211064684
3454.28 3793.42 1211064742
3592.56 3686.19 1211064803
3609.4 3629.23 1211064863
3535.83 3775.55 1211064923
3196.34 3681.72 1211064984
2806.32 3567.8 1211065044
2411.88 3571.15 1211065106
2207.12 3519.77 1211065171
1908.41 3381.27 1211065222
1323.39 3287.45 1211065281
1139.02 3258.42 1211065341
742.799 3192.52 1211065405
386.468 3141.14 1211065461
-325.307 3021.64 1211065521
-1021.13 2866.4 1211065581
-1061.9 2361.61 1211065641
-964.397 1794.31 1211065706
-914.759 1461.55 1211065767
-1537.01 1313.04 1211065826
-1724.92 1077.43 1211065887
-2324.13 674.356 1211065943
-2858.62 646.443 1211066003
-3191.02 424.258 1211066063
-3248.64 -7.81506 1211066125
-3446.3 -328.226 1211066183
-3425.91 -841.751 1211066250
-3395.78 -1261.48 1211066315
-3364.75 -1805.08 1211066384
-3163.54 -1892.14 1211066427
-3138.72 -1891.03 1211066464
-3138.72 -1891.03 1211066499
-3138.72 -1891.03 1211066506
-3057.17 -1884.33 1211066576
-3432.12 -1896.61 1211066621
-3550.01 -1566.21 1211066681
-3603.19 -608.436 1211066755
-3618.26 -381.813 1211066811
-3646.63 106.062 1211066926
-3606.74 386.297 1211066991
-3199 405.277 1211067046
-2857.74 426.491 1211067102
-2769.1 430.956 1211067162
-2540.41 442.121 1211067222
-2520.91 461.102 1211067282
-2522.68 468.917 1211067288
-2153.05 686.638 1211067356
-1712.51 914.414 1211067409
-1645.15 1247.16 1211067470
-1332.25 1263.91 1211067534
-788.891 1349.89 1211067589
-403.309 1413.53 1211067649
-247.304 1440.33 1211067709
258.827 1520.73 1211067770
538.041 1565.4 1211067830
923.623 1627.93 1211067891
1137.24 1659.2 1211067951
1232.09 2152.78 1211068012
1154.09 2614 1211068072
1131.93 2785.99 1211068131
1225.88 2950.16 1211068192
1819.77 3043.98 1211068253
2310.83 3141.14 1211068313
2378.2 3134.44 1211068346
2378.2 3133.33 1211068348
2432.27 3071.9 1211068423
2564.34 3011.59 1211068483
2755.8 2923.36 1211068543
2750.48 2935.64 1211068557
2964.99 2827.31 1211068583
2478.36 2944.58 1211068643
2491.65 2818.38 1211068703
2565.23 2837.36 1211068764
2711.48 2783.75 1211068824
2857.74 2641.92 1211068884
3239.77 2616.23 1211068944
3571.28 2725.68 1211069005
3824.79 2461 1211069065
4014.48 2258.87 1211069126
4026.89 2252.17 1211069139
4058.8 2205.26 1211069201
3901.91 2031.05 1211069259
3718.42 1862.43 1211069320
3341.71 1459.31 1211069380
3823.91 44.6577 1211069440
3727.29 -1435.61 1211069494
2852.42 -2638.83 1211069547
3027.92 -3999.22 1211069602
3654.6 -6091.25 1211069674
