3834.54 -16193.6 1211338002
3834.54 -16193.6 1211338023
3318.66 -15998.6 1211338037
2945.49 -14475.2 1211338088
2619.3 -12970.6 1211338132
2642.34 -11458.9 1211338180
3602.31 -10350.7 1211338229
4182.9 -8953.41 1211338272
3916.09 -7428.76 1211338320
3643.08 -5908.29 1211338370
3183.93 -4490.2 1211338414
2676.02 -3006.02 1211338465
2769.98 -1474.68 1211338520
2603.34 53.5892 1211338573
2428.72 1113.16 1211338632
2308.17 1333.14 1211338682
1896.88 1754.11 1211338742
1469.64 1928.32 1211338802
1263.11 1976.33 1211338869
1192.2 2397.34 1211338922
1118.63 2846.3 1211338982
1082.29 3132.21 1211339042
977.693 3747.62 1211339103
608.953 3795.65 1211339163
444.084 3767.73 1211339200
443.197 3767.73 1211339209
444.084 3777.78 1211339220
445.856 3767.73 1211339282
475.994 3763.26 1211339341
828.779 3752.09 1211339402
904.122 3246.13 1211339462
1030.88 2481.1 1211339522
1137.24 1789.85 1211339583
1014.92 1680.41 1211339643
1062.79 1359.93 1211339707
1984.64 1037.24 1211339764
2597.14 16.7466 1211339825
2765.55 -1469.1 1211339878
2649.43 -2965.84 1211339941
3126.31 -4321.71 1211339975
3594.33 -5729.79 1211340027
3862.91 -7243.6 1211340069
4127.94 -8721.44 1211340118
3722.86 -10184.5 1211340167
2715.03 -11272.7 1211340222
2590.04 -12779.9 1211340261
2857.74 -14247.9 1211340314
3179.5 -15738.9 1211340369
4013.59 -16176.8 1211340429
4388.54 -16059.9 1211340661
4390.31 -16055.4 1211340721
4391.2 -16052.1 1211340785
4392.08 -16053.2 1211340906
4391.2 -16054.3 1211340961
4391.2 -16053.2 1211341021
4390.31 -16057.6 1211341081
4391.2 -16057.6 1211341146
4392.08 -16057.6 1211341207
4391.2 -16057.6 1211341267
4391.2 -16057.6 1211341327
4391.2 -16059.9 1211341382
4391.2 -16058.7 1211341442
4391.2 -16056.5 1211341502
4391.2 -16055.4 1211341562
4392.08 -16053.2 1211341633
4392.97 -16050.9 1211341683
4392.97 -16050.9 1211341744
