4193.53 -16120 1213016817
3988.77 -16152.3 1213016847
3240.66 -15714.4 1213016912
2925.99 -14249 1213016956
2610.43 -12734.2 1213017002
2757.57 -11227 1213017052
3772.49 -10132.1 1213017098
4131.48 -8648.95 1213017144
3866.45 -7173.32 1213017187
3604.08 -5704.13 1213017235
3130.75 -4289.35 1213017275
2619.3 -2876.56 1213017321
2841.78 -1378.69 1213017382
2379.97 -1312.83 1213017425
1560.94 -1331.8 1213017486
1049.49 -1367.52 1213017547
554.883 -1403.24 1213017607
173.733 -1253.66 1213017667
155.119 -1192.27 1213017727
179.938 -1513.75 1213017787
-175.506 -1638.77 1213017847
-676.319 -1625.37 1213017907
-579.702 -1588.54 1213017988
-585.907 -1572.91 1213018048
-586.793 -1601.93 1213018109
-587.68 -1600.82 1213018125
-441.424 -1664.44 1213018187
-12.4095 -2219.18 1213018247
-358.99 -2679.01 1213018308
-19.5007 -2936.82 1213018369
-25.7054 -3154.45 1213018430
-66.4796 -3176.77 1213018490
1234.75 -3186.81 1213018551
2498.75 -2572.99 1213018611
2752.25 -1549.47 1213018651
2612.2 -30.1438 1213018705
2581.18 1457.08 1213018765
3590.78 2553.69 1213018821
4599.5 3645.98 1213018882
5588.72 4800.98 1213018931
6064.71 5349.49 1213018992
9428.58 6815.34 1213019089
10884 7105.86 1213019144
12299.6 6732.66 1213019195
11594 5398.64 1213019242
12934.3 4752.94 1213019295
14303.7 4246.92 1213019344
15537.6 3406.96 1213019398
16927.5 2871.98 1213019447
17853.8 1703.86 1213019502
19112.4 867.518 1213019553
19968.7 -419.77 1213019604
20821.4 -1653.28 1213019654
21174.2 -2324.09 1213019714
21119.2 -2743.75 1213019775
20744.3 -3710.2 1213019835
20227.5 -4812.67 1213019895
19683.3 -5263.43 1213019955
19825.1 -5363.85 1213020004
19812.7 -5382.81 1213020064
19823.3 -5376.12 1213020078
19831.3 -5364.96 1213020138
19904 -5424.09 1213020198
20294.9 -4797.05 1213020258
20944.6 -3675.61 1213020318
21383.4 -3459.11 1213020379
21687.4 -3307.34 1213020439
21863.8 -3074.09 1213020499
20973.9 -1837.45 1213020550
20122.9 -615.134 1213020602
19255.1 650.909 1213020654
18125.9 1581.03 1213020706
17163.3 2731.26 1213020760
15813.3 3316.49 1213020809
14572.3 4135.21 1213020859
13252.5 4761.88 1213020905
11783.7 4955.14 1213020956
12317.3 6367.29 1213021012
11218.2 7295.83 1213021072
10955.8 7265.65 1213021133
10902.7 7267.89 1213021193
10868.1 7266.77 1213021253
10836.2 7262.3 1213021313
10776.8 7252.25 1213021373
10754.6 7250.01 1213021433
10742.2 7228.78 1213021493
10682.8 7206.43 1213021554
10619.9 7196.37 1213021613
10543.7 7176.26 1213021673
10511.8 7168.44 1213021734
9118.34 6790.76 1213021794
7912.84 6492.43 1213021855
6811.05 6047.75 1213021916
6117.01 5423.22 1213021978
5762.45 5006.52 1213022038
5171.23 4310.59 1213022098
4443.5 3454.99 1213022158
3946.23 2901.02 1213022218
3622.69 3116.57 1213022278
3590.78 3227.14 1213022309
3493.28 3334.36 1213022369
3467.58 3430.42 1213022434
3788.45 3199.22 1213022489
4061.46 2930.06 1213022549
4225.44 2989.25 1213022609
3918.75 2476.63 1213022675
3569.51 2332.57 1213022730
3644.85 2466.58 1213022790
3690.06 2509.02 1213022822
3500.37 2792.69 1213022882
3261.05 3032.81 1213022942
3125.43 3182.47 1213023002
3062.49 3391.33 1213023062
3197.22 3408.08 1213023123
3444.53 3625.88 1213023183
3404.64 3678.37 1213023244
3484.42 3647.1 1213023304
3479.1 3730.87 1213023365
3456.94 3718.58 1213023397
3276.11 3582.32 1213023452
2927.76 3553.28 1213023512
2715.03 3572.27 1213023557
2690.21 3606.89 1213023593
2690.21 3608.01 1213023594
2636.14 3600.19 1213023654
2371.11 3565.56 1213023713
2303.74 3561.1 1213023773
2293.99 3561.1 1213023829
2606 3615.83 1213023885
2816.08 3585.67 1213023945
2923.33 3532.06 1213024005
3008.42 3234.96 1213024070
3125.43 3047.33 1213024131
3264.59 2932.29 1213024195
3070.47 2703.34 1213024246
3061.61 2705.58 1213024271
3061.61 2704.46 1213024272
2941.06 2610.65 1213024333
2754.91 2401.81 1213024397
2547.5 2569.33 1213024458
2405.67 2741.31 1213024513
2414.54 2838.48 1213024574
2414.54 2838.48 1213024592
2454.43 3021.64 1213024633
2396.81 3223.79 1213024698
2377.31 3339.95 1213024753
2366.67 3444.94 1213024815
2331.22 3650.45 1213024874
2190.28 3574.5 1213024921
2196.49 3573.38 1213024981
2024.52 3701.83 1213025041
1958.93 3907.35 1213025080
1797.61 3883.89 1213025146
1796.72 3886.13 1213025161
1167.38 3781.13 1213025255
983.898 3758.79 1213025315
857.143 4465.85 1213025375
834.097 4552.98 1213025435
288.965 4493.78 1213025495
-19.5007 4449.1 1213025544
-15.0687 4446.86 1213025579
-15.0687 4446.86 1213025585
-14.1823 4445.75 1213025603
-54.0701 4526.18 1213025639
-55.8428 4530.64 1213025699
-25.7054 4547.4 1213025720
685.183 4589.85 1213025825
711.775 4480.38 1213025885
751.662 4187.71 1213025945
775.595 3979.95 1213026006
831.438 3730.87 1213026066
870.439 3468.39 1213026126
907.668 3217.09 1213026191
969.716 2829.54 1213026246
1068.99 2197.45 1213026308
1123.95 1875.83 1213026368
1050.38 1746.3 1213026429
1018.47 1659.2 1213026495
1044.17 1483.88 1213026549
1616.78 1066.27 1213026610
2691.09 714.552 1213026670
2902.06 -774.771 1213026734
2684.89 -1749.27 1213026792
2448.22 -2264.94 1213026850
2674.25 -3003.78 1213026915
2949.92 -3764.88 1213026975
3121.88 -4284.89 1213027030
3316 -4987.84 1213027095
3577.49 -5626.03 1213027151
3823.02 -7039.47 1213027210
4090.71 -8534.07 1213027261
3836.32 -10026.2 1213027316
2821.39 -11105.5 1213027364
2577.64 -12569.3 1213027410
2825.83 -14059.5 1213027462
3128.97 -15520.5 1213027507
3903.68 -16210.3 1213027567
4517.07 -16167.9 1213027627
4526.82 -16161.2 1213027674
4527.7 -16162.4 1213027692
4528.59 -16155.7 1213027752
4509.09 -16150.1 1213027783
4517.95 -16156.8 1213027843
4534.79 -16152.3 1213027909
4552.52 -16123.4 1213027934
