4422.22 -16189.1 1212726501
4286.6 -15928.4 1212726561
3637.76 -16222.5 1212726622
4032.21 -16161.2 1212726687
4033.98 -16155.7 1212726742
4033.98 -16157.9 1212726776
3456.94 -16183.5 1212726837
3051.86 -14934.4 1212726898
2723 -13532.3 1212726959
2553.7 -12017.5 1212727010
3331.96 -10686.3 1212727062
4150.99 -9425.13 1212727111
3997.64 -7909.5 1212727162
3730.83 -6417.01 1212727211
3309.8 -4972.22 1212727266
2898.51 -3516.03 1212727317
2501.41 -2077.43 1212727360
2891.42 -586.109 1212727432
2670.71 880.917 1212727472
2393.26 1246.04 1212727533
2108.73 1539.71 1212727593
1656.67 1943.95 1212727653
1262.23 1966.28 1212727714
1167.38 2520.19 1212727774
967.056 2957.98 1212727837
916.532 3006 1212727858
916.532 3007.12 1212727864
909.441 3027.22 1212727925
920.077 3024.99 1212727984
1009.6 2631.87 1212728045
1128.38 1860.2 1212728107
1021.13 1629.05 1212728167
1088.49 1319.74 1212728231
2416.31 972.475 1212728288
2791.26 -298.084 1212728348
2655.64 -1789.45 1212728404
2794.8 -3300.64 1212728467
3227.36 -4745.72 1212728519
3682.08 -6229.59 1212728553
3949.77 -7728.8 1212728597
4183.78 -9244.47 1212728644
3410.85 -10584.8 1212728693
2538.63 -11805.6 1212728741
2636.14 -13340.6 1212728788
2935.74 -14853 1212728843
3392.23 -16302.8 1212728891
4249.37 -16122.3 1212728952
