2997.79 -14835.2 1211384106
2677.8 -13379.6 1211384156
2586.5 -12341.9 1211384216
2886.99 -11074.3 1211384277
3384.25 -10939.4 1211384337
3933.82 -10907 1211384399
4550.75 -10618.3 1211384459
4720.05 -10523.5 1211384535
4720.94 -10519 1211384539
4663.32 -10452.1 1211384605
4136.8 -10885.9 1211384666
3551.78 -10910.4 1211384720
3293.84 -10831.2 1211384780
2753.14 -11179.1 1211384841
2579.41 -12683 1211384906
2843.55 -14184.3 1211384948
3162.66 -15656.5 1211385009
4038.41 -16164.6 1211385061
4415.13 -16013.1 1211385122
4285.72 -16128.9 1211385212
4509.97 -16045.4 1211385273
4509.97 -16045.4 1211385281
4211.26 -16068.8 1211385347
3314.23 -15971.8 1211385404
2941.94 -14493.1 1211385471
2622.84 -13002.9 1211385517
2631.71 -11482.3 1211385575
3603.19 -10349.5 1211385623
4184.67 -8971.25 1211385673
3924.95 -7484.53 1211385720
3663.47 -6005.35 1211385778
3216.73 -4572.77 1211385831
3127.2 -4229.09 1211385867
2941.06 -3580.75 1211385927
2719.46 -2855.35 1211386005
2978.29 -2613.16 1211386047
3743.24 -1514.87 1211386108
3851.38 -125.04 1211386167
3742.36 595.083 1211386227
3435.66 937.862 1211386288
3381.59 1040.59 1211386349
3346.14 1321.97 1211386410
3395.78 1489.46 1211386470
3572.17 1669.25 1211386530
3653.72 1751.88 1211386591
3764.52 2128.21 1211386655
3550.9 2334.81 1211386714
3292.96 2609.53 1211386777
3141.38 2767 1211386832
2938.4 2974.73 1211386897
2871.03 3035.04 1211386953
2812.53 3377.92 1211387020
2895.85 3451.64 1211387088
3041.22 3384.62 1211387141
2854.19 3352.23 1211387195
2854.19 3353.35 1211387199
2854.19 3323.19 1211387291
2669.82 3258.42 1211387356
2574.09 3259.53 1211387357
2568.77 2973.61 1211387432
2740.73 2758.07 1211387478
2897.62 2612.88 1211387538
3167.97 2337.04 1211387614
2842.67 1881.41 1211387666
2573.2 1566.51 1211387721
2639.68 1187.98 1211387784
2699.07 752.514 1211387847
2621.07 158.536 1211387881
2895.85 -923.242 1211387945
2464.18 -2180.11 1211388001
2902.94 -3616.46 1211388066
3738.81 -6540.83 1211388165
3867.34 -9989.38 1211388288
2575.86 -12588.2 1211388385
4515.29 -16170.2 1211388603
4512.63 -16162.4 1211388662
4516.18 -16154.6 1211388680
4320.29 -15893.8 1211388735
