4338.01 -15923.9 1212352734
3803.52 -16199.1 1212352794
3064.27 -15082.6 1212352854
2742.5 -13595.9 1212352903
2557.25 -12081 1212352955
3339.93 -10671.8 1212353002
4148.33 -9436.28 1212353044
4013.59 -7940.73 1212353090
3736.15 -6430.39 1212353137
3305.36 -4954.37 1212353190
2894.08 -3487.01 1212353234
2548.38 -1993.72 1212353288
2790.37 -1419.99 1212353353
2894.08 -1010.31 1212353408
2865.71 -371.765 1212353474
2623.73 129.508 1212353529
2740.73 582.801 1212353589
2717.69 922.23 1212353649
2601.57 1325.32 1212353711
2676.02 1682.65 1212353775
3291.18 2177.34 1212353833
3536.71 2353.79 1212353899
3253.07 2659.79 1212353954
3034.13 2877.57 1212354014
2883.44 3028.34 1212354075
2779.73 3012.7 1212354135
2800.12 3038.39 1212354162
2813.42 3058.5 1212354163
2840.89 3376.81 1212354223
2364.9 3434.88 1212354284
2393.26 3284.1 1212354344
2270.06 2946.81 1212354404
2432.27 3108.75 1212354628
2430.49 3104.29 1212354684
2421.63 3100.94 1212354719
2424.29 3102.05 1212354779
2425.18 3104.29 1212354839
2434.04 3115.46 1212354924
2435.81 3117.69 1212354929
2434.04 2984.78 1212354990
2386.17 2854.11 1212355050
2532.43 2972.5 1212355110
2524.45 2954.63 1212355170
2587.39 3018.29 1212355230
2604.23 2992.6 1212355292
2883.44 3090.88 1212355352
2941.06 3150.08 1212355418
3052.74 3114.34 1212355473
3062.49 3086.42 1212355508
3064.27 3086.42 1212355509
3137.84 3079.72 1212355570
3416.16 3384.62 1212355631
3455.17 3654.92 1212355692
3469.35 3855.97 1212355752
3410.85 3867.14 1212355795
3026.15 3870.49 1212355855
2979.17 4207.82 1212355915
2890.53 4827.79 1212355975
2777.96 5130.52 1212356035
2528 5280.22 1212356095
2399.47 5339.43 1212356155
2239.92 5375.18 1212356215
2034.28 5417.63 1212356264
2033.39 5416.52 1212356298
2033.39 5416.52 1212356300
1971.34 5405.35 1212356360
1712.51 5366.24 1212356420
1568.03 5341.67 1212356480
1338.46 5301.45 1212356540
1491.8 5146.16 1212356600
1515.73 5133.88 1212356640
1864.09 4824.43 1212356705
2251.44 4482.61 1212356760
2356.04 4389.9 1212356820
2357.81 4386.54 1212356833
2390.61 4223.46 1212356893
2408.33 4130.75 1212356953
2299.31 4059.26 1212357013
1900.43 4004.53 1212357073
1564.49 3947.56 1212357133
1563.6 3759.91 1212357194
1601.71 3567.8 1212357254
1621.22 3373.45 1212357316
1687.7 3147.84 1212357358
1688.58 3147.84 1212357359
1695.67 3042.86 1212357420
1871.18 3051.79 1212357480
1911.07 3058.5 1212357493
2105.19 3182.47 1212357553
2045.8 3614.71 1212357613
1973.11 4055.91 1212357673
1896 4496.01 1212357733
1851.68 4822.2 1212357793
1831.29 4870.24 1212357857
1636.28 5222.13 1212357918
1619.44 5320.44 1212357971
1619.44 5320.44 1212357977
1618.56 5319.32 1212358033
1403.16 5311.5 1212358093
1340.23 5214.31 1212358153
1537.01 5120.47 1212358214
1718.72 5157.34 1212358274
1720.49 5156.22 1212358334
1718.72 5157.34 1212358394
1717.83 5150.63 1212358459
1719.61 5157.34 1212358514
1719.61 5152.87 1212358575
1776.33 5156.22 1212358625
2251.44 5231.07 1212358682
2482.79 5266.82 1212358743
2607.77 5206.49 1212358804
2903.83 4967.42 1212358865
2930.42 4941.73 1212358892
2877.24 4845.66 1212358941
2844.44 4897.05 1212359051
2850.64 4900.4 1212359121
2839.12 4899.28 1212359171
2801.89 4889.23 1212359231
2807.21 4892.58 1212359259
2806.32 4892.58 1212359325
2805.44 4892.58 1212359381
2806.32 4889.23 1212359442
2998.67 4783.1 1212359508
3109.47 4100.59 1212359562
3389.57 3696.24 1212359622
3479.98 3355.58 1212359682
3027.92 2951.28 1212359747
2813.42 2759.18 1212359802
2804.55 2718.98 1212359867
2895.85 2629.63 1212359917
3016.4 2466.58 1212359977
3019.95 2464.35 1212360037
3013.74 2468.82 1212360098
3042.99 2453.18 1212360190
3128.97 2368.31 1212360213
2567.88 1546.41 1212360273
2616.64 149.604 1212360333
2785.05 -1390.96 1212360392
2621.07 -2908.92 1212360447
3145.81 -4368.57 1212360496
3610.28 -5809 1212360543
3876.2 -7311.64 1212360583
4136.8 -8786.12 1212360636
3694.49 -10210.2 1212360681
2677.8 -11314 1212360733
