1310.09 -11354.1 1212146295
1242.73 -11364.2 1212146361
1425.32 -11487.9 1212146420
1876.5 -11603.9 1212146472
2321.47 -11726.5 1212146532
2449.11 -11764.4 1212146593
2677.8 -11404.3 1212146659
3673.22 -10273.7 1212146709
4166.94 -8815.12 1212146764
3906.34 -7354.03 1212146814
3632.44 -5852.51 1212146864
3169.75 -4414.32 1212146916
2672.48 -2987.04 1212146965
2812.53 -1519.33 1212147025
2412.77 -1309.48 1212147085
2413.65 -1309.48 1212147092
1911.95 -1320.64 1212147152
1214.36 -1340.73 1212147212
888.167 -1368.64 1212147272
430.788 -1411.06 1212147332
390.9 -1691.23 1212147393
389.127 -1593 1212147427
389.127 -1595.23 1212147487
391.786 -1596.35 1212147547
370.513 -1354.13 1212147607
159.551 -1182.22 1212147667
143.596 -1001.38 1212147727
118.777 -655.323 1212147787
83.3211 -185.327 1212147848
64.7068 91.5484 1212147908
64.7068 91.5484 1212147913
-58.502 79.2675 1212147973
-660.364 31.2603 1212148033
-518.541 -411.955 1212148094
-759.64 -1306.13 1212148154
-990.989 -1498.12 1212148214
-1791.4 -1526.03 1212148280
-2065.3 -1451.24 1212148341
-2515.59 -1832.99 1212148398
-3203.43 -1884.33 1212148458
-3469.35 -1519.33 1212148524
-3604.97 -1277.11 1212148579
-4035.75 -1305.01 1212148645
-4698.78 -1341.85 1212148715
-5104.75 -1243.62 1212148766
-5153.5 -1157.66 1212148794
-5153.5 -1157.66 1212148800
-5200.48 -1294.97 1212148856
-5169.45 -1850.85 1212148916
-4814.01 -1983.67 1212148977
-4422.22 -1965.81 1212149037
-4049.94 -1942.37 1212149097
-3617.38 -1917.82 1212149161
-3553.56 -1903.31 1212149217
-3553.56 -1508.17 1212149278
-3590.78 -830.588 1212149338
-3652.83 160.769 1212149414
-3653.72 377.365 1212149426
-3203.43 401.928 1212149485
-2832.03 426.491 1212149546
-2632.59 648.676 1212149606
-2263.85 669.89 1212149666
-1741.77 1136.61 1212149726
-1388.98 1256.09 1212149786
-983.898 1324.2 1212149812
-876.644 1247.16 1212149872
-1321.61 1056.22 1212149932
-1290.59 731.3 1212149985
-1557.4 696.687 1212150056
-1568.92 952.377 1212150116
-1289.7 1267.26 1212150176
-265.918 1432.52 1212150237
379.377 1537.48 1212150297
1036.2 1538.6 1212150357
2206.24 1022.72 1212150417
2699.07 -200.956 1212150477
2696.41 -1694.58 1212150527
2747.82 -3200.2 1212150576
3198.11 -4640.84 1212150627
3649.29 -6082.33 1212150666
3922.3 -7578.23 1212150710
4183.78 -9064.93 1212150753
3537.6 -10422 1212150798
2586.5 -11567.1 1212150841
2606.89 -13088.7 1212150889
2895.85 -14584.4 1212150943
3259.27 -16038.7 1212150990
4079.19 -16213.6 1212151050
4117.3 -16205.8 1212151063
4103.12 -16211.4 1212151098
4103.12 -16211.4 1212151099
3924.95 -16092.2 1212151159
4038.41 -16220.3 1212151219
4049.05 -16181.3 1212151279
4048.16 -16182.4 1212151344
4041.07 -16184.6 1212151399
4040.19 -16184.6 1212151459
4039.3 -16185.8 1212151524
4040.19 -16184.6 1212151580
4040.19 -16185.8 1212151640
4039.3 -16186.9 1212151700
4038.41 -16188 1212151760
4037.53 -16186.9 1212151820
4040.19 -16184.6 1212151880
4039.3 -16183.5 1212151940
4039.3 -16182.4 1212152001
4040.19 -16182.4 1212152061
21339.1 5317.09 1212152099
4005.62 -16112.2 1212152109
3337.28 -15961.8 1212152164
2989.81 -14503.1 1212152222
2626.39 -13048.6 1212152278
2603.34 -11557 1212152328
3557.99 -10414.2 1212152379
4193.53 -9033.7 1212152420
3931.16 -7533.61 1212152466
3665.24 -6048.86 1212152510
3204.32 -4571.66 1212152555
2743.39 -3149.98 1212152600
2754.03 -1626.49 1212152656
2827.6 -1452.36 1212152712
2176.98 -1315.06 1212152773
1976.66 -1318.41 1212152833
1384.55 -1335.15 1212152893
988.33 -1367.52 1212152954
553.11 -1403.24 1212153015
255.282 -1246.97 1212153075
137.391 -912.079 1212153135
113.458 -559.316 1212153196
74.4571 -80.3832 1212153256
51.4109 242.271 1212153317
35.4558 436.539 1212153377
-8.86394 979.175 1212153437
-112.572 1213.66 1212153498
-596.543 1164.53 1212153555
-967.056 1108.7 1212153621
-1416.46 1038.35 1212153676
-1613.24 1229.29 1212153737
-1693.9 1722.85 1212153797
-1763.92 2169.53 1212153857
-1822.43 2354.91 1212153885
-1898.66 2382.83 1212153945
-1899.54 2382.83 1212154005
-1898.66 2381.71 1212154065
-1898.66 2381.71 1212154130
-1902.2 2378.36 1212154206
-2135.32 2362.72 1212154266
-2912.69 2333.69 1212154326
-2864.83 2736.85 1212154387
-2387.06 2803.86 1212154447
-1933.23 2876.45 1212154507
-1722.26 2907.72 1212154568
-1469.64 2934.53 1212154628
-1264.88 2975.85 1212154688
-665.682 3080.83 1212154749
-460.039 3386.86 1212154809
-518.541 3764.38 1212154870
-577.929 4110.64 1212154930
-610.726 4315.05 1212154991
-633.772 4454.68 1212155027
-474.221 4380.96 1212155092
-288.078 4383.19 1212155147
449.402 4511.65 1212155208
995.421 4544.05 1212155268
1090.27 3981.07 1212155328
1578.67 4055.91 1212155398
2465.95 4201.12 1212155454
2803.67 4012.35 1212155515
2917.12 3581.2 1212155575
3002.22 3358.94 1212155625
3003.1 3358.94 1212155628
2980.06 3289.69 1212155688
2865.71 3241.66 1212155748
2808.98 3495.2 1212155775
2730.09 3891.71 1212155835
2637.02 4165.37 1212155895
2484.56 4272.61 1212155956
2244.35 4494.9 1212156021
1778.11 4912.69 1212156075
2085.69 4625.59 1212156135
2348.06 4412.24 1212156195
2650.32 4130.75 1212156259
2741.62 4052.56 1212156315
2871.03 3905.12 1212156384
2932.19 3578.97 1212156413
2932.19 3578.97 1212156416
2926.87 3437.12 1212156476
2790.37 3489.61 1212156536
2364.9 3566.68 1212156599
2280.69 3623.64 1212156626
2259.42 3678.37 1212156685
2282.47 3600.19 1212156746
2276.26 3639.28 1212156806
2280.69 3604.66 1212156866
2260.31 3618.06 1212156926
2237.26 3663.85 1212156986
2263.85 3628.11 1212157046
2509.38 3589.02 1212157156
2769.1 3600.19 1212157216
2721.23 3899.53 1212157282
2680.46 4100.59 1212157337
2345.4 4412.24 1212157402
1875.61 4822.2 1212157458
1576.9 5120.47 1212157519
1615.01 5243.36 1212157579
1343.77 5301.45 1212157640
1354.41 5070.2 1212157704
1068.99 4945.08 1212157754
516.768 4847.89 1212157814
46.0925 5114.88 1212157875
-717.979 5083.6 1212157936
-1533.46 4862.42 1212157997
-2882.55 4787.57 1212158057
-3696.26 5600.85 1212158118
-3829.22 7046.64 1212158178
-4284.83 8326.16 1212158238
-4625.21 9781.38 1212158298
-5622.4 10911.5 1212158358
-6331.52 12226.3 1212158414
-7154.98 13480.9 1212158454
-7141.68 14986.3 1212158502
-6974.15 16509.8 1212158554
-6768.51 18014.6 1212158603
-7146.11 19467 1212158658
-6952.88 20620.9 1212158719
-6873.1 20637.7 1212158767
-6872.22 20634.3 1212158828
-6872.22 20635.5 1212158839
-6753.44 20734 1212158902
-7112.43 20609.7 1212158964
-7108.88 20293 1212159019
-7090.27 18916.5 1212159079
-6710.01 17465.2 1212159131
-7101.79 15967.2 1212159201
-7188.66 14470.7 1212159242
-6743.69 13020.2 1212159306
-6306.7 11602.4 1212159356
-5180.09 10658.9 1212159414
-4509.97 9564.53 1212159490
-4104.89 8132.83 1212159529
-3831 6912.55 1212159589
-3706.9 5599.74 1212159649
-3261.05 4932.79 1212159712
-1987.3 4718.31 1212159771
-1160.29 4939.5 1212159814
-905.895 5038.92 1212159877
-707.343 4878.06 1212159930
-685.183 4751.82 1212159965
-520.314 4695.97 1212160025
-340.375 4898.16 1212160086
-413.946 4596.55 1212160189
-639.977 4462.5 1212160250
-522.086 4461.39 1212160310
-455.607 4469.21 1212160337
-206.53 4510.54 1212160397
-78.0027 4707.14 1212160457
-207.416 4836.72 1212160517
-535.382 4873.59 1212160577
-683.41 4729.48 1212160637
-645.295 4481.49 1212160691
-645.295 4481.49 1212160704
-623.135 4366.44 1212160756
-341.262 4378.73 1212160817
301.374 4481.49 1212160877
967.056 4587.61 1212160938
1036.2 4256.97 1212160998
1129.27 3694.01 1212161059
1523.71 3735.34 1212161119
1775.45 3776.67 1212161180
2065.3 3817.99 1212161240
2064.41 3817.99 1212161258
2063.53 3816.88 1212161295
2063.53 3816.88 1212161297
2156.6 3851.5 1212161357
2100.75 4195.53 1212161417
2059.98 4440.16 1212161477
1720.49 4406.65 1212161538
1537.01 4379.84 1212161602
1496.23 4372.02 1212161658
1560.94 4369.79 1212161718
1556.51 4365.32 1212161780
1552.08 4370.91 1212161800
1574.24 4383.19 1212161850
1837.5 4420.06 1212161910
2151.28 4465.85 1212161975
2288.67 4470.32 1212162030
2504.95 4269.26 1212162091
2632.59 4155.32 1212162151
2891.42 3812.41 1212162212
3104.15 3430.42 1212162278
2986.26 3272.93 1212162333
3096.18 3070.78 1212162393
3226.48 2938.99 1212162453
3156.45 2778.17 1212162514
3045.65 3066.31 1212162575
3099.72 3039.51 1212162601
3102.38 3036.16 1212162608
3113.9 3062.96 1212162663
3214.07 3140.03 1212162723
3464.03 3360.05 1212162783
3524.3 3446.05 1212162845
3509.24 3630.35 1212162907
3517.21 3737.57 1212162956
3324.87 3698.48 1212163018
3102.38 3698.48 1212163077
2952.58 3630.35 1212163137
2808.1 3698.48 1212163191
2287.78 3558.86 1212163251
2110.51 3419.25 1212163311
1771.9 3361.17 1212163372
1678.83 3008.24 1212163431
1743.54 2744.67 1212163492
1769.24 2519.07 1212163551
1675.29 2284.55 1212163611
1495.35 2254.4 1212163646
1495.35 2254.4 1212163657
1391.64 2235.41 1212163714
1208.16 2281.2 1212163763
1130.15 2753.6 1212163828
990.103 2829.54 1212163864
681.637 2803.86 1212163924
659.477 2870.87 1212163990
729.503 2519.07 1212164044
889.94 2483.34 1212164120
803.073 2462.12 1212164177
799.528 2461 1212164232
797.755 2462.12 1212164256
744.571 2358.26 1212164316
967.943 2268.92 1212164376
1183.34 2301.3 1212164437
1341.11 2328.1 1212164497
1771.9 2393.99 1212164557
1828.63 2109.22 1212164617
1975.77 1964.05 1212164678
2224.85 1716.15 1212164738
2507.61 1421.35 1212164799
2660.96 1273.96 1212164859
2859.51 1422.47 1212164931
2757.57 1562.05 1212164982
2829.37 1658.08 1212165043
2929.53 1767.51 1212165104
2992.47 1719.5 1212165165
2995.13 1708.33 1212165225
2994.24 1709.45 1212165286
3042.11 1671.48 1212165346
2900.28 1459.31 1212165407
2559.02 1128.8 1212165467
2465.06 1296.29 1212165524
2460.63 1296.29 1212165584
2470.38 1296.29 1212165644
2720.34 1557.58 1212165705
2905.6 1742.95 1212165766
3096.18 1962.93 1212165829
3307.14 2141.61 1212165887
3713.11 2578.26 1212165953
3451.62 2756.95 1212165998
3477.33 2822.84 1212166042
3479.1 2821.73 1212166049
3425.91 2896.55 1212166105
3224.7 3076.37 1212166175
3102.38 3190.29 1212166221
3176.84 3391.33 1212166281
3218.5 3434.88 1212166341
3282.32 3517.54 1212166368
3471.12 3635.93 1212166430
3438.32 3809.06 1212166488
3293.84 3838.1 1212166550
3003.1 3778.9 1212166612
2738.07 3919.64 1212166673
