4389.43 -16050.9 1212123637
4390.31 -16050.9 1212123705
4390.31 -16050.9 1212123758
4391.2 -16050.9 1212123823
4390.31 -16050.9 1212123846
4386.77 -16049.8 1212123963
4388.54 -16047.6 1212124033
4388.54 -16048.7 1212124096
4387.65 -16047.6 1212124147
4388.54 -16048.7 1212124266
4388.54 -16049.8 1212124323
4386.77 -16047.6 1212124398
4387.65 -16048.7 1212124452
4387.65 -16048.7 1212124508
4391.2 -16054.3 1212124566
4389.43 -16049.8 1212124689
17194.3 20.0959 1212124719
4406.27 -16029.8 1212124721
