4423.99 -16191.3 1211346637
4268.88 -15965.1 1211346687
3821.25 -16270.4 1211346748
4047.28 -16173.5 1211346807
4046.39 -16174.6 1211346862
4047.28 -16174.6 1211346922
16975.3 -61.4039 1211346952
4034.87 -16142.3 1211346957
4032.21 -16146.8 1211347017
4028.66 -16161.2 1211347078
4030.44 -16155.7 1211347138
3337.28 -15956.2 1211347250
2988.04 -14483 1211347297
2630.82 -13010.7 1211347347
2625.5 -11504.6 1211347411
3596.99 -10364 1211347440
4181.12 -8952.29 1211347502
3917.86 -7458.88 1211347534
3648.4 -5949.57 1211347580
3183.93 -4438.87 1211347629
2713.25 -2968.07 1211347681
3596.99 -1723.6 1211347733
3850.5 -223.285 1211347784
3393.12 1222.59 1211347838
2894.08 1826.7 1211347898
2791.26 2323.64 1211347969
2469.49 2640.8 1211348020
2338.31 2803.86 1211348072
2338.31 2803.86 1211348079
2356.04 2770.35 1211348143
2424.29 2684.36 1211348204
2729.21 2379.48 1211348260
2818.73 1931.67 1211348321
2545.72 1485 1211348381
2715.03 405.277 1211348421
2862.17 -1105.2 1211348475
2467.72 -2556.24 1211348521
3011.08 -3950.12 1211348564
3524.3 -5387.28 1211348606
3793.77 -6872.14 1211348653
4059.69 -8342.24 1211348691
3969.27 -9825.46 1211348733
2980.94 -10962.8 1211348774
2562.57 -12382 1211348831
2799.23 -13890.1 1211348874
3098.83 -15395.7 1211348913
4031.32 -16169 1211348974
4403.61 -16014.2 1211349034
