15084.7 5695.82 1212165912
14909.2 5724.86 1212165973
14731.9 5635.49 1212166034
14731 5634.37 1212166094
14733.6 5632.14 1212166154
14731.9 5633.25 1212166214
14739 5626.55 1212166275
14739 5626.55 1212166334
14737.2 5627.67 1212166394
14731.9 5633.25 1212166455
14731 5627.67 1212166514
14714.1 5566.22 1212166574
14686.7 5386.35 1212166615
14652.1 5134.99 1212166680
14474.8 5166.27 1212166735
14396.8 5119.35 1212166795
14398.6 5114.88 1212166803
14447.3 4989.77 1212166863
14678.7 4822.2 1212166924
14860.4 4792.04 1212166994
15069.6 4687.03 1212167046
15182.2 4637.88 1212167104
15434.8 4988.65 1212167164
15289.4 5379.65 1212167225
15422.4 5825.41 1212167286
15423.3 5835.47 1212167346
15249.5 6197.46 1212167411
14908.3 6263.38 1212167467
14938.4 6569.53 1212167531
15037.7 7034.35 1212167587
15127.2 7444.45 1212167614
15156.5 7660.12 1212167675
15157.3 7659 1212167735
15158.2 7659 1212167796
15155.6 7662.35 1212167856
15158.2 7655.65 1212167918
15127.2 7486.91 1212167987
14955.2 6686.85 1212168037
14873.7 6286.84 1212168097
15173.3 6198.58 1212168157
15410 5908.09 1212168217
15481.8 5846.64 1212168278
15755.7 5930.43 1212168337
15992.3 5977.36 1212168398
15852.3 5999.7 1212168458
15888.6 6022.05 1212168501
15901 6019.82 1212168557
15893.1 6020.93 1212168617
15894.8 6016.46 1212168677
15894.8 6019.82 1212168737
15889.5 6026.52 1212168802
15889.5 6032.1 1212168862
15888.6 6032.1 1212168917
15887.7 6032.1 1212168977
15895.7 6015.35 1212169037
15895.7 6013.11 1212169093
15894.8 6016.46 1212169152
15892.2 6022.05 1212169213
15900.1 6003.06 1212169273
15891.3 6019.82 1212169334
15893.1 6022.05 1212169357
15894.8 6019.82 1212169417
15895.7 6019.82 1212169477
15897.5 6020.93 1212169539
15898.4 6022.05 1212169598
15885.1 6010.88 1212169660
15890.4 6017.58 1212169719
15896.6 6018.7 1212169768
15893.9 6020.93 1212169829
15890.4 6024.28 1212169889
15900.1 6018.7 1212169948
15900.1 6016.46 1212170009
15898.4 6017.58 1212170069
15893.9 6020.93 1212170129
15896.6 6024.28 1212170190
15886 6024.28 1212170250
15886 6025.4 1212170315
15886.8 6024.28 1212170371
15890.4 6026.52 1212170433
15895.7 6026.52 1212170498
15894.8 6020.93 1212170553
15907.2 6027.64 1212170613
15905.5 6029.87 1212170673
15944.5 5969.54 1212170733
15893.1 6022.05 1212170793
15892.2 6022.05 1212170853
15893.1 6024.28 1212170913
15888.6 6028.75 1212170974
15893.9 6027.64 1212171034
15894.8 6023.17 1212171095
15893.9 6024.28 1212171156
15891.3 6024.28 1212171217
15890.4 6022.05 1212171282
15891.3 6024.28 1212171337
15891.3 6024.28 1212171398
15891.3 6026.52 1212171457
15889.5 6026.52 1212171518
15899.3 6025.4 1212171577
15886 6026.52 1212171637
15893.1 6029.87 1212171697
15893.1 6027.64 1212171758
15892.2 6027.64 1212171818
15891.3 6030.99 1212171879
15889.5 6030.99 1212171926
15890.4 6029.87 1212171986
15886.8 6016.46 1212172046
15890.4 6023.17 1212172106
15889.5 6023.17 1212172166
15890.4 6023.17 1212172226
15887.7 6020.93 1212172287
15889.5 6022.05 1212172349
15889.5 6020.93 1212172409
15890.4 6022.05 1212172469
15890.4 6023.17 1212172530
15894.8 6030.99 1212172590
15896.6 6029.87 1212172651
15891.3 6028.75 1212172716
15890.4 6026.52 1212172776
15890.4 6027.64 1212172831
15891.3 6026.52 1212172891
15891.3 6026.52 1212172952
15892.2 6026.52 1212173011
15893.1 6026.52 1212173071
15892.2 6023.17 1212173131
15898.4 6025.4 1212173192
15893.9 6027.64 1212173253
15897.5 6026.52 1212173313
15895.7 6025.4 1212173374
15893.1 6026.52 1212173434
15893.1 6026.52 1212173495
15893.1 6026.52 1212173563
15890.4 6026.52 1212173615
15883.3 6027.64 1212173675
15897.5 6025.4 1212173735
15887.7 6027.64 1212173796
15882.4 6028.75 1212173856
15881.5 6027.64 1212173917
15883.3 6028.75 1212173977
15883.3 6028.75 1212174004
15890.4 6028.75 1212174061
15890.4 6025.4 1212174121
15891.3 6027.64 1212174183
15892.2 6030.99 1212174243
15890.4 6032.1 1212174304
15888.6 6029.87 1212174364
15886.8 6029.87 1212174425
15886 6028.75 1212174487
15886.8 6025.4 1212174546
15886 6026.52 1212174606
15886 6026.52 1212174667
15886.8 6026.52 1212174727
15887.7 6024.28 1212174788
15888.6 6024.28 1212174849
15889.5 6019.82 1212174909
15889.5 6019.82 1212174969
15888.6 6020.93 1212175031
15887.7 6028.75 1212175091
15886.8 6033.22 1212175155
15887.7 6030.99 1212175212
15889.5 6029.87 1212175272
15890.4 6028.75 1212175337
15887.7 6034.34 1212175392
15889.5 6025.4 1212175452
15890.4 6024.28 1212175513
15889.5 6025.4 1212175573
15850.5 5998.59 1212175634
15578.4 5852.23 1212175695
15438.3 5893.57 1212175757
15254.8 6273.44 1212175817
15426.8 6619.81 1212175876
15561.5 6895.79 1212175937
15672.3 7109.22 1212175998
15706.9 7175.14 1212176059
15983.5 7751.75 1212176123
16171.4 8119.42 1212176185
16319.4 8341.81 1212176239
16431.1 8262.46 1212176299
16433.8 8253.52 1212176359
16433.8 8253.52 1212176419
16433.8 8253.52 1212176479
16433.8 8252.4 1212176539
16432.9 8252.4 1212176599
16435.5 8251.29 1212176660
16434.6 8251.29 1212176721
16433.8 8250.17 1212176782
16432 8251.29 1212176842
16429.3 8253.52 1212176903
16428.4 8254.64 1212176963
16432 8253.52 1212177024
16432 8254.64 1212177085
16432 8254.64 1212177145
16431.1 8255.76 1212177210
16432 8254.64 1212177265
16432 8254.64 1212177326
16432 8254.64 1212177385
16432.9 8253.52 1212177447
16432.9 8253.52 1212177507
16432.9 8253.52 1212177568
16432.9 8252.4 1212177627
16432 8251.29 1212177687
16433.8 8244.58 1212177747
16417.8 8228.94 1212177808
16315 8262.46 1212177868
15739.7 8549.68 1212177930
15390.5 8618.97 1212177991
15277.9 8681.56 1212178046
15226.5 8688.27 1212178106
15003.1 8306.05 1212178166
14391.5 7326 1212178227
13373 7494.73 1212178292
11960.1 7395.28 1212178347
10863.7 7214.25 1212178407
10572 7155.03 1212178467
9138.73 6786.29 1212178523
7684.15 6391.87 1212178580
6376.72 5712.57 1212178637
5409.67 4573.09 1212178692
4448.81 3441.59 1212178749
3498.6 2491.15 1212178810
2829.37 1936.13 1212178879
2922.44 1787.61 1212178934
3063.38 1652.5 1212179001
3687.4 634.161 1212179056
3823.91 -773.655 1212179125
3823.91 -1073.94 1212179149
3740.58 -977.942 1212179210
3745.02 -964.546 1212179341
3749.45 -965.662 1212179406
3744.13 -964.546 1212179456
3741.47 -964.546 1212179516
3745.02 -963.43 1212179574
3744.13 -964.546 1212179643
3740.58 -964.546 1212179691
3740.58 -963.43 1212179756
3678.54 -903.149 1212179812
3636.88 -912.079 1212179883
3643.97 -921.01 1212179932
3646.63 -919.893 1212179992
3644.85 -921.01 1212180063
3648.4 -919.893 1212180128
3646.63 -919.893 1212180172
3641.31 -924.359 1212180232
3650.17 -919.893 1212180300
3643.08 -922.126 1212180354
3643.97 -919.893 1212180413
3644.85 -917.661 1212180467
3643.97 -919.893 1212180534
3643.97 -919.893 1212180538
3643.08 -921.01 1212180601
3642.19 -922.126 1212180662
3642.19 -922.126 1212180724
3643.08 -922.126 1212180784
3643.08 -923.242 1212180837
3622.69 -980.174 1212180895
3581.92 -1056.08 1212180930
3838.09 -953.383 1212181009
3274.34 -2139.93 1212181070
3174.18 -4491.32 1212181157
3774.27 -6765.05 1212181229
4036.64 -8228.48 1212181281
4018.91 -9719.53 1212181329
3089.08 -10873.6 1212181384
2552.82 -12257.1 1212181445
2765.55 -13741.9 1212181491
3054.52 -15250.9 1212181546
3778.7 -16243.7 1212181602
4377.9 -16030.9 1212181666
4404.49 -16026.4 1212181722
