3759.2 -10156.6 1211601655
4143.01 -8677.94 1211601704
3874.43 -7201.21 1211601764
3610.28 -5686.28 1211601816
2738.07 -2787.27 1211601927
3851.38 -70.3353 1211602035
3851.38 -70.3353 1211602072
3313.34 1383.38 1211602078
2816.08 1902.63 1211602138
2816.08 1902.63 1211602175
2683.12 2042.22 1211602211
2398.58 2316.94 1211602271
2192.05 2975.85 1211602360
2386.17 3137.79 1211602423
2435.81 3218.21 1211602483
2410.99 3215.97 1211602563
2417.2 3215.97 1211602610
2412.77 3220.44 1211602676
2257.65 3040.63 1211602776
2326.79 2730.15 1211602831
2417.2 2708.93 1211602891
2679.57 2425.26 1211602951
3035.9 2420.8 1211603026
3137.84 2350.44 1211603089
