4205.94 -16071 1212088717
4816.67 -17510.5 1212088813
6005.32 -18493 1212088857
7314.53 -19287.2 1212088921
8760.24 -19334 1212088948
9977.26 -20173.8 1212088995
10990.4 -21347.5 1212089054
11945.1 -22484.4 1212089095
12835.9 -23690.1 1212089135
13717.8 -24886.7 1212089181
14663.6 -26069.8 1212089229
15645.7 -27175.9 1212089284
16060.6 -27218.2 1212089348
16226.3 -26878.8 1212089401
16123.5 -26944.5 1212089477
16129.7 -26930 1212089481
16128.8 -26931.1 1212089536
16128.8 -26931.1 1212089538
16022.5 -26849.9 1212089598
16112 -27066.9 1212089658
15137.8 -26570.6 1212089718
14154.8 -25462.1 1212089762
13266.7 -24260 1212089806
12348.4 -23009.9 1212089855
11873.3 -22360.8 1212089879
10904.4 -21235 1212089927
9929.39 -20109.2 1212089975
8655.64 -19318.4 1212090024
7164.73 -19252.7 1212090073
5949.48 -18417.3 1212090119
4819.33 -17481.5 1212090163
3709.56 -16560.1 1212090239
4235.19 -16166.8 1212090283
4402.72 -16016.4 1212090348
