4411.59 -16048.7 1212362412
4408.04 -16052.1 1212362472
4406.27 -16052.1 1212362538
4406.27 -16048.7 1212362593
4407.15 -16048.7 1212362661
4408.04 -16049.8 1212362718
4408.04 -16049.8 1212362780
4408.04 -16047.6 1212362846
4408.04 -16047.6 1212362896
4408.04 -16048.7 1212362953
4407.15 -16049.8 1212363013
4407.15 -16049.8 1212363074
4407.15 -16048.7 1212363134
4406.27 -16054.3 1212363195
4406.27 -16053.2 1212363256
4406.27 -16052.1 1212363318
4407.15 -16049.8 1212363377
4406.27 -16048.7 1212363437
4407.15 -16048.7 1212363503
4407.15 -16049.8 1212363558
4406.27 -16052.1 1212363620
4405.38 -16054.3 1212363679
4404.49 -16054.3 1212363741
4405.38 -16052.1 1212363801
4404.49 -16050.9 1212363862
4408.04 -16053.2 1212363922
4407.15 -16052.1 1212363955
4406.27 -16050.9 1212364012
4403.61 -16052.1 1212364069
4402.72 -16053.2 1212364129
4399.18 -16062.1 1212364190
4398.29 -16062.1 1212364250
4391.2 -16074.3 1212364312
4398.29 -16062.1 1212364379
4409.81 -16029.8 1212364432
