4515.29 -15940.6 1212440798
3815.93 -16182.4 1212440850
3939.14 -16240.4 1212440911
4046.39 -16222.5 1212441021
4048.16 -16219.2 1212441076
4050.82 -16194.7 1212441136
4041.07 -16171.3 1212441196
4038.41 -16161.2 1212441256
4038.41 -16161.2 1212441284
3459.6 -16183.5 1212441326
3011.97 -14751.6 1212441381
2666.27 -13299.4 1212441450
2559.91 -11804.5 1212441504
3461.37 -10550.2 1212441543
4200.62 -9237.78 1212441604
3976.37 -7744.42 1212441641
3712.22 -6271.98 1212441689
3267.25 -4840.56 1212441747
2870.15 -3380.99 1212441794
2715.03 -2839.73 1212441854
3635.1 -1671.14 1212441883
3854.93 -161.882 1212441940
3393.12 1213.66 1212442000
2925.99 1797.66 1212442060
2579.41 2146.08 1212442123
2325.9 2404.04 1212442191
2181.42 2767 1212442246
2171.67 2966.91 1212442302
2414.54 3162.36 1212442362
2368.45 3010.47 1212442426
2355.15 3004.89 1212442482
2357.81 3097.59 1212442518
2357.81 3097.59 1212442533
2293.1 3039.51 1212442534
2340.97 2749.13 1212442637
2575.86 2242.11 1212442740
2343.63 2010.95 1212442800
2149.51 1818.88 1212442860
2012.12 1701.63 1212442921
2011.23 1709.45 1212442981
2010.34 1711.68 1212443042
2013.89 1670.36 1212443102
2026.3 1420.23 1212443170
2669.82 834.022 1212443223
2872.8 -476.705 1212443284
2567.88 -1935.68 1212443337
2816.96 -3370.95 1212443394
3677.65 -6235.17 1212443495
3940.02 -7698.69 1212443543
4185.55 -9168.64 1212443590
3487.08 -10491.2 1212443641
2564.34 -11657.4 1212443689
2611.32 -13150 1212443744
2902.06 -14642.4 1212443793
3295.61 -16117.8 1212443846
4189.99 -16120 1212443907
