2636.14 -13107.7 1212626614
2589.16 -11599.4 1212626671
3566.85 -10403.1 1212626720
4186.44 -8992.44 1212626776
4026 -8072.34 1212626816
3756.54 -6564.26 1212626874
3378.05 -5087.15 1212626937
2942.83 -3649.94 1212626987
2527.11 -2536.15 1212627038
2328.56 -2289.49 1212627098
2309.94 -2416.73 1212627131
2309.06 -2420.08 1212627156
2309.06 -2420.08 1212627158
2317.92 -2358.69 1212627218
2498.75 -2296.19 1212627280
2605.11 -2902.23 1212627409
3132.52 -4337.33 1212627454
3602.31 -5794.5 1212627507
3856.7 -7255.87 1212627555
4059.69 -8395.78 1212627588
3935.59 -9878.99 1212627638
2921.56 -11010.7 1212627690
2569.66 -12462.3 1212627740
2831.14 -13970.4 1212627804
3106.81 -15443.6 1212627848
4041.96 -16166.8 1212627922
4237.85 -16122.3 1212627969
4267.1 -16130.1 1212628141
4537.45 -15969.6 1212628248
4201.51 -16071 1212628305
3533.17 -16261.5 1212628369
3033.24 -14968.9 1212628420
2715.03 -13524.5 1212628468
2558.13 -12036.4 1212628523
3278.77 -10733.1 1212628574
4126.17 -9514.34 1212628628
4021.57 -8027.72 1212628689
3771.61 -6631.19 1212628746
3440.98 -5174.17 1212628806
2984.49 -3751.49 1212628856
2741.62 -2777.23 1212628918
3676.76 -1606.4 1212628954
3853.16 -87.0817 1212629003
3776.93 531.442 1212629022
3477.33 1578.8 1212629082
4104.01 2182.93 1212629142
4244.94 2819.49 1212629203
4155.42 3334.36 1212629263
4004.73 3540.99 1212629325
3804.4 3802.36 1212629384
3594.33 4061.49 1212629444
3476.44 4061.49 1212629504
3461.37 3876.07 1212629565
3501.26 3873.84 1212629607
3486.19 3781.13 1212629797
3403.75 3823.58 1212629857
3469.35 3792.3 1212629927
3367.41 3843.68 1212629973
3339.93 4041.39 1212630023
2932.19 3950.91 1212630083
2719.46 4074.9 1212630148
2593.59 4195.53 1212630204
2391.49 4374.26 1212630265
2389.72 4380.96 1212630297
2367.56 4417.82 1212630346
2368.45 4413.35 1212630387
2368.45 4413.35 1212630394
2289.56 4489.31 1212630450
2159.26 4768.58 1212630511
2091 5184.15 1212630574
2360.47 5340.55 1212630629
2292.22 5386.35 1212630694
2281.58 5389.7 1212630755
2283.35 5389.7 1212630810
2275.37 5388.59 1212630835
2139.76 5391.94 1212630900
2076.82 5261.23 1212630955
2150.39 4800.98 1212631025
2334.76 4588.73 1212631075
2420.74 4506.07 1212631138
2756.69 4557.45 1212631196
2731.87 4450.22 1212631256
2821.39 4258.09 1212631328
2841.78 4134.1 1212631382
2846.21 4108.41 1212631404
2846.21 4108.41 1212631405
2860.39 3908.47 1212631466
2855.08 3905.12 1212631481
2914.46 3736.45 1212631536
2918.01 3640.4 1212631596
2933.08 3545.46 1212631663
2945.49 3440.47 1212631728
2984.49 3346.65 1212631788
2512.04 2735.73 1212631914
2286.9 2507.9 1212631965
1938.54 2160.59 1212632025
1765.7 1998.67 1212632085
1378.34 1907.1 1212632155
1167.38 1875.83 1212632205
1058.35 1747.41 1212632265
826.12 1711.68 1212632325
203.871 1622.35 1212632385
-336.83 1524.08 1212632455
-1012.26 1429.17 1212632505
-1012.26 1429.17 1212632527
-1347.32 1367.75 1212632573
-1634.51 1284 1212632634
-1448.37 1027.19 1212632689
-1164.72 1072.97 1212632751
-876.644 1119.86 1212632809
-522.086 1177.93 1212632869
-50.5245 1238.22 1212632929
156.892 1280.65 1212632989
437.879 1332.02 1212633054
541.587 1557.58 1212633109
1009.6 1641.33 1212633174
1279.07 1852.38 1212633229
1217.91 2234.3 1212633289
1200.18 2732.38 1212633350
1529.03 2815.02 1212633426
2106.07 2882.03 1212633471
2313.49 2858.58 1212633535
2290.44 2879.8 1212633595
2290.44 2879.8 1212633609
2284.24 2869.75 1212633772
2283.35 2880.92 1212633849
2278.03 2893.2 1212633893
2202.69 2758.07 1212633917
2297.53 2715.63 1212633938
2413.65 2761.42 1212633995
2314.38 2780.4 1212634050
2146.85 2951.28 1212634110
2099.87 2976.97 1212634170
2099.87 2976.97 1212634185
2104.3 3004.89 1212634204
1312.75 2869.75 1212634308
1161.18 2853 1212634377
447.629 2752.48 1212634432
109.027 2699.99 1212634488
-444.97 2473.28 1212634612
-615.158 2465.47 1212634668
-614.271 2459.88 1212634676
-577.929 2445.36 1212634697
-444.97 2292.37 1212634763
-383.809 1843.45 1212634814
-643.522 1799.9 1212634876
-659.477 1751.88 1212634927
-659.477 1751.88 1212635018
-659.477 1751.88 1212635039
-335.943 1736.25 1212635099
-197.666 1678.18 1212635169
80.6619 1485 1212635219
694.047 1586.61 1212635280
1064.56 1643.56 1212635350
1299.45 1739.6 1212635405
1722.26 1712.8 1212635460
2162.8 2092.47 1212635520
2508.5 2419.68 1212635594
2731.87 2686.59 1212635653
2730.98 2687.71 1212635655
2997.79 2928.94 1212635715
3171.52 3121.04 1212635749
3520.76 3472.86 1212635809
3629.79 3592.37 1212635871
3709.56 3692.89 1212635929
3495.94 3718.58 1212635982
3385.14 3820.23 1212636042
3355.89 3622.53 1212636103
3515.44 3155.66 1212636174
3425.03 3073.01 1212636247
3218.5 2859.7 1212636307
2793.92 2450.95 1212636367
2215.1 1880.3 1212636424
1781.65 1878.06 1212636489
1615.01 2510.14 1212636548
1586.65 2764.77 1212636604
1591.96 2764.77 1212636623
1777.22 2826.19 1212636663
2229.28 2927.82 1212636729
2307.28 2855.23 1212636788
2417.2 2726.8 1212636848
2203.58 2793.81 1212636882
2168.12 2995.95 1212636946
1965.14 3183.58 1212637001
1417.34 2844.06 1212637122
1597.28 2794.92 1212637169
1609.69 2796.04 1212637177
1997.05 2863.05 1212637250
2286.9 2909.96 1212637290
2163.69 2759.18 1212637351
1914.61 2956.86 1212637411
1399.62 2975.85 1212637471
1381.89 3039.51 1212637516
1381.89 3040.63 1212637522
1383.66 3042.86 1212637538
1260.45 3064.08 1212637608
963.511 3016.06 1212637658
964.397 2884.27 1212637718
1077.86 2165.06 1212637778
1181.56 1565.4 1212637838
1369.48 1103.12 1212637902
1415.57 525.859 1212637959
1419.12 502.413 1212637966
1436.85 219.941 1212638021
1469.64 -187.559 1212638081
1487.37 -523.593 1212638141
1393.41 -529.175 1212638181
1308.32 -522.476 1212638196
1268.43 -17.863 1212638255
1324.27 -1.11644 1212638276
1459.01 49.1234 1212638343
1439.5 300.327 1212638360
1393.41 368.433 1212638420
1381.89 363.967 1212638447
1225.88 552.656 1212638525
1184.22 1068.5 1212638585
1178.02 1240.46 1212638647
1206.38 1422.47 1212638705
1282.61 1835.63 1212638775
1180.68 2526.89 1212638831
1094.7 3125.51 1212638900
1709.85 3238.31 1212638957
2218.65 3322.08 1212639006
2653.86 3385.74 1212639066
2538.63 3247.25 1212639141
2514.7 3255.06 1212639204
2520.02 3255.06 1212639272
2520.02 3255.06 1212639286
2551.04 3184.7 1212639338
2572.32 3017.17 1212639391
2752.25 2720.1 1212639448
2887.87 2586.08 1212639513
2985.38 2519.07 1212639573
3181.27 2329.22 1212639615
3180.38 2328.1 1212639670
3184.82 2335.92 1212639735
3177.72 2329.22 1212639784
3175.95 2322.52 1212639844
3177.72 2325.87 1212639864
3179.5 2329.22 1212639924
3180.38 2324.75 1212639989
3180.38 2326.99 1212640044
3180.38 2328.1 1212640104
3178.61 2325.87 1212640164
3173.29 2319.17 1212640225
3178.61 2325.87 1212640285
3179.5 2330.34 1212640345
3179.5 2331.45 1212640405
3182.16 2332.57 1212640466
3182.16 2332.57 1212640531
3182.16 2332.57 1212640548
3175.95 2328.1 1212640639
3181.27 2332.57 1212640699
3181.27 2332.57 1212640755
3183.93 2331.45 1212640808
3178.61 2326.99 1212640845
3181.27 2329.22 1212640910
3238.89 2264.45 1212640949
3457.82 2033.29 1212640995
2974.74 1548.65 1212641055
2704.39 1615.65 1212641120
2360.47 1962.93 1212641181
2010.34 1952.88 1212641236
1744.42 1943.95 1212641296
1315.41 1890.35 1212641361
832.324 1713.91 1212641421
259.714 1596.66 1212641476
-5.31837 1485 1212641536
-126.754 1356.58 1212641597
-129.414 1355.47 1212641617
-156.892 1530.78 1212641686
-210.962 1828.93 1212641742
-229.576 1913.8 1212641761
-279.214 2267.8 1212641824
-332.398 2593.9 1212641860
-312.011 2387.29 1212641944
-276.555 1971.87 1212642010
-424.583 1927.2 1212642138
-430.788 1937.25 1212642139
-468.016 1526.31 1212642199
-453.834 1423.58 1212642260
-200.325 1438.1 1212642320
397.105 1533.01 1212642385
471.562 1291.82 1212642443
577.929 1027.19 1212642507
585.907 869.752 1212642560
599.203 771.495 1212642598
599.203 771.495 1212642618
624.908 540.374 1212642660
989.216 509.112 1212642722
1031.76 528.092 1212642764
990.989 1196.91 1212642885
1207.27 1424.7 1212642950
1311.86 1674.83 1212643014
1238.29 2102.52 1212643079
1139.02 2781.52 1212643126
1024.67 3468.39 1212643186
1088.49 3601.31 1212643247
1088.49 3602.42 1212643266
1290.59 3583.43 1212643330
1296.8 3641.51 1212643386
1245.38 3935.27 1212643438
1219.68 4089.42 1212643504
1184.22 4322.87 1212643558
1209.93 4139.68 1212643640
1248.04 3878.31 1212643688
1331.36 3530.94 1212643797
1344.66 3324.31 1212643804
1166.5 3249.48 1212643864
914.759 3124.39 1212643935
1029.1 2453.18 1212643985
1131.93 1788.73 1212644050
890.826 1723.96 1212644115
397.105 1641.33 1212644166
298.715 1425.82 1212644226
269.464 1200.26 1212644291
270.35 1198.03 1212644313
272.123 1199.14 1212644318
192.348 1287.35 1212644376
454.72 1332.02 1212644437
505.245 1125.45 1212644508
585.02 895.432 1212644557
585.907 895.432 1212644568
792.437 495.714 1212644620
1128.38 520.277 1212644680
1230.32 410.86 1212644744
1244.5 156.303 1212644809
1248.93 137.323 1212644813
1303.89 2.32831e-09 1212644871
1464.32 -85.9653 1212644931
1490.92 -422.003 1212644991
1453.69 -528.058 1212645023
1315.41 -533.64 1212645086
1309.2 -531.407 1212645101
1260.45 62.5208 1212645162
1201.95 850.77 1212645221
1187.77 1075.2 1212645288
1168.27 1354.35 1212645341
1324.27 1597.78 1212645401
1253.36 2023.24 1212645467
1134.58 2775.94 1212645532
1015.81 3510.83 1212645583
897.031 4240.21 1212645643
1131.04 4300.53 1212645713
1489.14 4363.09 1212645763
1755.06 4497.13 1212645823
1721.38 4702.67 1212645874
1721.38 4702.67 1212645876
1961.59 4745.12 1212645941
2327.67 4422.29 1212646061
2444.68 4323.99 1212646128
2651.21 4131.86 1212646187
2751.37 4053.67 1212646239
2872.8 3888.36 1212646302
3456.05 3901.76 1212646357
3375.39 3768.85 1212646422
3372.73 3767.73 1212646477
3367.41 3763.26 1212646543
3356.78 3759.91 1212646582
3500.37 3953.15 1212646653
3487.08 3975.49 1212646666
3487.08 3963.2 1212646727
3487.08 3963.2 1212646786
3454.28 3964.32 1212646820
2974.74 4039.15 1212646887
2722.12 4130.75 1212646940
2474.81 4299.42 1212647004
2125.57 4605.49 1212647061
1562.71 5019.93 1212647123
1517.51 5016.58 1212647138
1497.12 5008.76 1212647185
1497.12 5009.87 1212647205
1497.12 5009.87 1212647207
1362.39 5075.79 1212647267
1350.87 5185.26 1212647327
1350.87 5185.26 1212647334
1506.87 5095.89 1212647389
976.807 4923.86 1212647450
978.579 4625.59 1212647510
828.779 4583.15 1212647570
216.28 4481.49 1212647630
22.1599 4449.1 1212647675
21.2735 4449.1 1212647687
-159.551 4527.29 1212647738
-480.426 4475.91 1212647798
-496.381 4469.21 1212647858
-169.301 4520.59 1212647923
-61.1612 4635.65 1212647975
-115.231 4870.24 1212648035
-109.027 4860.18 1212648096
-112.572 4859.06 1212648160
-113.458 4859.06 1212648181
-33.683 4453.57 1212648246
101.935 4449.1 1212648302
985.671 4571.97 1212648357
1019.35 4401.07 1212648417
1138.13 3620.29 1212648472
1193.97 3310.91 1212648533
1517.51 3227.14 1212648593
2075.94 3307.56 1212648663
2235.49 3332.13 1212648674
2315.26 3125.51 1212648745
2420.74 3128.86 1212648796
2432.27 3054.03 1212648875
2293.1 2989.25 1212648930
2337.42 2870.87 1212648995
2338.31 2860.81 1212649060
2349.83 2822.84 1212649175
