14933.1 4102.82 1212499564
14817 4049.21 1212499624
14235.5 4305 1212499685
12821.7 4770.81 1212499736
11644.6 5244.47 1212499784
12377.6 6540.47 1212499838
11235 7300.29 1212499897
11086.1 7270.12 1212499957
11015.2 7263.42 1212500018
10978.9 7264.54 1212500079
10935.4 7266.77 1212500139
10908 7267.89 1212500199
10869 7266.77 1212500262
10860.1 7266.77 1212500320
10824.6 7262.3 1212500382
10761.7 7252.25 1212500442
10726.3 7234.37 1212500503
10688.1 7216.49 1212500563
10631.4 7200.84 1212500630
10546.3 7179.61 1212500685
9823.02 6928.2 1212500746
8359.59 6635.45 1212500806
7018.47 6122.6 1212500867
5945.93 5207.61 1212500927
5149.07 4278.19 1212500988
4650.91 3691.78 1212501048
4205.06 3171.3 1212501109
3528.74 3020.52 1212501169
3563.31 3281.87 1212501230
3236.23 3190.29 1212501290
2935.74 2992.6 1212501355
2832.92 3210.39 1212501411
2452.65 3477.33 1212501474
1746.2 3360.05 1212501533
1471.41 3364.52 1212501599
1581.33 3647.1 1212501667
1577.78 3675.02 1212501746
1744.42 3594.6 1212501791
1920.82 3421.48 1212501852
2162.8 3295.27 1212501911
2683.12 3379.04 1212501972
2916.24 3442.7 1212502032
3084.65 3436 1212502085
3388.69 3347.77 1212502145
3831.88 2820.61 1212502205
4664.21 3711.88 1212502265
5620.63 4836.72 1212502320
5985.82 5240 1212502380
9488.85 6811.99 1212502494
10928.4 7114.8 1212502547
12325.3 6657.8 1212502607
11594 5338.31 1212502658
12968 4759.64 1212502711
14353.4 4226.81 1212502760
15605.9 3372.34 1212502816
16970.9 2832.89 1212502868
17889.2 1671.48 1212502924
19117.8 865.285 1212502984
19937.7 -370.649 1212503032
20788.6 -1603.05 1212503089
21169.8 -2317.4 1212503149
21166.2 -2547.32 1212503209
21079.3 -2859.82 1212503270
20739 -3723.59 1212503330
20784.2 -4355.18 1212503391
19678.8 -5074.87 1212503451
19662.9 -5235.54 1212503503
19670 -5237.77 1212503533
19670.9 -5238.89 1212503559
19670.9 -5238.89 1212503561
19740.9 -5315.87 1212503628
20170.8 -4953.26 1212503685
20844.5 -4078.45 1212503745
21032.4 -3645.48 1212503805
21013.8 -3593.03 1212503869
21163.6 -2671.2 1212503926
21221.2 -2261.59 1212503987
20805.5 -1574.03 1212504047
19987.3 -407.49 1212504108
19152.3 839.605 1212504163
17943.3 1661.43 1212504220
17518.7 2177.34 1212504280
16809.6 2962.45 1212504340
15521.7 3434.88 1212504401
14312.6 4259.2 1212504460
12925.4 4785.34 1212504500
11622.4 5469.02 1212504556
12288.1 6800.82 1212504609
11207.6 7290.24 1212504669
11190.7 7285.77 1212504691
11160.6 7279.06 1212504751
11115.4 7270.12 1212504811
11090.6 7264.54 1212504871
11069.3 7264.54 1212504933
11048.9 7260.07 1212504991
11027.6 7258.95 1212505051
11019.7 7257.83 1212505113
10978.9 7256.72 1212505174
10955.8 7257.83 1212505233
10921.3 7262.3 1212505294
10898.2 7262.3 1212505355
10872.5 7258.95 1212505415
10852.1 7260.07 1212505476
10822.9 7255.6 1212505537
10789.2 7254.48 1212505598
10776.8 7245.54 1212505658
10744.9 7234.37 1212505719
10692.6 7215.37 1212505781
10629.6 7198.61 1212505840
10543.7 7176.26 1212505900
9823.02 6924.85 1212505961
8910.92 6740.48 1212506027
8138.87 6579.58 1212506081
7355.3 6263.38 1212506141
6391.79 5740.5 1212506191
5578.08 4789.8 1212506251
5061.31 4181.01 1212506311
4668.64 3719.7 1212506380
4305.22 3294.16 1212506433
4026.89 2963.56 1212506492
3608.51 2848.53 1212506559
3648.4 3142.26 1212506613
3497.71 3355.58 1212506673
3361.21 3290.8 1212506733
3081.99 3010.47 1212506782
2913.58 3001.54 1212506842
2836.46 3253.95 1212506918
2779.73 3551.04 1212506963
2328.56 3559.98 1212507023
2210.67 3539.87 1212507083
2200.92 3554.39 1212507143
2213.33 3543.23 1212507203
2212.44 3553.28 1212507273
2209.78 3549.93 1212507325
2208.89 3552.16 1212507385
2206.24 3558.86 1212507445
2208.01 3554.39 1212507506
2207.12 3563.33 1212507539
2208.01 3561.1 1212507564
2085.69 3624.76 1212507629
1848.13 3776.67 1212507685
1897.77 3841.45 1212507734
2046.68 3522 1212507795
1788.74 3476.21 1212507859
1541.44 3432.65 1212507931
1083.17 3361.17 1212507981
907.668 3333.25 1212508036
902.35 3329.9 1212508096
916.532 3142.26 1212508156
916.532 3142.26 1212508170
1000.74 2624.05 1212508218
1000.74 2624.05 1212508234
1030.88 2442.01 1212508243
664.796 2329.22 1212508303
-35.4558 2213.08 1212508364
-230.463 1882.53 1212508423
-181.711 1607.83 1212508483
-405.969 1509.56 1212508548
-409.514 1509.56 1212508601
-411.287 1510.68 1212508603
-471.562 1559.81 1212508624
-181.711 1593.31 1212508701
-167.529 1501.75 1212508716
-147.141 1375.57 1212508781
-181.711 1444.8 1212508841
187.916 1505.1 1212508901
576.156 1578.8 1212509027
551.337 1774.21 1212509097
973.261 1907.1 1212509155
1068.99 1962.93 1212509202
1526.37 2034.4 1212509305
1825.09 2085.77 1212509365
1914.61 2125.97 1212509422
2059.98 2265.57 1212509481
2420.74 2632.98 1212509543
2649.43 2857.46 1212509595
2915.35 3095.35 1212509661
2948.15 3132.21 1212509675
2967.65 3161.25 1212509747
2963.22 3164.6 1212509757
3011.08 3172.42 1212509826
3016.4 3171.3 1212509870
3017.29 3171.3 1212509931
3059.83 3147.84 1212509989
2993.35 3138.91 1212510045
2987.15 3134.44 1212510106
2980.06 3135.56 1212510177
3016.4 3121.04 1212510230
3024.38 3122.16 1212510247
3250.41 2888.74 1212510307
3035.01 2464.35 1212510368
3152.02 2348.21 1212510431
2571.43 1364.4 1212510489
2609.55 -63.6367 1212510555
2728.32 -1619.79 1212510607
2695.53 -3110.92 1212510660
3180.38 -4534.83 1212510711
3635.1 -5978.58 1212510761
3899.25 -7454.42 1212510799
4169.6 -8945.6 1212510849
3612.94 -10328.4 1212510898
2626.39 -11467.8 1212510943
2599.79 -12959.4 1212510999
2881.67 -14441.8 1212511049
3217.61 -15879.3 1212511090
4213.92 -16172.4 1212511146
4519.73 -15910.5 1212511215
4434.63 -15867.1 1212511264
4431.09 -15866 1212511266
4231.65 -15962.9 1212511326
3372.73 -16126.7 1212511386
3009.31 -14645.7 1212511444
2962.33 -14347.1 1212511504
2286.9 -14424 1212511571
1894.22 -14592.2 1212511629
1893.34 -14588.9 1212511684
1893.34 -14590 1212511749
1893.34 -14586.7 1212511809
1930.57 -14533.2 1212511864
2086.57 -14464.1 1212511934
2268.28 -14441.8 1212511984
2269.17 -14444 1212512060
2265.62 -14440.7 1212512106
2335.65 -14430.7 1212512165
2855.08 -14514.2 1212512226
2957.9 -14954.4 1212512246
3471.12 -16321.7 1212512308
4182.01 -16124.5 1212512368
