4418.68 -16028.7 1212465075
4392.97 -16029.8 1212465105
4387.65 -16029.8 1212465191
4385.88 -16027.5 1212465255
4386.77 -16022 1212465314
4385.88 -16024.2 1212465384
4384.99 -16024.2 1212465432
4384.99 -16018.6 1212465487
4385.88 -16023.1 1212465547
4384.99 -16023.1 1212465616
4385.88 -16022 1212465668
4386.77 -16022 1212465729
4386.77 -16020.9 1212465790
4386.77 -16022 1212465850
4387.65 -16023.1 1212465910
4386.77 -16025.3 1212465971
4386.77 -16023.1 1212466043
4385.88 -16022 1212466105
4385.88 -16017.5 1212466157
4385.88 -16020.9 1212466216
4384.11 -16027.5 1212466344
4384.99 -16029.8 1212466396
4386.77 -16029.8 1212466456
4386.77 -16029.8 1212466512
4384.99 -16029.8 1212466572
4385.88 -16030.9 1212466601
4385.88 -16027.5 1212466661
