10820.2 7243.31 1211985022
10800.7 7239.95 1211985084
10767.9 7228.78 1211985144
10745.8 7225.43 1211985203
10696.1 7213.14 1211985266
10646.5 7199.73 1211985324
10586.2 7184.08 1211985385
10515.3 7163.97 1211985445
9987.01 6965.07 1211985506
8990.7 6760.59 1211985566
8060.87 6551.65 1211985627
7048.61 6132.66 1211985687
5956.57 5215.43 1211985748
5346.73 4500.48 1211985810
4874.28 3946.44 1211985869
4092.48 3024.99 1211985930
3044.76 2054.5 1211985993
2572.32 1374.45 1211986028
2641.46 -125.04 1211986100
2721.23 -1627.61 1211986138
2730.98 -3175.65 1211986208
3199 -4628.56 1211986252
3647.51 -6052.21 1211986306
3916.98 -7553.69 1211986357
4182.9 -9049.32 1211986406
3555.33 -10397.5 1211986455
2591.82 -11551.5 1211986506
2606 -13055.3 1211986553
2893.19 -14534.3 1211986619
3262.82 -16018.6 1211986660
4176.69 -16134.5 1211986715
4399.18 -16040.9 1211986910
4408.04 -16029.8 1211986970
4408.93 -16029.8 1211987026
4408.93 -16029.8 1211987099
4409.81 -16030.9 1211987146
4409.81 -16030.9 1211987206
4409.81 -16030.9 1211987233
4410.7 -16029.8 1211987288
4410.7 -16028.7 1211987348
4410.7 -16028.7 1211987408
4410.7 -16028.7 1211987468
4409.81 -16032 1211987541
4408.93 -16030.9 1211987589
4408.93 -16030.9 1211987654
4408.04 -16030.9 1211987709
4408.04 -16030.9 1211987769
4408.04 -16030.9 1211987839
4407.15 -16028.7 1211987891
4408.04 -16027.5 1211987953
4408.04 -16027.5 1211988010
4408.93 -16028.7 1211988070
4408.93 -16029.8 1211988135
4408.93 -16030.9 1211988190
4408.93 -16030.9 1211988250
4407.15 -16032 1211988314
4407.15 -16033.1 1211988375
4408.04 -16033.1 1211988430
4407.15 -16034.2 1211988505
4406.27 -16033.1 1211988555
4408.93 -16034.2 1211988616
4410.7 -16034.2 1211988670
4409.81 -16029.8 1211988730
4410.7 -16029.8 1211988771
4408.93 -16030.9 1211988893
4409.81 -16030.9 1211988963
4410.7 -16032 1211989015
4409.81 -16032 1211989075
4410.7 -16032 1211989135
4408.04 -16032 1211989209
4408.04 -16032 1211989255
4408.93 -16032 1211989321
4409.81 -16033.1 1211989344
4408.93 -16030.9 1211989404
4408.93 -16030.9 1211989464
4409.81 -16032 1211989530
4408.93 -16030.9 1211989590
4409.81 -16030.9 1211989651
4409.81 -16032 1211989712
4408.93 -16032 1211989765
4412.47 -16019.7 1211989828
