4324.72 -16161.2 1211512256
4188.21 -16097.7 1211512555
3355 -16092.2 1211512629
2964.1 -14636.8 1211512671
2638.8 -13147.8 1211512725
2585.61 -11636.2 1211512784
3532.28 -10461 1211512842
4205.06 -9138.53 1211512883
3949.77 -7622.84 1211512934
3686.51 -6151.5 1211512981
3234.45 -4716.71 1211513040
2786.82 -3257.12 1211513084
2464.18 -2225.88 1211513122
2910.92 -794.865 1211513170
2732.75 523.626 1211513229
2895.85 1887 1211513290
3811.5 2758.07 1211513350
4759.05 3826.93 1211513412
5732.31 4945.08 1211513470
6704.69 6011.99 1211513530
8078.6 6555 1211513594
9518.1 6825.4 1211513647
10966.5 7150.56 1211513701
12399.8 7485.79 1211513754
12303.2 9001.21 1211513813
12030.1 10470 1211513867
11696 11961.3 1211513923
11350.3 13434 1211513978
10737.8 16363.2 1211514097
10485.2 17843.4 1211514149
9796.43 19175 1211514206
9707.79 19764.7 1211514230
10316.7 23796.9 1211514410
10374.4 24176.5 1211514470
9707.79 24202.2 1211514531
9047.43 24494.5 1211514596
8928.65 25234.7 1211514652
8688.44 25327.6 1211514717
8335.65 25225.7 1211514892
8464.18 25332.1 1211515088
7688.59 24812.5 1211515160
5928.21 23848.4 1211515238
5494.76 22194.7 1211515333
5754.47 21005.9 1211515385
5456.64 20532.5 1211515409
5438.03 20498.9 1211515416
4866.31 19482.7 1211515471
4179.35 18936.6 1211515539
5019.65 18659.1 1211515591
6493.73 18411.8 1211515645
7963.37 18054.9 1211515696
9369.19 17650.9 1211515746
10254.7 16434.8 1211515808
11106.5 15112.7 1211515845
11286.5 13603.9 1211515897
11620.6 12139.1 1211515951
11963.7 10638.8 1211516008
12240.2 9172.21 1211516064
12531.8 7704.82 1211516123
11121.6 7245.54 1211516183
10822.9 7237.72 1211516243
10133.3 7000.83 1211516303
8674.26 6694.67 1211516359
7246.27 6217.57 1211516415
6049.64 5334.96 1211516472
5147.29 4272.61 1211516532
4416.9 3411.43 1211516580
4110.21 3050.68 1211516601
3622.69 3102.05 1211516662
3852.27 3222.67 1211516722
4097.8 3043.98 1211516782
4063.23 2807.21 1211516842
4115.53 2669.84 1211516902
4125.28 2679.89 1211516947
4161.62 2722.33 1211517026
3682.08 2247.7 1211517111
3493.28 2397.34 1211517170
3089.08 2799.39 1211517235
2850.64 3051.79 1211517290
2552.82 3275.17 1211517365
2205.35 3215.97 1211517421
1839.27 3153.43 1211517477
1279.95 3068.55 1211517533
945.783 3002.65 1211517650
951.101 2904.37 1211517770
975.92 2823.96 1211517830
1023.79 2389.53 1211517894
464.471 2294.6 1211517955
-967.056 2069.02 1211518071
-965.284 1785.38 1211518136
-886.394 1754.11 1211518190
-869.553 1756.35 1211518191
-616.931 1802.13 1211518259
-229.576 1950.65 1211518312
-312.897 2456.53 1211518377
-217.167 2611.77 1211518432
243.758 2723.45 1211518493
257.054 2796.04 1211518530
944.01 2905.49 1211518584
1212.59 2922.24 1211518644
1599.94 3011.59 1211518706
2685.78 3180.23 1211518824
2685.78 3180.23 1211518839
2980.06 3099.82 1211518884
3167.97 3080.83 1211518949
3403.75 2855.23 1211519005
3731.72 2561.51 1211519070
3581.03 2329.22 1211519125
3360.32 2536.94 1211519186
3023.49 2870.87 1211519233
2957.01 2950.16 1211519299
2957.9 2943.46 1211519358
2956.13 2945.69 1211519428
2949.03 2950.16 1211519483
2949.03 2946.81 1211519550
2950.81 2947.93 1211519604
2949.03 2949.04 1211519654
2957.9 2946.81 1211519719
2958.78 2949.04 1211519774
2949.92 2951.28 1211519840
2950.81 2942.34 1211519894
2952.58 2946.81 1211519961
2952.58 2950.16 1211520014
2964.1 2944.58 1211520090
2953.47 2943.46 1211520149
2777.96 3081.95 1211520194
2559.91 3079.72 1211520252
2458.86 3047.33 1211520299
2272.72 3047.33 1211520331
2331.22 2746.9 1211520392
1786.97 2500.09 1211520512
1817.11 2201.91 1211520577
1890.68 1831.16 1211520634
1766.58 1713.91 1211520685
1551.19 1487.23 1211520744
1395.18 834.022 1211520804
1428.87 410.86 1211520864
1460.78 10.048 1211520924
1528.14 10.048 1211520970
1529.03 11.1644 1211520972
1628.31 20.0959 1211520996
1755.95 -40.1917 1211521056
2104.3 -120.574 1211521116
2171.67 -114.992 1211521148
2262.08 296.978 1211521216
2474.81 622.996 1211521268
2489 756.98 1211521330
2511.16 1127.68 1211521395
2284.24 1371.1 1211521450
1911.95 1747.41 1211521510
1699.22 2297.95 1211521575
1582.21 2808.32 1211521640
1558.28 3018.29 1211521690
1367.71 3287.45 1211521750
1370.37 3287.45 1211521775
1354.41 3238.31 1211521835
1382.78 3096.47 1211521843
1403.16 2962.45 1211521903
1404.05 2681.01 1211521963
1420 2635.22 1211521991
1273.75 2678.77 1211522055
1561.83 2842.95 1211522111
1511.3 3166.83 1211522171
1678.83 3451.64 1211522237
1877.38 3496.31 1211522291
1888.02 3510.83 1211522331
1888.02 3510.83 1211522349
2032.5 3555.51 1211522354
2052 3518.65 1211522360
2055.55 3516.42 1211522370
2311.72 3568.91 1211522430
2584.73 3593.49 1211522463
2920.67 3621.41 1211522521
2991.58 3178 1211522579
3153.79 3001.54 1211522640
3228.25 2875.33 1211522704
2943.72 2600.6 1211522764
2727.44 2429.73 1211522820
2918.9 2178.46 1211522885
3111.24 1984.15 1211522940
3111.24 1983.03 1211522969
3118.34 1978.57 1211522973
3092.63 1656.96 1211523032
3329.3 1163.41 1211523092
3823.91 -290.269 1211523149
3823.02 -1106.32 1211523209
3464.92 -1349.66 1211523270
3090.86 -1751.5 1211523362
3042.11 -1841.92 1211523423
3041.22 -1849.73 1211523482
3045.65 -1841.92 1211523542
3048.31 -1838.57 1211523603
3047.42 -1840.8 1211523663
3044.76 -1846.38 1211523723
3037.67 -1849.73 1211523787
3049.2 -1853.08 1211523847
3051.86 -1851.96 1211523962
3050.97 -1848.61 1211524023
3052.74 -1845.26 1211524088
3052.74 -1848.61 1211524148
3050.97 -1849.73 1211524207
3050.08 -1855.31 1211524272
3046.54 -1855.31 1211524323
3048.31 -1849.73 1211524394
3045.65 -1850.85 1211524443
3045.65 -1851.96 1211524504
3046.54 -1854.19 1211524565
3044.76 -1854.19 1211524625
3046.54 -1851.96 1211524686
3057.17 -1846.38 1211524746
3122.77 -1705.74 1211524811
2871.03 -1431.15 1211524866
3162.66 -1191.15 1211524936
3506.58 -1166.59 1211524962
3737.93 -979.058 1211525092
3737.93 -977.942 1211525143
3738.81 -972.36 1211525220
3738.81 -972.36 1211525269
3738.81 -972.36 1211525324
3738.81 -971.244 1211525384
3737.93 -971.244 1211525449
3740.58 -971.244 1211525504
3722.86 -906.498 1211525581
3604.97 -984.639 1211525630
3604.08 -982.407 1211525684
3604.08 -981.29 1211525744
3603.19 -977.942 1211525805
3606.74 -976.825 1211525865
3605.85 -977.942 1211525925
3604.08 -980.174 1211525986
3604.97 -977.942 1211526191
3603.19 -982.407 1211526192
3603.19 -983.523 1211526229
3603.19 -986.872 1211526297
3604.08 -984.639 1211526354
3603.19 -983.523 1211526409
3603.19 -985.756 1211526474
3603.19 -984.639 1211526529
3603.19 -985.756 1211526589
3604.08 -983.523 1211526658
3603.19 -983.523 1211526709
3603.19 -984.639 1211526739
3604.08 -984.639 1211526796
3585.47 -990.221 1211526856
3577.49 -1136.46 1211526922
2998.67 -1191.15 1211526985
2818.73 -277.988 1211527048
2710.59 983.641 1211527098
3128.97 2057.85 1211527176
4141.23 3096.47 1211527220
4965.58 4110.64 1211527278
6012.41 5319.32 1211527338
7110.66 6148.3 1211527393
8484.57 6546.06 1211527457
9888.62 6909.2 1211527515
11342.3 7204.2 1211527566
12788.9 7461.21 1211527622
14045.8 7624.36 1211527683
14827.6 7471.26 1211527753
15181.3 7681.35 1211527804
15369.2 7553.96 1211527864
15367.4 7552.84 1211527924
15426.8 7432.15 1211527984
15769 7337.17 1211528046
15706.9 7201.96 1211528105
15863.8 7057.82 1211528165
15870 7090.22 1211528226
15888.6 7081.28 1211528286
15853.2 7099.16 1211528346
15854.9 7099.16 1211528426
15886.8 7063.4 1211528486
15533.2 6807.52 1211528546
15471.1 6736.01 1211528569
15215 6220.92 1211528629
15239.8 6091.32 1211528690
15411.7 5899.15 1211528750
15365.6 5695.82 1211528810
15254.8 5322.67 1211528870
15373.6 5029.98 1211528930
15143.2 4483.73 1211528991
15080.2 4341.86 1211529051
15081.1 4218.99 1211529112
15082 4220.11 1211529177
15082 4217.87 1211529232
15082 4218.99 1211529307
15080.2 4213.41 1211529354
15167.1 4270.37 1211529416
15269.9 4481.49 1211529475
15390.5 4714.96 1211529537
15288.5 5235.54 1211529598
15289.4 5380.77 1211529658
15402.9 5761.73 1211529698
15349.7 6056.68 1211529758
15253.1 6461.14 1211529823
15341.7 6789.64 1211529884
