12862.5 7470.15 1211823043
11383.1 7252.25 1211823104
10369 7086.87 1211823162
8909.15 6737.13 1211823215
7494.46 6303.6 1211823270
6264.15 5572.92 1211823332
5272.27 4408.89 1211823379
4304.33 3272.93 1211823428
3236.23 2243.23 1211823489
2678.68 975.825 1211823554
2883.44 -532.524 1211823611
2528.88 -2001.53 1211823657
2855.96 -3462.46 1211823708
3280.55 -4938.75 1211823754
3706.9 -6408.08 1211823805
3965.73 -7870.46 1211823848
4143.89 -9403.94 1211823893
3333.73 -10661.7 1211823940
2532.43 -11939.4 1211823990
2657.41 -13434.2 1211824043
2952.58 -14903.2 1211824089
3401.98 -16306.1 1211824140
4170.49 -16139 1211824202
