-3768.95 -1927.86 1212521370
-3772.49 -1914.47 1212521418
-3768.95 -1924.51 1212521480
-3768.95 -1924.51 1212521525
-3765.4 -1927.86 1212521574
-4010.93 -1928.98 1212521640
-4127.94 -1944.6 1212521669
-4084.51 -1945.72 1212521685
-4084.51 -1949.07 1212521745
-4083.62 -1949.07 1212521805
-4083.62 -1947.95 1212521865
-4101.35 -1935.68 1212521925
-4572.02 -1960.23 1212521985
-4603.05 -1769.36 1212522013
-4630.52 -1419.99 1212522073
-4630.52 -1417.75 1212522133
-4629.64 -1422.22 1212522140
-4595.96 -1951.3 1212522200
-4279.51 -1953.53 1212522261
-4010.05 -1937.91 1212522321
-3568.62 -1912.24 1212522387
-3177.72 -1887.68 1212522442
-2504.06 -1839.68 1212522503
-2092.78 -1662.21 1212522564
-1705.42 -1879.87 1212522628
-1092.04 -1549.47 1212522744
710.002 -1213.48 1212522925
1082.29 -1097.39 1212522985
1491.8 -1053.85 1212523050
1685.92 -1050.5 1212523119
1725.81 -689.93 1212523166
1802.04 -617.367 1212523213
1798.49 -619.6 1212523273
1794.95 -618.483 1212523314
1786.08 -573.829 1212523316
1658.44 -158.533 1212523407
1497.12 -168.58 1212523474
1498.01 -497.916 1212523523
1356.18 -890.869 1212523638
1355.3 -897.567 1212523652
1129.27 -797.098 1212523712
1105.33 -387.395 1212523776
1047.72 307.026 1212523850
987.443 1060.69 1212523893
879.303 1570.98 1212523969
848.279 1716.15 1212524024
479.539 1658.08 1212524074
-124.095 1563.16 1212524134
-397.991 1500.63 1212524195
-397.991 1499.51 1212524209
-422.81 1222.59 1212524263
-746.344 1142.2 1212524315
-916.532 1114.28 1212524360
-1404.05 928.929 1212524468
-1415.57 931.162 1212524484
-1334.91 1261.67 1212524545
-770.277 1353.23 1212524604
-146.255 1454.85 1212524667
619.59 1576.56 1212524740
1300.34 1760.81 1212524786
1808.24 1632.4 1212524852
2301.08 1693.81 1212524907
2847.99 2229.83 1212524968
3248.64 2615.12 1212525038
3452.51 2869.75 1212525090
3445.42 2874.22 1212525130
3712.22 3100.94 1212525186
3748.56 3368.99 1212525252
3361.21 3604.66 1212525358
3327.52 3537.64 1212525427
3007.54 3320.96 1212525478
2885.21 3179.12 1212525549
2893.19 3155.66 1212525578
2987.15 3129.97 1212525639
2992.47 3124.39 1212525700
3010.2 3125.51 1212525765
3006.65 3119.92 1212525826
2988.04 3113.22 1212525881
2986.26 3100.94 1212525950
2991.58 3102.05 1212526005
2993.35 3085.3 1212526061
2982.72 3084.18 1212526142
2923.33 3161.25 1212526193
2932.19 3141.14 1212526252
3027.04 3178 1212526308
3013.74 3143.38 1212526360
3056.29 3198.1 1212526421
3021.72 3142.26 1212526481
2988.04 3087.53 1212526547
2985.38 3090.88 1212526596
2995.13 3107.64 1212526723
2993.35 3099.82 1212526758
2993.35 3095.35 1212526818
2996.01 3102.05 1212526887
3007.54 3102.05 1212526949
3310.68 3000.42 1212527006
3587.24 3070.78 1212527066
3847.84 2817.26 1212527132
4444.38 3432.65 1212527178
5553.26 4926.09 1212527212
5858.18 5242.24 1212527279
5697.74 5763.97 1212527332
5639.24 6397.46 1212527388
5638.36 6396.34 1212527462
5638.36 6396.34 1212527463
5734.09 5972.89 1212527523
6089.53 5394.17 1212527584
5128.68 4261.44 1212527649
4163.39 3123.27 1212527706
3656.38 3156.78 1212527763
3445.42 3409.2 1212527832
3343.48 3719.7 1212527883
3382.48 3706.3 1212527949
3414.39 3783.37 1212528002
3409.96 3814.64 1212528123
3412.62 3785.6 1212528183
3566.85 3806.82 1212528243
3711.33 4014.58 1212528305
3509.24 3748.74 1212528369
3420.6 3644.87 1212528412
3346.14 3706.3 1212528467
3303.59 3647.1 1212528538
3358.55 3724.17 1212528587
3248.64 3594.6 1212528682
3387.8 3659.39 1212528743
3416.16 3716.35 1212528771
3380.71 3576.73 1212528835
2922.44 3060.73 1212528898
2632.59 3265.12 1212528953
2452.65 3247.25 1212529015
2235.49 3226.03 1212529058
1997.93 3084.18 1212529118
2228.4 3132.21 1212529169
2242.58 3137.79 1212529171
2418.08 3119.92 1212529239
2440.24 3108.75 1212529303
2449.99 3108.75 1212529350
2460.63 3096.47 1212529410
2489.88 3083.07 1212529470
2489.88 3083.07 1212529503
2488.11 3070.78 1212529565
2487.22 3067.43 1212529630
2481.9 3062.96 1212529682
2482.79 3060.73 1212529764
2484.56 3061.85 1212529839
2496.97 3067.43 1212529894
2494.31 3064.08 1212529955
2497.86 3060.73 1212530005
2496.97 3061.85 1212530056
2353.38 3000.42 1212530118
1849.91 3046.21 1212530169
1797.61 3345.53 1212530230
1732.01 3361.17 1212530253
1728.47 3363.4 1212530300
1728.47 3362.29 1212530301
1664.65 3339.95 1212530327
1222.34 3281.87 1212530404
979.466 3236.08 1212530453
370.513 3136.68 1212530510
90.4122 3084.18 1212530573
-213.621 3040.63 1212530638
-664.796 2970.26 1212530688
-1026.44 2530.24 1212530749
-2061.75 2363.84 1212530874
-2826.71 2321.4 1212530940
-3214.07 2296.84 1212530995
-3566.85 2280.08 1212531060
-3780.47 2361.61 1212531110
-3775.15 2370.54 1212531131
-3774.27 2371.66 1212531137
-3774.27 2371.66 1212531165
-4278.63 2271.15 1212531232
-4280.4 2275.62 1212531264
-4276.85 2276.73 1212531318
-4275.08 2276.73 1212531378
-4675.73 2214.2 1212531456
-4582.66 2203.03 1212531575
-4345.11 2220.9 1212531635
-4004.73 2241 1212531702
-3687.4 2332.57 1212531763
-3374.5 2706.69 1212531826
-3032.36 2726.8 1212531877
-2881.67 2736.85 1212531903
-2859.51 2917.77 1212531963
-2855.08 2918.89 1212531983
-2432.27 2792.69 1212532064
-2004.14 2860.81 1212532125
-1515.73 2941.23 1212532189
-916.532 3035.04 1212532250
-179.052 3154.55 1212532364
300.488 3313.14 1212532425
287.192 3408.08 1212532508
281.873 3424.83 1212532572
284.533 3423.72 1212532689
283.646 3423.72 1212532749
282.76 3423.72 1212532809
282.76 3424.83 1212532859
498.154 3572.27 1212532919
961.738 3644.87 1212532979
973.261 3740.92 1212533039
1040.63 3967.67 1212533075
1576.01 4046.97 1212533153
2515.59 4200 1212533197
2507.61 4216.76 1212533219
2627.27 4157.56 1212533279
2848.87 3966.55 1212533352
2985.38 3859.32 1212533410
2998.67 3862.67 1212533420
3117.45 3871.61 1212533472
3232.68 3682.84 1212533532
3363.87 3643.75 1212533572
3485.3 3677.26 1212533639
3370.07 3775.55 1212533692
3546.46 3816.88 1212533804
3517.21 3819.11 1212533879
3454.28 3788.95 1212533925
3464.03 3793.42 1212533990
3411.73 3759.91 1212534045
3457.82 3799 1212534110
3415.28 3774.43 1212534170
3485.3 3817.99 1212534225
3481.76 3830.28 1212534286
3480.87 3831.4 1212534347
3479.1 3832.51 1212534407
3472.01 3839.21 1212534448
3456.05 3851.5 1212534514
3445.42 3866.02 1212534574
3443.64 3876.07 1212534629
3433.01 3900.65 1212534675
3433.89 3890.6 1212534728
3433.89 3879.43 1212534770
3375.39 3727.52 1212534840
3246.86 3478.44 1212534895
3003.1 3227.14 1212534951
2686.66 2869.75 1212535010
2462.4 2682.12 1212535070
2255.87 2584.96 1212535130
1917.27 2524.66 1212535196
1559.17 2467.7 1212535251
1556.51 2474.4 1212535261
1503.32 2287.9 1212535326
1637.17 2264.45 1212535386
1861.43 2074.61 1212535442
2250.56 1679.3 1212535506
2429.61 1495.05 1212535574
2431.38 1490.58 1212535622
2429.61 1488.35 1212535688
2668.05 1269.49 1212535751
3057.17 1613.41 1212535803
3399.32 951.261 1212535863
3832.77 -463.309 1212535923
3589.9 -982.407 1212536138
3582.81 -982.407 1212536199
3589.01 -964.546 1212536260
3667.9 -952.266 1212536324
3667.9 -953.383 1212536389
