939.578 -903.149 1211721183
901.463 -423.119 1211721250
835.87 416.442 1211721306
605.407 811.691 1211721366
873.985 1085.25 1211721425
1296.8 1746.3 1211721489
1226.77 2179.58 1211721540
1299.45 2755.83 1211721601
1556.51 2789.34 1211721647
1808.24 2834.01 1211721679
2195.6 2887.62 1211721736
2304.63 2877.57 1211721757
2316.15 2598.36 1211721817
2160.14 2567.09 1211721877
1642.49 2492.27 1211721937
1621.22 2524.66 1211721956
1518.39 3131.09 1211722016
1463.44 3507.48 1211722076
1398.73 3904 1211722136
1333.14 4307.24 1211722196
1257.79 4789.8 1211722256
1292.36 5078.02 1211722316
1641.6 5195.32 1211722376
1584.87 5347.25 1211722422
1583.99 5347.25 1211722424
1483.82 5331.61 1211722436
1555.62 5238.89 1211722497
1660.22 5149.52 1211722557
1789.63 5157.34 1211722617
1658.44 5047.86 1211722677
1784.31 5157.34 1211722738
1979.32 5244.47 1211722798
1935.89 5292.51 1211722859
1955.39 5083.6 1211722919
2019.21 4695.97 1211722981
2239.92 4500.48 1211723041
2396.81 4212.29 1211723102
2455.31 3896.18 1211723162
2558.13 3269.58 1211723223
2253.21 3078.6 1211723283
2325.01 2980.32 1211723343
2356.92 2818.38 1211723403
2177.87 2794.92 1211723463
2177.87 2798.27 1211723528
2188.51 2801.62 1211723585
2150.39 2888.74 1211723646
2169.89 3098.7 1211723706
2270.06 3098.7 1211723768
2265.62 3096.47 1211723826
2293.99 3099.82 1211723886
2272.72 3089.77 1211723946
2281.58 3023.87 1211724008
2309.94 2999.3 1211724068
2237.26 3054.03 1211724129
2242.58 3048.44 1211724191
2261.19 3032.81 1211724250
2256.76 3036.16 1211724310
2261.19 3039.51 1211724371
2270.94 3054.03 1211724431
2274.49 3066.31 1211724492
2275.37 3060.73 1211724552
2265.62 3064.08 1211724613
2270.06 3042.86 1211724673
2268.28 3048.44 1211724733
2263.85 3050.68 1211724793
2267.4 3045.09 1211724853
2231.94 3136.68 1211724913
2270.94 3122.16 1211724974
2265.62 3132.21 1211725033
2291.33 3106.52 1211725094
2296.65 3107.64 1211725126
2282.47 3103.17 1211725186
2263.85 3102.05 1211725246
2257.65 3095.35 1211725306
2248.78 3136.68 1211725367
2262.97 3126.62 1211725427
2293.1 3097.59 1211725488
2307.28 3068.55 1211725549
2270.06 3099.82 1211725610
2267.4 3132.21 1211725671
2270.94 3118.81 1211725731
2274.49 3114.34 1211725791
2265.62 3100.94 1211725852
2272.72 3102.05 1211725912
2270.94 3084.18 1211725973
2270.94 3096.47 1211726034
2283.35 3085.3 1211726095
2278.92 3106.52 1211726155
2274.49 3128.86 1211726216
2297.53 3143.38 1211726286
2297.53 3141.14 1211726336
2301.08 3154.55 1211726396
2295.76 3124.39 1211726418
2278.03 3097.59 1211726478
2281.58 3099.82 1211726538
2294.88 3145.61 1211726598
2307.28 3189.17 1211726658
2296.65 3157.9 1211726718
2297.53 3183.58 1211726778
2288.67 3171.3 1211726839
2287.78 3151.2 1211726899
2256.76 3208.16 1211726960
2284.24 3164.6 1211727004
2286.01 3161.25 1211727063
2304.63 3104.29 1211727123
2318.81 3108.75 1211727184
2318.81 3107.64 1211727205
2336.54 2760.3 1211727265
2562.57 2563.74 1211727325
2711.48 2397.34 1211727385
3080.22 2025.47 1211727445
3165.31 1511.8 1211727505
3813.27 184.214 1211727564
3775.15 -1312.83 1211727617
2941.94 -2559.59 1211727669
3043.88 -4038.28 1211727723
3555.33 -5493.27 1211727772
3822.13 -7006 1211727819
4083.62 -8466.04 1211727867
3861.13 -9992.73 1211727919
2839.12 -11083.2 1211727969
2579.41 -12574.8 1211728020
2784.16 -13741.9 1211728056
3077.56 -15221.9 1211728105
3673.22 -16590.2 1211728147
4814.89 -17513.8 1211728192
5942.39 -18442.9 1211728237
7163.84 -19270.5 1211728285
8659.19 -19336.2 1211728329
9921.41 -20117 1211728381
10783.9 -21227.3 1211728441
11147.3 -21006.8 1211728502
11589.6 -21504.5 1211728562
11579 -21363.1 1211728622
11579.9 -21364.2 1211728658
11579.9 -21364.2 1211728664
11472.6 -21366.4 1211728720
11193.4 -21043.5 1211728780
10880.5 -20958.9 1211728855
9932.94 -20100.3 1211728901
8652.98 -19318.4 1211728956
7210.82 -19260.5 1211729001
5960.12 -18424 1211729049
4829.08 -17488.2 1211729093
3685.63 -16533.4 1211729148
4040.19 -16221.4 1211729209
4000.3 -16089.9 1211729269
4016.25 -16184.6 1211729335
4229.87 -16068.8 1211729385
4404.49 -16032 1211729443
4404.49 -16030.9 1211729463
4405.38 -16029.8 1211729524
4405.38 -16029.8 1211729585
4405.38 -16030.9 1211729645
4405.38 -16030.9 1211729709
4405.38 -16029.8 1211729765
4405.38 -16029.8 1211729825
4404.49 -16030.9 1211729890
4405.38 -16029.8 1211729945
4403.61 -16032 1211730005
4404.49 -16032 1211730065
4404.49 -16030.9 1211730126
4404.49 -16030.9 1211730186
4403.61 -16029.8 1211730247
4403.61 -16028.7 1211730307
4403.61 -16029.8 1211730368
4403.61 -16030.9 1211730428
4404.49 -16030.9 1211730488
4406.27 -16030.9 1211730548
4403.61 -16033.1 1211730608
4402.72 -16032 1211730668
4403.61 -16030.9 1211730728
4404.49 -16030.9 1211730789
4403.61 -16030.9 1211730849
4403.61 -16029.8 1211730925
4403.61 -16029.8 1211730969
4403.61 -16029.8 1211731034
4404.49 -16029.8 1211731094
4405.38 -16029.8 1211731154
4404.49 -16029.8 1211731218
4405.38 -16030.9 1211731274
4405.38 -16030.9 1211731302
4405.38 -16030.9 1211731369
4404.49 -16030.9 1211731426
4404.49 -16032 1211731487
4404.49 -16032 1211731547
4404.49 -16030.9 1211731607
4404.49 -16030.9 1211731673
4404.49 -16032 1211731738
4404.49 -16032 1211731793
4405.38 -16032 1211731856
4405.38 -16032 1211731924
4405.38 -16032 1211731975
4405.38 -16032 1211732035
4403.61 -16030.9 1211732095
4402.72 -16032 1211732155
4402.72 -16032 1211732215
4403.61 -16032 1211732276
4404.49 -16032 1211732336
4404.49 -16032 1211732397
4404.49 -16032 1211732457
4404.49 -16032 1211732518
4405.38 -16032 1211732578
4404.49 -16032 1211732639
4398.29 -16045.4 1211732708
4398.29 -16042 1211732774
4403.61 -16032 1211732838
4405.38 -16029.8 1211732894
4402.72 -16032 1211732949
4400.95 -16030.9 1211733017
4402.72 -16032 1211733071
4403.61 -16032 1211733133
4403.61 -16032 1211733145
4403.61 -16032 1211733160
4404.49 -16029.8 1211733194
4405.38 -16029.8 1211733254
4405.38 -16029.8 1211733271
4406.27 -16029.8 1211733314
4402.72 -16033.1 1211733374
4402.72 -16033.1 1211733401
4395.63 -16033.1 1211733433
4402.72 -16032 1211733493
4403.61 -16032 1211733553
4380.56 -16033.1 1211733615
4380.56 -16033.1 1211733628
4377.9 -16034.2 1211733676
4377.9 -16034.2 1211733736
4395.63 -16028.7 1211733796
4394.74 -16029.8 1211733861
4395.63 -16030.9 1211733918
4395.63 -16030.9 1211733932
4397.4 -16030.9 1211733981
4397.4 -16032 1211734038
4397.4 -16032 1211734054
4396.52 -16033.1 1211734106
