1320.73 -894.218 1212322561
1111.54 -576.062 1212322620
1060.13 138.44 1212322704
-225.144 244.504 1212322907
-856.257 197.612 1212322962
-884.622 -214.353 1212323020
-840.302 -272.406 1212323272
-840.302 -272.406 1212323291
-625.794 -842.867 1212323301
-625.794 -842.867 1212323335
-1164.72 -1552.82 1212323361
-1059.24 -1955.77 1212323426
-629.34 -2584.15 1212323481
-140.937 -2903.34 1212323541
-159.551 -3262.7 1212323601
-1121.29 -4279.31 1212323662
-609.839 -4704.44 1212323722
-202.098 -5042.52 1212323783
132.959 -5233.31 1212323847
952.874 -5560.21 1212323908
1198.41 -5727.56 1212323963
1342 -5778.88 1212324023
1364.16 -5791.15 1212324083
1370.37 -5797.84 1212324143
1354.41 -5865.9 1212324203
1357.96 -6065.6 1212324263
1369.48 -6068.94 1212324313
1369.48 -6068.94 1212324314
1287.93 -6376.85 1212324391
1007.83 -5925.03 1212324434
1085.83 -5704.13 1212324495
436.106 -5305.83 1212324555
-343.921 -4949.91 1212324615
-430.788 -4899.7 1212324629
-706.456 -4597.32 1212324686
-1016.69 -4053.9 1212324746
62.0476 -3232.57 1212324806
1027.33 -2288.38 1212324867
1009.6 -1848.61 1212324927
888.167 -237.798 1212325114
664.796 129.508 1212325183
25.7054 567.17 1212325311
-74.4571 1115.4 1212325370
-290.737 1402.37 1212325472
480.426 1552 1212325528
1002.51 1630.16 1212325588
1052.15 1447.03 1212325648
1868.52 1040.59 1212325708
2643.23 207.66 1212325768
2804.55 -1307.24 1212325821
2575.86 -2810.71 1212325874
3110.36 -4254.76 1212325926
3579.26 -5660.62 1212325972
3846.07 -7165.52 1212326020
4111.1 -8640.02 1212326062
2589.16 -12791.1 1212326222
2851.53 -14210 1212326268
4041.07 -16188 1212326385
4466.54 -16205.8 1212326430
4467.43 -16196.9 1212326496
4468.31 -16196.9 1212326517
4509.09 -16150.1 1212326569
4145.67 -16071 1212326630
3191.91 -15574 1212326692
2900.28 -14096.3 1212326740
2671.59 -13383 1212326766
2546.61 -11894.8 1212326817
