-6360.77 22.3288 1211359882
-6360.77 22.3288 1211359902
-6155.12 36.8425 1211359922
-6029.25 461.102 1211360002
-5328.12 499.063 1211360043
-4718.28 534.791 1211360079
-3792.88 583.918 1211360165
-3696.26 379.598 1211360225
-3409.07 399.695 1211360286
-2855.08 430.956 1211360346
-2542.18 447.704 1211360407
-2167.23 682.172 1211360467
-1706.31 1029.42 1211360516
-1022.01 1316.39 1211360578
-234.008 1443.68 1211360637
-151.573 1544.18 1211360698
-155.119 1544.18 1211360760
-161.324 1540.83 1211360816
-31.0238 1474.95 1211360867
425.469 1547.53 1211360927
996.307 1629.05 1211360987
1057.47 1392.32 1211361052
2382.63 982.525 1211361108
2832.92 -362.834 1211361169
2973.85 -1191.15 1211361229
3747.68 -1008.08 1211361289
3579.26 -952.266 1211361349
3579.26 -953.383 1211361415
3578.37 -951.15 1211361480
3576.6 -952.266 1211361514
3582.81 -961.197 1211361574
