4326.49 -15908.3 1212423128
4328.26 -15906.1 1212423142
3771.61 -16209.2 1212423207
3048.31 -15048 1212423267
2738.07 -13584.7 1212423308
4197.08 -9125.15 1212423461
3675.88 -6123.61 1212423561
3226.48 -4668.73 1212423614
3540.26 -1821.82 1212423741
3856.7 -251.195 1212423806
3354.12 1690.46 1212423973
3370.07 1668.13 1212424036
3373.62 1669.25 1212424072
3284.09 1821.11 1212424108
3161.77 1514.03 1212424201
3502.14 828.439 1212424230
3313.34 -2090.82 1212424329
2747.82 -3071.86 1212424366
3361.21 -5058.14 1212424457
3883.29 -7360.72 1212424566
4146.55 -8815.12 1212424612
