3850.5 -10026.2 1212346618
4102.23 -9565.64 1212346653
4024.23 -8060.07 1212346669
3760.97 -6592.15 1212346719
3609.4 -5748.76 1212346746
3193.68 -4480.16 1212346788
2797.46 -3202.44 1212346836
3467.58 -1863.12 1212346899
3784.9 -1364.17 1212346912
3832.77 142.905 1212346974
3437.44 1536.36 1212347028
3696.26 1794.31 1212347083
3797.31 1900.4 1212347113
3634.22 2238.76 1212347237
3565.08 2328.1 1212347299
3499.49 2390.64 1212347337
3084.65 2812.79 1212347391
2927.76 2975.85 1212347456
2835.58 3074.13 1212347485
2411.88 3181.35 1212347545
2229.28 3007.12 1212347605
1989.07 3188.05 1212347665
1648.69 3110.99 1212347725
1353.52 3276.29 1212347785
1342.89 3394.68 1212347823
1633.62 3434.88 1212347883
1962.48 3487.38 1212347953
1976.66 3481.79 1212347954
2203.58 3522 1212348014
2121.14 3190.29 1212348074
2116.71 3194.75 1212348081
1639.83 3115.46 1212348148
1343.77 3264 1212348203
1315.41 3488.5 1212348268
1277.29 3676.14 1212348329
1146.11 3883.89 1212348389
1102.67 3879.43 1212348450
1146.99 3593.49 1212348505
1060.13 3355.58 1212348566
811.051 3316.49 1212348625
-74.4571 3182.47 1212348755
-408.628 3124.39 1212348807
-401.537 2906.6 1212348868
-368.74 2753.6 1212348892
-335.943 2596.13 1212348943
-310.238 2389.53 1212348964
-292.51 2254.4 1212349024
-292.51 2255.52 1212349028
-256.168 2050.04 1212349098
-204.757 1783.15 1212349163
-280.987 1533.01 1212349230
-767.618 1454.85 1212349290
-899.69 1367.75 1212349351
-896.145 1335.37 1212349359
-996.307 1133.26 1212349419
-978.579 1059.57 1212349484
-975.92 1072.97 1212349530
-983.898 975.825 1212349591
-983.898 972.475 1212349710
