428.129 -3117.62 1212917460
458.266 -3117.62 1212917529
3550.9 -1769.36 1212917606
3849.61 -295.851 1212917646
3398.44 1115.4 1212917698
2863.94 1856.85 1212917764
2827.6 1893.7 1212917777
2747.82 2130.44 1212917846
3037.67 2424.15 1212917909
3619.15 3013.82 1212917973
3817.7 3205.92 1212918020
3660.81 3583.43 1212918084
3831.88 3731.99 1212918154
3904.57 3673.91 1212918157
4231.65 3011.59 1212918276
3992.32 2130.44 1212918341
3784.02 2077.96 1212918396
3287.64 1820 1212918459
3015.51 1703.86 1212918518
2817.85 1889.23 1212918559
3243.32 2636.34 1212918672
2851.53 3042.86 1212918737
2795.69 3515.3 1212918793
2737.19 4015.7 1212918853
2801.89 4347.45 1212918918
2805.44 4354.15 1212918939
2805.44 4355.27 1212918940
3091.74 4144.15 1212919000
3124.54 3786.72 1212919066
3233.57 3431.53 1212919121
3560.65 3121.04 1212919186
3306.25 2962.45 1212919253
2925.99 2588.31 1212919305
2394.15 2053.39 1212919361
1876.5 1773.1 1212919421
1802.93 1751.88 1212919491
1870.29 1801.01 1212919541
1913.73 1845.68 1212919594
1924.36 1856.85 1212919596
2187.62 1740.71 1212919656
2397.7 1535.25 1212919724
2725.66 1569.86 1212919778
2848.87 1872.48 1212919843
2846.21 1885.88 1212919899
2842.67 1882.53 1212919959
2835.58 1862.43 1212920098
2800.12 1898.17 1212920159
2823.17 1898.17 1212920219
2834.69 1885.88 1212920280
2826.71 1899.28 1212920339
2823.17 1897.05 1212920399
2820.51 1894.81 1212920462
2811.64 1895.93 1212920520
2816.08 1893.7 1212920580
2815.19 1891.46 1212920594
2686.66 2038.87 1212920660
2409.22 2308 1212920715
2204.46 2676.54 1212920775
2101.64 3249.48 1212920835
1896.88 3387.97 1212920895
1781.65 3449.4 1212920955
1765.7 3509.72 1212920974
1720.49 3562.21 1212920996
1322.5 3510.83 1212921053
1373.91 3196.99 1212921113
1469.64 2989.25 1212921174
1704.54 2942.34 1212921234
1963.36 2841.83 1212921299
1894.22 2740.2 1212921355
1771.02 2616.23 1212921416
2034.28 2649.74 1212921476
2311.72 2701.11 1212921537
2527.11 2598.36 1212921600
2953.47 2151.66 1212921658
2816.96 1922.73 1212921709
2809.87 1902.63 1212921729
2896.74 1823.35 1212921788
2872.8 1852.38 1212921849
2824.05 1907.1 1212921915
2824.05 1898.17 1212921971
2830.26 1890.35 1212922035
2831.14 1893.7 1212922091
2829.37 1890.35 1212922156
2832.92 1887 1212922211
2826.71 1893.7 1212922271
2823.17 1891.46 1212922331
2676.91 2037.75 1212922391
2395.04 2338.16 1212922452
2061.75 2560.39 1212922516
1257.79 2425.26 1212922572
535.382 2308 1212922632
64.7068 2229.83 1212922693
-553.11 2057.85 1212922769
-597.43 1806.6 1212922811
-596.543 1806.6 1212922821
-287.192 1853.5 1212922872
-33.683 1646.91 1212922934
-201.212 1533.01 1212922994
-214.507 1547.53 1212923055
-189.688 1533.01 1212923115
-190.575 1529.66 1212923176
-160.437 1466.01 1212923247
99.2762 1491.7 1212923297
777.368 1595.55 1212923364
1052.15 1449.27 1212923416
1051.26 1449.27 1212923437
2069.73 1033.89 1212923497
2588.27 55.8221 1212923558
2776.19 -1231.34 1212923618
3489.73 -1168.83 1212923679
3725.52 -932.173 1212923738
3589.01 -950.034 1212923798
3588.12 -948.918 1212923858
3589.9 -954.499 1212923923
3589.01 -955.615 1212923979
3602.31 -974.593 1212924061
