3696.26 -962.313 1211115048
3697.15 -969.011 1211115108
3644.85 -981.29 1211115171
3673.22 -1149.85 1211115228
4268.88 -1092.92 1211115288
4222.78 -411.955 1211115348
4199.74 -151.834 1211115409
4182.9 27.911 1211115469
3751.22 7.81507 1211115530
3292.07 -31.2602 1211115592
3266.36 -440.981 1211115658
3268.14 -475.589 1211115666
3206.09 -33.4931 1211115726
3030.58 410.86 1211115790
2548.38 490.131 1211115847
2495.2 610.714 1211115894
1824.2 578.335 1211115948
1629.19 564.937 1211116008
1444.82 549.306 1211116071
1196.63 942.328 1211116130
1181.56 1042.82 1211116190
1162.06 1332.02 1211116250
1310.09 1662.55 1211116310
1233.86 2115.92 1211116377
1119.52 2618.47 1211116422
1032.65 2600.6 1211116424
1024.67 2599.48 1211116457
1012.26 2576.03 1211116508
1088.49 2083.54 1211116566
804.846 1818.88 1211116626
452.948 1761.93 1211116686
410.401 1651.38 1211116746
434.333 1332.02 1211116806
-58.502 1249.39 1211116867
-776.482 1137.73 1211116927
-1322.5 952.377 1211116988
-1235.63 447.704 1211117048
-1326.05 417.559 1211117110
-1326.05 417.559 1211117167
-1373.91 495.714 1211117222
-1309.2 909.948 1211117286
-1311.86 1201.38 1211117326
-762.299 1346.54 1211117381
-83.3211 1455.96 1211117448
557.542 1562.05 1211117506
1021.13 1614.53 1211117562
1157.63 1186.86 1211117621
2591.82 918.88 1211117674
2879.9 -580.527 1211117735
2497.86 -2053.99 1211117785
2859.51 -3497.05 1211117832
3277 -4948.79 1211117884
3704.24 -6402.5 1211117940
3973.71 -7906.15 1211117996
4146.55 -9396.14 1211118038
3335.5 -10662.9 1211118098
2529.77 -11921.6 1211118136
2665.39 -13456.5 1211118190
2943.72 -14916.5 1211118253
3423.26 -16322.8 1211118302
4166.05 -16286 1211118366
4400.06 -15937.3 1211118409
4398.29 -15925 1211118412
4397.4 -15868.2 1211118434
4410.7 -15855.9 1211118493
4398.29 -15859.3 1211118555
4242.28 -15949.5 1211118618
3747.68 -16210.3 1211118682
3096.18 -15116 1211118734
2354.26 -14038.3 1211118795
962.624 -14448.5 1211118845
-336.83 -13787.6 1211118905
-1287.93 -12650.6 1211118957
-2191.17 -11470.1 1211119007
-2701.73 -10012.8 1211119062
-3167.09 -8582.03 1211119106
-3118.34 -7098.59 1211119159
-3138.72 -5586.98 1211119209
-3495.05 -4454.49 1211119284
-3457.82 -3356.44 1211119328
-3506.58 -2447.98 1211119388
-3538.49 -1820.71 1211119463
-3589.01 -915.428 1211119508
-3625.35 -254.544 1211119571
-3636.88 181.981 1211119629
-3656.38 185.331 1211119682
-3674.1 501.296 1211119741
-2762.01 641.977 1211119798
-1906.63 834.022 1211119858
-1491.8 1242.69 1211119919
-1073.42 1302.99 1211119979
-383.809 1415.77 1211120049
538.928 1564.28 1211120125
978.579 1640.21 1211120185
1192.2 1665.9 1211120245
1671.74 1774.21 1211120305
2357.81 1740.71 1211120373
2924.22 2310.24 1211120427
3198.11 2598.36 1211120488
3436.55 2815.02 1211120549
3635.1 3019.41 1211120610
3936.48 3310.91 1211120670
3941.8 3315.38 1211120672
3980.8 3385.74 1211120732
3958.64 3544.34 1211120792
3779.59 3823.58 1211120857
3702.47 3907.35 1211120877
3563.31 4061.49 1211120937
3449.85 3902.88 1211120997
3187.47 3810.17 1211121059
2934.85 3566.68 1211121118
2258.53 3443.82 1211121177
2229.28 3366.75 1211121199
2139.76 3191.4 1211121260
1641.6 3129.97 1211121320
1380.12 3065.2 1211121343
1370.37 3153.43 1211121403
1317.18 3288.57 1211121464
1086.72 3251.71 1211121524
566.406 3173.53 1211121603
621.363 3073.01 1211121664
1042.4 3140.03 1211121738
1556.51 3219.32 1211121784
2075.94 3309.79 1211121844
2275.37 3137.79 1211121907
2382.63 2926.71 1211121975
2633.48 2961.33 1211122017
2633.48 2961.33 1211122019
2633.48 2955.75 1211122032
2592.7 2821.73 1211122117
2405.67 2627.4 1211122174
2305.51 2541.41 1211122205
2204.46 2627.4 1211122266
2503.18 2942.34 1211122331
2753.14 2974.73 1211122386
2855.96 3057.38 1211122446
3290.3 3881.66 1211122641
3471.12 3849.27 1211122693
2865.71 3811.29 1211122797
2698.18 3300.86 1211122858
2459.74 3261.77 1211122918
2192.05 3223.79 1211122988
2192.94 3221.56 1211123025
1486.48 3103.17 1211123085
1118.63 3041.74 1211123150
949.328 3018.29 1211123216
1008.72 2684.36 1211123265
650.614 2328.1 1211123330
-160.437 2197.45 1211123385
-926.282 2082.42 1211123445
-1004.28 2062.32 1211123505
-940.465 1626.81 1211123580
-1197.52 1502.86 1211123617
-1197.52 1501.75 1211123618
-1212.59 1601.13 1211123683
-957.306 1643.56 1211123744
-948.442 1739.6 1211123765
-1042.4 2326.99 1211123826
-1010.49 2801.62 1211123920
-1022.9 3266.23 1211123980
-1155.86 3867.14 1211124066
-1233.86 4160.91 1211124101
-1165.61 4186.6 1211124161
-753.435 4215.64 1211124222
-623.135 4372.02 1211124269
-624.908 4385.43 1211124275
-635.545 4431.23 1211124280
-461.812 4273.72 1211124345
-1001.63 4179.9 1211124405
-1381 4159.79 1211124475
-1080.51 3582.32 1211124530
-1006.94 3137.79 1211124596
-988.33 3050.68 1211124643
-1022.9 2550.34 1211124703
-1003.4 2012.07 1211124764
-949.328 1664.78 1211124792
-949.328 1653.61 1211124804
-1001.63 1528.55 1211124859
-955.533 1644.68 1211124924
-968.829 1853.5 1211124974
-1040.63 2308 1211125013
-1016.69 2553.69 1211125083
-980.352 2922.24 1211125134
-980.352 2917.77 1211125173
-1023.79 2155.01 1211125205
-948.442 1662.55 1211125266
-937.805 1555.35 1211125293
-1054.81 1527.43 1211125357
-958.192 1747.41 1211125427
-1039.74 2456.53 1211125503
-1039.74 2456.53 1211125517
-1008.72 2803.86 1211125541
-1039.74 3027.22 1211125622
-1415.57 2962.45 1211125662
-1787.86 2907.72 1211125717
-1888.02 2865.28 1211125809
-1888.02 2864.16 1211125861
-1840.15 2653.09 1211125917
-1285.27 2720.1 1211125976
-1020.24 2794.92 1211126043
-386.468 2879.8 1211126098
-351.012 2651.97 1211126157
-240.213 1940.6 1211126217
184.37 1929.43 1211126284
231.349 1845.68 1211126302
361.649 1947.3 1211126362
346.58 2066.79 1211126422
259.714 2605.06 1211126482
189.688 3051.79 1211126542
145.369 3096.47 1211126578
144.482 3096.47 1211126637
142.71 3108.75 1211126697
143.596 3094.23 1211126757
144.482 3094.23 1211126822
144.482 3094.23 1211126840
-243.758 3038.39 1211126908
-448.516 3117.69 1211126963
-960.852 3032.81 1211127009
-977.693 3132.21 1211127069
-434.333 3119.92 1211127172
-544.246 3102.05 1211127215
-426.356 3131.09 1211127275
119.663 3202.57 1211127330
846.507 3315.38 1211127395
1027.33 3348.88 1211127450
983.011 3690.66 1211127522
996.307 4279.31 1211127571
1288.82 4328.46 1211127632
1608.81 4382.08 1211127697
2161.92 4470.32 1211127757
2237.26 4479.26 1211127793
2330.33 4635.65 1211127850
2504.06 4838.96 1211127906
2504.95 4844.54 1211127968
2503.18 4842.31 1211128028
2501.41 4842.31 1211128086
2501.41 4843.43 1211128146
2501.41 4841.19 1211128207
2502.29 4841.19 1211128268
2503.18 4841.19 1211128328
2410.99 4830.02 1211128392
2286.9 4488.2 1211128450
1778.11 4414.47 1211128515
1260.45 4327.34 1211128570
1127.49 3695.13 1211128635
1067.22 3248.36 1211128691
961.738 2897.67 1211128751
993.648 2380.59 1211128802
431.674 2294.6 1211128866
213.621 1952.88 1211128908
211.848 1952.88 1211128941
55.8428 2004.25 1211128980
12.4095 2219.78 1211129035
-280.987 2249.93 1211129105
-314.67 2475.52 1211129161
-327.966 2553.69 1211129184
-325.307 2565.98 1211129244
-368.74 2798.27 1211129315
-349.239 2630.75 1211129347
-325.307 2478.87 1211129415
-296.056 2304.65 1211129462
-228.69 1903.75 1211129527
186.143 1929.43 1211129582
231.349 1847.91 1211129620
228.69 1847.91 1211129622
346.58 1849.03 1211129682
364.308 1942.83 1211129742
350.126 2045.57 1211129794
351.899 2046.69 1211129855
320.875 2061.2 1211129929
209.189 2045.57 1211129976
192.348 2099.17 1211130035
313.784 2166.18 1211130102
743.685 2234.3 1211130154
1170.04 2302.42 1211130214
1313.64 2337.04 1211130271
1667.31 2390.64 1211130331
2080.37 2449.83 1211130391
2095.44 2450.95 1211130434
2154.82 2457.65 1211130499
2184.08 2487.8 1211130554
2252.33 2462.12 1211130614
2543.95 2574.91 1211130734
2566.11 2540.29 1211130794
2576.75 2522.42 1211130870
2640.57 2572.68 1211130919
2684.89 2614 1211130963
2717.69 2687.71 1211131023
2802.78 2703.34 1211131083
2858.62 2636.34 1211131158
2918.9 2583.85 1211131211
2975.63 2530.24 1211131271
3046.54 2447.6 1211131331
2979.17 1998.67 1211131385
2698.18 698.92 1211131445
2897.62 -798.214 1211131513
2445.56 -2253.78 1211131557
2928.65 -3707.97 1211131611
2982.72 -4046.09 1211131667
2976.51 -4026 1211131679
2831.14 -3585.21 1211131758
2827.6 -3590.79 1211131787
2823.17 -3577.4 1211131888
2866.6 -3677.84 1211131985
2964.99 -4002.57 1211132051
3275.23 -4140.94 1211132113
3470.23 -4421.02 1211132166
3333.73 -4374.15 1211132227
3333.73 -4374.15 1211132288
3333.73 -4374.15 1211132360
3333.73 -4370.81 1211132407
3234.45 -4329.52 1211132454
3096.18 -4084.03 1211132526
3025.26 -3828.49 1211132534
3234.45 -3709.08 1211132603
3231.79 -3359.79 1211132660
3236.23 -3365.37 1211132667
3236.23 -3366.49 1211132729
3237.11 -3368.72 1211132789
3098.83 -3214.71 1211132850
2779.73 -3109.81 1211132910
2651.21 -3064.05 1211132984
2668.93 -3093.07 1211133042
2740.73 -3317.38 1211133092
2837.35 -3619.81 1211133152
3001.33 -4117.51 1211133212
3144.93 -4688.81 1211133290
2951.69 -4847.26 1211133312
2957.01 -4866.23 1211133324
2953.47 -4857.3 1211133379
2951.69 -4851.72 1211133439
2956.13 -4866.23 1211133499
3003.99 -5011.27 1211133554
2903.83 -5348.23 1211133614
1762.15 -5916.1 1211133741
1126.61 -5690.74 1211133795
421.037 -5312.52 1211133857
-84.2075 -5102.77 1211133922
-346.58 -4944.33 1211133971
-553.11 -4753.53 1211134027
-918.305 -4421.02 1211134087
-783.573 -4123.08 1211134147
-277.441 -3398.85 1211134207
678.092 -2785.04 1211134272
1035.31 -2245.97 1211134328
1156.74 -1820.71 1211134388
1192.2 -1553.93 1211134457
1139.9 -915.428 1211134508
1281.73 -723.42 1211134549
1302.11 -721.187 1211134551
1488.26 -702.21 1211134610
1523.71 -875.241 1211134671
1326.05 -766.957 1211134735
1302.11 -440.981 1211134778
1318.07 -724.536 1211134842
1353.52 -1224.64 1211134901
1280.84 -1437.85 1211134959
1307.43 -1432.27 1211134969
1310.09 -1432.27 1211135031
1208.16 -1445.66 1211135091
1188.65 -1441.19 1211135162
1340.23 -1334.04 1211135218
1536.12 -1250.32 1211135272
1650.47 -1177.76 1211135333
1649.58 -1172.18 1211135393
1650.47 -1174.41 1211135434
1709.85 -1054.97 1211135508
1829.52 -1337.38 1211135553
2410.11 -1323.99 1211135616
2544.84 -1959.11 1211135674
3258.39 -4881.85 1211135782
3695.38 -6329.99 1211135833
3831 -7082.97 1211135866
4095.14 -8560.84 1211135905
3839.86 -10025.1 1211135963
2792.14 -11140.1 1211136011
2578.52 -12622.8 1211136063
2832.92 -14094.1 1211136124
3137.84 -15578.5 1211136179
3803.52 -16291.6 1211136225
4054.37 -16225.9 1211136264
4054.37 -16225.9 1211136274
4066.78 -16235.9 1211136339
4065.89 -16235.9 1211136346
4063.23 -16239.2 1211136426
4034.87 -16105.5 1211136493
3368.3 -16050.9 1211136542
1885.36 -14031.7 1211136659
530.064 -14575.5 1211136705
-1458.12 -12304 1211136813
-2478.36 -11191.3 1211136870
-2852.42 -9692.76 1211136912
-3145.81 -8206.18 1211136967
-3161.77 -6755.02 1211137029
-3134.29 -5666.2 1211137052
-3169.75 -5159.67 1211137078
-3251.29 -4360.76 1211137119
-3249.52 -4333.98 1211137182
-3479.1 -4354.07 1211137250
-3500.37 -4364.11 1211137294
-3846.07 -4473.46 1211137401
-3844.29 -4474.58 1211137431
-3844.29 -4474.58 1211137451
-3545.58 -4390.89 1211137481
-3389.57 -4665.38 1211137537
-3153.79 -5623.8 1211137603
-3160 -6159.31 1211137662
-3097.06 -6121.38 1211137722
-1824.2 -5526.74 1211137782
-1073.42 -4242.48 1211137838
-59.3884 -3262.7 1211137897
589.452 -3144.4 1211137920
639.09 -3158.91 1211137923
1498.01 -3181.23 1211137958
1202.84 -3147.75 1211138040
600.975 -3273.86 1211138100
890.826 -2881.02 1211138164
1062.79 -2298.42 1211138221
1171.81 -2153.33 1211138249
1171.81 -2153.33 1211138264
1733.79 -2358.69 1211138328
1785.2 -2368.74 1211138422
1785.2 -2368.74 1211138428
1785.2 -2368.74 1211138430
1810.02 -2356.46 1211138459
1770.13 -2089.71 1211138520
1747.08 -2357.58 1211138580
1448.37 -2446.87 1211138645
1414.69 -2443.52 1211138700
1414.69 -2444.63 1211138760
1307.43 -2513.83 1211138821
1302.11 -2528.34 1211138826
1375.68 -2709.15 1211138851
1833.06 -2830.8 1211138920
2313.49 -2756.02 1211139036
2632.59 -2927.89 1211139097
3121.88 -4337.33 1211139154
3594.33 -5749.87 1211139203
3859.36 -7235.79 1211139247
4122.62 -8706.94 1211139308
2696.41 -11297.3 1211139416
2590.93 -12786.6 1211139479
2858.62 -14256.8 1211139517
3168.86 -15712.2 1211139573
4027.78 -16185.8 1211139627
4530.36 -16147.9 1211139712
4529.48 -16149 1211139769
4529.48 -16147.9 1211139819
4415.13 -15863.7 1211139883
3800.86 -16194.7 1211139940
3099.72 -15113.8 1211139995
2309.06 -14037.2 1211140056
900.577 -14483 1211140114
-1255.13 -12710.8 1211140224
-2107.85 -11547 1211140272
-2665.39 -10131 1211140333
-3167.97 -8686.87 1211140388
-3188.36 -5065.95 1211140524
-3254.84 -4554.92 1211140590
-3466.69 -4349.6 1211140654
-3669.67 -4388.66 1211140706
-3604.97 -4544.88 1211140766
-3734.38 -4928.71 1211140826
-4102.23 -4740.14 1211140952
-3799.09 -4725.64 1211140980
-3323.98 -5052.56 1211141049
-2762.89 -5462.03 1211141153
-2822.28 -5532.32 1211141177
-2830.26 -5537.89 1211141179
-2896.74 -5497.73 1211141245
-3799.09 -5080.45 1211141372
-4378.79 -4985.61 1211141421
-4372.58 -4676.54 1211141455
-4313.2 -3859.73 1211141543
-4479.84 -3415.59 1211141600
-5129.56 -3180.12 1211141661
-5186.29 -2239.27 1211141713
-4795.39 -1975.86 1211141773
-4784.76 -1915.58 1211141855
-4787.42 -1916.7 1211141864
9425.03 7565.13 1211141878
6709.12 5796.37 1211141881
4203.28 4326.22 1211141911
2085.69 2936.76 1211141913
416.605 1861.31 1211141917
-884.622 1030.54 1211141922
-2313.49 125.042 1211141928
-3712.22 -729.002 1211141937
-4960.26 -1419.99 1211141965
-5233.27 -1173.29 1211142012
-5287.34 -438.748 1211142073
-5259.86 -193.142 1211142109
-5345.84 83.7333 1211142197
-5346.73 84.8497 1211142229
-5009.9 511.345 1211142349
-4571.14 542.607 1211142409
-4417.79 550.423 1211142469
-4330.92 156.303 1211142596
-3940.02 21.2124 1211142710
-3916.09 -413.072 1211142777
-3638.65 -660.905 1211142951
-3511.01 -848.449 1211143011
-3479.98 -1472.45 1211143071
-3466.69 -1783.87 1211143102
-3127.2 -1886.56 1211143162
-2546.61 -1836.34 1211143222
-2112.28 -1469.1 1211143282
-1634.51 -1598.58 1211143356
-965.284 -1502.59 1211143402
-725.957 -1267.06 1211143465
77.1163 292.512 1211143754
180.824 390.763 1211143785
418.378 633.045 1211143858
743.685 955.727 1211144056
980.352 1194.68 1211144111
1201.06 1418 1211144167
1335.8 1554.23 1211144227
1537.01 1751.88 1211144287
1734.67 1709.45 1211144357
2013 1436.98 1211144412
2257.65 1644.68 1211144472
2732.75 2119.27 1211144532
3187.47 2563.74 1211144589
3238.89 2610.65 1211144605
3245.09 2658.67 1211144654
3107.7 2797.16 1211144670
3107.7 2797.16 1211144684
3063.38 2840.71 1211144701
3328.41 3266.23 1211144762
3433.01 3425.95 1211144826
3666.13 3586.79 1211144882
3661.7 3987.77 1211145083
3647.51 4010.11 1211145091
3591.67 4082.72 1211145152
3392.23 4353.03 1211145216
3390.46 4349.68 1211145272
3075.79 4298.3 1211145333
2644.11 4224.58 1211145391
2269.17 4165.37 1211145452
1476.73 4033.57 1211145517
1123.95 3983.3 1211145573
803.073 3949.79 1211145642
220.712 3841.45 1211145692
-91.2986 3879.43 1211145755
-140.05 4193.3 1211145812
-586.793 4138.57 1211145881
-1013.15 4155.32 1211145932
-1106.22 4239.1 1211145992
-1511.3 4393.25 1211146058
-1670.85 4916.04 1211146112
-1780.77 4903.75 1211146138
-1850.79 4892.58 1211146198
-1668.19 4727.25 1211146258
-1511.3 4382.08 1211146318
-1414.69 4068.2 1211146379
-1067.22 3606.89 1211146449
-1063.67 3548.81 1211146474
-1085.83 3659.39 1211146529
-1258.68 3897.3 1211146591
-1196.63 4168.73 1211146654
-905.009 4191.07 1211146715
-391.786 4274.84 1211146776
-28.3646 4334.04 1211146835
164.869 4176.54 1211146890
346.58 4176.54 1211146950
348.353 4175.43 1211146968
433.447 4187.71 1211147021
202.984 4268.14 1211147071
21.2735 4235.75 1211147121
21.2735 4235.75 1211147192
20.3871 4240.21 1211147224
20.3871 4240.21 1211147226
15.9551 4178.78 1211147275
50.5245 3917.4 1211147341
100.163 3616.94 1211147403
133.846 3364.52 1211147455
178.165 3300.86 1211147509
-212.735 3157.9 1211147570
-695.82 3079.72 1211147630
-1138.13 3009.35 1211147701
-1667.31 2921.12 1211147752
-1829.52 2895.44 1211147796
-2059.09 2863.05 1211147866
-1869.41 2364.96 1211147958
-1342 2438.66 1211148024
-521.2 2550.34 1211148080
90.4122 2672.07 1211148145
652.386 2758.07 1211148222
1010.49 2543.64 1211148261
1286.16 2321.4 1211148321
1543.21 2373.89 1211148381
2066.19 2445.36 1211148441
2340.08 2390.64 1211148506
2621.95 2098.06 1211148561
2861.28 2237.65 1211148633
3104.15 1999.79 1211148691
3347.91 1756.35 1211148741
3448.96 1729.55 1211148766
3464.92 1745.18 1211148769
3618.26 1890.35 1211148827
3617.38 1891.46 1211148833
3266.36 1560.93 1211148891
2897.62 1430.28 1211148951
2652.09 1696.05 1211149012
2239.03 2081.31 1211149073
2026.3 2321.4 1211149132
1745.31 2292.37 1211149193
1280.84 2216.43 1211149257
1198.41 2328.1 1211149313
1135.47 2789.34 1211149378
1079.63 3105.4 1211149448
997.194 3605.77 1211149494
817.256 3755.44 1211149532
817.256 3759.91 1211149534
936.033 3853.74 1211149594
1187.77 3888.36 1211149654
1323.39 3457.22 1211149736
1543.21 3433.77 1211149796
1630.08 3375.69 1211149857
1697.45 3080.83 1211149922
1718.72 2902.14 1211149947
1781.65 2414.1 1211150008
1818.88 2244.35 1211150080
1940.32 2158.36 1211150128
2081.25 2290.14 1211150188
2174.33 2385.06 1211150214
2169.01 2383.94 1211150274
2167.23 2382.83 1211150334
2169.01 2380.59 1211150394
2185.85 2381.71 1211150454
2176.98 2379.48 1211150515
2167.23 2380.59 1211150580
2165.46 2381.71 1211150634
2153.05 2391.76 1211150704
2167.23 2389.53 1211150761
2167.23 2389.53 1211150783
2165.46 2386.18 1211150838
2168.12 2385.06 1211150903
2165.46 2380.59 1211150959
2165.46 2379.48 1211151025
2165.46 2378.36 1211151058
2165.46 2378.36 1211151060
2289.56 2417.45 1211151120
2413.65 2300.19 1211151167
2624.61 2081.31 1211151214
2955.24 1757.46 1211151274
3719.31 580.568 1211151336
3814.16 -780.353 1211151411
3744.13 -1034.87 1211151457
3638.65 -909.847 1211151519
3578.37 -954.499 1211151577
3580.15 -956.732 1211151637
3576.6 -966.778 1211151759
3572.17 -977.942 1211151830
3574.83 -975.709 1211151878
3621.81 -982.407 1211151943
