4184.67 -9290.2 1212432486
3973.71 -7784.57 1212432539
3706.9 -6294.29 1212432584
3258.39 -4850.6 1212432632
2856.85 -3350.86 1212432682
3870.88 -505.731 1212432802
3474.67 918.88 1212432838
3062.49 1622.35 1212432896
2964.99 1346.54 1212432956
2993.35 1292.94 1212432995
3004.88 1291.82 1212433090
3008.42 1284 1212433096
3066.04 1611.18 1212433148
3795.54 319.308 1212433213
3839.86 -1154.32 1212433254
3064.27 -2439.05 1212433300
3011.97 -3941.2 1212433357
3523.42 -5366.08 1212433415
3792 -6840.91 1212433452
4052.6 -8296.52 1212433501
3989.66 -9789.78 1212433555
3011.08 -10938.3 1212433595
2569.66 -12390.9 1212433654
2801.01 -13870.1 1212433693
3084.65 -15346.7 1212433749
