4347.76 -16172.4 1212444664
4523.27 -16136.7 1212444938
4229.87 -16015.3 1212444996
3396.66 -16174.6 1212445062
2971.19 -14709.3 1212445108
2639.68 -13202.4 1212445157
2569.66 -11686.4 1212445212
3502.14 -10492.3 1212445270
4202.4 -9160.84 1212445305
3956.86 -7663 1212445357
3691.83 -6182.73 1212445409
3233.57 -4716.71 1212445460
2837.35 -3289.48 1212445528
2736.3 -2819.64 1212445577
3658.15 -1633.19 1212445592
3855.82 -109.41 1212445642
3366.53 1307.45 1212445699
2970.31 1806.6 1212445756
3188.36 2021 1212445817
3347.91 2549.23 1212445877
3009.31 2883.15 1212445949
2832.92 3329.9 1212445998
3091.74 3526.47 1212446059
2972.08 3614.71 1212446125
2882.55 3639.28 1212446179
2881.67 3643.75 1212446208
2866.6 3643.75 1212446215
2837.35 3612.47 1212446271
2824.05 3600.19 1212446330
2845.33 3580.08 1212446390
2840.01 3501.9 1212446451
2847.99 3472.86 1212446508
2674.25 3194.75 1212446564
2377.31 3358.94 1212446626
2283.35 3212.62 1212446684
2272.72 3031.69 1212446745
2434.04 2676.54 1212446865
2675.14 2328.1 1212446931
2297.53 1960.7 1212446986
1940.32 1604.48 1212447039
1810.02 1471.6 1212447091
1728.47 1383.38 1212447155
1730.24 1381.15 1212447161
1522.83 1434.75 1212447217
1447.48 1747.41 1212447263
1434.19 1831.16 1212447349
1474.07 2012.07 1212447419
1424.44 1843.45 1212447480
1424.44 1808.83 1212447536
1427.1 1776.45 1212447590
1422.66 1853.5 1212447650
1429.75 1902.63 1212447666
1469.64 2353.79 1212447730
2122.91 2471.05 1212447790
2214.21 2557.04 1212447841
2385.29 2693.29 1212447903
2439.36 2796.04 1212447961
2582.95 2820.61 1212448019
2627.27 2823.96 1212448021
2803.67 2723.45 1212448086
2972.08 2918.89 1212448141
2856.85 3157.9 1212448202
2832.92 3597.95 1212448396
2843.55 3576.73 1212448421
2853.3 3581.2 1212448482
2849.76 3566.68 1212448529
2890.53 3507.48 1212448589
2823.17 3240.54 1212448644
2449.11 3204.8 1212448694
2465.95 3148.96 1212448713
2464.18 3150.08 1212448730
2401.24 3189.17 1212448742
2539.52 3136.68 1212448807
2819.62 3250.6 1212448863
2769.98 3566.68 1212448923
2810.76 3505.25 1212448989
2793.92 3589.02 1212449060
2799.23 3577.85 1212449103
2825.83 3542.11 1212449163
2828.48 3547.69 1212449227
2818.73 3540.99 1212449283
2824.05 3547.69 1212449343
2840.01 3547.69 1212449408
2838.23 3545.46 1212449464
2828.48 3552.16 1212449524
2839.12 3570.03 1212449568
2589.16 3554.39 1212449632
2306.4 3557.75 1212449689
1931.45 3497.43 1212449747
1488.26 3423.72 1212449808
1203.72 3361.17 1212449868
1016.69 3451.64 1212449929
951.101 3889.48 1212450000
854.484 4512.77 1212450050
193.234 4474.79 1212450118
-481.312 4430.11 1212450170
-484.858 4454.68 1212450203
-485.744 4453.57 1212450210
-318.216 4375.37 1212450265
-300.488 4384.31 1212450290
105.481 4450.22 1212450340
876.644 4573.09 1212450400
1030.88 4292.71 1212450460
1115.08 3773.31 1212450520
1273.75 3700.71 1212450585
1703.65 3668.32 1212450645
2030.73 3688.43 1212450710
2041.37 3625.88 1212450737
2040.48 3622.53 1212450747
2004.14 3614.71 1212450755
1898.66 3469.51 1212450810
1956.27 3207.04 1212450870
2044.91 2764.77 1212450953
2067.96 2540.29 1212450990
1956.27 2360.49 1212451059
1802.93 2297.95 1212451129
1992.61 1954 1212451170
2222.19 1713.91 1212451231
2387.06 1547.53 1212451296
2661.84 1276.19 1212451362
2817.85 1368.87 1212451417
3185.7 1492.81 1212451472
3815.04 141.789 1212451537
3813.27 -829.472 1212451604
3749.45 -1001.38 1212451660
3595.22 -927.708 1212451718
3586.35 -952.266 1212451786
3587.24 -954.499 1212451900
3586.35 -960.081 1212451965
