3270.8 3634.81 1212292528
2790.37 3553.28 1212292595
2532.43 3482.91 1212292658
2282.47 3441.59 1212292671
2282.47 3441.59 1212292694
2219.53 3394.68 1212292705
2238.15 3324.31 1212292736
2252.33 3220.44 1212292753
2252.33 3220.44 1212292772
2246.12 3229.38 1212292810
2083.03 3207.04 1212292846
1645.15 3127.74 1212292896
1514.85 3150.08 1212292936
1513.08 3194.75 1212292941
1513.08 3194.75 1212292957
1500.67 3261.77 1212293071
1500.67 3261.77 1212293086
1498.01 3293.04 1212293092
1498.01 3293.04 1212293129
1363.27 3291.92 1212293148
1357.96 3290.8 1212293170
1355.3 3211.51 1212293204
1380.12 3095.35 1212293222
1380.12 3095.35 1212293240
1400.5 2981.43 1212293251
1522.83 3006 1212293296
1737.33 3060.73 1212293339
1908.41 3068.55 1212293356
1908.41 3068.55 1212293370
2116.71 3095.35 1212293381
2092.78 3193.64 1212293405
2189.39 3336.6 1212293450
2201.8 3328.78 1212293470
2670.71 3400.26 1212293514
2796.57 3420.36 1212293561
2788.6 3526.47 1212293577
