4033.98 -16188 1212287692
4043.73 -16205.8 1212287751
4044.62 -16208 1212287860
3430.35 -16269.3 1212287862
4509.09 -17266.5 1212287922
5691.54 -18236.8 1212287974
6895.26 -19176.9 1212288024
8393.27 -19328.4 1212288066
9745.02 -19910.9 1212288118
10705 -21027.9 1212288171
11669.4 -22145.9 1212288221
12743.7 -23017.7 1212288281
13667.3 -22829.5 1212288336
13111.5 -22432 1212288396
13407.6 -21712.7 1212288451
13407.6 -21712.7 1212288465
13394.3 -21737.2 1212288497
13399.6 -21766.2 1212288544
13287.1 -21945.5 1212288569
13149.7 -22537.8 1212288613
12854.5 -22930.8 1212288673
11628.6 -22059 1212288734
10658.9 -20941.1 1212288783
9684.75 -19814 1212288830
8286.9 -19303.9 1212288885
6803.08 -19104.5 1212288938
5673.81 -18190 1212288993
4519.73 -17236.4 1212289051
