2908.26 2840.71 1211059563
2310.83 2238.76 1211059645
1988.18 1932.78 1211059731
1826.86 1765.28 1211059786
1890.68 1684.88 1211059823
2068.84 1480.53 1211059879
2117.6 1503.98 1211059906
2701.73 2084.66 1211059990
3313.34 2597.25 1211060175
3310.68 2580.5 1211060235
3062.49 2721.21 1211060297
2832.92 2444.25 1211060376
2537.75 2207.5 1211060440
2069.73 1727.31 1211060487
1709.85 1521.85 1211060558
1687.7 1539.71 1211060560
1530.8 1467.13 1211060625
1383.66 957.96 1211060752
1373.91 922.23 1211060800
1365.93 947.911 1211060860
1370.37 947.911 1211060936
1370.37 945.678 1211060994
1371.25 949.027 1211061041
1372.14 945.678 1211061101
1366.82 949.027 1211061195
1365.93 943.445 1211061249
1368.59 942.328 1211061309
1387.21 924.463 1211061333
1402.28 752.514 1211061357
1440.39 261.251 1211061418
1482.05 -257.893 1211061481
1556.51 -1207.9 1211061603
1798.49 -1337.38 1211061672
2175.21 -1318.41 1211061732
3610.28 -1149.85 1211061966
3581.03 -953.383 1211062077
3577.49 -979.058 1211062365
3575.72 -977.942 1211062440
