4330.92 -16165.7 1212783389
4500.22 -16159 1212783494
4421.34 -15867.1 1212783559
4231.65 -16020.9 1212783613
3612.06 -16254.8 1212783674
3035.9 -14981.2 1212783750
2715.91 -13522.3 1212783782
2556.36 -12007.4 1212783837
3316.89 -10691.8 1212783885
4152.76 -9435.17 1212783933
4007.39 -7939.61 1212783984
3737.04 -6432.62 1212784039
3323.98 -4973.34 1212784087
2926.87 -3540.58 1212784134
3080.22 -2716.96 1212784194
3799.97 -1416.64 1212784230
3831.88 71.4524 1212784277
3243.32 1450.38 1212784320
2960.56 1760.81 1212784394
2711.48 2018.77 1212784442
2565.23 2166.18 1212784501
