-422.81 4065.96 1212222827
-358.103 3663.85 1212222837
-358.103 3657.15 1212222838
-336.83 3520.89 1212222857
-415.719 3226.03 1212222922
-417.492 3223.79 1212222983
-452.948 3312.03 1212223001
-514.109 3724.17 1212223061
-514.109 3724.17 1212223075
-407.741 3914.05 1212223370
-407.741 3914.05 1212223388
-466.243 3522 1212223415
-466.243 3522 1212223435
-466.243 3522 1212223447
-1034.42 3430.42 1212223513
-1167.38 3214.86 1212223535
-1036.2 3224.91 1212223561
-1036.2 3224.91 1212223577
-828.779 3259.53 1212223595
-614.271 3296.39 1212223612
-614.271 3296.39 1212223630
-456.493 3350 1212223632
-528.291 3807.94 1212223692
