3100.61 1626.81 1212803154
2784.16 1909.33 1212803244
3000.45 1710.56 1212803302
3000.45 1710.56 1212803336
3000.45 1710.56 1212803357
3327.52 1271.72 1212803362
3327.52 1271.72 1212803399
3829.22 -138.437 1212803424
3635.1 -1628.72 1212803478
2637.91 -2747.09 1212803534
1222.34 -3166.72 1212803590
-145.369 -3263.82 1212803650
-765.845 -3598.61 1212803678
-1261.34 -4981.15 1212803738
-1841.93 -5435.25 1212803799
-2243.46 -5457.56 1212803858
-2243.46 -5456.45 1212803919
-2235.49 -5443.06 1212803981
-2230.17 -5445.29 1212804039
-2762.01 -5418.52 1212804100
-3183.93 -5694.09 1212804160
-3225.59 -6179.39 1212804182
-3234.45 -6225.13 1212804184
-3081.99 -7757.8 1212804242
-3144.93 -9260.09 1212804296
-2671.59 -10690.7 1212804351
-1792.29 -11901.5 1212804401
-880.19 -13085.4 1212804449
-67.366 -14359.3 1212804498
1276.41 -14320.3 1212804559
2754.91 -14124.2 1212804620
2959.67 -14904.3 1212804650
3410.85 -16311.7 1212804714
