3692.72 -944.452 1211550334
3690.95 -943.336 1211550352
3690.06 -941.103 1211550413
3689.17 -939.987 1211550473
3689.17 -939.987 1211550534
3689.17 -939.987 1211550594
3690.06 -939.987 1211550655
3695.38 -903.149 1211550715
3737.04 -984.639 1211550776
3736.15 -983.523 1211550836
3735.27 -983.523 1211550904
3736.15 -983.523 1211550957
3747.68 -969.011 1211551019
3745.9 -970.127 1211551078
3743.24 -971.244 1211551145
3745.02 -969.011 1211551199
3741.47 -969.011 1211551260
3741.47 -956.732 1211551320
3740.58 -956.732 1211551381
3740.58 -957.848 1211551441
3739.7 -958.964 1211551502
3588.12 -982.407 1211551562
3574.83 -1021.48 1211551623
3663.47 -1118.59 1211551683
3660.81 -1117.48 1211551744
3665.24 -1119.71 1211551804
3666.13 -1120.83 1211551866
3664.35 -1121.94 1211551912
3665.24 -1123.06 1211551972
3381.59 -1162.13 1211552033
2879.01 -1154.32 1211552088
2624.61 -41.3081 1211552148
2610.43 1307.45 1211552209
2485.45 1830.05 1211552269
2145.96 1807.71 1211552329
1899.54 1566.51 1211552390
1747.97 1418 1211552430
1747.97 1411.3 1211552452
1745.31 1415.77 1211552518
1745.31 1415.77 1211552540
1745.31 1413.53 1211552600
1746.2 1412.42 1211552665
1745.31 1413.53 1211552726
1537.01 1381.15 1211552780
1528.14 1414.65 1211552841
1431.53 1668.13 1211552901
1404.05 1988.62 1211552961
1343.77 2421.91 1211553021
1298.57 2703.34 1211553091
1279.95 2856.35 1211553141
1181.56 3462.81 1211553252
1287.93 3671.67 1211553312
1248.93 3926.34 1211553367
1219.68 4100.59 1211553426
1479.39 4256.97 1211553487
1615.01 4386.54 1211553547
2025.41 4450.22 1211553620
2236.37 4482.61 1211553674
1929.68 4549.63 1211553729
1634.51 4392.13 1211553790
1636.28 4244.68 1211553833
1687.7 4187.71 1211553898
1688.58 4193.3 1211553955
1774.56 4201.12 1211553996
1838.38 3929.69 1211554057
1856.11 3850.38 1211554120
1786.97 4198.88 1211554180
1660.22 4192.18 1211554244
1676.17 4007.88 1211554263
1694.79 3892.83 1211554288
1695.67 3878.31 1211554290
1760.38 3471.74 1211554355
2178.76 3534.29 1211554416
2424.29 3568.91 1211554475
2791.26 3580.08 1211554540
2981.83 3754.33 1211554586
3046.54 3630.35 1211554605
3058.06 3654.92 1211554652
2964.1 3520.89 1211554716
2662.73 3610.24 1211554767
2070.62 3529.82 1211554874
1744.42 3399.14 1211554925
1501.55 3368.99 1211554957
1417.34 3797.89 1211555017
1258.68 4111.76 1211555083
1158.52 4098.35 1211555099
980.352 4071.55 1211555159
702.024 4528.41 1211555252
666.569 4762.99 1211555306
647.954 4817.73 1211555443
654.159 4815.5 1211555504
659.477 4802.09 1211555558
659.477 4800.98 1211555624
657.705 4800.98 1211555683
657.705 4800.98 1211555746
657.705 4800.98 1211555798
656.818 4798.74 1211555858
657.705 4797.62 1211555919
657.705 4797.62 1211555935
648.841 4796.51 1211555979
650.614 4785.34 1211555981
689.615 4576.44 1211556053
720.639 4388.78 1211556101
764.958 4106.17 1211556161
798.641 3978.84 1211556232
853.598 3548.81 1211556286
892.599 3332.13 1211556346
922.737 3118.81 1211556406
1048.6 3133.33 1211556471
1573.35 3220.44 1211556527
2083.03 3286.34 1211556588
2514.7 3368.99 1211556648
2585.61 3280.75 1211556708
2552.82 3272.93 1211556729
2490.77 3246.13 1211556781
2489 3246.13 1211556840
2689.32 3198.1 1211556900
2537.75 3269.58 1211556967
2165.46 3211.51 1211557021
2019.21 3186.93 1211557045
1725.81 3146.73 1211557105
1503.32 3245.01 1211557226
1318.95 3467.27 1211557286
1297.68 3600.19 1211557317
1275.52 3733.1 1211557367
1234.75 3972.13 1211557437
1179.79 4298.3 1211557549
1172.7 4388.78 1211557674
1305.66 4425.64 1211557725
1326.05 4331.81 1211557740
1652.24 4166.49 1211557800
1720.49 3718.58 1211557860
1927.91 3411.43 1211557921
1966.02 3085.3 1211557981
2254.1 3118.81 1211558046
2547.5 3150.08 1211558101
2764.66 3184.7 1211558162
2923.33 3198.1 1211558222
2953.47 3199.22 1211558246
2958.78 3198.1 1211558251
2966.76 3196.99 1211558308
2990.69 3212.62 1211558363
2993.35 3205.92 1211558423
2427.83 3106.52 1211558556
2410.11 3212.62 1211558605
2249.67 3238.31 1211558665
1700.1 3125.51 1211558789
1380.12 3089.77 1211558844
1349.98 3275.17 1211558904
1346.43 3299.74 1211558916
1406.71 3621.41 1211558972
1381.89 4001.18 1211559033
