3656.38 -966.778 1211639124
3650.17 -971.244 1211639184
3573.94 -1009.2 1211639244
3573.06 -1011.43 1211639305
3573.06 -1011.43 1211639377
3485.3 -1027.06 1211639425
3288.52 -697.744 1211639485
3162.66 -283.57 1211639545
2886.1 35.7261 1211639610
2853.3 497.947 1211639665
2848.87 598.433 1211639725
2847.99 600.666 1211639786
2847.99 598.433 1211639845
2847.99 593.967 1211639905
2665.39 499.063 1211639965
2426.06 478.966 1211640025
2151.28 595.083 1211640085
1806.47 592.85 1211640145
1521.94 566.054 1211640205
1249.82 530.325 1211640265
1008.72 524.743 1211640325
322.648 470.034 1211640391
397.105 618.53 1211640447
811.937 1026.07 1211640514
1425.32 1663.66 1211640632
1374.8 1612.3 1211640674
1155.86 1444.8 1211640733
1160.29 1438.1 1211640794
1159.4 1439.22 1211640854
1159.4 1442.57 1211640914
1159.4 1443.68 1211640977
1159.4 1442.57 1211641035
1159.4 1440.33 1211641097
1159.4 1442.57 1211641155
1123.06 1441.45 1211641165
1211.7 1150.01 1211641225
2554.59 940.095 1211641290
2803.67 -307.015 1211641345
2635.25 -1818.48 1211641418
2790.37 -3308.45 1211641466
3222.04 -4734.56 1211641522
3666.13 -6177.16 1211641581
3969.27 -7872.69 1211641647
4153.64 -9369.37 1211641693
2839.12 -14125.3 1211641906
4503.77 -16183.5 1211642084
4502.88 -16182.4 1211642089
4508.2 -16178 1211642149
4508.2 -16162.4 1211642209
4532.13 -16114.5 1211642218
4151.87 -16065.4 1211642287
3271.68 -15831.4 1211642338
2942.83 -14385 1211642391
2627.27 -12918.2 1211642448
2665.39 -11429.9 1211642508
4176.69 -8886.49 1211642623
3919.64 -7414.26 1211642675
3650.17 -5904.95 1211642729
3188.36 -4450.03 1211642783
2719.46 -2963.61 1211642843
3534.94 -1825.17 1211642903
3816.81 -1154.32 1211642963
3665.24 -857.38 1211643023
3172.41 -900.916 1211643084
2949.03 -702.21 1211643144
2946.38 -668.719 1211643205
2945.49 -672.068 1211643265
2945.49 -668.719 1211643326
2947.26 -667.603 1211643380
2946.38 -665.37 1211643440
2943.72 -660.905 1211643506
2839.12 -778.12 1211643566
2621.95 -795.982 1211643626
2387.95 -818.308 1211643686
2132.67 -836.17 1211643762
1974 -851.798 1211643790
1856.11 -860.729 1211643855
1530.8 -835.053 1211643910
1504.21 -568.247 1211643976
1491.8 -353.903 1211644021
1568.92 -164.115 1211644081
1739.11 -151.834 1211644123
1845.47 -140.67 1211644149
1850.79 24.5617 1211644175
1823.31 382.947 1211644236
1783.43 1019.37 1211644296
2116.71 1500.63 1211644361
2430.49 1814.41 1211644416
2838.23 2277.85 1211644476
2476.59 2643.04 1211644536
2618.41 2808.32 1211644596
2753.14 2957.98 1211644657
2762.01 2966.91 1211644672
2722.12 3052.91 1211644727
2722.12 3052.91 1211644759
2535.09 3057.38 1211644803
2159.26 3010.47 1211644863
1700.1 2930.06 1211644934
1490.92 2990.37 1211644984
1907.52 3058.5 1211645044
2049.34 3083.07 1211645084
2407.45 3133.33 1211645144
2558.13 3068.55 1211645199
2558.13 3068.55 1211645200
2565.23 3078.6 1211645219
2662.73 2844.06 1211645275
2947.26 2562.63 1211645336
2801.01 1851.26 1211645396
2713.25 519.16 1211645464
2886.99 -966.778 1211645515
2886.99 -966.778 1211645529
2438.47 -2379.9 1211645574
2950.81 -3783.85 1211645625
3425.03 -5189.79 1211645680
3753.88 -6678.04 1211645750
3753.88 -6678.04 1211645780
4029.55 -8212.87 1211645796
4000.3 -9750.75 1211645848
3048.31 -10890.3 1211645898
2555.48 -12305.1 1211645945
3069.58 -15305.5 1211646056
3663.47 -16283.8 1211646116
4333.58 -16204.7 1211646166
4500.22 -16178 1211646290
4502.88 -16175.7 1211646291
3311.57 -15988.5 1211646417
2954.35 -14552.1 1211646468
2633.48 -13063.1 1211646520
2624.61 -11520.2 1211646575
4186.44 -8943.37 1211646686
3925.84 -7465.57 1211646737
3663.47 -6000.89 1211646786
3554.44 -5416.28 1211646806
3041.22 -3978.02 1211646860
2488.11 -2586.38 1211646920
2827.6 -1290.5 1211646980
2617.52 -13.3972 1211647040
2844.44 581.685 1211647104
2844.44 581.685 1211647123
2707.94 499.063 1211647165
2402.13 480.083 1211647231
2237.26 259.018 1211647400
2254.99 251.202 1211647515
2260.31 195.379 1211647584
2275.37 -108.294 1211647641
2215.99 -117.225 1211647645
2224.85 -276.872 1211647684
2316.15 -641.927 1211647771
2188.51 -821.657 1211647827
2147.73 -837.286 1211647886
2086.57 -840.635 1211647946
2001.48 -701.093 1211648011
1988.18 -663.137 1211648040
1990.84 -662.021 1211648108
1987.3 -658.672 1211648166
1989.96 -666.487 1211648240
1750.63 -684.348 1211648300
1580.44 -697.744 1211648360
1262.23 -717.838 1211648420
920.077 -703.326 1211648483
834.984 273.532 1211648606
640.863 314.842 1211648663
446.743 288.046 1211648711
473.335 291.396 1211648712
625.794 470.034 1211648772
590.339 918.88 1211648893
480.426 1243.81 1211648954
165.756 1290.7 1211649018
-156.892 1243.81 1211649093
-671.001 1153.36 1211649141
-868.667 1124.33 1211649197
-1313.64 1056.22 1211649255
-1154.97 1072.97 1211649398
-889.94 1116.51 1211649417
-870.439 1120.98 1211649437
-439.652 1187.98 1211649498
-439.652 1373.33 1211649553
-457.38 1493.93 1211649618
-509.677 1794.31 1211649673
-677.205 1922.73 1211649733
-702.911 2057.85 1211649788
-289.851 2065.67 1211649863
36.3422 2117.04 1211649923
694.047 2220.9 1211649998
1037.97 2277.85 1211650045
1178.9 2309.12 1211650106
1364.16 2252.17 1211650177
1403.16 1887 1211650291
1439.5 1770.86 1211650300
1428.87 1710.56 1211650386
1432.41 1691.58 1211650408
1435.07 1689.35 1211650417
1814.45 1208.08 1211650473
2015.66 1402.37 1211650536
2333.88 1594.43 1211650596
2703.5 1548.65 1211650651
2829.37 1673.71 1211650709
2829.37 1673.71 1211650711
3056.29 1642.45 1211650771
3784.9 401.928 1211650838
3316.89 -886.404 1211650960
2974.74 -764.724 1211651019
2936.62 -606.204 1211651071
2941.06 -615.134 1211651138
2941.94 -631.88 1211651196
2948.15 -612.902 1211651251
2951.69 -624.065 1211651319
2947.26 -628.531 1211651383
2943.72 -632.996 1211651424
2781.51 -637.461 1211651500
2603.34 -643.043 1211651546
2565.23 -257.893 1211651612
2516.47 399.695 1211651669
2489.88 966.893 1211651728
2535.97 1090.83 1211651789
2224.85 1426.93 1211651861
1881.82 1777.56 1211651902
1638.94 2414.1 1211651956
1459.89 2588.31 1211652034
1432.41 2886.5 1211652076
1584.87 3010.47 1211652136
1739.99 3049.56 1211652168
1817.99 3087.53 1211652229
1688.58 3050.68 1211652289
1724.04 2841.83 1211652348
1724.92 2721.21 1211652409
1358.84 2654.2 1211652472
1263.11 2638.57 1211652529
1023.79 2583.85 1211652592
614.271 2423.03 1211652654
174.62 2332.57 1211652715
132.073 2337.04 1211652781
132.073 2335.92 1211652834
-86.8667 2313.59 1211652890
-248.19 2289.02 1211652917
-317.329 2490.04 1211652977
124.982 2664.26 1211653042
326.193 2808.32 1211653109
734.821 2869.75 1211653143
1230.32 2942.34 1211653209
1808.24 3045.09 1211653263
2114.05 3156.78 1211653323
1896 3163.48 1211653394
1381.89 3084.18 1211653444
1328.71 3404.73 1211653504
1293.25 3486.26 1211653565
1264.88 3487.38 1211653574
1166.5 3387.97 1211653639
1248.93 2894.32 1211653694
1358.84 2267.8 1211653754
1423.55 1849.03 1211653814
1466.1 1664.78 1211653874
1679.72 1310.8 1211653939
1741.77 1480.53 1211653999
1691.24 1528.55 1211654017
1666.42 1537.48 1211654036
2086.57 1469.36 1211654105
2412.77 1514.03 1211654167
2723.89 1555.35 1211654234
3125.43 1951.77 1211654284
3151.13 1945.07 1211654308
3208.75 1888.11 1211654310
3081.99 1654.73 1211654375
2961.44 1754.11 1211654437
2668.93 2047.8 1211654504
2460.63 2276.73 1211654539
2472.15 2292.37 1211654558
2426.95 2358.26 1211654617
2766.44 2707.81 1211654683
3139.61 2352.67 1211654739
3620.03 1861.31 1211654793
3586.35 1883.65 1211654854
3102.38 1393.43 1211654913
2659.18 1660.31 1211654974
2496.09 1825.58 1211655019
2033.39 2268.92 1211655073
1599.94 1937.25 1211655133
1355.3 1919.38 1211655193
1139.02 1868.01 1211655264
1038.85 1747.41 1211655313
865.121 1716.15 1211655385
416.605 1645.8 1211655439
-207.416 1546.41 1211655510
-456.493 1422.47 1211655571
-566.406 1278.42 1211655646
316.443 1526.31 1211655778
966.17 1632.4 1211655834
1020.24 1696.05 1211655888
967.056 1929.43 1211656014
1361.5 2010.95 1211656068
1411.14 2227.6 1211656128
1509.53 2392.88 1211656188
1450.14 2646.39 1211656248
1426.21 2813.91 1211656299
1279.07 2767 1211656367
1289.7 2778.17 1211656428
1279.07 2838.48 1211656488
1271.09 2867.52 1211656547
1413.8 2817.26 1211656604
1430.64 2589.43 1211656659
1890.68 1527.43 1211656765
2519.13 978.058 1211656813
2594.48 -8.9315 1211656866
2617.52 -2926.78 1211656985
3595.22 -5791.15 1211657091
3830.11 -7123.13 1211657153
4097.8 -8613.26 1211657198
2810.76 -14388.3 1211657478
3044.76 -14707 1211657725
3035.01 -14615.7 1211657743
3369.19 -14193.3 1211657797
2922.44 -13986 1211657857
2600.68 -12558.1 1211657911
4138.58 -9499.85 1211658039
4050.82 -8150.41 1211658091
3784.9 -6666.89 1211658149
3449.85 -5189.79 1211658205
2986.26 -3783.85 1211658256
2457.97 -2381.02 1211658310
2648.55 -1856.43 1211658336
2762.01 -1245.85 1211658396
2606.89 -822.774 1211658456
2580.29 -464.425 1211658516
2559.02 -116.109 1211658577
2498.75 622.996 1211658637
2431.38 1057.34 1211658697
2153.05 1080.78 1211658757
1874.72 1356.58 1211658822
1682.38 1581.03 1211658877
1587.53 1797.66 1211658937
1684.15 1905.98 1211659000
1910.18 2132.67 1211659057
1927.91 2151.66 1211659122
1696.56 2064.55 1211659178
1505.98 2338.16 1211659237
1469.64 2627.4 1211659297
1414.69 2860.81 1211659358
1674.4 3020.52 1211659423
2188.51 3103.17 1211659479
2414.54 3157.9 1211659540
2395.04 3341.06 1211659593
2684.89 3291.92 1211659652
2293.1 3222.67 1211659724
2050.23 3181.35 1211659747
2018.32 3270.7 1211659807
2092.78 3334.36 1211659869
1946.52 3384.62 1211659927
1640.72 3332.13 1211659970
1654.01 3203.69 1211660035
1373.91 3089.77 1211660089
1333.14 3252.83 1211660139
1306.55 3472.86 1211660200
1275.52 3642.63 1211660263
1264.88 3909.58 1211660325
1209.93 4134.1 1211660380
1300.34 4335.16 1211660444
1625.65 4376.49 1211660499
2219.53 4477.02 1211660609
2163.69 4727.25 1211660668
1966.02 4758.53 1211660728
1599.06 5070.2 1211660793
1901.32 5172.98 1211660853
2357.81 5326.03 1211660909
2367.56 5358.42 1211660942
2293.99 5362.89 1211660975
2082.14 5404.23 1211661056
1921.7 5394.17 1211661097
1669.97 5351.72 1211661151
1663.76 5350.6 1211661192
1506.87 5118.24 1211661250
1552.96 4809.91 1211661291
1609.69 4433.46 1211661373
1678.83 4042.5 1211661422
1720.49 3765.5 1211661471
1623.87 3551.04 1211661531
1638.06 3346.65 1211661592
1679.72 3084.18 1211661652
1730.24 2876.45 1211661712
1768.36 2626.28 1211661772
1477.62 2459.88 1211661845
1337.57 2345.97 1211661909
1241.84 2206.38 1211661952
1240.07 2203.03 1211661975
1326.05 2337.04 1211662024
1460.78 2598.36 1211662090
1405.82 2951.28 1211662154
1418.23 2979.2 1211662173
1677.06 3021.64 1211662233
2147.73 3102.05 1211662293
2362.24 3148.96 1211662354
2369.33 3145.61 1211662415
2379.08 3184.7 1211662476
2452.65 3184.7 1211662505
2467.72 3183.58 1211662507
2904.71 3178 1211662568
2996.01 3223.79 1211662627
2880.78 3119.92 1211662689
2590.93 3061.85 1211662747
2410.99 3048.44 1211662807
2139.76 3021.64 1211662874
1692.13 2927.82 1211662928
1415.57 2873.1 1211662988
1521.94 3003.77 1211663055
1918.16 3068.55 1211663113
2116.71 3212.62 1211663180
1827.75 3176.88 1211663234
1363.27 3134.44 1211663293
1328.71 3440.47 1211663350
1297.68 3577.85 1211663409
1272.86 3759.91 1211663472
1240.95 3979.95 1211663529
1219.68 4090.54 1211663589
1090.27 4297.18 1211663656
1031.76 4293.83 1211663714
672.773 4235.75 1211663762
388.241 4189.95 1211663828
72.6843 4140.8 1211663944
67.366 3822.46 1211664009
82.4347 3694.01 1211664048
616.044 3194.75 1211664174
911.213 3113.22 1211664226
1109.77 3153.43 1211664282
1409.37 3203.69 1211664347
1948.29 3270.7 1211664402
2571.43 3383.51 1211664463
2796.57 3411.43 1211664509
2796.57 3411.43 1211664523
2863.05 3817.99 1211664581
2860.39 4038.04 1211664632
2521.79 4206.7 1211664692
2525.34 4212.29 1211664740
2604.23 4198.88 1211664790
2652.98 4110.64 1211664850
2867.49 3921.87 1211664915
2923.33 3689.54 1211664976
2864.83 3344.42 1211665068
2627.27 3316.49 1211665129
2264.74 3202.57 1211665190
2258.53 2978.08 1211665254
2291.33 2879.8 1211665295
2293.1 2858.58 1211665299
2291.33 2863.05 1211665323
2070.62 2316.94 1211665455
1874.72 2091.36 1211665508
1677.06 1902.63 1211665563
1378.34 1600.01 1211665683
1190.43 1432.52 1211665743
1034.42 1269.49 1211665779
819.915 1050.64 1211665832
637.318 873.101 1211665880
625.794 861.936 1211665922
466.243 1231.52 1211665990
-86.8667 1248.27 1211666136
-95.7306 1247.16 1211666145
-444.084 1191.33 1211666210
-772.936 1141.08 1211666261
-969.716 1107.58 1211666322
-1073.42 1094.18 1211666382
-1164.72 1071.85 1211666455
-1417.34 1036.12 1211666514
-1579.55 1019.37 1211666575
-2097.21 1257.21 1211666680
-2653.86 1396.78 1211666758
-2856.85 1228.17 1211666801
-2886.1 1210.31 1211666875
-2940.17 1154.48 1211666877
-3017.29 1021.6 1211666937
-2726.55 614.064 1211666997
-2528 426.491 1211667064
-2489 -251.195 1211667122
-2356.04 -906.498 1211667184
-1909.29 -1501.47 1211667307
-1528.14 -1622.02 1211667358
-789.777 -2164.49 1211667420
-499.04 -2723.66 1211667496
-234.895 -2882.14 1211667540
121.436 -2973.65 1211667600
290.737 -2972.54 1211667660
338.603 -2954.68 1211667665
464.471 -2862.05 1211667725
663.909 -2692.41 1211667773
1064.56 -2541.74 1211667837
1288.82 -2575.22 1211667893
1291.48 -2570.75 1211667953
1288.82 -2571.87 1211668014
1279.07 -2576.33 1211668074
1578.67 -2651.11 1211668134
1618.56 -2654.46 1211668174
1026.44 -2577.45 1211668258
1068.11 -2272.75 1211668318
1020.24 -2033.9 1211668378
985.671 -1584.07 1211668438
710.002 -1392.08 1211668509
365.195 -1279.34 1211668558
321.761 -971.244 1211668618
320.875 -970.127 1211668622
321.761 -972.36 1211668682
321.761 -972.36 1211668683
156.005 -983.523 1211668743
137.391 -881.939 1211668776
138.278 -964.546 1211668835
151.573 -1171.06 1211668872
122.322 -1578.49 1211668932
-373.172 -1697.93 1211668992
-88.6394 -1816.24 1211669037
-63.8204 -1834.1 1211669158
-70.9116 -1800.62 1211669184
-411.287 -1466.87 1211669245
-786.232 -1467.98 1211669300
-663.023 -1049.38 1211669337
-553.997 -391.86 1211669397
-553.997 -391.86 1211669419
-612.499 96.0143 1211669457
-210.075 178.632 1211669525
0.886394 252.319 1211669589
216.28 438.772 1211669662
553.11 767.029 1211669730
833.211 1055.1 1211669782
939.578 1152.25 1211669842
1174.47 1392.32 1211669902
1312.75 1687.11 1211669963
1254.25 2039.99 1211670023
1626.53 2388.41 1211670083
1626.53 2388.41 1211670109
1594.62 2745.78 1211670155
1594.62 2745.78 1211670187
1677.06 2807.21 1211670215
1703.65 2809.44 1211670245
1724.92 2796.04 1211670246
1583.1 2773.7 1211670315
1466.1 2895.44 1211670365
1529.92 2998.19 1211670425
1815.34 3050.68 1211670491
2119.37 3186.93 1211670556
1807.36 3166.83 1211670613
1670.85 3029.46 1211670668
1727.58 2687.71 1211670733
1791.4 2392.88 1211670792
1715.17 2073.49 1211670863
1544.1 2253.28 1211670912
1700.1 1745.18 1211671026
1917.27 1522.96 1211671055
1989.07 1120.98 1211671114
1838.38 1200.26 1211671175
1736.45 887.617 1211671236
1732.01 885.383 1211671296
1725.81 893.199 1211671312
1778.11 956.843 1211671373
1569.8 1243.81 1211671429
1474.07 1603.36 1211671488
1454.57 1718.38 1211671508
1422.66 1927.2 1211671573
1382.78 2200.8 1211671629
1276.41 2429.73 1211671689
1024.67 2382.83 1211671753
718.866 2446.48 1211671811
692.274 2440.9 1211671877
714.434 2443.13 1211671890
952.874 2481.1 1211671910
1038.85 2401.81 1211671971
1100.9 2006.49 1211672031
1118.63 1895.93 1211672072
1058.35 1753 1211672129
768.504 1711.68 1211672238
631.999 1696.05 1211672247
624.022 1700.51 1211672256
527.405 1952.88 1211672324
811.937 2243.23 1211672375
1188.65 2304.65 1211672435
1319.84 2312.47 1211672495
1779.88 2411.86 1211672555
2218.65 2469.93 1211672615
2200.92 2645.27 1211672675
2198.26 2659.79 1211672686
2186.74 2887.62 1211672745
2221.3 2866.4 1211672805
2252.33 2879.8 1211672820
2413.65 2912.19 1211672880
2648.55 2979.2 1211672942
2706.16 3153.43 1211673001
2843.55 3261.77 1211673061
2817.85 3482.91 1211673098
2958.78 3864.9 1211673159
2970.31 4260.32 1211673218
2855.08 4983.06 1211673278
2740.73 5158.45 1211673340
2740.73 5156.22 1211673351
2588.27 5072.43 1211673407
3085.54 4750.71 1211673529
3340.82 4389.9 1211673577
3466.69 4208.94 1211673641
3522.53 4127.4 1211673697
3643.08 3937.51 1211673757
3729.06 3825.81 1211673817
3926.73 3615.83 1211673887
4077.41 3363.4 1211673939
4226.33 2971.38 1211673976
4090.71 2218.66 1211674029
3836.32 1966.28 1211674089
3406.41 947.911 1211674150
3829.22 -483.403 1211674207
3762.74 -1136.46 1211674267
3614.72 -921.01 1211674332
3573.94 -971.244 1211674367
3573.94 -972.36 1211674415
3567.74 -975.709 1211674460
