-3046.54 -7728.8 1212732002
-3051.86 -7578.23 1212732009
-3091.74 -6044.4 1212732054
-1719.61 -5479.88 1212732100
-1050.38 -4118.62 1212732147
221.599 -3083.02 1212732202
1031.76 -2293.96 1212732261
1189.54 -2049.52 1212732321
1415.57 -1609.75 1212732381
1461.66 -1507.05 1212732395
1561.83 -1308.36 1212732455
1477.62 -1061.66 1212732509
1476.73 -1071.71 1212732569
1472.3 -1067.25 1212732629
1465.21 -1068.36 1212732690
1463.44 -1073.94 1212732750
1465.21 -1065.01 1212732810
1465.21 -1065.01 1212732870
1456.35 -1081.76 1212732930
1461.66 -1071.71 1212732990
1466.1 -1065.01 1212733050
1470.53 -1067.25 1212733110
1469.64 -1058.32 1212733172
1469.64 -1057.2 1212733232
1466.98 -1059.43 1212733293
1468.76 -1060.55 1212733353
1467.87 -1062.78 1212733414
1468.76 -1062.78 1212733474
1465.21 -1062.78 1212733535
1466.1 -1066.13 1212733595
1466.98 -1068.36 1212733656
1466.1 -1068.36 1212733716
1469.64 -1059.43 1212733777
1466.98 -1062.78 1212733837
1464.32 -1068.36 1212733898
1466.1 -1063.9 1212733958
1464.32 -1059.43 1212734020
1465.21 -1059.43 1212734080
1466.1 -1061.66 1212734141
1465.21 -1063.9 1212734201
1466.1 -1066.13 1212734262
1466.1 -1067.25 1212734286
1443.94 -1063.9 1212734313
1521.94 -716.722 1212734368
1490.92 -360.602 1212734428
1454.57 169.7 1212734488
1255.13 276.881 1212734548
1102.67 526.976 1212734608
602.748 778.194 1212734670
596.543 826.206 1212734735
480.426 1239.34 1212734790
452.061 1328.67 1212734852
567.292 1345.42 1212734872
342.148 1217.01 1212734932
197.666 832.905 1212734992
139.164 384.064 1212735052
60.2748 300.327 1212735088
43.4333 280.231 1212735098
147.141 97.1307 1212735155
101.049 319.308 1212735210
218.939 446.587 1212735270
378.49 607.365 1212735300
812.824 1037.24 1212735360
1065.45 1425.82 1212735420
1299.45 1751.88 1212735481
1230.32 2205.26 1212735541
1493.57 2363.84 1212735767
2178.76 2768.12 1212735768
2296.65 2921.12 1212735822
2424.29 3014.94 1212735882
2296.65 3023.87 1212735908
1619.44 2908.84 1212735977
1528.14 3001.54 1212736032
1706.31 2940.11 1212736088
1763.04 2813.91 1212736154
1762.15 2815.02 1212736194
1764.81 2810.56 1212736254
1763.04 2813.91 1212736314
1759.49 2812.79 1212736374
1763.92 2807.21 1212736445
1763.92 2811.67 1212736495
1769.24 2807.21 1212736556
1778.11 2787.1 1212736632
1777.22 2790.45 1212736678
1771.02 2793.81 1212736743
1761.27 2818.38 1212736798
1765.7 2799.39 1212736845
2113.16 2870.87 1212736904
2263.85 2913.31 1212736921
2192.94 2774.82 1212736986
2187.62 2783.75 1212736995
2187.62 2783.75 1212737017
1877.38 2733.5 1212737055
1459.01 2668.72 1212737116
1374.8 2550.34 1212737157
1352.64 2247.7 1212737218
1436.85 1692.7 1212737282
1331.36 1559.81 1212737338
1331.36 1559.81 1212737354
991.875 1222.59 1212737399
639.09 870.868 1212737459
151.573 385.18 1212737519
39.8877 244.504 1212737554
39.8877 244.504 1212737556
3.54558 78.151 1212737616
57.6156 100.48 1212737682
52.2973 226.64 1212737711
157.778 385.18 1212737772
540.701 762.563 1212737834
952.874 1175.69 1212737894
1055.7 1485 1212737954
1307.43 1703.86 1212738003
1148.77 2711.16 1212738068
1213.47 3162.36 1212738117
1629.19 3245.01 1212738177
2184.08 3320.96 1212738237
2502.29 3368.99 1212738292
2502.29 3367.87 1212738297
2502.29 3367.87 1212738314
2668.05 3290.8 1212738358
2007.68 3183.58 1212738421
1651.35 2915.54 1212738473
1521.94 2896.55 1212738503
1435.96 2735.73 1212738562
1367.71 2157.24 1212738622
1465.21 1629.05 1212738682
1579.55 938.978 1212738742
1661.99 749.164 1212738802
1661.99 749.164 1212738862
1433.3 733.533 1212738928
1006.94 767.029 1212738982
889.054 1495.05 1212739044
856.257 1710.56 1212739119
577.929 1678.18 1212739163
-121.436 1562.05 1212739229
-839.416 1453.73 1212739284
-945.783 1717.26 1212739344
-946.669 1722.85 1212739361
-510.563 1790.96 1212739421
-197.666 1443.68 1212739481
163.983 1284 1212739541
475.107 1244.92 1212739603
787.118 1386.73 1212739661
755.208 992.574 1212739722
617.817 863.052 1212739782
407.741 686.638 1212739842
850.052 503.529 1212739902
1209.93 343.87 1212739963
1265.77 35.7261 1212740044
1265.77 37.959 1212740097
1265.77 37.959 1212740133
1245.38 252.319 1212740194
1172.7 715.668 1212740259
987.443 1061.8 1212740313
898.804 1424.7 1212740373
857.143 1698.28 1212740436
702.024 1803.25 1212740493
508.79 2052.27 1212740554
324.42 2277.85 1212740614
237.554 2266.68 1212740654
237.554 2268.92 1212740655
240.213 2267.8 1212740685
241.099 2267.8 1212740686
260.6 2366.07 1212740751
250.85 2689.94 1212740806
647.068 2855.23 1212740867
1125.72 2817.26 1212740922
1330.48 2863.05 1212740989
1253.36 2857.46 1212741048
1252.48 2847.41 1212741107
1270.2 2851.88 1212741163
1263.11 2865.28 1212741223
1263.11 2845.18 1212741294
1266.66 2848.53 1212741343
1262.23 2838.48 1212741404
1272.86 2846.3 1212741464
1270.2 2841.83 1212741524
1282.61 2854.11 1212741584
1281.73 2851.88 1212741644
1279.07 2849.65 1212741704
1277.29 2845.18 1212741764
1277.29 2845.18 1212741781
1276.41 2842.95 1212741829
1271.09 2838.48 1212741896
1306.55 2799.39 1212741949
1271.09 2765.88 1212741972
1271.09 2765.88 1212741988
1465.21 2764.77 1212742034
1840.15 2831.78 1212742095
2300.19 2893.2 1212742162
2575.86 2956.86 1212742215
2863.05 3064.08 1212742280
3040.33 2971.38 1212742336
3054.52 2934.53 1212742366
3056.29 2932.29 1212742385
2890.53 3046.21 1212742428
2944.6 3119.92 1212742468
2684 3333.25 1212742529
2959.67 3335.48 1212742589
3006.65 3181.35 1212742615
2696.41 3182.47 1212742675
2605.11 3611.36 1212742740
2226.62 3548.81 1212742795
2234.6 3538.76 1212742855
2103.41 3410.31 1212742916
1984.64 3007.12 1212742977
1802.04 2944.58 1212743039
1569.8 2903.25 1212743098
1509.53 2896.55 1212743146
1482.94 2892.09 1212743158
1474.07 2877.57 1212743169
1419.12 2790.45 1212743229
1374.8 2440.9 1212743291
1053.92 2303.54 1212743349
1143.45 1789.85 1212743409
1225.88 1452.61 1212743469
1310.09 1527.43 1212743477
1364.16 1584.38 1212743537
1487.37 1696.05 1212743597
1482.05 1591.08 1212743657
1466.98 1710.56 1212743703
1189.54 2387.29 1212743752
624.022 2324.75 1212743823
-194.12 2190.74 1212743877
-990.103 2072.37 1212743932
-1653.13 1965.17 1212743992
-2337.42 1920.5 1212744052
-2415.42 1965.17 1212744090
-2415.42 1965.17 1212744091
-2262.08 2337.04 1212744151
-1841.04 2363.84 1212744218
-1537.89 2404.04 1212744242
-652.386 2519.07 1212744303
-302.261 2367.19 1212744340
-232.235 1929.43 1212744402
-136.505 1320.85 1212744472
370.513 1319.74 1212744521
572.611 1117.63 1212744581
588.566 857.469 1212744617
463.584 677.706 1212744677
583.248 792.71 1212744737
598.316 730.183 1212744777
623.135 835.138 1212744838
803.073 1016.02 1212744881
1066.33 1420.23 1212744942
1107.11 1654.73 1212745002
1250.7 1980.8 1212745063
1119.52 2926.71 1212745124
1529.92 3097.59 1212745184
1531.69 3094.23 1212745248
1646.03 3230.49 1212745304
1819.77 3041.74 1212745364
2364.9 3159.01 1212745436
2427.83 3066.31 1212745460
2427.83 3066.31 1212745471
2137.1 2989.25 1212745521
1350.87 2866.4 1212745581
1458.12 2591.66 1212745642
1334.02 2347.09 1212745702
1332.25 1905.98 1212745762
846.507 1748.53 1212745822
600.975 1364.4 1212745882
355.444 1052.87 1212745942
538.928 773.728 1212746002
256.168 483.432 1212746033
55.8428 109.412 1212746092
241.986 96.0143 1212746127
810.165 139.556 1212746175
1255.13 117.227 1212746230
1466.98 -171.93 1212746292
1496.23 -561.549 1212746356
1441.28 -888.637 1212746412
1441.28 -888.637 1212746434
1287.93 -902.032 1212746495
1137.24 -1020.36 1212746555
1136.36 -1020.36 1212746615
1135.47 -1020.36 1212746646
1135.47 -1020.36 1212746647
1135.47 -1019.24 1212746707
1135.47 -1019.24 1212746767
812.824 -1118.59 1212746827
249.077 -1158.78 1212746887
-91.2986 -1274.87 1212746933
-802.187 -1485.84 1212746994
-803.96 -1482.5 1212747022
-789.777 -1005.85 1212747082
-760.526 -947.801 1212747143
-886.394 -1069.48 1212747203
-816.369 -1451.24 1212747246
-747.231 -1501.47 1212747305
79.7755 -1264.83 1212747365
741.026 -1213.48 1212747425
1140.79 -1092.92 1212747485
1478.51 -1062.78 1212747545
1477.62 -1062.78 1212747610
1477.62 -1063.9 1212747665
1477.62 -1061.66 1212747727
1476.73 -1060.55 1212747786
1477.62 -1066.13 1212747847
1476.73 -1066.13 1212747907
1474.96 -1070.59 1212747967
1476.73 -1068.36 1212748032
1477.62 -1063.9 1212748087
1537.01 -899.8 1212748147
1498.01 -526.942 1212748212
1469.64 5.58219 1212748267
1248.93 222.174 1212748327
1220.57 663.191 1212748388
1178.02 1163.41 1212748447
1216.13 1422.47 1212748508
1347.32 1549.76 1212748572
1574.24 1818.88 1212748628
1881.82 2018.77 1212748688
2040.48 2256.63 1212748751
2239.92 2450.95 1212748793
2610.43 2099.17 1212748853
2879.9 2225.36 1212748913
3255.73 1842.33 1212748973
3183.04 1605.6 1212749024
3183.04 1602.25 1212749063
3183.04 1602.25 1212749064
3294.73 1822.23 1212749124
3543.8 2356.02 1212749185
3135.18 2762.53 1212749245
2739.85 2669.84 1212749305
2042.25 1980.8 1212749365
1671.74 1616.76 1212749431
1419.12 1352.12 1212749447
1650.47 1297.4 1212749512
2034.28 1190.21 1212749568
2384.4 1229.29 1212749627
2208.01 1309.69 1212749681
2208.01 1308.57 1212749726
2208.01 1309.69 1212749741
2011.23 1650.26 1212749858
1687.7 2103.64 1212749914
1562.71 2895.44 1212749979
1614.12 2920.01 1212750028
1614.12 2920.01 1212750078
1614.12 2920.01 1212750079
1535.24 2917.77 1212750125
1535.24 2917.77 1212750130
1535.24 2917.77 1212750148
1293.25 2866.4 1212750190
1139.02 2854.11 1212750242
702.024 2779.29 1212750302
400.65 2656.44 1212750362
483.971 2129.32 1212750422
514.995 1942.83 1212750482
516.768 1941.72 1212750520
517.654 1941.72 1212750522
527.405 1972.98 1212750582
458.266 2393.99 1212750637
672.773 2756.95 1212750698
1111.54 2726.8 1212750753
1226.77 2941.23 1212750813
1688.58 3003.77 1212750873
1666.42 2921.12 1212750893
849.166 2812.79 1212750958
257.054 2628.52 1212751018
326.193 2191.86 1212751081
367.854 1893.7 1212751145
421.924 1655.85 1212751202
522.973 1553.11 1212751264
975.92 1629.05 1212751325
1243.61 1131.03 1212751386
2670.71 828.439 1212751439
2885.21 -698.861 1212751498
2902.06 -1197.85 1212751538
