-71.7979 1457.08 1212222186
607.18 1570.98 1212222247
999.853 1632.4 1212222302
1184.22 1566.51 1212222348
1464.32 1693.81 1212222408
1638.06 1856.85 1212222468
2030.73 2248.82 1212222538
2049.34 2246.58 1212222557
2018.32 2330.34 1212222616
1623.87 2286.78 1212222678
1223.22 2203.03 1212222738
1088.49 2080.19 1212222813
1022.01 1745.18 1212222868
81.5483 1587.73 1212222928
-467.13 1492.81 1212222988
-470.675 1491.7 1212223048
-598.316 1481.65 1212223108
-1279.95 1372.22 1212223184
-2493.43 -160.766 1212223372
-2769.98 -392.977 1212223423
-2767.32 -401.908 1212223486
-2768.21 -400.792 1212223499
-2768.21 -399.675 1212223537
-2768.21 -399.675 1212223544
-2769.1 -398.559 1212223599
