3903.68 3436 1211910403
3766.29 3342.18 1211910473
3588.12 3623.64 1211910522
3422.37 3763.26 1211910579
3284.09 3747.62 1211910637
3082.88 3650.45 1211910699
3088.2 3449.4 1211910757
3120.99 3436 1211910824
3089.08 3229.38 1211910877
2849.76 3220.44 1211910937
2660.96 3262.88 1211910997
2563.45 3087.53 1211911058
2420.74 3161.25 1211911120
2124.69 3204.8 1211911179
1437.73 3093.12 1211911249
1353.52 3279.64 1211911300
1061.9 3352.23 1211911360
624.022 3291.92 1211911425
56.7292 3403.61 1211911555
