3604.08 -983.523 1212003625
3572.17 -1120.83 1212003686
3261.05 -1172.18 1212003746
2957.9 -1196.73 1212003808
2421.63 -1312.83 1212003868
1844.59 -1323.99 1212003929
1198.41 -1350.78 1212003991
786.232 -1561.75 1212004049
562.86 -1305.01 1212004109
493.722 -958.964 1212004170
242.872 -977.942 1212004229
139.164 -827.239 1212004290
126.754 -656.439 1212004350
106.367 -487.869 1212004407
55.8428 68.103 1212004461
58.502 163.002 1212004517
46.0925 294.745 1212004540
38.115 423.141 1212004562
31.9102 506.879 1212004584
15.0687 684.405 1212004596
-2.65918 951.261 1212004656
-141.823 1400.13 1212004716
-206.53 1835.63 1212004776
-227.803 1957.35 1212004836
-286.305 2294.6 1212004897
-335.057 2545.87 1212004962
-383.809 2914.42 1212005018
-383.809 2914.42 1212005035
-407.741 3325.43 1212005078
-31.0238 3386.86 1212005137
85.0939 3602.42 1212005198
78.0027 3605.77 1212005258
74.4571 3602.42 1212005330
68.2524 3794.54 1212005359
67.366 3801.24 1212005366
-105.481 3881.66 1212005426
167.529 4048.09 1212005497
335.057 4022.4 1212005542
498.154 3777.78 1212005611
261.486 3635.93 1212005667
130.3 3429.3 1212005722
157.778 3251.71 1212005787
-42.5469 3182.47 1212005848
-397.991 3124.39 1212005912
-1091.15 3013.82 1212005964
-1604.37 2932.29 1212006030
-1879.16 2888.74 1212006083
-2472.15 2865.28 1212006149
-2681.34 2960.21 1212006216
-2677.8 2962.45 1212006278
-2676.91 2962.45 1212006314
-2676.02 2961.33 1212006324
-2472.15 2972.5 1212006394
-2363.13 2610.65 1212006461
-2345.4 2461 1212006503
-2348.06 2364.96 1212006552
-2600.68 2113.69 1212006613
-2691.98 1707.21 1212006673
-2698.18 1394.55 1212006733
-2951.69 1143.31 1212006799
-2857.74 934.512 1212006853
-2729.21 662.075 1212006913
-3438.32 605.132 1212006979
-4064.12 543.723 1212007033
-4059.69 367.316 1212007071
-4059.69 367.316 1212007079
-4059.69 367.316 1212007102
-4062.35 365.083 1212007183
-4142.12 282.464 1212007243
-3979.02 365.083 1212007303
-3925.84 365.083 1212007364
-3924.07 363.967 1212007425
-3903.68 366.2 1212007484
-3775.15 376.248 1212007521
-3361.21 606.248 1212007614
-3331.96 404.161 1212007665
-3331.07 405.277 1212007724
-3331.96 407.51 1212007790
-3370.96 396.345 1212007804
-3163.54 406.394 1212007836
-3162.66 406.394 1212007838
-3155.56 408.627 1212007854
-2809.87 427.607 1212007909
-2467.72 454.403 1212007958
-2535.97 458.869 1212008019
-2543.95 451.053 1212008058
-2699.07 437.655 1212008120
-2750.48 433.189 1212008178
-3119.22 415.326 1212008238
-3299.16 400.811 1212008298
-2933.08 423.141 1212008358
-2736.3 434.306 1212008430
-2719.46 591.734 1212008484
-2730.98 781.544 1212008538
-2768.21 1118.75 1212008614
-2690.21 1482.76 1212008658
-3068.7 1719.5 1212008719
-3050.97 1881.41 1212008780
-3048.31 1884.76 1212008821
-3010.2 1880.3 1212008841
-3010.2 1875.83 1212008876
-2904.71 2185.16 1212008936
-2925.99 2573.79 1212009001
-2558.13 2772.59 1212009062
-1881.82 2880.92 1212009116
-1305.66 2971.38 1212009176
-810.165 3056.26 1212009236
-810.165 3056.26 1212009249
-778.254 3054.03 1212009296
-778.254 3055.14 1212009361
-777.368 3056.26 1212009417
-778.254 3054.03 1212009481
-672.773 3073.01 1212009538
-200.325 3153.43 1212009597
467.13 3256.18 1212009657
998.08 3343.3 1212009717
1155.86 3377.92 1212009785
1384.55 3403.61 1212009842
1621.22 3442.7 1212009904
1887.13 3513.07 1212009951
2182.3 3536.52 1212009999
2266.51 3555.51 1212010059
2235.49 3441.59 1212010119
2128.23 3224.91 1212010190
1976.66 3079.72 1212010218
2102.53 3083.07 1212010272
2090.12 3306.44 1212010305
1769.24 3363.4 1212010352
1714.29 3348.88 1212010372
1638.94 3315.38 1212010428
1685.04 3070.78 1212010492
2176.1 3096.47 1212010558
2403.02 3132.21 1212010618
2503.18 3047.33 1212010667
2457.97 3060.73 1212010727
2390.61 3246.13 1212010797
2743.39 3406.96 1212010847
3025.26 3446.05 1212010907
2943.72 3313.14 1212010967
2832.92 3351.12 1212011031
