3650.17 -880.822 1212416173
3585.47 -987.988 1212416234
3512.78 -1149.85 1212416294
2995.13 -1190.04 1212416354
2897.62 -478.938 1212416414
2713.25 750.281 1212416474
1692.13 1079.67 1212416534
1431.53 1133.26 1212416599
1499.78 1392.32 1212416654
1646.03 1572.1 1212416716
1770.13 1450.38 1212416738
1732.01 1400.13 1212416771
1731.13 1397.9 1212416831
1733.79 1391.2 1212416851
1739.99 1376.68 1212416911
1736.45 1381.15 1212416971
1732.9 1385.62 1212417031
1733.79 1387.85 1212417091
1788.74 1435.87 1212417151
2016.55 1412.42 1212417211
2022.75 1418 1212417212
2257.65 1646.91 1212417273
2415.42 1899.28 1212417332
2240.81 2085.77 1212417392
2217.76 2111.46 1212417447
2217.76 2111.46 1212417453
1802.04 2313.59 1212417515
1508.64 2285.67 1212417568
1452.8 2640.8 1212417628
1396.96 2976.97 1212417694
1351.75 3266.23 1212417749
1325.16 3406.96 1212417801
1325.16 3406.96 1212417901
1325.16 3406.96 1212417927
2182.3 3525.35 1212417945
2629.93 3599.07 1212418010
2851.53 3593.49 1212418065
2851.53 3503.02 1212418125
2906.49 3603.54 1212418185
2911.81 3565.56 1212418214
2910.03 3562.21 1212418215
2980.94 3317.61 1212418275
2840.89 3372.34 1212418341
2436.7 3236.08 1212418397
2061.75 3186.93 1212418457
1968.68 3171.3 1212418465
1708.97 3132.21 1212418534
1283.5 3067.43 1212418586
1105.33 3028.34 1212418652
956.42 3006 1212418707
953.76 2923.36 1212418773
744.571 2792.69 1212418824
-196.78 2634.1 1212418884
-524.746 2555.93 1212418944
-881.962 2502.32 1212419016
-1552.96 2414.1 1212419080
-1930.57 2371.66 1212419131
-2379.08 2343.74 1212419185
-2614.86 2324.75 1212419239
-2620.18 2323.64 1212419252
-2547.5 2312.47 1212419318
-2507.61 2314.7 1212419404
-2507.61 2312.47 1212419521
-2508.5 2314.7 1212419594
-2507.61 2313.59 1212419640
-2508.5 2313.59 1212419700
-2508.5 2314.7 1212419766
-2441.13 2309.12 1212419821
-2430.49 2131.56 1212419891
-2271.83 1918.27 1212419939
-1870.29 1919.38 1212419998
-1394.3 1911.57 1212420056
-1008.72 1949.53 1212420108
-841.188 1972.98 1212420166
-423.697 2042.22 1212420226
114.345 2140.49 1212420291
755.208 2237.65 1212420359
1347.32 2323.64 1212420471
1911.95 2419.68 1212420527
2168.12 2462.12 1212420587
2368.45 2342.62 1212420647
2368.45 2342.62 1212420666
2563.45 2319.17 1212420707
2755.8 2342.62 1212420767
3093.52 1996.43 1212420844
3312.46 1786.5 1212420896
3323.09 1776.45 1212420900
3331.96 1764.16 1212420907
3331.96 1760.81 1212420914
3308.91 1738.48 1212420928
3297.39 1719.5 1212421007
3213.18 1632.4 1212421068
3229.13 1511.8 1212421127
3417.94 1700.51 1212421183
3644.85 1923.85 1212421247
3791.11 2063.44 1212421273
3913.43 2377.24 1212421336
3738.81 2552.58 1212421400
3487.08 2799.39 1212421451
3458.71 2836.24 1212421531
3458.71 2859.7 1212421570
3415.28 2890.97 1212421592
3415.28 2890.97 1212421610
3415.28 2890.97 1212421626
3338.16 2943.46 1212421653
3328.41 2964.68 1212421713
3204.32 2876.45 1212421779
3134.29 2789.34 1212421824
2979.17 2640.8 1212421836
2979.17 2640.8 1212421863
2753.14 2388.41 1212421901
2518.25 2198.56 1212421956
2284.24 2446.48 1212422016
2035.16 2552.58 1212422076
1204.61 2417.45 1212422213
906.782 2364.96 1212422250
-517.654 2141.61 1212422372
-990.103 1923.85 1212422426
-947.556 1658.08 1212422501
-1086.72 1420.23 1212422547
-1622.1 1318.62 1212422607
-1624.76 1240.46 1212422667
-1543.21 736.882 1212422727
-1653.13 528.092 1212422789
-1775.45 444.354 1212422815
-1837.5 422.025 1212422848
-1893.34 408.627 1212422856
-1907.52 411.976 1212422915
-1917.27 395.229 1212422970
-1876.5 398.578 1212422983
-1396.96 500.18 1212423043
-1126.61 483.432 1212423103
-1171.81 442.121 1212423163
-1256.91 624.113 1212423228
-1141.68 641.977 1212423283
-1140.79 640.861 1212423343
-1139.9 641.977 1212423403
-1080.51 653.142 1212423432
-1347.32 516.927 1212423529
-1439.5 499.063 1212423582
-1439.5 495.714 1212423642
-1443.05 502.413 1212423696
-1544.1 768.146 1212423756
-1609.69 1174.58 1212423816
-1488.26 1228.17 1212423858
-1488.26 1228.17 1212423873
-910.327 1318.62 1212423918
-397.105 1399.02 1212423982
216.28 1505.1 1212424039
663.023 1473.83 1212424100
1338.46 1105.35 1212424219
2371.99 982.525 1212424280
2670.71 822.856 1212424340
2584.73 55.8221 1212424400
2887.87 -713.373 1212424461
2653.86 -1805.08 1212424521
2528.88 -2722.54 1212424581
2988.04 -3896.56 1212424641
3399.32 -5149.63 1212424701
3645.74 -6051.09 1212424762
3911.66 -7531.38 1212424816
4177.58 -9002.48 1212424870
3573.06 -10374.1 1212424931
2613.98 -11501.3 1212424987
2595.36 -12927.1 1212425052
2866.6 -14306.9 1212425108
3173.29 -15720 1212425168
3842.52 -16232.6 1212425228
4451.47 -16199.1 1212425288
4560.5 -16061 1212425313
4559.61 -16003 1212425314
4463 -15888.3 1212425338
4386.77 -15852.6 1212425393
4373.47 -15873.8 1212425458
4371.7 -15871.5 1212425525
4256.47 -15936.2 1212425579
3480.87 -16254.8 1212425633
3041.22 -14990.1 1212425693
2740.73 -13589.2 1212425754
2571.43 -12161.3 1212425816
3068.7 -10914.8 1212425876
4004.73 -9793.12 1212425944
4088.05 -8362.32 1212425997
3821.25 -6860.99 1212426069
3540.26 -5368.31 1212426116
3021.72 -3924.46 1212426170
2472.15 -2524.99 1212426241
2876.35 -1082.87 1212426280
2618.41 97.1307 1212426339
