2942.83 507.995 1212701144
2939.28 646.443 1212701183
2824.94 830.672 1212701243
2820.51 1074.08 1212701304
3013.74 1277.3 1212701364
3398.44 1688.23 1212701430
3592.56 1881.41 1212701484
3736.15 2016.54 1212701519
3807.95 2058.97 1212701585
3999.41 2292.37 1212701639
3758.31 2536.94 1212701710
3472.01 2815.02 1212701759
3472.01 2815.02 1212701779
3698.04 3092 1212701824
3787.56 3173.53 1212701885
3691.83 3421.48 1212701940
3779.59 3836.98 1212702001
3803.52 3422.6 1212702061
3495.94 3738.69 1212702129
3332.84 3759.91 1212702182
3167.09 3698.48 1212702242
2886.99 3648.22 1212702302
2777.07 3609.12 1212702362
2351.6 3563.33 1212702406
1935.89 3491.85 1212702466
1781.65 3476.21 1212702496
1488.26 3427.07 1212702557
1284.39 3704.06 1212702637
1225.88 3974.37 1212702709
1185.11 4291.6 1212702758
1368.59 4340.75 1212702787
1684.15 4391.01 1212702843
1887.13 4425.64 1212702885
2260.31 4474.79 1212702954
2420.74 4342.98 1212703013
2651.21 4138.57 1212703066
2719.46 4079.37 1212703120
2899.4 3854.85 1212703187
2871.03 3944.21 1212703246
2912.69 3861.55 1212703301
3158.22 3870.49 1212703362
3170.63 3847.03 1212703397
3222.04 3641.51 1212703448
3295.61 3500.78 1212703508
3398.44 3362.29 1212703568
3642.19 3048.44 1212703628
3862.02 2957.98 1212703693
4113.76 2949.04 1212703753
3760.97 2715.63 1212703809
4401.83 3454.99 1212703869
5266.07 4512.77 1212703930
6540.7 5952.78 1212704015
8177.88 6600.81 1212704103
8709.71 6705.84 1212704119
9938.25 6915.91 1212704178
11391.1 7191.9 1212704228
11941.5 6089.09 1212704288
12144.5 4685.92 1212704348
13592.9 4598.78 1212704402
14769.1 4014.58 1212704463
15115.7 3822.46 1212704523
15951.6 3274.05 1212704584
17220 2674.31 1212704643
18186.2 1544.18 1212704703
19265.8 612.948 1212704763
19904 -331.575 1212704824
20631.7 -1374.22 1212704884
21177.7 -2401.11 1212704950
21003.1 -3077.44 1212705011
20745.2 -3702.39 1212705066
20503.2 -4682.12 1212705126
20103.4 -4855.07 1212705149
20074.2 -4857.3 1212705151
19744.4 -4995.65 1212705175
19724 -5311.41 1212705236
19796.7 -5372.77 1212705297
19795.8 -5360.5 1212705356
20140.7 -5320.33 1212705416
20707.1 -4537.06 1212705477
21203.4 -3545.04 1212705538
21372.7 -3423.4 1212705599
21517.2 -3392.15 1212705660
21971.1 -3202.44 1212705719
21084.7 -1979.21 1212705782
20245.2 -774.771 1212705837
19421.8 398.578 1212705908
18382 1478.3 1212705954
17375.1 2553.69 1212706009
16109.3 3251.71 1212706069
14901.2 3971.02 1212706130
13581.3 4624.48 1212706189
12130.3 4722.78 1212706240
12052.3 6117.02 1212706300
11488.6 7276.83 1212706362
10697.9 7216.49 1212706420
9304.48 6823.16 1212706486
7872.07 6467.85 1212706538
6500.82 5855.58 1212706595
5519.58 4706.02 1212706651
4587.98 3610.24 1212706711
3885.07 2831.78 1212706768
3160 2138.26 1212706828
3132.52 1970.75 1212706869
3317.77 1308.57 1212706929
3827.45 -83.7324 1212706991
3823.91 -1057.2 1212707085
3745.9 -999.151 1212707140
3585.47 -953.383 1212707206
3577.49 -962.313 1212707260
3580.15 -946.685 1212707321
3581.92 -951.15 1212707344
3618.26 -977.942 1212707404
3645.74 -910.963 1212707464
3645.74 -989.105 1212707526
3678.54 -985.756 1212707585
3746.79 -979.058 1212707657
3746.79 -979.058 1212707705
3651.95 -909.847 1212707765
3634.22 -945.569 1212707825
3642.19 -914.312 1212707886
3640.42 -914.312 1212707907
3639.54 -914.312 1212707935
3639.54 -913.196 1212707963
3639.54 -914.312 1212708022
3638.65 -915.428 1212708078
