3183.93 3447.17 1211995929
3134.29 3360.05 1211995989
3090.86 3558.86 1211996049
2856.85 3620.29 1211996109
2739.85 3835.86 1211996169
2863.05 3953.15 1211996229
2863.05 3953.15 1211996266
2738.96 3956.5 1211996324
2978.29 3393.56 1211996384
3111.24 3658.27 1211996481
2925.99 3634.81 1211996536
2369.33 3634.81 1211996596
2229.28 3610.24 1211996636
1872.95 3523.12 1211996698
1656.67 3477.33 1211996758
1224.11 3401.38 1211996812
1193.09 3396.91 1211996866
1256.02 3599.07 1211996926
1341.11 3443.82 1211996986
1817.11 3491.85 1211997053
2193.83 3545.46 1211997107
2238.15 3454.99 1211997135
2235.49 3456.11 1211997143
2364.01 3360.05 1211997204
2371.99 3339.95 1211997265
2639.68 3375.69 1211997324
2665.39 3277.4 1211997384
2587.39 3317.61 1211997444
2553.7 3162.36 1211997510
2570.54 2978.08 1211997565
2618.41 2864.16 1211997624
2676.91 2826.19 1211997684
2843.55 2938.99 1211997745
2694.64 2762.53 1211997816
2689.32 2631.87 1211997876
2439.36 2390.64 1211997908
2233.71 2488.92 1211997968
2039.59 2750.25 1211998028
1928.79 2737.96 1211998094
1877.38 2774.82 1211998116
1997.93 2892.09 1211998176
2250.56 2880.92 1211998236
2442.02 2988.13 1211998296
2695.53 3175.77 1211998357
2814.3 3174.65 1211998417
2801.89 3353.35 1211998477
2705.28 4001.18 1211998537
2512.04 4268.14 1211998598
2342.74 4412.24 1211998658
1957.16 4754.06 1211998709
1783.43 4901.51 1211998770
1497.12 5167.39 1211998830
1479.39 5155.1 1211998891
1486.48 5159.57 1211998951
1490.92 5164.04 1211999012
1490.92 5165.16 1211999072
1490.03 5164.04 1211999084
1479.39 5155.1 1211999140
1478.51 5155.1 1211999200
1482.05 5157.34 1211999249
1481.17 5158.45 1211999309
1479.39 5156.22 1211999369
1479.39 5155.1 1211999431
1544.1 5110.42 1211999490
1818.88 4865.77 1211999539
2118.48 4604.37 1211999599
2322.35 4425.64 1211999659
2442.9 4319.52 1211999715
2640.57 4147.5 1211999775
2682.23 4109.52 1211999836
2863.94 3867.14 1211999895
2895.85 3721.93 1211999956
2945.49 3580.08 1212000017
2987.15 3444.94 1212000077
2600.68 3277.4 1212000187
2543.07 3282.99 1212000247
2549.27 3084.18 1212000320
2447.34 2809.44 1212000373
2577.64 2950.16 1212000429
2637.02 2895.44 1212000489
2626.39 2880.92 1212000513
2621.07 2877.57 1212000520
2669.82 2813.91 1212000575
2622.84 2767 1212000637
2623.73 2765.88 1212000644
2646.77 2781.52 1212000704
2693.75 2591.66 1212000765
2234.6 2165.06 1212000825
2005.91 2341.51 1212000885
1998.82 2337.04 1212000945
2013.89 2347.09 1212001005
1868.52 2324.75 1212001036
1852.56 2319.17 1212001039
1690.35 2282.32 1212001082
1393.41 2230.95 1212001148
1391.64 2008.72 1212001195
1446.6 1698.28 1212001265
1428.87 1658.08 1212001277
1241.84 1471.6 1212001337
987.443 1214.77 1212001397
669.228 902.132 1212001457
462.698 702.27 1212001490
327.966 557.122 1212001550
129.414 361.734 1212001610
62.934 -22.3287 1212001670
58.502 132.857 1212001730
256.168 468.917 1212001790
566.406 774.845 1212001856
637.318 846.304 1212001913
920.077 1129.91 1212001979
1332.25 1547.53 1212002039
1569.8 1788.73 1212002099
1700.1 1960.7 1212002154
2040.48 2257.75 1212002219
2225.74 2434.2 1212002274
2439.36 2649.74 1212002335
2591.82 2811.67 1212002394
2700.84 2791.57 1212002454
2907.37 2582.73 1212002514
2738.96 2396.23 1212002575
2676.91 2050.04 1212002636
2756.69 1865.78 1212002695
2628.16 1176.81 1212002755
2598.91 107.179 1212002797
2885.21 -579.411 1212002825
2497.86 -2066.27 1212002880
2873.69 -3516.03 1212002933
3305.36 -4984.5 1212002977
3721.08 -6454.94 1212003025
3991.43 -7959.69 1212003071
4135.92 -9450.78 1212003121
3309.8 -10691.8 1212003169
2538.63 -11820.1 1212003222
2642.34 -13329.5 1212003272
2925.99 -14811.8 1212003317
3335.5 -16227 1212003369
4250.26 -16126.7 1212003443
