3981.68 -16141.2 1212679157
3155.56 -15413.6 1212679217
2865.71 -13921.3 1212679270
2584.73 -12434.4 1212679326
2977.4 -10979.5 1212679399
3956.86 -9866.72 1212679434
4080.96 -8356.74 1212679481
3814.16 -6871.03 1212679532
3543.8 -5393.97 1212679584
3172.41 -4431.06 1212679627
2788.6 -3165.61 1212679683
2559.02 -3131.01 1212679743
2601.57 -3559.55 1212679806
2648.55 -3926.69 1212679864
2842.67 -4217.93 1212679930
2884.33 -4342.91 1212679987
2886.1 -4347.37 1212680047
2886.1 -4347.37 1212680114
3045.65 -4328.4 1212680174
3107.7 -4150.98 1212680240
3256.61 -4976.69 1212680296
2975.63 -3762.65 1212680366
2467.72 -2506.02 1212680416
2487.22 -2123.19 1212680476
2730.09 -1629.84 1212680536
2876.35 -1048.27 1212680596
2694.64 -180.861 1212680656
2526.22 1013.79 1212680717
2006.8 1049.52 1212680777
1881.82 1052.87 1212680837
1738.22 1059.57 1212680898
1607.03 1078.55 1212680959
1477.62 1103.12 1212681019
1412.03 1108.7 1212681080
1361.5 1110.93 1212681105
1265.77 1128.8 1212681166
1190.43 1173.46 1212681226
1117.74 1263.91 1212681286
1058.35 1440.33 1212681347
1050.38 1509.56 1212681421
1023.79 1654.73 1212681467
1013.15 1709.45 1212681491
654.159 1687.11 1212681550
-88.6394 1564.28 1212681611
-392.673 1496.16 1212681671
-392.673 1496.16 1212681673
-392.673 1496.16 1212681687
-393.559 1496.16 1212681721
-399.764 1443.68 1212681781
-569.065 1279.54 1212681841
-585.02 1334.25 1212681900
-586.793 1330.9 1212681965
-591.225 1337.6 1212682020
-581.475 1329.79 1212682098
-465.357 1400.13 1212682164
-70.0252 1461.55 1212682219
221.599 1511.8 1212682279
378.49 1538.6 1212682344
619.59 1574.33 1212682400
750.776 1597.78 1212682459
876.644 1620.11 1212682506
1002.51 1641.33 1212682561
1305.66 1716.15 1212682630
1583.99 1799.9 1212682681
1859.66 1583.26 1212682746
2121.14 1500.63 1212682801
2296.65 1617.88 1212682861
2301.97 1615.65 1212682899
2301.97 1615.65 1212682901
2463.29 1458.2 1212682962
2639.68 1273.96 1212683022
2800.12 1126.56 1212683082
2841.78 653.142 1212683142
2897.62 228.873 1212683203
2955.24 217.708 1212683245
2942.83 219.941 1212683306
2941.06 223.291 1212683366
2955.24 219.941 1212683426
2990.69 -262.359 1212683486
2992.47 -272.406 1212683522
2991.58 -272.406 1212683587
2993.35 -275.756 1212683645
3079.33 -267.941 1212683697
3050.97 166.351 1212683758
3027.92 464.451 1212683788
3006.65 730.183 1212683845
2972.08 1104.23 1212683905
3005.76 1320.85 1212683965
2895.85 1730.66 1212684025
3128.97 1958.47 1212684085
3581.03 2405.16 1212684145
4055.25 2902.14 1212684205
4011.82 3140.03 1212684267
3772.49 3387.97 1212684328
3580.15 3577.85 1212684397
3497.71 3801.24 1212684425
3497.71 3801.24 1212684427
3497.71 3801.24 1212684432
3479.1 3746.51 1212684492
3444.53 4015.7 1212684552
3468.46 3787.83 1212684612
3316.89 3726.4 1212684672
3097.06 3649.33 1212684733
2949.92 3618.06 1212684793
2701.73 3622.53 1212684832
2570.54 3522 1212684892
2352.49 3547.69 1212684921
2082.14 3494.08 1212684981
2074.16 3506.37 1212685045
2073.28 3505.25 1212685102
2079.48 3498.55 1212685126
2079.48 3496.31 1212685183
2075.94 3500.78 1212685234
2071.5 3511.95 1212685297
2072.39 3510.83 1212685357
1994.39 3511.95 1212685415
1619.44 3431.53 1212685471
1353.52 3288.57 1212685532
1213.47 3173.53 1212685591
1306.55 3178 1212685630
1306.55 3179.12 1212685634
1505.1 3198.1 1212685692
1438.62 3647.1 1212685753
1279.07 3795.65 1212685814
985.671 3753.21 1212685875
747.231 3715.23 1212685937
336.83 3647.1 1212685996
80.6619 3744.27 1212686056
23.0463 4124.04 1212686117
434.333 4188.83 1212686176
619.59 4113.99 1212686231
394.446 3978.84 1212686291
398.877 3976.6 1212686359
403.309 3974.37 1212686362
832.324 3937.51 1212686445
1420 4014.58 1212686506
2225.74 4147.5 1212686566
2559.91 4207.82 1212686627
2736.3 4062.61 1212686687
2912.69 3774.43 1212686743
3006.65 3685.08 1212686803
3194.57 3671.67 1212686864
3226.48 3658.27 1212686888
3434.78 3682.84 1212686949
3409.07 3564.45 1212687008
3338.16 3477.33 1212687069
2857.74 3285.22 1212687128
2796.57 3350 1212687189
2775.3 3538.76 1212687237
2839.12 3545.46 1212687298
2853.3 3559.98 1212687358
2870.15 3568.91 1212687418
2875.46 3551.04 1212687479
2882.55 3544.34 1212687538
2873.69 3559.98 1212687567
2885.21 3546.58 1212687620
2847.99 3611.36 1212687680
2818.73 3661.62 1212687740
2842.67 3611.36 1212687807
2859.51 3603.54 1212687865
2950.81 3616.94 1212687921
2922.44 3495.2 1212687982
2891.42 3530.94 1212688039
2893.19 3539.87 1212688093
2911.81 3613.59 1212688153
2909.15 3614.71 1212688214
2937.51 3620.29 1212688274
2929.53 3597.95 1212688291
2951.69 3625.88 1212688351
2976.51 3499.67 1212688411
3028.81 3425.95 1212688471
3285.86 2975.85 1212688531
3292.96 2978.08 1212688555
3292.96 2976.97 1212688558
3255.73 2917.77 1212688618
2787.71 2424.15 1212688678
2592.7 2500.09 1212688714
2442.02 2625.17 1212688771
2442.02 2625.17 1212688785
2348.06 2797.16 1212688828
1945.64 2727.91 1212688881
1877.38 2935.64 1212688941
1770.13 3414.78 1212689001
1564.49 3441.59 1212689056
967.943 3342.18 1212689116
635.545 3289.69 1212689156
417.492 3458.34 1212689216
415.719 3468.39 1212689256
419.265 3471.74 1212689373
413.06 3468.39 1212689433
412.173 3468.39 1212689493
412.173 3468.39 1212689536
413.06 3468.39 1212689597
413.06 3467.27 1212689657
419.265 3451.64 1212689712
434.333 3368.99 1212689732
236.667 3331.01 1212689792
120.55 3478.44 1212689852
-38.115 3576.73 1212689912
-39.0014 3576.73 1212689914
248.19 3606.89 1212689975
699.365 3605.77 1212690034
867.78 3460.57 1212690100
935.146 3042.86 1212690156
1236.52 2745.78 1212690217
1262.23 2812.79 1212690253
1258.68 2806.09 1212690255
1257.79 3011.59 1212690316
1229.43 3137.79 1212690376
1175.36 3457.22 1212690436
1052.15 3461.69 1212690496
1053.04 3461.69 1212690522
881.076 3430.42 1212690582
819.028 3768.85 1212690642
772.936 4078.25 1212690702
720.639 4383.19 1212690762
563.747 4427.87 1212690799
155.119 4364.2 1212690859
-267.691 4298.3 1212690920
-605.407 4290.48 1212690984
-456.493 4475.91 1212691045
-205.644 4513.89 1212691100
-41.6605 4478.14 1212691160
-40.7741 4475.91 1212691221
5.31837 4198.88 1212691286
150.687 4144.15 1212691341
420.151 4078.25 1212691405
644.409 4116.23 1212691443
772.936 4079.37 1212691514
910.327 3933.04 1212691570
1223.22 3992.24 1212691632
2528.88 4201.12 1212691753
2656.52 4131.86 1212691821
2871.92 3929.69 1212691873
3191.02 3891.71 1212691936
3197.22 3896.18 1212691953
3197.22 3895.06 1212691955
3343.48 3878.31 1212692016
3318.66 3765.5 1212692052
3414.39 3618.06 1212692111
3444.53 3595.72 1212692170
3455.17 3583.43 1212692230
3474.67 3688.43 1212692290
3459.6 3739.81 1212692351
3466.69 3689.54 1212692411
3450.73 3717.47 1212692472
3414.39 3719.7 1212692532
3417.94 3698.48 1212692594
3412.62 3676.14 1212692653
3417.94 3677.26 1212692719
3423.26 3678.37 1212692774
3417.94 3670.56 1212692836
3416.16 3704.06 1212692896
3425.03 3680.61 1212692957
3412.62 3683.96 1212693021
3412.62 3678.37 1212693023
3502.14 3528.71 1212693088
3581.92 3353.35 1212693143
3169.75 2916.66 1212693203
3042.99 2459.88 1212693263
3204.32 2296.84 1212693323
3594.33 1887 1212693383
3573.94 1841.21 1212693410
3573.94 1841.21 1212693412
3662.58 1932.78 1212693472
3974.59 2254.4 1212693532
3812.38 2498.97 1212693592
3719.31 2581.61 1212693633
3394.89 2519.07 1212693699
3134.29 2762.53 1212693754
2918.01 3010.47 1212693814
2866.6 3041.74 1212693874
2806.32 3509.72 1212693940
2662.73 3601.31 1212693995
2234.6 3534.29 1212694056
2223.96 3590.14 1212694116
2224.85 3597.95 1212694119
2232.83 3552.16 1212694174
2224.85 3547.69 1212694209
2222.19 3551.04 1212694270
2223.08 3489.61 1212694320
2218.65 3494.08 1212694380
2230.17 3545.46 1212694441
2239.92 3568.91 1212694500
2240.81 3551.04 1212694561
2241.69 3539.87 1212694593
2231.94 3520.89 1212694653
2220.42 3509.72 1212694713
2230.17 3529.82 1212694774
2234.6 3562.21 1212694834
2219.53 3525.35 1212694895
2218.65 3514.19 1212694955
2217.76 3515.3 1212695016
2222.19 3517.54 1212695076
2228.4 3507.48 1212695137
2216.87 3518.65 1212695197
2217.76 3517.54 1212695258
2205.35 3558.86 1212695318
2198.26 3564.45 1212695379
2192.94 3575.62 1212695439
2200.92 3570.03 1212695500
2207.12 3573.38 1212695535
2182.3 3664.97 1212695596
2144.19 3908.47 1212695658
2091 4222.34 1212695716
2017.43 4657.99 1212695777
1970.45 4979.71 1212695837
1803.81 5067.97 1212695898
1788.74 5208.72 1212695952
1788.74 5208.72 1212695954
1718.72 5256.76 1212696015
1503.32 5132.76 1212696074
1857.88 4766.35 1212696138
1916.38 4424.52 1212696194
1975.77 4036.92 1212696254
2020.98 3737.57 1212696314
1919.93 3494.08 1212696375
1769.24 3478.44 1212696435
1736.45 3666.09 1212696468
1889.79 3635.93 1212696527
1922.59 3519.77 1212696588
2141.53 3515.3 1212696628
2273.6 3537.64 1212696688
2202.69 3549.93 1212696748
2217.76 3536.52 1212696808
2215.1 3542.11 1212696868
2205.35 3553.28 1212696900
2198.26 3548.81 1212696961
2197.37 3549.93 1212697022
2198.26 3546.58 1212697082
2194.71 3561.1 1212697142
2201.8 3549.93 1212697204
2197.37 3549.93 1212697262
2199.14 3552.16 1212697323
2199.14 3553.28 1212697354
2192.94 3561.1 1212697414
2189.39 3552.16 1212697474
2192.94 3557.75 1212697534
2196.49 3565.56 1212697595
2190.28 3552.16 1212697630
2203.58 3557.75 1212697692
2208.89 3260.65 1212697751
2988.92 3260.65 1212697934
3034.13 3278.52 1212697994
3300.05 2982.55 1212698059
3477.33 2858.58 1212698122
3477.33 2858.58 1212698125
3464.92 2870.87 1212698172
3441.87 2893.2 1212698226
3768.95 3175.77 1212698286
3838.09 3309.79 1212698318
3814.16 3368.99 1212698377
3835.43 3398.03 1212698493
3820.36 3373.45 1212698541
3807.06 3360.05 1212698602
3797.31 3379.04 1212698643
3495.05 3664.97 1212698717
3492.39 3673.91 1212698729
3396.66 3642.63 1212698789
3216.73 3597.95 1212698849
3109.47 3547.69 1212698912
3107.7 3547.69 1212698925
3107.7 3547.69 1212698931
2919.78 3477.33 1212698990
2752.25 3259.53 1212699032
2658.3 3495.2 1212699080
2514.7 3486.26 1212699140
2466.84 3477.33 1212699200
2421.63 3469.51 1212699261
2127.35 3423.72 1212699321
1464.32 3324.31 1212699381
1199.29 3265.12 1212699441
660.364 3189.17 1212699506
-202.984 3051.79 1212699561
-863.348 2941.23 1212699613
-987.443 3006 1212699679
-995.421 3124.39 1212699734
-1023.79 3134.44 1212699793
-1023.79 3133.33 1212699806
-1136.36 3112.1 1212699832
-1125.72 3004.89 1212699853
-991.875 3031.69 1212699885
-720.639 3079.72 1212699943
-570.838 3103.17 1212699990
-355.444 3125.51 1212700002
244.645 3219.32 1212700068
842.961 3316.49 1212700123
898.804 3218.21 1212700183
1059.24 3135.56 1212700243
1336.68 3174.65 1212700303
1668.19 3141.14 1212700363
1727.58 2892.09 1212700423
1743.54 2758.07 1212700483
1798.49 2377.24 1212700523
2001.48 1920.5 1212700578
2342.74 1581.03 1212700639
2417.2 1489.46 1212700701
2430.49 1483.88 1212700760
2426.95 1483.88 1212700820
2434.93 1486.11 1212700880
2436.7 1478.3 1212700934
2437.58 1476.06 1212700994
2434.04 1471.6 1212701058
2430.49 1479.41 1212701115
2426.95 1498.4 1212701176
2529.77 1397.9 1212701198
2839.12 1399.02 1212701257
3219.38 1457.08 1212701295
3816.81 87.0826 1212701346
3806.18 -825.006 1212701406
3820.36 -990.221 1212701476
3792.88 -1125.29 1212701527
3602.31 -919.893 1212701587
3601.42 -919.893 1212701649
3601.42 -919.893 1212701663
3588.12 -939.987 1212701720
3589.01 -939.987 1212701770
3589.01 -952.266 1212701830
3587.24 -953.383 1212701891
3587.24 -954.499 1212701951
3587.24 -957.848 1212702015
3577.49 -967.895 1212702071
3583.69 -985.756 1212702131
3661.7 -982.407 1212702193
