2985.38 -1196.73 1211678842
2377.31 -1312.83 1211678897
1842.81 -1347.43 1211678951
1599.06 -1474.68 1211679011
1362.39 -1513.75 1211679071
1146.11 -1796.15 1211679126
881.076 -2005.99 1211679163
785.345 -2372.09 1211679223
591.225 -2310.7 1211679283
571.724 -2297.31 1211679290
521.2 -2262.71 1211679338
750.776 -2610.93 1211679408
986.557 -2708.03 1211679464
937.805 -3024.99 1211679521
842.075 -3223.64 1211679579
2022.75 -3070.75 1211679649
3009.31 -3946.77 1211679700
3518.1 -5369.42 1211679756
3785.79 -6837.56 1211679792
4055.25 -8316.59 1211679849
3969.27 -9813.2 1211679886
3011.97 -10926 1211679930
2563.45 -12365.3 1211679979
3128.97 -15387.9 1211680070
3809.72 -16691.6 1211680125
4956.72 -17623 1211680157
6105.48 -18574.3 1211680208
7390.76 -19292.8 1211680253
8855.97 -19340.7 1211680311
10046.4 -20270.7 1211680352
10645.6 -21169.3 1211680391
10226.3 -21537.9 1211680451
9860.25 -21207.2 1211680526
9858.48 -21202.8 1211680577
9973.71 -21015.7 1211680637
10081 -20664.9 1211680705
9703.36 -20227.2 1211680752
9753.88 -19952.1 1211680812
9065.16 -19371.9 1211680873
8182.31 -19339.6 1211680931
7155.86 -19288.3 1211680986
6592.12 -19023.2 1211681047
5914.02 -18388.3 1211681102
5822.73 -18313.7 1211681105
4798.05 -17478.2 1211681165
3887.73 -16690.5 1211681224
4003.84 -16261.5 1211681277
3651.06 -16191.3 1211681341
3030.58 -14858.6 1211681397
2687.55 -13414.2 1211681463
2551.93 -11913.8 1211681524
