4105.78 -9567.87 1212375231
4025.12 -8031.07 1212375278
4025.12 -8031.07 1212375306
3391.35 -5089.38 1212375374
3233.57 -2187.93 1212375491
3940.02 -873.008 1212375547
3717.54 652.026 1212375598
3095.29 1634.63 1212375654
3160 1983.03 1212375720
2496.97 2677.66 1212375840
2431.38 2752.48 1212375906
2371.99 2725.68 1212375936
2407.45 2711.16 1212375937
2573.2 2534.71 1212376002
2679.57 2622.93 1212376062
2844.44 2807.21 1212376135
2909.15 2979.2 1212376177
2808.98 3076.37 1212376237
2660.07 3449.4 1212376312
2599.79 3841.45 1212376359
2547.5 4107.29 1212376429
2647.66 4134.1 1212376487
2710.59 4088.3 1212376509
2857.74 3893.95 1212376570
2902.94 3688.43 1212376639
2953.47 3382.39 1212376691
3006.65 3027.22 1212376752
3215.84 2914.42 1212376827
3266.36 2748.02 1212376871
3405.53 2511.25 1212376951
3216.73 2313.59 1212376992
3517.21 1975.22 1212377051
3444.53 1578.8 1212377112
3911.66 -864.078 1212377216
3237.11 -2200.2 1212377270
2923.33 -3671.14 1212377336
3366.53 -5094.96 1212377369
3737.93 -6570.95 1212377428
