2331.22 2858.58 1211307697
2327.67 2861.93 1211307764
2320.58 2869.75 1211307855
2313.49 2861.93 1211307915
2290.44 2858.58 1211307987
2293.1 2842.95 1211308038
2298.42 2847.41 1211308096
2298.42 2847.41 1211308217
2317.04 2860.81 1211308275
2391.49 2921.12 1211308337
2381.74 2927.82 1211308374
2457.97 2668.72 1211308436
2769.1 2703.34 1211308495
2976.51 2888.74 1211308564
3525.19 3539.87 1211308677
3798.2 3730.87 1211308736
3945.34 3624.76 1211308797
4150.1 3304.21 1211308863
4107.55 3396.91 1211308926
4108.44 3396.91 1211308954
4073.87 3425.95 1211309016
3598.76 3528.71 1211309132
3454.28 3847.03 1211309184
3104.15 3697.36 1211309240
3010.2 3606.89 1211309299
2774.41 3567.8 1211309369
2354.26 3572.27 1211309419
1913.73 3501.9 1211309479
1408.48 3410.31 1211309542
1159.4 3374.57 1211309599
1028.22 3463.92 1211309659
921.85 4032.45 1211309729
845.62 4556.34 1211309784
541.587 4639 1211309849
-9.75034 4551.87 1211309910
-248.19 4512.77 1211309965
-523.859 4470.32 1211310024
-522.973 4470.32 1211310051
-522.086 4470.32 1211310053
-571.724 4462.5 1211310091
-624.908 4454.68 1211310110
40.7741 4442.4 1211310161
443.197 4499.37 1211310206
444.084 4498.25 1211310215
591.225 4239.1 1211310280
453.834 4169.84 1211310345
457.38 4174.31 1211310346
409.514 4482.61 1211310406
395.332 4822.2 1211310466
1090.27 4939.5 1211310527
1435.96 4995.35 1211310600
2011.23 5085.84 1211310647
2376.42 5284.69 1211310713
2285.12 5389.7 1211310783
2285.12 5389.7 1211310785
2286.01 5389.7 1211310849
2287.78 5388.59 1211310914
2286.9 5386.35 1211310973
2286.01 5391.94 1211311030
2284.24 5396.41 1211311085
2277.15 5387.47 1211311145
2276.26 5386.35 1211311205
2276.26 5379.65 1211311265
2274.49 5397.53 1211311339
2274.49 5397.53 1211311386
2272.72 5396.41 1211311401
2057.32 5370.71 1211311461
2078.59 5185.26 1211311516
2159.26 4731.72 1211311572
2209.78 4420.06 1211311638
2253.21 4088.3 1211311697
2303.74 3822.46 1211311769
2313.49 3783.37 1211311812
2320.58 3567.8 1211311872
2356.92 3413.66 1211311932
2414.54 3157.9 1211311998
2457.97 3183.58 1211312017
2459.74 3185.82 1211312025
2507.61 3043.98 1211312080
2455.31 3058.5 1211312140
2183.19 2987.02 1211312205
2176.98 2973.61 1211312264
2168.12 2963.56 1211312323
2137.98 2974.73 1211312383
1992.61 2961.33 1211312448
1903.98 2944.58 1211312473
1472.3 2878.68 1211312534
1301.23 2603.95 1211312605
1057.47 2500.09 1211312655
896.145 2476.63 1211312722
173.733 2357.14 1211312786
-110.799 2113.69 1211312841
-671.001 1795.43 1211312969
-936.033 1757.46 1211313021
-924.509 1535.25 1211313080
-895.258 1359.93 1211313137
-805.733 813.924 1211313198
-1275.52 737.999 1211313268
-1283.5 756.98 1211313319
-1284.39 756.98 1211313362
-1299.45 842.954 1211313369
-1551.19 696.687 1211313483
-2418.08 562.704 1211313618
-2520.91 551.539 1211313657
-2604.23 236.688 1211313721
-2457.97 453.286 1211313788
-2487.22 243.387 1211313833
-2518.25 382.947 1211313893
-2520.91 391.879 1211313968
-2513.81 372.899 1211314036
-2426.95 423.141 1211314144
-2510.27 323.773 1211314193
-2373.76 456.636 1211314268
-2394.15 458.869 1211314352
-2395.04 459.985 1211314412
-2395.04 461.102 1211314478
-2395.04 456.636 1211314538
-2391.49 428.724 1211314602
-2394.15 453.286 1211314675
-2395.04 456.636 1211314728
-2395.04 456.636 1211314775
-2390.61 432.073 1211314847
