3686.51 -918.777 1211540746
3712.22 -972.36 1211540806
3728.18 -969.011 1211540867
3728.18 -967.895 1211540927
3737.04 -967.895 1211540988
3736.15 -964.546 1211541048
3667.9 -905.381 1211541109
3578.37 -1053.85 1211541169
3654.6 -1153.2 1211541229
3598.76 -1147.62 1211541289
2897.62 -1183.34 1211541349
2404.79 -1303.9 1211541415
1746.2 -1321.76 1211541469
1552.08 -1076.18 1211541529
1535.24 -870.776 1211541579
1493.57 -351.67 1211541640
1452.8 176.399 1211541700
1418.23 582.801 1211541761
1487.37 1372.22 1211541821
1500.67 1399.02 1211541887
1465.21 1804.36 1211541942
1334.91 2514.61 1211542003
1255.13 2947.93 1211542068
1430.64 3204.8 1211542126
1771.9 3270.7 1211542178
1771.9 3270.7 1211542180
1781.65 3355.58 1211542217
1696.56 2975.85 1211542277
1535.24 2668.72 1211542324
1303.89 2549.23 1211542384
1374.8 2124.86 1211542446
1444.82 1692.7 1211542506
1374.8 1596.66 1211542567
1158.52 1386.73 1211542627
1172.7 1128.8 1211542688
1407.59 686.638 1211542748
1213.47 175.283 1211542809
852.711 329.356 1211542870
663.909 127.275 1211542932
273.009 104.946 1211542993
271.237 113.877 1211543052
273.009 117.227 1211543121
268.578 108.295 1211543172
227.803 104.946 1211543232
39.0014 398.578 1211543292
-51.4109 1110.93 1211543352
-180.824 1650.26 1211543412
-247.304 2065.67 1211543472
-364.308 2787.1 1211543532
-425.469 3163.48 1211543597
-508.79 3691.78 1211543652
-588.566 4169.84 1211543712
-611.612 4321.76 1211543741
-697.592 4550.75 1211543797
-755.208 4528.41 1211543857
-755.208 4528.41 1211543869
-610.726 4296.06 1211543927
-527.405 3787.83 1211543987
-440.538 3253.95 1211544047
-246.418 2923.36 1211544108
283.646 3013.82 1211544168
944.896 3020.52 1211544229
1085.83 2105.87 1211544289
1032.65 1739.6 1211544355
1059.24 1405.72 1211544414
1261.34 1118.75 1211544471
2683.12 779.311 1211544531
2898.51 -725.653 1211544594
2462.4 -2174.53 1211544648
2894.96 -3596.37 1211544693
3327.52 -5036.94 1211544741
3726.4 -6496.21 1211544792
4016.25 -8109.14 1211544845
4067.66 -9621.4 1211544903
2554.59 -12218.1 1211545012
3039.45 -15197.4 1211545102
3665.24 -16288.3 1211545177
4712.96 -16286 1211545223
4418.68 -15884.9 1211545283
4400.95 -15871.5 1211545305
4391.2 -15862.6 1211545365
4391.2 -15861.5 1211545383
3532.28 -16270.4 1211545503
3054.52 -15032.4 1211545558
2729.21 -13550.2 1211545604
2556.36 -12001.9 1211545654
3381.59 -10645 1211545701
4168.71 -9378.29 1211545743
4149.21 -8735.94 1211545763
3164.43 -4366.34 1211545902
2652.98 -2937.94 1211545959
1186 -3149.98 1211546019
888.167 -2963.61 1211546079
1042.4 -2379.9 1211546141
1004.28 -2003.76 1211546201
998.967 -2008.23 1211546214
546.019 -2846.42 1211546278
135.618 -3006.02 1211546340
135.618 -3007.13 1211546356
414.833 -2805.13 1211546415
846.507 -2441.29 1211546467
889.94 -2163.37 1211546505
885.508 -2071.85 1211546573
884.622 -2070.73 1211546631
877.53 -2070.73 1211546686
881.962 -2066.27 1211546751
876.644 -2066.27 1211546806
937.805 -2008.23 1211546881
1119.52 -2168.95 1211546934
1168.27 -2266.06 1211546988
1127.49 -2346.42 1211547049
1123.95 -2355.35 1211547109
1123.95 -2355.35 1211547119
1107.99 -2189.04 1211547175
1059.24 -2266.06 1211547238
1006.94 -2286.15 1211547296
-1104.45 -4278.19 1211547415
-1957.16 -5530.08 1211547476
-3169.75 -8201.71 1211547599
-2704.39 -10141 1211547648
-2168.12 -11541.4 1211547697
1084.06 -14429.5 1211547868
3996.75 -16189.1 1211548033
4400.06 -15854.8 1211548154
4397.4 -15858.2 1211548189
4392.97 -15859.3 1211548274
4379.67 -15862.6 1211548304
3068.7 -15099.3 1211548431
4038.41 -8077.91 1211548674
3773.38 -6616.69 1211548705
3554.44 -5415.17 1211548757
2876.35 -3445.72 1211548828
2808.98 -3199.09 1211548888
2883.44 -3333.01 1211548948
2885.21 -3333.01 1211549025
2881.67 -3329.66 1211549068
2881.67 -3333.01 1211549123
2956.13 -3571.82 1211549165
3089.08 -4076.22 1211549230
3218.5 -5072.64 1211549295
2785.94 -5532.32 1211549350
2327.67 -5586.98 1211549406
1744.42 -5380.58 1211549467
1252.48 -5208.76 1211549621
869.553 -4684.35 1211549677
522.973 -4460.07 1211549737
257.054 -4298.28 1211549781
-13.2959 -4133.13 1211549827
-247.304 -4491.32 1211549887
-944.01 -5161.9 1211550018
-1037.08 -5169.71 1211550067
-1037.08 -5168.59 1211550127
-1033.54 -5179.75 1211550129
-624.908 -5105 1211550188
-481.312 -4899.7 1211550249
-476.88 -4850.6 1211550304
-699.365 -4597.32 1211550347
-699.365 -4597.32 1211550360
-1009.6 -4376.39 1211550407
-1408.48 -4173.3 1211550467
-1799.38 -4046.09 1211550527
