-2811.64 2536.94 1211552636
-2951.69 2532.47 1211552681
-2911.81 2194.1 1211552770
-2901.17 2187.39 1211552845
-2988.04 2091.36 1211552892
-3092.63 2172.88 1211552921
-2669.82 2320.29 1211552993
-2237.26 2345.97 1211553013
-1372.14 2435.31 1211553088
-442.311 2569.33 1211553129
425.469 2727.91 1211553203
1006.94 2803.86 1211553250
1372.14 2772.59 1211553310
1760.38 2834.01 1211553371
2309.94 2848.53 1211553433
2519.13 2607.3 1211553492
2532.43 2609.53 1211553527
2502.29 2612.88 1211553582
2502.29 2615.12 1211553600
2393.26 2778.17 1211553654
2171.67 2859.7 1211553706
2106.96 3250.6 1211553768
2176.98 3527.59 1211553829
2275.37 3539.87 1211553890
1830.4 3494.08 1211553950
1581.33 3717.47 1211554026
1524.6 4051.44 1211554072
1456.35 4330.69 1211554132
1055.7 4301.65 1211554193
929.828 4275.96 1211554253
725.957 4561.92 1211554323
441.424 4521.71 1211554387
-188.802 4418.94 1211554445
-602.748 4454.68 1211554557
-226.917 4513.89 1211554617
-148.028 4527.29 1211554636
-110.799 4949.55 1211554717
-109.027 4945.08 1211554776
-140.937 4945.08 1211554839
-210.075 4986.42 1211554900
-210.075 4984.18 1211554945
-137.391 4931.68 1211554989
-109.913 4778.63 1211555057
-49.6381 4500.48 1211555114
-24.819 4355.27 1211555169
28.3646 4048.09 1211555225
421.037 3863.79 1211555345
1002.51 3959.85 1211555412
1357.07 4006.76 1211555465
2184.08 4147.5 1211555591
2321.47 4170.96 1211555645
2498.75 4197.77 1211555709
2925.99 4259.2 1211555764
3060.72 4283.78 1211555838
3147.59 3814.64 1211555885
3460.48 3181.35 1211556069
3606.74 3065.2 1211556216
3620.92 3509.72 1211556341
3358.55 3917.4 1211556455
3390.46 3985.54 1211556532
3497.71 3870.49 1211556599
3476.44 3886.13 1211556660
3464.03 3900.65 1211556790
3365.64 3716.35 1211556901
3249.52 3584.55 1211556962
2978.29 3651.57 1211557023
2660.07 3538.76 1211557085
2220.42 3549.93 1211557144
2221.3 3547.69 1211557198
2203.58 3549.93 1211557260
2149.51 3887.24 1211557323
2130.89 4002.29 1211557379
2253.21 3956.5 1211557443
2180.53 3940.86 1211557480
2183.19 3940.86 1211557501
2183.19 3940.86 1211557561
2183.19 3941.98 1211557633
1879.16 3896.18 1211557706
1568.92 3847.03 1211557747
1568.03 3841.45 1211557780
1614.12 3492.96 1211557843
1632.74 3352.23 1211557872
1659.33 3203.69 1211557932
1711.63 2845.18 1211558003
1742.65 2712.28 1211558052
1812.68 2248.82 1211558112
1966.91 1952.88 1211558177
1964.25 1626.81 1211558249
1865.86 1257.21 1211558298
1782.54 856.353 1211558356
1841.04 759.213 1211558418
1880.93 801.642 1211558479
1888.02 803.875 1211558487
1888.02 796.059 1211558501
1778.99 913.297 1211558561
1780.77 1028.3 1211558623
1992.61 1380.03 1211558692
2333.88 1726.2 1211558748
2596.25 2120.39 1211558802
2410.11 2308 1211558862
2172.55 2796.04 1211558984
2098.98 3251.71 1211559044
2202.69 3538.76 1211559104
2207.12 3556.63 1211559165
2202.69 3555.51 1211559225
2207.12 3556.63 1211559286
2200.92 3563.33 1211559346
2208.89 3556.63 1211559407
2207.12 3562.21 1211559467
2206.24 3559.98 1211559528
2196.49 3562.21 1211559586
2198.26 3562.21 1211559646
2201.8 3566.68 1211559706
2206.24 3566.68 1211559766
2208.01 3571.15 1211559827
2201.8 3580.08 1211559887
2201.8 3576.73 1211559948
2192.94 3581.2 1211560009
2202.69 3577.85 1211560070
2202.69 3577.85 1211560106
2268.28 3153.43 1211560166
2537.75 3147.84 1211560230
2574.09 3024.99 1211560287
2777.96 2737.96 1211560408
3025.26 2476.63 1211560469
2629.93 1706.1 1211560532
2629.05 181.981 1211560590
2802.78 -1315.06 1211560659
3095.29 -4217.93 1211560761
3581.03 -5658.39 1211560812
3778.7 -10110.9 1211560973
