3574.83 -1022.59 1212192129
3574.83 -1020.36 1212192189
3578.37 -1018.13 1212192251
3578.37 -1012.55 1212192311
3576.6 -1021.48 1212192382
3576.6 -1015.9 1212192436
3575.72 -1020.36 1212192491
3578.37 -1019.24 1212192551
3575.72 -1019.24 1212192618
3524.3 -1157.66 1212192671
3603.19 -868.543 1212192731
3959.52 -762.492 1212192796
3854.93 -70.3353 1212192820
3790.22 506.879 1212192843
3407.3 1045.05 1212192931
3334.62 1352.12 1212192988
3166.2 1535.25 1212193048
3219.38 1770.86 1212193112
3464.92 1746.3 1212193168
3570.4 1842.33 1212193228
3572.17 1842.33 1212193272
3382.48 1726.2 1212193332
3175.95 1943.95 1212193392
2876.35 2235.41 1212193455
2571.43 2551.46 1212193513
2494.31 2582.73 1212193581
2465.06 2647.5 1212193634
2465.06 2647.5 1212193649
2459.74 2664.26 1212193664
2498.75 2696.64 1212193696
2498.75 2696.64 1212193703
2512.93 2710.04 1212193712
2641.46 2847.41 1212193770
2879.01 3108.75 1212193828
3004.88 3219.32 1212193886
3246.86 3077.48 1212193946
3521.65 2696.64 1212194006
3501.26 2624.05 1212194071
3386.91 2519.07 1212194102
3386.03 2517.96 1212194108
3179.5 2724.56 1212194165
3046.54 2857.46 1212194235
3362.98 3274.05 1212194343
3440.1 3347.77 1212194415
3651.95 3581.2 1212194466
3698.04 3764.38 1212194524
3518.1 3729.75 1212194589
3487.08 3882.78 1212194645
3152.02 3555.51 1212194781
3497.71 3740.92 1212194841
3682.08 3802.36 1212194912
3813.27 3652.68 1212194968
3970.16 3500.78 1212195022
3998.53 3443.82 1212195074
4037.53 3412.55 1212195136
4201.51 3214.86 1212195195
4231.65 3033.92 1212195265
4104.01 3391.33 1212195316
4106.67 3394.68 1212195339
4106.67 3394.68 1212195341
3971.93 3495.2 1212195406
3987 3374.57 1212195505
3971.05 3384.62 1212195535
3994.09 3113.22 1212195604
3709.56 2822.84 1212195651
3455.17 2568.21 1212195716
3237.11 2265.57 1212195771
3533.17 1964.05 1212195836
3618.26 1861.31 1212195896
3616.49 1857.96 1212195916
3616.49 1857.96 1212195923
3526.08 1664.78 1212195983
3349.68 1150.01 1212196022
3690.06 290.279 1212196064
3653.72 74.8017 1212196112
3653.72 75.9182 1212196113
3653.72 77.0346 1212196126
3653.72 132.857 1212196160
3671.45 286.93 1212196181
3924.07 303.677 1212196202
4072.98 331.589 1212196321
4080.96 454.403 1212196381
4182.9 328.239 1212196440
4096.03 329.356 1212196511
3836.32 353.919 1212196554
3264.59 1433.63 1212196622
3195.45 1751.88 1212196674
3344.37 1758.58 1212196741
3470.23 1751.88 1212196788
3562.42 1844.56 1212196840
3698.04 1976.33 1212196896
3989.66 2264.45 1212197030
3951.55 2494.5 1212197099
4050.82 2638.57 1212197172
3814.16 2478.87 1212197257
3452.51 2788.22 1212197320
3339.93 2937.88 1212197371
3050.08 2713.39 1212197435
2939.28 2608.42 1212197494
2932.19 2596.13 1212197555
2931.31 2601.71 1212197616
2926.87 2595.01 1212197674
2930.42 2595.01 1212197735
2920.67 2588.31 1212197798
2924.22 2588.31 1212197858
2624.61 2481.1 1212197916
2479.25 2659.79 1212197980
2416.31 2932.29 1212198037
2450.88 2973.61 1212198098
2407.45 3160.13 1212198164
2404.79 3186.93 1212198207
2404.79 3186.93 1212198212
2395.04 3269.58 1212198254
2385.29 3384.62 1212198328
2363.13 3516.42 1212198375
2338.31 3643.75 1212198410
2147.73 3781.13 1212198470
2130.01 4000.06 1212198506
2066.19 4405.53 1212198571
2031.62 4625.59 1212198627
1985.52 4935.03 1212198688
1983.75 4946.2 1212198689
1603.49 5126.06 1212198791
1657.56 5040.04 1212198852
1398.73 4995.35 1212198926
934.26 4881.41 1212198972
1023.79 4327.34 1212199094
1131.93 3642.63 1212199214
1182.45 3316.49 1212199282
1209.04 3143.38 1212199335
1252.48 2895.44 1212199395
1290.59 2668.72 1212199460
1359.73 2255.52 1212199580
1379.23 1905.98 1212199640
1233.86 1997.55 1212199703
1232.97 1997.55 1212199730
1240.07 1995.32 1212199786
1238.29 2084.66 1212199822
1150.54 2636.34 1212199878
1055.7 3175.77 1212199942
989.216 3125.51 1212200002
982.125 3127.74 1212200059
981.239 3129.97 1212200123
987.443 3121.04 1212200178
986.557 3121.04 1212200238
982.125 3127.74 1212200298
980.352 3128.86 1212200361
983.011 3122.16 1212200420
977.693 3129.97 1212200481
978.579 3123.27 1212200541
983.011 3121.04 1212200602
982.125 3126.62 1212200662
980.352 3133.33 1212200723
1175.36 3154.55 1212200783
1341.11 3180.23 1212200848
1820.65 3264 1212200904
2394.15 3350 1212200964
2661.84 3363.4 1212201024
2435.81 3270.7 1212201084
1894.22 3172.42 1212201144
1491.8 3107.64 1212201204
1253.36 3092 1212201266
974.147 3003.77 1212201330
1000.74 2627.4 1212201385
675.433 2333.69 1212201446
-1068.99 2056.74 1212201632
-1582.21 1968.52 1212201687
-1690.35 1646.91 1212201755
-1677.94 1583.26 1212201822
-1434.19 1450.38 1212201872
-1362.39 1536.36 1212201916
-1364.16 1557.58 1212201936
-963.511 1739.6 1212201988
-945.783 1658.08 1212202000
-899.69 1314.15 1212202072
-893.486 1301.87 1212202123
-920.077 1529.66 1212202165
-983.011 1928.32 1212202228
-1035.31 2440.9 1212202276
-434.333 2572.68 1212202336
213.621 2683.24 1212202401
275.669 2806.09 1212202458
329.739 2812.79 1212202501
612.499 2848.53 1212202513
678.092 2877.57 1212202545
1093.81 2904.37 1212202628
1237.41 2947.93 1212202687
1228.54 3056.26 1212202748
1318.07 3396.91 1212202808
1313.64 3394.68 1212202817
1871.18 3487.38 1212202870
1872.07 3467.27 1212202889
2182.3 3516.42 1212202952
2467.72 3585.67 1212203009
2512.04 3489.61 1212203074
2665.39 3387.97 1212203135
2517.36 3264 1212203190
2243.46 3209.27 1212203209
1990.84 3193.64 1212203267
1435.07 3105.4 1212203326
1239.18 3062.96 1212203400
1089.38 3085.3 1212203453
1030.88 3342.18 1212203540
840.302 3308.67 1212203568
717.979 3392.44 1212203602
716.207 3392.44 1212203613
639.09 3406.96 1212203637
353.671 3243.9 1212203712
149.801 3210.39 1212203739
4.43197 3266.23 1212203845
-92.185 3896.18 1212203873
-142.71 4200 1212203933
-18.6143 4224.58 1212203961
-14.1823 4217.87 1212203962
-9.75034 4322.87 1212203993
-23.0463 4394.36 1212204047
609.839 4528.41 1212204161
879.303 4560.8 1212204203
878.417 4560.8 1212204209
1047.72 4141.92 1212204296
936.919 3947.56 1212204356
832.324 3934.16 1212204390
71.7979 3813.52 1212204513
110.799 3507.48 1212204558
153.346 3231.61 1212204628
153.346 3232.73 1212204666
160.437 3204.8 1212204672
163.097 3198.1 1212204686
176.392 3114.34 1212204746
-331.512 3024.99 1212204795
-1024.67 2859.7 1212204875
-1040.63 2236.53 1212204921
-2131.78 1923.85 1212205042
-2172.55 1562.05 1212205096
-4325.6 1390.08 1212205342
-4389.43 1388.97 1212205356
-4430.2 1996.43 1212205447
-3590.78 2262.22 1212205596
-3115.68 2282.32 1212205648
-3032.36 2294.6 1212205672
-2262.97 2337.04 1212205798
-1667.31 2382.83 1212205850
869.553 2792.69 1212206029
1103.56 2730.15 1212206090
1252.48 2743.55 1212206151
1538.78 2785.99 1212206214
2122.03 2883.15 1212206277
2152.17 2971.38 1212206318
2150.39 2970.26 1212206320
2227.51 3325.43 1212206380
2504.06 3245.01 1212206495
2247.9 3008.24 1212206555
2064.41 2987.02 1212206631
2131.78 2884.27 1212206678
2287.78 2895.44 1212206736
2324.13 2817.26 1212206768
2358.7 2584.96 1212206828
2082.14 2294.6 1212206907
1115.97 1353.23 1212207071
977.693 1215.89 1212207134
976.807 1215.89 1212207148
299.601 524.743 1212207332
325.307 537.024 1212207358
564.633 781.544 1212207423
745.458 963.543 1212207486
1014.04 1229.29 1212207539
1308.32 1660.31 1212207610
1187.77 2401.81 1212207725
1083.17 3052.91 1212207781
1062.79 3142.26 1212207840
957.306 4377.61 1212207969
1046.83 4395.48 1212208020
1480.28 4463.62 1212208109
1497.12 4468.09 1212208162
1471.41 4382.08 1212208170
1520.17 4061.49 1212208230
1564.49 3752.09 1212208291
1612.35 3499.67 1212208352
1983.75 3489.61 1212208414
2290.44 3553.28 1212208473
2655.64 3611.36 1212208533
2858.62 3581.2 1212208600
3055.4 3658.27 1212208654
2978.29 3309.79 1212208715
2988.04 3293.04 1212208724
2626.39 3291.92 1212208790
2262.97 3242.78 1212208854
1952.73 3392.44 1212208905
1920.82 3383.51 1212208954
1918.16 3382.39 1212208966
1210.81 3284.1 1212209017
1160.29 3586.79 1212209078
1146.11 3689.54 1212209139
1124.83 3781.13 1212209169
1090.27 3956.5 1212209234
1007.83 4489.31 1212209295
-126.754 4424.52 1212209410
-156.892 4526.18 1212209474
-94.8442 4533.99 1212209491
-42.5469 4478.14 1212209529
-166.642 4401.07 1212209585
222.485 4466.97 1212209652
725.957 4387.66 1212209697
788.005 3939.74 1212209760
859.803 3530.94 1212209821
1054.81 2926.71 1212209879
1217.02 2949.04 1212209914
1634.51 3018.29 1212209970
2093.66 3098.7 1212210039
2235.49 3199.22 1212210091
2239.92 3174.65 1212210100
2027.18 2990.37 1212210157
2052 2895.44 1212210209
2205.35 2832.89 1212210251
2010.34 2989.25 1212210327
2034.28 2797.16 1212210371
2153.05 2711.16 1212210446
2317.92 2715.63 1212210496
2980.06 2122.62 1212210619
2931.31 2046.69 1212210674
2929.53 2032.17 1212210707
2897.62 2003.14 1212210711
2683.12 2046.69 1212210776
3217.61 2681.01 1212210905
2933.08 2968.03 1212210957
2857.74 3104.29 1212211018
2796.57 3466.16 1212211046
2847.99 3828.05 1212211121
2857.74 3885.01 1212211154
2856.85 3886.13 1212211157
2865.71 3851.5 1212211197
2884.33 3769.96 1212211201
2915.35 3728.64 1212211264
3073.13 3106.52 1212211424
3228.25 2905.49 1212211479
3473.78 2631.87 1212211562
3412.62 2519.07 1212211588
2767.32 1826.7 1212211637
2707.94 395.229 1212211707
2857.74 -391.86 1212211750
1992.61 -1328.45 1212211869
1861.43 -1330.69 1212211901
1358.84 -1700.16 1212212009
1222.34 -1959.11 1212212064
1221.45 -1959.11 1212212071
1323.39 -1783.87 1212212161
1335.8 -1755.97 1212212208
1483.82 -1476.91 1212212222
2223.08 -1325.1 1212212298
2971.19 -1209.01 1212212353
2736.3 647.56 1212212483
2863.94 1860.2 1212212536
3303.59 2170.64 1212212594
3226.48 2672.07 1212212660
2892.31 3017.17 1212212716
2816.96 3354.47 1212212781
2867.49 3446.05 1212212814
2868.37 3444.94 1212212815
2942.83 3415.9 1212212881
3226.48 2914.42 1212213037
3204.32 2871.98 1212213100
3158.22 2842.95 1212213127
3134.29 2809.44 1212213187
2900.28 3017.17 1212213267
2726.55 3088.65 1212213308
2507.61 3089.77 1212213378
2408.33 3088.65 1212213427
2404.79 3086.42 1212213428
2315.26 3038.39 1212213488
2342.74 3285.22 1212213548
2341.85 3285.22 1212213550
2337.42 2796.04 1212213610
2350.72 2600.6 1212213676
1997.93 2534.71 1212213730
1357.96 2438.66 1212213802
1064.56 2334.81 1212213860
1110.65 1913.8 1212213930
1107.11 1911.57 1212213935
1107.11 1911.57 1212213956
1107.11 1911.57 1212213969
1107.99 1911.57 1212213970
1109.77 1888.11 1212214030
1165.61 1605.6 1212214091
1184.22 1431.4 1212214162
1059.24 1291.82 1212214222
589.452 826.206 1212214324
445.856 681.056 1212214375
120.55 365.083 1212214483
121.436 363.967 1212214490
60.2748 290.279 1212214547
3.54558 83.7333 1212214611
15.0687 79.2675 1212214672
16.8415 77.0346 1212214702
153.346 167.467 1212214756
293.397 505.762 1212214816
743.685 954.61 1212214870
1062.79 1272.84 1212214947
1567.15 1778.68 1212214996
1829.52 2029.94 1212215057
2052.89 1883.65 1212215128
2426.06 1815.53 1212215172
2770.87 2150.54 1212215232
3216.73 2611.77 1212215292
3097.95 2807.21 1212215340
3099.72 2807.21 1212215346
3105.93 2801.62 1212215362
3112.13 2796.04 1212215423
3114.79 2793.81 1212215445
3108.59 2783.75 1212215503
2996.01 2886.5 1212215569
2822.28 2686.59 1212215640
3174.18 2334.81 1212215692
2810.76 1930.55 1212215745
2457.97 1574.33 1212215809
2231.05 1411.3 1212215938
2231.05 1411.3 1212215986
2200.92 1450.38 1212216022
1958.93 1698.28 1212216064
1668.19 2237.65 1212216116
1453.69 2452.07 1212216170
1205.5 2427.5 1212216232
457.38 2297.95 1212216290
-342.148 2169.53 1212216350
-1042.4 2063.44 1212216426
-2008.57 1914.92 1212216470
-2714.14 2326.99 1212216659
-2822.28 2463.23 1212216718
-2845.33 2743.55 1212216809
-2950.81 2737.96 1212216835
-2742.5 4737.3 1212216967
-1731.13 4807.68 1212216994
-1277.29 4752.94 1212217019
-1048.6 4518.36 1212217040
-797.755 4312.82 1212217101
-468.903 4375.37 1212217146
-476.88 4379.84 1212217305
134.732 4455.8 1212217332
151.573 4206.7 1212217468
153.346 4184.36 1212217488
153.346 4184.36 1212217507
446.743 4193.3 1212217563
424.583 4396.6 1212217598
378.49 4527.29 1212217654
375.831 4523.94 1212217723
367.854 4516.12 1212217768
339.489 4499.37 1212217833
-364.308 4491.55 1212217953
-343.921 4496.01 1212218008
-182.597 4436.81 1212218039
-176.392 4404.42 1212218085
264.146 4444.63 1212218152
611.612 4328.46 1212218224
1036.2 4206.7 1212218335
1092.04 3886.13 1212218363
1092.92 3886.13 1212218370
943.124 3944.21 1212218426
1225 3996.71 1212218496
1185.11 4299.42 1212218547
915.645 4272.61 1212218616
874.871 4360.85 1212218666
617.817 4547.4 1212218732
151.573 4474.79 1212218764
12.4095 4450.22 1212218806
-298.715 4393.25 1212218868
-877.53 4317.29 1212218937
-1304.77 4168.73 1212219000
-1148.77 3859.32 1212219054
-1022.9 3255.06 1212219107
-1048.6 2720.1 1212219228
-964.397 1766.4 1212219364
-1630.97 1281.77 1212219469
-1556.51 869.752 1212219560
-1557.4 869.752 1212219585
-1290.59 1050.64 1212219636
-148.028 1237.11 1212219763
-23.0463 1014.91 1212219822
55.8428 446.587 1212219892
595.657 480.083 1212219948
834.984 336.055 1212220013
1062.79 -10.0479 1212220058
1095.58 -492.334 1212220133
1191.31 -732.351 1212220180
1243.61 -727.885 1212220182
1377.46 -897.567 1212220222
1494.46 -545.92 1212220319
1307.43 -775.888 1212220377
1456.35 -1286.04 1212220472
1121.29 -591.691 1212220595
1083.17 -224.401 1212220610
1029.1 452.17 1212220676
578.816 486.782 1212220730
271.237 462.218 1212220790
10.6367 755.864 1212220850
-23.9326 1041.7 1212220916
-118.777 1222.59 1212220976
-160.437 1515.15 1212221046
-141.823 1563.16 1212221166
-325.307 2528.01 1212221400
-532.723 2562.63 1212221468
-885.508 2504.55 1212221531
-1619.44 2404.04 1212221585
-2352.49 2353.79 1212221673
-2449.99 2539.17 1212221809
-1504.21 2937.88 1212222009
-779.141 3058.5 1212222068
-428.129 3214.86 1212222138
-205.644 3143.38 1212222203
178.165 3114.34 1212222261
178.165 3113.22 1212222268
-376.718 3014.94 1212222333
-970.602 2981.43 1212222389
-1310.98 3911.82 1212222504
-1153.2 4185.48 1212222571
-777.368 4310.59 1212222634
-335.943 4379.84 1212222687
-29.251 4431.23 1212222758
24.819 4874.7 1212222809
141.823 4783.1 1212222878
81.5483 4773.05 1212222880
-68.2524 4551.87 1212222958
-69.1388 4554.1 1212222972
-68.2524 4552.98 1212223048
383.809 4494.9 1212223100
824.347 4566.39 1212223152
1297.68 4434.58 1212223213
1714.29 4508.3 1212223271
2182.3 4548.52 1212223331
2335.65 4386.54 1212223391
2401.24 4397.71 1212223452
2496.09 4471.44 1212223572
2498.75 4474.79 1212223602
2359.58 4502.72 1212223648
2446.45 4313.94 1212223708
2568.77 4205.59 1212223774
2966.76 3965.43 1212223834
3448.96 4007.88 1212223905
3491.51 3928.57 1212223934
3491.51 3928.57 1212223943
3554.44 3766.61 1212223995
3520.76 3451.64 1212224116
3460.48 3308.67 1212224176
3197.22 3126.62 1212224248
3228.25 3074.13 1212224292
3411.73 2876.45 1212224334
3506.58 2610.65 1212224410
3234.45 2328.1 1212224456
2589.16 1631.28 1212224515
1821.54 1057.34 1212224581
1387.21 1072.97 1212224635
1440.39 237.805 1212224700
1447.48 33.4932 1212224739
1447.48 33.4932 1212224740
1451.91 31.2603 1212224753
1262.23 59.1714 1212224813
1185.11 1087.48 1212224948
1223.22 1447.03 1212224995
1291.48 1773.1 1212225054
1199.29 2333.69 1212225115
1107.11 3146.73 1212225175
1523.71 3214.86 1212225239
2083.91 3308.67 1212225296
2379.97 3444.94 1212225357
2327.67 3650.45 1212225418
2338.31 3656.03 1212225484
2319.69 3750.98 1212225504
2665.39 3817.99 1212225563
2751.37 4039.15 1212225623
2683.12 4166.49 1212225680
2474.81 4197.77 1212225730
2289.56 4169.84 1212225790
1083.17 3922.99 1212225880
926.282 3851.5 1212225931
927.169 3850.38 1212225933
1177.13 4202.24 1212226047
1372.14 4007.88 1212226107
2244.35 4155.32 1212226168
2733.64 4233.51 1212226227
2559.02 4240.21 1212226288
2320.58 4439.05 1212226348
2319.69 4436.81 1212226408
1810.02 4886.99 1212226480
1654.9 5019.93 1212226521
1634.51 5235.54 1212226571
1541.44 5102.6 1212226640
1636.28 5018.81 1212226691
1636.28 5018.81 1212226710
1248.04 4965.19 1212226778
840.302 4794.27 1212226827
413.06 4508.3 1212226886
-26.5918 4442.4 1212226949
-25.7054 4442.4 1212226950
-314.67 4397.71 1212227018
-630.226 4431.23 1212227070
-358.99 4385.43 1212227130
-38.115 4420.06 1212227203
-39.0014 4420.06 1212227219
-309.352 4391.01 1212227271
-704.684 4327.34 1212227348
-934.26 4294.95 1212227392
-1399.62 4109.52 1212227468
-1074.31 3601.31 1212227512
-1289.7 3390.21 1212227595
-1071.65 3604.66 1212227658
-1381.89 4112.87 1212227728
-913.873 4293.83 1212227779
-456.493 4358.62 1212227821
-10.6367 4291.6 1212227878
27.4782 4030.22 1212227938
0.886394 4241.33 1212227999
-7.97755 4296.06 1212228011
-123.209 4044.74 1212228071
-50.5245 3556.63 1212228131
50.5245 2946.81 1212228192
132.073 2554.81 1212228258
137.391 2558.16 1212228274
139.164 2559.28 1212228285
309.352 2249.93 1212228341
905.009 2257.75 1212228401
1136.36 1790.96 1212228456
1167.38 1595.55 1212228485
1392.53 893.199 1212228546
1453.69 75.9182 1212228602
1485.6 -376.231 1212228662
1523.71 -861.845 1212228716
1560.05 -1346.31 1212228776
1951.84 -1329.57 1212228836
2652.09 -1246.97 1212228894
3107.7 -1192.27 1212228943
3355 -1172.18 1212228959
3749.45 -1003.62 1212229025
3584.58 -958.964 1212229083
3589.01 -954.499 1212229141
3587.24 -955.615 1212229201
