3616.49 -977.942 1212621156
3577.49 -1035.99 1212621216
3575.72 -1037.11 1212621277
3575.72 -1037.11 1212621302
3573.94 -1032.64 1212621362
3569.51 -1039.34 1212621459
3566.85 -1044.92 1212621519
3565.96 -1050.5 1212621579
3571.28 -1056.08 1212621639
3557.99 -1150.97 1212621701
3021.72 -1190.04 1212621766
2555.48 -1261.48 1212621827
2019.21 -1315.06 1212621881
1591.96 -1306.13 1212621941
1552.08 -1140.92 1212622005
1533.46 -906.498 1212622061
1505.98 -562.666 1212622121
1490.03 -366.184 1212622181
1486.48 -179.745 1212622241
1486.48 -179.745 1212622256
1487.37 -181.977 1212622275
1640.72 -159.649 1212622330
1696.56 -580.527 1212622390
1747.97 -1257.01 1212622451
1811.79 -1332.92 1212622511
2130.01 -1327.34 1212622577
2935.74 -1201.2 1212622633
3387.8 -1171.06 1212622693
3579.26 -1095.15 1212622754
3584.58 -1105.2 1212622793
3584.58 -1102.97 1212622795
3584.58 -1102.97 1212622798
3579.26 -1133.11 1212622859
3649.29 -861.845 1212622919
3963.07 -833.937 1212622980
4221.9 -823.89 1212623040
4247.6 -717.838 1212623100
4213.92 -299.2 1212623161
4172.26 275.765 1212623222
4113.76 1106.47 1212623283
4090.71 1416.88 1212623307
4090.71 1416.88 1212623321
4061.46 1732.9 1212623368
4039.3 1856.85 1212623434
3971.05 1924.97 1212623489
3918.75 1947.3 1212623549
3736.15 2125.97 1212623584
3536.71 2333.69 1212623643
3149.36 2740.2 1212623704
3149.36 2740.2 1212623745
2994.24 2878.68 1212623764
2861.28 3031.69 1212623833
2845.33 3087.53 1212623884
2708.82 2940.11 1212623944
2579.41 2792.69 1212623989
2579.41 2793.81 1212623995
2551.93 2793.81 1212624029
2361.35 2846.3 1212624091
2185.85 2782.64 1212624117
1915.5 2736.85 1212624153
1915.5 2736.85 1212624210
1580.44 2698.88 1212624286
1421.78 2863.05 1212624347
2072.39 3075.25 1212624456
2072.39 3075.25 1212624490
2111.39 3281.87 1212624513
2109.62 3279.64 1212624580
2099.87 3297.51 1212624632
2098.98 3301.97 1212624633
2098.98 3301.97 1212624653
2098.98 3301.97 1212624706
2098.98 3301.97 1212624765
2098.98 3301.97 1212624780
2646.77 3610.24 1212624803
2646.77 3610.24 1212624821
2646.77 3610.24 1212624841
2935.74 3645.98 1212624850
2962.33 3686.19 1212624892
3067.81 3637.05 1212624953
2964.1 3571.15 1212625013
2917.12 3508.6 1212625076
2914.46 3332.13 1212625143
2967.65 3339.95 1212625195
2992.47 3266.23 1212625260
2987.15 3215.97 1212625320
3229.13 2888.74 1212625380
2965.88 2635.22 1212625451
2775.3 2430.85 1212625497
2564.34 2225.36 1212625555
2755.8 1952.88 1212625616
2629.93 1747.41 1212625682
2418.97 1534.13 1212625739
2242.58 1359.93 1212625797
2101.64 1221.47 1212625857
1974.89 1045.05 1212625920
1833.06 945.678 1212625979
1832.18 946.794 1212625998
1832.18 946.794 1212626000
1829.52 946.794 1212626017
1821.54 944.561 1212626034
1782.54 970.242 1212626109
2276.26 1021.6 1212626169
2784.16 1070.73 1212626215
2799.23 1067.38 1212626228
2823.17 1109.81 1212626251
2699.96 1240.46 1212626292
2867.49 1430.28 1212626353
2781.51 1543.06 1212626423
2491.65 1831.16 1212626478
2350.72 1977.45 1212626539
2009.46 2314.7 1212626593
1927.02 2461 1212626653
1885.36 2909.96 1212626714
1840.15 3131.09 1212626778
1809.13 3249.48 1212626834
1783.43 3335.48 1212626894
1575.12 3334.36 1212626954
1487.37 3363.4 1212627014
1484.71 3377.92 1212627024
1490.03 3382.39 1212627029
1335.8 3508.6 1212627094
1315.41 3511.95 1212627117
1245.38 3795.65 1212627177
1114.2 3859.32 1212627256
1055.7 4183.25 1212627297
917.418 4165.37 1212627368
880.19 4331.81 1212627418
740.139 4261.44 1212627478
174.62 4154.2 1212627615
150.687 4230.16 1212627624
353.671 4175.43 1212627675
854.484 4256.97 1212627796
1007.83 4280.43 1212627856
1073.42 4042.5 1212627917
1262.23 3811.29 1212627977
1276.41 3708.53 1212628034
1305.66 3510.83 1212628088
1324.27 3422.6 1212628148
1465.21 3415.9 1212628208
1970.45 3513.07 1212628270
2148.62 3527.59 1212628301
2311.72 3559.98 1212628363
2618.41 3606.89 1212628427
2656.52 3612.47 1212628454
2909.15 3648.22 1212628556
2976.51 3654.92 1212628568
3004.88 3669.44 1212628584
3068.7 3611.36 1212628646
3023.49 3580.08 1212628704
2953.47 3578.97 1212628764
2758.46 3549.93 1212628841
2461.52 3473.98 1212628884
2219.53 3431.53 1212628945
1538.78 3325.43 1212629009
1395.18 3305.32 1212629065
1313.64 3289.69 1212629125
1160.29 3260.65 1212629195
1067.22 3251.71 1212629250
580.588 3173.53 1212629322
195.007 3110.99 1212629366
-17.7279 3076.37 1212629398
-700.252 2964.68 1212629454
-946.669 2927.82 1212629514
-969.716 2940.11 1212629577
-975.92 2993.72 1212629655
-989.216 3058.5 1212629704
-990.103 3058.5 1212629720
-983.011 3045.09 1212629789
-983.898 3046.21 1212629794
-984.784 3045.09 1212629814
-990.989 3126.62 1212629871
-588.566 3193.64 1212629925
-427.242 3150.08 1212629997
79.7755 3195.87 1212630044
176.392 3129.97 1212630104
205.644 2947.93 1212630164
216.28 2878.68 1212630207
74.4571 2863.05 1212630290
303.147 3008.24 1212630349
867.78 3106.52 1212630410
946.669 3011.59 1212630470
1092.04 2936.76 1212630530
1056.58 3249.48 1212630591
754.322 3310.91 1212630651
884.622 3362.29 1212630719
949.328 2973.61 1212630776
978.579 3004.89 1212630831
963.511 3037.28 1212630865
842.961 3011.59 1212630909
393.559 2941.23 1212630969
77.1163 2882.03 1212631029
-375.831 2898.79 1212631138
-375.831 2898.79 1212631140
-364.308 2906.6 1212631166
-387.354 2834.01 1212631217
-444.084 3271.82 1212631277
-488.403 3535.41 1212631339
-510.563 3683.96 1212631386
-552.224 3966.55 1212631442
-141.823 4099.47 1212631516
287.192 4169.84 1212631573
581.475 4211.17 1212631628
868.667 4260.32 1212631689
1007.83 4282.66 1212631748
1384.55 4339.63 1212631803
1386.32 4339.63 1212631822
1172.7 4398.83 1212631883
1222.34 4420.06 1212631903
1336.68 4227.93 1212631959
1217.02 4109.52 1212632019
1569.8 4041.39 1212632143
2517.36 4203.35 1212632200
2770.87 4000.06 1212632327
2943.72 3632.58 1212632384
2994.24 3623.64 1212632426
3169.75 3657.15 1212632492
3265.48 3680.61 1212632509
3386.91 3688.43 1212632553
3296.5 3463.92 1212632608
3128.97 2880.92 1212632663
2742.5 2937.88 1212632723
2602.45 2844.06 1212632783
2436.7 2660.9 1212632848
2243.46 2477.75 1212632919
1999.71 2247.7 1212632963
1187.77 1403.48 1212633089
1172.7 1110.93 1212633144
1228.54 392.996 1212633281
1243.61 197.612 1212633339
1265.77 -103.828 1212633400
1269.32 -102.712 1212633404
1268.43 -164.115 1212633462
1314.52 -706.675 1212633578
1426.21 -895.335 1212633624
1530.8 -859.612 1212633708
1508.64 -592.807 1212633764
1680.6 -519.127 1212633822
1646.03 180.865 1212633886
1617.67 544.84 1212633945
1587.53 1070.73 1212634006
1513.08 1477.18 1212634065
1418.23 1737.36 1212634140
1381 2191.86 1212634186
1348.21 2407.39 1212634251
1607.03 2590.55 1212634311
1747.08 2507.9 1212634373
1693.01 2525.77 1212634407
1693.01 2520.19 1212634458
1688.58 2514.61 1212634480
1665.54 2488.92 1212634489
1631.85 2456.53 1212634496
1448.37 2454.3 1212634557
1297.68 2579.38 1212634622
1291.48 2761.42 1212634666
1246.27 3379.04 1212634727
1314.52 3395.79 1212634742
1349.98 3215.97 1212634802
1316.3 2858.58 1212634870
1275.52 2879.8 1212634878
1220.57 3146.73 1212634940
1177.13 3308.67 1212634968
1210.81 3368.99 1212635031
1342.89 3279.64 1212635088
1371.25 3093.12 1212635148
1418.23 2822.84 1212635208
1474.96 2475.52 1212635271
1539.67 2248.82 1212635329
1677.06 2081.31 1212635390
1556.51 1955.12 1212635465
1599.94 1793.2 1212635522
2131.78 1287.35 1212635584
2684 760.33 1212635631
2869.26 -473.356 1212635691
2683.12 -3069.63 1212635811
2739.85 -3033.92 1212635887
3222.93 -2687.94 1212635932
3515.44 -2702.45 1212635996
3521.65 -2708.03 1212636052
3540.26 -2716.96 1212636084
3477.33 -2674.55 1212636143
3216.73 -2594.19 1212636196
2732.75 -2403.34 1212636256
2680.46 -1950.19 1212636325
2838.23 -1440.08 1212636378
2713.25 -1219.06 1212636406
1556.51 -1251.43 1212636597
1519.28 -766.957 1212636665
1293.25 -388.511 1212636779
1262.23 -3.34931 1212636832
1241.84 363.967 1212636913
1168.27 532.558 1212636973
657.705 495.714 1212637039
599.203 840.721 1212637105
397.105 1030.54 1212637155
286.305 954.61 1212637190
286.305 954.61 1212637192
287.192 953.494 1212637203
373.172 830.672 1212637263
338.603 1199.14 1212637333
288.965 1500.63 1212637390
221.599 1914.92 1212637439
304.92 2165.06 1212637500
304.92 2351.56 1212637550
303.147 2392.88 1212637589
245.531 2551.46 1212637660
248.19 2533.59 1212637711
250.85 2539.17 1212637770
241.986 2522.42 1212637846
237.554 2550.34 1212637897
255.282 2555.93 1212638008
101.049 2693.29 1212638163
237.554 2734.61 1212638259
241.099 2732.38 1212638292
258.827 2587.2 1212638347
224.258 2860.81 1212638407
148.028 3299.74 1212638531
93.9578 3687.31 1212638595
-8.86394 4290.48 1212638709
-31.0238 4455.8 1212638774
-39.8877 4479.26 1212638782
-41.6605 4487.08 1212638788
-229.576 4517.24 1212638844
-481.312 4420.06 1212638905
-231.349 4393.25 1212638970
-50.5245 4221.22 1212639025
8.86394 4136.33 1212639086
143.596 4144.15 1212639121
404.196 4187.71 1212639193
427.242 4192.18 1212639212
747.231 4229.04 1212639253
830.552 3720.82 1212639314
928.941 3099.82 1212639374
1210.81 2734.61 1212639436
1391.64 2761.42 1212639500
1729.36 2769.24 1212639556
1814.45 2318.05 1212639617
2065.3 1865.78 1212639687
2449.11 1830.05 1212639737
2786.82 1927.2 1212639802
3260.16 2083.54 1212639857
3613.83 1870.25 1212639917
3638.65 1862.43 1212639944
3638.65 1862.43 1212639945
3644.85 1849.03 1212640005
3632.44 1850.15 1212640013
3666.13 1801.01 1212640073
3425.91 921.113 1212640133
3831.88 -513.545 1212640191
2908.26 -1186.69 1212640324
2241.69 -1315.06 1212640372
1934.11 -1323.99 1212640427
1262.23 -1338.5 1212640488
997.194 -1366.41 1212640548
767.618 -1385.38 1212640614
362.535 -1330.69 1212640674
318.216 -1340.73 1212640725
319.102 -1341.85 1212640771
319.102 -1341.85 1212640773
319.102 -1341.85 1212640776
216.28 -1338.5 1212640836
149.801 -1066.13 1212640897
335.057 -929.94 1212640957
314.67 -626.298 1212641018
91.2986 -381.813 1212641078
65.5932 52.4728 1212641138
39.8877 359.501 1212641199
10.6367 753.63 1212641259
-5.31837 953.494 1212641309
-55.8428 1095.3 1212641338
-278.328 1215.89 1212641444
-278.328 1215.89 1212641470
-1116.86 980.291 1212641667
-645.295 1153.36 1212641669
161.324 1285.12 1212641789
456.493 1327.55 1212641850
633.772 1471.6 1212641910
877.53 1601.13 1212641970
877.53 1601.13 1212641989
857.143 1715.03 1212642065
930.714 1866.9 1212642225
931.601 1868.01 1212642227
935.146 1868.01 1212642231
812.824 2036.64 1212642292
756.094 2357.14 1212642352
691.388 2915.54 1212642433
655.932 2954.63 1212642478
655.932 2954.63 1212642479
920.077 3003.77 1212642566
672.773 2861.93 1212642627
649.727 2863.05 1212642647
218.053 2854.11 1212642713
174.62 3201.45 1212642768
-257.941 3147.84 1212642828
-257.941 3147.84 1212642849
-363.422 2708.93 1212642950
-279.214 2204.15 1212643038
-279.214 2204.15 1212643054
-193.234 1674.83 1212643093
-154.233 1429.17 1212643153
-158.665 1529.66 1212643213
-250.85 2069.02 1212643283
-250.85 2069.02 1212643297
-358.99 2773.7 1212643387
34.5694 2971.38 1212643468
1639.83 3242.78 1212643633
1639.83 3242.78 1212643674
1811.79 3355.58 1212643684
1710.74 3366.75 1212643710
1710.74 3366.75 1212643727
1204.61 3341.06 1212643784
1204.61 3342.18 1212643792
1205.5 3350 1212643802
1352.64 3249.48 1212643866
1371.25 3080.83 1212643916
1371.25 3080.83 1212643922
1523.71 3002.65 1212643982
1895.11 3064.08 1212644043
2469.49 3144.49 1212644105
2699.96 3308.67 1212644164
2551.04 3306.44 1212644202
2551.04 3306.44 1212644227
2571.43 3092 1212644269
2621.07 2876.45 1212644324
2836.46 3022.76 1212644384
2968.53 3165.71 1212644444
2954.35 2903.25 1212644511
2957.9 2904.37 1212644519
2721.23 2647.5 1212644579
2720.34 2646.39 1212644582
2389.72 2321.4 1212644655
1767.47 1708.33 1212644702
1529.03 1472.71 1212644772
1180.68 1276.19 1212644840
608.067 1144.43 1212644943
254.395 1195.79 1212645009
-255.282 1151.13 1212645067
-700.252 1147.78 1212645133
-834.984 962.426 1212645183
-830.552 966.893 1212645232
-813.71 882.034 1212645235
-933.373 790.476 1212645280
-1272.86 740.232 1212645330
-1272.86 740.232 1212645344
-1289.7 1049.52 1212645400
-855.371 1122.1 1212645508
-281.873 1214.77 1212645572
161.324 1286.24 1212645610
335.057 1313.04 1212645658
437.879 1529.66 1212645718
399.764 1726.2 1212645778
345.694 2046.69 1212645838
262.373 2554.81 1212645899
228.69 2815.02 1212645959
164.869 3227.14 1212646020
89.5258 3709.65 1212646080
619.59 3898.41 1212646146
590.339 4315.05 1212646375
1070.76 4016.81 1212646472
870.439 3436 1212646595
694.933 3419.25 1212646663
694.047 3420.36 1212646676
694.047 3420.36 1212646678
694.933 3420.36 1212646684
694.933 3410.31 1212646723
694.047 3408.08 1212646753
569.065 3386.86 1212646807
159.551 3317.61 1212646869
155.119 3224.91 1212646904
234.895 2781.52 1212647024
937.805 2801.62 1212647082
1264.88 2744.67 1212647147
1307.43 2562.63 1212647202
1359.73 2230.95 1212647262
1490.92 2038.87 1212647322
1794.06 2018.77 1212647384
1417.34 1955.12 1212647444
1337.57 2503.44 1212647505
1471.41 2485.57 1212647565
1513.96 2210.85 1212647624
1735.56 1677.06 1212647689
1529.03 1470.48 1212647744
1370.37 1086.37 1212647867
1566.26 1077.43 1212647913
1751.52 1060.69 1212647968
2018.32 1400.13 1212648028
2130.89 1507.33 1212648074
2131.78 1507.33 1212648087
2343.63 1592.2 1212648139
2680.46 1511.8 1212648196
2941.06 1763.05 1212648267
3534.94 799.409 1212648317
3883.29 -658.672 1212648373
3341.71 -2048.41 1212648442
2712.37 -2934.59 1212648484
2996.01 -4091.84 1212648566
2867.49 -3686.77 1212648624
2675.14 -3097.53 1212648694
3101.49 -2762.72 1212648751
3527.85 -2706.92 1212648803
3542.03 -2715.84 1212648868
3528.74 -2709.15 1212648923
3528.74 -2708.03 1212648983
3528.74 -2706.92 1212649025
