3625.35 -914.312 1211817737
3591.67 -987.988 1211817797
3497.71 -1146.5 1211817858
3687.4 -858.496 1211817918
3797.31 -570.48 1211817980
3753.88 -24.5616 1211818039
3650.17 199.845 1211818100
3623.58 568.287 1211818160
3563.31 750.281 1211818221
3030.58 1300.75 1211818281
3395.78 1679.3 1211818341
3598.76 1881.41 1211818401
3797.31 2066.79 1211818461
3682.97 2219.78 1211818534
3454.28 2553.69 1211818581
3325.75 2962.45 1211818641
3254.84 2920.01 1211818699
2933.08 2955.75 1211818758
2979.17 2945.69 1211818821
2972.08 2947.93 1211818853
2840.01 3251.71 1211818913
2773.53 3715.23 1211818973
2739.85 3840.33 1211819010
2727.44 3841.45 1211819012
2715.03 4065.96 1211819074
2429.61 4340.75 1211819132
2192.05 4570.86 1211819202
2122.91 4997.59 1211819252
1716.06 5146.16 1211819312
1716.06 5141.7 1211819372
1713.4 5150.63 1211819432
1712.51 5150.63 1211819493
1716.95 5157.34 1211819553
1722.26 5148.4 1211819613
1722.26 5148.4 1211819673
1722.26 5149.52 1211819733
1721.38 5149.52 1211819793
1723.15 5150.63 1211819858
1723.15 5147.28 1211819915
1724.04 5142.81 1211819976
1728.47 5136.11 1211820036
1727.58 5137.23 1211820074
1725.81 5145.05 1211820134
1728.47 5147.28 1211820194
1732.9 5153.98 1211820254
1729.36 5133.88 1211820314
1729.36 5156.22 1211820380
1710.74 5150.63 1211820474
2282.47 5235.54 1211820537
2552.82 5244.47 1211820595
2940.17 4942.85 1211820659
3221.16 4556.34 1211820716
3343.48 4386.54 1211820755
3801.75 3771.08 1211820809
3823.91 3508.6 1211820870
3939.14 3374.57 1211820930
4213.92 3127.74 1211820991
4096.03 2227.6 1211821051
3388.69 1522.96 1211821112
3820.36 88.1991 1211821167
3731.72 -1418.87 1211821221
2864.83 -2628.79 1211821269
3068.7 -4121.97 1211821322
3560.65 -5530.08 1211821372
3825.68 -7037.24 1211821417
4096.92 -8549.69 1211821469
4182.9 -9250.05 1211821487
3438.32 -10558.1 1211821536
2543.07 -11772.2 1211821588
2625.5 -13287.1 1211821631
2913.58 -14778.4 1211821691
3294.73 -16151.2 1211821752
4072.98 -16208 1211821815
4052.6 -16105.5 1211821872
4049.05 -16088.8 1211821933
4025.12 -16098.9 1211821965
4022.46 -16100 1211821967
3531.4 -16202.5 1211822027
3049.2 -14929.9 1211822088
2752.25 -13578 1211822148
2561.68 -12073.2 1211822202
3266.36 -10749.8 1211822256
4115.53 -9539.99 1211822297
4025.12 -8048.91 1211822344
3760.09 -6573.18 1211822392
3404.64 -5119.5 1211822439
2957.9 -3658.87 1211822490
2826.71 -2668.97 1211822550
3745.02 -1467.98 1211822581
3849.61 11.1644 1211822632
3354.12 1336.49 1211822691
3330.18 1775.33 1211822753
3595.22 1876.95 1211822788
3675.88 1812.18 1211822841
3581.92 1574.33 1211822953
3579.26 1572.1 1211823013
3576.6 1581.03 1211823075
3569.51 1577.68 1211823135
3570.4 1575.45 1211823150
3706.02 1850.15 1211823210
3674.1 2227.6 1211823270
3166.2 2731.26 1211823330
2997.79 2907.72 1211823392
2639.68 3620.29 1211823450
2728.32 3997.82 1211823511
2467.72 4312.82 1211823571
2137.1 4599.9 1211823631
1557.4 5026.63 1211823692
1362.39 5064.61 1211823752
1357.07 5120.47 1211823781
1357.07 5129.41 1211823809
1472.3 5307.03 1211823864
1368.59 5197.55 1211823900
1498.89 5123.82 1211823945
1370.37 5103.71 1211824005
1305.66 5093.66 1211824065
1198.41 5111.53 1211824125
1197.52 5085.84 1211824185
1197.52 5085.84 1211824208
1202.84 5114.88 1211824269
1203.72 5099.24 1211824330
1203.72 5097.01 1211824390
1202.84 5094.78 1211824450
1201.06 5097.01 1211824514
1199.29 5094.78 1211824575
1201.95 5095.89 1211824630
1213.47 5104.83 1211824690
1205.5 5099.24 1211824750
1201.06 5095.89 1211824810
1200.18 5097.01 1211824870
1199.29 5097.01 1211824911
1200.18 5101.48 1211824969
1314.52 5081.37 1211825029
1572.46 5127.17 1211825090
1981.98 5196.44 1211825150
1976.66 5193.08 1211825211
1807.36 5165.16 1211825276
1576.01 5071.32 1211825333
1799.38 4876.94 1211825392
2170.78 4556.34 1211825452
1784.31 4433.46 1211825513
1232.97 4338.51 1211825572
1172.7 4425.64 1211825602
1164.72 4369.79 1211825650
1170.93 4363.09 1211825710
1174.47 4357.5 1211825732
1198.41 4236.86 1211825794
1354.41 4143.03 1211825852
2239.92 4154.2 1211825913
2569.66 4204.47 1211825973
2788.6 3681.72 1211826033
2894.08 3610.24 1211826072
2894.08 3610.24 1211826084
2905.6 3640.4 1211826139
2451.77 3595.72 1211826179
2289.56 3565.56 1211826239
2254.99 3587.9 1211826300
2239.03 3592.37 1211826362
2228.4 3586.79 1211826421
2228.4 3589.02 1211826502
2228.4 3596.84 1211826562
2223.08 3591.25 1211826622
2229.28 3608.01 1211826682
2212.44 3578.97 1211826743
2213.33 3575.62 1211826803
2209.78 3584.55 1211826863
2212.44 3581.2 1211826923
2215.1 3583.43 1211826984
2218.65 3581.2 1211827044
2208.89 3594.6 1211827106
2202.69 3601.31 1211827166
2208.01 3593.49 1211827228
2214.21 3587.9 1211827288
2211.55 3587.9 1211827349
2209.78 3573.38 1211827409
2213.33 3567.8 1211827469
2212.44 3567.8 1211827529
2210.67 3565.56 1211827590
2208.89 3563.33 1211827650
2208.89 3558.86 1211827711
2191.17 3542.11 1211827771
2205.35 3553.28 1211827832
2204.46 3545.46 1211827892
2200.92 3552.16 1211827952
2192.05 3553.28 1211828012
2192.05 3555.51 1211828073
2190.28 3551.04 1211828133
2188.51 3551.04 1211828193
2203.58 3563.33 1211828247
2192.94 3553.28 1211828307
2197.37 3555.51 1211828367
2199.14 3557.75 1211828428
2173.44 3537.64 1211828488
2176.1 3539.87 1211828547
2199.14 3561.1 1211828588
2187.62 3548.81 1211828648
2204.46 3554.39 1211828709
2191.17 3548.81 1211828768
2190.28 3549.93 1211828828
2215.1 3566.68 1211828888
2195.6 3552.16 1211828948
2180.53 3551.04 1211829009
2181.42 3547.69 1211829047
1842.81 3583.43 1211829107
1327.82 3509.72 1211829167
1050.38 3463.92 1211829232
986.557 3718.58 1211829288
868.667 4378.73 1211829348
780.027 4464.74 1211829370
780.027 4465.85 1211829372
663.023 4232.39 1211829432
336.83 4179.9 1211829493
196.78 4158.67 1211829519
15.0687 4128.51 1211829579
-356.331 4069.31 1211829639
-546.905 4036.92 1211829674
-803.073 4001.18 1211829734
-807.505 4001.18 1211829747
-487.517 4150.85 1211829813
80.6619 4240.21 1211829868
561.088 4318.41 1211829930
864.235 4366.44 1211829990
850.052 4556.34 1211830051
834.984 4660.22 1211830086
834.984 4663.57 1211830088
834.097 4664.69 1211830148
839.416 4687.03 1211830208
980.352 4633.41 1211830268
1019.35 4402.18 1211830328
1174.47 4320.64 1211830388
1249.82 3899.53 1211830448
1293.25 3644.87 1211830508
1320.73 3384.62 1211830569
1230.32 3277.4 1211830630
1212.59 3295.27 1211830690
1208.16 3295.27 1211830751
1210.81 3306.44 1211830812
1215.25 3293.04 1211830856
1205.5 3285.22 1211830923
1205.5 3276.29 1211830975
1205.5 3289.69 1211831036
1209.93 3293.04 1211831097
1195.75 3286.34 1211831159
1190.43 3316.49 1211831220
1186.88 3291.92 1211831272
1201.95 3318.73 1211831333
1197.52 3294.16 1211831393
1186.88 3332.13 1211831459
1201.95 3301.97 1211831499
1204.61 3298.62 1211831559
1190.43 3285.22 1211831620
1198.41 3307.56 1211831680
1204.61 3294.16 1211831742
1203.72 3289.69 1211831802
1198.41 3285.22 1211831863
1310.98 3390.21 1211831923
1599.06 3434.88 1211831981
1657.56 3210.39 1211832041
1730.24 2714.51 1211832101
1791.4 2244.35 1211832151
1790.52 2244.35 1211832158
1932.34 2159.48 1211832213
2152.17 2376.13 1211832278
2458.86 2669.84 1211832338
2653.86 2848.53 1211832393
2861.28 2999.3 1211832454
3024.38 3146.73 1211832514
3013.74 3178 1211832574
3019.06 3181.35 1211832634
3025.26 3190.29 1211832694
3017.29 3173.53 1211832719
3020.83 3179.12 1211832780
3020.83 3189.17 1211832839
2997.79 3188.05 1211832904
2999.56 3190.29 1211832963
3019.06 3192.52 1211833021
3019.06 3192.52 1211833035
3011.97 3196.99 1211833047
3025.26 3192.52 1211833068
3027.92 3186.93 1211833110
3476.44 3394.68 1211833170
3754.77 3669.44 1211833230
3815.04 3717.47 1211833256
3821.25 3785.6 1211833322
3567.74 4115.11 1211833376
3305.36 4483.73 1211833436
3147.59 4703.79 1211833497
3097.95 4774.17 1211833558
2953.47 4955.14 1211833618
2891.42 5017.69 1211833679
2786.82 5116 1211833739
2782.39 5120.47 1211833759
2781.51 5120.47 1211833762
2712.37 5168.51 1211833820
2628.16 5219.9 1211833880
2627.27 5216.54 1211833940
2483.68 5302.57 1211834000
2293.99 5381.88 1211834063
2228.4 5390.82 1211834120
2294.88 5361.78 1211834182
2473.93 5292.51 1211834246
2616.64 5208.72 1211834301
2939.28 4936.14 1211834362
3003.99 4680.33 1211834423
3084.65 4229.04 1211834484
3003.99 3645.98 1211834544
2947.26 3713 1211834605
2923.33 3482.91 1211834665
3038.56 3584.55 1211834726
3042.11 3613.59 1211834786
3035.9 3628.11 1211834847
3035.9 3628.11 1211834849
3029.7 3879.43 1211834909
2961.44 4256.97 1211834969
2441.13 4194.42 1211835029
2160.14 4146.39 1211835103
1303 4015.7 1211835149
969.716 3960.96 1211835181
917.418 4078.25 1211835243
365.195 4076.01 1211835306
-108.14 4005.64 1211835364
-117.004 4045.86 1211835370
-116.118 4207.82 1211835430
15.9551 4144.15 1211835491
50.5245 3928.57 1211835554
100.163 3525.35 1211835612
152.46 3264 1211835675
169.301 3213.74 1211835733
787.118 3310.91 1211835793
890.826 3346.65 1211835820
1209.04 3379.04 1211835880
1590.19 3438.24 1211835943
1857 3485.15 1211836000
2072.39 3469.51 1211836041
2015.66 3813.52 1211836101
2130.89 4015.7 1211836160
2082.14 4293.83 1211836220
2186.74 4477.02 1211836280
2280.69 4494.9 1211836341
2159.26 4765.23 1211836402
2112.28 5073.55 1211836463
2191.17 5219.9 1211836523
2317.92 5384.12 1211836584
2319.69 5385.24 1211836591
2232.83 5391.94 1211836652
2054.66 5376.3 1211836712
1925.25 5281.34 1211836772
1925.25 5266.82 1211836787
1988.18 4882.52 1211836847
2169.01 4697.09 1211836908
2329.44 4614.42 1211836949
2328.56 4613.31 1211836951
2204.46 4584.26 1211837017
2194.71 4485.96 1211837074
1770.13 4410 1211837132
1472.3 4420.06 1211837192
1247.16 4217.87 1211837253
1228.54 4021.28 1211837313
1249.82 3916.29 1211837374
1305.66 3558.86 1211837434
1584.87 3434.88 1211837494
2083.91 3499.67 1211837554
2212.44 3537.64 1211837614
2204.46 3548.81 1211837674
2228.4 3536.52 1211837735
2215.1 3534.29 1211837796
2205.35 3547.69 1211837856
2204.46 3546.58 1211837916
2209.78 3551.04 1211837977
2211.55 3533.17 1211838037
2212.44 3548.81 1211838098
2209.78 3553.28 1211838125
2214.21 3519.77 1211838186
2178.76 3556.63 1211838246
2223.96 3533.17 1211838308
2213.33 3536.52 1211838368
2212.44 3527.59 1211838429
2176.1 3551.04 1211838489
2188.51 3553.28 1211838557
2179.64 3548.81 1211838610
2172.55 3545.46 1211838672
2172.55 3556.63 1211838732
2153.05 3563.33 1211838793
2173.44 3576.73 1211838853
2184.96 3561.1 1211838914
2167.23 3561.1 1211838974
2168.12 3565.56 1211839035
2172.55 3597.95 1211839080
2269.17 3201.45 1211839140
2289.56 2933.41 1211839200
2486.34 2945.69 1211839260
2606 2960.21 1211839322
2792.14 3074.13 1211839383
2640.57 3073.01 1211839442
2542.18 3067.43 1211839471
2540.41 3067.43 1211839473
2287.78 3011.59 1211839533
2288.67 2797.16 1211839593
2276.26 2938.99 1211839653
2498.75 2998.19 1211839713
2510.27 2993.72 1211839734
2537.75 2978.08 1211839794
2579.41 2941.23 1211839854
2738.96 2978.08 1211839912
2742.5 3048.44 1211839972
2728.32 3059.61 1211840033
2797.46 3043.98 1211840093
2633.48 3058.5 1211840154
2199.14 3003.77 1211840214
1844.59 2989.25 1211840275
2109.62 3084.18 1211840335
2107.85 3096.47 1211840351
2415.42 3144.49 1211840412
2414.54 3126.62 1211840464
2414.54 3127.74 1211840524
2416.31 3129.97 1211840584
2418.08 3132.21 1211840644
2418.08 3131.09 1211840704
2426.06 3122.16 1211840764
2435.81 3110.99 1211840824
2434.93 3113.22 1211840884
2447.34 3105.4 1211840944
2449.11 3100.94 1211841004
2464.18 3094.23 1211841064
2467.72 3087.53 1211841124
2458.86 3074.13 1211841184
2474.81 3069.66 1211841244
2469.49 3078.6 1211841305
2465.06 3080.83 1211841365
2470.38 3031.69 1211841425
2393.26 3014.94 1211841485
2343.63 3009.35 1211841595
2963.22 3196.99 1211841655
3003.1 3150.08 1211841711
3225.59 3274.05 1211841771
3720.2 2905.49 1211841831
4399.18 3389.09 1211841892
5401.69 4584.26 1211841949
6534.5 5867.87 1211842006
7565.38 6342.71 1211842066
9093.52 6752.77 1211842105
10541 7039.94 1211842143
12001.8 6972.89 1211842199
11599.4 5527.12 1211842246
12842.1 4746.24 1211842303
14257.7 4273.72 1211842349
15484.4 3449.4 1211842394
16853.9 2923.36 1211842440
17775.8 1756.35 1211842486
19051.3 976.942 1211842534
19865 -261.242 1211842580
20719.5 -1494.77 1211842633
21170.6 -2558.48 1211842693
21170.6 -2559.59 1211842753
20879 -3378.76 1211842813
20799.2 -4023.77 1211842874
19864.1 -4893 1211842934
19645.2 -5190.91 1211842995
19645.2 -5190.91 1211843023
19645.2 -5194.26 1211843025
20202.7 -5242.23 1211843086
20825.8 -4291.58 1211843147
20985.4 -3646.59 1211843206
21417.1 -3428.98 1211843266
21452.5 -3377.65 1211843326
21453.4 -3377.65 1211843386
21420.6 -3408.89 1211843447
22025.1 -3149.98 1211843507
21074 -1968.04 1211843574
20191.2 -710.024 1211843614
19333.1 524.743 1211843661
18226.9 1543.06 1211843709
17263.4 2650.85 1211843758
16592.4 3074.13 1211843784
15223.8 3738.69 1211843831
13897.8 4464.74 1211843878
12465.4 4697.09 1211843923
11923.8 6009.76 1211843984
11542.6 7248.89 1211844044
10694.3 7206.43 1211844104
9280.55 6811.99 1211844160
7837.5 6446.62 1211844204
6487.52 5839.94 1211844255
5516.03 4699.32 1211844312
4555.18 3565.56 1211844365
3488.85 2483.34 1211844421
3131.63 1970.75 1211844481
3221.16 1457.08 1211844538
3813.27 64.7537 1211844598
3815.04 -942.22 1211844658
3721.08 -914.312 1211844718
3579.26 -958.964 1211844779
3576.6 -955.615 1211844838
3572.17 -971.244 1211844898
3572.17 -983.523 1211844958
3576.6 -982.407 1211844984
3585.47 -971.244 1211845022
