4369.92 -15881.6 1211175513
4189.1 -15905 1211175538
3979.02 -16156.8 1211175601
3095.29 -15218.5 1211175651
2777.96 -13692.8 1211175693
2560.79 -12169.1 1211175737
3214.95 -10786.6 1211175788
4106.67 -9552.26 1211175828
4016.25 -8016.57 1211175874
3745.9 -6498.44 1211175916
3341.71 -5020.2 1211175962
2901.17 -3524.95 1211176007
2535.09 -2012.69 1211176057
2890.53 -519.127 1211176101
2713.25 961.31 1211176158
2450.88 1869.13 1211176214
2478.36 2415.21 1211176280
2378.2 2807.21 1211176345
2340.08 2720.1 1211176451
2580.29 2521.31 1211176512
2933.97 2169.53 1211176568
2814.3 1922.73 1211176628
2679.57 963.543 1211176688
2668.05 251.202 1211176713
2825.83 -1233.57 1211176764
2512.04 -2677.9 1211176807
3070.47 -4123.08 1211176857
3482.64 -5275.7 1211176898
3773.38 -6744.98 1211176923
4036.64 -8212.87 1211176963
4022.46 -9720.64 1211177017
3093.52 -10871.4 1211177086
2561.68 -12293.9 1211177122
2774.41 -13775.3 1211177173
3050.97 -15248.6 1211177221
3815.93 -16228.1 1211177281
4259.13 -16101.1 1211177347
4403.61 -16055.4 1211177402
4408.04 -16042 1211177470
4410.7 -16014.2 1211177536
