-1139.9 981.408 1212964996
-1209.04 750.281 1212965015
-1209.04 750.281 1212965036
-1209.04 750.281 1212965084
-1271.09 748.048 1212965140
-1548.53 702.27 1212965165
-2518.25 32.3768 1212965434
-2528 34.6097 1212965470
-2520.02 432.073 1212965560
-2522.68 481.199 1212965683
-1815.34 866.402 1212965689
-1648.69 1242.69 1212965749
-592.998 1376.68 1212965880
83.3211 1486.11 1212965924
742.799 1596.66 1212965986
1004.28 1636.86 1212966086
1194.86 1506.21 1212966146
1196.63 1490.58 1212966164
1374.8 1157.83 1212966224
1872.95 1043.94 1212966285
2418.08 993.69 1212966391
2418.08 993.69 1212966404
2886.1 1171.23 1212966461
3418.82 1701.63 1212966526
3579.26 1855.73 1212966540
3666.13 1822.23 1212966605
3384.25 1000.39 1212966665
3828.34 -438.748 1212966711
3773.38 -1136.46 1212966771
3433.89 -1162.13 1212966833
3548.24 -1463.52 1212966893
4467.43 -2120.96 1212966954
4543.66 -2492.63 1212967014
4608.36 -2623.21 1212967080
4503.77 -2458.03 1212967104
4393.86 -2375.44 1212967126
4104.89 -2368.74 1212967176
3436.55 -1878.75 1212967236
3098.83 -1533.84 1212967296
3454.28 -1459.05 1212967356
3462.26 -1167.71 1212967416
3746.79 -990.221 1212967476
3590.78 -975.709 1212967536
3596.1 -955.615 1212967596
3596.1 -975.709 1212967657
3604.08 -990.221 1212967732
3587.24 -998.035 1212967778
3422.37 -1158.78 1212967838
2922.44 -948.918 1212967899
2692.87 270.183 1212967959
2737.19 1593.31 1212968020
3262.82 1842.33 1212968096
3670.56 1942.83 1212968157
4021.57 2265.57 1212968217
4051.71 2249.93 1212968249
4046.39 2216.43 1212968302
4057.03 2210.85 1212968364
4221.9 2545.87 1212968424
4252.92 2945.69 1212968479
4211.26 3276.29 1212968544
3783.13 3467.27 1212968604
3551.78 3630.35 1212968673
3363.87 3822.46 1212968754
3217.61 3562.21 1212968804
2879.01 3125.51 1212968874
2637.02 2853 1212968925
2574.09 2808.32 1212968973
2301.97 2528.01 1212969033
2110.51 2331.45 1212969055
2110.51 2331.45 1212969097
1913.73 2132.67 1212969122
1892.45 2110.34 1212969182
1784.31 2015.42 1212969243
1630.08 1859.08 1212969307
1268.43 1497.28 1212969363
1015.81 1246.04 1212969423
689.615 914.414 1212969487
217.167 447.704 1212969547
-607.18 103.829 1212969612
-753.435 -202.073 1212969667
-753.435 -202.073 1212969693
-621.363 -804.912 1212969727
-797.755 -1455.71 1212969787
-1398.73 -1603.05 1212969848
-1940.32 -1489.19 1212969913
-2091 -1446.78 1212969968
-2667.16 -1845.26 1212970028
-3217.61 -1884.33 1212970088
-3543.8 -1901.07 1212970148
-3755.65 -1521.56 1212970208
-3790.22 -903.149 1212970268
-3799.97 -715.606 1212970333
-3806.18 -617.367 1212970344
-3818.59 -423.119 1212970365
-3126.31 618.53 1212970628
-2696.41 430.956 1212970855
-2065.3 471.15 1212971143
-1506.87 569.403 1212971145
-1405.82 148.488 1212971205
-643.522 269.066 1212971327
-457.38 295.861 1212971389
-561.088 291.396 1212971431
-561.088 292.512 1212971432
-667.455 525.859 1212971492
-802.187 1023.84 1212971609
-698.479 1041.7 1212971612
-598.316 637.511 1212971677
-292.51 702.27 1212971737
39.0014 338.288 1212971797
47.8653 245.62 1212971865
50.5245 238.921 1212971888
49.6381 187.564 1212971890
50.5245 188.68 1212971909
69.1388 -84.8489 1212971962
-303.147 -123.924 1212972033
-362.535 -225.517 1212972082
-363.422 -226.634 1212972088
-517.654 -52.4724 1212972144
-82.4347 70.3359 1212972209
62.0476 83.7333 1212972269
28.3646 563.821 1212972326
12.4095 781.544 1212972384
12.4095 793.826 1212972449
-109.913 1212.54 1212972506
-125.868 1287.35 1212972565
-144.482 1443.68 1212972626
264.146 1516.26 1212972661
840.302 1601.13 1212972721
1113.31 1645.8 1212972801
1304.77 1570.98 1212972844
1424.44 1625.7 1212972905
1589.31 1795.43 1212972964
1750.63 1699.4 1212973029
2035.16 1627.93 1212973085
2011.23 1650.26 1212973111
2123.8 1801.01 1212973161
2620.18 1467.13 1212973227
2890.53 1713.91 1212973267
3336.39 1160.06 1212973327
3827.45 -293.618 1212973386
3819.47 -1121.94 1212973456
3587.24 -947.801 1212973514
