-6609.84 21396.6 1212312491
-7160.29 19995.3 1212312534
-6989.22 18492.4 1212312596
-6837.65 16959.5 1212312650
-7189.55 13947.3 1212312742
-5933.52 11222.3 1212312853
-4856.56 10182.7 1212312915
-4484.27 8692.74 1212312969
-3887.73 7555.07 1212313030
-3766.29 6227.63 1212313095
-3544.69 5223.25 1212313160
-3210.52 4888.11 1212313175
-2481.9 4656.87 1212313215
-1827.75 4771.93 1212313235
-29.251 4391.01 1212313393
-8.86394 4293.83 1212313459
-7.97755 4296.06 1212313461
-34.5694 4422.29 1212313532
79.7755 4449.1 1212313594
578.816 4337.39 1212313641
582.361 4315.05 1212313711
668.341 4332.93 1212313735
646.182 4329.58 1212313789
589.452 4329.58 1212313853
589.452 4329.58 1212313877
585.907 4331.81 1212313887
554.883 4508.3 1212313909
188.802 4473.67 1212313966
-582.361 4337.39 1212314021
-187.916 4401.07 1212314091
431.674 4078.25 1212314271
760.526 4129.63 1212314322
764.072 4244.68 1212314383
566.406 4319.52 1212314446
288.078 4292.71 1212314479
436.106 4615.54 1212314539
446.743 4624.48 1212314567
691.388 4568.62 1212314627
693.16 4567.51 1212314687
1043.29 4181.01 1212314747
1562.71 4034.69 1212314807
2472.15 4194.42 1212314842
2949.03 4267.02 1212314909
3087.31 4164.26 1212314962
3177.72 3478.44 1212315026
3674.99 3008.24 1212315099
3706.02 2985.9 1212315137
3706.02 2985.9 1212315158
3775.15 2893.2 1212315160
3347.91 2553.69 1212315220
3105.04 2769.24 1212315285
2852.42 3061.85 1212315340
2091 2965.8 1212315400
1242.73 2848.53 1212315461
1212.59 2895.44 1212315490
1257.79 2825.08 1212315531
1257.79 2823.96 1212315532
1194.86 2813.91 1212315566
1210.81 3203.69 1212315629
1317.18 3391.33 1212315665
1622.99 3346.65 1212315725
2097.21 3303.09 1212315786
2668.05 3344.42 1212315847
2507.61 3055.14 1212315909
2292.22 2991.48 1212315959
2286.01 2916.66 1212316019
2120.26 3094.23 1212316079
2153.94 3523.12 1212316140
2219.53 3439.35 1212316195
2219.53 3439.35 1212316197
2175.21 3528.71 1212316257
2195.6 3529.82 1212316268
2217.76 3442.7 1212316328
2284.24 3152.31 1212316397
2332.99 2878.68 1212316448
2563.45 2538.06 1212316508
2984.49 2115.92 1212316569
2809.87 1920.5 1212316628
2686.66 866.402 1212316694
2887.87 -674.301 1212316753
2263.85 -1317.29 1212316814
1966.02 -1322.87 1212316877
1415.57 -1337.38 1212316924
1171.81 -1532.73 1212316999
827.892 -1560.63 1212317044
565.52 -1358.59 1212317104
-24.819 -1360.83 1212317170
-316.443 -1648.81 1212317230
-250.85 -1995.95 1212317290
-248.19 -1999.3 1212317308
-269.464 -1968.04 1212317331
-367.854 -1653.28 1212317391
-20.3871 -1435.61 1212317451
-51.4109 -1034.87 1212317497
159.551 -986.872 1212317517
728.616 -944.452 1212317577
1226.77 -905.381 1212317626
1307.43 -898.683 1212317655
1529.03 -820.541 1212317720
1498.01 -475.589 1212317776
1462.55 6.69863 1212317837
1456.35 -14.5137 1212317849
1269.32 -16.7466 1212317910
1205.5 782.661 1212317970
1196.63 1415.77 1212318030
1305.66 1673.71 1212318097
1317.18 1668.13 1212318118
1241.84 2160.59 1212318178
1182.45 2498.97 1212318202
927.169 3220.44 1212318262
372.286 3137.79 1212318322
-8.86394 3174.65 1212318381
-8.86394 3173.53 1212318387
35.4558 3196.99 1212318400
217.167 2845.18 1212318466
684.297 2866.4 1212318521
1108.88 2936.76 1212318581
1413.8 2771.47 1212318662
1482.94 2779.29 1212318785
1476.73 2782.64 1212318845
1476.73 2784.87 1212318905
1475.85 2781.52 1212318965
1474.07 2791.57 1212319030
1477.62 2785.99 1212319085
1474.07 2787.1 1212319146
1478.51 2794.92 1212319210
1763.04 2844.06 1212319266
1899.54 2749.13 1212319330
1439.5 2752.48 1212319386
1472.3 2789.34 1212319446
1455.46 2759.18 1212319506
1737.33 2837.36 1212319566
2196.49 2906.6 1212319626
2563.45 2949.04 1212319687
2808.1 2679.89 1212319746
3419.71 2846.3 1212319807
3712.22 3128.86 1212319867
3923.18 3306.44 1212319928
3976.37 3335.48 1212319962
4023.34 3387.97 1212319964
4023.34 3387.97 1212319965
4208.6 2770.35 1212320034
3727.29 1874.71 1212320085
3371.84 1026.07 1212320145
3831.88 -234.449 1212320187
3581.92 -1713.55 1212320234
2526.22 -2780.58 1212320280
1069.88 -3193.51 1212320344
-368.74 -3366.49 1212320385
-1153.2 -4703.32 1212320428
-1786.08 -5433.02 1212320488
-3480.87 -2947.98 1212320728
