-5133.11 -2631.02 1212188814
-5131.34 -2631.02 1212188874
-5132.22 -2631.02 1212188939
-5034.72 -2511.6 1212188994
-4714.73 -2392.18 1212189044
-4477.18 -2381.02 1212189100
-4724.48 -2177.88 1212189160
-4723.6 -1974.74 1212189221
-4914.17 -1976.97 1212189282
-4915.94 -1978.09 1212189343
-4915.94 -1978.09 1212189443
-4915.06 -1979.21 1212189463
-5149.07 -1994.83 1212189523
-5188.95 -2607.58 1212189583
-5166.79 -2916.73 1212189604
-4595.07 -3386.57 1212189663
-4380.56 -4335.1 1212189728
-4411.59 -5455.33 1212189784
-4381.45 -6520.75 1212189844
-4371.7 -6538.6 1212189904
-4260.9 -6531.91 1212189964
-4019.8 -6770.63 1212190035
-4088.94 -6536.37 1212190085
-3704.24 -6322.18 1212190150
-3560.65 -6271.98 1212190205
-3122.77 -6266.4 1212190265
-3108.59 -6559.8 1212190325
-3102.38 -6533.02 1212190352
-3101.49 -6529.68 1212190379
-3101.49 -6529.68 1212190381
-2911.81 -5796.73 1212190441
-1536.12 -5312.52 1212190492
-975.034 -3915.53 1212190541
257.054 -3090.83 1212190596
1021.13 -2335.26 1212190661
1052.15 -2271.64 1212190715
1146.11 -2115.38 1212190758
1416.46 -1595.23 1212190805
1549.42 -1159.9 1212190850
1531.69 -903.149 1212190915
1491.8 -432.05 1212190970
1458.12 -42.4245 1212191030
1436.85 353.919 1212191102
1424.44 513.578 1212191151
1391.64 1021.6 1212191211
1424.44 1202.49 1212191251
1424.44 1201.38 1212191253
1491.8 1371.1 1212191287
1513.08 1469.36 1212191343
1423.55 1737.36 1212191424
1368.59 2089.12 1212191494
1353.52 2243.23 1212191547
1327.82 2426.38 1212191624
1319.84 2477.75 1212191625
1581.33 2576.03 1212191686
1561.83 2851.88 1212191746
1639.83 3233.84 1212191812
2028.07 3295.27 1212191865
2473.93 3370.1 1212191925
2923.33 3463.92 1212191980
2927.76 3470.63 1212191982
3016.4 3452.75 1212192014
3079.33 3564.45 1212192076
2927.76 3544.34 1212192144
2297.53 3447.17 1212192194
1539.67 3320.96 1212192260
1295.91 3277.4 1212192306
941.351 3016.06 1212192365
1028.22 2446.48 1212192428
532.723 2301.3 1212192497
-231.349 2178.46 1212192553
-205.644 1718.38 1212192614
-390.9 1514.03 1212192680
-452.948 1498.4 1212192691
-452.948 1498.4 1212192692
-383.809 1415.77 1212192757
-373.172 1414.65 1212192760
202.098 1505.1 1212192822
787.118 1596.66 1212192894
1289.7 1790.96 1212193011
1269.32 1910.45 1212193075
1288.82 2324.75 1212193122
1669.08 2417.45 1212193183
1725.81 2364.96 1212193201
1892.45 2523.54 1212193261
1833.95 2685.47 1212193329
1597.28 2684.36 1212193391
1592.85 2677.66 1212193445
1583.99 2685.47 1212193505
1589.31 2695.53 1212193562
1587.53 2685.47 1212193627
1590.19 2692.18 1212193689
1594.62 2692.18 1212193747
1595.51 2686.59 1212193808
1585.76 2678.77 1212193841
1592.85 2685.47 1212193901
1568.03 2666.49 1212193959
1598.17 2688.82 1212194026
1603.49 2693.29 1212194080
1604.37 2691.06 1212194154
1596.4 2683.24 1212194203
1467.87 2674.31 1212194262
1421.78 2846.3 1212194322
1393.41 2861.93 1212194395
1162.06 2831.78 1212194441
788.891 2794.92 1212194499
274.782 2723.45 1212194573
238.44 2694.41 1212194624
242.872 2688.82 1212194625
348.353 2809.44 1212194686
717.093 2869.75 1212194746
1068.11 2922.24 1212194807
1214.36 2953.51 1212194867
1744.42 3056.26 1212194928
2203.58 3109.87 1212194988
2388.83 3164.6 1212195074
2785.05 3208.16 1212195112
2814.3 3196.99 1212195159
2982.72 3210.39 1212195232
2462.4 2691.06 1212195346
2192.05 2414.1 1212195408
1943.86 2166.18 1212195474
1762.15 1991.97 1212195530
1533.46 1932.78 1212195587
1095.58 1760.81 1212195702
530.064 1664.78 1212195774
-234.008 1545.3 1212195824
-1127.49 1388.97 1212195903
-1747.97 1126.56 1212195951
-2197.37 681.056 1212196005
-2973.85 635.278 1212196065
-3405.53 611.831 1212196141
-3599.65 379.598 1212196307
-3471.12 390.763 1212196334
-3097.95 413.093 1212196388
-2463.29 447.704 1212196492
-1780.77 439.888 1212196672
-1500.67 522.51 1212196722
-1546.76 770.379 1212196791
-1430.64 1029.42 1212196849
-861.575 1180.16 1212196970
-866.894 1237.11 1212197022
-69.1388 1462.66 1212197060
786.232 1604.48 1212197128
1262.23 1930.55 1212197255
1170.93 2562.63 1212197313
1263.11 2743.55 1212197371
1880.04 2839.59 1212197425
2189.39 2890.97 1212197494
2200.03 2894.32 1212197502
2171.67 2830.66 1212197562
2169.01 2842.95 1212197604
2169.01 2892.09 1212197639
2293.99 2898.79 1212197695
2502.29 2609.53 1212197760
2524.45 2572.68 1212197815
3117.45 1987.5 1212197946
3253.07 1850.15 1212198010
3409.07 1709.45 1212198056
3406.41 1711.68 1212198077
3407.3 1711.68 1212198088
3024.38 2090.24 1212198204
2853.3 2265.57 1212198245
2617.52 2278.97 1212198309
2228.4 2587.2 1212198425
2114.05 3102.05 1212198485
2052.89 3527.59 1212198546
1911.07 3596.84 1212198609
1911.07 3595.72 1212198619
1911.07 3591.25 1212198665
1910.18 3591.25 1212198667
1905.75 3522 1212198734
2307.28 3559.98 1212198795
2568.77 3600.19 1212198863
2781.51 3596.84 1212198922
2851.53 3628.11 1212198937
2840.89 3561.1 1212198998
2434.93 3575.62 1212199053
1743.54 3467.27 1212199175
1465.21 3508.6 1212199234
1405.82 3872.72 1212199300
1135.47 3879.43 1212199354
959.965 3844.8 1212199419
827.892 3715.23 1212199481
866.007 3475.09 1212199535
469.789 3260.65 1212199609
307.579 3241.66 1212199647
307.579 3241.66 1212199654
603.635 3290.8 1212199759
217.167 2857.46 1212199889
226.031 2791.57 1212199962
587.68 2844.06 1212200023
1087.61 2934.53 1212200085
1195.75 2942.34 1212200155
1224.11 2962.45 1212200171
1458.12 2999.3 1212200232
1914.61 3061.85 1212200292
2013 2808.32 1212200353
2197.37 2456.53 1212200423
2379.97 2339.27 1212200473
2207.12 2153.89 1212200525
1677.06 1619 1212200580
1453.69 78.151 1212200815
1478.51 -305.898 1212200881
1498.89 -503.498 1212200919
1498.89 -505.731 1212200921
1503.32 -519.127 1212200952
1984.64 -670.952 1212201060
2449.99 -632.996 1212201121
2717.69 -640.81 1212201186
2717.69 -635.229 1212201203
2717.69 -635.229 1212201221
2640.57 -657.556 1212201264
2598.02 -584.993 1212201318
2547.5 29.0274 1212201388
2537.75 436.539 1212201450
2532.43 457.752 1212201499
2532.43 456.636 1212201506
2217.76 1432.52 1212201682
1828.63 1828.93 1212201749
1651.35 2366.07 1212201801
1593.74 2675.42 1212201866
1418.23 2819.49 1212201935
2121.14 3084.18 1212202042
2671.59 3153.43 1212202111
2812.53 3278.52 1212202161
2436.7 3231.61 1212202211
1819.77 3124.39 1212202260
1265.77 3059.61 1212202322
938.692 2455.42 1212202500
925.396 2449.83 1212202524
925.396 2449.83 1212202551
1169.15 2552.58 1212202648
1103.56 2933.41 1212202706
983.011 3662.74 1212202763
860.689 4046.97 1212202826
874.871 4263.67 1212202898
876.644 4259.2 1212202960
2187.62 4483.73 1212203134
2471.27 4520.59 1212203243
2483.68 4521.71 1212203245
2484.56 4520.59 1212203250
2179.64 4584.26 1212203317
1908.41 4449.1 1212203373
1575.12 4394.36 1212203426
1354.41 4336.28 1212203486
1268.43 4117.34 1212203539
1109.77 4090.54 1212203588
1078.74 4130.75 1212203612
1222.34 4048.09 1212203654
1319.84 3403.61 1212203778
1485.6 3424.83 1212203809
1511.3 3333.25 1212203860
998.967 3245.01 1212203926
205.644 3112.1 1212203985
-650.614 2976.97 1212204041
-1043.29 2503.44 1212204101
-1749.74 2387.29 1212204175
-2859.51 2316.94 1212204287
-3206.98 2302.42 1212204342
-5131.34 2190.74 1212204591
-5523.12 1730.66 1212204690
-5521.35 1732.9 1212204770
-4816.67 2192.98 1212204875
