-5166.79 -2599.77 1211196762
-5086.13 -1997.06 1211196822
-4447.93 -1960.23 1211196882
-3850.5 -1927.86 1211196942
-3576.6 -1878.75 1211197002
-3573.06 -1880.98 1211197063
-3566.85 -1872.05 1211197123
-3567.74 -1872.05 1211197184
-3569.51 -1875.4 1211197244
-3568.62 -1879.87 1211197310
-3570.4 -1879.87 1211197365
-3587.24 -1913.35 1211197426
-3564.19 -1912.24 1211197453
-3556.21 -1545 1211197514
-3574.83 -1216.83 1211197555
-3620.03 -317.062 1211197613
-3649.29 387.413 1211197678
-3659.04 387.413 1211197701
-3701.58 388.53 1211197768
-3701.58 388.53 1211197798
-3717.54 379.598 1211197858
-3680.31 477.85 1211197878
-3760.09 1347.65 1211197939
-3199.88 1863.55 1211197999
-3167.97 1815.53 1211198060
-3166.2 1814.41 1211198121
-3216.73 1664.78 1211198181
-3868.23 1194.68 1211198246
-3689.17 516.927 1211198311
-3634.22 -314.83 1211198363
-3585.47 -1165.48 1211198424
-3527.85 -2262.71 1211198489
-3482.64 -3101.99 1211198544
-3509.24 -4340.68 1211198614
-3164.43 -8212.87 1211198801
-2691.09 -10155.5 1211198838
-2139.76 -11560.4 1211198886
-1264.88 -12762.1 1211198929
-155.119 -14256.8 1211198987
1224.11 -14347.1 1211199055
4543.66 -16091.1 1211199283
4400.06 -15862.6 1211199324
4363.72 -15853.7 1211199351
4360.17 -15853.7 1211199407
4356.63 -15859.3 1211199434
4356.63 -15859.3 1211199436
4291.04 -15887.1 1211199496
4271.53 -15911.7 1211199556
4146.55 -16073.2 1211199616
3114.79 -15234.1 1211199676
2372.88 -14043.9 1211199746
926.282 -14468.5 1211199787
-355.444 -13757.5 1211199852
-1307.43 -12615 1211199900
-2223.08 -11444.4 1211199942
-2692.87 -10029.5 1211199993
-3167.09 -8621.06 1211200040
-3111.24 -7122.01 1211200091
-3132.52 -5634.96 1211200139
-3438.32 -4554.92 1211200203
-3449.85 -3517.14 1211200259
-3488.85 -2762.72 1211200319
-3523.42 -2152.21 1211200383
-3568.62 -1213.48 1211200443
-3695.38 688.871 1211200578
-3531.4 1368.87 1211200628
-3194.57 1423.58 1211200650
-3179.5 2063.44 1211200729
-3387.8 2177.34 1211200842
-3386.03 2175.11 1211200893
-3385.14 2175.11 1211200905
-3850.5 2263.33 1211200961
-4519.73 2222.01 1211201016
-6075.35 2189.63 1211201138
-6355.45 2213.08 1211201217
-5687.11 2146.08 1211201272
-5095.88 2180.69 1211201329
-4833.51 2196.33 1211201389
-4602.16 2201.91 1211201427
-4442.61 2155.01 1211201466
-4624.32 1951.77 1211201517
-4636.73 1960.7 1211201596
-4637.62 1958.47 1211201685
-4616.34 1808.83 1211201878
-4477.18 1792.08 1211201883
-3698.04 566.054 1211202003
-3624.47 -496.8 1211202128
