3667.9 -980.174 1212599377
3571.28 -1142.04 1212599438
3245.98 -1173.29 1212599489
2957.9 -897.567 1212599545
2849.76 -632.996 1212599582
2647.66 -785.935 1212599647
2646.77 -787.051 1212599696
2565.23 -290.269 1212599799
2473.93 946.794 1212599929
2667.16 1229.29 1212599979
3001.33 1562.05 1212600039
3461.37 2010.95 1212600150
3461.37 2012.07 1212600151
3149.36 1958.47 1212600280
2759.35 2354.91 1212600332
2723.89 2398.46 1212600363
2961.44 2887.62 1212600479
3112.13 3102.05 1212600538
3246.86 3238.31 1212600600
3580.15 3543.23 1212600657
3808.84 3709.65 1212600752
3808.84 3709.65 1212600777
3530.51 3749.86 1212600813
3370.07 3787.83 1212600889
3347.91 3688.43 1212600919
3236.23 3517.54 1212600972
3269.91 3534.29 1212601028
3402.87 3591.25 1212601088
3480.87 3555.51 1212601148
3553.56 3756.56 1212601192
3726.4 3710.77 1212601247
3681.2 3948.68 1212601307
3277 4517.24 1212601385
2918.01 4996.47 1212601446
2245.24 5389.7 1212601577
2242.58 5390.82 1212601599
1930.57 5293.63 1212601704
1823.31 4876.94 1212601826
1823.31 4879.17 1212601836
1581.33 5018.81 1212601887
778.254 4890.34 1212601963
85.9803 4780.87 1212602017
-320.875 4767.46 1212602068
-226.031 4511.65 1212602161
22.1599 4126.28 1212602296
342.148 4179.9 1212602352
653.273 4225.69 1212602417
753.435 4242.45 1212602459
835.87 4253.62 1212602463
1162.06 4310.59 1212602524
1940.32 4432.34 1212602654
2170.78 4472.56 1212602709
2233.71 4481.49 1212602775
2444.68 4321.76 1212602825
2656.52 4143.03 1212602895
2896.74 3822.46 1212603040
2997.79 3777.78 1212603104
3097.06 3446.05 1212603163
3315.12 3518.65 1212603213
3750.33 2918.89 1212603273
4461.22 3454.99 1212603341
5418.53 4563.04 1212603383
