923.623 4961.84 1212281142
1024.67 4300.53 1212281261
1017.58 4273.72 1212281292
940.465 4052.56 1212281342
802.187 4043.62 1212281407
852.711 3652.68 1212281471
875.758 3392.44 1212281539
988.33 2731.26 1212281598
1058.35 2276.73 1212281643
1079.63 2141.61 1212281709
1106.22 2034.4 1212281773
1153.2 1717.26 1212281826
1414.69 443.238 1212281950
1418.23 377.365 1212281981
1255.13 356.152 1212282041
1210.81 672.123 1212282113
1178.9 1029.42 1212282156
1197.52 1414.65 1212282222
1270.2 1891.46 1212282324
1151.43 2591.66 1212282386
1104.45 2825.08 1212282441
390.014 2740.2 1212282563
368.74 2812.79 1212282640
651.5 2861.93 1212282686
711.775 2557.04 1212282756
547.792 2308 1212282813
111.686 2239.88 1212282868
-264.146 2120.39 1212282922
-35.4558 1035 1212283115
13.2959 671.007 1212283163
36.3422 324.89 1212283230
38.115 326.006 1212283252
38.115 322.657 1212283273
49.6381 233.339 1212283314
48.7517 233.339 1212283357
234.895 447.704 1212283387
306.692 388.53 1212283438
305.806 386.297 1212283503
418.378 549.306 1212283566
387.354 944.561 1212283617
305.806 1391.2 1212283672
240.213 1820 1212283734
89.5258 2741.31 1212283927
358.99 2811.67 1212283998
358.99 2811.67 1212284020
932.487 2907.72 1212284065
1405.82 2995.95 1212284126
1966.91 3068.55 1212284186
2098.1 3230.49 1212284240
2280.69 3173.53 1212284300
2293.99 2903.25 1212284360
2342.74 2710.04 1212284420
2321.47 2532.47 1212284491
2277.15 2469.93 1212284517
2185.85 2753.6 1212284579
2161.92 2934.53 1212284638
2044.91 3415.9 1212284704
1989.96 3479.56 1212284736
1989.96 3478.44 1212284738
1631.85 3443.82 1212284800
1654.9 3207.04 1212284862
1725.81 2798.27 1212284920
1599.94 2712.28 1212284989
1558.28 2695.53 1212285045
1558.28 2693.29 1212285114
1557.4 2678.77 1212285167
1555.62 2684.36 1212285231
1562.71 2674.31 1212285293
1564.49 2673.19 1212285341
1563.6 2678.77 1212285404
1561.83 2682.12 1212285461
1561.83 2681.01 1212285531
1561.83 2678.77 1212285598
1563.6 2677.66 1212285645
1558.28 2688.82 1212285707
1560.94 2685.47 1212285753
1557.4 2688.82 1212285817
1555.62 2691.06 1212285875
1559.17 2685.47 1212285935
1564.49 2681.01 1212286000
1561.83 2681.01 1212286053
1565.37 2678.77 1212286184
1563.6 2681.01 1212286296
1568.92 2666.49 1212286356
1562.71 2668.72 1212286415
1551.19 2683.24 1212286556
1560.05 2678.77 1212286605
1551.19 2683.24 1212286656
1549.42 2674.31 1212286718
1553.85 2692.18 1212286786
1559.17 2655.32 1212286837
1556.51 2664.26 1212286902
1560.05 2679.89 1212286959
1557.4 2705.58 1212287019
1560.05 2693.29 1212287152
1559.17 2697.76 1212287210
1558.28 2696.64 1212287260
1558.28 2697.76 1212287327
1556.51 2704.46 1212287382
1559.17 2701.11 1212287443
1554.74 2706.69 1212287508
1553.85 2721.21 1212287578
1556.51 2707.81 1212287629
1559.17 2703.34 1212287683
1560.05 2691.06 1212287750
1553.85 2675.42 1212287788
1557.4 2689.94 1212287862
1555.62 2701.11 1212288034
1559.17 2679.89 1212288097
1559.17 2667.61 1212288154
1565.37 2662.02 1212288214
1563.6 2654.2 1212288274
1554.74 2641.92 1212288329
1513.08 2647.5 1212288394
1414.69 2877.57 1212288456
1425.32 2988.13 1212288483
1790.52 3055.14 1212288557
2322.35 3122.16 1212288604
2395.04 3205.92 1212288665
2379.97 3212.62 1212288730
2357.81 3264 1212288766
2352.49 3257.3 1212288782
2249.67 3217.09 1212288829
2229.28 3312.03 1212288888
2381.74 3354.47 1212288953
2567.88 3365.64 1212289019
2703.5 4071.55 1212289128
2528.88 4245.8 1212289221
2388.83 4373.14 1212289278
1943.86 4760.76 1212289360
1870.29 4682.56 1212289431
1652.24 4397.71 1212289480
1406.71 4250.27 1212289537
1404.94 4252.5 1212289545
1100.9 4188.83 1212289606
1053.04 4117.34 1212289681
1051.26 4110.64 1212289731
2574.09 4208.94 1212289828
2632.59 4230.16 1212289845
2632.59 4231.28 1212289851
2683.12 4144.15 1212289906
2495.2 4279.31 1212289966
2364.9 4403.3 1212290032
2078.59 4646.82 1212290159
