3951.55 -16160.1 1211344551
3169.75 -15462.6 1211344606
2882.55 -13961.4 1211344660
2590.04 -12490.1 1211344718
3966.62 -9853.34 1211344802
4068.55 -8311.02 1211344844
3803.52 -6829.75 1211344893
3608.51 -5700.78 1211344931
3134.29 -4274.84 1211344982
2725.66 -2833.03 1211345036
3638.65 -1653.28 1211345087
3850.5 -137.321 1211345140
3631.56 735.766 1211345179
3755.65 1846.8 1211345235
3882.41 2006.49 1211345272
3801.75 2137.14 1211345332
3531.4 2369.42 1211345394
3303.59 2579.38 1211345427
3136.95 2758.07 1211345487
2852.42 2999.3 1211345547
2701.73 3288.57 1211345608
2310.83 3271.82 1211345670
1575.12 3109.87 1211345738
1568.92 3116.57 1211345754
1568.92 3115.46 1211345755
1363.27 3174.65 1211345816
1329.59 3382.39 1211345875
1304.77 3510.83 1211345922
1217.02 3398.03 1211345983
1076.08 3252.83 1211346044
785.345 3211.51 1211346105
121.436 3096.47 1211346165
-663.909 2974.73 1211346229
-1017.58 2557.04 1211346292
-966.17 1753 1211346377
-1175.36 1718.38 1211346398
-1551.19 1888.11 1211346467
-1446.6 1986.38 1211346472
-1039.74 2435.31 1211346532
-950.215 2808.32 1211346644
-732.162 3062.96 1211346687
-492.835 3109.87 1211346747
166.642 3224.91 1211346836
91.2986 3681.72 1211346895
471.562 3874.96 1211346944
804.846 3925.22 1211347003
1051.26 3967.67 1211347065
2239.03 4156.44 1211347184
2216.87 4394.36 1211347244
2318.81 4712.73 1211347313
2307.28 4923.86 1211347364
2305.51 4921.62 1211347394
2305.51 4921.62 1211347395
2259.42 5070.2 1211347455
2279.81 5386.35 1211347516
2279.81 5385.24 1211347530
2102.53 5075.79 1211347592
2185.85 4598.78 1211347645
2237.26 4260.32 1211347705
2288.67 3937.51 1211347765
2374.65 3444.94 1211347826
2431.38 3260.65 1211347886
2463.29 3080.83 1211347947
2445.56 3027.22 1211348008
2445.56 3027.22 1211348014
2469.49 2846.3 1211348074
2489 2817.26 1211348087
2184.96 2768.12 1211348148
1552.96 2691.06 1211348208
1456.35 2584.96 1211348269
1207.27 2424.15 1211348340
420.151 2291.25 1211348401
-332.398 2169.53 1211348455
-1006.06 2043.34 1211348510
-959.079 1756.35 1211348572
-950.215 1756.35 1211348635
-957.306 1757.46 1211348666
-1416.46 1675.95 1211348735
-1892.45 1604.48 1211348822
-1891.57 1613.41 1211348845
-2046.68 2218.66 1211348894
-1180.68 2992.6 1211349066
-590.339 3098.7 1211349125
-57.6156 3181.35 1211349187
690.501 3275.17 1211349249
1114.2 3351.12 1211349311
1310.09 3382.39 1211349372
1289.7 3592.37 1211349429
1247.16 3946.44 1211349490
2263.85 4185.48 1211349549
2853.3 4268.14 1211349609
3095.29 4187.71 1211349670
3128.97 3977.72 1211349707
3010.2 4077.13 1211349768
2503.18 4217.87 1211349829
2148.62 4147.5 1211349901
1168.27 3975.49 1211349962
237.554 4060.38 1211350073
-131.186 4119.58 1211350134
-136.505 4143.03 1211350157
-183.484 4451.33 1211350227
-39.0014 4444.63 1211350276
5.31837 4196.65 1211350338
227.803 4154.2 1211350404
362.535 4181.01 1211350447
514.995 3862.67 1211350507
587.68 3402.49 1211350568
326.193 3243.9 1211350628
-361.649 3128.86 1211350688
-842.075 3058.5 1211350749
-841.188 3058.5 1211350776
-841.188 3059.61 1211350780
-954.647 3035.04 1211350839
-1551.19 2936.76 1211350915
-1684.15 2922.24 1211350974
-2071.5 2616.23 1211351037
-2527.11 2549.23 1211351084
-2599.79 2538.06 1211351128
-2634.36 2344.86 1211351180
-2438.47 2328.1 1211351228
-1453.69 2414.1 1211351288
-1029.1 2185.16 1211351348
-937.805 1629.05 1211351409
-463.584 1606.71 1211351481
-467.13 1613.41 1211351490
-467.13 1612.3 1211351491
-199.439 1753 1211351554
-219.826 1841.21 1211351610
-312.897 2414.1 1211351686
-349.239 2596.13 1211351712
-349.239 2597.25 1211351713
-345.694 2681.01 1211351750
-369.626 2781.52 1211351776
-405.082 3049.56 1211351825
292.51 3238.31 1211351888
442.311 3258.42 1211351922
157.778 3296.39 1211351988
117.004 3561.1 1211352053
11476.1 10497.9 1211352084
10216.6 9679.66 1211352121
4567.59 6114.78 1211352128
3200.77 5235.54 1211352130
1825.97 4313.94 1211352140
634.658 3453.87 1211352179
473.335 3043.98 1211352235
986.557 3129.97 1211352285
1201.06 3179.12 1211352345
2031.62 3313.14 1211352406
2294.88 3014.94 1211352465
2185.85 3001.54 1211352498
2189.39 2994.84 1211352499
2077.71 2975.85 1211352536
1619.44 2885.38 1211352597
1329.59 2433.08 1211352657
1280.84 2391.76 1211352671
1302.11 2526.89 1211352734
1293.25 2759.18 1211352794
1399.62 3038.39 1211352860
1318.95 3466.16 1211352911
1294.14 3620.29 1211352972
1264 3836.98 1211353032
1256.91 3872.72 1211353062
1128.38 3880.54 1211353114
1130.15 3629.23 1211353174
1070.76 3249.48 1211353290
839.416 3213.74 1211353296
216.28 3113.22 1211353356
-536.269 2994.84 1211353422
-1029.99 2638.57 1211353487
-994.535 1972.98 1211353539
-956.42 1741.83 1211353603
-870.439 1210.31 1211353659
-1156.74 971.359 1211353723
-1297.68 845.187 1211353778
-1318.95 838.488 1211353819
-1460.78 816.157 1211353833
-1475.85 1022.72 1211353890
-1074.31 1086.37 1211353940
-858.916 1204.73 1211354000
-756.094 1359.93 1211354062
-156.892 1454.85 1211354136
-137.391 1524.08 1211354180
-153.346 1540.83 1211354245
-250.85 2120.39 1211354306
-314.67 2491.15 1211354330
-386.468 2973.61 1211354391
-244.645 3141.14 1211354451
277.441 3224.91 1211354496
491.949 3055.14 1211354557
227.803 2901.02 1211354617
227.803 2899.9 1211354626
586.793 2848.53 1211354693
947.556 2914.42 1211354746
1386.32 2975.85 1211354806
1792.29 3049.56 1211354869
2303.74 3203.69 1211354928
2355.15 3267.35 1211354976
2355.15 3267.35 1211354977
2370.22 3124.39 1211355038
2609.55 2879.8 1211355098
3090.86 2415.21 1211355159
2560.79 1520.73 1211355225
2596.25 26.7946 1211355273
2769.98 -1455.71 1211355328
2648.55 -2974.77 1211355376
3151.13 -4406.51 1211355432
3609.4 -5827.97 1211355463
3869.11 -7296.02 1211355510
4143.89 -8815.12 1211355564
2593.59 -12822.3 1211355711
3183.04 -15760.1 1211355798
3940.91 -16242.6 1211355850
4057.91 -16185.8 1211355970
3336.39 -15970.7 1211356020
2989.81 -14505.3 1211356077
2625.5 -13006.2 1211356119
3629.79 -10318.3 1211356211
4176.69 -8919.95 1211356264
3920.52 -7446.61 1211356313
3648.4 -5928.37 1211356368
2703.5 -3042.85 1211356465
2784.16 -1577.38 1211356527
2610.43 -856.263 1211356587
2621.07 -898.683 1211356650
2726.55 -1626.49 1211356708
2729.21 -3145.52 1211356764
3189.25 -4564.96 1211356805
3580.15 -5656.16 1211356841
3846.07 -7176.67 1211356885
4112.87 -8645.6 1211356933
3796.43 -10083 1211356973
2576.75 -12642.8 1211357066
2904.71 -14580 1211357122
2961.44 -14952.2 1211357134
3929.39 -16238.1 1211357244
4068.55 -16208 1211357315
4067.66 -16211.4 1211357365
4033.09 -16218.1 1211357429
4046.39 -16215.8 1211357498
4026.89 -16191.3 1211357623
3485.3 -16194.7 1211357677
2676.91 -13376.3 1211357783
2552.82 -11855.8 1211357834
3400.21 -10621.6 1211357889
4174.92 -9355.99 1211357921
4059.69 -8219.56 1211357960
3797.31 -6757.25 1211358015
3501.26 -5273.47 1211358050
3191.91 -4501.36 1211358076
2719.46 -3078.56 1211358134
2746.94 -1584.07 1211358177
2628.16 -72.5682 1211358249
2400.36 1208.08 1211358296
2283.35 1369.98 1211358356
1864.97 1789.85 1211358418
1459.89 1902.63 1211358477
1219.68 2207.5 1211358538
1107.11 2880.92 1211358598
905.895 3339.95 1211358659
758.754 3316.49 1211358719
451.175 3328.78 1211358773
450.288 3327.66 1211358833
446.743 3328.78 1211358890
446.743 3328.78 1211358891
234.008 3332.13 1211358956
99.2762 3604.66 1211359021
36.3422 4000.06 1211359085
299.601 4168.73 1211359132
328.852 4176.54 1211359162
743.685 4235.75 1211359222
806.619 3881.66 1211359282
912.1 3243.9 1211359342
1185.11 2945.69 1211359402
1631.85 3011.59 1211359462
1927.91 3041.74 1211359522
1929.68 3039.51 1211359526
2125.57 3086.42 1211359591
2052.89 2966.91 1211359653
1873.84 2952.39 1211359677
1787.86 3304.21 1211359738
1712.51 3826.93 1211359798
1639.83 4274.84 1211359858
1497.12 4230.16 1211359907
1497.12 4230.16 1211359912
1546.76 3907.35 1211359958
1621.22 3422.6 1211360019
1785.2 3253.95 1211360079
2493.43 3383.51 1211360139
2557.25 3282.99 1211360199
2439.36 3221.56 1211360237
2446.45 3041.74 1211360287
1872.95 2952.39 1211360329
1751.52 2586.08 1211360396
1849.91 2085.77 1211360451
2383.51 2586.08 1211360512
2657.41 2847.41 1211360573
2769.1 2689.94 1211360608
2769.98 2686.59 1211360613
2537.75 2597.25 1211360674
2620.18 2823.96 1211360733
2873.69 3077.48 1211360791
2898.51 3136.68 1211360837
3034.13 3261.77 1211360897
3251.29 3403.61 1211360936
3839.86 2827.31 1211360991
4869.85 3910.7 1211361050
5831.59 5072.43 1211361099
6971.49 6065.62 1211361152
8340.09 6614.22 1211361212
9778.7 6883.5 1211361270
11253.7 7203.08 1211361325
12367.9 8696.09 1211361433
12229.6 8693.85 1211361493
12228.7 8709.5 1211361558
12039 8636.86 1211361617
12258.8 8672.62 1211361678
12373.2 7540.55 1211361735
11045.4 7283.53 1211361793
10082.7 6993.01 1211361853
8751.37 6717.01 1211361914
7482.06 6313.66 1211361974
6363.43 5584.1 1211362040
5847.54 5501.42 1211362096
5695.97 6249.97 1211362156
5867.04 5477.96 1211362216
6389.13 5692.46 1211362276
7502.44 6304.72 1211362337
8911.81 6728.19 1211362393
10377.9 7009.77 1211362452
11846.7 7042.17 1211362502
12678.1 6509.19 1211362562
13623 6129.31 1211362636
14158.4 5944.96 1211362684
14391.5 5765.08 1211362744
14529.8 6226.51 1211362805
14608.7 6655.56 1211362858
14608.7 6655.56 1211362860
14605.1 6761.71 1211362924
14559 6466.73 1211362980
14676 6305.84 1211363041
14831.2 7024.29 1211363100
13413.8 7510.38 1211363159
11932.6 7385.22 1211363218
10806 7250.01 1211363279
9497.72 6863.39 1211363344
8098.99 6565.06 1211363403
6863.35 6071.21 1211363459
6238.44 5570.69 1211363500
5282.91 4437.93 1211363556
4333.58 3326.55 1211363616
3521.65 3010.47 1211363676
3427.69 3098.7 1211363737
3202.54 2874.22 1211363783
3006.65 2882.03 1211363843
2726.55 3090.88 1211363904
2291.33 3001.54 1211363964
1369.48 2883.15 1211364025
1149.65 2837.36 1211364085
695.82 2785.99 1211364145
-183.484 2648.62 1211364206
-1262.23 2458.77 1211364266
-1898.66 2377.24 1211364326
-2801.89 2323.64 1211364387
-3291.18 2293.49 1211364447
-4285.72 2236.53 1211364512
-5076.38 2197.45 1211364572
-5112.72 2285.67 1211364594
-5114.5 2286.78 1211364595
-5118.04 2294.6 1211364625
-4832.62 2194.1 1211364685
-4135.03 2229.83 1211364745
-3580.15 2071.25 1211364816
-3553.56 1591.08 1211364853
-3581.03 1436.98 1211364951
-3579.26 1433.63 1211365006
-2867.49 1463.78 1211365062
-1995.27 1581.03 1211365127
-1244.5 1701.63 1211365182
-899.69 1968.52 1211365242
-351.012 2057.85 1211365302
314.67 2165.06 1211365363
989.216 2274.5 1211365423
1186.88 2305.77 1211365484
1352.64 2326.99 1211365544
1912.84 2424.15 1211365606
2217.76 2514.61 1211365666
2220.42 2539.17 1211365727
2223.08 2542.52 1211365787
2212.44 2551.46 1211365848
2219.53 2551.46 1211365908
2223.08 2554.81 1211365969
1580.44 2482.22 1211366029
1195.75 2411.86 1211366090
630.226 2324.75 1211366150
-274.782 2178.46 1211366211
-989.216 2066.79 1211366271
-1047.72 1736.25 1211366332
-1667.31 1635.75 1211366397
-2343.63 1537.48 1211366453
-2988.92 1471.6 1211366513
-3576.6 1436.98 1211366573
-3578.37 1430.28 1211366589
-2768.21 1476.06 1211366654
-2223.08 1884.76 1211366714
-2231.94 2058.97 1211366750
-2170.78 2349.32 1211366810
-1833.06 2368.31 1211366866
-1053.04 2481.1 1211366930
-353.671 2581.61 1211366986
533.609 2734.61 1211367045
1122.18 2722.33 1211367094
1336.68 2378.36 1211367156
1412.03 1939.48 1211367216
1646.03 1300.75 1211367277
1986.41 1110.93 1211367337
1963.36 999.273 1211367387
1963.36 999.273 1211367388
1806.47 1049.52 1211367448
1608.81 1070.73 1211367491
