13251.6 4739.54 1212603785
14017.4 4397.71 1212603828
15234.5 3717.47 1212603954
16265.3 3195.87 1212604019
18578.8 1387.85 1212604118
21089.1 -2228.11 1212604278
21177.7 -2494.86 1212604339
21046.5 -2964.72 1212604406
19786.1 -5361.61 1212604639
19875.6 -5370.54 1212604711
19867.6 -5386.16 1212604744
19883.6 -5405.13 1212604759
20459.8 -4721.17 1212604819
21060.7 -3014.94 1212604991
21061.6 -3013.83 1212605050
21061.6 -3012.71 1212605111
21060.7 -3013.83 1212605286
21061.6 -3009.36 1212605533
21061.6 -3011.6 1212605603
21060.7 -3013.83 1212605649
21062.5 -3011.6 1212605718
21060.7 -3013.83 1212605829
21061.6 -3014.94 1212605960
21061.6 -3013.83 1212606084
20780.6 -1555.05 1212606371
15555.3 3411.43 1212606626
14305.5 4263.67 1212606674
12941.4 4788.69 1212606729
11621.5 5461.2 1212606791
10923 7263.42 1212606893
9105.04 6787.41 1212607008
4086.28 3030.57 1212607294
3605.85 3282.99 1212607360
3350.57 3667.2 1212607433
3358.55 3657.15 1212607481
3475.55 3564.45 1212607546
3385.14 3753.21 1212607572
3448.07 4248.03 1212607631
3133.4 4001.18 1212607677
3023.49 3866.02 1212607749
2854.19 3880.54 1212607780
2845.33 3881.66 1212607785
3123.65 3804.59 1212607903
2934.85 3904 1212607966
2918.01 3459.46 1212608027
2807.21 3492.96 1212608083
2984.49 3752.09 1212608133
3096.18 3885.01 1212608161
3092.63 3835.86 1212608246
2990.69 3618.06 1212608308
3027.04 3620.29 1212608367
3020.83 3668.32 1212608398
2993.35 3626.99 1212608458
2858.62 3594.6 1212608518
2574.09 3480.68 1212608579
2212.44 3453.87 1212608640
1646.92 3337.71 1212608700
1232.97 3274.05 1212608761
923.623 3128.86 1212608831
1004.28 2622.93 1212608882
1076.97 2142.73 1212608944
701.138 2014.3 1212609005
554.883 1689.35 1212609065
565.52 1658.08 1212609091
592.998 1472.71 1212609151
371.399 1324.2 1212609211
369.626 1325.32 1212609228
290.737 1505.1 1212609304
281.873 1593.31 1212609357
382.036 1746.3 1212609385
590.339 1728.43 1212609521
590.339 1732.9 1212609582
587.68 1745.18 1212609642
569.065 1736.25 1212609795
703.797 1585.5 1212609905
1055.7 1639.1 1212609969
1185.11 1452.61 1212610038
2222.19 712.319 1212610269
2224.85 714.552 1212610292
2231.94 619.647 1212610352
2466.84 624.113 1212610402
2825.83 650.909 1212610469
2879.01 81.5004 1212610520
3280.55 -689.93 1212610655
3283.21 -685.464 1212610786
3284.98 -686.581 1212610801
3132.52 -1046.04 1212610859
2551.04 -1275.99 1212610916
1962.48 -1491.43 1212610978
1670.85 -1667.79 1212611043
1393.41 -1964.7 1212611104
1355.3 -1864.24 1212611170
1356.18 -1854.19 1212611237
1368.59 -1866.47 1212611326
1535.24 -951.15 1212611512
1440.39 283.58 1212611712
1425.32 471.15 1212611772
1398.73 870.868 1212611833
1398.73 1123.21 1212611900
1499.78 1381.15 1212612013
1508.64 1498.4 1212612070
1538.78 1756.35 1212612094
1737.33 1948.42 1212612144
1839.27 2041.1 1212612212
1871.18 2077.96 1212612233
2192.05 2401.81 1212612299
2364.9 2300.19 1212612358
1932.34 1875.83 1212612410
1520.17 1744.06 1212612474
1241.84 1472.71 1212612531
770.277 1390.08 1212612586
11.5231 1284 1212612714
-44.3197 1262.79 1212612745
-498.154 1184.63 1212612796
-817.256 1135.5 1212612830
-1038.85 1102 1212612903
-1238.29 1068.5 1212612956
-1567.15 1016.02 1212613069
-1434.19 1029.42 1212613147
-1296.8 730.183 1212613180
-992.762 179.749 1212613277
-241.986 212.126 1212613386
13.2959 251.202 1212613455
89.5258 259.018 1212613518
149.801 195.379 1212613530
153.346 197.612 1212613583
153.346 197.612 1212613584
78.0027 82.6168 1212613644
56.7292 247.853 1212613705
172.847 384.064 1212613765
202.098 94.8978 1212613825
54.0701 233.339 1212613886
153.346 374.015 1212613946
551.337 767.029 1212614007
577.043 789.36 1212614028
631.113 841.838 1212614088
989.216 878.684 1212614150
1334.91 897.666 1212614206
1743.54 930.046 1212614256
1825.09 1175.69 1212614334
2044.91 1421.35 1212614386
2380.86 1547.53 1212614453
2725.66 1568.75 1212614498
2850.64 1690.46 1212614567
3130.75 1957.35 1212614632
3499.49 1780.91 1212614688
3672.33 1948.42 1212614760
3816.81 2096.94 1212614798
3886.84 2406.28 1212614853
3636.88 3559.98 1212615043
3655.49 3620.29 1212615055
3695.38 3825.81 1212615120
3566.85 3742.04 1212615176
3599.65 3699.6 1212615207
3821.25 3514.19 1212615254
4009.16 3390.21 1212615318
4128.83 2271.15 1212615440
3912.55 2076.84 1212615493
3345.25 1231.52 1212615558
3765.4 500.18 1212615585
3148.47 -2324.09 1212615695
2916.24 -3637.66 1212615754
3357.66 -5083.8 1212615797
4027.78 -8173.83 1212615897
