-3640.42 589.501 1211585614
-2882.55 628.579 1211585659
-2566.11 646.443 1211585714
-1615.01 1257.21 1211585834
-742.799 1354.35 1211585895
-31.9102 1476.06 1211585956
756.981 1600.01 1211586025
1126.61 1659.2 1211586078
1125.72 1653.61 1211586090
1635.4 2057.85 1211586171
1772.79 2103.64 1211586222
1781.65 2105.87 1211586295
1781.65 2105.87 1211586306
1706.31 2088.01 1211586357
1666.42 2290.14 1211586422
1610.58 2551.46 1211586480
1564.49 2868.63 1211586542
1551.19 3214.86 1211586594
1782.54 3326.55 1211586657
1771.02 3413.66 1211586715
1741.77 3623.64 1211586776
1704.54 3849.27 1211586836
1649.58 4214.52 1211586897
1592.85 4540.7 1211586968
1529.03 4936.14 1211587017
1507.76 5098.13 1211587077
1490.03 5169.62 1211587106
1490.03 5169.62 1211587132
1365.05 5033.33 1211587202
1483.82 4319.52 1211587325
1534.35 3964.32 1211587380
1563.6 3828.05 1211587441
1581.33 3671.67 1211587501
1611.47 3508.6 1211587572
1782.54 3016.06 1211587649
2098.1 3059.61 1211587710
2555.48 3095.35 1211587771
2588.27 2940.11 1211587836
2606 2869.75 1211587896
2797.46 2762.53 1211587966
2935.74 2914.42 1211588017
2996.01 2935.64 1211588062
2993.35 2934.53 1211588068
3044.76 3013.82 1211588124
2854.19 2953.51 1211588190
2904.71 3010.47 1211588207
2897.62 2978.08 1211588277
2842.67 3070.78 1211588327
2814.3 3320.96 1211588367
2676.02 3499.67 1211588443
1997.05 3400.26 1211588487
1469.64 3312.03 1211588557
1159.4 3260.65 1211588607
1018.47 3482.91 1211588672
972.375 3749.86 1211588694
798.641 4332.93 1211588774
659.477 4363.09 1211588805
619.59 4350.8 1211588806
712.661 4234.63 1211588859
999.853 4280.43 1211588903
1197.52 4204.47 1211589011
1213.47 4119.58 1211589050
1217.91 4038.04 1211589110
1258.68 3819.11 1211589170
1318.95 3433.77 1211589230
1411.14 3394.68 1211589290
1552.08 3427.07 1211589321
1642.49 3323.19 1211589381
1862.31 3051.79 1211589496
2268.28 3115.46 1211589544
2435.81 3204.8 1211589603
2801.01 3167.95 1211589663
2823.17 3371.22 1211589729
3136.95 3711.88 1211589854
3361.21 3775.55 1211589904
3212.29 3788.95 1211590040
3372.73 3746.51 1211590084
3387.8 3710.77 1211590104
3441.87 3285.22 1211590164
4316.74 3333.25 1211590260
4322.06 3336.6 1211590270
3948.89 3190.29 1211590331
3591.67 3417.01 1211590413
3417.05 3727.52 1211590468
3312.46 3614.71 1211590523
3019.95 3371.22 1211590589
2854.19 3325.43 1211590653
2675.14 3298.62 1211590692
1932.34 3166.83 1211590809
1222.34 3055.14 1211590927
815.483 2999.3 1211590980
230.463 2904.37 1211591077
229.576 2901.02 1211591078
219.826 2793.81 1211591148
250.85 2785.99 1211591167
761.413 2875.33 1211591237
1087.61 2935.64 1211591287
1349.98 2991.48 1211591347
1854.34 3070.78 1211591408
2436.7 3132.21 1211591468
2554.59 3163.48 1211591498
2560.79 3166.83 1211591510
2574.98 3166.83 1211591539
2671.59 3286.34 1211591599
2409.22 3240.54 1211591659
2309.06 3202.57 1211591700
2279.81 3224.91 1211591701
2052 3198.1 1211591765
1390.75 3085.3 1211591825
1285.27 3085.3 1211591881
1254.25 2892.09 1211591946
1271.09 2841.83 1211592001
1308.32 2491.15 1211592061
1336.68 2390.64 1211592109
1340.23 2381.71 1211592119
1429.75 2339.27 1211592173
1561.83 2442.01 1211592213
1635.4 2500.09 1211592270
1561.83 2857.46 1211592330
1672.63 3031.69 1211592390
1853.45 3064.08 1211592442
1851.68 3074.13 1211592445
1970.45 2970.26 1211592506
1721.38 2858.58 1211592564
1715.17 2708.93 1211592605
1461.66 2669.84 1211592660
1454.57 2578.26 1211592724
1598.17 2656.44 1211592785
1590.19 2694.41 1211592846
1591.08 2696.64 1211592900
1582.21 2694.41 1211592969
1581.33 2692.18 1211593032
1569.8 2678.77 1211593207
1585.76 2693.29 1211593262
1571.58 2691.06 1211593322
1581.33 2689.94 1211593396
1581.33 2698.88 1211593443
1577.78 2692.18 1211593515
1583.1 2689.94 1211593568
1585.76 2691.06 1211593634
1576.9 2686.59 1211593692
1578.67 2685.47 1211593824
1587.53 2685.47 1211593903
1587.53 2682.12 1211593961
1582.21 2684.36 1211594038
1590.19 2682.12 1211594092
1560.94 2867.52 1211594158
2161.03 3116.57 1211594275
2688.43 3209.27 1211594322
2564.34 3287.45 1211594382
2533.32 3242.78 1211594442
2536.86 3228.26 1211594462
2571.43 3079.72 1211594522
2885.21 2627.4 1211594648
2913.58 1802.13 1211594765
3141.38 1535.25 1211594827
3806.18 190.913 1211594895
2921.56 -2572.99 1211594979
-1120.4 -4271.5 1211595210
-937.805 -4976.69 1211595389
