-5134 -2598.66 1212411866
-5134 -2605.35 1212411927
-5177.43 -2432.36 1212411987
-5219.98 -1709.09 1212412047
-5262.52 -900.916 1212412116
-5320.14 59.1714 1212412172
-5530.21 563.821 1212412227
-5749.15 912.181 1212412287
-6003.55 1272.84 1212412347
-6037.23 1850.15 1212412407
-5816.52 2136.02 1212412465
-5258.09 2168.41 1212412520
-4353.97 2218.66 1212412581
-3976.37 2238.76 1212412615
-3757.43 2246.58 1212412644
-3755.65 2245.47 1212412705
-3757.43 2252.17 1212412765
-3755.65 2247.7 1212412816
-3449.85 2272.27 1212412881
