4431.97 -16250.4 1212176298
4452.36 -16186.9 1212176301
4455.9 -16196.9 1212176364
4459.45 -16196.9 1212176371
4266.22 -15936.2 1212176426
4232.53 -15983 1212176429
4232.53 -15983 1212176444
3318.66 -15997.5 1212176490
2627.27 -13056.4 1212176599
2617.52 -11521.4 1212176637
3593.44 -10371.8 1212176685
4190.87 -8990.21 1212176735
3934.7 -7530.26 1212176787
3663.47 -6037.71 1212176845
3222.93 -4596.2 1212176889
2766.44 -3119.85 1212176949
3553.56 -1760.43 1212177014
3852.27 -262.359 1212177076
3362.09 1162.29 1212177115
3352.34 1258.32 1212177120
3362.09 1423.58 1212177180
3562.42 1659.2 1212177253
3819.47 1914.92 1212177319
4254.69 3074.13 1212177422
3877.98 3708.53 1212177491
3657.26 3997.82 1212177541
3085.54 4227.93 1212177788
3148.47 3885.01 1212177849
3171.52 3810.17 1212177906
2927.76 3725.29 1212177979
2754.03 3816.88 1212178028
2754.03 3810.17 1212178087
2764.66 3810.17 1212178147
2757.57 3783.37 1212178203
2749.6 3794.54 1212178262
2743.39 3802.36 1212178338
2746.94 3803.47 1212178383
2758.46 3824.69 1212178509
2752.25 3828.05 1212178571
2749.6 3830.28 1212178624
2747.82 3812.41 1212178744
2747.82 3809.06 1212178804
2747.82 3811.29 1212178863
3089.97 3889.48 1212178919
3190.13 3850.38 1212178984
3223.82 3726.4 1212179040
3099.72 3575.62 1212179107
2962.33 3401.38 1212179161
3032.36 3441.59 1212179221
2997.79 3201.45 1212179281
2990.69 3122.16 1212179402
2978.29 3074.13 1212179587
3008.42 3106.52 1212179657
3042.11 3140.03 1212179705
3136.95 2950.16 1212179756
3227.36 2879.8 1212179825
2972.08 2536.94 1212179876
3114.79 2399.58 1212179937
3379.82 2228.71 1212180007
3501.26 2347.09 1212180055
3506.58 2351.56 1212180056
3355 2555.93 1212180126
3019.06 2940.11 1212180181
3323.09 3296.39 1212180236
3352.34 3400.26 1212180271
3436.55 3400.26 1212180344
3293.84 3507.48 1212180390
3262.82 3460.57 1212180421
3112.13 3395.79 1212180460
3184.82 3578.97 1212180568
3182.16 3562.21 1212180580
3622.69 4168.73 1212180644
3257.5 3634.81 1212180704
3621.81 4137.45 1212180765
3119.22 3239.43 1212180825
2994.24 3297.51 1212180863
2331.22 3247.25 1212180922
1882.7 3196.99 1212180982
1661.1 3144.49 1212181042
1249.82 3065.2 1212181103
1067.22 3179.12 1212181163
800.414 3204.8 1212181242
-400.65 3019.41 1212181355
-980.352 3021.64 1212181404
-1118.63 3014.94 1212181464
-1117.74 3010.47 1212181476
-1455.46 2955.75 1212181536
-1428.87 3000.42 1212181590
-794.209 3057.38 1212181651
-789.777 3054.03 1212181698
-40.7741 3173.53 1212181749
685.183 3295.27 1212181809
981.239 3344.42 1212181843
1125.72 3370.1 1212181907
1274.64 3396.91 1212181974
1704.54 3460.57 1212182023
2117.6 3524.24 1212182084
2433.15 3595.72 1212182162
2771.76 3653.8 1212182209
2907.37 3876.07 1212182276
3030.58 3853.74 1212182325
3030.58 3853.74 1212182331
3174.18 3889.48 1212182401
3401.98 3731.99 1212182511
3402.87 3908.47 1212182627
3181.27 3807.94 1212182687
3128.97 3648.22 1212182751
2836.46 3582.32 1212182809
2865.71 3859.32 1212182861
2975.63 3850.38 1212182923
2993.35 4259.2 1212182986
2791.26 4256.97 1212183041
2734.53 4250.27 1212183106
2625.5 4225.69 1212183186
2446.45 4192.18 1212183251
2244.35 4166.49 1212183311
2159.26 4145.27 1212183341
1139.9 3990.01 1212183395
937.805 4052.56 1212183527
845.62 4549.63 1212183572
543.36 4597.67 1212183632
544.246 4595.43 1212183672
538.041 4618.89 1212183676
132.073 4574.21 1212183733
-129.414 4532.88 1212183793
-178.165 4526.18 1212183820
-310.238 4503.83 1212183880
-320.875 4503.83 1212183895
-173.733 4768.58 1212183957
72.6843 4767.46 1212184012
699.365 4872.47 1212184077
927.169 5043.39 1212184133
915.645 5094.78 1212184158
911.213 5099.24 1212184191
1246.27 5071.32 1212184227
1725.81 5149.52 1212184274
2027.18 5098.13 1212184397
1643.38 5023.28 1212184459
1744.42 4565.27 1212184517
1966.91 4059.26 1212184629
1965.14 4092.77 1212184722
1964.25 4109.52 1212184725
1917.27 4367.55 1212184772
2035.16 4452.45 1212184793
2312.6 4436.81 1212184857
2489 4292.71 1212184938
2646.77 4144.15 1212185002
2646.77 4144.15 1212185026
2847.1 3979.95 1212185090
3105.04 3898.41 1212185152
3366.53 3678.37 1212185267
3449.85 3746.51 1212185328
3477.33 3734.22 1212185381
3515.44 3507.48 1212185511
3496.83 3471.74 1212185561
3399.32 3690.66 1212185621
3373.62 3593.49 1212185691
3408.19 3662.74 1212185747
3544.69 3804.59 1212185814
3552.67 3807.94 1212185850
3776.93 3649.33 1212185916
3785.79 3412.55 1212185965
3563.31 3199.22 1212186040
3165.31 2819.49 1212186085
3160.88 2809.44 1212186145
2808.98 2744.67 1212186238
2811.64 2741.31 1212186239
2707.94 2767 1212186300
2903.83 2610.65 1212186380
3243.32 2259.98 1212186451
3492.39 2005.37 1212186502
3594.33 1739.6 1212186562
3347.03 1218.12 1212186628
3558.87 -1748.16 1212186732
1053.04 -3197.97 1212186840
-3450.73 -6218.43 1212187105
-3503.92 -6240.74 1212187165
-3555.33 -6308.8 1212187225
-3548.24 -6306.56 1212187285
-3557.1 -6313.26 1212187346
-3553.56 -6315.49 1212187406
-3526.08 -6317.72 1212187467
-3914.32 -6389.12 1212187527
-4744.87 -6689.2 1212187588
-5282.02 -6741.63 1212187648
-5526.67 -5362.73 1212187709
-5809.43 -4279.31 1212187770
-5568.33 -3156.68 1212187832
-5153.5 -2809.59 1212187892
-5133.11 -2632.14 1212187920
