-5004.58 -1779.41 1212623251
-4607.48 -1658.86 1212623307
-4603.05 -1657.74 1212623432
-4606.59 -1643.23 1212623438
-5059.54 -1571.79 1212623498
-6383.81 446.587 1212623734
-6624.91 885.383 1212623798
-6624.91 1035 1212623832
-6625.8 1035 1212623930
-6625.8 1035 1212624021
-6625.8 1035 1212624036
-6625.8 1035 1212624086
-6625.8 1035 1212624093
-6774.71 2114.81 1212624213
-6147.15 2189.63 1212624275
-5843.11 2152.78 1212624309
-5408.78 2160.59 1212624369
-4777.67 2412.98 1212624445
-4655.34 3067.43 1212624592
-4397.4 2853 1212624652
-4334.47 2646.39 1212624719
-3826.56 2677.66 1212624773
-3302.71 2706.69 1212624833
-3230.91 2707.81 1212624898
-2708.82 2745.78 1212624969
-1903.09 2876.45 1212625084
-1590.19 2922.24 1212625135
-1005.17 3020.52 1212625198
147.141 3203.69 1212625324
157.778 3198.1 1212625343
731.275 3298.62 1212625409
873.985 3319.84 1212625465
1123.06 3370.1 1212625529
1241.84 3386.86 1212625584
1410.25 3404.73 1212625655
1783.43 3470.63 1212625706
2159.26 3555.51 1212625766
2478.36 3584.55 1212625826
2706.16 3622.53 1212625888
2766.44 3600.19 1212625942
2813.42 3593.49 1212626000
3038.56 3637.05 1212626060
3227.36 3549.93 1212626124
3146.7 3389.09 1212626181
3128.97 3387.97 1212626190
2834.69 3313.14 1212626247
2278.03 3209.27 1212626306
1823.31 3150.08 1212626351
1683.26 3036.16 1212626417
1790.52 2815.02 1212626470
1827.75 2810.56 1212626500
1864.97 3054.03 1212626558
2114.94 3109.87 1212626618
2403.9 3145.61 1212626692
2473.04 3065.2 1212626734
2455.31 3035.04 1212626756
2500.52 3047.33 1212626814
2254.1 3002.65 1212626880
1910.18 2954.63 1212626949
1406.71 3004.89 1212626995
1410.25 3010.47 1212627008
1393.41 3033.92 1212627073
1310.09 3073.01 1212627138
1237.41 3014.94 1212627199
1277.29 2763.65 1212627262
1310.98 2498.97 1212627313
1384.55 2067.9 1212627384
1400.5 1629.05 1212627429
1197.52 1428.05 1212627495
1170.04 1205.84 1212627555
1198.41 886.5 1212627620
1217.91 585.035 1212627675
1223.22 445.471 1212627743
1222.34 445.471 1212627760
1222.34 445.471 1212627761
1433.3 401.928 1212627882
1424.44 593.967 1212627966
1203.72 803.875 1212628058
1183.34 1041.7 1212628106
1243.61 1247.16 1212628167
1247.16 1152.25 1212628286
1167.38 1282.89 1212628367
1310.09 1667.01 1212628413
1310.98 1668.13 1212628437
1266.66 1948.42 1212628491
1172.7 2462.12 1212628551
1287.04 2767 1212628607
1287.04 2767 1212628624
1379.23 2972.5 1212628671
1405.82 2988.13 1212628732
1404.05 2988.13 1212628737
1826.86 3049.56 1212628797
1782.54 3269.58 1212628857
1736.45 3651.57 1212628919
1690.35 3949.79 1212628979
1593.74 4589.85 1212629099
1592.85 4592.08 1212629118
1635.4 4806.56 1212629189
1943.86 4750.71 1212629246
1943.86 4750.71 1212629248
2190.28 4527.29 1212629308
2249.67 4183.25 1212629368
2285.12 3954.26 1212629428
2342.74 3612.47 1212629493
2318.81 3599.07 1212629548
2367.56 3419.25 1212629609
2426.06 3165.71 1212629677
2544.84 3013.82 1212629738
2582.07 3173.53 1212629758
2565.23 3136.68 1212629773
2287.78 3032.81 1212629834
1724.04 2931.17 1212629893
1544.1 2990.37 1212629958
1519.28 3198.1 1212630018
1343.77 3404.73 1212630073
1207.27 3387.97 1212630134
1179.79 3375.69 1212630189
1178.9 3376.81 1212630198
1086.72 3332.13 1212630251
1007.83 3514.19 1212630316
1284.39 3685.08 1212630380
1251.59 3917.4 1212630433
2554.59 4210.05 1212630552
2796.57 4011.23 1212630602
2886.99 3811.29 1212630664
2931.31 3454.99 1212630724
2856.85 3304.21 1212630787
2740.73 3294.16 1212630844
2468.61 3211.51 1212630896
1974 3151.2 1212630959
1804.7 3239.43 1212630991
1802.04 3240.54 1212630992
2298.42 3329.9 1212631053
2422.52 3087.53 1212631117
2437.58 3054.03 1212631173
2149.51 2988.13 1212631233
1721.38 2909.96 1212631293
1693.9 2925.59 1212631312
1315.41 2875.33 1212631371
1318.07 2560.39 1212631432
1359.73 2242.11 1212631497
1304.77 2005.37 1212631560
1172.7 1975.22 1212631616
1151.43 1979.68 1212631638
1121.29 1932.78 1212631708
1211.7 1769.75 1212631768
1395.18 1888.11 1212631818
1443.94 1898.17 1212631862
1272.86 2003.14 1212631945
966.17 1922.73 1212631998
957.306 1856.85 1212632073
806.619 2005.37 1212632102
772.936 2216.43 1212632156
690.501 2722.33 1212632277
655.932 2959.1 1212632342
493.722 3170.18 1212632409
182.597 3125.51 1212632458
177.279 3128.86 1212632487
177.279 3128.86 1212632500
167.529 3167.95 1212632510
441.424 3250.6 1212632561
1017.58 3341.06 1212632624
969.716 3815.76 1212632682
1028.22 4387.66 1212632748
1303 4418.94 1212632806
1367.71 4440.16 1212632807
1478.51 4360.85 1212632867
1942.98 4430.11 1212632936
2334.76 4407.77 1212632999
2445.56 4319.52 1212633052
2561.68 4213.41 1212633109
2668.05 4162.02 1212633168
2663.62 4144.15 1212633191
2474.81 4299.42 1212633262
2262.08 4503.83 1212633315
1549.42 4395.48 1212633446
1166.5 4306.12 1212633492
876.644 4354.15 1212633612
751.662 4566.39 1212633672
-172.847 4415.59 1212633732
-1025.56 4249.15 1212633847
-1022.01 4256.97 1212633849
-810.165 4313.94 1212633914
-341.262 4378.73 1212633978
96.617 4454.68 1212634008
809.278 4563.04 1212634069
1031.76 4289.36 1212634129
2262.97 4151.97 1212634251
2599.79 3990.01 1212634382
2595.36 3987.77 1212634431
2596.25 3983.3 1212634487
2595.36 3993.36 1212634558
2619.3 4022.4 1212634667
2611.32 4035.8 1212634738
2605.11 4027.98 1212634788
2592.7 4024.63 1212634850
2573.2 3975.49 1212634910
2590.93 3996.71 1212634971
2567 3924.1 1212635211
2584.73 3954.26 1212635276
2606 4015.7 1212635331
2595.36 4000.06 1212635394
2578.52 3966.55 1212635451
2597.14 4012.35 1212635526
2590.04 3988.89 1212635580
2603.34 4023.52 1212635637
2599.79 4001.18 1212635693
2578.52 3963.2 1212635753
2602.45 4039.15 1212635814
2596.25 4008.99 1212635877
2604.23 4029.1 1212635933
2617.52 4062.61 1212635993
2609.55 4027.98 1212636053
2612.2 4042.5 1212636130
2605.11 4040.27 1212636192
2614.86 4033.57 1212636235
2609.55 4035.8 1212636304
2606 4025.75 1212636357
2611.32 4029.1 1212636480
2607.77 4032.45 1212636608
2604.23 4019.05 1212636665
2602.45 4006.76 1212636715
2603.34 4032.45 1212636778
2608.66 4048.09 1212636836
2601.57 4035.8 1212636896
2599.79 4033.57 1212636956
2604.23 4015.7 1212637077
2598.02 4007.88 1212637137
2603.34 4017.93 1212637262
2603.34 4022.4 1212637318
2600.68 4001.18 1212637386
2601.57 4002.29 1212637440
2606 4027.98 1212637566
2602.45 4023.52 1212637629
2606 4024.63 1212637688
2602.45 4030.22 1212637738
2593.59 4020.16 1212637805
2605.11 4225.69 1212637988
2386.17 4192.18 1212638052
2213.33 4156.44 1212638092
1405.82 4030.22 1212638113
943.124 3962.08 1212638183
776.482 4464.74 1212638243
264.146 4384.31 1212638293
145.369 4235.75 1212638413
145.369 4227.93 1212638451
145.369 4227.93 1212638469
232.235 4160.91 1212638494
583.248 4213.41 1212638568
851.825 4260.32 1212638614
983.898 4277.08 1212638674
1223.22 4058.14 1212638754
1274.64 3733.1 1212638814
1326.93 3417.01 1212638869
1357.07 3218.21 1212638928
1537.01 3001.54 1212639011
1944.75 3071.9 1212639064
2010.34 2974.73 1212639125
1875.61 2960.21 1212639160
1872.07 2940.11 1212639162
1695.67 2940.11 1212639232
1386.32 3045.09 1212639288
1349.98 3271.82 1212639342
1302.11 3571.15 1212639402
1267.54 3794.54 1212639467
1232.97 3987.77 1212639517
2605.11 4214.52 1212639643
3083.77 4200 1212639713
3167.09 3829.16 1212639779
3136.95 3540.99 1212639835
2920.67 3284.1 1212639894
2660.96 2888.74 1212639954
2465.95 2693.29 1212640014
2269.17 2490.04 1212640074
1691.24 1917.15 1212640195
966.17 1182.39 1212640315
1001.63 736.882 1212640389
1019.35 520.277 1212640441
1076.08 -211.004 1212640562
1100.9 -532.524 1212640630
1135.47 -922.126 1212640682
1141.68 -1099.62 1212640719
1141.68 -1099.62 1212640738
1327.82 -1264.83 1212640800
1310.98 -587.225 1212640912
1269.32 -85.9653 1212640962
1242.73 314.842 1212641022
1200.18 844.071 1212641088
1392.53 924.463 1212641143
1499.78 1383.38 1212641198
1741.77 1669.25 1212641266
1972.23 1919.38 1212641319
2355.15 2278.97 1212641358
2577.64 2505.67 1212641419
3389.57 3104.29 1212641618
3242.43 3070.78 1212641680
3199 3152.31 1212641706
3064.27 2955.75 1212641764
2918.9 3105.4 1212641826
2373.76 3480.68 1212641876
1530.8 3331.01 1212641936
971.488 3438.24 1212641994
740.139 3217.09 1212642056
-61.1612 3066.31 1212642115
-832.324 2966.91 1212642175
-1289.7 2979.2 1212642248
-1683.26 2937.88 1212642296
-2067.96 2861.93 1212642357
-2461.52 2799.39 1212642398
-3029.7 2733.5 1212642463
-3781.36 2699.99 1212642600
-3782.25 2682.12 1212642626
-3454.28 2698.88 1212642650
-3413.5 2513.49 1212642676
-3877.09 2472.17 1212642738
-4259.13 2417.45 1212642790
-4253.81 2339.27 1212642848
-4254.69 2338.16 1212642902
-3657.26 2263.33 1212643027
-2949.03 2302.42 1212643082
-1803.81 2232.06 1212643215
-1738.22 1972.98 1212643267
-1683.26 1664.78 1212643322
-1645.15 1418 1212643388
-1546.76 763.679 1212643458
-1087.61 174.166 1212643565
-771.163 -203.189 1212643685
-632.886 -841.751 1212643759
-712.661 -1096.27 1212643797
-713.548 -1097.39 1212643808
-621.363 -864.078 1212643868
-601.862 -359.485 1212643918
-588.566 97.1307 1212643993
-109.027 217.708 1212644045
214.507 423.141 1212644190
600.975 478.966 1212644250
826.12 367.316 1212644302
899.69 -356.136 1212644431
897.918 -333.808 1212644461
874.871 -63.6367 1212644498
800.414 818.39 1212644554
1385.43 908.831 1212644620
1754.17 937.862 1212644678
2031.62 1612.3 1212644798
2036.93 1617.88 1212644858
2036.93 1615.65 1212644913
2037.82 1615.65 1212645035
2012.12 1644.68 1212645109
2074.16 1381.15 1212645156
2287.78 1156.71 1212645192
2699.96 643.094 1212645215
2897.62 -864.078 1212645272
3243.32 -4803.74 1212645392
3682.97 -6238.51 1212645448
3945.34 -7710.96 1212645495
