-4709.41 -1961.35 1211061729
-4712.96 -1971.39 1211061789
-4717.39 -1971.39 1211061850
-4710.3 -1962.46 1211061910
-4710.3 -1963.58 1211061971
-4711.19 -1965.81 1211062031
-4714.73 -1941.26 1211062092
-4719.16 -1939.02 1211062152
-4719.16 -1941.26 1211062214
-4724.48 -1943.49 1211062273
-4719.16 -1932.33 1211062334
-4721.82 -1936.79 1211062395
-4715.62 -1931.21 1211062456
-4712.07 -1921.16 1211062516
-4715.62 -1927.86 1211062577
-4716.5 -1933.44 1211062637
-4715.62 -1939.02 1211062699
-4714.73 -1939.02 1211062760
-4720.05 -1943.49 1211062820
-4717.39 -1944.6 1211062880
-4716.5 -1947.95 1211062941
-4722.71 -1951.3 1211063001
-4712.07 -1932.33 1211063062
-4711.19 -1930.09 1211063122
-4717.39 -1939.02 1211063183
-4721.82 -1944.6 1211063243
-4717.39 -1933.44 1211063304
-4712.96 -1924.51 1211063365
-4720.05 -1935.68 1211063426
-4722.71 -1936.79 1211063486
-4720.05 -1933.44 1211063547
-4712.07 -1927.86 1211063608
-4717.39 -1930.09 1211063668
-4713.85 -1921.16 1211063729
-4711.19 -1918.93 1211063794
-4714.73 -1935.68 1211063849
-4711.19 -1937.91 1211063910
-4712.07 -1930.09 1211063970
-4722.71 -1940.14 1211064031
-4720.05 -1936.79 1211064091
-4720.94 -1936.79 1211064152
-4726.26 -1940.14 1211064212
-4726.26 -1940.14 1211064274
-4718.28 -1927.86 1211064333
-4714.73 -1932.33 1211064395
-4725.37 -1937.91 1211064455
-4715.62 -1934.56 1211064516
-4713.85 -1935.68 1211064576
-4710.3 -1934.56 1211064638
-4713.85 -1928.98 1211064702
-4716.5 -1925.63 1211064758
-4721.82 -1922.28 1211064823
-4723.6 -1927.86 1211064879
-4721.82 -1927.86 1211064939
-4720.94 -1933.44 1211064999
-4710.3 -1933.44 1211065059
-4704.98 -1933.44 1211065119
-4712.96 -1946.84 1211065179
-4710.3 -1933.44 1211065239
-4711.19 -1928.98 1211065300
-4713.85 -1935.68 1211065360
-4720.05 -1924.51 1211065420
-4720.05 -1923.4 1211065480
-4719.16 -1923.4 1211065540
-4717.39 -1923.4 1211065600
-4716.5 -1923.4 1211065661
-4714.73 -1914.47 1211065721
-4718.28 -1905.54 1211065790
-4717.39 -1928.98 1211065843
-4717.39 -1932.33 1211065903
-4719.16 -1933.44 1211065964
-4719.16 -1934.56 1211066021
-4718.28 -1932.33 1211066081
-4712.07 -1936.79 1211066141
-4711.19 -1935.68 1211066202
-4712.96 -1935.68 1211066263
-4716.5 -1935.68 1211066324
-4710.3 -1942.37 1211066384
-4707.64 -1936.79 1211066447
-4712.07 -1935.68 1211066505
-4712.96 -1937.91 1211066571
-4715.62 -1937.91 1211066626
-4712.96 -1944.6 1211066692
-4719.16 -1935.68 1211066748
-4720.05 -1934.56 1211066809
-4708.53 -1934.56 1211066869
-4706.75 -1928.98 1211066930
-4724.48 -1899.96 1211066990
-4716.5 -1927.86 1211067054
-4713.85 -1933.44 1211067110
-4712.07 -1941.26 1211067170
-4712.96 -1940.14 1211067290
-4712.96 -1940.14 1211067350
-4714.73 -1939.02 1211067410
-4715.62 -1937.91 1211067471
-4717.39 -1936.79 1211067531
-4715.62 -1939.02 1211067593
-4715.62 -1936.79 1211067653
-4718.28 -1922.28 1211067714
-4714.73 -1931.21 1211067774
-4713.85 -1944.6 1211067835
-4715.62 -1926.75 1211067895
-4715.62 -1926.75 1211067956
-4714.73 -1927.86 1211068016
-4712.07 -1934.56 1211068077
-4715.62 -1934.56 1211068137
-4715.62 -1934.56 1211068198
-4718.28 -1936.79 1211068264
-4721.82 -1941.26 1211068319
-4716.5 -1939.02 1211068383
-4719.16 -1939.02 1211068439
-4712.07 -1937.91 1211068496
-4712.07 -1935.68 1211068555
-4714.73 -1934.56 1211068615
-4722.71 -1940.14 1211068675
-4720.94 -1937.91 1211068740
-4719.16 -1931.21 1211068796
-4712.07 -1934.56 1211068857
-4710.3 -1935.68 1211068916
-4711.19 -1933.44 1211068977
-4715.62 -1934.56 1211069037
-4720.05 -1915.58 1211069097
-4716.5 -1923.4 1211069157
-4721.82 -1937.91 1211069217
-4720.94 -1949.07 1211069277
-4719.16 -1947.95 1211069337
-4716.5 -1945.72 1211069397
-4716.5 -1942.37 1211069464
-4715.62 -1939.02 1211069518
-4713.85 -1932.33 1211069579
-4716.5 -1937.91 1211069640
-4717.39 -1960.23 1211069701
-4714.73 -1943.49 1211069761
-4715.62 -1942.37 1211069822
-4720.05 -1937.91 1211069882
-4719.16 -1937.91 1211069947
-4718.28 -1937.91 1211070003
-4718.28 -1940.14 1211070064
-4720.94 -1935.68 1211070124
-4720.94 -1936.79 1211070186
-4721.82 -1934.56 1211070246
-4722.71 -1933.44 1211070307
-4722.71 -1935.68 1211070367
-4722.71 -1935.68 1211070428
-4724.48 -1935.68 1211070488
-4724.48 -1935.68 1211070550
-4722.71 -1934.56 1211070610
-4723.6 -1935.68 1211070671
-4723.6 -1939.02 1211070731
-4722.71 -1939.02 1211070792
-4725.37 -1946.84 1211070852
-4724.48 -1941.26 1211070913
-4720.94 -1936.79 1211070973
-4710.3 -1933.44 1211071034
-4719.16 -1946.84 1211071094
-4718.28 -1942.37 1211071155
-4718.28 -1944.6 1211071220
-4708.53 -1918.93 1211071275
-4711.19 -1926.75 1211071335
-4716.5 -1939.02 1211071395
-4719.16 -1947.95 1211071458
-4721.82 -1946.84 1211071515
-4720.94 -1939.02 1211071576
-4720.94 -1933.44 1211071636
-4719.16 -1928.98 1211071696
-4714.73 -1922.28 1211071756
-4718.28 -1932.33 1211071817
-4715.62 -1930.09 1211071879
-4716.5 -1928.98 1211071938
-4722.71 -1930.09 1211071998
-4714.73 -1925.63 1211072064
-4714.73 -1922.28 1211072124
-4704.98 -1899.96 1211072184
-4704.98 -1904.42 1211072240
-4709.41 -1917.82 1211072300
-4709.41 -1921.16 1211072370
-4714.73 -1928.98 1211072421
-4722.71 -1937.91 1211072466
-4727.14 -1933.44 1211072527
-4719.16 -1923.4 1211072587
-4715.62 -1934.56 1211072648
-4715.62 -1943.49 1211072708
-4718.28 -1920.05 1211072774
-4716.5 -1945.72 1211072829
-4717.39 -1952.42 1211072890
-4718.28 -1937.91 1211072955
-4719.16 -1934.56 1211073010
-4718.28 -1934.56 1211073070
-4718.28 -1939.02 1211073130
-4719.16 -1934.56 1211073190
-4720.05 -1932.33 1211073250
-4715.62 -1905.54 1211073315
-4714.73 -1931.21 1211073370
-4716.5 -1924.51 1211073431
-4715.62 -1925.63 1211073491
-4714.73 -1926.75 1211073564
-4714.73 -1934.56 1211073602
-4715.62 -1939.02 1211073666
-4716.5 -1940.14 1211073723
-4717.39 -1939.02 1211073783
-4718.28 -1932.33 1211073844
-4719.16 -1933.44 1211073903
-4717.39 -1945.72 1211073963
-4719.16 -1941.26 1211074023
-4716.5 -1927.86 1211074083
-4718.28 -1927.86 1211074143
-4718.28 -1926.75 1211074203
-4717.39 -1924.51 1211074269
-4715.62 -1921.16 1211074288
-4715.62 -1920.05 1211074308
-4715.62 -1920.05 1211074321
-4718.28 -1923.4 1211074372
-4724.48 -1939.02 1211074428
-4715.62 -1942.37 1211074489
-4715.62 -1943.49 1211074549
-4716.5 -1944.6 1211074583
-4721.82 -1944.6 1211074643
-4719.16 -1944.6 1211074703
-4712.96 -1941.26 1211074764
-4717.39 -1942.37 1211074824
-4728.03 -1945.72 1211074885
-4712.96 -1942.37 1211074945
-4710.3 -1941.26 1211075006
-4717.39 -1963.58 1211075066
-4684.59 -1934.56 1211075123
-4651.8 -1969.16 1211075184
-4402.72 -1956.88 1211075223
-3928.5 -1928.98 1211075284
-3609.4 -1914.47 1211075345
-3555.33 -1514.87 1211075397
-3273.45 605.132 1211075608
-2348.06 657.609 1211075738
-1726.7 905.481 1211075800
-1644.26 1240.46 1211075849
-945.783 1327.55 1211075920
-305.806 1428.05 1211075975
234.008 1521.85 1211076027
854.484 1623.46 1211076089
1283.5 1902.63 1211076215
1216.13 2259.98 1211076276
1375.68 2551.46 1211076334
1440.39 2554.81 1211076396
1593.74 2583.85 1211076453
1521.94 2672.07 1211076551
1521.94 2674.31 1211076615
1523.71 2674.31 1211076670
1521.05 2679.89 1211076734
1523.71 2672.07 1211076800
1525.48 2672.07 1211076860
1525.48 2675.42 1211076947
1526.37 2668.72 1211077016
1520.17 2677.66 1211077068
1520.17 2683.24 1211077122
1522.83 2676.54 1211077189
1525.48 2673.19 1211077245
1524.6 2672.07 1211077372
1523.71 2674.31 1211077436
1521.94 2681.01 1211077485
1520.17 2681.01 1211077545
1519.28 2691.06 1211077611
1521.05 2679.89 1211077669
1516.62 2692.18 1211077726
1522.83 2679.89 1211077799
1521.05 2677.66 1211077858
1516.62 2686.59 1211077907
1517.51 2684.36 1211077976
1520.17 2692.18 1211078147
1520.17 2686.59 1211078217
1521.94 2678.77 1211078269
1521.05 2689.94 1211078344
1523.71 2678.77 1211078391
1523.71 2675.42 1211078466
1521.05 2674.31 1211078501
1521.05 2678.77 1211078560
1451.03 2678.77 1211078619
1450.14 2678.77 1211078677
1406.71 2825.08 1211078737
1677.94 3022.76 1211078802
2144.19 3110.99 1211078858
2769.98 3202.57 1211078926
2792.14 3472.86 1211078988
2712.37 3996.71 1211079047
2569.66 4227.93 1211079157
2569.66 4231.28 1211079167
2401.24 4364.2 1211079219
2394.15 4369.79 1211079256
2498.75 4412.24 1211079321
2789.48 4441.28 1211079382
2819.62 4261.44 1211079438
2975.63 4277.08 1211079499
3480.87 3863.79 1211079607
3487.96 3869.37 1211079637
3487.96 3869.37 1211079650
3463.14 3802.36 1211079705
3331.07 3624.76 1211079782
3081.11 3632.58 1211079843
2842.67 3534.29 1211079902
2388.83 3457.22 1211079965
2104.3 3450.52 1211080029
1461.66 3309.79 1211080084
1047.72 3332.13 1211080149
956.42 3889.48 1211080220
900.577 4264.79 1211080275
894.372 4279.31 1211080385
-958.192 4296.06 1211080623
-1639.83 4165.37 1211080717
-1449.25 4307.24 1211080952
-497.267 4344.1 1211081040
-179.052 4398.83 1211081112
-65.5932 4414.47 1211081145
-57.6156 3660.5 1211081311
9.75034 3247.25 1211081379
-290.737 3010.47 1211081426
-1052.15 2772.59 1211081486
-1032.65 2205.26 1211081547
-1661.1 1631.28 1211081682
-1915.5 1595.55 1211081728
-1669.97 1540.83 1211081777
-1595.51 1084.13 1211081839
-1301.23 1059.57 1211081902
-1015.81 1086.37 1211081991
-895.258 1401.25 1211082024
-938.692 1643.56 1211082085
-858.916 2837.36 1211082260
-119.663 2952.39 1211082319
-4.43197 3338.83 1211082384
-132.959 4193.3 1211082513
-173.733 4372.02 1211082574
-196.78 4453.57 1211082604
-196.78 4455.8 1211082623
-109.027 4530.64 1211082649
-13.2959 4282.66 1211082779
159.551 4155.32 1211082841
216.28 3777.78 1211082894
282.76 3347.77 1211082951
347.467 2973.61 1211083015
454.72 2318.05 1211083074
498.154 2044.45 1211083142
553.997 1684.88 1211083186
569.065 1578.8 1211083263
600.089 750.281 1211083443
646.182 130.624 1211083551
983.011 155.186 1211083642
1052.15 168.584 1211083683
1066.33 515.811 1211083753
1417.34 491.248 1211083848
1418.23 491.248 1211083882
1334.02 180.865 1211083947
1066.33 -97.1296 1211084077
1091.15 -360.602 1211084125
997.194 -2327.44 1211084310
