3915.2 -7424.3 1212971320
3232.68 -4667.61 1212971385
3080.22 -4085.15 1212971403
2840.89 -2647.76 1212971468
3851.38 50.2399 1212971553
3638.65 739.115 1212971583
3152.02 1704.98 1212971637
3034.13 2984.78 1212971812
2770.87 3042.86 1212971873
2496.09 2716.74 1212971941
2364.9 2748.02 1212971994
2471.27 2947.93 1212972060
2454.43 3096.47 1212972118
2557.25 3159.01 1212972174
2690.21 3274.05 1212972250
2525.34 3274.05 1212972309
2408.33 3037.28 1212972419
1864.09 2946.81 1212972486
1755.95 2934.53 1212972518
1388.09 3066.31 1212972596
1338.46 3367.87 1212972650
1306.55 3496.31 1212972710
1246.27 3928.57 1212972771
1204.61 4182.13 1212972832
1204.61 4182.13 1212972842
1484.71 4253.62 1212972899
1568.92 3819.11 1212972959
1627.42 3484.03 1212973015
1635.4 3351.12 1212973079
1691.24 3030.57 1212973140
2283.35 3110.99 1212973196
3057.17 3189.17 1212973320
3731.72 2578.26 1212973436
3986.12 2291.25 1212973501
3987 2291.25 1212973537
3813.27 2106.99 1212973539
3687.4 2219.78 1212973598
3115.68 2800.51 1212973658
2834.69 3123.27 1212973719
2421.63 3210.39 1212973844
2430.49 3056.26 1212973898
2452.65 3050.68 1212973928
2403.9 3029.46 1212973979
2179.64 2957.98 1212974052
1780.77 2941.23 1212974113
1302.11 2864.16 1212974139
1136.36 2849.65 1212974199
699.365 2789.34 1212974269
237.554 2774.82 1212974321
566.406 2844.06 1212974393
649.727 2860.81 1212974410
1380.12 2981.43 1212974521
1825.09 3047.33 1212974575
2386.17 3117.69 1212974640
2686.66 3179.12 1212974690
2565.23 3267.35 1212974738
2215.99 3201.45 1212974808
1571.58 3113.22 1212974863
1568.03 3104.29 1212974897
1677.06 3062.96 1212974951
2330.33 3116.57 1212975015
2544.84 3154.55 1212975083
2560.79 3100.94 1212975085
2395.04 3035.04 1212975146
2140.64 2930.06 1212975205
1407.59 2946.81 1212975336
1665.54 3041.74 1212975387
2111.39 3087.53 1212975448
2693.75 3175.77 1212975507
2846.21 3217.09 1212975573
2682.23 3249.48 1212975634
2430.49 3233.84 1212975679
2371.11 3353.35 1212975744
2316.15 3727.52 1212975815
2291.33 3935.27 1212975869
2269.17 4100.59 1212975932
