-5132.22 -2629.91 1211946657
-5153.5 -2616.51 1211946717
-5472.6 -2637.72 1211946778
-5447.78 -2434.59 1211946838
-5201.36 -2019.39 1211946899
-5237.7 -1322.87 1211946963
-5254.55 -1051.62 1211946980
-5305.07 -162.998 1211947040
-6086.87 37.959 1211947166
-6156.9 29.0274 1211947222
-6156.9 27.911 1211947282
-6157.78 26.7946 1211947347
-6157.78 22.3288 1211947402
-6162.21 29.0274 1211947471
-6148.92 24.5617 1211947522
-6148.03 25.6781 1211947582
-6152.46 29.0274 1211947642
-6154.24 29.0274 1211947702
-6156.01 31.2603 1211947719
-6431.68 27.911 1211947780
-6498.16 -386.279 1211947843
-6428.13 -1044.92 1211947900
-6361.65 -1667.79 1211947960
-6280.1 -2437.94 1211948020
-6335.06 -2994.86 1211948080
-5955.68 -4073.99 1211948140
-5549.72 -5356.04 1211948200
-5324.57 -6711.51 1211948261
-5126.02 -7702.04 1211948322
-4817.55 -8906.57 1211948381
-4442.61 -10340.6 1211948443
-4965.58 -12706.4 1211948563
-5285.57 -17147.3 1211948800
