-4322.06 -7086.32 1211762197
-4322.06 -7086.32 1211762257
-4319.4 -7081.86 1211762317
-4190.87 -7023.85 1211762377
-4333.58 -6589.92 1211762438
-4440.84 -5893.79 1211762500
-4388.54 -5070.41 1211762560
-4369.04 -4602.9 1211762621
-4200.62 -3691.23 1211762682
-3751.22 -3701.27 1211762748
-3586.35 -3649.94 1211762802
-3568.62 -3380.99 1211762862
-3503.03 -3079.67 1211762923
-3493.28 -3086.37 1211762982
-3480.87 -2889.95 1211763042
-3497.71 -2556.24 1211763069
-3516.33 -2324.09 1211763129
-3486.19 -3066.28 1211763189
-3473.78 -3456.88 1211763249
-3493.28 -3806.17 1211763309
-3498.6 -3930.04 1211763331
-3497.71 -3930.04 1211763337
-3517.21 -4342.91 1211763397
-3313.34 -4763.57 1211763457
-3029.7 -5302.48 1211763517
-2544.84 -5362.73 1211763578
-1906.63 -5565.79 1211763638
-1219.68 -4968.88 1211763698
-695.82 -3575.17 1211763756
544.246 -2892.18 1211763816
929.828 -2547.32 1211763839
1090.27 -2033.9 1211763899
1159.4 -1806.2 1211763959
1179.79 -1397.66 1211764019
1123.95 -744.63 1211764080
1079.63 -141.786 1211764141
1037.08 506.879 1211764203
1218.79 505.762 1211764263
1219.68 509.112 1211764267
1232.09 380.714 1211764314
1162.95 159.652 1211764374
1181.56 349.453 1211764434
1235.63 435.422 1211764496
1235.63 434.306 1211764499
1225 513.578 1211764559
1226.77 521.393 1211764579
1310.98 539.257 1211764599
1415.57 537.024 1211764647
1454.57 56.9385 1211764709
1478.51 -327.11 1211764755
1349.09 -357.252 1211764815
1271.09 -23.4452 1211764875
1230.32 511.345 1211764936
1192.2 1002.62 1211764987
1160.29 1237.11 1211765048
1274.64 1495.05 1211765108
1295.91 1770.86 1211765168
1179.79 2437.55 1211765229
1224.11 2964.68 1211765289
1415.57 2990.37 1211765349
1931.45 3065.2 1211765410
2404.79 3160.13 1211765470
2418.08 3140.03 1211765489
2418.08 3123.27 1211765549
2432.27 3138.91 1211765609
2417.2 3094.23 1211765669
2422.52 3095.35 1211765730
2422.52 3093.12 1211765790
2424.29 3073.01 1211765850
2223.08 3009.35 1211765910
2113.16 3297.51 1211765971
2380.86 3347.77 1211766031
2665.39 3476.21 1211766093
2652.98 3575.62 1211766153
2626.39 3686.19 1211766182
2629.05 3688.43 1211766190
2595.36 3793.42 1211766250
2854.19 3847.03 1211766310
2873.69 3860.44 1211766332
3379.82 3906.23 1211766392
3538.49 4058.14 1211766452
3235.34 4583.15 1211766512
3038.56 4857.95 1211766572
2891.42 5021.05 1211766632
2632.59 5222.13 1211766692
2403.02 5340.55 1211766753
2388.83 5348.37 1211766784
2298.42 5380.77 1211766843
2284.24 5387.47 1211766865
2224.85 5396.41 1211766925
2082.14 5399.76 1211766986
2079.48 5246.71 1211767040
2098.1 5134.99 1211767100
2153.05 4822.2 1211767165
2203.58 4487.08 1211767221
1778.11 4412.24 1211767282
1814.45 4109.52 1211767342
1872.95 3700.71 1211767403
1909.29 3439.35 1211767464
1952.73 3198.1 1211767525
2020.98 2850.76 1211767585
2059.98 2323.64 1211767646
2054.66 2325.87 1211767653
1964.25 2326.99 1211767713
1532.58 2255.52 1211767773
1449.25 2641.92 1211767834
1411.14 2839.59 1211767894
1379.23 3114.34 1211767954
1349.09 3257.3 1211768015
1303.89 3536.52 1211768074
1307.43 3580.08 1211768094
1578.67 3654.92 1211768154
1717.83 3802.36 1211768214
1716.95 3845.92 1211768294
1711.63 3842.57 1211768314
1675.29 3547.69 1211768374
1636.28 3322.08 1211768434
1708.08 2890.97 1211768494
1806.47 2273.38 1211768554
2130.01 1799.9 1211768614
2663.62 1240.46 1211768674
2808.98 1094.18 1211768726
2863.05 1143.31 1211768757
2863.05 1143.31 1211768761
2863.94 1143.31 1211768822
3166.2 1455.96 1211768880
3632.44 1914.92 1211768941
3787.56 2101.41 1211768978
3836.32 2457.65 1211769038
3602.31 2693.29 1211769099
3352.34 2938.99 1211769159
3156.45 2830.66 1211769217
3037.67 2827.31 1211769278
2884.33 2999.3 1211769338
2605.11 3065.2 1211769398
2133.55 2968.03 1211769459
1724.04 2912.19 1211769519
1295.91 2851.88 1211769580
1112.43 2849.65 1211769640
490.176 2754.72 1211769704
-538.041 2561.51 1211769762
-1523.71 2416.33 1211769823
-2169.01 2354.91 1211769886
-2530.66 2334.81 1211769944
-3201.66 2296.84 1211770004
-3593.44 2274.5 1211770070
-3851.38 2257.75 1211770127
-4133.26 2230.95 1211770186
-4104.89 2228.71 1211770196
-4086.28 2246.58 1211770255
-4256.47 2325.87 1211770315
-4262.67 2347.09 1211770361
-4262.67 2342.62 1211770412
-4258.24 2244.35 1211770475
-3883.29 2247.7 1211770533
-3323.98 2281.2 1211770593
-2847.1 2309.12 1211770654
-2272.72 2338.16 1211770718
-1882.7 2359.37 1211770777
-1309.2 2437.55 1211770837
-371.399 2564.86 1211770900
194.12 2668.72 1211770956
194.12 2668.72 1211770965
324.42 2687.71 1211771019
372.286 2695.53 1211771046
1030.88 2784.87 1211771104
1226.77 2741.31 1211771164
1537.89 2778.17 1211771225
1787.86 2847.41 1211771285
2026.3 2858.58 1211771345
2136.21 2867.52 1211771405
2371.99 2931.17 1211771459
2426.95 3123.27 1211771519
2391.49 3270.7 1211771579
2821.39 3453.87 1211771639
2808.98 3613.59 1211771699
2888.76 3690.66 1211771727
3047.42 3658.27 1211771787
3473.78 3769.96 1211771847
3489.73 3899.53 1211771907
3596.1 3943.09 1211771931
3596.1 3943.09 1211771932
3522.53 3748.74 1211771993
3440.1 3814.64 1211772052
