-4320.29 -7088.55 1211838665
-4322.06 -7091.89 1211838725
-4321.17 -7084.09 1211838790
-4190.87 -6995.96 1211838846
-4380.56 -6495.1 1211838908
-4397.4 -5581.41 1211838967
-4378.79 -4903.05 1211839029
-4351.31 -4663.15 1211839089
-3810.61 -4387.54 1211839201
-3581.92 -4573.89 1211839261
-3579.26 -4569.42 1211839321
-3579.26 -4568.31 1211839381
-3579.26 -4570.54 1211839441
-3579.26 -4569.42 1211839498
-3453.39 -4937.63 1211839558
-3149.36 -5564.67 1211839618
-3340.82 -6238.51 1211839678
-2868.37 -6148.15 1211839738
-2958.78 -6002.01 1211839799
-2960.56 -6002.01 1211839803
-2989.81 -6071.17 1211839855
-3108.59 -6074.52 1211839916
-3162.66 -5164.13 1211839965
-3242.43 -4876.27 1211840025
-3476.44 -4043.86 1211840085
-3449.85 -3482.55 1211840145
-3463.14 -3235.92 1211840197
-3222.04 -3410.01 1211840258
-3235.34 -3700.16 1211840318
-3256.61 -4274.84 1211840378
-3273.45 -4742.37 1211840438
-3275.23 -4755.76 1211840495
-2860.39 -5121.73 1211840555
-2642.34 -5123.97 1211840609
-2641.46 -5123.97 1211840614
-2384.4 -5208.76 1211840671
-2020.98 -5242.23 1211840732
-1721.38 -5241.12 1211840793
-1265.77 -4857.3 1211840854
-1033.54 -4515.86 1211840914
-1032.65 -4510.28 1211840974
-813.71 -4182.23 1211841035
-771.163 -4113.04 1211841095
-637.318 -3904.37 1211841156
-255.282 -3383.23 1211841216
586.793 -2846.42 1211841277
1025.56 -2281.68 1211841338
897.918 -2005.99 1211841398
788.891 -1642.12 1211841460
749.89 -1234.69 1211841519
694.933 -943.336 1211841579
382.036 -970.127 1211841641
336.83 -1011.43 1211841701
