4406.27 -16054.3 1212683330
4399.18 -16018.6 1212683394
4398.29 -16022 1212683451
4397.4 -16022 1212683519
4397.4 -16026.4 1212683572
4397.4 -16023.1 1212683637
4399.18 -16025.3 1212683692
4400.95 -16025.3 1212683752
4399.18 -16023.1 1212683816
4396.52 -16015.3 1212683873
4395.63 -16017.5 1212683936
4396.52 -16019.7 1212683995
4397.4 -16020.9 1212684054
4400.06 -16024.2 1212684117
4400.06 -16023.1 1212684184
4399.18 -16022 1212684237
4394.74 -16019.7 1212684295
4391.2 -16020.9 1212684356
4395.63 -16023.1 1212684415
4396.52 -16024.2 1212684476
4398.29 -16026.4 1212684536
4395.63 -16024.2 1212684602
4400.06 -16029.8 1212684659
4400.06 -16024.2 1212684717
4398.29 -16025.3 1212684777
4398.29 -16025.3 1212684838
4400.06 -16024.2 1212684897
4398.29 -16026.4 1212684962
4397.4 -16024.2 1212685024
4399.18 -16022 1212685079
4399.18 -16023.1 1212685130
4400.95 -16023.1 1212685190
4400.06 -16025.3 1212685252
4398.29 -16027.5 1212685312
4399.18 -16026.4 1212685372
4399.18 -16026.4 1212685435
4400.06 -16024.2 1212685482
