3641.31 -957.848 1211297940
3636.88 -953.383 1211298000
3644.85 -970.127 1211298055
3650.17 -963.43 1211298151
3632.44 -955.615 1211298211
3635.99 -952.266 1211298271
3610.28 -985.756 1211298433
3568.62 -1124.18 1211298487
3432.12 -1165.48 1211298546
3759.2 -1617.56 1211298611
3828.34 -1723.6 1211298666
4119.07 -2005.99 1211298726
3814.16 -2174.53 1211298786
3533.17 -2477 1211298848
3327.52 -2420.08 1211298885
3276.11 -2423.43 1211298945
3276.11 -2422.31 1211298992
2691.98 -2411.15 1211299052
2547.5 -2385.48 1211299112
2695.53 -1933.44 1211299175
2838.23 -1397.66 1211299234
2309.94 -1311.71 1211299295
1869.41 -1327.34 1211299358
1560.05 -1337.38 1211299416
1185.11 -1344.08 1211299476
1146.99 -1113.01 1211299536
1125.72 -751.328 1211299599
1093.81 -325.993 1211299657
1115.08 158.536 1211299720
1150.54 170.817 1211299763
1149.65 167.467 1211299828
1153.2 167.467 1211299891
1149.65 167.467 1211299944
965.284 155.186 1211300004
566.406 123.926 1211300066
177.279 93.7813 1211300128
44.3197 84.8497 1211300182
44.3197 84.8497 1211300184
-54.9565 73.6853 1211300213
-7.09116 241.154 1211300273
211.848 434.306 1211300333
220.712 612.948 1211300370
135.618 627.462 1211300435
15.9551 695.571 1211300458
-70.0252 1110.93 1211300524
-120.55 1228.17 1211300583
-151.573 1431.4 1211300644
-195.007 1715.03 1211300704
-305.806 2435.31 1211300761
-319.988 2515.72 1211300822
-302.261 2704.46 1211300883
195.893 2787.1 1211300947
817.256 2886.5 1211301003
1003.4 2914.42 1211301063
1444.82 2992.6 1211301123
2029.84 3079.72 1211301183
2336.54 3123.27 1211301243
2543.95 3147.84 1211301312
2693.75 3287.45 1211301364
2481.02 3272.93 1211301425
2478.36 3266.23 1211301449
2487.22 3268.47 1211301495
2487.22 3268.47 1211301497
2456.2 3271.82 1211301558
2426.95 3161.25 1211301618
2439.36 3055.14 1211301679
2302.85 2950.16 1211301739
2410.99 2925.59 1211301766
2423.4 3115.46 1211301826
2594.48 2935.64 1211301886
2676.91 2840.71 1211301949
2670.71 2834.01 1211302006
2674.25 2829.54 1211302066
2713.25 2861.93 1211302126
2706.16 2802.74 1211302187
2692.87 2792.69 1211302247
2689.32 2787.1 1211302295
2955.24 2892.09 1211302353
3287.64 3220.44 1211302413
3223.82 3357.82 1211302477
3578.37 3475.09 1211302535
3743.24 3691.78 1211302596
3808.84 3739.81 1211302656
3745.9 3873.84 1211302717
3351.46 4420.06 1211302777
2996.01 4917.15 1211302838
2752.25 5148.4 1211302903
2545.72 5264.58 1211302961
2478.36 5271.29 1211303022
1900.43 5183.03 1211303091
1812.68 5168.51 1211303095
1706.31 5142.81 1211303155
1706.31 5143.93 1211303215
1704.54 5159.57 1211303275
1704.54 5147.28 1211303335
1699.22 5147.28 1211303396
1699.22 5157.34 1211303455
1704.54 5142.81 1211303516
1700.99 5151.75 1211303579
1698.33 5151.75 1211303638
1700.99 5161.8 1211303700
1702.76 5161.8 1211303758
1704.54 5160.69 1211303762
1705.42 5142.81 1211303822
1702.76 5145.05 1211303886
1707.2 5136.11 1211303943
1707.2 5134.99 1211304003
1702.76 5161.8 1211304063
1703.65 5160.69 1211304123
1704.54 5145.05 1211304183
1704.54 5153.98 1211304244
1744.42 5169.62 1211304309
1693.01 5047.86 1211304366
1396.07 5000.94 1211304426
968.829 4924.97 1211304488
370.513 4826.67 1211304551
-79.7755 4604.37 1211304609
-43.4333 4479.26 1211304672
-188.802 4318.41 1211304733
-390.9 4282.66 1211304783
-585.02 4145.27 1211304843
-525.632 3755.44 1211304904
-475.994 3441.59 1211304964
-436.106 3145.61 1211305024
-839.416 3057.38 1211305083
-1115.08 3016.06 1211305142
-1558.28 2946.81 1211305202
-1685.04 2921.12 1211305269
-1880.04 2934.53 1211305324
-2283.35 2822.84 1211305382
-2794.8 2748.02 1211305442
-3244.2 2718.98 1211305508
-3274.34 2530.24 1211305563
-3256.61 2224.25 1211305623
-3547.35 1387.85 1211305683
-3871.77 1200.26 1211305722
-3853.16 1151.13 1211305793
-3834.54 1110.93 1211305842
-3813.27 1059.57 1211305902
-3797.31 1011.56 1211305937
-3784.9 951.261 1211305997
-3783.13 916.647 1211306057
-3782.25 885.383 1211306120
-3777.81 855.236 1211306177
-3756.54 810.574 1211306237
-3731.72 749.164 1211306297
-3698.04 596.2 1211306357
-3688.29 341.637 1211306379
-3648.4 -113.876 1211306440
-3619.15 -643.043 1211306502
-3581.92 -1422.22 1211306561
-3550.9 -1896.61 1211306621
-3484.42 -3601.95 1211306742
-3533.17 -4370.81 1211306807
-3528.74 -4373.04 1211306825
-3211.41 -5044.75 1211306949
-2741.62 -5345.99 1211307005
-1919.04 -5571.36 1211307065
-1718.72 -5496.61 1211307125
-1063.67 -4165.49 1211307188
60.2748 -3212.48 1211307240
1516.62 -3160.03 1211307293
2984.49 -2500.44 1211307344
3828.34 -1275.99 1211307395
3824.79 243.387 1211307449
3479.1 888.733 1211307476
3690.06 1749.65 1211307537
3854.04 1960.7 1211307597
4218.35 2417.45 1211307660
4207.71 3281.87 1211307719
3906.34 3689.54 1211307779
3765.4 3847.03 1211307843
3337.28 4437.93 1211307902
2983.6 4932.79 1211307959
2801.89 5107.06 1211308020
2743.39 5142.81 1211308045
2752.25 5149.52 1211308047
2561.68 5264.58 1211308107
2333.88 5242.24 1211308167
1957.16 5187.5 1211308218
1624.76 5128.29 1211308278
1371.25 5110.42 1211308338
957.306 5028.87 1211308398
728.616 4878.06 1211308460
80.6619 4775.28 1211308519
-310.238 4822.2 1211308579
-308.465 4840.07 1211308626
-308.465 4841.19 1211308628
-575.27 4885.88 1211308690
-938.692 4823.32 1211308748
-969.716 4657.99 1211308809
-1052.15 4492.66 1211308849
-1162.95 4185.48 1211308912
-1234.75 4252.5 1211308942
-1275.52 4291.6 1211309049
-1279.07 4287.13 1211309110
-1276.41 4289.36 1211309170
-1277.29 4292.71 1211309231
-1276.41 4293.83 1211309254
-1278.18 4291.6 1211309284
-1352.64 4279.31 1211309344
-1386.32 4188.83 1211309406
-1139.02 3848.15 1211309471
-1039.74 3396.91 1211309524
-998.08 3143.38 1211309585
-996.307 3032.81 1211309645
-1410.25 2962.45 1211309706
-1599.06 2756.95 1211309773
-1663.76 2668.72 1211309799
-1645.15 2423.03 1211309860
-1766.58 2219.78 1211309921
-1736.45 1967.4 1211309983
-1678.83 1653.61 1211310042
-1666.42 1509.56 1211310129
-1637.17 1332.02 1211310173
-2067.96 1248.27 1211310231
-2629.05 1394.55 1211310291
-3176.84 1462.66 1211310352
-3205.2 1642.45 1211310417
-3235.34 2186.28 1211310476
-3264.59 2969.15 1211310536
-3000.45 3618.06 1211310594
-3331.07 5035.57 1211310655
-3431.23 5309.27 1211310714
-3431.23 5309.27 1211310716
-3534.05 5188.62 1211310779
-2972.08 4800.98 1211310840
-2210.67 4633.41 1211310872
-1150.54 4603.25 1211310932
-756.094 4307.24 1211310992
-515.882 4342.98 1211311052
-515.882 4342.98 1211311112
-513.222 4342.98 1211311173
-515.882 4344.1 1211311233
-514.109 4345.21 1211311295
-513.222 4345.21 1211311356
-512.336 4347.45 1211311416
-513.222 4346.33 1211311476
-516.768 4346.33 1211311540
-519.427 4346.33 1211311597
-518.541 4346.33 1211311658
-517.654 4344.1 1211311718
-516.768 4345.21 1211311781
-516.768 4345.21 1211311839
-514.995 4347.45 1211311903
-514.995 4345.21 1211311961
-514.109 4344.1 1211312021
-514.109 4341.86 1211312086
-516.768 4344.1 1211312136
-514.995 4342.98 1211312197
-514.109 4344.1 1211312233
-514.109 4342.98 1211312293
-522.973 4349.68 1211312353
-324.42 4284.89 1211312413
-317.329 4368.67 1211312473
-350.126 4575.33 1211312533
-367.854 4685.92 1211312567
-157.778 4535.11 1211312683
-181.711 4426.76 1211312743
-147.141 4214.52 1211312809
-83.3211 3796.77 1211312863
-23.0463 3440.47 1211312923
18.6143 3218.21 1211312986
39.0014 3006 1211313044
61.1612 2763.65 1211313106
152.46 2366.07 1211313164
273.009 2341.51 1211313195
273.009 2339.27 1211313200
274.782 2342.62 1211313218
321.761 2230.95 1211313278
372.286 2102.52 1211313342
262.373 1946.18 1211313399
261.486 1947.3 1211313460
202.098 2027.7 1211313520
173.733 2223.13 1211313587
220.712 2379.48 1211313641
249.077 2342.62 1211313712
175.506 2187.39 1211313772
214.507 1949.53 1211313832
259.714 1639.1 1211313893
304.033 1439.22 1211313953
379.377 1013.79 1211314013
407.741 717.901 1211314073
405.969 674.356 1211314113
405.969 674.356 1211314115
478.653 697.804 1211314175
736.594 857.469 1211314239
1207.27 768.146 1211314296
1012.26 853.003 1211314359
990.989 1057.34 1211314417
992.762 968.009 1211314477
993.648 895.432 1211314530
1045.95 884.267 1211314544
1213.47 892.083 1211314568
1396.07 1081.9 1211314627
1570.69 1012.67 1211314684
2378.2 978.058 1211314745
2612.2 -93.7803 1211314805
2837.35 -1248.08 1211314865
3384.25 -1169.94 1211314930
3747.68 -996.919 1211314991
3661.7 -992.453 1211315026
