4343.33 -16179.1 1212011019
4531.25 -16076.6 1212011163
4201.51 -16069.9 1212011226
3826.56 -16189.1 1212011254
3139.61 -15268.7 1212011314
2507.61 -14016.1 1212011375
1444.82 -14048.4 1212011435
1517.51 -14309.2 1212011496
1392.53 -14666.9 1212011556
1393.41 -14666.9 1212011561
1317.18 -14741.6 1212011621
1524.6 -14457.4 1212011681
1564.49 -14359.3 1212011741
2259.42 -14108.6 1212011801
3029.7 -15155 1212011861
3678.54 -16278.2 1212011921
4233.42 -16131.2 1212011984
4292.81 -16151.2 1212012271
4483.38 -16139 1212012331
4462.11 -16225.9 1212012478
4197.96 -16087.7 1212012529
3431.23 -16217 1212012593
2973.85 -14713.7 1212012650
2641.46 -13226.9 1212012701
2559.91 -11728.7 1212012749
3480.87 -10514.6 1212012797
4195.3 -9213.25 1212012845
3967.5 -7719.88 1212012892
3700.7 -6245.21 1212012940
3252.18 -4760.23 1212012992
2847.99 -3324.08 1212013047
3542.03 -1801.73 1212013105
3849.61 -290.269 1212013157
3365.64 1125.45 1212013212
3646.63 1737.36 1212013275
3864.68 2003.14 1212013333
3663.47 2236.53 1212013393
3270.8 2626.28 1212013454
3002.22 2912.19 1212013514
2812.53 3313.14 1212013568
2740.73 3858.2 1212013629
2871.92 3946.44 1212013691
2935.74 3917.4 1212013729
2847.99 3915.17 1212013777
2847.99 3915.17 1212013778
2927.76 3917.4 1212013838
2962.33 3600.19 1212013902
2933.97 3376.81 1212013961
3021.72 3300.86 1212014019
3074.02 3381.27 1212014079
3174.18 3428.18 1212014109
3349.68 3389.09 1212014169
3641.31 3616.94 1212014224
3914.32 3287.45 1212014284
3804.4 3360.05 1212014336
3804.4 3360.05 1212014338
3805.29 3362.29 1212014365
3618.26 3540.99 1212014425
3344.37 3615.83 1212014485
3252.18 3484.03 1212014545
2914.46 3153.43 1212014606
2852.42 3251.71 1212014665
2857.74 3253.95 1212014685
