3853.16 -16198 1212607018
3171.52 -15395.7 1212607076
2633.48 -14009.4 1212607135
1177.13 -14334.8 1212607187
-209.189 -14118.6 1212607247
-1092.04 -12908.1 1212607298
-1973.11 -11683 1212607348
-2645 -10320.6 1212607400
-3184.82 -8914.37 1212607447
-3071.36 -7435.45 1212607493
-3156.45 -5923.91 1212607543
-3758.31 -5082.68 1212607625
-4370.81 -4762.46 1212607688
-4332.7 -3903.25 1212607745
-4872.51 -3410.01 1212607805
-5173 -2531.69 1212607865
-5177.43 -2432.36 1212607879
-5208.45 -1844.15 1212607941
-5207.57 -1072.83 1212607999
-5243.91 -953.383 1212608062
-5567.44 -974.593 1212608123
-5789.93 -1082.87 1212608181
-5789.04 -1081.76 1212608241
-5790.81 -1085.11 1212608306
-5789.93 -1083.99 1212608363
-5692.43 -1196.73 1212608424
-5623.29 -774.771 1212608484
-5281.14 -567.131 1212608545
-5313.05 16.7466 1212608605
-4269.76 551.539 1212608749
-2027.18 784.894 1212609019
-1724.92 1087.48 1212609057
-1306.55 1267.26 1212609164
-96.617 1457.08 1212609279
514.109 1558.7 1212609337
979.466 1627.93 1212609424
1287.93 1833.4 1212609484
1270.2 1920.5 1212609525
1181.56 2502.32 1212609580
1469.64 2562.63 1212609643
1884.47 2631.87 1212609712
2269.17 2686.59 1212609773
2437.58 2679.89 1212609833
2508.5 2612.88 1212609893
2465.06 2636.34 1212609921
2344.51 2794.92 1212609983
2220.42 2838.48 1212610043
2184.96 2890.97 1212610285
2181.42 2908.84 1212610345
2178.76 2928.94 1212610406
2168.12 2916.66 1212610466
2187.62 2909.96 1212610527
2184.96 2915.54 1212610587
2183.19 2902.14 1212610648
2190.28 2916.66 1212610708
2194.71 2893.2 1212610769
2201.8 2885.38 1212610829
2207.12 2880.92 1212610890
2161.03 2930.06 1212610950
2252.33 2703.34 1212611011
2183.19 2886.5 1212611072
2179.64 2904.37 1212611133
2194.71 2886.5 1212611195
2159.26 2955.75 1212611254
2177.87 2949.04 1212611308
2688.43 3109.87 1212611384
2650.32 2845.18 1212611448
3047.42 2350.44 1212611509
3312.46 2144.96 1212611566
3498.6 2399.58 1212611627
3362.09 2539.17 1212611657
3281.43 2624.05 1212611669
3152.02 2749.13 1212611714
3034.13 2684.36 1212611774
3046.54 2459.88 1212611834
3097.06 2461 1212611905
3258.39 2614 1212611965
3635.99 3016.06 1212612030
3718.42 3092 1212612088
3869.11 3253.95 1212612146
3722.86 3585.67 1212612206
3737.93 3498.55 1212612236
3737.93 3499.67 1212612267
3737.93 3499.67 1212612269
3747.68 3504.13 1212612329
4098.69 3199.22 1212612389
4229.87 3047.33 1212612449
4186.44 2442.01 1212612509
3896.59 2409.63 1212612571
3615.6 2684.36 1212612630
3401.1 2897.67 1212612694
3211.41 3099.82 1212612751
2738.96 2788.22 1212612811
2739.85 2788.22 1212612814
3118.34 3043.98 1212612878
2992.47 2934.53 1212612935
2896.74 3024.99 1212612996
2830.26 3516.42 1212613057
2376.42 3444.94 1212613118
2381.74 3454.99 1212613178
1799.38 3348.88 1212613239
1232.09 3262.88 1212613300
920.964 3221.56 1212613360
256.168 3112.1 1212613425
-539.814 2997.07 1212613480
-1051.26 2683.24 1212613540
-1190.43 2472.17 1212613608
-1620.33 2414.1 1212613660
-2258.53 2362.72 1212613721
-2256.76 2362.72 1212613781
-2254.1 2360.49 1212613842
-2254.99 2359.37 1212613895
-2264.74 2354.91 1212613956
-2257.65 2362.72 1212614016
-2257.65 2361.61 1212614053
-2457.09 2349.32 1212614112
-2894.96 2323.64 1212614177
-3566.85 2280.08 1212614234
-3821.25 2267.8 1212614295
-4232.53 2241 1212614358
-4932.79 2201.91 1212614417
-5021.42 2197.45 1212614437
-5021.42 2197.45 1212614439
-5022.31 2197.45 1212614469
-5022.31 2197.45 1212614471
-5023.2 2197.45 1212614531
-5023.2 2198.56 1212614595
-5070.18 2195.21 1212614654
-5040.04 2399.58 1212614712
-5034.72 2408.51 1212614720
-5018.77 2207.5 1212614780
-4768.8 2194.1 1212614811
-4503.77 2209.73 1212614871
-3918.75 2245.47 1212614931
-3336.39 2275.62 1212614994
-2950.81 2301.3 1212615052
-2362.24 2333.69 1212615115
-1910.18 2361.61 1212615173
-1362.39 2427.5 1212615234
-1074.31 2466.58 1212615296
-901.463 2606.18 1212615355
-376.718 2697.76 1212615418
-76.2299 2748.02 1212615476
580.588 2848.53 1212615537
941.351 2905.49 1212615597
1085.83 2927.82 1212615658
1290.59 2955.75 1212615718
1835.72 3054.03 1212615781
2512.04 3150.08 1212615841
2897.62 3219.32 1212615897
2899.4 3217.09 1212615931
2899.4 3217.09 1212615932
2950.81 3217.09 1212615993
2975.63 3207.04 1212616053
3164.43 3189.17 1212616113
3041.22 3167.95 1212616173
3075.79 3102.05 1212616236
3194.57 2964.68 1212616294
2950.81 2617.35 1212616354
2494.31 2127.09 1212616415
2145.96 1811.06 1212616475
2260.31 1669.25 1212616536
2526.22 1397.9 1212616596
2721.23 1276.19 1212616654
2722.12 1276.19 1212616655
2707.94 1288.47 1212616715
2707.94 1288.47 1212616746
3062.49 1617.88 1212616810
3240.66 1802.13 1212616868
3163.54 1949.53 1212616928
2888.76 2225.36 1212616992
2625.5 2511.25 1212617049
2598.02 2551.46 1212617110
2488.11 2658.67 1212617154
2627.27 2797.16 1212617211
2748.71 2777.05 1212617271
2764.66 2778.17 1212617292
2764.66 2778.17 1212617293
2791.26 2804.97 1212617355
2771.76 2829.54 1212617413
2533.32 2697.76 1212617473
2744.28 2803.86 1212617533
2788.6 2828.43 1212617593
2785.94 2827.31 1212617685
2697.3 2780.4 1212617745
2698.18 2781.52 1212617823
2704.39 2787.1 1212617866
2729.21 2797.16 1212617925
2857.74 2859.7 1212617985
2849.76 2855.23 1212618019
2889.65 2817.26 1212618075
2925.1 2983.67 1212618136
2876.35 3151.2 1212618196
2882.55 3154.55 1212618217
2942.83 3230.49 1212618267
3172.41 2931.17 1212618327
3454.28 2565.98 1212618385
3220.27 2321.4 1212618445
3470.23 2023.24 1212618508
3635.1 1875.83 1212618554
3634.22 1874.71 1212618556
3640.42 1859.08 1212618595
3503.92 1643.56 1212618656
3618.26 707.852 1212618716
3490.62 275.765 1212618778
3278.77 547.073 1212618837
2819.62 509.112 1212618897
2554.59 491.248 1212618957
2279.81 472.267 1212619017
2013.89 462.218 1212619078
1820.65 768.146 1212619139
1634.51 749.164 1212619203
1222.34 729.067 1212619262
808.392 695.571 1212619319
666.569 673.24 1212619348
666.569 673.24 1212619350
608.953 797.176 1212619410
633.772 849.654 1212619470
968.829 889.85 1212619530
1172.7 894.316 1212619573
1580.44 915.531 1212619633
1713.4 568.287 1212619693
1775.45 571.636 1212619745
1621.22 384.064 1212619804
1486.48 379.598 1212619865
1253.36 363.967 1212619925
1080.51 344.987 1212619989
658.591 309.259 1212620048
347.467 472.267 1212620106
282.76 465.568 1212620168
227.803 518.044 1212620228
118.777 813.924 1212620288
-210.962 792.71 1212620349
-485.744 713.435 1212620409
-806.619 813.924 1212620470
-1325.16 734.649 1212620530
-1558.28 895.432 1212620591
-1505.1 911.064 1212620614
