2715.03 1200.26 1211498728
2881.67 1170.11 1211498772
3389.57 1678.18 1211498854
3789.34 2063.44 1211498914
3887.73 2406.28 1211498977
3768.06 2522.42 1211499035
3677.65 2615.12 1211499096
3605.85 2682.12 1211499156
3343.48 2953.51 1211499217
3110.36 3212.62 1211499277
3098.83 3210.39 1211499287
3063.38 3051.79 1211499348
2885.21 2988.13 1211499409
2826.71 3198.1 1211499472
2777.07 3499.67 1211499532
2642.34 4100.59 1211499590
2468.61 4291.6 1211499650
1880.93 4816.61 1211499711
1661.99 5004.29 1211499771
1407.59 5000.94 1211499822
1407.59 5000.94 1211499824
1361.5 5059.03 1211499885
1362.39 5078.02 1211499946
1514.85 5112.65 1211499997
1896 5176.33 1211500058
2340.08 5248.94 1211500118
2356.92 5330.49 1211500141
2430.49 5315.97 1211500202
2816.08 5051.21 1211500262
2934.85 4935.03 1211500322
2994.24 4713.84 1211500381
3013.74 4622.24 1211500458
3012.85 4622.24 1211500568
3010.2 4618.89 1211500635
3011.97 4615.54 1211500691
3020.83 4612.19 1211500748
3014.63 4614.42 1211500809
3014.63 4613.31 1211500821
3180.38 4303.88 1211500878
3513.67 4130.75 1211500938
3705.13 3847.03 1211501000
4026.89 3431.53 1211501058
4225.44 3062.96 1211501118
4219.24 2944.58 1211501178
4111.1 2270.03 1211501241
4018.03 2158.36 1211501299
3927.61 2071.25 1211501359
3454.28 1587.73 1211501421
3816.81 159.652 1211501479
3913.43 -881.939 1211501539
3669.67 -1571.79 1211501599
2781.51 -2711.38 1211501660
3093.52 -4194.5 1211501716
3574.83 -5612.64 1211501772
3834.54 -7080.74 1211501812
4096.92 -8547.46 1211501860
3853.16 -10007.2 1211501910
2807.21 -11123.3 1211501962
2546.61 -12076.5 1211502022
2703.5 -13566.9 1211502076
2987.15 -15041.4 1211502130
3584.58 -16306.1 1211502191
4459.45 -16198 1211502250
4456.79 -16209.2 1211502275
4460.34 -16214.7 1211502335
4493.13 -16169 1211502396
4546.32 -15983 1211502417
4540.11 -15960.7 1211502418
3852.27 -16011.9 1211502478
3975.48 -16176.8 1211502539
4223.67 -16133.4 1211502608
4223.67 -16133.4 1211502643
4383.22 -16057.6 1211502668
4387.65 -16034.2 1211502730
4388.54 -16035.3 1211502789
4392.08 -16034.2 1211502850
4391.2 -16037.6 1211502910
4391.2 -16038.7 1211502970
4392.97 -16036.5 1211503039
4390.31 -16033.1 1211503091
4391.2 -16034.2 1211503153
4388.54 -16056.5 1211503217
4384.99 -16072.1 1211503274
4384.99 -16069.9 1211503333
4386.77 -16068.8 1211503393
4385.88 -16069.9 1211503454
4392.08 -16030.9 1211503514
4392.08 -16029.8 1211503576
4390.31 -16028.7 1211503636
4392.08 -16030.9 1211503705
4390.31 -16028.7 1211503757
4385.88 -16054.3 1211503817
4387.65 -16040.9 1211503877
4390.31 -16035.3 1211503937
4387.65 -16036.5 1211503997
4386.77 -16054.3 1211504057
