34725.4 -6860.99 1212233008
36197.7 -6966.96 1212233058
37756.9 -6606.65 1212233105
36104.6 -6538.6 1212233211
36104.6 -6538.6 1212233224
34805.2 -6978.12 1212233264
33382.5 -7405.34 1212233308
31588.4 -7728.8 1212233363
30137.4 -7751.11 1212233409
29043.6 -6733.82 1212233459
27854.9 -5856.97 1212233508
26840 -4684.35 1212233562
26328.6 -3290.6 1212233606
25684.2 -1920.05 1212233658
25428.9 -455.494 1212233713
24977.7 990.341 1212233769
23809.4 1967.4 1212233823
22521.5 2672.07 1212233872
21104.2 3079.72 1212233918
19955.4 4077.13 1212233969
18529.2 4511.65 1212234018
17314.8 5336.08 1212234063
16271.5 6400.81 1212234116
14964.1 7136.03 1212234167
13533.5 7524.9 1212234212
12070 7415.39 1212234268
10818.4 7207.55 1212234328
10059.7 6975.13 1212234388
8616.64 6685.73 1212234445
7209.93 6199.7 1212234497
6010.64 5301.45 1212234553
5041.81 4148.62 1212234603
3579.26 2874.22 1212234683
3584.58 3500.78 1212234743
3750.33 3691.78 1212234803
3785.79 3726.4 1212234863
3785.79 3723.05 1212234888
3904.57 3529.82 1212234948
4211.26 2809.44 1212235008
4091.6 2224.25 1212235068
3835.43 1954 1212235128
3380.71 1013.79 1212235188
3833.66 -392.977 1212235237
3489.73 -1847.5 1212235289
2782.39 -3155.56 1212235346
3182.16 -4525.91 1212235397
3640.42 -6003.12 1212235438
3900.14 -7474.49 1212235483
4167.83 -8952.29 1212235529
3595.22 -10347.3 1212235576
2633.48 -11454.5 1212235624
2599.79 -12990.6 1212235677
2886.99 -14448.5 1212235730
3210.52 -15862.6 1212235790
4029.55 -16189.1 1212235851
4463 -16200.2 1212235911
4459.45 -16200.2 1212235918
4481.61 -16191.3 1212235978
4331.81 -15884.9 1212236038
3845.18 -16188 1212236082
3424.14 -16181.3 1212236108
