3134.29 1686 1211846604
3395.78 1715.03 1211846649
3567.74 1836.75 1211846703
3563.31 1835.63 1211846767
3561.53 1836.75 1211846833
3365.64 1654.73 1211846885
2877.24 1444.8 1211846946
2396.81 1926.08 1211847006
1949.18 2341.51 1211847068
1852.56 2741.31 1211847131
1854.34 2723.45 1211847189
1854.34 2740.2 1211847249
1854.34 2724.56 1211847313
1855.22 2751.37 1211847375
1854.34 2749.13 1211847430
1847.25 2723.45 1211847491
1840.15 2735.73 1211847553
1583.1 2772.59 1211847656
1700.99 2816.14 1211847711
1943.86 2855.23 1211847774
2184.08 2908.84 1211847834
2284.24 2836.24 1211847892
2403.9 2723.45 1211847952
2435.81 2750.25 1211848019
2427.83 2741.31 1211848075
2396.81 2713.39 1211848134
2394.15 2711.16 1211848194
2407.45 2729.03 1211848263
2400.36 2722.33 1211848316
2437.58 2750.25 1211848381
2423.4 2741.31 1211848436
2410.11 2721.21 1211848497
2419.86 2731.26 1211848562
2387.95 2711.16 1211848617
2421.63 2722.33 1211848678
2441.13 2741.31 1211848801
2444.68 2746.9 1211848851
2420.74 2734.61 1211848916
2413.65 2724.56 1211848971
2403.02 2717.86 1211849034
2406.56 2721.21 1211849096
2419.86 2718.98 1211849156
2435.81 2737.96 1211849194
2426.06 2951.28 1211849257
2695.53 2964.68 1211849315
2711.48 3167.95 1211849376
2672.48 3390.21 1211849435
2784.16 3432.65 1211849501
2985.38 3437.12 1211849555
2951.69 3762.14 1211849621
2980.94 3995.59 1211849676
2949.92 4380.96 1211849736
2896.74 4730.6 1211849776
2982.72 4812.15 1211849828
2981.83 4812.15 1211849852
2985.38 4812.15 1211849854
2865.71 4886.99 1211849914
2853.3 4998.7 1211849974
2795.69 5117.12 1211850029
2539.52 5175.21 1211850068
2158.37 5111.53 1211850131
2164.58 4706.02 1211850185
2172.55 4580.91 1211850246
2209.78 4504.95 1211850306
2246.12 4177.66 1211850364
2262.97 4060.38 1211850433
2301.08 3831.4 1211850492
2356.04 3505.25 1211850545
2391.49 3301.97 1211850605
2420.74 3164.6 1211850666
2432.27 3057.38 1211850715
2431.38 3055.14 1211850717
2098.98 2987.02 1211850777
2016.55 2888.74 1211850837
2153.94 2883.15 1211850897
2364.01 2784.87 1211850961
2457.97 2941.23 1211851018
2422.52 3129.97 1211851078
2410.11 3150.08 1211851136
2402.13 3250.6 1211851197
2383.51 3335.48 1211851259
2355.15 3555.51 1211851328
2278.03 4062.61 1211851436
2261.19 4134.1 1211851500
2224.85 4346.33 1211851558
2229.28 4482.61 1211851616
2174.33 4655.75 1211851676
2093.66 5187.5 1211851741
2261.19 5233.3 1211851800
2344.51 5377.42 1211851864
2344.51 5377.42 1211851879
2337.42 5380.77 1211851939
2336.54 5380.77 1211852002
2335.65 5378.53 1211852062
2331.22 5384.12 1211852119
2318.81 5383 1211852242
2309.06 5380.77 1211852425
2311.72 5383 1211852488
2309.06 5379.65 1211852542
2294.88 5386.35 1211852602
2287.78 5389.7 1211852662
2284.24 5386.35 1211852723
2284.24 5386.35 1211852786
2284.24 5387.47 1211852851
2286.9 5387.47 1211852875
2286.9 5387.47 1211852936
2279.81 5389.7 1211852996
2271.83 5390.82 1211853066
2271.83 5391.94 1211853116
2271.83 5391.94 1211853132
2080.37 5228.83 1211853198
2156.6 4760.76 1211853257
2171.67 4579.79 1211853317
2321.47 4417.82 1211853376
2349.83 4410 1211853431
2553.7 4221.22 1211853491
2754.03 4052.56 1211853554
2884.33 3829.16 1211853613
2986.26 3280.75 1211853671
3068.7 3123.27 1211853732
2964.1 2957.98 1211853792
2921.56 2993.72 1211853812
2921.56 2993.72 1211853819
2944.6 3043.98 1211853911
2790.37 3387.97 1211853971
2739.85 3752.09 1211854035
2739.85 3778.9 1211854052
2740.73 3778.9 1211854053
2748.71 3765.5 1211854121
2753.14 3756.56 1211854173
2712.37 4060.38 1211854233
2637.02 4159.79 1211854301
2486.34 4294.95 1211854356
2302.85 4473.67 1211854414
2145.07 4871.35 1211854474
2359.58 5333.85 1211854600
2354.26 5367.36 1211854659
2338.31 5378.53 1211854717
2338.31 5378.53 1211854781
2308.17 5381.88 1211854839
2301.97 5384.12 1211854898
2301.97 5383 1211854956
2301.97 5384.12 1211855020
2301.08 5384.12 1211855080
2292.22 5384.12 1211855201
2292.22 5386.35 1211855263
2284.24 5386.35 1211855319
2274.49 5386.35 1211855371
2212.44 5387.47 1211855430
1919.93 5299.21 1211855552
1991.73 4853.48 1211855610
2052 4484.84 1211855670
2114.05 4072.66 1211855729
2144.19 3934.16 1211855789
2301.08 3843.68 1211855849
2241.69 3431.53 1211855971
2246.12 3347.77 1211856031
2161.03 3006 1211856151
2161.03 3006 1211856187
2160.14 3010.47 1211856189
2047.57 2875.33 1211856249
2169.89 2898.79 1211856309
2177.87 2860.81 1211856372
2186.74 2892.09 1211856433
2187.62 2870.87 1211856502
2185.85 2874.22 1211856551
2184.96 2848.53 1211856680
2190.28 2875.33 1211856731
2184.96 2853 1211856797
2187.62 2870.87 1211856860
2185.85 2882.03 1211856887
2180.53 2800.51 1211856941
1834.84 2950.16 1211857043
1760.38 3510.83 1211857104
1696.56 3881.66 1211857161
1530.8 3993.36 1211857240
1529.03 4001.18 1211857297
1498.89 4224.58 1211857355
1501.55 4232.39 1211857416
1499.78 4226.81 1211857476
1498.01 4229.04 1211857537
1499.78 4227.93 1211857598
1499.78 4224.58 1211857670
1498.89 4224.58 1211857722
1498.89 4224.58 1211857755
1504.21 4225.69 1211857817
1504.21 4225.69 1211857855
1502.44 4225.69 1211857925
1497.12 4224.58 1211857977
1496.23 4224.58 1211858032
1352.64 4235.75 1211858095
1334.91 4239.1 1211858119
1068.11 4194.42 1211858184
1019.35 4424.52 1211858244
952.874 4596.55 1211858301
292.51 4496.01 1211858359
-484.858 4439.05 1211858470
-485.744 4439.05 1211858478
-300.488 4506.07 1211858531
-202.984 4519.47 1211858595
-180.824 4522.82 1211858615
241.099 4593.2 1211858679
758.754 4672.51 1211858735
975.034 4627.83 1211858803
1014.04 4366.44 1211858855
1131.93 3650.45 1211858914
1193.09 3290.8 1211858972
1240.07 3017.17 1211859041
1543.21 2781.52 1211859093
2289.56 2885.38 1211859215
2579.41 2980.32 1211859275
2590.04 2855.23 1211859338
2793.03 2733.5 1211859396
2798.35 2736.85 1211859417
2911.81 2831.78 1211859472
2950.81 2951.28 1211859592
2826.71 3109.87 1211859653
2683.12 3457.22 1211859715
2730.09 3690.66 1211859740
2673.37 4070.43 1211859800
2498.75 4280.43 1211859861
2395.04 4370.91 1211859921
2310.83 4441.28 1211859971
2311.72 4442.4 1211859973
2279.81 4471.44 1211860041
1867.63 4830.02 1211860098
1658.44 5021.05 1211860154
1716.95 5153.98 1211860218
2071.5 5204.26 1211860284
2354.26 5366.24 1211860347
2349.83 5371.83 1211860395
2344.51 5375.18 1211860458
2339.19 5377.42 1211860519
2339.19 5376.3 1211860574
2339.19 5376.3 1211860643
2329.44 5380.77 1211860696
2296.65 5383 1211860820
2295.76 5384.12 1211860877
2286.01 5387.47 1211860937
2278.92 5389.7 1211861034
1925.25 5393.06 1211861143
1978.43 4931.68 1211861236
2011.23 4716.08 1211861298
2057.32 4428.99 1211861357
2128.23 3952.03 1211861415
2309.06 3771.08 1211861478
2727.44 3836.98 1211861544
2746.94 3901.76 1211861588
2746.94 3901.76 1211861592
2730.09 3917.4 1211861650
2730.98 3918.52 1211861687
2719.46 3946.44 1211861708
2582.95 4207.82 1211861768
2394.15 4372.02 1211861828
2045.8 4674.74 1211861896
1386.32 4997.59 1211862020
780.027 4892.58 1211862076
691.388 4564.16 1211862130
527.405 4533.99 1211862186
527.405 4533.99 1211862188
525.632 4527.29 1211862247
314.67 4496.01 1211862309
-303.147 4499.37 1211862412
-16.8415 4547.4 1211862475
593.884 4644.58 1211862532
979.466 4620.01 1211862596
1056.58 4126.28 1211862654
2582.95 4195.53 1211862777
2782.39 4014.58 1211862838
2894.96 3591.25 1211862957
2889.65 3592.37 1211862964
2878.12 3574.5 1211863019
2832.92 3580.08 1211863079
2824.05 3586.79 1211863147
2845.33 3571.15 1211863204
2829.37 3571.15 1211863259
2843.55 3573.38 1211863319
2839.12 3601.31 1211863442
2772.64 3599.07 1211863544
2831.14 3580.08 1211863605
2845.33 3565.56 1211863672
2850.64 3564.45 1211863687
3019.95 3719.7 1211863749
2963.22 4207.82 1211863807
2839.12 4261.44 1211863873
2415.42 4191.07 1211863928
2162.8 4145.27 1211863995
1197.52 3995.59 1211864052
780.027 4024.63 1211864107
703.797 4522.82 1211864167
697.592 4531.76 1211864227
583.248 4646.82 1211864288
583.248 4645.7 1211864289
582.361 4643.47 1211864298
584.134 4647.94 1211864359
586.793 4642.35 1211864419
546.905 4539.58 1211864479
226.031 4483.73 1211864540
-72.6843 4436.81 1211864599
-351.899 4492.66 1211864719
21.2735 4555.22 1211864782
444.084 4624.48 1211864840
686.069 4588.73 1211864900
686.956 4588.73 1211864932
686.069 4587.61 1211864936
442.311 4516.12 1211864994
-23.0463 4437.93 1211865056
7.97755 4151.97 1211865119
335.943 4176.54 1211865179
741.026 4277.08 1211865237
701.138 4531.76 1211865298
659.477 4788.69 1211865356
1042.4 5034.45 1211865421
1319.84 5199.79 1211865531
1270.2 5076.9 1211865590
712.661 4885.88 1211865656
236.667 4806.56 1211865714
-140.05 4790.92 1211865769
-374.945 4756.29 1211865832
-346.58 4746.24 1211865851
-223.371 4751.82 1211865913
-491.063 4488.2 1211865974
-200.325 4526.18 1211866032
-101.935 4547.4 1211866061
161.324 4777.52 1211866122
867.78 4898.16 1211866183
1967.8 4740.65 1211866303
2326.79 4417.82 1211866366
2421.63 4337.39 1211866426
2434.04 4327.34 1211866464
2434.04 4326.22 1211866465
2449.11 4312.82 1211866528
2723 4077.13 1211866592
2900.28 3809.06 1211866645
2849.76 3623.64 1211866706
2806.32 3700.71 1211866766
2812.53 3686.19 1211866832
2826.71 3660.5 1211866890
2800.12 3717.47 1211866957
2790.37 3726.4 1211867008
2840.89 3641.51 1211867076
2846.21 3622.53 1211867132
2857.74 3600.19 1211867189
2856.85 3610.24 1211867243
2862.17 3609.12 1211867332
2853.3 3619.18 1211867421
2855.96 3638.16 1211867485
2866.6 3620.29 1211867545
2853.3 3649.33 1211867603
2854.19 3650.45 1211867663
2855.96 3651.57 1211867734
2861.28 3656.03 1211867785
2863.05 3654.92 1211867845
2859.51 3659.39 1211867905
2895.85 3891.71 1211867973
2888.76 3724.17 1211868030
2928.65 3945.33 1211868086
2932.19 3939.74 1211868146
2950.81 3874.96 1211868211
2971.19 3753.21 1211868268
2988.04 3618.06 1211868334
2962.33 3612.47 1211868388
2972.97 3615.83 1211868447
2867.49 3654.92 1211868507
2890.53 3518.65 1211868571
2891.42 3501.9 1211868641
2861.28 3597.95 1211868694
2857.74 3653.8 1211868748
2862.17 3644.87 1211868808
2889.65 3649.33 1211868874
2883.44 3656.03 1211868908
2976.51 3681.72 1211868965
2980.06 3108.75 1211869025
3254.84 2933.41 1211869087
3282.32 2627.4 1211869204
3282.32 2626.28 1211869222
3310.68 2932.29 1211869347
3145.81 2810.56 1211869405
3117.45 2830.66 1211869467
3105.04 2845.18 1211869526
3124.54 2829.54 1211869646
3123.65 2837.36 1211869710
2737.19 3106.52 1211869830
2420.74 3176.88 1211869900
2423.4 3224.91 1211869948
2404.79 3213.74 1211869997
2521.79 3387.97 1211870057
2913.58 3428.18 1211870117
3067.81 3107.64 1211870177
3235.34 2944.58 1211870236
3162.66 2820.61 1211870293
3025.26 2889.85 1211870333
3026.15 2888.74 1211870334
3037.67 2901.02 1211870394
3034.13 2896.55 1211870432
3001.33 2915.54 1211870499
2722.12 3086.42 1211870555
2411.88 3172.42 1211870625
2387.95 3198.1 1211870674
2392.38 3202.57 1211870732
2388.83 3200.34 1211870798
2374.65 3185.82 1211870853
2389.72 3184.7 1211870914
2376.42 3186.93 1211870983
2390.61 3189.17 1211871036
2392.38 3199.22 1211871095
2395.92 3199.22 1211871155
2267.4 3181.35 1211871226
2288.67 3031.69 1211871279
1999.71 2968.03 1211871340
1425.32 2876.45 1211871399
1287.04 2875.33 1211871465
1304.77 2457.65 1211871517
1381.89 2058.97 1211871577
