2064.41 2864.16 1212733350
2061.75 2861.93 1212733405
2053.78 2868.63 1212733463
3191.91 3184.7 1212733719
2328.56 3347.77 1212733930
2588.27 3384.62 1212733995
2996.9 3191.4 1212734053
2995.13 3195.87 1212734228
2854.19 3057.38 1212734291
2657.41 2869.75 1212734356
2023.64 2329.22 1212734474
1676.17 2263.33 1212734533
1073.42 2171.76 1212734656
1132.81 1799.9 1212734713
-383.809 1517.38 1212734831
-1070.76 1410.18 1212734891
-2200.92 678.823 1212735017
-2681.34 650.909 1212735076
-4507.32 548.19 1212735198
-5487.67 427.607 1212735260
-5294.43 499.063 1212735442
