3837.2 -1079.52 1211083944
3753.88 54.7057 1211084053
2822.28 912.181 1211084240
2218.65 1023.84 1211084360
2041.37 1299.64 1211084419
2008.57 1251.62 1211084473
2008.57 1391.2 1211084531
2025.41 1620.11 1211084558
1735.56 1913.8 1211084617
1680.6 1851.26 1211084685
1615.9 2555.93 1211084738
1562.71 2809.44 1211084866
2141.53 2923.36 1211085006
2133.55 2980.32 1211085126
2133.55 2988.13 1211085308
1935 2965.8 1211085374
1951.84 2942.34 1211085428
1951.84 2944.58 1211085480
1951.84 2930.06 1211085483
1676.17 2904.37 1211085552
1398.73 2873.1 1211085567
1206.38 3303.09 1211085738
1314.52 3391.33 1211085850
1617.67 3439.35 1211085892
2046.68 3514.19 1211085966
2217.76 3453.87 1211086026
2250.56 3210.39 1211086098
2262.08 3179.12 1211086152
2298.42 2883.15 1211086215
2338.31 2667.61 1211086327
2341.85 2669.84 1211086387
2347.17 2668.72 1211086507
2356.92 2588.31 1211086572
2621.95 2806.09 1211086630
2855.96 3074.13 1211086687
3446.3 3368.99 1211086810
3623.58 3606.89 1211086872
3854.93 3963.2 1211086931
3864.68 3947.56 1211086993
3877.98 3526.47 1211087056
3570.4 4105.06 1211087296
3128.97 4730.6 1211087353
2754.03 5137.23 1211087423
2372.88 5353.96 1211087478
2276.26 5386.35 1211087507
2053.78 5348.37 1211087568
2005.91 4765.23 1211087690
2013 4719.43 1211087745
2233.71 4501.6 1211087816
2318.81 4424.52 1211087868
2349.83 4407.77 1211087928
2538.63 4230.16 1211087988
2653.86 4131.86 1211088045
3287.64 3019.41 1211088287
3377.16 2920.01 1211088390
3168.86 3114.34 1211088460
2091.89 2031.05 1211088580
1534.35 1473.83 1211088699
1396.07 1332.02 1211088767
1411.14 578.335 1211088822
1464.32 -78.1503 1211088879
1481.17 -333.808 1211088940
1312.75 -379.58 1211089047
1271.98 -157.416 1211089085
1255.13 159.652 1211089152
1228.54 461.102 1211089204
1166.5 1258.32 1211089324
1261.34 1485 1211089391
1277.29 1890.35 1211089448
1177.13 2505.67 1211089508
1136.36 2762.53 1211089569
1032.65 3339.95 1211089630
685.183 4670.28 1211089925
679.865 4635.65 1211090049
912.1 4569.74 1211090092
988.33 4551.87 1211090100
1129.27 3648.22 1211090223
1172.7 3402.49 1211090283
1028.22 3346.65 1211090335
931.601 3060.73 1211090396
1054.81 2345.97 1211090460
1148.77 1703.86 1211090524
1087.61 1316.39 1211090576
991.875 901.015 1211090638
1024.67 530.325 1211090703
1002.51 534.791 1211090804
995.421 516.927 1211090923
815.483 715.668 1211091060
811.937 789.36 1211091062
951.988 1162.29 1211091122
1357.96 1692.7 1211091247
1581.33 1806.6 1211091303
2036.93 2242.11 1211091371
2094.55 2321.4 1211091492
2207.12 2419.68 1211091553
2327.67 2542.52 1211091619
2193.83 2644.15 1211091679
2222.19 2583.85 1211091766
2153.05 1768.63 1211091941
2391.49 1534.13 1211092011
2501.41 1016.02 1211092067
2617.52 -1872.05 1211092166
3206.98 -4838.33 1211092269
2900.28 -5364.96 1211092324
2097.21 -6029.9 1211092444
1729.36 -5902.71 1211092504
-40.7741 -5167.48 1211092749
