3606.74 -991.337 1212766875
3574.83 -1147.62 1212767054
3292.07 -1172.18 1212767122
2920.67 -960.081 1212767196
2871.03 -359.485 1212767243
2727.44 808.341 1212767295
2683.12 1605.6 1212767356
2499.63 1818.88 1212767416
2388.83 1929.43 1212767485
2018.32 2311.35 1212767537
1920.82 2477.75 1212767598
1883.59 2701.11 1212767653
1934.11 2864.16 1212767697
1859.66 2735.73 1212767755
1781.65 2387.29 1212767823
1843.7 2071.25 1212767880
1738.22 1680.41 1212767941
1599.94 1534.13 1212767996
1384.55 1311.92 1212768063
1372.14 1139.96 1212768120
1426.21 441.005 1212768177
1429.75 -170.813 1212768302
1416.46 -166.348 1212768321
1256.02 164.118 1212768377
830.552 523.626 1212768506
830.552 523.626 1212768524
834.097 334.938 1212768578
1024.67 333.822 1212768638
1241.84 351.686 1212768695
1412.03 367.316 1212768719
1416.46 375.132 1212768724
1422.66 533.675 1212768778
1419.12 531.442 1212768781
1577.78 568.287 1212768846
1716.95 571.636 1212768871
2079.48 601.782 1212768929
2469.49 633.045 1212768989
2518.25 629.695 1212769048
2998.67 665.424 1212769114
3024.38 455.519 1212769179
3024.38 455.519 1212769199
3050.08 212.126 1212769301
3149.36 104.946 1212769334
3037.67 367.316 1212769454
3025.26 523.626 1212769507
2857.74 663.191 1212769563
1840.15 585.035 1212769679
1666.42 577.219 1212769731
1594.62 566.054 1212769763
1278.18 544.84 1212769823
840.302 506.879 1212769890
288.965 466.684 1212769943
121.436 453.286 1212770009
17.7279 641.977 1212770063
0.886394 903.248 1212770123
62.934 918.88 1212770183
62.934 918.88 1212770184
46.0925 942.328 1212770244
40.7741 1213.66 1212770304
2.65918 1458.2 1212770369
108.14 1687.11 1212770422
113.458 1667.01 1212770461
413.06 1538.6 1212770540
844.734 1598.9 1212770600
996.307 1627.93 1212770660
1209.93 1145.55 1212770725
2348.06 990.341 1212770785
2586.5 22.3288 1212770844
2828.48 -1123.06 1212770903
2709.71 -1878.75 1212770961
2766.44 -1963.58 1212771022
3227.36 -2257.13 1212771083
3626.24 -2681.25 1212771146
3926.73 -2903.34 1212771193
3927.61 -2910.04 1212771227
3933.82 -2917.85 1212771283
3933.82 -2912.27 1212771302
3493.28 -2575.22 1212771412
3256.61 -2408.92 1212771446
2538.63 -2477 1212771562
2452.65 -2702.45 1212771622
2686.66 -1781.64 1212771668
2897.62 -1003.62 1212771710
2686.66 1145.55 1212771856
3208.75 2113.69 1212771910
3151.13 2764.77 1212772086
2980.06 2932.29 1212772151
2913.58 2987.02 1212772206
2798.35 3099.82 1212772269
2481.9 3051.79 1212772327
2162.8 3056.26 1212772387
2216.87 3032.81 1212772447
2434.93 3092 1212772496
2415.42 3115.46 1212772555
2422.52 3126.62 1212772651
2435.81 3106.52 1212772716
2424.29 3086.42 1212772773
2422.52 3093.12 1212772792
2436.7 3096.47 1212772852
2442.9 3097.59 1212772912
2438.47 3096.47 1212772973
2438.47 3096.47 1212773042
2435.81 3095.35 1212773099
2430.49 3098.7 1212773160
2426.06 3092 1212773214
2418.08 3023.87 1212773285
2418.08 3023.87 1212773337
2387.95 3093.12 1212773368
2715.03 3193.64 1212773479
2842.67 3250.6 1212773539
2825.83 3145.61 1212773601
2440.24 3199.22 1212773659
2281.58 3222.67 1212773721
1699.22 3159.01 1212773783
1154.09 3056.26 1212773844
1083.17 3102.05 1212773901
1045.95 3342.18 1212773962
848.279 4523.94 1212774083
314.67 4492.66 1212774151
133.846 4461.39 1212774204
-170.188 4394.36 1212774264
-121.436 4408.89 1212774328
-121.436 4411.12 1212774340
-3.54558 4243.56 1212774452
-169.301 4097.24 1212774633
166.642 4130.75 1212774690
860.689 4268.14 1212774810
1053.92 4195.53 1212774870
1240.07 3994.47 1212774940
2207.12 4147.5 1212775000
2803.67 4243.56 1212775114
3042.99 4281.54 1212775176
3157.34 3888.36 1212775239
3206.98 3652.68 1212775295
3259.27 3417.01 1212775366
3464.03 3125.51 1212775412
3479.1 3124.39 1212775453
3478.21 3123.27 1212775471
3630.67 2943.46 1212775517
3698.92 2817.26 1212775576
3587.24 2710.04 1212775634
3238 2895.44 1212775705
3120.99 2815.02 1212775759
3163.54 2777.05 1212775818
3121.88 2792.69 1212775830
3066.92 2831.78 1212775890
2943.72 2963.56 1212775951
2868.37 3003.77 1212776018
2739.85 3299.74 1212776071
2754.03 3480.68 1212776134
2693.75 4002.29 1212776192
2877.24 3912.93 1212776252
2898.51 3926.34 1212776281
2932.19 3718.58 1212776342
2839.12 3214.86 1212776470
2490.77 3271.82 1212776528
2471.27 3265.12 1212776534
2002.37 3184.7 1212776593
1701.88 3086.42 1212776656
1395.18 3078.6 1212776708
1380.12 2997.07 1212776724
1381 2998.19 1212776728
1698.33 3022.76 1212776803
2103.41 3088.65 1212776856
2278.03 3122.16 1212776919
2392.38 3146.73 1212777037
2395.92 3157.9 1212777054
2541.29 3142.26 1212777114
2618.41 2850.76 1212777173
2818.73 2644.15 1212777233
3149.36 2525.77 1212777303
3232.68 2565.98 1212777354
3438.32 2800.51 1212777414
3729.06 2953.51 1212777476
3843.41 2802.74 1212777537
7097.36 6151.65 1212777779
9575.72 6712.55 1212777821
12974.2 4751.82 1212778032
14335.7 4239.1 1212778075
20778 -1588.54 1212778364
21080.2 -2864.28 1212778483
20638.8 -4582.81 1212778636
19655.8 -5171.94 1212778758
19845.5 -5390.62 1212778808
19849 -5411.82 1212778810
21281.4 -3505.98 1212778997
21684.8 -3316.27 1212779059
21035.9 -1907.77 1212779178
19317.2 548.19 1212779284
18209.2 1547.53 1212779336
17523.1 2160.59 1212779383
16379.7 3165.71 1212779423
15072.3 3868.26 1212779470
11801.5 5896.92 1212779609
11605.6 7219.84 1212779678
10866.3 7222.07 1212779729
8866.6 6736.01 1212779843
7444.83 6298.02 1212779898
6097.51 5371.83 1212779954
5102.09 4225.69 1212779997
4152.76 3102.05 1212780047
3229.13 2945.69 1212780195
3196.34 2819.49 1212780265
3177.72 2800.51 1212780289
2987.15 2913.31 1212780405
2853.3 3154.55 1212780526
2810.76 3590.14 1212780583
2824.94 3910.7 1212780637
2906.49 4052.56 1212780697
2981.83 4167.61 1212780757
2951.69 4366.44 1212780818
3007.54 4605.49 1212780897
3047.42 4454.68 1212780910
3156.45 3946.44 1212781151
3075.79 3782.25 1212781211
3066.92 3881.66 1212781310
3094.4 3854.85 1212781369
3186.59 3778.9 1212781430
3189.25 3584.55 1212781490
2962.33 3335.48 1212781592
2841.78 3310.91 1212781652
2799.23 3506.37 1212781719
2765.55 3844.8 1212781772
3050.08 3890.6 1212781839
3311.57 3947.56 1212781916
3450.73 3911.82 1212781978
3112.13 3620.29 1212782091
3112.13 3182.47 1212782147
2984.49 3298.62 1212782207
2723 3295.27 1212782267
2576.75 3277.4 1212782329
2563.45 3274.05 1212782394
2565.23 3290.8 1212782433
2563.45 3272.93 1212782491
2561.68 3279.64 1212782500
2564.34 3201.45 1212782568
2583.84 3001.54 1212782622
2596.25 2916.66 1212782679
2646.77 2870.87 1212782743
2795.69 2782.64 1212782802
2815.19 2730.15 1212782852
2815.19 2729.03 1212782853
2957.9 2878.68 1212782945
2877.24 3023.87 1212783003
2883.44 3184.7 1212783060
2865.71 3271.82 1212783123
2520.91 3266.23 1212783175
2200.03 3217.09 1212783240
1954.5 3230.49 1212783296
1364.16 3083.07 1212783359
1099.13 3039.51 1212783427
626.681 2861.93 1212783482
102.822 2774.82 1212783598
3.54558 2753.6 1212783636
7.97755 2760.3 1212783640
85.9803 2768.12 1212783663
945.783 2911.07 1212783759
1213.47 2956.86 1212783825
1293.25 2966.91 1212783836
1391.64 2982.55 1212783896
1803.81 3054.03 1212783956
2153.05 3100.94 1212784027
2257.65 3009.35 1212784077
2795.69 3228.26 1212784139
2891.42 3231.61 1212784207
2915.35 3270.7 1212784257
2841.78 3632.58 1212784317
2835.58 3609.12 1212784377
2768.21 3534.29 1212784437
3221.16 3729.75 1212784497
3214.95 3721.93 1212784524
3370.96 3704.06 1212784576
3341.71 3522 1212784633
2937.51 3028.34 1212784693
2738.07 3249.48 1212784753
2751.37 3316.49 1212784772
2427.83 3211.51 1212784832
2147.73 3246.13 1212784893
1593.74 3107.64 1212784959
1394.3 3086.42 1212785013
1367.71 3076.37 1212785047
1368.59 3075.25 1212785050
1240.07 3121.04 1212785109
1220.57 3250.6 1212785127
1217.91 3333.25 1212785187
1378.34 3409.2 1212785250
1665.54 3286.34 1212785310
1857 3089.77 1212785368
2174.33 3119.92 1212785441
2382.63 3196.99 1212785490
2377.31 3145.61 1212785555
2569.66 3103.17 1212785613
2566.11 3006 1212785668
2574.09 2841.83 1212785728
2574.09 2839.59 1212785732
2410.11 2866.4 1212785798
2153.94 2926.71 1212785855
2019.21 3308.67 1212785913
2174.33 3547.69 1212785973
2189.39 3578.97 1212786035
2214.21 3530.94 1212786084
2211.55 3528.71 1212786085
2210.67 3527.59 1212786086
2367.56 3524.24 1212786157
2399.47 3352.23 1212786208
2438.47 3180.23 1212786271
2593.59 3104.29 1212786329
2654.75 2887.62 1212786389
2804.55 2746.9 1212786450
2976.51 2911.07 1212786518
3070.47 2972.5 1212786569
3251.29 2926.71 1212786620
3093.52 2742.43 1212786681
3078.45 2725.68 1212786704
3080.22 2727.91 1212786709
3078.45 2724.56 1212786769
3073.13 2723.45 1212786820
3074.9 2724.56 1212786866
2985.38 2638.57 1212786927
3018.17 2459.88 1212786988
3232.68 2624.05 1212787054
3136.95 2760.3 1212787109
2910.92 3058.5 1212787171
2834.69 3472.86 1212787229
2492.54 3478.44 1212787290
2122.91 3425.95 1212787351
2082.14 3511.95 1212787411
2082.14 3501.9 1212787450
2083.03 3503.02 1212787452
