2376.42 -1307.24 1212875461
2442.02 -1335.15 1212875511
2455.31 -2172.3 1212875582
3110.36 -2756.02 1212875757
3798.2 -2802.9 1212875834
3536.71 -2504.9 1212875895
2933.08 -2072.96 1212875972
2832.03 -1507.05 1212876038
2278.03 -829.472 1212876216
1927.91 -847.333 1212876274
1928.79 -847.333 1212876288
1920.82 -992.453 1212876337
1939.43 -1186.69 1212876407
2307.28 -1326.22 1212876461
2434.93 -2245.97 1212876578
690.501 -3893.21 1212876840
436.992 -4309.43 1212876963
411.287 -4355.18 1212876972
351.012 -3560.66 1212877104
379.377 -3514.91 1212877164
887.281 -2873.21 1212877251
1051.26 -2317.4 1212877310
1255.13 -1908.89 1212877373
1459.89 -1509.29 1212877437
1520.17 -1403.24 1212877453
1550.3 -1349.66 1212877521
1958.05 -1426.68 1212877572
2188.51 -1868.7 1212877634
1886.25 -2004.88 1212877692
1863.2 -2360.93 1212877764
1912.84 -2589.73 1212877812
1790.52 -2358.69 1212878001
1710.74 -2350.88 1212878009
1654.01 -2345.3 1212878020
1242.73 -1937.91 1212878128
1179.79 -1449.01 1212878232
1113.31 -1443.43 1212878457
1522.83 -1344.08 1212878574
1746.2 -1344.08 1212878639
2206.24 -1329.57 1212878692
3132.52 -4332.87 1212878868
3604.08 -5778.88 1212878908
3862.02 -7239.14 1212878953
4131.48 -8761.59 1212879004
