3613.83 -938.871 1211018418
3613.83 -937.754 1211018473
3612.94 -938.871 1211018600
3612.94 -938.871 1211018658
3612.94 -938.871 1211018718
3612.94 -938.871 1211018783
3612.06 -939.987 1211018841
3612.06 -941.103 1211018896
3614.72 -941.103 1211019080
3612.06 -941.103 1211019257
3611.17 -941.103 1211019317
3611.17 -941.103 1211019377
3611.17 -941.103 1211019448
3609.4 -939.987 1211019739
3610.28 -938.871 1211019978
3610.28 -939.987 1211020036
3610.28 -941.103 1211020096
3609.4 -941.103 1211020217
3611.17 -938.871 1211020340
3607.63 -947.801 1211020404
3611.17 -943.336 1211020581
3611.17 -942.22 1211020699
3611.17 -941.103 1211020762
3611.17 -941.103 1211020802
3611.17 -943.336 1211020980
3611.17 -943.336 1211021047
3611.17 -943.336 1211021103
3611.17 -943.336 1211021123
3611.17 -943.336 1211021246
3610.28 -941.103 1211021365
3611.17 -941.103 1211021429
3611.17 -941.103 1211021486
3610.28 -939.987 1211021608
3611.17 -939.987 1211021726
3611.17 -941.103 1211021787
3611.17 -941.103 1211021851
3612.06 -941.103 1211021914
3612.06 -942.22 1211021972
3614.72 -939.987 1211022031
3612.06 -938.871 1211022094
3611.17 -939.987 1211022211
3611.17 -939.987 1211022271
3612.06 -941.103 1211022329
3611.17 -941.103 1211022389
3612.06 -942.22 1211022449
3612.06 -943.336 1211022509
3612.06 -942.22 1211022570
3612.06 -941.103 1211022635
3612.06 -941.103 1211022750
