3258.39 -4839.45 1212695393
2832.92 -3372.07 1212695437
2633.48 -1854.19 1212695495
2849.76 -350.554 1212695562
2701.73 1037.24 1212695612
3286.75 2166.18 1212695672
3431.23 2463.23 1212695735
3143.15 2742.43 1212695800
2885.21 2552.58 1212695861
2804.55 2435.31 1212695937
2807.21 2433.08 1212695958
2542.18 2196.33 1212696022
2790.37 1910.45 1212696081
2567 1353.23 1212696130
2591.82 93.7813 1212696190
2724.78 -1196.73 1212696251
2599.79 -663.137 1212696309
2554.59 -118.342 1212696382
2530.66 187.564 1212696397
2401.24 337.171 1212696457
1998.82 662.075 1212696551
2017.43 955.727 1212696611
2023.64 954.61 1212696676
1974 979.175 1212696711
1830.4 1403.48 1212696833
1849.02 1783.15 1212696952
2289.56 2214.2 1212697070
2289.56 2214.2 1212697075
2418.97 2292.37 1212697135
2807.21 1905.98 1212697195
3036.79 1670.36 1212697255
3327.52 1237.11 1212697318
3834.54 -190.909 1212697368
2714.14 -2907.81 1212697478
3125.43 -4342.91 1212697516
3061.61 -5284.63 1212697581
2770.87 -5339.3 1212697739
1828.63 -5208.76 1212697879
1870.29 -4097.42 1212698029
1807.36 -3402.2 1212698149
1932.34 -3221.41 1212698203
2701.73 -3193.51 1212698357
3037.67 -4053.9 1212698412
