3713.11 -10212.4 1212413237
4166.05 -9376.06 1212413242
3887.73 -7296.02 1212413311
3625.35 -5831.31 1212413348
3166.2 -4376.39 1212413396
2716.8 -2969.19 1212413446
3567.74 -1738.11 1212413493
3853.16 -275.756 1212413532
3464.92 927.813 1212413574
3035.01 1684.88 1212413613
3032.36 2074.61 1212413673
2747.82 2391.76 1212413733
2470.38 2679.89 1212413793
2679.57 2853 1212413853
2684.89 2863.05 1212413916
2679.57 2856.35 1212413978
2680.46 2847.41 1212414033
2718.57 2844.06 1212414093
2674.25 2806.09 1212414154
2727.44 2817.26 1212414214
2721.23 2808.32 1212414274
2785.94 2865.28 1212414335
2762.89 2838.48 1212414394
2790.37 2863.05 1212414454
2778.85 2842.95 1212414515
2788.6 2853 1212414579
2760.23 2829.54 1212414635
2820.51 2884.27 1212414697
2804.55 2876.45 1212414755
2814.3 2875.33 1212414819
2769.98 2835.13 1212414875
2782.39 2825.08 1212414920
2919.78 2603.95 1212414987
3246.86 2258.87 1212415042
3450.73 2044.45 1212415101
3557.1 1700.51 1212415163
3811.5 221.058 1212415220
3775.15 -1313.94 1212415276
2940.17 -2562.94 1212415319
3049.2 -4061.71 1212415370
3544.69 -5489.92 1212415422
3827.45 -7042.81 1212415466
4097.8 -8551.92 1212415517
