2435.81 3084.18 1212261960
2440.24 3092 1212262077
2341.85 3041.74 1212262225
2341.85 3041.74 1212262247
1632.74 3112.1 1212262340
1247.16 3070.78 1212262401
1016.69 3023.87 1212262492
1014.04 3017.17 1212262559
1014.04 3017.17 1212262583
862.462 3004.89 1212262630
928.941 3108.75 1212262691
1371.25 3119.92 1212262747
1330.48 3088.65 1212262870
1330.48 3090.88 1212262925
1335.8 3071.9 1212263165
1335.8 3068.55 1212263227
1339.34 3068.55 1212263377
1336.68 3068.55 1212263504
1336.68 3075.25 1212263620
1336.68 3076.37 1212263678
1336.68 3074.13 1212263737
1328.71 3099.82 1212263866
1256.91 3047.33 1212263984
1388.09 2992.6 1212264038
2401.24 3151.2 1212264286
2403.02 3128.86 1212264398
2441.13 3109.87 1212264466
2422.52 3125.51 1212264582
2431.38 3109.87 1212264667
2421.63 3117.69 1212264916
2432.27 3099.82 1212265036
2144.19 3154.55 1212265189
1576.01 2906.6 1212265278
1327.82 2863.05 1212265338
974.147 3771.08 1212265524
772.936 4149.74 1212265581
498.154 4099.47 1212265639
468.016 4097.24 1212265710
499.926 3986.66 1212265759
1221.45 4065.96 1212265889
1228.54 4027.98 1212265947
1281.73 3701.83 1212266000
1296.8 3634.81 1212266067
1326.93 3518.65 1212266120
1342 3331.01 1212266183
1343.77 3132.21 1212266361
1343.77 3131.09 1212266431
1343.77 3129.97 1212266491
