4529.48 -16101.1 1211401249
3901.91 -16235.9 1211401372
4030.44 -16155.7 1211401530
3459.6 -16176.8 1211401565
2566.11 -12127.8 1211401740
3754.77 -6521.87 1211401951
2942.83 -3642.13 1211402057
2467.72 -2232.57 1211402120
1782.54 -1327.34 1211402297
1142.56 -1357.48 1211402420
204.757 -1248.08 1211402558
7.97755 -544.804 1211402739
10.6367 -549.269 1211402803
10.6367 -545.92 1211402823
66.4796 -631.88 1211402864
77.1163 -218.819 1211402928
56.7292 20.0959 1211402990
51.4109 82.6168 1211403018
30.1374 427.607 1211403078
12.4095 717.901 1211403145
-63.8204 1106.47 1211403201
-127.641 1304.1 1211403264
-181.711 1634.63 1211403327
-232.235 1951.77 1211403382
-257.054 2119.27 1211403445
-315.556 2477.75 1211403508
-464.471 3433.77 1211403680
-522.086 3777.78 1211403740
-620.476 4315.05 1211403864
-663.909 4554.1 1211403923
-796.869 4529.53 1211403957
-797.755 4526.18 1211403959
-507.904 4473.67 1211404096
-353.671 4494.9 1211404123
-153.346 4525.06 1211404178
522.973 4633.41 1211404296
948.442 4704.91 1211404354
993.648 4548.52 1211404422
2319.69 4172.08 1211404597
2951.69 4271.49 1211404657
3103.27 4108.41 1211404715
3260.16 3931.92 1211404764
3461.37 3880.54 1211404795
3461.37 3880.54 1211404805
3456.94 3843.68 1211404866
3383.37 3591.25 1211404983
2626.39 3243.9 1211405124
2483.68 3447.17 1211405244
2498.75 3472.86 1211405300
2498.75 3470.63 1211405328
2516.47 3500.78 1211405460
2519.13 3507.48 1211405511
2521.79 3518.65 1211405566
2516.47 3513.07 1211405746
2515.59 3509.72 1211405812
2522.68 3518.65 1211405870
2518.25 3509.72 1211405933
2519.13 3507.48 1211405992
2510.27 3500.78 1211406073
