1521.05 5148.4 1212089116
1520.17 5141.7 1212089168
1516.62 5140.58 1212089224
1648.69 5113.77 1212089311
1842.81 5056.79 1212089426
1842.81 5054.56 1212089494
1843.7 5052.33 1212089568
1951.84 5124.94 1212089729
2371.99 5274.64 1212089793
2305.51 5384.12 1212089855
2303.74 5390.82 1212089902
2293.1 5389.7 1212090023
2295.76 5375.18 1212090084
2292.22 5384.12 1212090118
2290.44 5388.59 1212090168
2288.67 5388.59 1212090231
2269.17 5367.36 1212090292
2451.77 5284.69 1212090412
2814.3 5051.21 1212090470
3087.31 4263.67 1212090593
3166.2 3838.1 1212090655
3779.59 2855.23 1212090769
3599.65 2733.5 1212090828
3248.64 2367.19 1212090888
2838.23 1940.6 1212090948
2820.51 1923.85 1212091015
2979.17 1732.9 1212091080
3328.41 1277.3 1212091129
2726.55 -2830.8 1212091296
3123.65 -4291.58 1212091342
4113.76 -8650.06 1212091483
3791.11 -10103.1 1212091533
