3747.68 -1056.08 1212880451
3744.13 -1043.8 1212880462
3635.99 -1111.9 1212880484
2136.21 -1181.11 1212880675
2111.39 -849.565 1212880742
1942.09 -845.1 1212880807
1804.7 -864.078 1212880862
1806.47 -860.729 1212880927
1805.59 -858.496 1212880980
1804.7 -865.194 1212881044
1808.24 -823.89 1212881101
1815.34 -808.261 1212881162
1776.33 -934.405 1212881224
1804.7 -848.449 1212881282
1801.15 -842.867 1212881348
1804.7 -855.147 1212881402
1815.34 -814.959 1212881463
1808.24 -841.751 1212881526
1804.7 -847.333 1212881586
1800.27 -866.31 1212881647
1805.59 -877.473 1212881710
1808.24 -858.496 1212881774
1750.63 -860.729 1212881810
1575.12 -873.008 1212881871
1564.49 -873.008 1212881885
1551.19 -875.241 1212881924
1357.96 -897.567 1212881983
1296.8 -385.162 1212882044
1272.86 -72.5682 1212882105
1249.82 215.475 1212882163
1204.61 816.157 1212882229
1171.81 1132.15 1212882287
1198.41 1422.47 1212882348
1311.86 1640.21 1212882404
1258.68 1967.4 1212882465
1151.43 2725.68 1212882525
1075.2 3134.44 1212882586
1025.56 3434.88 1212882647
912.986 4113.99 1212882711
694.047 4237.98 1212882769
348.353 4182.13 1212882831
53.1837 4137.45 1212882914
53.1837 4137.45 1212882917
-22.1599 4387.66 1212882998
-52.2973 4578.68 1212883058
-301.374 4907.1 1212883128
-210.962 4977.48 1212883145
-210.962 4974.13 1212883192
-408.628 5066.85 1212883254
-986.557 5036.69 1212883336
-1228.54 4923.86 1212883396
-3506.58 5267.93 1212883519
-3765.4 6343.83 1212883579
-3900.14 7814.33 1212883651
-4462.11 9049.27 1212883699
