3447.19 3931.92 1212290233
3262.82 4100.59 1212290291
3035.01 4156.44 1212290357
2962.33 4242.45 1212290407
2614.86 4223.46 1212290460
2489.88 4293.83 1212290512
2489.88 4293.83 1212290513
2379.97 4393.25 1212290586
2439.36 4315.05 1212290637
2256.76 4293.83 1212290693
2287.78 3911.82 1212290753
2318.81 3696.24 1212290856
2200.03 3556.63 1212290914
2369.33 3458.34 1212291001
2396.81 3300.86 1212291057
2403.02 3066.31 1212291119
2397.7 3020.52 1212291177
2400.36 3004.89 1212291239
2377.31 2946.81 1212291296
2378.2 2945.69 1212291300
2447.34 3019.41 1212291370
1900.43 2961.33 1212291423
1728.47 2785.99 1212291517
1744.42 2276.73 1212291576
1515.73 2184.04 1212291636
1532.58 2043.34 1212291696
1529.92 2036.64 1212291713
1673.51 2069.02 1212291774
1647.81 2331.45 1212291846
1683.26 2812.79 1212291895
2149.51 2895.44 1212291952
2283.35 2869.75 1212292012
2418.97 2768.12 1212292077
2600.68 2851.88 1212292139
2419.86 2696.64 1212292193
2265.62 2740.2 1212292263
2234.6 2884.27 1212292292
2235.49 3080.83 1212292352
2414.54 3138.91 1212292412
2403.02 3098.7 1212292472
2422.52 3121.04 1212292538
2412.77 3092 1212292593
2421.63 3097.59 1212292657
2428.72 3092 1212292723
2478.36 3078.6 1212292732
2243.46 2999.3 1212292793
2131.78 3079.72 1212292853
2055.55 3546.58 1212292914
1983.75 4001.18 1212292973
2447.34 4307.24 1212293102
2463.29 4302.77 1212293122
2482.79 4287.13 1212293127
2723 4052.56 1212293189
2895.85 3851.5 1212293250
3105.04 3689.54 1212293305
3115.68 3381.27 1212293360
2963.22 3295.27 1212293420
3111.24 3059.61 1212293487
3694.49 2404.04 1212293671
3684.74 2404.04 1212293676
3538.49 2341.51 1212293733
3154.68 2753.6 1212293794
2866.6 3006 1212293860
2594.48 3056.26 1212293916
2235.49 3024.99 1212293980
2067.96 2988.13 1212294036
2002.37 2908.84 1212294097
2095.44 2892.09 1212294159
2193.83 2850.76 1212294218
2182.3 2889.85 1212294279
2191.17 2882.03 1212294339
2208.89 2850.76 1212294404
2215.1 2815.02 1212294459
2188.51 2855.23 1212294519
2183.19 2874.22 1212294579
2214.21 2820.61 1212294644
2192.05 2858.58 1212294702
2167.23 2904.37 1212294762
2162.8 2907.72 1212294822
2160.14 2918.89 1212294881
2167.23 2897.67 1212294941
2176.98 2882.03 1212295003
2169.89 2893.2 1212295066
2152.17 2921.12 1212295132
2158.37 2916.66 1212295184
2160.14 2914.42 1212295249
2163.69 2901.02 1212295305
2169.89 2895.44 1212295373
2167.23 2899.9 1212295431
2147.73 2934.53 1212295486
2161.92 2913.31 1212295552
2163.69 2909.96 1212295612
2169.01 2922.24 1212295666
2169.89 2909.96 1212295727
2170.78 2908.84 1212295787
2170.78 2908.84 1212295847
2164.58 2908.84 1212295907
2163.69 2908.84 1212295969
2168.12 2903.25 1212296028
2165.46 2922.24 1212296094
2170.78 2923.36 1212296148
2170.78 2924.47 1212296156
2243.46 2944.58 1212296209
2288.67 2911.07 1212296274
2075.94 2771.47 1212296329
1596.4 2716.74 1212296401
1463.44 2691.06 1212296427
1161.18 2632.98 1212296492
808.392 2801.62 1212296609
-1564.49 2411.86 1212296799
-2176.98 2338.16 1212296919
-2176.1 2338.16 1212296939
-1657.56 2383.94 1212296982
-837.643 2510.14 1212297044
-206.53 2632.98 1212297108
148.914 2687.71 1212297160
518.541 2745.78 1212297222
932.487 2811.67 1212297284
1116.86 2726.8 1212297347
1057.47 3242.78 1212297401
1115.08 3667.2 1212297462
1265.77 3700.71 1212297524
1284.39 3642.63 1212297589
1288.82 3625.88 1212297612
1321.61 3424.83 1212297646
1677.06 3138.91 1212297766
1737.33 2710.04 1212297826
1930.57 2390.64 1212297889
2504.06 2200.8 1212298012
2662.73 2042.22 1212298067
2665.39 2038.87 1212298121
2665.39 2036.64 1212298126
2583.84 2131.56 1212298183
2339.19 2381.71 1212298252
2082.14 2568.21 1212298304
2036.93 2340.39 1212298365
1958.05 2358.26 1212298397
1839.27 2082.42 1212298454
1534.35 1474.95 1212298583
1451.91 83.7333 1212298696
1494.46 -462.192 1212298759
1521.05 -862.961 1212298817
1556.51 -1299.43 1212298880
1411.14 -1605.28 1212298937
1012.26 -2604.24 1212299065
1286.16 -2714.73 1212299108
1287.04 -2713.61 1212299218
1287.04 -2713.61 1212299234
1264.88 -2633.25 1212299281
1046.83 -2350.88 1212299334
1540.55 -884.171 1212299575
2959.67 -1201.2 1212299807
3222.93 -1163.25 1212299867
3573.06 -1018.13 1212299973
3574.83 -1010.31 1212300202
3339.05 -1011.43 1212300257
2969.42 -1044.92 1212300315
3044.76 -907.614 1212300375
3102.38 -900.916 1212300510
3103.27 -899.8 1212300572
3105.93 -910.963 1212300634
3050.08 -906.498 1212300694
2392.38 1203.61 1212300874
2132.67 1520.73 1212300934
1763.92 1893.7 1212300995
1714.29 1894.81 1212301054
2038.71 2252.17 1212301189
1975.77 2325.87 1212301247
1646.92 2370.54 1212301306
1638.94 2416.33 1212301424
1554.74 2922.24 1212301479
1395.18 3089.77 1212301546
1286.16 3090.88 1212301600
1239.18 3113.22 1212301655
1235.63 3122.16 1212301657
1363.27 3151.2 1212301717
1380.12 3071.9 1212301782
1668.19 3020.52 1212301821
1786.08 2371.66 1212301892
1946.52 1976.33 1212301947
1643.38 1263.91 1212302103
1642.49 1263.91 1212302107
1716.95 1921.62 1212302348
1986.41 2199.68 1212302411
2005.02 2335.92 1212302474
1687.7 2248.82 1212302533
1626.53 2436.43 1212302592
1634.51 2400.69 1212302711
1560.05 2581.61 1212302750
1444.82 2749.13 1212302808
1722.26 2848.53 1212302868
2097.21 2899.9 1212302929
2204.46 2966.91 1212302981
2203.58 2966.91 1212302991
2216.87 2959.1 1212302994
2376.42 2927.82 1212303053
2430.49 3125.51 1212303113
2677.8 3205.92 1212303171
2792.14 3232.73 1212303229
3023.49 3935.27 1212303349
2925.1 4542.93 1212303409
2846.21 5052.33 1212303470
2675.14 5200.9 1212303594
2832.03 5038.92 1212303674
2948.15 4930.56 1212303706
3134.29 3927.46 1212303828
3123.65 3867.14 1212303891
3120.99 3838.1 1212303946
3224.7 3447.17 1212304009
3094.4 3016.06 1212304130
3094.4 3014.94 1212304183
3094.4 3014.94 1212304206
3051.86 2985.9 1212304245
3199 2983.67 1212304315
3612.94 2715.63 1212304371
4391.2 3368.99 1212304425
5446.89 4603.25 1212304495
6093.96 5381.88 1212304549
8735.42 6654.44 1212304657
10549.9 7038.82 1212304761
10550.8 7034.35 1212304827
10563.2 7038.82 1212304876
11647.2 7263.42 1212305061
13125.7 7399.75 1212305109
14590.9 7234.37 1212305168
15967.5 6699.14 1212305210
