-7.09116 4291.6 1212909645
-7.09116 4286.01 1212909677
-14.1823 4325.11 1212909728
790.664 3854.85 1212909970
1021.13 2512.37 1212910086
1139.02 1755.23 1212910146
1188.65 1466.01 1212910207
1045.06 1271.72 1212910272
802.187 1030.54 1212910327
375.831 609.598 1212910388
47.8653 227.757 1212910449
88.6394 -337.157 1212910508
122.322 -797.098 1212910567
139.164 -1166.59 1212910624
-15.0687 -1560.63 1212910684
73.5707 -1896.61 1212910745
73.5707 -1899.96 1212910753
395.332 -1715.79 1212910813
355.444 -1171.06 1212910876
561.974 -954.499 1212910935
711.775 -950.034 1212910998
709.116 -952.266 1212911055
714.434 -945.569 1212911122
717.093 -938.871 1212911174
715.32 -936.638 1212911235
711.775 -946.685 1212911298
708.229 -946.685 1212911356
715.32 -951.15 1212911392
699.365 -487.869 1212911457
652.386 31.2603 1212911514
635.545 349.453 1212911580
600.975 741.349 1212911635
592.998 1023.84 1212911695
405.082 1329.79 1212911757
-85.9803 1249.39 1212911815
-560.201 1156.71 1212911875
-1147.88 1137.73 1212911935
-1100.9 1296.29 1212911987
-1100.02 1297.4 1212911988
-1209.04 1068.5 1212912054
-1291.48 1061.8 1212912111
-880.19 1128.8 1212912170
-52.2973 1261.67 1212912295
374.058 1320.85 1212912351
629.34 1225.94 1212912413
584.134 885.383 1212912471
357.217 593.967 1212912532
43.4333 252.319 1212912591
47.8653 170.817 1212912611
8.86394 78.151 1212912671
-297.829 56.9385 1212912736
-821.688 -111.643 1212912791
-618.703 -799.331 1212912852
-788.891 -1459.05 1212912915
-1385.43 -1603.05 1212912978
-1496.23 -1668.91 1212913033
-1756.83 -1935.68 1212913097
-2762.01 -2388.83 1212913155
-3147.59 -2788.39 1212913216
-3473.78 -2837.49 1212913276
-4469.2 -2881.02 1212913337
-5397.26 -2868.74 1212913397
-5326.34 -2492.63 1212913457
-5324.57 -2538.39 1212913501
-5323.69 -2538.39 1212913506
-5322.8 -2571.87 1212913516
-5208.45 -2895.53 1212913583
-4909.74 -2923.43 1212913637
-3918.75 -2868.74 1212913704
-3519.87 -2857.58 1212913762
-2890.53 -2545.08 1212913819
-1961.59 -2155.56 1212913877
-1146.99 -1560.63 1212913940
-832.324 -1480.26 1212914009
-613.385 -812.727 1212914059
-784.459 -161.882 1212914120
-340.375 56.9385 1212914172
5.31837 79.2675 1212914231
5.31837 79.2675 1212914234
50.5245 231.106 1212914297
27.4782 510.228 1212914359
-9.75034 971.359 1212914422
-115.231 1230.41 1212914479
-151.573 1421.35 1212914544
-162.21 1540.83 1212914603
-234.895 1959.58 1212914661
49.6381 2125.97 1212914722
320.875 2167.29 1212914761
1022.9 2280.08 1212914805
1119.52 2867.52 1212914865
1050.38 3236.08 1212914893
973.261 3801.24 1212914955
1217.02 3996.71 1212915016
2245.24 4162.02 1212915134
2339.19 4497.13 1212915200
2761.12 4564.16 1212915250
2762.01 4564.16 1212915252
2755.8 4564.16 1212915285
2793.92 4413.35 1212915347
2820.51 4261.44 1212915383
2820.51 4261.44 1212915403
2816.96 4264.79 1212915443
3091.74 4294.95 1212915503
3505.69 4149.74 1212915563
3604.08 3997.82 1212915623
4051.71 3398.03 1212915683
4090.71 2901.02 1212915743
4139.46 2845.18 1212915779
4139.46 2845.18 1212915781
4118.19 2921.12 1212915842
4212.15 3012.7 1212915905
4255.58 3020.52 1212915936
3991.43 3568.91 1212915995
3599.65 4051.44 1212916054
3036.79 3954.26 1212916177
2810.76 3925.22 1212916244
2465.95 3891.71 1212916294
2316.15 3787.83 1212916354
2312.6 3788.95 1212916356
2418.08 4053.67 1212916427
2401.24 4173.19 1212916446
2539.52 4204.47 1212916511
2658.3 4135.21 1212916569
2876.35 3857.09 1212916627
2938.4 3733.1 1212916687
2988.92 3509.72 1212916748
3100.61 3159.01 1212916809
3262.82 2973.61 1212916870
3120.11 2774.82 1212916930
3047.42 2459.88 1212916991
3135.18 2168.41 1212917051
2690.21 736.882 1212917110
2892.31 -760.259 1212917169
2446.45 -2201.32 1212917218
1388.98 -3143.29 1212917285
-82.4347 -3251.54 1212917332
-1114.2 -4313.9 1212917379
-1966.91 -5536.78 1212917428
-3132.52 -6084.56 1212917498
-3899.25 -6386.89 1212917549
-4012.71 -6788.48 1212917605
-3975.48 -7088.55 1212917659
-3975.48 -7087.43 1212917666
-4029.55 -6722.66 1212917728
-3460.48 -6237.4 1212917784
-3049.2 -5996.43 1212917844
-1781.65 -5506.66 1212917901
-1342 -5109.46 1212917922
-344.807 -3370.95 1212917991
895.258 -2579.68 1212918050
1295.91 -1835.22 1212918109
1490.03 -1457.94 1212918171
1561.83 -1298.31 1212918230
1547.64 -1083.99 1212918252
1530.8 -835.053 1212918288
1502.44 -541.455 1212918349
1482.94 -217.703 1212918412
1443.94 247.853 1212918472
1253.36 356.152 1212918535
1053.92 341.637 1212918590
916.532 329.356 1212918650
918.305 329.356 1212918656
633.772 375.132 1212918711
612.499 677.706 1212918771
753.435 965.776 1212918831
1012.26 1225.94 1212918893
1320.73 1533.01 1212918939
1330.48 1554.23 1212918996
1305.66 1597.78 1212919008
1200.18 2106.99 1212919070
1044.17 2382.83 1212919131
371.399 2282.32 1212919191
-371.399 2165.06 1212919249
-758.754 2099.17 1212919311
-758.754 2099.17 1212919321
-419.265 2123.74 1212919382
-416.605 2121.51 1212919438
-269.464 2152.78 1212919498
-328.852 2568.21 1212919559
453.834 2723.45 1212919619
958.192 2808.32 1212919679
1121.29 2730.15 1212919742
1277.29 2746.9 1212919801
1567.15 2811.67 1212919859
1392.53 2997.07 1212919920
1351.75 3165.71 1212919986
1319.84 3404.73 1212920042
1306.55 3660.5 1212920103
1279.07 3723.05 1212920160
1245.38 3978.84 1212920230
1238.29 4005.64 1212920249
1219.68 4000.06 1212920309
1106.22 3981.07 1212920369
1123.06 3699.6 1212920429
1185.11 3300.86 1212920490
974.147 2803.86 1212920550
1083.17 2103.64 1212920611
1015.81 1667.01 1212920675
1068.99 1338.72 1212920732
2426.95 968.009 1212920795
2817.85 -339.39 1212920856
2628.16 -1827.41 1212920904
2127.35 -2833.03 1212920962
2007.68 -2841.96 1212920990
2007.68 -2843.07 1212920991
2191.17 -2819.64 1212921051
2458.86 -2308.47 1212921111
2915.35 -866.31 1212921163
2724.78 635.278 1212921219
2398.58 1211.43 1212921282
2169.89 1295.17 1212921340
2041.37 1176.81 1212921400
1999.71 1217.01 1212921460
2113.16 1510.68 1212921520
2485.45 1874.71 1212921580
3035.01 2417.45 1212921641
3339.05 2163.94 1212921701
3406.41 2117.04 1212921761
3453.39 2057.85 1212921822
3522.53 2079.07 1212921844
3434.78 2468.82 1212921903
2888.76 3050.68 1212921963
2892.31 3077.48 1212921991
2903.83 3009.35 1212922051
2620.18 2781.52 1212922112
2306.4 2517.96 1212922172
1972.23 2190.74 1212922233
1747.97 1968.52 1212922296
1607.03 1811.06 1212922355
1205.5 1449.27 1212922415
978.579 1420.23 1212922461
978.579 1420.23 1212922463
978.579 1420.23 1212922470
980.352 1424.7 1212922528
946.669 1414.65 1212922589
343.035 1320.85 1212922649
-135.618 1367.75 1212922709
-191.461 1514.03 1212922771
-190.575 1522.96 1212922830
-178.165 1516.26 1212922889
-187.029 1524.08 1212922950
-224.258 1535.25 1212923014
-180.824 1530.78 1212923070
-152.46 1460.43 1212923130
-111.686 1189.09 1212923191
23.0463 486.782 1212923252
39.0014 299.211 1212923312
105.481 78.151 1212923373
65.5932 273.532 1212923433
433.447 645.327 1212923494
585.02 789.36 1212923536
739.253 946.794 1212923598
967.056 1072.97 1212923656
1282.61 1128.8 1212923716
1622.1 1066.27 1212923777
2023.64 1403.48 1212923838
2307.28 1692.7 1212923898
2787.71 1928.32 1212923958
2827.6 1881.41 1212923991
2829.37 1879.18 1212923998
2831.14 1878.06 1212924008
2891.42 1453.73 1212924066
2812.53 1050.64 1212924126
2715.91 503.529 1212924186
2524.45 490.131 1212924246
2432.27 212.126 1212924306
2434.04 211.01 1212924327
2434.04 211.01 1212924329
2520.91 344.987 1212924390
2481.9 898.782 1212924447
2426.95 1225.94 1212924510
2089.23 1557.58 1212924570
2006.8 1636.86 1212924591
1919.04 2132.67 1212924651
2217.76 2424.15 1212924711
2371.11 2338.16 1212924773
2369.33 2328.1 1212924776
2512.04 2187.39 1212924837
2512.93 2187.39 1212924839
2579.41 1967.4 1212924899
2653.86 2033.29 1212924959
2645.89 1922.73 1212925019
2727.44 2111.46 1212925079
2606.89 2523.54 1212925141
3000.45 2896.55 1212925201
2777.07 2998.19 1212925266
2468.61 2683.24 1212925322
2252.33 2492.27 1212925383
2059.98 2297.95 1212925440
1737.33 1958.47 1212925497
1186 1420.23 1212925556
1170.93 1104.23 1212925616
1201.06 773.728 1212925665
1405.82 543.723 1212925725
1551.19 552.656 1212925750
1656.67 562.704 1212925811
2311.72 614.064 1212925870
2927.76 658.725 1212925931
3457.82 429.84 1212925991
3369.19 329.356 1212926056
3366.53 388.53 1212926075
3788.45 417.559 1212926125
3809.72 -790.4 1212926187
3746.79 -989.105 1212926248
3583.69 -952.266 1212926308
3587.24 -958.964 1212926366
3586.35 -958.964 1212926415
3586.35 -958.964 1212926437
3582.81 -956.732 1212926498
