3586.35 -1079.52 1212614552
3574.83 -1140.92 1212614603
3483.53 -1003.62 1212614641
3796.43 -851.798 1212614701
3859.36 -242.264 1212614759
3539.37 849.654 1212614820
3115.68 1603.36 1212614883
3416.16 1698.28 1212614940
3413.5 1694.93 1212614955
3592.56 1871.36 1212615018
3529.62 1664.78 1212615076
3794.65 386.297 1212615136
3846.07 -1135.34 1212615188
3077.56 -2420.08 1212615241
3004.88 -3924.46 1212615298
3389.57 -5123.97 1212615339
3749.45 -6614.46 1212615384
4011.82 -8074.57 1212615428
4088.94 -9572.33 1212615475
3200.77 -10776.6 1212615527
2530.66 -11961.7 1212615587
2660.07 -13442.1 1212615639
3104.15 -15437 1212615706
3976.37 -16196.9 1212615766
4495.79 -16192.4 1212615825
4500.22 -16189.1 1212615885
4505.54 -16188 1212615928
4487.82 -16193.6 1212615978
4488.7 -16193.6 1212615979
4486.93 -16193.6 1212616024
4491.36 -16196.9 1212616107
4367.27 -15877.1 1212616230
3481.76 -16240.4 1212616281
3020.83 -14797.3 1212616342
2916.24 -13961.4 1212616410
2600.68 -12532.5 1212616471
2780.62 -11191.3 1212616534
3815.93 -10095.3 1212616572
4141.23 -8641.14 1212616623
3872.66 -7148.78 1212616666
3608.51 -5671.78 1212616717
3142.27 -4273.73 1212616774
