3628.01 -941.103 1212327837
3577.49 -1025.94 1212327881
2880.78 -1184.46 1212327941
2665.39 -1225.76 1212327953
2237.26 -1309.48 1212328014
1601.71 -1325.1 1212328074
1508.64 -606.204 1212328134
1499.78 -468.891 1212328158
1456.35 92.6649 1212328218
1429.75 347.22 1212328278
1412.03 712.319 1212328327
1397.84 1079.67 1212328387
1503.32 1388.97 1212328447
1591.08 1524.08 1212328508
2163.69 2091.36 1212328571
2528.88 2434.2 1212328631
2506.72 2630.75 1212328689
2538.63 2640.8 1212328754
2512.04 2629.63 1212328816
2498.75 2622.93 1212328880
2523.56 2630.75 1212328941
2360.47 2793.81 1212328998
2155.71 2882.03 1212329059
2248.78 2771.47 1212329120
2202.69 2797.16 1212329180
2220.42 2810.56 1212329241
2208.01 2845.18 1212329301
2206.24 2849.65 1212329363
2271.83 2759.18 1212329421
2214.21 2806.09 1212329481
2224.85 2765.88 1212329542
2208.01 2796.04 1212329602
2113.16 2953.51 1212329663
2052.89 3018.29 1212329723
2119.37 2920.01 1212329778
2142.42 2885.38 1212329841
2100.75 2942.34 1212329902
2151.28 2878.68 1212329959
2153.94 2884.27 1212330019
2158.37 2875.33 1212330079
2135.32 2892.09 1212330139
2158.37 2861.93 1212330202
2177.87 2856.35 1212330260
2177.87 2864.16 1212330320
2180.53 2876.45 1212330380
2174.33 2879.8 1212330440
2179.64 2874.22 1212330500
2179.64 2869.75 1212330560
2176.1 2873.1 1212330622
2168.12 2888.74 1212330681
2171.67 2885.38 1212330744
2174.33 2886.5 1212330801
2176.1 2871.98 1212330864
2169.89 2880.92 1212330922
2175.21 2885.38 1212330988
2157.48 2836.24 1212331042
2179.64 2882.03 1212331102
2177.87 2874.22 1212331162
2176.98 2875.33 1212331225
2173.44 2916.66 1212331282
2185.85 2884.27 1212331342
2185.85 2875.33 1212331405
2183.19 2880.92 1212331462
2183.19 2861.93 1212331522
2184.96 2864.16 1212331582
2190.28 2883.15 1212331647
2182.3 2878.68 1212331709
2181.42 2877.57 1212331761
2184.08 2890.97 1212331827
2184.96 2890.97 1212331882
2184.08 2874.22 1212331942
2183.19 2869.75 1212332010
2185.85 2869.75 1212332066
2184.96 2873.1 1212332126
2179.64 2890.97 1212332188
2181.42 2884.27 1212332246
2185.85 2886.5 1212332309
2192.05 2863.05 1212332374
2168.12 2911.07 1212332429
2175.21 2905.49 1212332489
2177.87 2904.37 1212332551
2179.64 2937.88 1212332607
2182.3 2937.88 1212332667
2177.87 2937.88 1212332728
2178.76 2917.77 1212332793
2171.67 2938.99 1212332854
2162.8 2965.8 1212332915
2145.96 3004.89 1212332978
2150.39 3000.42 1212333035
2156.6 2964.68 1212333095
2168.12 2954.63 1212333161
2179.64 2943.46 1212333215
2162.8 2941.23 1212333275
2182.3 2896.55 1212333335
2199.14 2859.7 1212333395
2202.69 2856.35 1212333456
2207.12 2870.87 1212333521
2224.85 2839.59 1212333533
2330.33 2789.34 1212333588
2432.27 2668.72 1212333648
2567.88 2531.36 1212333711
2576.75 2523.54 1212333712
2324.13 2397.34 1212333772
2398.58 2712.28 1212333835
2378.2 2770.35 1212333880
2248.78 2770.35 1212333945
2164.58 2954.63 1212334002
1977.55 3182.47 1212334062
1375.68 3132.21 1212334126
1334.91 3337.71 1212334183
1281.73 3683.96 1212334244
1242.73 3981.07 1212334305
1196.63 4242.45 1212334372
1015.81 4479.26 1212334426
992.762 4580.91 1212334486
700.252 4542.93 1212334549
968.829 4550.75 1212334606
981.239 4570.86 1212334669
978.579 4559.69 1212334730
972.375 4552.98 1212334786
971.488 4551.87 1212334809
975.034 4558.57 1212334871
976.807 4560.8 1212334932
984.784 4569.74 1212334989
987.443 4551.87 1212335059
858.916 4443.51 1212335118
848.279 4519.47 1212335170
288.965 4489.31 1212335232
-9.75034 4443.51 1212335301
-629.34 4439.05 1212335351
-354.558 4491.55 1212335414
-54.9565 4425.64 1212335476
381.15 4494.9 1212335531
1007.83 4454.68 1212335592
1151.43 3542.11 1212335653
1202.84 3210.39 1212335714
1557.4 2794.92 1212335806
1557.4 2793.81 1212335808
2025.41 2867.52 1212335876
2367.56 2888.74 1212335928
2586.5 2949.04 1212335988
2663.62 2850.76 1212336048
2662.73 2842.95 1212336061
2793.92 2810.56 1212336087
2620.18 2550.34 1212336148
2341.85 2789.34 1212336208
1887.13 2758.07 1212336271
1716.06 2926.71 1212336329
1475.85 2887.62 1212336363
1373.91 2971.38 1212336423
1441.28 2773.7 1212336486
1451.91 2759.18 1212336495
1835.72 2838.48 1212336557
2250.56 2908.84 1212336614
2561.68 2927.82 1212336674
2841.78 3087.53 1212336739
3170.63 3387.97 1212336798
3759.2 3697.36 1212336856
3740.58 3881.66 1212336917
3725.52 3883.89 1212336945
3626.24 4005.64 1212337005
3777.81 3787.83 1212337072
3545.58 3745.39 1212337123
3484.42 3752.09 1212337188
3346.14 3767.73 1212337248
3416.16 3867.14 1212337366
3419.71 3896.18 1212337424
3408.19 3895.06 1212337496
3290.3 3915.17 1212337544
3316.89 3746.51 1212337606
3035.9 3414.78 1212337665
2581.18 3313.14 1212337725
2192.94 3230.49 1212337786
1932.34 3193.64 1212337818
1619.44 3118.81 1212337879
1219.68 3134.44 1212337939
1172.7 3451.64 1212337999
1098.24 3916.29 1212338066
1070.76 4062.61 1212338119
1019.35 4292.71 1212338162
1019.35 4292.71 1212338164
1017.58 4293.83 1212338172
862.462 4434.58 1212338231
280.101 4493.78 1212338287
-107.254 4430.11 1212338350
-796.869 4320.64 1212338408
-1013.15 4289.36 1212338466
-1014.92 4289.36 1212338475
-1031.76 4347.45 1212338484
343.035 4489.31 1212338722
830.552 4563.04 1212338782
1150.54 3981.07 1212338964
1307.43 3527.59 1212339025
1335.8 3401.38 1212339053
1317.18 3299.74 1212339082
1375.68 3106.52 1212339141
1654.9 2808.32 1212339202
2161.92 2884.27 1212339262
2073.28 3147.84 1212339322
1830.4 3162.36 1212339382
1234.75 3134.44 1212339442
1203.72 3272.93 1212339503
1201.06 3265.12 1212339566
1205.5 3269.58 1212339624
1208.16 3274.05 1212339685
1199.29 3264 1212339749
1209.93 3278.52 1212339806
1207.27 3275.17 1212339867
1223.22 3296.39 1212339928
1209.04 3287.45 1212339989
1217.91 3295.27 1212340049
1217.91 3291.92 1212340105
1225.88 3306.44 1212340166
1224.11 3295.27 1212340226
1226.77 3306.44 1212340289
1229.43 3310.91 1212340330
1214.36 3297.51 1212340389
1213.47 3286.34 1212340449
1226.77 3301.97 1212340509
1206.38 3350 1212340570
1421.78 2887.62 1212340692
1479.39 2755.83 1212340756
1468.76 2783.75 1212340760
1847.25 2842.95 1212340818
2141.53 2976.97 1212340878
2157.48 3042.86 1212340945
2363.13 3152.31 1212340972
2362.24 3152.31 1212340974
2387.06 3192.52 1212341034
2411.88 3252.83 1212341094
1989.07 3184.7 1212341157
1368.59 3165.71 1212341214
1368.59 3182.47 1212341231
1334.91 3408.08 1212341277
1291.48 3633.7 1212341315
1254.25 3876.07 1212341375
1235.63 3990.01 1212341436
1118.63 4302.77 1212341496
902.35 4271.49 1212341564
850.939 4531.76 1212341617
520.314 4528.41 1212341689
-298.715 4399.95 1212341739
-597.43 4348.57 1212341799
-896.145 4305 1212341862
-1404.05 4354.15 1212341922
-1505.98 4375.37 1212341949
-1470.53 4330.69 1212342010
-1195.75 3863.79 1212342070
-1037.97 3405.84 1212342133
-970.602 2941.23 1212342192
-953.76 2834.01 1212342253
-772.05 2629.63 1212342312
-635.545 2649.74 1212342349
-600.975 2656.44 1212342356
-366.081 2774.82 1212342416
-405.082 3037.28 1212342487
149.801 3209.27 1212342542
156.892 3205.92 1212342561
182.597 3075.25 1212342621
233.122 2829.54 1212342682
354.558 2809.44 1212342743
359.876 2742.43 1212342770
245.531 2737.96 1212342812
156.892 2889.85 1212342893
170.188 2889.85 1212342956
167.529 2896.55 1212343014
166.642 2892.09 1212343068
175.506 2882.03 1212343102
172.847 2780.4 1212343166
111.686 2619.58 1212343224
161.324 2267.8 1212343283
3.54558 2225.36 1212343350
-702.911 2112.57 1212343407
-705.57 2038.87 1212343442
-705.57 2038.87 1212343444
-696.706 2014.3 1212343509
-680.751 1895.93 1212343529
-386.468 1849.03 1212343589
-358.103 1832.28 1212343652
-505.245 1929.43 1212343713
-851.825 1876.95 1212343813
-850.052 1875.83 1212343882
-859.803 1879.18 1212343933
-850.939 1878.06 1212343993
-846.507 1875.83 1212344059
-858.03 1872.48 1212344174
-852.711 1876.95 1212344234
-855.371 1874.71 1212344306
-874.871 1872.48 1212344356
-920.964 1846.8 1212344415
-920.964 1843.45 1212344480
-922.737 1840.1 1212344529
-919.191 1834.51 1212344586
-924.509 1837.86 1212344647
-922.737 1838.98 1212344707
-920.964 1840.1 1212344774
-920.077 1840.1 1212344833
-920.077 1843.45 1212344935
-1039.74 2308 1212345053
-964.397 2474.4 1212345112
-365.195 2571.56 1212345168
199.439 2687.71 1212345231
887.281 2793.81 1212345289
1250.7 2743.55 1212345359
1544.99 2804.97 1212345411
2121.14 2883.15 1212345472
2247.9 3146.73 1212345534
2311.72 3193.64 1212345572
2371.99 2950.16 1212345577
2415.42 3126.62 1212345634
2430.49 3259.53 1212345676
2678.68 3355.58 1212345738
2773.53 3543.23 1212345796
2738.96 3767.73 1212345855
2673.37 4206.7 1212345915
2986.26 4278.19 1212345975
3355 4418.94 1212346037
3070.47 4817.73 1212346104
2934.85 4987.53 1212346157
2603.34 5252.29 1212346217
2573.2 5273.52 1212346247
2573.2 5273.52 1212346248
2543.07 5266.82 1212346313
2830.26 5045.62 1212346371
2695.53 5187.5 1212346430
2687.55 5205.37 1212346452
1765.7 5155.1 1212346569
983.898 5027.75 1212346692
952.874 4822.2 1212346750
989.216 4532.88 1212346812
954.647 4278.19 1212346872
764.958 4246.92 1212346932
764.072 4246.92 1212346934
764.072 4243.56 1212346975
764.072 4243.56 1212346977
745.458 4231.28 1212347037
746.344 4234.63 1212347054
892.599 4156.44 1212347118
1052.15 4235.75 1212347175
1004.28 4577.56 1212347248
1116.86 4701.55 1212347298
1165.61 4433.46 1212347360
1197.52 4222.34 1212347417
1241.84 3940.86 1212347478
1281.73 3611.36 1212347538
1328.71 3392.44 1212347599
1902.2 3485.15 1212347659
2109.62 3485.15 1212347720
2161.03 3524.24 1212347772
2161.03 3524.24 1212347774
2221.3 3462.81 1212347834
2149.51 3205.92 1212347894
1973.11 3077.48 1212347954
1971.34 3076.37 1212347961
2348.95 3100.94 1212348022
2642.34 3145.61 1212348082
2642.34 3145.61 1212348097
2804.55 3148.96 1212348142
2793.03 3438.24 1212348205
2713.25 3947.56 1212348262
2668.05 3898.41 1212348288
2668.05 3898.41 1212348290
2567.88 3878.31 1212348350
2513.81 3891.71 1212348413
2489 3877.19 1212348473
2487.22 3716.35 1212348530
2469.49 3258.42 1212348594
2159.26 3163.48 1212348651
1468.76 3066.31 1212348715
1423.55 2817.26 1212348773
1425.32 2819.49 1212348785
1467.87 2523.54 1212348840
1458.12 2517.96 1212348847
1457.23 2913.31 1212348907
1667.31 2721.21 1212348969
1460.78 2605.06 1212349027
1595.51 2574.91 1212349087
1607.92 2626.28 1212349152
1535.24 3102.05 1212349208
1721.38 3247.25 1212349268
2247.9 3355.58 1212349331
2363.13 3333.25 1212349397
2377.31 3339.95 1212349450
2779.73 3501.9 1212349513
2806.32 3657.15 1212349570
2693.75 4053.67 1212349630
2730.98 4236.86 1212349691
3195.45 4308.35 1212349750
3375.39 4365.32 1212349825
2278.03 5393.06 1212350096
2278.03 5393.06 1212350101
