2670.71 3547.69 1211251302
2436.7 3476.21 1211251363
2103.41 3420.36 1211251422
1630.08 3335.48 1211251482
1192.2 3265.12 1211251543
789.777 3200.34 1211251603
326.193 3106.52 1211251669
358.103 2927.82 1211251724
366.081 2385.06 1211251785
290.737 2425.26 1211251848
290.737 2420.8 1211251892
288.078 2421.91 1211251898
257.054 2626.28 1211251958
481.312 2834.01 1211252018
934.26 2909.96 1211252078
1078.74 2932.29 1211252138
1199.29 2943.46 1211252200
1527.26 2987.02 1211252260
1693.9 2955.75 1211252321
1738.22 2677.66 1211252381
1830.4 2096.94 1211252442
2083.91 1735.13 1211252502
1904.86 1566.51 1211252563
1693.01 1279.54 1211252623
1788.74 1087.48 1211252683
1794.95 678.823 1211252742
1666.42 394.112 1211252802
1654.9 -4.46575 1211252862
1717.83 -817.192 1211252922
1745.31 -1281.57 1211252983
1741.77 -1284.92 1211253045
1743.54 -1297.2 1211253113
1754.17 -1291.62 1211253164
1740.88 -1293.85 1211253227
1739.99 -1303.9 1211253291
2105.19 -1330.69 1211253353
2934.85 -1147.62 1211253406
3748.56 -1111.9 1211253471
3670.56 -904.265 1211253526
3667.9 -902.032 1211253587
3580.15 -960.081 1211253652
3564.19 -974.593 1211253711
3565.08 -980.174 1211253768
