2903.83 2981.43 1212186097
2808.98 3441.59 1212186164
2641.46 3496.31 1212186218
2455.31 3463.92 1212186282
2047.57 3401.38 1212186338
1656.67 3338.83 1212186399
1536.12 3326.55 1212186461
1461.66 3314.26 1212186524
1375.68 3296.39 1212186585
1372.14 3301.97 1212186605
1223.22 3280.75 1212186665
1101.79 3258.42 1212186726
941.351 3919.64 1212186845
730.389 4241.33 1212186902
477.767 4201.12 1212186962
187.029 4153.09 1212187029
32.7966 4130.75 1212187087
37.2286 4121.81 1212187137
36.3422 4121.81 1212187142
29.251 4124.04 1212187153
27.4782 4124.04 1212187160
17.7279 4137.45 1212187166
333.284 4281.54 1212187227
780.027 4017.93 1212187348
811.051 3852.62 1212187401
851.825 3662.74 1212187461
941.351 3066.31 1212187524
1186.88 2963.56 1212187586
1443.05 2987.02 1212187644
1892.45 3066.31 1212187704
2251.44 3165.71 1212187762
2473.04 3147.84 1212187823
2617.52 3148.96 1212187891
2675.14 3164.6 1212187953
2707.94 3181.35 1212187973
2801.01 3210.39 1212187986
2920.67 3237.19 1212188033
3009.31 3209.27 1212188099
3214.07 3393.56 1212188157
3400.21 3709.65 1212188224
3023.49 3736.45 1212188276
3009.31 3844.8 1212188338
3023.49 3855.97 1212188339
2970.31 4232.39 1212188399
2933.08 4472.56 1212188463
2857.74 4951.78 1212188522
2857.74 4951.78 1212188536
2769.98 5131.64 1212188581
2437.58 5265.7 1212188646
2370.22 5311.5 1212188704
2364.01 5329.38 1212188756
2054.66 5203.14 1212188816
1572.46 5129.41 1212188876
1368.59 5098.13 1212188936
1095.58 5052.33 1212188996
928.941 4930.56 1212189069
959.965 4718.31 1212189116
988.33 4560.8 1212189176
1030.88 4305 1212189242
1092.92 3880.54 1212189299
1141.68 3593.49 1212189362
1171.81 3315.38 1212189423
1225.88 3030.57 1212189490
1254.25 2873.1 1212189544
1261.34 2791.57 1212189601
1279.07 2678.77 1212189667
1037.08 2611.77 1212189730
1016.69 2521.31 1212189781
758.754 2270.03 1212189846
788.005 2077.96 1212189905
825.233 1845.68 1212189964
839.416 1766.4 1212190024
506.131 1668.13 1212190085
-21.2735 1531.9 1212190145
17.7279 1272.84 1212190206
10.6367 995.923 1212190266
15.0687 635.278 1212190327
33.683 348.336 1212190359
-134.732 207.66 1212190417
-540.701 41.3083 1212190477
-588.566 55.8221 1212190539
-630.226 46.8905 1212190551
-679.865 -2.23288 1212190576
-681.637 -8.9315 1212190636
-679.865 -6.69863 1212190696
-669.228 21.2124 1212190759
-625.794 31.2603 1212190819
