3578.37 -913.196 1211546076
3616.49 -952.266 1211546132
3598.76 -983.523 1211546191
3565.08 -1106.32 1211546251
3515.44 -1147.62 1211546311
3649.29 -860.729 1211546372
3756.54 -1349.66 1211546431
2916.24 -2569.64 1211546492
1531.69 -3135.47 1211546550
132.959 -3149.98 1211546613
-50.5245 -3189.04 1211546675
-574.384 -3183.46 1211546732
-1008.72 -3184.58 1211546770
-994.535 -3196.86 1211546804
-376.718 -3195.74 1211546865
-327.08 -3430.1 1211546926
-356.331 -3444.6 1211546970
-697.592 -3982.48 1211547030
-946.669 -4371.92 1211547073
-1058.35 -4352.95 1211547133
-1450.14 -5204.3 1211547193
-2830.26 -5671.78 1211547248
-3123.65 -7146.55 1211547304
-3190.13 -8633.33 1211547353
-2710.59 -10094.2 1211547407
-2204.46 -11504.6 1211547462
-1303 -12701.9 1211547512
-351.899 -13832.2 1211547563
623.135 -14724.9 1211547623
1924.36 -14056.2 1211547680
2926.87 -14797.3 1211547740
3332.84 -16233.7 1211547799
4303.45 -16166.8 1211547860
4409.81 -15860.4 1211547926
4392.97 -15850.4 1211547963
4394.74 -15858.2 1211548000
4395.63 -15859.3 1211548002
4230.76 -15971.8 1211548062
3472.89 -16237 1211548122
3038.56 -14893.1 1211548182
2171.67 -14039.5 1211548242
797.755 -14531 1211548298
-319.988 -13845.5 1211548358
-1273.75 -12686.3 1211548416
-2182.3 -11480.1 1211548471
-2681.34 -10068.6 1211548526
-3168.86 -8624.41 1211548582
-3111.24 -7117.55 1211548634
-3128.09 -5597.03 1211548692
-3185.7 -5067.06 1211548716
-3244.2 -4369.69 1211548776
-3217.61 -3783.85 1211548836
-3182.16 -3067.4 1211548897
-3173.29 -2869.86 1211548957
-3313.34 -2830.8 1211549018
-3871.77 -2849.77 1211549078
-4846.8 -2898.88 1211549139
-5698.63 -2818.52 1211549199
-6076.23 -2636.6 1211549245
-6106.37 -2080.78 1211549305
-5631.26 -2029.43 1211549365
-5230.61 -2003.76 1211549426
-5219.98 -1603.05 1211549486
-5260.75 -889.753 1211549546
-5266.96 -123.924 1211549606
-5515.15 74.8017 1211549666
-6007.1 46.8905 1211549726
-6066.48 32.3768 1211549746
-6063.82 33.4932 1211549755
-5878.57 466.684 1211549818
-5047.13 512.461 1211549875
-4174.92 638.628 1211549935
-3876.2 1263.91 1211550059
-3210.52 1383.38 1211550115
-3222.04 2032.17 1211550176
-3264.59 2729.03 1211550237
-3002.22 3611.36 1211550277
-2822.28 4761.88 1211550337
-2351.6 4635.65 1211550365
-1086.72 4998.7 1211550419
-413.06 5122.7 1211550479
279.214 5025.51 1211550541
546.019 4845.66 1211550601
1616.78 5021.05 1211550728
1798.49 5059.03 1211550774
1798.49 5060.15 1211550779
1789.63 5143.93 1211550842
1416.46 5103.71 1211550902
1080.51 4952.9 1211550970
1018.47 4713.84 1211551017
809.278 4682.56 1211551083
621.363 4651.29 1211551099
185.256 4580.91 1211551161
-169.301 4523.94 1211551207
-615.158 4453.57 1211551270
-496.381 4350.8 1211551324
-123.209 4411.12 1211551367
-15.0687 4311.7 1211551422
14.1823 4134.1 1211551484
29.251 4126.28 1211551504
215.394 3840.33 1211551568
842.961 3938.62 1211551621
2239.92 4148.62 1211551739
2674.25 4227.93 1211551802
3137.84 3924.1 1211551859
3204.32 3752.09 1211551920
3304.48 3725.29 1211551979
3316.89 3710.77 1211552006
3413.5 3707.41 1211552061
3439.21 3634.81 1211552085
3231.79 3630.35 1211552148
3029.7 3763.26 1211552206
2976.51 4214.52 1211552266
2894.08 4692.62 1211552351
3054.52 4420.06 1211552411
2745.16 4245.8 1211552471
2401.24 4189.95 1211552538
2149.51 4143.03 1211552586
1232.97 4022.4 1211552646
1184.22 4294.95 1211552701
1162.06 4427.87 1211552740
1002.51 4707.14 1211552812
978.579 4593.2 1211552874
984.784 4541.81 1211552932
985.671 4541.81 1211552999
986.557 4542.93 1211553036
1022.9 4360.85 1211553093
1211.7 3993.36 1211553151
1591.96 4044.74 1211553223
2739.85 4242.45 1211553271
2781.51 4242.45 1211553335
3257.5 4315.05 1211553395
3539.37 4103.94 1211553459
3736.15 3832.51 1211553513
3728.18 3906.23 1211553574
3728.18 3906.23 1211553581
3438.32 3969.9 1211553711
3387.8 3811.29 1211553766
3404.64 3626.99 1211553820
3299.16 3470.63 1211553881
3294.73 3472.86 1211553901
3043.88 3350 1211553968
3037.67 3251.71 1211554017
3242.43 2965.8 1211554077
2948.15 2602.83 1211554144
3018.17 2495.62 1211554197
3086.43 2419.68 1211554267
3300.05 2194.1 1211554320
3573.94 1917.15 1211554380
3621.81 1901.52 1211554439
3622.69 1902.63 1211554441
3620.92 1923.85 1211554460
3669.67 1836.75 1211554515
3862.02 1985.27 1211554576
3840.75 2091.36 1211554634
3437.44 2473.28 1211554694
3166.2 2745.78 1211554755
2954.35 2954.63 1211554816
2849.76 3155.66 1211554878
2821.39 3333.25 1211554938
2825.83 3322.08 1211554964
2827.6 3319.84 1211554968
2952.58 3423.72 1211555039
3023.49 3146.73 1211555086
3230.02 3031.69 1211555147
3831.88 2469.93 1211555253
3399.32 1966.28 1211555318
3158.22 1722.85 1211555386
3507.46 825.089 1211555441
3745.02 -1053.85 1211555555
3592.56 -977.942 1211555623
3571.28 -1006.97 1211555777
3768.95 -851.798 1211555900
957.306 -3187.93 1211556061
0.886394 -3185.7 1211556121
-927.169 -2393.29 1211556342
-1253.36 -2088.59 1211556408
-1606.15 -1834.1 1211556468
-1786.08 -1857.54 1211556522
-2391.49 -1290.5 1211556646
-2749.6 -1023.71 1211556700
-2931.31 -554.851 1211556760
-2930.42 -545.92 1211556820
-2930.42 -550.386 1211556880
-2932.19 -549.269 1211556940
-2931.31 -555.967 1211557001
-2928.65 -552.618 1211557066
-2929.53 -552.618 1211557121
-2928.65 -552.618 1211557182
-2928.65 -552.618 1211557242
-2928.65 -552.618 1211557302
-2929.53 -552.618 1211557362
-2930.42 -551.502 1211557422
-2931.31 -551.502 1211557482
-2928.65 -552.618 1211557542
-2928.65 -552.618 1211557602
-2930.42 -554.851 1211557665
-2930.42 -553.735 1211557722
-2929.53 -552.618 1211557783
-2926.87 -554.851 1211557845
-2926.87 -554.851 1211557903
-2927.76 -555.967 1211557964
-2929.53 -553.735 1211558025
-2929.53 -553.735 1211558085
-2929.53 -554.851 1211558146
-2928.65 -554.851 1211558206
-2929.53 -553.735 1211558270
-2929.53 -553.735 1211558312
-2929.53 -553.735 1211558372
-2930.42 -551.502 1211558432
-2929.53 -552.618 1211558492
-2930.42 -554.851 1211558553
-2930.42 -554.851 1211558613
-2929.53 -554.851 1211558674
-2929.53 -553.735 1211558740
-2929.53 -552.618 1211558795
-2990.69 -534.756 1211558855
-3261.93 -265.708 1211558915
-3437.44 -510.196 1211558978
-3549.12 -859.612 1211559035
-3673.22 -867.427 1211559099
-3703.36 -693.279 1211559159
-3706.9 -692.162 1211559236
-3629.79 -664.254 1211559297
-3591.67 -1198.97 1211559354
-3567.74 -1636.53 1211559414
-3545.58 -2083.01 1211559475
-3518.1 -2663.39 1211559535
-3538.49 -3239.26 1211559596
-3556.21 -3306.22 1211559656
-3551.78 -3307.34 1211559670
-3550.9 -3309.57 1211559730
-3497.71 -3251.54 1211559790
-3489.73 -3642.13 1211559850
-3527.85 -4364.11 1211559912
-4038.41 -4406.51 1211559971
-4080.07 -4581.7 1211560032
-4080.07 -4581.7 1211560033
-4034.87 -4427.71 1211560093
-3674.99 -4768.04 1211560153
-3337.28 -5082.68 1211560214
-3171.52 -5294.67 1211560276
-2995.13 -5310.29 1211560298
-2268.28 -5523.39 1211560360
-1472.3 -5250.04 1211560419
-931.601 -3843 1211560477
363.422 -3132.13 1211560530
1856.11 -3125.43 1211560585
2518.25 -2060.69 1211560645
2816.96 -1321.76 1211560705
2915.35 -865.194 1211560765
2691.09 -170.813 1211560825
2683.12 1150.01 1211560885
3281.43 2215.31 1211560946
3934.7 2846.3 1211561006
4704.1 3753.21 1211561067
5656.08 4888.11 1211561118
6134.74 5403.11 1211561184
7559.17 6270.09 1211561232
8520.91 6658.91 1211561293
9952.44 6929.32 1211561329
10558.7 7063.4 1211561357
12003.6 7377.4 1211561414
12609.8 8013.25 1211561457
12262.4 9273.92 1211561520
12476.9 9774.67 1211561587
12583.3 9391.28 1211561699
12593.9 8882.74 1211561759
12417.5 8737.44 1211561819
12297 8748.62 1211561879
12333.3 7518.2 1211561939
10864.5 7212.02 1211562035
10813.1 7205.31 1211562119
8820.51 6723.72 1211562212
5294.43 4447.98 1211562389
4319.4 3306.44 1211562449
3443.64 2452.07 1211562511
2559.91 1529.66 1211562571
2637.02 214.359 1211562635
2847.1 -1060.55 1211562694
2781.51 -1648.81 1211562743
