3148.47 -15363.4 1211853749
4034.87 -9720.64 1211853920
4053.48 -8217.33 1211853966
3784.9 -6719.32 1211854009
3472.01 -5231.08 1211854056
3196.34 -4558.27 1211854079
2738.07 -3136.59 1211854129
2742.5 -1590.77 1211854172
2637.91 -107.177 1211854218
2396.81 1217.01 1211854285
2329.44 1315.27 1211854338
1734.67 1916.03 1211854401
1263.11 1971.87 1211854465
1206.38 2287.9 1211854523
1094.7 2954.63 1211854579
969.716 3792.3 1211854640
678.978 3807.94 1211854702
358.103 3757.68 1211854811
842.961 3821.34 1211854868
1288.82 3644.87 1211854930
1341.11 3343.3 1211854989
1498.01 3278.52 1211855050
1407.59 3300.86 1211855110
1410.25 3303.09 1211855184
1407.59 3300.86 1211855230
1412.91 3306.44 1211855292
1412.03 3306.44 1211855339
1412.03 3306.44 1211855401
1414.69 3307.56 1211855460
1416.46 3308.67 1211855523
1414.69 3314.26 1211855580
1412.03 3309.79 1211855641
1410.25 3304.21 1211855701
1406.71 3298.62 1211855761
1407.59 3298.62 1211855821
1409.37 3305.32 1211855881
1417.34 3305.32 1211855978
1413.8 3298.62 1211856037
1412.03 3303.09 1211856098
1408.48 3304.21 1211856157
1421.78 3300.86 1211856217
1422.66 3303.09 1211856279
1415.57 3299.74 1211856339
1414.69 3296.39 1211856400
1422.66 3297.51 1211856463
1415.57 3295.27 1211856521
1435.07 3291.92 1211856581
1416.46 3296.39 1211856644
1418.23 3295.27 1211856702
1414.69 3298.62 1211856765
1420 3295.27 1211856810
1413.8 3291.92 1211856871
1411.14 3306.44 1211856931
1409.37 3305.32 1211856991
1408.48 3303.09 1211857051
1405.82 3318.73 1211857112
1415.57 3314.26 1211857172
1416.46 3317.61 1211857232
1418.23 3317.61 1211857292
1415.57 3324.31 1211857354
1418.23 3324.31 1211857413
1410.25 3310.91 1211857473
1392.53 3293.04 1211857535
1404.94 3310.91 1211857595
1408.48 3304.21 1211857657
1407.59 3305.32 1211857706
1405.82 3309.79 1211857766
1407.59 3314.26 1211857827
1409.37 3307.56 1211857887
1407.59 3310.91 1211857950
1407.59 3310.91 1211857973
1408.48 3308.67 1211858040
1404.05 3319.84 1211858094
1408.48 3312.03 1211858155
1407.59 3307.56 1211858215
1403.16 3305.32 1211858278
1403.16 3308.67 1211858336
1404.05 3308.67 1211858397
1410.25 3301.97 1211858454
1278.18 3362.29 1211858514
1287.04 3363.4 1211858520
758.754 3307.56 1211858580
48.7517 3196.99 1211858643
-339.489 3131.09 1211858700
-795.982 3064.08 1211858761
-1253.36 2983.67 1211858832
-1049.49 2720.1 1211858882
-1053.92 2296.84 1211858942
-1478.51 1990.85 1211859005
-1692.13 1656.96 1211859063
-1666.42 1246.04 1211859125
-2223.08 678.823 1211859184
-2520.02 442.121 1211859245
-2331.22 257.901 1211859306
-2359.58 40.1919 1211859352
-2359.58 40.1919 1211859363
-2358.7 40.1919 1211859417
-2428.72 433.189 1211859476
-2247.9 663.191 1211859546
-1793.18 650.909 1211859583
-1382.78 724.6 1211859632
-1260.45 580.568 1211859692
-1328.71 1032.77 1211859787
-1099.13 1087.48 1211859846
-446.743 1189.09 1211859907
-81.5483 1258.32 1211859975
296.056 1324.2 1211860030
549.565 1136.61 1211860088
922.737 1160.06 1211860147
986.557 1074.08 1211860207
1318.07 1095.3 1211860266
2367.56 1001.51 1211860326
2875.46 798.292 1211860389
3277 526.976 1211860449
3505.69 279.114 1211860508
3556.21 284.697 1211860531
3579.26 806.108 1211860597
3071.36 1651.38 1211860649
2682.23 2034.4 1211860709
2410.99 2315.82 1211860776
2197.37 2711.16 1211860830
2304.63 2932.29 1211860889
2304.63 2932.29 1211860904
2464.18 2950.16 1211860933
2763.78 3010.47 1211860991
2720.34 3272.93 1211861056
2431.38 3257.3 1211861113
1761.27 3148.96 1211861174
1263.11 3069.66 1211861234
1022.9 3439.35 1211861298
893.486 4241.33 1211861369
822.574 4675.86 1211861421
510.563 4795.39 1211861479
537.155 4846.78 1211861545
538.041 4847.89 1211861596
538.041 4847.89 1211861598
537.155 4846.78 1211861660
578.816 4856.83 1211861744
913.873 4910.45 1211861792
1476.73 5004.29 1211861851
1980.21 4725.01 1211861914
2326.79 4414.47 1211861968
2325.9 4415.59 1211861969
2322.35 4415.59 1211861990
2394.15 4365.32 1211862048
2563.45 4182.13 1211862119
2700.84 4080.48 1211862167
2914.46 3780.02 1211862227
2906.49 3608.01 1211862287
3149.36 3026.11 1211862347
2944.6 2602.83 1211862408
3047.42 2461 1211862476
3063.38 2091.36 1211862534
2684.89 897.666 1211862588
2883.44 -531.407 1211862656
2792.14 -3308.45 1211862742
3220.27 -4743.49 1211862789
3870 -7291.56 1211862867
3711.33 -10194.6 1211862952
2853.3 -14228.9 1211863097
3169.75 -15691 1211863150
