2367.56 3566.68 1211939062
1998.82 3514.19 1211939126
1652.24 3453.87 1211939185
1650.47 3270.7 1211939244
1785.2 3269.58 1211939303
2318.81 3344.42 1211939367
2323.24 3338.83 1211939426
2434.04 3365.64 1211939484
2755.8 3428.18 1211939544
2799.23 3465.04 1211939608
2787.71 3507.48 1211939666
2790.37 3490.73 1211939725
2769.1 3503.02 1211939785
2797.46 3468.39 1211939848
2785.94 3475.09 1211939905
2772.64 3472.86 1211939968
2780.62 3507.48 1211940029
2773.53 3580.08 1211940053
2771.76 3595.72 1211940055
2812.53 3580.08 1211940117
2849.76 3522 1211940175
2874.58 3558.86 1211940237
2874.58 3581.2 1211940295
2902.06 3609.12 1211940355
2886.99 3563.33 1211940420
2895.85 3602.42 1211940476
2895.85 3609.12 1211940535
2887.87 3611.36 1211940547
2972.97 3556.63 1211940615
2821.39 3488.5 1211940647
2542.18 3492.96 1211940713
2428.72 3454.99 1211940768
2251.44 3443.82 1211940831
1710.74 3347.77 1211940889
1370.37 3294.16 1211940955
1243.61 3284.1 1211941017
828.779 3211.51 1211941073
215.394 3117.69 1211941131
-425.469 3007.12 1211941197
-971.488 2963.56 1211941252
-1389.87 2966.91 1211941319
-1430.64 3008.24 1211941375
-1428.87 3007.12 1211941408
-1427.98 3006 1211941410
-1547.64 3043.98 1211941472
-1663.76 2908.84 1211941530
-995.421 3030.57 1211941600
-622.249 3084.18 1211941641
-446.743 3105.4 1211941701
-389.127 2911.07 1211941762
-343.921 2635.22 1211941823
-290.737 2277.85 1211941892
-200.325 1711.68 1211941944
-172.847 1563.16 1211942004
-163.097 1492.81 1211942064
-71.7979 1097.53 1211942125
23.9326 579.452 1211942185
44.3197 310.376 1211942245
57.6156 99.3636 1211942306
-14.1823 -101.595 1211942366
-31.9102 -106.061 1211942427
-55.8428 -111.643 1211942432
-120.55 64.7537 1211942492
-118.777 66.9866 1211942503
15.9551 74.8017 1211942564
292.51 100.48 1211942624
507.904 116.11 1211942651
831.438 483.432 1211942710
797.755 952.377 1211942773
897.031 1113.16 1211942833
1334.02 1546.41 1211942893
1570.69 1793.2 1211942955
1762.15 2103.64 1211943018
2015.66 2259.98 1211943073
2206.24 2428.61 1211943132
2418.08 2653.09 1211943198
2601.57 2851.88 1211943252
2830.26 3095.35 1211943317
2819.62 3623.64 1211943375
2839.12 3924.1 1211943398
3192.79 3916.29 1211943468
3464.03 4031.33 1211943518
3525.19 4062.61 1211943579
3571.28 3850.38 1211943638
3572.17 3843.68 1211943659
3870.88 3612.47 1211943713
3506.58 3174.65 1211943774
3562.42 2842.95 1211943834
3713.11 2282.32 1211943898
3526.96 1951.77 1211943954
3451.62 1735.13 1211944015
