-2711.48 289.163 1212250893
-2703.5 157.419 1212250954
-2696.41 -33.4931 1212251014
-2786.82 -399.675 1212251074
-2957.9 -455.494 1212251129
-2957.01 -455.494 1212251188
-2956.13 -454.378 1212251249
-2962.33 -449.912 1212251309
-2960.56 -448.796 1212251370
-2954.35 -453.261 1212251435
-2955.24 -452.145 1212251490
-2959.67 -443.214 1212251550
-2954.35 -452.145 1212251612
-2954.35 -452.145 1212251672
-2953.47 -453.261 1212251735
-2956.13 -446.563 1212251792
-2953.47 -453.261 1212251852
-2954.35 -451.029 1212251913
-2954.35 -452.145 1212251972
-2956.13 -449.912 1212252032
-2955.24 -451.029 1212252093
-2956.13 -451.029 1212252153
-2959.67 -445.447 1212252214
-2956.13 -449.912 1212252274
-2957.9 -447.679 1212252345
-2955.24 -453.261 1212252398
-2956.13 -451.029 1212252455
-2957.9 -448.796 1212252518
-2957.01 -448.796 1212252577
-2957.9 -449.912 1212252639
-2957.9 -451.029 1212252698
-2959.67 -446.563 1212252758
-2957.9 -446.563 1212252818
-2956.13 -458.843 1212252886
-2959.67 -445.447 1212252939
-2958.78 -446.563 1212253000
-2958.78 -446.563 1212253060
-2957.01 -451.029 1212253120
-2958.78 -446.563 1212253180
-2958.78 -443.214 1212253240
-2957.9 -447.679 1212253301
-2960.56 -440.981 1212253362
-2960.56 -442.098 1212253423
-2960.56 -438.748 1212253483
-2962.33 -438.748 1212253544
-2961.44 -439.865 1212253605
-2958.78 -442.098 1212253665
-2958.78 -443.214 1212253726
-2957.9 -440.981 1212253786
-2954.35 -461.076 1212253846
-2954.35 -455.494 1212253907
-2957.9 -443.214 1212253967
-2956.13 -447.679 1212254028
-2959.67 -436.516 1212254088
-2957.9 -446.563 1212254149
-2955.24 -451.029 1212254211
-2954.35 -446.563 1212254255
-2954.35 -449.912 1212254299
-2957.9 -451.029 1212254362
-2959.67 -453.261 1212254420
-2957.01 -455.494 1212254481
-2958.78 -454.378 1212254541
-2957.01 -455.494 1212254602
-2957.01 -454.378 1212254662
-2959.67 -453.261 1212254723
-2958.78 -451.029 1212254783
-2956.13 -453.261 1212254845
-2958.78 -448.796 1212254907
-2957.9 -447.679 1212254966
-2957.9 -445.447 1212255026
-2955.24 -453.261 1212255086
-2955.24 -454.378 1212255125
-2957.9 -454.378 1212255185
-2957.9 -454.378 1212255211
-2859.51 -409.723 1212255272
-2895.85 317.075 1212255371
-2764.66 640.861 1212255434
-2465.06 657.609 1212255491
-2130.01 712.319 1212255552
-1736.45 1102 1212255611
-1472.3 1242.69 1212255671
-949.328 1327.55 1212255731
-922.737 1623.46 1212255795
-1036.2 2275.62 1212255853
-1040.63 2427.5 1212255915
-849.166 2828.43 1212255975
-302.261 2911.07 1212256036
408.628 3035.04 1212256098
889.94 3113.22 1212256157
1348.21 3179.12 1212256217
1778.99 3259.53 1212256277
2325.9 3363.4 1212256342
2781.51 3389.09 1212256397
2847.1 3394.68 1212256434
2851.53 3395.79 1212256436
2954.35 3412.55 1212256496
3186.59 3461.69 1212256558
3230.91 3500.78 1212256620
3384.25 3618.06 1212256659
3384.25 3618.06 1212256662
3426.8 3811.29 1212256725
3537.6 4054.79 1212256785
3019.95 4888.11 1212256907
2702.62 5178.56 1212256963
2468.61 5307.03 1212257029
2307.28 5385.24 1212257084
2307.28 5385.24 1212257087
2237.26 5372.95 1212257146
2395.92 5334.96 1212257222
2587.39 5216.54 1212257267
2587.39 5217.66 1212257274
3153.79 4649.05 1212257398
3491.51 4167.61 1212257462
3450.73 3700.71 1212257576
3494.17 3743.16 1212257636
3398.44 3869.37 1212257700
3441.87 3784.48 1212257756
3523.42 3767.73 1212257824
3347.91 3872.72 1212257877
3594.33 3610.24 1212257944
3812.38 3728.64 1212258003
3698.04 3931.92 1212258181
3597.88 4073.78 1212258238
3360.32 4404.42 1212258298
2802.78 5107.06 1212258422
2705.28 5189.73 1212258461
2705.28 5190.85 1212258463
2563.45 5251.18 1212258523
2703.5 5146.16 1212258584
3289.41 4455.8 1212258704
3346.14 4373.14 1212258764
3543.8 4090.54 1212258829
3940.91 3580.08 1212258950
4206.83 2791.57 1212259078
4059.69 2600.6 1212259113
4059.69 2600.6 1212259131
3645.74 2199.68 1212259173
3495.05 2056.74 1212259233
3433.89 1989.73 1212259296
2986.26 1728.43 1212259356
2681.34 2032.17 1212259416
2344.51 2366.07 1212259475
2100.75 2564.86 1212259535
1745.31 2568.21 1212259596
1278.18 2420.8 1212259656
1177.13 2601.71 1212259717
1066.33 3093.12 1212259778
1049.49 3275.17 1212259843
457.38 4054.79 1212260017
460.925 4073.78 1212260054
466.243 4079.37 1212260058
639.09 3936.39 1212260120
729.503 3614.71 1212260179
850.052 3538.76 1212260243
696.706 3296.39 1212260299
364.308 3234.96 1212260360
48.7517 3198.1 1212260420
-409.514 3126.62 1212260481
-971.488 3035.04 1212260541
-1238.29 2987.02 1212260600
-1288.82 3055.14 1212260633
-1143.45 3052.91 1212260689
-1140.79 3060.73 1212260716
-821.688 3054.03 1212260780
-583.248 3089.77 1212260838
-99.2762 3164.6 1212260884
471.562 3252.83 1212260944
841.188 3314.26 1212261010
1011.38 3350 1212261064
1021.13 3610.24 1212261126
907.668 4150.85 1212261185
868.667 4470.32 1212261250
869.553 4470.32 1212261258
1149.65 4501.6 1212261320
1176.25 4347.45 1212261382
1208.16 4150.85 1212261439
1068.11 4035.8 1212261499
1107.99 3797.89 1212261561
1155.86 3479.56 1212261619
1197.52 3351.12 1212261680
1259.57 2959.1 1212261740
1258.68 2693.29 1212261800
1344.66 2282.32 1212261861
1369.48 2143.84 1212261921
1394.3 1993.08 1212261990
1344.66 1888.11 1212262043
1109.77 1869.13 1212262127
1039.74 1859.08 1212262187
961.738 1846.8 1212262246
963.511 1843.45 1212262287
816.369 1828.93 1212262347
495.494 1751.88 1212262387
246.418 1778.68 1212262447
72.6843 2019.89 1212262507
298.715 2165.06 1212262617
302.261 2161.71 1212262624
992.762 2270.03 1212262684
1101.79 2035.52 1212262744
1121.29 1918.27 1212262808
1410.25 1799.9 1212262866
1670.85 1759.7 1212262926
2217.76 1222.59 1212262986
2703.5 376.248 1212263051
2860.39 -1060.55 1212263107
2457.09 -2504.9 1212263165
2992.47 -3892.1 1212263222
3774.27 -6800.75 1212263329
4049.94 -8333.32 1212263387
3958.64 -9828.81 1212263445
2964.1 -10942.7 1212263505
2555.48 -12363 1212263556
2793.03 -13840 1212263613
3053.63 -15256.4 1212263676
3617.38 -16297.2 1212263736
4431.97 -16235.9 1212263801
4440.84 -16228.1 1212263806
4443.5 -16213.6 1212263835
4444.38 -16213.6 1212263837
4473.63 -15892.7 1212263897
3082.88 -15062.5 1212264017
2378.2 -14041.7 1212264077
985.671 -14438.5 1212264137
-240.213 -14049.5 1212264199
-1178.02 -12826.8 1212264254
-2060.87 -11601.6 1212264310
-2659.18 -10193.4 1212264365
-3176.84 -8771.62 1212264419
-3076.68 -7242.48 1212264471
-3129.86 -5750.99 1212264529
-3187.47 -5064.83 1212264561
-3253.07 -4678.77 1212264589
-2891.42 -4296.04 1212264654
-2350.72 -4282.65 1212264712
-2170.78 -4230.21 1212264772
-2170.78 -4230.21 1212264826
-2177.87 -3976.9 1212264886
-2337.42 -3896.56 1212264946
-2824.05 -3576.29 1212265006
-3144.04 -3273.86 1212265067
-3178.61 -3254.89 1212265130
-3251.29 -4190.04 1212265189
-3276.11 -4688.81 1212265249
-3281.43 -4721.17 1212265309
-3154.68 -5450.87 1212265370
-3434.78 -6211.74 1212265430
-4051.71 -6442.66 1212265491
-4061.46 -6647.92 1212265551
-3979.91 -6875.49 1212265612
-4010.93 -6902.26 1212265673
-4059.69 -6917.88 1212265733
-4217.46 -6999.31 1212265793
-4216.58 -6999.31 1212265812
-4311.42 -6692.55 1212265872
-4449.7 -6284.25 1212265932
-4392.97 -5292.44 1212265992
-4382.33 -5040.28 1212266053
-4369.04 -4753.53 1212266074
-4371.7 -4432.18 1212266134
-4269.76 -3723.59 1212266194
-4478.06 -3214.71 1212266255
-4792.73 -3077.44 1212266315
-4794.51 -3056.24 1212266335
-4814.89 -3069.63 1212266395
-4715.62 -3206.9 1212266455
-4507.32 -3413.36 1212266516
-4384.99 -4192.27 1212266576
-4404.49 -5121.73 1212266638
-4388.54 -5696.32 1212266668
-4388.54 -6515.18 1212266729
-4225.44 -6913.42 1212266789
-4116.42 -6950.23 1212266849
-3980.8 -6902.26 1212266909
-3981.68 -6902.26 1212266969
-3981.68 -6902.26 1212267029
-3982.57 -6900.03 1212267089
-4062.35 -6623.38 1212267149
-4393.86 -6475.02 1212267210
-4396.52 -5437.48 1212267270
-4384.11 -4959.95 1212267332
-4370.81 -4065.06 1212267391
-4164.28 -3694.58 1212267454
-3788.45 -3532.77 1212267513
-3714.88 -3537.23 1212267555
-3714.88 -3537.23 1212267556
-3764.52 -3513.79 1212267584
-3627.13 -3709.08 1212267644
-3554.44 -3776.04 1212267704
-3554.44 -3776.04 1212267764
-3553.56 -3776.04 1212267824
-3553.56 -3776.04 1212267884
-3553.56 -3776.04 1212267944
-3553.56 -3776.04 1212267975
-3553.56 -3777.16 1212268037
-3553.56 -3777.16 1212268097
-3554.44 -3777.16 1212268159
-3554.44 -3777.16 1212268219
-3558.87 -3779.39 1212268280
-3569.51 -3856.39 1212268330
-3838.09 -3579.64 1212268410
-4296.35 -3610.88 1212268470
-4481.61 -3129.89 1212268529
-4561.39 -3085.25 1212268551
-4769.69 -3123.2 1212268611
-4809.58 -2958.03 1212268671
-4850.35 -2944.63 1212268703
-4928.35 -2790.62 1212268763
-4865.42 -2497.09 1212268824
-4431.09 -2375.44 1212268884
-4389.43 -2240.39 1212268945
-4388.54 -2239.27 1212268955
-4182.9 -2154.44 1212269015
-3640.42 -2123.19 1212269075
-3544.69 -2117.61 1212269135
-3404.64 -1914.47 1212269195
-3387.8 -1888.8 1212269255
-3386.91 -1889.91 1212269289
-3261.93 -1891.03 1212269349
-2597.14 -1841.92 1212269409
-2180.53 -1531.61 1212269471
-2217.76 -1110.78 1212269529
-2470.38 -388.511 1212269593
-2496.09 -15.6301 1212269650
-2533.32 634.161 1212269715
-1830.4 864.169 1212269775
-1741.77 1116.51 1212269832
-1169.15 1291.82 1212269894
-475.994 1403.48 1212269954
-166.642 1460.43 1212270012
337.716 1536.36 1212270072
722.411 1642.45 1212270133
819.028 1821.11 1212270194
866.894 1824.46 1212270220
866.894 1824.46 1212270222
964.397 1844.56 1212270259
1093.81 1969.63 1212270328
1248.93 2038.87 1212270380
1165.61 2559.28 1212270446
1069.88 3016.06 1212270500
1050.38 3310.91 1212270560
984.784 3757.68 1212270602
897.031 4232.39 1212270663
902.35 4261.44 1212270682
1006.06 4283.78 1212270714
1152.31 4307.24 1212270774
1152.31 4307.24 1212270787
1485.6 4286.01 1212270834
1538.78 3935.27 1212270898
1544.99 3871.61 1212270902
1544.99 3871.61 1212270916
1619.44 3475.09 1212271003
1660.22 3258.42 1212271049
1710.74 2907.72 1212271116
1806.47 2292.37 1212271173
