3700.7 -941.103 1211632694
3713.11 -985.756 1211632753
3729.06 -964.546 1211632816
3729.06 -962.313 1211632873
3729.06 -962.313 1211632917
3731.72 -961.197 1211632979
3729.95 -962.313 1211633038
3619.15 -934.405 1211633098
3577.49 -1049.38 1211633159
3634.22 -1153.2 1211633188
3814.16 -806.029 1211633246
3775.15 -295.851 1211633306
3678.54 5.58219 1211633366
3676.76 3.34932 1211633427
3488.85 274.648 1211633487
3269.91 545.956 1211633548
3042.11 259.018 1211633608
3071.36 -202.073 1211633669
2998.67 -619.6 1211633729
2709.71 -784.818 1211633793
2426.06 -814.959 1211633850
2403.9 -820.541 1211633861
2364.9 -1029.29 1211633921
2910.03 -1212.36 1211633981
3493.28 -1417.75 1211634041
4008.28 -1790.57 1211634101
4234.31 -1533.84 1211634161
4234.31 -1532.73 1211634198
4234.31 -1532.73 1211634201
4260.01 -1803.97 1211634263
3861.13 -1673.37 1211634319
3419.71 -1186.69 1211634380
3484.42 -877.473 1211634442
3783.13 -850.682 1211634476
3816.81 -800.447 1211634501
3950.66 -554.851 1211634549
3971.05 -555.967 1211634650
3972.82 -559.316 1211634684
3917.86 -551.502 1211634742
3890.39 -541.455 1211634802
3570.4 809.458 1211634866
3363.87 1316.39 1211634889
2798.35 1912.68 1211634950
2527.11 2192.98 1211635010
2254.99 2463.23 1211635070
2166.35 2982.55 1211635135
2382.63 3160.13 1211635192
2386.17 3201.45 1211635255
2385.29 3161.25 1211635318
2397.7 3344.42 1211635376
2312.6 3851.5 1211635437
2254.1 4144.15 1211635497
2240.81 4481.49 1211635558
2079.48 4649.05 1211635618
1962.48 5046.74 1211635679
1918.16 5368.48 1211635740
1654.9 5358.42 1211635801
1646.03 5357.31 1211635845
1646.03 5357.31 1211635849
1638.06 5349.49 1211635906
1403.16 5225.48 1211635966
1237.41 5185.26 1211636027
929.828 5017.69 1211636087
862.462 4694.85 1211636148
494.608 4634.53 1211636208
-38.115 4548.52 1211636270
-507.018 4473.67 1211636329
-452.948 4359.74 1211636380
-0.886394 4260.32 1211636440
70.0252 3814.64 1211636501
135.618 3402.49 1211636567
-98.3898 3176.88 1211636612
-282.76 3148.96 1211636632
-413.06 3221.56 1211636664
-6.20476 3243.9 1211636725
-21.2735 3242.78 1211636774
149.801 3208.16 1211636840
811.937 3316.49 1211636894
1054.81 3355.58 1211636955
1499.78 3417.01 1211637016
2127.35 3533.17 1211637076
2589.16 3610.24 1211637136
2510.27 3609.12 1211637187
2505.84 3606.89 1211637189
2218.65 3538.76 1211637251
1966.91 3404.73 1211637309
1350.87 3303.09 1211637370
1193.09 3265.12 1211637430
647.068 3185.82 1211637491
-147.141 3058.5 1211637551
-915.645 2934.53 1211637611
-1022.01 2511.25 1211637678
-1052.15 2462.12 1211637728
-1029.1 2461 1211637790
-876.644 2836.24 1211637858
-287.192 2927.82 1211637906
-99.2762 3039.51 1211637940
-99.2762 3039.51 1211637944
-119.663 3147.84 1211638001
-668.341 3083.07 1211638061
-1369.48 2971.38 1211638121
-1718.72 2914.42 1211638181
-2069.73 2864.16 1211638241
-2668.05 2765.88 1211638306
-3230.91 2725.68 1211638368
-3601.42 2698.88 1211638427
-4108.44 2670.96 1211638483
-4347.76 2655.32 1211638543
-4831.74 2627.4 1211638606
-5099.43 2402.93 1211638666
-5127.79 2191.86 1211638703
-5565.67 2375.01 1211638767
-6195.01 2373.89 1211638822
-6360.77 2455.42 1211638868
-6361.65 2457.65 1211638875
-6361.65 2457.65 1211638890
-6193.24 2373.89 1211638993
-5883.89 2162.83 1211639054
-5218.2 2172.88 1211639113
-4868.08 2196.33 1211639171
-4218.35 2227.6 1211639231
-3517.21 2264.45 1211639291
-3266.36 2282.32 1211639352
-2976.51 2293.49 1211639422
-2644.11 2318.05 1211639472
-2262.08 2332.57 1211639535
-1786.97 2362.72 1211639595
-1064.56 2466.58 1211639653
-368.74 2569.33 1211639716
148.028 2457.65 1211639775
291.624 2303.54 1211639835
379.377 2197.45 1211639895
364.308 2208.61 1211639956
350.126 2211.96 1211640016
327.08 2213.08 1211640077
399.764 1767.51 1211640137
427.242 1585.5 1211640197
480.426 1234.87 1211640259
582.361 991.457 1211640318
612.499 522.51 1211640378
647.068 133.974 1211640439
674.546 -202.073 1211640494
705.57 -647.509 1211640554
576.156 -943.336 1211640615
146.255 -974.593 1211640674
107.254 -533.64 1211640734
68.2524 26.7946 1211640798
139.164 369.549 1211640856
437.879 660.958 1211640915
583.248 794.943 1211640979
796.869 1016.02 1211641037
911.213 1381.15 1211641097
537.155 1349.89 1211641158
206.53 1299.64 1211641218
206.53 1299.64 1211641222
362.535 1535.25 1211641283
933.373 1622.35 1211641343
1044.17 1474.95 1211641407
1561.83 1071.85 1211641450
2687.55 716.785 1211641502
2868.37 -618.483 1211641564
2959.67 -1209.01 1211641624
3470.23 -1351.9 1211641685
3499.49 -1416.64 1211641745
3843.41 -1675.6 1211641806
4015.37 -1586.31 1211641866
4015.37 -1585.19 1211641871
3746.79 -1594.12 1211641933
3580.15 -1462.4 1211641992
3497.71 -1154.32 1211642052
3775.15 -854.031 1211642113
3784.02 -356.136 1211642174
3737.04 246.737 1211642236
3386.91 328.239 1211642298
3050.97 524.743 1211642356
3056.29 82.6168 1211642416
3086.43 -382.929 1211642477
2863.05 -654.207 1211642537
2650.32 -800.447 1211642589
2611.32 -947.801 1211642651
2746.94 -1795.04 1211642709
2389.72 -2277.22 1211642769
2543.07 -2493.74 1211642833
2610.43 -3126.55 1211642890
2231.05 -3269.4 1211642932
1622.99 -3488.13 1211642993
1450.14 -3468.04 1211643026
864.235 -3466.92 1211643086
846.507 -3259.35 1211643146
627.567 -3205.78 1211643208
320.875 -3027.22 1211643266
161.324 -2969.19 1211643307
161.324 -2970.3 1211643309
175.506 -2868.74 1211643372
672.773 -2589.73 1211643429
885.508 -2123.19 1211643489
798.641 -1767.13 1211643550
767.618 -1389.85 1211643611
741.026 -1012.55 1211643675
548.678 -958.964 1211643715
145.369 -994.686 1211643776
49.6381 -1264.83 1211643836
-602.748 -1328.45 1211643897
-803.96 -1486.96 1211643958
-1591.96 -1745.92 1211644017
-2222.19 -2205.78 1211644077
-2647.66 -2158.91 1211644137
-3033.24 -2555.13 1211644197
-3442.76 -2834.15 1211644258
-4096.03 -2860.93 1211644317
-5122.47 -2917.85 1211644376
-6039.89 -2740.4 1211644436
-6090.42 -2369.86 1211644484
-6008.87 -2257.13 1211644512
-5593.15 -2441.29 1211644572
-5226.18 -2559.59 1211644631
-5214.66 -2806.24 1211644691
-5214.66 -2806.24 1211644751
-5212.89 -2806.24 1211644811
-5212.89 -2808.48 1211644872
-5212.89 -2805.13 1211644907
-5140.2 -3295.06 1211644967
-4451.47 -3436.79 1211645027
-4278.63 -3694.58 1211645087
-3807.95 -3635.43 1211645148
-3497.71 -3726.94 1211645208
-3386.03 -4656.46 1211645269
-3161.77 -4919.78 1211645329
-2824.05 -4919.78 1211645390
-2823.17 -4918.67 1211645433
-2824.05 -4918.67 1211645459
-2823.17 -4918.67 1211645460
-2850.64 -4914.2 1211645520
-3191.91 -4891.89 1211645580
-3242.43 -4336.21 1211645640
-3197.22 -3299.53 1211645700
-3109.47 -2608.7 1211645760
-3048.31 -2112.03 1211645821
-3074.9 -1639.88 1211645881
-3378.05 -1540.54 1211645942
-3389.57 -1895.49 1211646002
-3390.46 -1886.56 1211646051
-3172.41 -1891.03 1211646111
-2548.38 -1839.68 1211646172
-2213.33 -1566.21 1211646232
-2270.06 -974.593 1211646297
-1864.09 -925.475 1211646352
-1905.75 -931.057 1211646425
-1908.41 -933.289 1211646494
-1850.79 -915.428 1211646547
-2282.47 -952.266 1211646607
-2045.8 -1485.84 1211646671
-1451.91 -1633.19 1211646727
-962.624 -1987.02 1211646787
-731.275 -2686.83 1211646847
-5.31837 -2937.94 1211646907
342.148 -3317.38 1211646967
-15.9551 -3705.74 1211647028
-152.46 -4042.74 1211647088
-187.029 -4330.64 1211647149
-495.494 -4628.56 1211647210
-283.646 -4354.07 1211647257
-283.646 -4352.95 1211647259
-219.826 -4319.48 1211647321
-467.13 -4663.15 1211647379
-909.441 -4425.48 1211647439
-1172.7 -4684.35 1211647499
-1596.4 -4705.55 1211647559
-1630.08 -4693.28 1211647619
-1629.19 -4693.28 1211647678
-1319.84 -4901.93 1211647736
-1319.84 -4903.05 1211647796
-1008.72 -4470.12 1211647856
-639.09 -4677.66 1211647916
-392.673 -4937.63 1211647976
-335.943 -4963.3 1211648037
-320.875 -4922.01 1211648070
-320.875 -4922.01 1211648072
-202.098 -4424.37 1211648157
-36.3422 -4104.12 1211648218
-37.2286 -3767.11 1211648278
-369.626 -3499.29 1211648338
-120.55 -3212.48 1211648394
158.665 -2872.09 1211648455
645.295 -2614.28 1211648515
889.94 -2213.6 1211648575
813.71 -1983.67 1211648636
783.573 -1642.12 1211648689
752.549 -1217.94 1211648749
379.377 -1238.04 1211648814
-23.0463 -1267.06 1211648870
-270.35 -1277.11 1211648898
-625.794 -1349.66 1211648923
-802.187 -1196.73 1211648983
-791.55 -782.586 1211649044
-761.413 -737.932 1211649067
-997.194 -394.093 1211649124
-954.647 99.3636 1211649182
-990.989 347.22 1211649249
-807.505 835.138 1211649302
-870.439 1214.77 1211649363
-904.122 1416.88 1211649423
-980.352 1917.15 1211649483
-1019.35 2160.59 1211649527
-1023.79 2491.15 1211649590
-600.975 2869.75 1211649654
97.5034 2985.9 1211649711
808.392 3098.7 1211649774
1055.7 3238.31 1211649829
984.784 3658.27 1211649888
1088.49 3863.79 1211649949
1267.54 3888.36 1211650007
1269.32 3887.24 1211650051
1268.43 3886.13 1211650059
1264 3895.06 1211650116
1128.38 3879.43 1211650176
1105.33 3793.42 1211650236
1166.5 3391.33 1211650297
1256.91 2871.98 1211650357
1292.36 2608.42 1211650424
1296.8 2505.67 1211650457
1360.62 2316.94 1211650517
1485.6 2363.84 1211650556
1919.04 2429.73 1211650612
2231.94 2487.8 1211650672
2550.16 2171.76 1211650735
2832.03 2219.78 1211650800
3038.56 2448.72 1211650856
3328.41 2823.96 1211650915
3469.35 2743.55 1211650987
3337.28 2954.63 1211651001
3326.64 2965.8 1211651003
2979.17 3006 1211651125
2673.37 2663.14 1211651210
2390.61 2337.04 1211651274
1976.66 1909.33 1211651331
1765.7 1916.03 1211651393
1638.94 1850.15 1211651453
1467.87 1696.05 1211651514
1466.98 1698.28 1211651522
1572.46 1852.38 1211651582
1470.53 1682.65 1211651643
1234.75 1434.75 1211651707
767.618 1380.03 1211651761
407.741 1321.97 1211651824
381.15 1531.9 1211651884
850.939 1627.93 1211651949
1030.88 1575.45 1211652002
1471.41 1095.3 1211652068
2687.55 723.484 1211652123
2886.99 -676.534 1211652188
2878.12 -3542.81 1211652293
3288.52 -4971.11 1211652347
3705.13 -6414.77 1211652395
3972.82 -7903.92 1211652447
4133.26 -9434.05 1211652501
2532.43 -11985.1 1211652611
2667.16 -13468.8 1211652666
2956.13 -14947.8 1211652723
3435.66 -16323.9 1211652783
4444.38 -16189.1 1211652844
4384.11 -15849.3 1211652904
4376.13 -15917.2 1211652920
3326.64 -15965.1 1211653040
2975.63 -14514.2 1211653095
1865.86 -14027.2 1211653155
513.222 -14574.4 1211653209
-514.995 -13485.5 1211653266
-1451.03 -12318.4 1211653316
-2456.2 -11210.3 1211653367
-2840.89 -9710.61 1211653418
-3148.47 -8242.98 1211653471
-3160 -6736.05 1211653524
-2541.29 -5562.44 1211653583
-1216.13 -4971.11 1211653644
-1293.25 -4271.5 1211653704
-1571.58 -4473.46 1211653765
-2082.14 -4352.95 1211653856
-2096.32 -4351.84 1211653916
-2079.48 -4338.45 1211653976
-2078.59 -4338.45 1211654036
-2081.25 -4342.91 1211654096
-2083.03 -4342.91 1211654107
-2304.63 -4272.61 1211654167
-2858.62 -4292.7 1211654227
-3437.44 -4346.26 1211654287
-3619.15 -4386.43 1211654349
-3661.7 -4378.62 1211654397
-3659.92 -4378.62 1211654401
-3792.88 -4375.27 1211654435
-3959.52 -4375.27 1211654495
-4053.48 -4494.66 1211654549
-4274.19 -4643.07 1211654609
-4364.61 -4640.84 1211654669
-4416.9 -5514.46 1211654729
-4833.51 -5296.9 1211654790
-5526.67 -4819.36 1211654850
-5962.78 -3957.93 1211654911
-5427.39 -2995.97 1211654971
-5173.88 -2568.52 1211655038
-5224.41 -1571.79 1211655092
-5267.84 -814.959 1211655154
-4892.9 -732.351 1211655214
-4424.88 -708.908 1211655269
-4077.41 -687.697 1211655330
-3807.06 -672.068 1211655390
-3642.19 -667.603 1211655454
-3339.05 -647.509 1211655512
-3260.16 -120.574 1211655573
-2979.17 -418.654 1211655633
-2859.51 -465.542 1211655694
-2928.65 -555.967 1211655754
-2928.65 -557.084 1211655817
-2927.76 -557.084 1211655876
-2928.65 -557.084 1211655937
-2930.42 -554.851 1211655997
-2931.31 -557.084 1211656057
-2931.31 -553.735 1211656118
-2930.42 -555.967 1211656177
-2929.53 -557.084 1211656238
-2926.87 -555.967 1211656298
-2927.76 -555.967 1211656359
-2931.31 -553.735 1211656421
-2929.53 -555.967 1211656484
-2929.53 -557.084 1211656543
-2932.19 -551.502 1211656601
-2932.19 -555.967 1211656661
-2929.53 -554.851 1211656722
-2929.53 -557.084 1211656782
-2930.42 -557.084 1211656842
-2931.31 -553.735 1211656903
-2931.31 -554.851 1211656965
-2930.42 -554.851 1211657024
-2930.42 -553.735 1211657084
-2929.53 -553.735 1211657145
-2929.53 -555.967 1211657206
-2929.53 -553.735 1211657267
-2928.65 -553.735 1211657327
-2928.65 -553.735 1211657387
-2929.53 -552.618 1211657397
-2928.65 -553.735 1211657461
-2928.65 -552.618 1211657519
-2930.42 -549.269 1211657579
-2929.53 -549.269 1211657639
-2928.65 -557.084 1211657700
-2924.22 -550.386 1211657760
-2685.78 -400.792 1211657824
-2672.48 -199.84 1211657881
-2672.48 -196.491 1211657916
-2451.77 -122.807 1211657978
-2424.29 334.938 1211658036
-2443.79 606.248 1211658096
-2387.95 653.142 1211658156
-1845.47 638.628 1211658216
-1459.01 700.037 1211658276
-1102.67 759.213 1211658336
-834.984 1003.74 1211658396
-838.529 1126.56 1211658458
-840.302 1116.51 1211658514
-839.416 1115.4 1211658516
-612.499 1156.71 1211658576
-135.618 1232.64 1211658639
159.551 1280.65 1211658704
467.13 1300.75 1211658756
576.156 1069.62 1211658804
680.751 950.144 1211658903
686.956 946.794 1211658952
623.135 859.703 1211659013
636.431 1144.43 1211659073
623.135 1581.03 1211659133
909.441 1621.23 1211659195
1153.2 1660.31 1211659254
1240.95 2117.04 1211659314
1329.59 2313.59 1211659375
1473.19 2381.71 1211659435
1803.81 2331.45 1211659495
1724.04 2244.35 1211659534
1724.04 2243.23 1211659579
1722.26 2248.82 1211659601
1722.26 2248.82 1211659603
1704.54 2245.47 1211659664
1651.35 2305.77 1211659685
1800.27 2324.75 1211659747
1903.09 2021 1211659806
2395.92 1524.08 1211659867
2590.93 1330.9 1211659929
3066.04 1610.06 1211659987
3697.15 608.481 1211660048
3742.36 77.0346 1211660101
3737.93 -280.221 1211660149
3677.65 -241.147 1211660210
3678.54 -240.031 1211660270
3678.54 -244.496 1211660323
3747.68 130.624 1211660380
3589.9 792.71 1211660443
3068.7 1651.38 1211660505
2884.33 1837.86 1211660568
2578.52 2138.26 1211660622
2290.44 2446.48 1211660682
2147.73 2850.76 1211660745
2075.94 3370.1 1211660803
2068.84 3520.89 1211660864
1920.82 3672.79 1211660924
1964.25 3821.34 1211660984
1963.36 3824.69 1211661017
1963.36 3824.69 1211661019
1992.61 3819.11 1211661069
1862.31 3584.55 1211661129
1593.74 3545.46 1211661190
1594.62 3540.99 1211661198
1642.49 3314.26 1211661265
1696.56 2984.78 1211661318
1836.61 2834.01 1211661378
2028.96 2651.97 1211661438
2389.72 2597.25 1211661559
2408.33 2624.05 1211661625
2540.41 2717.86 1211661679
2541.29 2716.74 1211661696
2555.48 2739.08 1211661704
2371.11 2586.08 1211661766
2127.35 2554.81 1211661824
1590.19 2474.4 1211661896
1350.87 2445.36 1211661945
1137.24 2688.82 1211662008
1100.9 2931.17 1211662066
999.853 3497.43 1211662136
888.167 4240.21 1211662186
766.731 4568.62 1211662246
15.0687 4444.63 1211662308
-356.331 4389.9 1211662366
-479.539 4437.93 1211662425
-479.539 4437.93 1211662434
-479.539 4437.93 1211662450
-479.539 4437.93 1211662463
-328.852 4424.52 1211662506
24.819 4440.16 1211662559
569.952 4523.94 1211662619
1036.2 4262.55 1211662682
1181.56 3988.89 1211662741
1278.18 4003.41 1211662801
2239.92 4156.44 1211662861
2245.24 4159.79 1211662895
2639.68 4143.03 1211662958
2724.78 4074.9 1211663015
2892.31 3877.19 1211663075
2877.24 3870.49 1211663104
2904.71 3776.67 1211663165
2811.64 3577.85 1211663225
2812.53 3577.85 1211663232
2850.64 3571.15 1211663296
2754.03 3749.86 1211663322
2955.24 3870.49 1211663383
3357.66 4214.52 1211663444
3448.96 3909.58 1211663513
3505.69 3737.57 1211663567
3610.28 3660.5 1211663625
3920.52 3332.13 1211663685
4111.1 3186.93 1211663722
4198.85 2607.3 1211663782
4105.78 2243.23 1211663842
3734.38 1876.95 1211663902
3616.49 1760.81 1211663915
3808.84 179.749 1211664002
3807.06 -832.821 1211664062
3749.45 -1015.9 1211664125
3589.9 -933.289 1211664182
3575.72 -967.895 1211664252
