4429.31 -15890.5 1212539555
3679.42 -16347.3 1212539606
3924.07 -16250.4 1212539669
4041.96 -16199.1 1212539726
4033.09 -16164.6 1212539786
4033.09 -16167.9 1212539847
3475.55 -16190.2 1212539917
3011.97 -14763.9 1212539965
2672.48 -13418.6 1212540026
2552.82 -11929.4 1212540082
4023.34 -9750.75 1212540198
4106.67 -8480.54 1212540256
3884.18 -7243.6 1212540316
3615.6 -5749.87 1212540375
3148.47 -4325.06 1212540436
2746.05 -3086.37 1212540496
3534.05 -1820.71 1212540557
3856.7 -331.575 1212540617
3423.26 1007.09 1212540678
3260.16 1435.87 1212540738
3123.65 1582.15 1212540799
2923.33 1793.2 1212540860
2699.96 2021 1212540920
2437.58 2254.4 1212540980
2210.67 2520.19 1212541040
2149.51 2856.35 1212541106
2149.51 2856.35 1212541161
2096.32 3297.51 1212541166
2201.8 3587.9 1212541303
2215.1 3586.79 1212541305
2215.1 3586.79 1212541307
2217.76 3601.31 1212541367
2206.24 3596.84 1212541427
2193.83 3589.02 1212541487
2221.3 3557.75 1212541549
2221.3 3566.68 1212541607
2197.37 3564.45 1212541668
2199.14 3561.1 1212541729
2207.12 3557.75 1212541789
2197.37 3591.25 1212541827
2153.94 3823.58 1212541889
2122.03 4044.74 1212541922
2023.64 4640.12 1212542052
1975.77 4951.78 1212542105
2192.94 5109.3 1212542174
2619.3 5183.03 1212542231
2633.48 5232.18 1212542289
2630.82 5228.83 1212542320
2630.82 5228.83 1212542337
2534.2 5276.87 1212542350
2285.12 5386.35 1212542410
2283.35 5387.47 1212542508
2282.47 5387.47 1212542568
2337.42 5353.96 1212542628
2474.81 5291.39 1212542689
2581.18 5222.13 1212542752
2754.91 5100.36 1212542814
2937.51 4935.03 1212542868
3026.15 4533.99 1212542928
3128.97 3985.54 1212542988
3113.9 3823.58 1212543024
3093.52 3692.89 1212543081
2849.76 3669.44 1212543142
2513.81 3606.89 1212543203
2160.14 3534.29 1212543261
1435.96 3420.36 1212543321
1221.45 3385.74 1212543345
1092.92 3367.87 1212543405
959.965 3444.94 1212543466
746.344 3412.55 1212543526
561.974 3543.23 1212543585
490.176 3577.85 1212543618
490.176 3577.85 1212543647
845.62 3332.13 1212543741
1100.02 3364.52 1212543801
1278.18 3405.84 1212543861
1474.96 3419.25 1212543922
1880.04 3490.73 1212543985
2113.16 3499.67 1212544043
2312.6 3561.1 1212544103
2744.28 3633.7 1212544165
2925.1 3638.16 1212544223
2871.92 3300.86 1212544283
2734.53 3249.48 1212544347
2375.54 3166.83 1212544409
2330.33 3194.75 1212544428
2272.72 3118.81 1212544489
2301.97 2954.63 1212544549
2385.29 2706.69 1212544615
2583.84 2526.89 1212544671
2851.53 2249.93 1212544731
3016.4 2402.93 1212544791
3036.79 2423.03 1212544810
3180.38 2571.56 1212544868
3002.22 2904.37 1212544935
2855.08 3049.56 1212544988
2801.89 3320.96 1212545048
2699.07 3295.27 1212545080
2251.44 3207.04 1212545137
2091.89 3385.74 1212545198
1679.72 3358.94 1212545260
1241.84 3295.27 1212545319
1114.2 3264 1212545383
351.899 3148.96 1212545450
-343.921 3032.81 1212545505
-975.92 3016.06 1212545564
-1014.92 3210.39 1212545625
-1141.68 3327.66 1212545691
-1142.56 3328.78 1212545706
-1141.68 3327.66 1212545709
-1160.29 3326.55 1212545732
-1131.04 3009.35 1212545817
-831.438 3042.86 1212545877
-726.843 3069.66 1212545900
-1271.98 2917.77 1212545963
-1223.22 2871.98 1212545971
-1209.93 2783.75 1212545975
-1024.67 2523.54 1212546032
-1242.73 2474.4 1212546092
-1382.78 2452.07 1212546170
-1534.35 2416.33 1212546182
-1764.81 2224.25 1212546243
-1739.99 1964.05 1212546311
-1638.94 1329.79 1212546366
-1622.1 1230.41 1212546431
-859.803 1120.98 1212546628
-1006.94 2796.04 1212546822
-521.2 2884.27 1212546889
210.962 3011.59 1212546950
892.599 3123.27 1212547005
1048.6 3339.95 1212547068
1369.48 3391.33 1212547125
1630.08 3452.75 1212547185
2019.21 3466.16 1212547245
2208.89 3590.14 1212547308
2036.93 3529.82 1212547348
2036.93 3529.82 1212547352
2202.69 3516.42 1212547394
2249.67 3218.21 1212547454
2530.66 3133.33 1212547506
2535.09 3142.26 1212547525
2453.54 3042.86 1212547586
2213.33 2981.43 1212547649
1729.36 2926.71 1212547713
1231.2 2846.3 1212547773
977.693 2835.13 1212547828
105.481 2686.59 1212547896
-318.216 2601.71 1212547948
-1154.97 2477.75 1212548008
-1604.37 2407.39 1212548078
-1777.22 1727.31 1212548244
-1777.22 1727.31 1212548250
-1685.92 1626.81 1212548372
-1604.37 1127.68 1212548428
-1445.71 1028.3 1212548493
-22.1599 1011.56 1212548726
19.5007 541.49 1212548793
45.2061 238.921 1212548846
81.5483 -282.454 1212548906
169.301 -947.801 1212549018
263.259 -956.732 1212549037
290.737 -1155.43 1212549118
541.587 -1002.5 1212549181
444.97 -956.732 1212549240
439.652 -969.011 1212549300
912.986 -929.94 1212549358
1078.74 -164.115 1212549484
1233.86 170.817 1212549538
1403.16 187.564 1212549576
1444.82 308.143 1212549592
1438.62 544.84 1212549652
1726.7 578.335 1212549714
1724.92 578.335 1212549720
1053.04 520.277 1212549850
527.405 482.316 1212549915
43.4333 271.299 1212549962
51.4109 91.5484 1212550061
92.185 -410.839 1212550102
150.687 -990.221 1212550195
604.521 -951.15 1212550268
912.986 -506.847 1212550315
850.939 238.921 1212550375
808.392 834.022 1212550441
1141.68 893.199 1212550496
1566.26 925.58 1212550561
1786.97 1038.35 1212550617
2239.03 1204.73 1212550678
2351.6 1200.26 1212550717
2351.6 1200.26 1212550720
2387.06 1235.99 1212550782
2036.93 1606.71 1212550842
1718.72 1380.03 1212550899
1764.81 1234.87 1212550932
1778.11 915.531 1212550996
1662.88 571.636 1212551053
1296.8 538.141 1212551112
1183.34 535.908 1212551142
1053.92 521.393 1212551175
310.238 466.684 1212551241
205.644 442.121 1212551301
41.6605 244.504 1212551355
54.0701 103.829 1212551385
80.6619 -273.523 1212551442
306.692 -979.058 1212551560
1126.61 -915.428 1212551688
1369.48 -896.451 1212551739
1771.02 -864.078 1212551797
1998.82 -696.628 1212551860
1880.93 -675.417 1212551887
1685.92 -390.744 1212551961
1662.88 -53.5889 1212552028
1661.1 -50.2396 1212552122
1654.9 -45.7738 1212552188
1656.67 -46.8903 1212552193
1641.6 188.68 1212552239
1630.08 352.802 1212552272
1420.89 497.947 1212552349
1412.91 535.908 1212552391
1389.87 1079.67 1212552462
1485.6 1372.22 1212552518
1467.87 1637.98 1212552576
1408.48 1995.32 1212552630
1340.23 2452.07 1212552692
1247.16 3021.64 1212552751
1185.11 3360.05 1212552814
1126.61 3786.72 1212552875
1096.47 3967.67 1212552947
995.421 4480.38 1212552995
1006.06 4818.85 1212553059
1400.5 4771.93 1212553117
1680.6 4821.08 1212553183
1972.23 4866.88 1212553243
2056.44 4881.41 1212553289
2057.32 4880.29 1212553296
2158.37 4775.28 1212553351
2180.53 4586.5 1212553416
2254.1 4481.49 1212553458
2327.67 4423.41 1212553518
2383.51 4292.71 1212553586
2283.35 4063.73 1212553640
2278.03 3963.2 1212553699
2223.96 3554.39 1212553822
2085.69 3524.24 1212553868
2086.57 3525.35 1212553870
2086.57 3525.35 1212553880
2086.57 3523.12 1212553940
1941.2 3499.67 1212554002
1649.58 3288.57 1212554064
1724.04 2865.28 1212554123
1814.45 2265.57 1212554184
2042.25 1882.53 1212554246
1997.93 1721.73 1212554304
1996.16 1721.73 1212554347
1998.82 1719.5 1212554407
1999.71 1718.38 1212554524
1998.82 1717.26 1212554579
2007.68 1702.75 1212554639
1995.27 1725.08 1212554702
2010.34 1698.28 1212554760
1822.43 1489.46 1212554817
1811.79 1205.84 1212554883
1803.81 559.355 1212554937
1646.03 410.86 1212555050
1645.15 413.093 1212555101
1647.81 400.811 1212555171
1647.81 401.928 1212555222
1650.47 407.51 1212555289
1646.92 410.86 1212555342
1632.74 255.668 1212555407
1659.33 -49.1231 1212555462
1712.51 -755.794 1212555522
2255.87 -1319.52 1212555645
3189.25 -1185.57 1212555708
3581.03 -973.476 1212555825
3584.58 -970.127 1212555925
