874.871 4262.55 1212630484
1008.72 4284.89 1212630546
1167.38 4305 1212630603
1549.42 4373.14 1212630664
2020.09 4450.22 1212630723
2034.28 4458.04 1212630756
2222.19 4487.08 1212630809
2286.01 4463.62 1212630872
2344.51 4399.95 1212630930
2636.14 4144.15 1212630990
2684 4101.7 1212631053
2910.03 3794.54 1212631109
2863.05 3609.12 1212631169
2813.42 3612.47 1212631352
2832.03 3631.46 1212631410
2858.62 3497.43 1212631445
2941.94 3438.24 1212631499
2964.1 3409.2 1212631560
2972.08 3327.66 1212631625
2917.12 3329.9 1212631685
3348.8 2909.96 1212631742
3702.47 2617.35 1212631803
3984.34 2285.67 1212631863
3911.66 2144.96 1212631925
3829.22 2086.89 1212631984
3552.67 1834.51 1212632049
3567.74 1849.03 1212632102
3571.28 1841.21 1212632143
3575.72 1845.68 1212632144
3584.58 1860.2 1212632146
3772.49 2115.92 1212632206
3093.52 2809.44 1212632328
2875.46 3026.11 1212632394
2659.18 3368.99 1212632448
2650.32 3469.51 1212632506
2306.4 3460.57 1212632572
1727.58 3374.57 1212632626
1456.35 3506.37 1212632687
1403.16 3885.01 1212632755
1357.07 4151.97 1212632809
1488.26 4291.6 1212632868
1556.51 4376.49 1212632928
1595.51 4380.96 1212632932
2255.87 4478.14 1212633018
2422.52 4336.28 1212633080
2551.93 4231.28 1212633116
2648.55 4132.98 1212633179
2834.69 3985.54 1212633242
2874.58 3817.99 1212633261
2909.15 3667.2 1212633330
2840.01 3312.03 1212633383
2774.41 3562.21 1212633440
2767.32 3498.55 1212633501
2776.19 3491.85 1212633558
2768.21 3495.2 1212633621
2786.82 3591.25 1212633676
2832.92 3612.47 1212633736
2843.55 3506.37 1212633799
2847.99 3578.97 1212633864
2823.17 3524.24 1212633904
2841.78 3551.04 1212633963
2876.35 3645.98 1212634024
2832.03 3522 1212634085
2830.26 3503.02 1212634203
2848.87 3518.65 1212634264
2866.6 3562.21 1212634303
2589.16 3509.72 1212634433
1905.75 3387.97 1212634484
1389.87 3367.87 1212634548
931.601 3227.14 1212634608
838.529 3232.73 1212634665
-672.773 2768.12 1212634814
-637.318 2561.51 1212634875
-524.746 2362.72 1212634935
-585.907 2192.98 1212634995
-609.839 2223.13 1212635056
-620.476 2271.15 1212635074
-583.248 2385.06 1212635097
-506.131 2474.4 1212635157
-632.886 2553.69 1212635217
-502.586 2607.3 1212635277
-497.267 2610.65 1212635298
-372.286 2696.64 1212635364
-346.58 2610.65 1212635418
-279.214 2189.63 1212635484
-189.688 1627.93 1212635539
-141.823 1325.32 1212635600
-35.4558 1041.7 1212635661
4.43197 720.134 1212635720
160.437 448.82 1212635780
592.111 486.782 1212635842
788.005 497.947 1212635901
1036.2 515.811 1212635962
1607.03 566.054 1212636022
1808.24 413.093 1212636088
1808.24 410.86 1212636128
1810.02 413.093 1212636187
1660.22 398.578 1212636247
1647.81 409.743 1212636310
1646.03 414.209 1212636370
1646.92 417.559 1212636429
1639.83 398.578 1212636493
1650.47 417.559 1212636537
1645.15 411.976 1212636603
1652.24 428.724 1212636657
1817.11 360.617 1212636721
1853.45 -98.246 1212636777
1878.27 -457.727 1212636825
1922.59 -1040.45 1212636885
1945.64 -1306.13 1212636955
2369.33 -1322.87 1212637006
3084.65 -1190.04 1212637068
3738.81 -1142.04 1212637128
3731.72 -1121.94 1212637162
3730.83 -1119.71 1212637164
3731.72 -1117.48 1212637246
3731.72 -1118.59 1212637267
3732.61 -1123.06 1212637327
3731.72 -1127.52 1212637389
3731.72 -1125.29 1212637452
3731.72 -1118.59 1212637507
3749.45 -1023.71 1212637571
3672.33 -906.498 1212637628
3635.99 -907.614 1212637689
3573.06 -964.546 1212637752
3561.53 -980.174 1212637810
3564.19 -973.476 1212637870
3563.31 -976.825 1212637933
3562.42 -976.825 1212637993
3558.87 -991.337 1212638054
