3616.49 -953.383 1211806823
3616.49 -953.383 1211806887
3616.49 -953.383 1211806948
3616.49 -953.383 1211807004
3581.03 -1002.5 1211807065
3572.17 -1147.62 1211807125
3589.01 -870.776 1211807187
3799.09 -600.622 1211807247
3758.31 -46.8903 1211807308
3657.26 285.813 1211807368
3372.73 459.985 1211807430
3025.26 425.374 1211807489
3056.29 -13.3972 1211807550
3094.4 -476.705 1211807610
2851.53 -742.398 1211807671
2594.48 -798.214 1211807731
2278.92 -826.123 1211807795
1934.11 -848.449 1211807852
1708.97 -865.194 1211807913
1544.99 -1171.06 1211807974
1405.82 -1604.16 1211808034
1146.99 -2108.68 1211808094
1004.28 -2637.72 1211808155
915.645 -2838.61 1211808216
915.645 -2839.73 1211808218
1039.74 -2406.69 1211808278
1151.43 -1830.75 1211808339
1186.88 -1556.17 1211808399
1140.79 -927.708 1211808459
1092.04 -285.803 1211808521
1046.83 336.055 1211808581
696.706 674.356 1211808642
471.562 656.492 1211808702
84.2075 626.346 1211808763
-19.5007 1003.74 1211808823
-112.572 1225.94 1211808887
-319.102 1639.1 1211808947
-405.969 1731.78 1211808977
-405.969 1731.78 1211808979
-482.199 1608.95 1211809042
-541.587 1174.58 1211809099
-927.169 1108.7 1211809159
-1413.8 1033.89 1211809219
-1571.58 926.696 1211809281
-1524.6 620.763 1211809325
-1882.7 406.394 1211809384
-2067.96 328.239 1211809416
-1995.27 338.288 1211809474
-1995.27 348.336 1211809535
-1974.89 350.569 1211809598
-1954.5 381.831 1211809627
-1962.48 482.316 1211809685
-2422.52 453.286 1211809745
-2711.48 328.239 1211809806
-2707.94 260.134 1211809868
-2707.94 260.134 1211809927
-2701.73 256.785 1211809987
-2703.5 262.367 1211810049
-2709.71 261.251 1211810107
-2708.82 262.367 1211810168
-3007.54 214.359 1211810228
-3525.19 185.331 1211810288
-4016.25 156.303 1211810350
-4475.41 135.09 1211810410
-4887.58 108.295 1211810471
-5077.27 99.3636 1211810499
-5329.89 -20.0959 1211810539
-5300.64 -534.756 1211810600
-6278.33 -597.273 1211810695
-6382.04 -649.741 1211810731
-6401.54 -202.073 1211810791
-6439.66 420.908 1211810851
-5734.97 476.733 1211810916
-4961.15 519.16 1211810973
-4239.62 589.501 1211811034
-3722.86 659.842 1211811094
-3685.63 1358.82 1211811155
-3203.43 1548.65 1211811215
-3231.79 2114.81 1211811279
-3135.18 3255.06 1211811336
-2988.04 4532.88 1211811396
-2285.12 4633.41 1211811443
-1071.65 5010.99 1211811503
-400.65 5124.94 1211811568
189.688 4971.89 1211811624
199.439 4970.78 1211811647
199.439 4970.78 1211811648
348.353 4827.79 1211811708
148.028 4578.68 1211811768
-92.185 4545.17 1211811834
-542.473 4464.74 1211811891
-29.251 4403.3 1211812009
11.5231 4168.73 1211812071
69.1388 3796.77 1211812132
134.732 3377.92 1211812197
-330.625 3138.91 1211812253
-665.682 3075.25 1211812311
-970.602 3038.39 1211812372
-1264.88 2988.13 1211812437
-1683.26 2922.24 1211812486
-2067.07 2867.52 1211812549
-2401.24 2812.79 1211812607
-3021.72 2737.96 1211812667
-3269.02 2442.01 1211812736
-3221.16 1678.18 1211812787
-3418.82 1391.2 1211812850
-3787.56 914.414 1211812908
-3682.97 267.95 1211812969
-3647.51 -225.517 1211813030
-3612.06 -838.402 1211813090
-3590.78 -1216.83 1211813119
-3570.4 -1565.1 1211813179
-3536.71 -2240.39 1211813239
-3625.35 -2837.49 1211813299
-4498.45 -2876.56 1211813360
-5297.09 -2921.2 1211813420
-6068.26 -2732.58 1211813481
-6097.51 -2239.27 1211813541
-5748.27 -2033.9 1211813602
-5231.5 -2003.76 1211813663
-5220.86 -1600.82 1211813724
-5257.21 -945.569 1211813784
-5304.18 -133.971 1211813845
-5402.57 87.0826 1211813908
-5973.41 52.4728 1211813966
-6496.38 20.0959 1211814026
-6532.73 413.093 1211814087
-6639.09 964.659 1211814147
-6577.93 1301.87 1211814212
-6421.04 1680.41 1211814269
-6406.86 2111.46 1211814333
-5963.66 2128.21 1211814394
-5411.44 2160.59 1211814452
-5027.63 2178.46 1211814517
-4868.08 2189.63 1211814553
-4408.04 2216.43 1211814621
-3627.13 2261.1 1211814676
-3275.23 2325.87 1211814737
-2730.98 2312.47 1211814794
-1969.57 2353.79 1211814855
-1169.15 2458.77 1211814919
-762.299 2509.02 1211814957
-361.649 2568.21 1211815018
234.895 2682.12 1211815086
295.169 2410.75 1211815128
358.99 1986.38 1211815191
408.628 1660.31 1211815252
428.129 1552 1211815309
477.767 1232.64 1211815370
585.907 863.052 1211815431
614.271 539.257 1211815491
638.204 175.283 1211815551
665.682 -137.321 1211815612
702.024 -618.483 1211815673
744.571 -1147.62 1211815735
778.254 -1600.82 1211815794
845.62 -2019.39 1211815855
821.688 -2460.26 1211815915
417.492 -2793.97 1211815976
140.937 -2942.4 1211816036
-110.799 -3182.35 1211816097
-671.887 -3180.12 1211816157
-1152.31 -3185.7 1211816217
-1588.42 -3187.93 1211816277
-2014.77 -3075.21 1211816337
-2360.47 -2632.14 1211816397
-2691.09 -2360.93 1211816457
-2674.25 -2153.33 1211816518
-3102.38 -2090.82 1211816578
-3511.89 -2110.91 1211816639
-3313.34 -1899.96 1211816699
-2921.56 -1876.52 1211816748
-3069.58 -1690.11 1211816804
-3222.93 -1502.59 1211816857
-3222.04 -1515.98 1211816913
-3221.16 -1515.98 1211816973
-3222.04 -1513.75 1211817015
-3482.64 -1694.58 1211817075
-3528.74 -2309.59 1211817136
-3496.83 -2940.17 1211817196
-3497.71 -3951.24 1211817262
-3517.21 -4403.17 1211817288
-3157.34 -5321.45 1211817350
-3185.7 -6825.29 1211817405
-3180.38 -8363.43 1211817461
-2811.64 -9823.23 1211817519
-2433.15 -11281.7 1211817575
-1453.69 -12387.6 1211817627
-491.949 -13561.3 1211817681
343.035 -14802.9 1211817742
1648.69 -14111.9 1211817798
2898.51 -14490.8 1211817858
3243.32 -15969.6 1211817922
4019.8 -16190.2 1211817984
4442.61 -16223.6 1211818038
4456.79 -16210.3 1211818100
4450.59 -16205.8 1211818121
4450.59 -16205.8 1211818122
4509.09 -16145.6 1211818182
4148.33 -16071 1211818250
3247.75 -15737.8 1211818302
2930.42 -14274.6 1211818360
2616.64 -12813.4 1211818415
2710.59 -11309.5 1211818469
3736.15 -10191.2 1211818529
4152.76 -8732.59 1211818585
3890.39 -7267.02 1211818639
3623.58 -5779.99 1211818696
3174.18 -4396.47 1211818756
2711.48 -2960.26 1211818812
3602.31 -1762.67 1211818869
3749.45 -1043.8 1211818929
3585.47 -980.174 1211818989
3585.47 -975.709 1211819049
3582.81 -982.407 1211819109
3488.85 -1150.97 1211819169
2963.22 -1193.39 1211819230
2286.9 -1310.59 1211819290
1782.54 -1322.87 1211819350
1570.69 -1327.34 1211819416
1178.9 -1340.73 1211819472
756.981 -1258.13 1211819533
298.715 -1244.73 1211819594
-266.805 -1277.11 1211819654
-804.846 -1490.31 1211819715
-947.556 -1483.61 1211819775
-1658.44 -1581.84 1211819838
-2066.19 -1452.36 1211819897
-2302.85 -1588.54 1211819972
-2467.72 -1104.08 1211820018
-2642.34 -847.333 1211820051
-2655.64 -645.276 1211820070
-2704.39 23.4452 1211820161
-2705.28 24.5617 1211820222
-2704.39 23.4452 1211820285
-2703.5 22.3288 1211820343
-2704.39 23.4452 1211820361
-2961.44 5.58219 1211820413
-2866.6 -415.304 1211820474
-2925.99 -555.967 1211820533
-2925.99 -555.967 1211820596
-2926.87 -557.084 1211820653
-2926.87 -557.084 1211820673
-2927.76 -555.967 1211820734
-2927.76 -554.851 1211820794
-2926.87 -552.618 1211820854
-2926.87 -553.735 1211820916
-2933.08 -549.269 1211820976
-2933.08 -548.153 1211821036
-2929.53 -552.618 1211821097
-2926.87 -550.386 1211821158
-2927.76 -551.502 1211821219
-2927.76 -552.618 1211821279
-2929.53 -551.502 1211821340
-2925.99 -555.967 1211821400
-2927.76 -554.851 1211821461
-2932.19 -551.502 1211821521
-2929.53 -555.967 1211821582
-2928.65 -557.084 1211821642
-2928.65 -557.084 1211821704
-2928.65 -549.269 1211821765
-2930.42 -553.735 1211821825
-2929.53 -553.735 1211821885
-2922.44 -562.666 1211821947
-2921.56 -559.316 1211822007
-2925.99 -553.735 1211822068
-2932.19 -547.036 1211822130
-2931.31 -550.386 1211822189
-2935.74 -536.989 1211822249
-2928.65 -554.851 1211822310
-2932.19 -545.92 1211822370
-2923.33 -568.247 1211822416
-2935.74 -538.106 1211822476
-2934.85 -529.175 1211822536
-2933.97 -541.455 1211822596
-2934.85 -529.175 1211822657
-2932.19 -536.989 1211822721
-2933.08 -544.804 1211822778
-2933.97 -536.989 1211822841
-2933.08 -550.386 1211822899
-2933.97 -543.687 1211822960
-2932.19 -547.036 1211823020
-2930.42 -550.386 1211823081
-2930.42 -552.618 1211823141
-2933.97 -541.455 1211823202
-2933.97 -545.92 1211823262
-2934.85 -540.338 1211823323
-2934.85 -543.687 1211823384
-2928.65 -545.92 1211823440
-2927.76 -548.153 1211823498
-2929.53 -550.386 1211823553
-2931.31 -559.316 1211823613
-2930.42 -558.2 1211823674
-2930.42 -559.316 1211823696
-2931.31 -554.851 1211823756
-2930.42 -555.967 1211823816
-2930.42 -555.967 1211823876
-2930.42 -557.084 1211823940
-2930.42 -558.2 1211823999
-2926.87 -558.2 1211824058
-2931.31 -553.735 1211824118
-2932.19 -549.269 1211824184
-2931.31 -552.618 1211824239
-2929.53 -553.735 1211824300
-2931.31 -555.967 1211824360
-2930.42 -555.967 1211824421
-2929.53 -554.851 1211824481
-2927.76 -552.618 1211824542
-2927.76 -551.502 1211824602
9831 7910.44 1211824660
6300.49 5571.81 1211824663
4596.84 4442.4 1211824670
2884.33 3305.32 1211824674
1561.83 2428.61 1211824678
-72.6843 1344.3 1211824686
-1429.75 445.471 1211824695
-2681.34 -381.813 1211824725
-2925.99 -547.036 1211824785
-2929.53 -553.735 1211824845
-2926.87 -552.618 1211824906
-2927.76 -553.735 1211824966
-2927.76 -553.735 1211825027
-2929.53 -554.851 1211825087
-2935.74 -550.386 1211825148
-2681.34 -399.675 1211825208
-2691.09 65.8701 1211825270
-2695.53 213.242 1211825292
-2718.57 526.976 1211825357
-2618.41 645.327 1211825413
-2247.01 538.141 1211825473
-2055.55 339.404 1211825533
-1616.78 468.917 1211825593
-1544.99 715.668 1211825653
-1451.03 1027.19 1211825714
-1324.27 1050.64 1211825744
-1104.45 1292.94 1211825803
-420.151 1402.37 1211825866
334.171 1536.36 1211825927
1077.86 1650.26 1211825987
1243.61 2106.99 1211826044
1243.61 2749.13 1211826104
1257.79 2753.6 1211826131
1256.91 2754.72 1211826133
1669.97 2818.38 1211826195
1783.43 2380.59 1211826253
1839.27 2077.96 1211826297
2297.53 1631.28 1211826356
2525.34 1395.67 1211826414
2668.93 1261.67 1211826474
3054.52 1600.01 1211826535
3655.49 663.191 1211826595
3673.22 146.255 1211826658
3710.45 -2.23288 1211826718
3712.22 -1.11644 1211826776
3711.33 2.32831e-09 1211826837
3712.22 -1.11644 1211826897
3713.11 1.11644 1211826958
