2113.16 2925.59 1212165809
2118.48 2905.49 1212165861
2309.94 2898.79 1212165910
2330.33 2772.59 1212166024
2169.89 2924.47 1212166084
1977.55 3180.23 1212166144
1799.38 3261.77 1212166204
1767.47 3509.72 1212166266
1713.4 3838.1 1212166335
1487.37 4243.56 1212166492
1626.53 4221.22 1212166539
2169.89 4464.74 1212166600
2169.89 4481.49 1212166636
2170.78 4480.38 1212166650
2112.28 4355.27 1212166698
1825.97 3945.33 1212166818
1798.49 3904 1212166838
1663.76 3572.27 1212166933
1598.17 3635.93 1212166945
1649.58 3759.91 1212166991
2024.52 3728.64 1212167047
2637.91 3810.17 1212167167
3415.28 3573.38 1212167350
3962.18 3335.48 1212167431
4012.71 3320.96 1212167457
4005.62 3336.6 1212167499
4005.62 3336.6 1212167517
3614.72 2711.16 1212167695
3288.52 2950.16 1212167755
3145.81 2803.86 1212167811
3122.77 2804.97 1212167932
3128.09 2797.16 1212168052
3126.31 2798.27 1212168114
3128.09 2798.27 1212168176
3137.84 2788.22 1212168232
3130.75 2798.27 1212168297
3129.86 2800.51 1212168354
3131.63 2809.44 1212168414
3133.4 2798.27 1212168474
3123.65 2802.74 1212168540
3145.81 2796.04 1212168600
3152.91 2790.45 1212168666
3146.7 2790.45 1212168716
3168.86 2764.77 1212168776
3170.63 2771.47 1212168836
3152.91 2788.22 1212168901
3161.77 2784.87 1212168958
3159.11 2787.1 1212169016
3158.22 2784.87 1212169077
3152.02 2789.34 1212169147
3168.86 2779.29 1212169197
3173.29 2772.59 1212169236
3074.02 2808.32 1212169293
3236.23 3159.01 1212169356
3226.48 3342.18 1212169414
3236.23 3921.87 1212169546
3308.02 3880.54 1212169637
