2999.56 3210.39 1211406365
3191.02 3394.68 1211406422
3235.34 3437.12 1211406548
3226.48 3165.71 1211406606
2529.77 3048.44 1211406792
2400.36 3029.46 1211406852
2176.98 2993.72 1211406912
1999.71 2917.77 1211406972
2025.41 2857.46 1211407032
2026.3 2858.58 1211407035
2039.59 2863.05 1211407063
2293.99 2890.97 1211407126
2293.1 2736.85 1211407184
2433.15 2712.28 1211407245
2710.59 2398.46 1211407305
2535.09 2181.81 1211407371
2741.62 1959.58 1211407426
2738.96 1959.58 1211407429
2778.85 1926.08 1211407468
2372.88 1492.81 1211407588
2176.98 1490.58 1211407647
2338.31 1728.43 1211407708
2250.56 1879.18 1211407736
2254.1 1661.43 1211407827
2574.09 1337.6 1211407888
2952.58 1374.45 1211408031
2564.34 1763.05 1211408096
2482.79 1846.8 1211408115
2681.34 1956.23 1211408178
2755.8 1932.78 1211408238
2751.37 1903.75 1211408302
2753.14 1903.75 1211408361
2754.03 1903.75 1211408422
2761.12 1895.93 1211408487
2754.03 1899.28 1211408542
2761.12 1884.76 1211408602
2570.54 1754.11 1211408661
2360.47 1966.28 1211408717
2011.23 2320.29 1211408777
1510.42 2294.6 1211408898
1648.69 2378.36 1211408959
1538.78 2434.2 1211409022
1520.17 2326.99 1211409080
1602.6 1852.38 1211409214
1622.99 1825.58 1211409220
1668.19 1824.46 1211409238
1743.54 1704.98 1211409294
2030.73 1965.17 1211409354
2365.79 2297.95 1211409416
2653.86 2450.95 1211409474
2665.39 2452.07 1211409494
2556.36 2216.43 1211409555
2087.46 1737.36 1211409617
1632.74 1217.01 1211409746
1652.24 1206.96 1211409778
1652.24 1206.96 1211409780
1690.35 1333.14 1211409840
1894.22 1336.49 1211409910
2085.69 1473.83 1211409975
2453.54 1836.75 1211410034
2671.59 2051.15 1211410081
2954.35 2153.89 1211410145
3236.23 1866.9 1211410200
3369.19 1661.43 1211410265
3378.05 1663.66 1211410304
3370.96 1670.36 1211410369
3378.94 1662.55 1211410425
3376.28 1665.9 1211410466
3377.16 1664.78 1211410526
3378.05 1667.01 1211410581
3398.44 1643.56 1211410645
3384.25 1659.2 1211410703
3374.5 1668.13 1211410761
3374.5 1660.31 1211410821
3374.5 1659.2 1211410887
3372.73 1665.9 1211410941
3376.28 1659.2 1211411003
3380.71 1655.85 1211411063
3381.59 1663.66 1211411133
3377.16 1663.66 1211411184
3378.05 1663.66 1211411219
3377.16 1664.78 1211411279
3557.99 1840.1 1211411349
3561.53 1838.98 1211411409
3554.44 1840.1 1211411459
3554.44 1841.21 1211411519
3561.53 1837.86 1211411579
3566.85 1850.15 1211411635
3281.43 1570.98 1211411693
2534.2 1776.45 1211411810
2150.39 1820 1211411879
1884.47 1767.51 1211411935
1600.83 1956.23 1211411995
1261.34 1940.6 1211412054
1183.34 2406.28 1211412112
993.648 2379.48 1211412172
638.204 2325.87 1211412248
-171.961 2196.33 1211412293
-316.443 2491.15 1211412353
-343.921 2687.71 1211412414
-343.921 2687.71 1211412424
-361.649 2781.52 1211412449
-377.604 2889.85 1211412494
-397.991 2995.95 1211412529
132.073 3202.57 1211412615
331.512 3236.08 1211412676
875.758 3322.08 1211412737
1127.49 3367.87 1211412797
1420 3409.2 1211412855
1857.88 3479.56 1211412920
2021.87 3503.02 1211412975
2078.59 3513.07 1211413005
2213.33 3446.05 1211413058
2253.21 3237.19 1211413123
2284.24 3117.69 1211413185
2572.32 3061.85 1211413239
2594.48 2931.17 1211413304
2612.2 2876.45 1211413359
2752.25 2949.04 1211413405
2754.03 2944.58 1211413412
2647.66 2821.73 1211413472
2491.65 2777.05 1211413528
2459.74 2692.18 1211413587
2406.56 2820.61 1211413647
2412.77 2821.73 1211413712
2468.61 2808.32 1211413768
2699.96 2801.62 1211413828
2942.83 2863.05 1211413900
3311.57 3252.83 1211414015
3321.32 3240.54 1211414074
3433.01 3352.23 1211414134
3378.94 3615.83 1211414196
3464.03 3654.92 1211414242
3608.51 3829.16 1211414293
3756.54 3715.23 1211414347
3616.49 3829.16 1211414408
3308.02 3577.85 1211414473
3244.2 3585.67 1211414528
2849.76 3143.38 1211414588
2778.85 3520.89 1211414657
2231.94 3452.75 1211414714
1488.26 3328.78 1211414769
1052.15 3284.1 1211414829
992.762 3613.59 1211414894
881.962 4156.44 1211414949
448.516 4088.3 1211415010
191.461 4051.44 1211415070
189.688 4052.56 1211415071
243.758 4158.67 1211415131
687.842 4231.28 1211415252
870.439 4260.32 1211415313
1011.38 4281.54 1211415372
1199.29 4214.52 1211415433
2244.35 4145.27 1211415575
2607.77 4208.94 1211415640
2818.73 4246.92 1211415684
3100.61 4092.77 1211415739
3136.06 3860.44 1211415795
3136.95 3768.85 1211415860
3164.43 3744.27 1211415969
2983.6 4156.44 1211416089
2902.06 4369.79 1211416150
2664.5 4460.27 1211416210
2489.88 4516.12 1211416271
2336.54 4580.91 1211416332
2335.65 4590.96 1211416358
2278.03 4940.61 1211416418
2248.78 5109.3 1211416484
2315.26 5238.89 1211416538
2290.44 5384.12 1211416599
2289.56 5384.12 1211416659
2217.76 5394.17 1211416719
2165.46 5384.12 1211416745
2072.39 5274.64 1211416803
2081.25 5219.9 1211416863
2095.44 5114.88 1211416932
2147.73 4806.56 1211416990
2187.62 4548.52 1211417044
2224.85 4349.68 1211417104
2248.78 4189.95 1211417164
2266.51 4080.48 1211417224
2315.26 3793.42 1211417284
2208.01 3558.86 1211417345
2251.44 3245.01 1211417406
2259.42 3182.47 1211417460
2278.92 3056.26 1211417516
2286.9 2981.43 1211417578
2294.88 2943.46 1211417641
2321.47 2806.09 1211417696
2414.54 2753.6 1211417803
2387.95 2785.99 1211417876
2439.36 2823.96 1211417936
2578.52 2847.41 1211417997
2647.66 2853 1211418057
2801.01 2820.61 1211418093
3160 2328.1 1211418218
3347.91 2142.73 1211418274
3347.91 2142.73 1211418294
3584.58 1905.98 1211418349
3596.99 1895.93 1211418409
3569.51 1838.98 1211418468
3430.35 1717.26 1211418530
3081.11 1373.33 1211418599
2914.46 1409.07 1211418658
2525.34 1802.13 1211418718
2149.51 1808.83 1211418769
1872.07 1784.26 1211418832
1553.85 1951.77 1211418891
1363.27 1909.33 1211418961
1306.55 1898.17 1211419016
1254.25 2032.17 1211419078
1184.22 2548.11 1211419132
1067.22 3133.33 1211419200
1016.69 3447.17 1211419258
978.579 3683.96 1211419293
858.916 4048.09 1211419352
853.598 4049.21 1211419379
853.598 4048.09 1211419407
788.891 3959.85 1211419445
1036.2 3960.96 1211419500
1354.41 4010.11 1211419571
2459.74 3796.77 1211419741
2488.11 3635.93 1211419801
2523.56 3213.74 1211419859
2573.2 3081.95 1211419924
2668.93 2829.54 1211420045
2865.71 2615.12 1211420101
3150.25 2360.49 1211420172
3412.62 2090.24 1211420223
3440.1 1569.86 1211420285
3785.79 315.958 1211420340
4083.62 227.757 1211420405
4085.39 232.222 1211420465
4141.23 321.541 1211420511
4166.94 380.714 1211420571
3728.18 817.274 1211420762
3653.72 727.95 1211420821
3040.33 1281.77 1211420881
3405.53 1687.11 1211420936
3573.06 1843.45 1211420968
3871.77 2150.54 1211421031
3879.75 2414.1 1211421088
3564.19 2335.92 1211421150
3236.23 2665.37 1211421204
3006.65 2908.84 1211421263
3178.61 3098.7 1211421329
3171.52 3141.14 1211421356
3192.79 3131.09 1211421418
3388.69 3324.31 1211421512
3436.55 3370.1 1211421523
3527.85 3535.41 1211421575
3565.96 3753.21 1211421695
3378.05 3548.81 1211421756
3160 3367.87 1211421816
3064.27 3345.53 1211421877
2866.6 3318.73 1211421937
2519.13 3045.09 1211422000
2574.09 3017.17 1211422062
2610.43 2857.46 1211422120
2668.05 2838.48 1211422152
2787.71 2702.23 1211422197
2787.71 2702.23 1211422212
2719.46 2409.63 1211422258
2183.19 1841.21 1211422341
2215.99 1703.86 1211422398
2593.59 1323.09 1211422457
2716.8 1202.49 1211422528
2910.03 912.181 1211422647
2898.51 1052.87 1211422649
2698.18 1237.11 1211422714
2990.69 1323.09 1211422774
3599.65 1878.06 1211422906
3799.97 2052.27 1211422952
3689.17 2217.55 1211423019
3689.17 2218.66 1211423042
3057.17 2839.59 1211423155
2852.42 3026.11 1211423214
2654.75 2861.93 1211423274
2414.54 2699.99 1211423329
2356.92 2808.32 1211423350
2179.64 2801.62 1211423416
2205.35 2892.09 1211423476
2229.28 2925.59 1211423502
2229.28 2925.59 1211423504
2311.72 2867.52 1211423567
2311.72 2867.52 1211423585
2315.26 2763.65 1211423647
2495.2 2588.31 1211423705
2785.05 1923.85 1211423825
3035.9 1675.95 1211423886
3364.75 1017.14 1211423945
3829.22 -392.977 1211424011
2799.23 -3195.74 1211424115
3156.45 -4418.79 1211424157
3616.49 -5875.94 1211424209
3883.29 -7367.41 1211424258
