4007.39 -16858.7 1211771655
5154.38 -17789 1211771715
6313.79 -18743.7 1211771762
7676.18 -19302.8 1211771818
9135.18 -19364.1 1211771860
10198 -20439.9 1211771912
11161.5 -21554.6 1211771960
12101.1 -22717.1 1211772010
12998.1 -23920.5 1211772064
13876.5 -25117.1 1211772115
14839.1 -26264.5 1211772162
15867.3 -27399.6 1211772211
16879.6 -28541.2 1211772261
17816.5 -29565.8 1211772321
18031 -29244.3 1211772368
18623.1 -29413.4 1211772428
18850.1 -29168.6 1211772494
18790.7 -29213.1 1211772539
18782.7 -29240.9 1211772551
18070.9 -29273.2 1211772601
16952.3 -28580.1 1211772661
15938.3 -27464.1 1211772709
14907.4 -26321.3 1211772762
13939.4 -25172.7 1211772803
13055.7 -23976.2 1211772848
12163.1 -22767.2 1211772895
11227.1 -21612.5 1211772944
10236.1 -20466.7 1211772995
9197.23 -19371.9 1211773044
7716.95 -19288.3 1211773090
6328.86 -18734.7 1211773146
5201.36 -17804.6 1211773191
4062.35 -16847.6 1211773243
4035.75 -16167.9 1211773312
