2148.62 2866.4 1212245688
2149.51 2868.63 1212245710
2160.14 2877.57 1212245771
2167.23 2869.75 1212245832
2169.01 2865.28 1212245894
2171.67 2845.18 1212245952
2171.67 2845.18 1212245966
2181.42 2845.18 1212246013
2192.94 2830.66 1212246073
2185.85 2856.35 1212246134
2182.3 2865.28 1212246194
2167.23 2905.49 1212246464
2151.28 2945.69 1212246524
2149.51 2943.46 1212246585
2155.71 2930.06 1212246645
2157.48 2940.11 1212246706
2159.26 2945.69 1212246763
2165.46 2951.28 1212246828
2270.94 2946.81 1212246873
2275.37 2946.81 1212246874
2278.92 2946.81 1212246876
1866.75 2835.13 1212246936
1832.18 3138.91 1212246996
1760.38 3534.29 1212247057
1689.47 3959.85 1212247116
1608.81 4459.15 1212247176
1525.48 4996.47 1212247268
1491.8 5194.2 1212247338
1366.82 5304.8 1212247400
1338.46 5298.1 1212247402
1355.3 5101.48 1212247440
1419.12 4694.85 1212247501
1458.12 4462.5 1212247542
1513.08 4120.69 1212247601
1563.6 3786.72 1212247670
1632.74 3442.7 1212247722
2033.39 3488.5 1212247782
2212.44 3480.68 1212247842
2087.46 3414.78 1212247871
1957.16 3288.57 1212247931
2005.91 2885.38 1212247992
2054.66 2865.28 1212248019
2059.09 2851.88 1212248074
2051.12 2869.75 1212248135
2055.55 2863.05 1212248195
2062.64 2851.88 1212248256
2064.41 2845.18 1212248316
2064.41 2854.11 1212248385
2066.19 2846.3 1212248438
2059.98 2858.58 1212248498
2066.19 2846.3 1212248591
2059.98 2856.35 1212248624
2051.12 2871.98 1212248689
2067.96 2856.35 1212248745
2058.21 2860.81 1212248810
2065.3 2849.65 1212248858
2249.67 2878.68 1212248920
2289.56 2883.15 1212248976
2304.63 2898.79 1212249038
2308.17 2899.9 1212249087
2300.19 2902.14 1212249148
2301.97 2898.79 1212249212
2295.76 2901.02 1212249277
2301.08 2890.97 1212249328
2293.1 2889.85 1212249392
2307.28 2886.5 1212249448
2384.4 2710.04 1212249512
2455.31 2836.24 1212249572
2456.2 2908.84 1212249632
2443.79 3040.63 1212249697
2414.54 3202.57 1212249758
2211.55 3215.97 1212249828
2080.37 3370.1 1212249878
2178.76 3532.06 1212249938
2040.48 3637.05 1212249998
1983.75 3996.71 1212250063
1812.68 4139.68 1212250123
1627.42 4344.1 1212250189
1626.53 4374.26 1212250254
1623.87 4377.61 1212250298
1622.99 4376.49 1212250358
1625.65 4376.49 1212250481
1629.19 4374.26 1212250661
1630.08 4374.26 1212250810
1630.08 4376.49 1212250865
1626.53 4375.37 1212250929
1629.19 4375.37 1212250986
1623.87 4376.49 1212251051
1626.53 4373.14 1212251122
1631.85 4375.37 1212251175
1624.76 4376.49 1212251226
1624.76 4376.49 1212251352
1625.65 4375.37 1212251472
1470.53 4168.73 1212251528
1596.4 3475.09 1212251648
1673.51 3449.4 1212251686
1966.91 3491.85 1212251746
2079.48 3504.13 1212251806
2079.48 3513.07 1212251866
2059.98 3574.5 1212251913
2075.05 3532.06 1212251973
2085.69 3484.03 1212252001
2091 3412.55 1212252043
1654.9 3341.06 1212252113
936.033 3239.43 1212252165
-432.56 3004.89 1212252295
-1045.06 2717.86 1212252354
-1014.04 2530.24 1212252407
-1491.8 1669.25 1212252529
-1538.78 1797.66 1212252594
-1547.64 1864.66 1212252642
-1547.64 1883.65 1212252707
-1555.62 1935.02 1212252823
-1417.34 1993.08 1212252883
-1023.79 2058.97 1212252934
-283.646 2172.88 1212252995
706.456 2227.6 1212253180
1068.11 2228.71 1212253237
1211.7 2300.19 1212253290
1138.13 2791.57 1212253366
952.874 3914.05 1212253470
1000.74 4181.01 1212253540
1001.63 4188.83 1212253565
1115.08 3861.55 1212253618
1011.38 3855.97 1212253741
1008.72 3855.97 1212253796
1011.38 3855.97 1212253891
1104.45 3938.62 1212253951
1331.36 4006.76 1212254018
2231.94 4156.44 1212254072
2960.56 4317.29 1212254168
2915.35 4519.47 1212254266
2918.01 4518.36 1212254269
2918.01 4518.36 1212254289
3012.85 4250.27 1212254331
2340.97 4196.65 1212254455
1942.98 4169.84 1212254518
1559.17 3984.42 1212254576
1537.01 3950.91 1212254620
1537.01 3950.91 1212254623
1576.9 3768.85 1212254681
