3450.73 1721.73 1212063634
3446.3 1715.03 1212063692
3598.76 1878.06 1212063753
3669.67 1827.81 1212063813
3886.84 1971.87 1212063874
4212.15 2377.24 1212063934
4235.19 3191.4 1212063995
3604.97 4057.03 1212064055
3202.54 4628.94 1212064116
2710.59 5162.92 1212064176
2286.01 5132.76 1212064237
2092.78 5186.38 1212064269
2514.7 5253.41 1212064329
2702.62 5000.94 1212064380
2659.18 4970.78 1212064446
2659.18 4967.42 1212064462
2949.92 4909.33 1212064512
3228.25 4546.28 1212064573
3543.8 4097.24 1212064633
3655.49 3906.23 1212064698
4230.76 3051.79 1212064753
4094.26 2225.36 1212064813
3875.32 2010.95 1212064873
3427.69 923.346 1212064934
3852.27 -528.058 1212064987
3399.32 -1975.86 1212065038
2851.53 -3366.49 1212065110
3245.09 -4814.9 1212065144
3675.88 -6196.12 1212065188
3948 -7709.84 1212065235
4191.76 -9168.64 1212065280
3449.85 -10533.5 1212065327
2538.63 -11772.2 1212065375
2629.05 -13298.3 1212065428
2923.33 -14785 1212065476
3325.75 -16211.4 1212065528
4344.22 -16201.4 1212065588
4460.34 -16205.8 1212065675
4465.66 -16211.4 1212065729
4458.56 -16210.3 1212065757
4521.5 -15933.9 1212065821
3672.33 -16238.1 1212065881
3066.04 -15060.3 1212065938
2365.79 -14039.5 1212066002
917.418 -14464.1 1212066055
-260.6 -13988.2 1212066115
-1188.65 -12802.2 1212066175
-2061.75 -11591.6 1212066236
-2650.32 -10220.2 1212066289
-3174.18 -8812.89 1212066342
-3066.04 -7311.64 1212066392
-3133.4 -5794.5 1212066447
-3245.98 -4877.38 1212066490
-3477.33 -4050.55 1212066548
-3462.26 -3258.24 1212066608
-3502.14 -2559.59 1212066656
-3615.6 -2326.33 1212066716
-3708.67 -2399.99 1212066777
-3711.33 -2399.99 1212066837
-3711.33 -2399.99 1212066897
-3712.22 -2398.87 1212066957
-3712.22 -2398.87 1212066977
-3510.12 -2679.01 1212067037
-3473.78 -3382.11 1212067097
-3506.58 -4167.72 1212067157
-3279.66 -4823.83 1212067222
-3196.34 -6261.94 1212067277
-3081.99 -7752.23 1212067327
-3158.22 -9233.32 1212067378
-2669.82 -10676.2 1212067427
-1802.93 -11892.6 1212067475
-869.553 -13097.6 1212067528
-84.2075 -14339.3 1212067571
1179.79 -14367.1 1212067631
4483.38 -16191.3 1212067850
4543.66 -16120 1212067910
4266.22 -15946.2 1212067975
3826.56 -16198 1212068173
3107.7 -15214.1 1212068229
2372.88 -14036.1 1212068295
959.965 -14445.1 1212068346
-354.558 -13748.6 1212068406
-1323.39 -12581.5 1212068449
-2254.99 -11409.9 1212068499
-2719.46 -9941.43 1212068549
-3161.77 -8499.5 1212068598
-3157.34 -6815.25 1212068651
-3145.81 -5277.94 1212068704
-3253.95 -4812.67 1212068764
-3487.08 -4317.25 1212068824
-3448.96 -3430.1 1212068884
-3479.98 -2908.92 1212068944
-3521.65 -2160.02 1212069004
-3558.87 -1428.92 1212069064
-3604.97 -600.622 1212069129
