3061.61 4289.36 1211469763
3132.52 3933.04 1211469831
3222.93 3918.52 1211469893
3214.95 3806.82 1211469958
2970.31 4212.29 1211470075
2573.2 4223.46 1211470196
2494.31 4513.89 1211470254
2481.9 4570.86 1211470315
1985.52 4890.34 1211470496
2014.77 4695.97 1211470558
2054.66 4453.57 1211470618
1776.33 4306.12 1211470701
1806.47 4139.68 1211470737
1859.66 3809.06 1211470792
1904.86 3542.11 1211470853
1963.36 3147.84 1211470913
2199.14 3104.29 1211470973
2375.54 3135.56 1211470995
2574.98 3075.25 1211471055
2673.37 2933.41 1211471114
2754.03 2966.91 1211471170
2753.14 2970.26 1211471185
2896.74 3102.05 1211471247
2987.15 3175.77 1211471300
2780.62 2706.69 1211471423
1654.9 1594.43 1211471608
1563.6 1500.63 1211471670
1462.55 1764.16 1211471782
1425.32 1894.81 1211471820
1416.46 1952.88 1211471826
1367.71 2295.72 1211471881
1334.91 2502.32 1211471945
1274.64 2861.93 1211471993
1229.43 3143.38 1211472053
1231.2 3153.43 1211472087
1228.54 3159.01 1211472103
1176.25 3488.5 1211472163
1094.7 3953.15 1211472229
1153.2 4303.88 1211472296
1498.01 4364.2 1211472344
1915.5 4427.87 1211472404
2216.87 4477.02 1211472465
2217.76 4473.67 1211472490
2438.47 4512.77 1211472545
2579.41 4537.35 1211472601
2337.42 4570.86 1211472661
2292.22 4874.7 1211472722
2132.67 4923.86 1211472767
2131.78 4911.57 1211472836
2204.46 4793.16 1211472896
2202.69 4794.27 1211472898
2115.82 5099.24 1211472958
2717.69 5138.34 1211473019
2811.64 5047.86 1211473082
2985.38 4831.14 1211473140
3084.65 4613.31 1211473208
3081.99 4618.89 1211473215
3081.99 4615.54 1211473256
3082.88 4612.19 1211473258
3161.77 4334.04 1211473387
2597.14 4223.46 1211473509
2394.15 4375.37 1211473541
2637.02 4434.58 1211473605
2928.65 4375.37 1211473671
3144.04 3840.33 1211473781
3284.09 3590.14 1211473889
3021.72 3343.3 1211473949
2956.13 3337.71 1211474039
2574.98 3371.22 1211474165
