2320.58 3437.12 1213013169
1766.58 3448.29 1213013229
1703.65 3859.32 1213013293
1517.51 4107.29 1213013349
1607.92 4379.84 1213013405
1898.66 4533.99 1213013490
1884.47 4636.76 1213013537
2009.46 4657.99 1213013579
1989.07 3905.12 1213013697
1885.36 3613.59 1213013757
1935.89 3335.48 1213013819
1946.52 3299.74 1213013833
1964.25 3192.52 1213013854
2007.68 2877.57 1213013914
2108.73 3221.56 1213013974
2075.05 3399.14 1213014011
1221.45 3276.29 1213014098
1210.81 3303.09 1213014125
1149.65 3608.01 1213014251
1139.9 3661.62 1213014285
1018.47 3860.44 1213014347
1037.97 3962.08 1213014459
1149.65 3585.67 1213014514
1329.59 3609.12 1213014552
1392.53 3975.49 1213014610
2379.97 4175.43 1213014670
3042.11 4282.66 1213014731
3089.08 4198.88 1213014792
3173.29 3672.79 1213014854
3173.29 3672.79 1213014856
3077.56 3637.05 1213014916
3023.49 3774.43 1213014945
2985.38 4147.5 1213015006
2966.76 4261.44 1213015035
2401.24 4365.32 1213015120
2106.07 4464.74 1213015162
2247.01 4484.84 1213015223
2358.7 4393.25 1213015286
2548.38 4231.28 1213015344
2640.57 4138.57 1213015404
2902.94 3734.22 1213015465
2947.26 3540.99 1213015503
2947.26 3540.99 1213015504
3057.17 3666.09 1213015570
3043.88 3831.4 1213015625
2966.76 4260.32 1213015696
2513.81 4267.02 1213015746
2339.19 4589.85 1213015807
2319.69 4717.19 1213015852
2272.72 4918.27 1213015917
1963.36 4870.24 1213015949
1858.77 4851.24 1213016011
1860.54 4853.48 1213016071
1857.88 4849.01 1213016095
2135.32 4586.5 1213016155
2354.26 4395.48 1213016186
2421.63 4035.8 1213016247
2473.93 3660.5 1213016307
2552.82 3231.61 1213016367
3035.01 2475.52 1213016427
3190.13 2312.47 1213016491
2712.37 438.772 1213016610
2855.08 -1098.5 1213016673
2462.4 -2530.57 1213016723
3009.31 -3949.01 1213016762
3514.55 -5364.96 1213016814
3790.22 -6874.37 1213016870
3956.86 -9831.04 1213016970
2815.19 -13967 1213017118
3107.7 -15439.2 1213017165
4433.74 -16214.7 1213017286
4440.84 -16223.6 1213017305
4438.18 -16225.9 1213017369
4487.82 -16194.7 1213017389
4495.79 -16186.9 1213017394
3266.36 -15809.1 1213017510
2610.43 -11545.9 1213017656
4202.4 -9071.62 1213017752
4064.12 -8236.29 1213017778
3801.75 -6750.55 1213017825
3505.69 -5269.01 1213017873
3106.81 -4173.3 1213017922
2747.82 -2828.57 1213017979
2747.82 -2828.57 1213018002
3656.38 -1629.84 1213018022
3386.03 1269.49 1213018125
3323.09 1778.68 1213018181
3359.43 1634.63 1213018252
3352.34 1637.98 1213018289
3356.78 1637.98 1213018346
3358.55 1636.86 1213018404
3357.66 1637.98 1213018465
3360.32 1640.21 1213018527
3401.98 1686 1213018612
3574.83 2311.35 1213018739
3391.35 2512.37 1213018776
2968.53 2943.46 1213018822
2759.35 3364.52 1213018883
2656.52 3522 1213018942
2075.94 3421.48 1213019004
2090.12 3517.54 1213019064
2207.12 3537.64 1213019124
2215.99 3537.64 1213019185
2217.76 3535.41 1213019245
2215.99 3534.29 1213019308
2215.99 3534.29 1213019366
2212.44 3539.87 1213019428
2213.33 3539.87 1213019459
2215.99 3546.58 1213019485
2213.33 3546.58 1213019505
2366.67 3428.18 1213019570
2406.56 3209.27 1213019631
2629.93 2847.41 1213019690
2730.98 2788.22 1213019738
2731.87 2789.34 1213019755
2894.96 2973.61 1213019860
2596.25 3064.08 1213019923
2162.8 2991.48 1213019965
1756.83 2920.01 1213020026
1389.87 3059.61 1213020086
1339.34 3370.1 1213020157
1297.68 3603.54 1213020206
1222.34 4073.78 1213020257
1373.91 4035.8 1213020317
2239.03 4154.2 1213020379
2510.27 4206.7 1213020437
2769.1 4042.5 1213020503
2890.53 3764.38 1213020558
2894.96 3635.93 1213020623
2665.39 3613.59 1213020692
2523.56 3591.25 1213020740
2282.47 3586.79 1213020799
2074.16 3517.54 1213020860
1608.81 3439.35 1213020921
1340.23 3402.49 1213020956
803.073 3337.71 1213021009
463.584 3261.77 1213021069
33.683 3069.66 1213021134
95.7306 2692.18 1213021193
309.352 2483.34 1213021256
308.465 2558.16 1213021284
317.329 2562.63 1213021344
319.102 2557.04 1213021404
316.443 2559.28 1213021477
311.124 2552.58 1213021534
335.943 2573.79 1213021645
319.102 2558.16 1213021700
323.534 2552.58 1213021752
258.827 2649.74 1213021813
354.558 2808.32 1213021873
595.657 2851.88 1213021945
595.657 2848.53 1213021999
944.896 2903.25 1213022105
1086.72 3039.51 1213022167
1091.15 3029.46 1213022247
872.212 3003.77 1213022338
881.076 2991.48 1213022416
881.962 2999.3 1213022467
1063.67 2920.01 1213022518
1168.27 2945.69 1213022580
1512.19 2990.37 1213022640
2109.62 3089.77 1213022706
2200.92 3109.87 1213022769
2542.18 3154.55 1213022830
2741.62 3223.79 1213022885
2955.24 3209.27 1213022942
3105.04 3058.5 1213023007
3247.75 2938.99 1213023066
3062.49 2707.81 1213023121
3052.74 2697.76 1213023143
3046.54 2689.94 1213023146
2943.72 2590.55 1213023205
2996.01 2513.49 1213023271
3067.81 2458.77 1213023325
3234.45 2621.82 1213023360
3050.97 2858.58 1213023421
2927.76 2973.61 1213023486
2877.24 2840.71 1213023541
2834.69 2928.94 1213023602
2831.14 2931.17 1213023661
2839.12 2930.06 1213023721
2839.12 2931.17 1213023781
2832.92 2926.71 1213023841
2849.76 2934.53 1213023902
2840.89 2930.06 1213023967
2833.8 2932.29 1213024022
2840.89 2925.59 1213024142
2863.05 2942.34 1213024202
2653.86 2874.22 1213024292
2529.77 2754.72 1213024321
2525.34 2752.48 1213024344
2398.58 2777.05 1213024382
2211.55 2849.65 1213024453
2152.17 3006 1213024493
2083.03 3322.08 1213024558
2013 3772.2 1213024623
1892.45 4554.1 1213024736
1860.54 4754.06 1213024780
1860.54 4754.06 1213024782
1666.42 5048.97 1213024914
1674.4 5050.09 1213024925
1673.51 5051.21 1213024965
1616.78 5050.09 1213024997
2080.37 4281.54 1213025155
2009.46 4021.28 1213025213
1849.02 3835.86 1213025282
1941.2 3513.07 1213025333
1933.23 3390.21 1213025398
1981.09 3089.77 1213025453
2017.43 2840.71 1213025513
2619.3 2484.45 1213025698
2619.3 2497.85 1213025758
2486.34 2628.52 1213025823
2403.9 2732.38 1213025878
2403.9 2731.26 1213025901
2044.91 2763.65 1213026012
1609.69 2688.82 1213026072
1564.49 2855.23 1213026133
1394.3 3088.65 1213026194
1335.8 3383.51 1213026261
1303 3586.79 1213026326
1279.07 3758.79 1213026369
1278.18 3763.26 1213026377
1238.29 3965.43 1213026434
1173.59 4388.78 1213026538
1334.02 4303.88 1213026597
1515.73 4055.91 1213026662
1576.01 3675.02 1213026719
1619.44 3486.26 1213026781
1626.53 3395.79 1213026839
1628.31 3266.23 1213026898
1641.6 3249.48 1213026924
2229.28 3315.38 1213027008
2287.78 3062.96 1213027069
2286.01 3002.65 1213027086
2286.01 3002.65 1213027102
2181.42 2999.3 1213027195
2176.98 3001.54 1213027245
2077.71 2972.5 1213027301
2321.47 2914.42 1213027361
2541.29 2951.28 1213027415
2616.64 2865.28 1213027545
2611.32 2828.43 1213027607
3050.08 2464.35 1213027704
3214.07 2301.3 1213027757
3350.57 2159.48 1213027828
3562.42 1948.42 1213027893
3597.88 1918.27 1213027908
3796.43 2071.25 1213027960
3888.61 2406.28 1213028025
3745.02 2548.11 1213028084
3696.26 2608.42 1213028128
3525.19 2770.35 1213028178
3351.46 2908.84 1213028245
3294.73 3008.24 1213028302
3293.84 3346.65 1213028427
3372.73 3401.38 1213028485
3221.16 3440.47 1213028549
3128.97 3820.23 1213028578
3128.97 3820.23 1213028587
2896.74 3814.64 1213028639
2753.14 3706.3 1213028700
2348.95 3672.79 1213028760
1918.16 3499.67 1213028822
1782.54 3477.33 1213028843
1322.5 3404.73 1213028952
1247.16 3371.22 1213028975
1622.1 3443.82 1213029035
1919.04 3489.61 1213029064
2172.55 3525.35 1213029120
2564.34 3593.49 1213029193
2878.12 3621.41 1213029241
3138.72 3629.23 1213029307
3446.3 3657.15 1213029361
3479.1 3049.56 1213029564
3136.06 2784.87 1213029617
2942.83 2565.98 1213029673
3073.13 2428.61 1213029733
2684.89 1761.93 1213029797
2706.16 550.423 1213029853
2861.28 -418.654 1213029919
2582.95 -1897.73 1213029962
-638.204 -3495.94 1213030142
-1139.02 -4644.18 1213030193
-1231.2 -4948.79 1213030205
-1348.21 -5086.03 1213030212
-2270.06 -5527.85 1213030254
-2852.42 -5667.31 1213030279
-3120.99 -6118.03 1213030339
-3127.2 -6850.95 1213030404
-3152.91 -7619.5 1213030459
-3571.28 -7619.5 1213030519
