1479.39 1706.1 1211948636
1370.37 2199.68 1211948761
1282.61 2759.18 1211948822
1217.91 3181.35 1211948889
923.623 3218.21 1211948937
895.258 3172.42 1211948965
1047.72 3129.97 1211949013
1255.13 3165.71 1211949072
1376.57 3090.88 1211949141
1343.77 3071.9 1211949191
1342 3071.9 1211949252
1342 3078.6 1211949313
1342 3068.55 1211949372
1341.11 3068.55 1211949432
1341.11 3073.01 1211949492
1344.66 3071.9 1211949553
1340.23 3074.13 1211949614
1339.34 3088.65 1211949674
1342 3085.3 1211949745
1344.66 3084.18 1211949805
1340.23 3076.37 1211949856
1341.11 3068.55 1211949900
1341.11 3067.43 1211949954
1341.11 3073.01 1211950023
1342 3068.55 1211950079
1345.55 3067.43 1211950136
1346.43 3059.61 1211950190
1339.34 3073.01 1211950250
1340.23 3077.48 1211950279
1337.57 3085.3 1211950338
1335.8 3094.23 1211950399
1328.71 3106.52 1211950464
1339.34 3078.6 1211950520
1342 3071.9 1211950580
1342.89 3069.66 1211950640
1347.32 3051.79 1211950766
1345.55 3065.2 1211950821
1345.55 3065.2 1211950882
1345.55 3064.08 1211950953
1341.11 3075.25 1211951011
1336.68 3093.12 1211951066
1340.23 3080.83 1211951140
1340.23 3080.83 1211951182
1342 3074.13 1211951254
1342 3075.25 1211951304
1342.89 3071.9 1211951362
1342.89 3070.78 1211951423
1335.8 3080.83 1211951484
1225.88 3046.21 1211951543
1274.64 2775.94 1211951603
1440.39 2564.86 1211951672
1575.12 2580.5 1211951690
1768.36 2515.72 1211951751
1816.22 2197.45 1211951811
2273.6 1653.61 1211951877
2408.33 1483.88 1211951932
2416.31 1472.71 1211952084
2649.43 1276.19 1211952147
3374.5 1665.9 1211952321
3368.3 1678.18 1211952383
3774.27 2057.85 1211952448
3798.2 2085.77 1211952504
3307.14 2587.2 1211952558
2880.78 3013.82 1211952620
2845.33 3104.29 1211952682
2444.68 3050.68 1211952744
2305.51 3024.99 1211952780
