2730.98 2804.97 1211729719
2723 2802.74 1211729791
2715.91 2808.32 1211729875
2721.23 2800.51 1211729935
2723.89 2802.74 1211730004
2716.8 2809.44 1211730056
2716.8 2803.86 1211730131
2722.12 2802.74 1211730177
2731.87 2798.27 1211730237
2726.55 2800.51 1211730298
2733.64 2791.57 1211730358
2731.87 2792.69 1211730424
2720.34 2804.97 1211730483
2720.34 2810.56 1211730536
2734.53 2801.62 1211730600
2734.53 2793.81 1211730656
2717.69 2808.32 1211730718
2713.25 2807.21 1211730778
2712.37 2816.14 1211730851
2725.66 2809.44 1211730900
2704.39 2819.49 1211730973
2733.64 2801.62 1211731024
2736.3 2797.16 1211731126
2726.55 2802.74 1211731186
2709.71 2808.32 1211731246
2716.8 2816.14 1211731301
2738.07 2799.39 1211731423
2726.55 2810.56 1211731483
2720.34 2804.97 1211731547
2676.91 2783.75 1211731603
2638.8 2760.3 1211731665
2689.32 2784.87 1211731701
2694.64 2791.57 1211731761
2691.98 2787.1 1211731821
2689.32 2791.57 1211731881
2689.32 2790.45 1211731941
2681.34 2783.75 1211732001
2698.18 2771.47 1211732061
2723 2790.45 1211732080
3179.5 2227.6 1211732145
2648.55 1147.78 1211732200
2822.28 -3384.34 1211732361
3238.89 -4822.71 1211732409
3676.76 -6249.67 1211732459
3937.36 -7719.88 1211732513
3727.29 -10168.9 1211732595
3930.27 -16203.6 1211732886
4558.73 -16014.2 1211732940
4359.29 -15857.1 1211732991
4359.29 -15857.1 1211732999
4358.4 -15855.9 1211733064
4351.31 -15861.5 1211733119
4151.87 -16073.2 1211733187
3672.33 -16240.4 1211733211
3554.44 -16269.3 1211733212
3298.27 -15918.3 1211733234
3183.04 -15486 1211733252
2768.21 -14045 1211733305
1285.27 -14273.5 1211733362
-141.823 -14222.2 1211733428
-990.989 -12972.8 1211733479
-1883.59 -11770 1211733536
-2642.34 -10494.5 1211733583
-3174.18 -9106.19 1211733635
-3070.47 -7612.8 1211733682
-3160.88 -6090.14 1211733733
-3239.77 -4903.05 1211733803
-3482.64 -4209.01 1211733853
-3456.05 -3364.25 1211733913
-3499.49 -2580.8 1211733973
-3541.15 -1711.32 1211734033
-3561.53 -1407.71 1211734093
-3632.44 -171.93 1211734214
-3674.1 394.112 1211734264
-3854.93 1186.86 1211734379
-4050.82 1315.27 1211734431
-4327.38 1918.27 1211734481
-4275.97 2222.01 1211734550
-3689.17 2258.87 1211734640
-3261.93 2277.85 1211734710
-2826.71 2305.77 1211734776
-2422.52 2332.57 1211734850
-1444.82 2419.68 1211734896
-380.263 2465.47 1211734965
6.20476 2650.85 1211735025
629.34 2760.3 1211735077
1100.02 2740.2 1211735137
1090.27 3066.31 1211735203
1349.98 3188.05 1211735258
1934.11 3284.1 1211735318
2486.34 3373.45 1211735378
2803.67 3430.42 1211735438
2904.71 3533.17 1211735498
2885.21 3638.16 1211735661
2983.6 3682.84 1211735720
3059.83 3861.55 1211735780
3164.43 3661.62 1211735840
2964.1 3628.11 1211735904
2721.23 3633.7 1211735971
2473.04 3513.07 1211736026
2368.45 3551.04 1211736053
2203.58 3564.45 1211736114
2198.26 3568.91 1211736175
2217.76 3539.87 1211736235
2215.1 3546.58 1211736296
2208.01 3547.69 1211736356
2210.67 3539.87 1211736417
2197.37 3575.62 1211736477
2187.62 3576.73 1211736538
2195.6 3553.28 1211736603
2145.07 3701.83 1211736652
2200.03 3544.34 1211736711
2196.49 3564.45 1211736772
2192.94 3586.79 1211736834
2214.21 3558.86 1211736893
2199.14 3589.02 1211736953
2203.58 3589.02 1211736981
2206.24 3499.67 1211737048
2673.37 3309.79 1211737102
2945.49 3405.84 1211737162
3390.46 3269.58 1211737255
3794.65 2856.35 1211737320
9620.93 6843.28 1211737601
10413.4 7016.47 1211737622
11883 7044.41 1211737684
11647.2 5711.46 1211737734
12585.9 4685.92 1211737794
14020.1 4383.19 1211737843
16690.8 3013.82 1211737943
17655.2 1873.6 1211737997
20598 -1312.83 1211738144
21439.2 -2531.69 1211738197
19672.6 -5228.84 1211738463
20200.9 -5258.97 1211738528
20745.2 -4484.62 1211738593
21648.4 -3325.19 1211738704
19998.8 -416.421 1211738888
19153.2 922.23 1211739054
19149.7 923.346 1211739119
19151.4 928.929 1211739174
19150.6 941.212 1211739244
18941.4 1214.77 1211739298
17633 1935.02 1211739361
12589.5 4727.25 1211739570
12148 6909.2 1211739688
10824.6 7257.83 1211739748
10025.1 6970.66 1211739808
8586.5 6677.91 1211739871
7182.45 6188.52 1211739923
5010.79 4119.58 1211740043
4136.8 3090.88 1211740110
3568.62 3062.96 1211740164
3521.65 3179.12 1211740225
3154.68 2809.44 1211740285
3112.13 2804.97 1211740346
3103.27 2810.56 1211740407
