866.894 1639.1 1212162244
839.416 1803.25 1212162293
774.709 2208.61 1212162357
659.477 2909.96 1212162546
629.34 3031.69 1212162603
780.027 3115.46 1212162683
772.936 3123.27 1212162761
752.549 3265.12 1212162772
481.312 3861.55 1212162902
507.018 3870.49 1212162934
1014.04 3958.73 1212162994
1137.24 3981.07 1212163059
1235.63 3955.38 1212163110
1406.71 3717.47 1212163177
1537.01 3730.87 1212163236
2013 3812.41 1212163307
2279.81 3863.79 1212163358
2323.24 3780.02 1212163416
2453.54 3788.95 1212163481
2720.34 3831.4 1212163532
2907.37 3753.21 1212163596
2789.48 3659.39 1212163639
2789.48 3658.27 1212163641
2713.25 3625.88 1212163758
2661.84 3618.06 1212163776
2637.91 3608.01 1212163796
2301.08 3558.86 1212163860
2004.14 3511.95 1212163927
1681.49 3562.21 1212163976
1491.8 4288.25 1212164096
1298.57 4335.16 1212164169
1136.36 4612.19 1212164220
992.762 4710.49 1212164278
804.846 4684.8 1212164338
486.631 4633.41 1212164380
1091.15 4832.25 1212164534
1131.04 4604.37 1212164575
1180.68 4319.52 1212164641
1480.28 4255.85 1212164701
1538.78 3967.67 1212164756
1485.6 3616.94 1212164817
1632.74 3351.12 1212164881
1941.2 3277.4 1212164936
2271.83 3242.78 1212164997
2283.35 3007.12 1212165059
2276.26 2993.72 1212165082
2283.35 2921.12 1212165141
2169.89 2800.51 1212165218
2169.01 2907.72 1212165261
2075.05 2981.43 1212165321
2118.48 2882.03 1212165447
