11170.3 7182.97 1212319602
12611.6 7524.9 1212319659
15511 6932.67 1212319774
16723.6 5532.7 1212319891
16723.6 5527.12 1212319952
17832.5 5694.7 1212320074
18250 5806.42 1212320132
18655.9 6037.69 1212320201
18819 6302.49 1212320254
18865.1 6347.18 1212320325
18843.9 6303.6 1212320327
18655.9 6274.55 1212320362
18289.9 5833.23 1212320422
16594.2 5437.74 1212320664
15608.5 5571.81 1212320785
15304.5 5689.11 1212320845
14796.6 5781.84 1212320907
14430.5 5863.4 1212320967
13497.1 6182.94 1212321028
12609 6562.82 1212321088
12243.8 6854.45 1212321149
11009.9 7263.42 1212321209
10275.1 7080.16 1212321280
8856.85 6737.13 1212321324
7425.33 6290.2 1212321378
6121.44 5398.64 1212321440
5141.09 4269.26 1212321488
4152.76 3108.75 1212321541
3686.51 3127.74 1212321601
3848.72 2982.55 1212321662
3602.31 2712.28 1212321723
3782.25 2344.86 1212321784
3635.99 2281.2 1212321849
3608.51 2272.27 1212321945
3653.72 2285.67 1212322079
3435.66 2455.42 1212322139
3009.31 2885.38 1212322199
2929.53 2970.26 1212322259
2856.85 3062.96 1212322374
2652.98 2877.57 1212322435
2406.56 2727.91 1212322495
2419.86 2733.5 1212322556
2403.9 2783.75 1212322616
2178.76 2792.69 1212322677
2028.07 2760.3 1212322737
1981.98 2750.25 1212322798
1857.88 2753.6 1212322858
1912.84 2849.65 1212322924
2012.12 2859.7 1212322952
2313.49 2892.09 1212323013
2404.79 2754.72 1212323083
2575.86 2848.53 1212323138
2987.15 2923.36 1212323199
2933.08 2989.25 1212323259
2931.31 2989.25 1212323314
2932.19 2990.37 1212323374
2933.08 2990.37 1212323434
2936.62 2991.48 1212323494
2936.62 2990.37 1212323559
2938.4 2988.13 1212323614
2937.51 2985.9 1212323674
2930.42 2984.78 1212323733
3020.83 2952.39 1212323793
2858.62 2639.69 1212323849
3183.93 2316.94 1212323909
2788.6 1843.45 1212323969
2702.62 355.035 1212324026
2841.78 -1154.32 1212324079
2489.88 -2619.86 1212324130
3036.79 -4041.63 1212324177
3547.35 -5501.08 1212324232
3810.61 -6981.46 1212324275
4077.41 -8471.62 1212324327
2803.67 -13874.5 1212324536
3081.11 -15340 1212324566
4559.61 -16035.3 1212324687
4366.38 -15854.8 1212324747
4367.27 -15857.1 1212324769
4354.86 -15866 1212324838
4282.17 -15907.2 1212324876
3308.91 -15944 1212324943
2949.92 -14499.7 1212324998
2631.71 -13033 1212325052
4189.1 -8979.06 1212325204
3933.82 -7506.84 1212325255
3664.35 -6006.47 1212325305
3205.2 -4551.57 1212325357
2718.57 -3002.67 1212325417
3608.51 -1710.2 1212325467
3854.04 -226.634 1212325516
3394.89 1193.56 1212325563
2681.34 2033.29 1212325623
2407.45 2294.6 1212325683
2200.03 2569.33 1212325744
1204.61 2420.8 1212325803
213.621 2257.75 1212325863
-305.806 2070.14 1212325923
-312.011 2066.79 1212325959
273.009 2158.36 1212326025
499.04 2055.62 1212326089
545.133 1682.65 1212326139
570.838 1579.91 1212326199
939.578 1613.41 1212326260
1107.11 1267.26 1212326325
2488.11 961.31 1212326380
2723.89 -228.867 1212326440
2684.89 -1729.18 1212326489
3214.95 -4705.55 1212326587
3665.24 -6152.61 1212326634
3931.16 -7636.23 1212326672
4185.55 -9157.49 1212326723
3298.27 -16117.8 1212326964
4261.78 -16170.2 1212327025
4476.29 -16198 1212327082
4481.61 -16202.5 1212327164
4481.61 -16203.6 1212327179
4533.02 -15945.1 1212327238
3851.38 -16198 1212327294
3264.59 -15786.9 1212327480
2617.52 -12878 1212327571
2675.14 -11385.3 1212327626
4159.85 -8805.08 1212327707
3890.39 -7292.68 1212327751
3623.58 -5819.04 1212327794
3151.13 -4362.99 1212327850
2631.71 -2916.73 1212327890
2781.51 -1427.8 1212327935
2164.58 1045.05 1212328046
1435.96 1125.45 1212328088
1011.38 1072.97 1212328121
1006.94 1069.62 1212328151
1031.76 352.802 1212328271
992.762 157.419 1212328331
927.169 148.488 1212328391
909.441 141.789 1212328461
916.532 141.789 1212328511
915.645 142.905 1212328571
915.645 141.789 1212328636
914.759 140.672 1212328673
1051.26 161.885 1212328729
1152.31 888.733 1212328791
1396.07 1074.08 1212328861
1706.31 1046.17 1212328912
2694.64 343.87 1212328974
2835.58 -1181.11 1212329033
2492.54 -2646.65 1212329076
3030.58 -4039.39 1212329124
3541.15 -5464.26 1212329178
3801.75 -6948 1212329218
4062.35 -8418.08 1212329267
2571.43 -12528 1212329403
2824.05 -14020.5 1212329449
3128.09 -15511.6 1212329505
3524.3 -16316.1 1212329536
4518.84 -16114.5 1212329597
4439.95 -15872.7 1212329661
4392.97 -15859.3 1212329688
4339.79 -15868.2 1212329724
4326.49 -15871.5 1212329785
4242.28 -15951.8 1212329853
4230.76 -15969.6 1212329855
3367.41 -16127.8 1212329915
2964.1 -14679.2 1212329967
2643.23 -13213.6 1212330007
2561.68 -11725.4 1212330053
3941.8 -9747.4 1212330145
3502.14 -8518.46 1212330205
2860.39 -7789.04 1212330266
2430.49 -6488.4 1212330326
2086.57 -6023.2 1212330392
1395.18 -5791.15 1212330447
1317.18 -5996.43 1212330509
1231.2 -6299.87 1212330569
1018.47 -6218.43 1212330630
1360.62 -5786.69 1212330691
1974 -5999.77 1212330752
1906.63 -5961.84 1212330812
1401.39 -5804.54 1212330873
1399.62 -5803.42 1212330943
1404.05 -5811.23 1212331053
1403.16 -5810.12 1212331114
1888.02 -5971.88 1212331174
2519.13 -6192.77 1212331234
2519.13 -6192.77 1212331294
2520.02 -6193.89 1212331354
2680.46 -5833.55 1212331415
2929.53 -5368.31 1212331480
3253.95 -5038.05 1212331536
3050.97 -3999.22 1212331587
2808.1 -3233.68 1212331652
3514.55 -1849.73 1212331679
3857.59 -392.977 1212331737
3410.85 1049.52 1212331804
2877.24 1842.33 1212331855
2689.32 2024.35 1212331915
2236.37 2478.87 1212332035
2203.58 2823.96 1212332095
2109.62 2827.31 1212332133
2095.44 2867.52 1212332193
2098.1 2866.4 1212332258
2095.44 2876.45 1212332313
2091 2876.45 1212332374
2094.55 2914.42 1212332440
2091.89 2906.6 1212332495
2091 2887.62 1212332555
2095.44 2902.14 1212332622
2089.23 2820.61 1212332676
2087.46 2825.08 1212332797
2095.44 2883.15 1212332865
2091.89 2847.41 1212332926
2092.78 2865.28 1212332956
2156.6 2903.25 1212333022
2147.73 2895.44 1212333079
2152.17 2885.38 1212333146
2135.32 2946.81 1212333198
1805.59 2925.59 1212333241
1429.75 2867.52 1212333300
1108.88 2922.24 1212333362
1013.15 3529.82 1212333430
1063.67 3964.32 1212333482
1274.64 3718.58 1212333543
1325.16 3411.43 1212333608
1634.51 3442.7 1212333664
2019.21 3504.13 1212333723
2196.49 3599.07 1212333783
2031.62 3666.09 1212333843
1851.68 3855.97 1212333908
1905.75 3506.37 1212333963
2153.05 3529.82 1212334024
2293.1 3546.58 1212334081
2301.08 3522 1212334142
2301.08 3518.65 1212334206
2300.19 3526.47 1212334262
2299.31 3533.17 1212334328
2298.42 3530.94 1212334383
2302.85 3519.77 1212334445
2301.08 3528.71 1212334509
2308.17 3508.6 1212334553
2310.83 3517.54 1212334613
2307.28 3518.65 1212334674
2308.17 3518.65 1212334741
2308.17 3519.77 1212334804
2309.94 3519.77 1212334830
2306.4 3536.52 1212334881
2309.94 3527.59 1212334944
2309.06 3528.71 1212335002
2307.28 3533.17 1212335063
2302.85 3532.06 1212335123
2310.83 3522 1212335183
2312.6 3513.07 1212335243
2312.6 3519.77 1212335312
2317.04 3509.72 1212335372
2310.83 3554.39 1212335391
2307.28 3518.65 1212335452
2314.38 3530.94 1212335513
2313.49 3519.77 1212335573
2309.94 3529.82 1212335633
2309.94 3527.59 1212335694
2313.49 3520.89 1212335754
