3433.89 1688.23 1211286057
3708.67 1990.85 1211286123
3987 2306.89 1211286177
3745.9 2559.28 1211286238
3477.33 2817.26 1211286300
3257.5 2917.77 1211286359
2864.83 3079.72 1211286430
2728.32 3859.32 1211286479
2595.36 4200 1211286551
2496.97 4420.06 1211286600
2331.22 4612.19 1211286660
2270.06 5004.29 1211286720
1947.41 5191.97 1211286786
1553.85 5127.17 1211286841
1073.42 5042.27 1211286901
1117.74 4642.35 1211286970
1187.77 4303.88 1211287021
1162.95 4287.13 1211287082
1100.9 4091.65 1211287142
908.554 4147.5 1211287208
784.459 3927.46 1211287289
513.222 3882.78 1211287317
379.377 3870.49 1211287345
906.782 3954.26 1211287438
1063.67 3984.42 1211287499
1593.74 4044.74 1211287564
2432.27 4203.35 1211287627
3077.56 4203.35 1211287684
3139.61 3858.2 1211287739
3246.86 3532.06 1211287767
3221.16 3625.88 1211287783
3272.57 3382.39 1211287843
3494.17 3136.68 1211287903
3341.71 2993.72 1211287973
3137.84 2789.34 1211288024
2738.96 2399.58 1211288083
2342.74 2006.49 1211288148
1896.88 1563.16 1211288212
2083.03 1347.65 1211288264
2127.35 1301.87 1211288324
2130.01 1300.75 1211288384
2131.78 1304.1 1211288444
2131.78 1308.57 1211288474
2130.01 1302.99 1211288542
2129.12 1308.57 1211288597
2125.57 1306.34 1211288664
2125.57 1306.34 1211288670
2707.05 535.908 1211288732
2886.1 -954.499 1211288795
2441.13 -2408.92 1211288847
2941.94 -3753.72 1211288903
3419.71 -5179.75 1211288954
3747.68 -6642.35 1211288995
4014.48 -8129.22 1211289046
