1349.98 2534.71 1211095088
1383.66 2561.51 1211095208
1396.07 2569.33 1211095413
1425.32 2563.74 1211095595
1480.28 2561.51 1211095630
1529.03 3103.17 1211095748
1642.49 3228.26 1211095800
2137.1 3314.26 1211095859
2519.13 3381.27 1211095959
2602.45 3597.95 1211096026
2847.1 3585.67 1211096209
2413.65 3472.86 1211096269
1636.28 3335.48 1211096329
1120.4 3253.95 1211096390
-717.979 2956.86 1211096570
-945.783 1673.71 1211096762
-891.713 1349.89 1211096795
-1146.99 1095.3 1211096926
-1142.56 1089.72 1211096987
-1172.7 1074.08 1211097001
-1487.37 1024.95 1211097057
-1366.82 1040.59 1211097121
-1157.63 1077.43 1211097167
-1052.15 1309.69 1211097232
-896.145 1421.35 1211097288
-999.853 2044.45 1211097348
-1382.78 2283.43 1211097409
-1533.46 2300.19 1211097448
-1534.35 2305.77 1211097450
-1545.87 2388.41 1211097481
-1068.11 2434.2 1211097542
-1017.58 2111.46 1211097597
-944.01 1659.2 1211097657
-844.734 1047.29 1211097717
-1213.47 930.046 1211097778
-1196.63 804.992 1211097808
-1192.2 778.194 1211097824
-1319.84 984.758 1211097870
-782.686 1135.5 1211097990
-124.982 1248.27 1211098121
592.111 1364.4 1211098239
916.532 1330.9 1211098294
1077.86 1292.94 1211098359
1267.54 1478.3 1211098426
1582.21 1794.31 1211098476
1693.01 1898.17 1211098545
1919.04 2131.56 1211098595
2134.44 2351.56 1211098665
2282.47 2500.09 1211098715
2313.49 2526.89 1211098735
2516.47 2597.25 1211098798
2853.3 2258.87 1211098856
3067.81 2447.6 1211098924
3399.32 2775.94 1211098976
3717.54 3095.35 1211099036
4072.98 2918.89 1211099096
4070.32 2888.74 1211099157
4055.25 2729.03 1211099217
4026 2667.61 1211099265
4036.64 2657.55 1211099267
3751.22 2544.76 1211099327
3555.33 2670.96 1211099388
3462.26 2579.38 1211099448
3343.48 2449.83 1211099508
3306.25 2186.28 1211099568
3354.12 2143.84 1211099601
3287.64 1861.31 1211099661
3148.47 1961.82 1211099722
2741.62 2371.66 1211099847
2528.88 2190.74 1211099902
2090.12 1754.11 1211099962
1758.61 1893.7 1211100012
1260.45 1991.97 1211100072
1034.42 3344.42 1211100193
976.807 3759.91 1211100253
772.936 3817.99 1211100314
772.936 3819.11 1211100325
772.05 3819.11 1211100385
762.299 3817.99 1211100396
503.472 3904 1211100467
386.468 4189.95 1211100518
353.671 4182.13 1211100583
353.671 4182.13 1211100596
332.398 4041.39 1211100652
401.537 3612.47 1211100717
476.88 3136.68 1211100772
93.0714 2879.8 1211100832
-69.1388 2853 1211100865
-71.7979 2775.94 1211100924
-66.4796 2762.53 1211100930
-193.234 2729.03 1211100990
-427.242 3190.29 1211101106
-426.356 3207.04 1211101135
-176.392 3154.55 1211101195
484.858 3259.53 1211101255
1018.47 3345.53 1211101316
1020.24 3352.23 1211101340
1220.57 3377.92 1211101402
1550.3 3432.65 1211101462
2125.57 3522 1211101523
2060.87 3410.31 1211101586
2059.09 3411.43 1211101606
2052.89 3410.31 1211101608
2078.59 3306.44 1211101668
2255.87 3328.78 1211101700
2790.37 3420.36 1211101761
2725.66 3832.51 1211101821
2698.18 4064.84 1211101883
2593.59 4196.65 1211101915
2590.93 4196.65 1211101917
2589.16 4195.53 1211101972
2527.11 4281.54 1211102013
2546.61 4215.64 1211102074
2229.28 4155.32 1211102135
1314.52 4016.81 1211102195
827.006 3938.62 1211102255
777.368 3922.99 1211102316
835.87 3699.6 1211102376
907.668 3238.31 1211102419
973.261 3023.87 1211102479
1073.42 2182.93 1211102540
1288.82 2000.9 1211102600
1432.41 2026.59 1211102660
1560.94 1917.15 1211102721
1562.71 1940.6 1211102752
1563.6 1939.48 1211102764
1606.15 1578.8 1211102807
1527.26 1476.06 1211102872
1368.59 1244.92 1211102927
1403.16 749.164 1211102987
1204.61 537.024 1211103047
1004.28 859.703 1211103107
990.103 1193.56 1211103167
1214.36 1411.3 1211103228
1344.66 1555.35 1211103289
1434.19 1643.56 1211103313
1360.62 1204.73 1211103374
1401.39 743.582 1211103433
1453.69 25.6781 1211103493
1385.43 114.994 1211103548
1384.55 114.994 1211103550
1424.44 502.413 1211103613
1593.74 559.355 1211103669
1731.13 933.396 1211103729
1834.84 1199.14 1211103789
2171.67 1558.7 1211103849
2694.64 2074.61 1211103909
2587.39 2536.94 1211103970
2439.36 2685.47 1211104034
2434.04 2688.82 1211104036
2626.39 2479.98 1211104096
3027.92 2409.63 1211104156
3579.26 1922.73 1211104220
3647.51 1838.98 1211104275
3647.51 1838.98 1211104277
3662.58 1855.73 1211104320
3907.23 2189.63 1211104380
3864.68 2034.4 1211104440
3426.8 2464.35 1211104507
2973.85 2898.79 1211104561
2750.48 2699.99 1211104614
2749.6 2699.99 1211104620
2762.01 2677.66 1211104634
1938.54 2398.46 1211104764
1857.88 2930.06 1211104815
1803.81 3253.95 1211104876
1757.72 3535.41 1211104946
1696.56 3934.16 1211104996
1682.38 4010.11 1211105018
1683.26 4011.23 1211105019
1489.14 4157.56 1211105080
1226.77 4020.16 1211105140
1258.68 3811.29 1211105186
1304.77 3545.46 1211105241
1328.71 3423.72 1211105302
1205.5 3384.62 1211105361
1020.24 3451.64 1211105421
960.852 3855.97 1211105482
892.599 4256.97 1211105543
652.386 4548.52 1211105603
-100.163 4537.35 1211105663
-385.582 4611.07 1211105728
-426.356 4570.86 1211105751
-426.356 4570.86 1211105758
-200.325 4517.24 1211105827
-40.7741 4465.85 1211105861
11.5231 4140.8 1211105921
239.326 4162.02 1211105970
491.063 3954.26 1211106030
1150.54 3983.3 1211106090
1385.43 4015.7 1211106150
2462.4 4191.07 1211106211
2549.27 4217.87 1211106232
2764.66 4045.86 1211106288
2933.08 3731.99 1211106348
2502.29 3574.5 1211106408
2239.03 3547.69 1211106469
1845.47 3489.61 1211106529
1603.49 3395.79 1211106590
1604.37 3395.79 1211106676
1601.71 3394.68 1211106736
1601.71 3395.79 1211106797
1602.6 3392.44 1211106862
1602.6 3395.79 1211106917
1602.6 3396.91 1211106977
1601.71 3395.79 1211107042
1602.6 3393.56 1211107099
1602.6 3393.56 1211107158
1602.6 3394.68 1211107218
1602.6 3394.68 1211107280
1602.6 3394.68 1211107338
1605.26 3396.91 1211107399
1597.28 3405.84 1211107463
1643.38 3284.1 1211107520
1687.7 3021.64 1211107581
1790.52 2380.59 1211107637
1839.27 2075.72 1211107680
1771.9 1713.91 1211107740
1534.35 1476.06 1211107800
1362.39 1219.24 1211107862
1005.17 1071.85 1211107922
725.957 963.543 1211107991
652.386 964.659 1211108043
651.5 947.911 1211108104
652.386 963.543 1211108169
652.386 951.261 1211108224
649.727 963.543 1211108291
652.386 961.31 1211108350
654.159 949.027 1211108410
654.159 953.494 1211108465
652.386 957.96 1211108525
651.5 960.193 1211108595
649.727 947.911 1211108647
650.614 951.261 1211108706
649.727 950.144 1211108766
650.614 964.659 1211108826
650.614 959.077 1211108890
650.614 956.843 1211108950
650.614 957.96 1211109011
650.614 961.31 1211109066
653.273 954.61 1211109130
650.614 949.027 1211109186
653.273 956.843 1211109251
658.591 964.659 1211109311
655.932 970.242 1211109366
655.932 962.426 1211109427
655.045 966.893 1211109488
656.818 963.543 1211109549
657.705 955.727 1211109609
655.932 961.31 1211109670
655.932 962.426 1211109734
655.932 962.426 1211109794
656.818 960.193 1211109854
592.111 864.169 1211109910
651.5 850.77 1211109970
1256.02 898.782 1211110030
1356.18 928.929 1211110156
1357.96 923.346 1211110212
1357.96 928.929 1211110273
1375.68 942.328 1211110305
1499.78 1402.37 1211110370
1448.37 1790.96 1211110429
1373.91 2205.26 1211110485
1326.93 2528.01 1211110523
1426.21 2774.82 1211110584
1880.04 2839.59 1211110644
2107.85 2882.03 1211110704
2108.73 2879.8 1211110764
2103.41 2886.5 1211110829
2107.85 2885.38 1211110884
2155.71 2984.78 1211110944
2016.55 2954.63 1211111004
1547.64 2890.97 1211111064
1327.82 3075.25 1211111124
1316.3 3073.01 1211111189
1318.95 3064.08 1211111245
1315.41 3065.2 1211111306
1309.2 3092 1211111366
1313.64 3076.37 1211111427
1319.84 3064.08 1211111492
1315.41 3076.37 1211111547
1318.07 3068.55 1211111610
1320.73 3064.08 1211111665
1301.23 3095.35 1211111732
1311.86 3074.13 1211111790
1312.75 3067.43 1211111845
1318.95 3066.31 1211111910
1312.75 3081.95 1211111972
1313.64 3080.83 1211112029
1304.77 3090.88 1211112088
1311.86 3087.53 1211112147
1315.41 3076.37 1211112208
1307.43 3090.88 1211112269
1308.32 3090.88 1211112338
1321.61 3062.96 1211112390
1306.55 3093.12 1211112449
1301.23 3093.12 1211112513
1311.86 3076.37 1211112571
1311.86 3074.13 1211112629
1307.43 3086.42 1211112689
1311.86 3076.37 1211112737
1227.66 3159.01 1211112793
1188.65 3409.2 1211112853
1132.81 3731.99 1211112915
1106.22 3972.13 1211112973
1183.34 4307.24 1211113039
1113.31 4750.71 1211113105
1371.25 4985.3 1211113154
1594.62 5128.29 1211113214
2098.98 5118.24 1211113275
1936.77 4863.53 1211113335
1917.27 4771.93 1211113398
1909.29 4436.81 1211113452
1477.62 4359.74 1211113513
1550.3 3876.07 1211113573
1642.49 3351.12 1211113634
1724.92 3020.52 1211113685
2024.52 2926.71 1211113745
2054.66 2868.63 1211113775
2042.25 2889.85 1211113844
2038.71 2888.74 1211113895
2039.59 2924.47 1211113956
2037.82 2923.36 1211114016
2036.93 2928.94 1211114079
2032.5 2927.82 1211114137
2033.39 2916.66 1211114198
2037.82 2912.19 1211114258
2042.25 2916.66 1211114324
2135.32 2909.96 1211114380
2328.56 2813.91 1211114441
2431.38 2665.37 1211114501
2675.14 2324.75 1211114562
2668.05 2039.99 1211114622
3048.31 1659.2 1211114683
3284.09 1375.57 1211114746
3807.06 189.797 1211114809
3980.8 -841.751 1211114892
4305.22 -812.727 1211114950
4252.92 -804.912 1211115071
4233.42 -550.386 1211115135
4189.99 22.3288 1211115191
4185.55 49.1234 1211115210
4124.39 886.5 1211115272
4070.32 1593.31 1211115335
4072.98 1346.54 1211115359
3878.86 741.349 1211115418
2848.87 659.842 1211115475
2136.21 710.086 1211115534
2130.89 788.243 1211115555
1989.96 957.96 1211115617
2003.25 1386.73 1211115680
2114.05 1505.1 1211115736
1729.36 1914.92 1211115800
1412.91 2025.47 1211115857
1208.16 2275.62 1211115922
979.466 3661.62 1211116026
876.644 4311.7 1211116092
28.3646 4444.63 1211116147
-984.784 4274.84 1211116267
-629.34 4328.46 1211116327
501.699 4506.07 1211116387
741.912 4251.38 1211116447
772.05 3930.81 1211116511
774.709 3926.34 1211116574
775.595 3929.69 1211116612
779.141 3930.81 1211116672
780.027 3929.69 1211116736
779.141 3929.69 1211116797
779.141 3919.64 1211116852
776.482 3924.1 1211116923
778.254 3928.57 1211116972
1069.88 3967.67 1211117032
1529.03 4034.69 1211117096
2514.7 4198.88 1211117152
2657.41 4130.75 1211117219
2875.46 3916.29 1211117285
2990.69 3178 1211117334
3021.72 3128.86 1211117367
3023.49 3127.74 1211117369
3242.43 2907.72 1211117433
3019.95 2883.15 1211117489
2599.79 3280.75 1211117560
2416.31 3249.48 1211117597
1681.49 3131.09 1211117657
1357.96 3233.84 1211117713
1348.21 3245.01 1211117758
1465.21 3204.8 1211117826
1467.87 3200.34 1211117832
1673.51 3146.73 1211117896
1695.67 2995.95 1211117961
1810.02 2277.85 1211118012
2077.71 1852.38 1211118073
2582.07 1347.65 1211118133
3000.45 1313.04 1211118202
3316.89 1608.95 1211118233
3569.51 1846.8 1211118276
3565.08 1845.68 1211118277
3564.19 1846.8 1211118289
3252.18 1857.96 1211118349
2504.95 2606.18 1211118471
2088.35 2758.07 1211118530
1755.95 2713.39 1211118593
1520.17 2679.89 1211118649
1454.57 2667.61 1211118686
1237.41 3049.56 1211118746
1170.04 3469.51 1211118812
924.509 4058.14 1211118872
848.279 4542.93 1211118895
-106.367 4529.53 1211119019
-475.107 4475.91 1211119082
-495.494 4577.56 1211119140
-308.465 4644.58 1211119204
-62.934 4546.28 1211119303
-34.5694 4449.1 1211119354
524.746 4513.89 1211119416
939.578 4580.91 1211119485
1084.06 3955.38 1211119542
1288.82 3595.72 1211119597
1612.35 3472.86 1211119662
1604.37 3471.74 1211119672
1880.04 3482.91 1211119729
2174.33 3639.28 1211119784
2000.59 3887.24 1211119845
1997.93 3921.87 1211119856
1873.84 3647.1 1211119916
2356.92 3511.95 1211119976
2366.67 3460.57 1211119997
1864.09 3372.34 1211120066
1667.31 3141.14 1211120105
1357.07 3085.3 1211120150
181.711 3119.92 1211120300
181.711 3123.27 1211120302
180.824 3129.97 1211120310
376.718 3243.9 1211120371
980.352 3343.3 1211120425
1031.76 3394.68 1211120490
962.624 3847.03 1211120550
1583.99 4044.74 1211120611
2240.81 4259.2 1211120669
2344.51 4499.37 1211120715
2419.86 4510.54 1211120738
2419.86 4511.65 1211120739
2478.36 4620.01 1211120799
2166.35 4582.03 1211120862
1977.55 5197.55 1211121046
1976.66 5195.32 1211121056
2321.47 5244.47 1211121112
2979.17 4894.81 1211121293
3333.73 4402.18 1211121353
3629.79 3962.08 1211121414
4157.19 3295.27 1211121660
4109.32 2672.07 1211121720
3672.33 2246.58 1211121784
3550.01 2335.92 1211121835
3862.02 2684.36 1211121962
4235.19 3204.8 1211122022
3679.42 3960.96 1211122173
3393.12 4357.5 1211122232
2888.76 5018.81 1211122304
2544.84 5262.35 1211122359
2243.46 5236.65 1211122417
1974 5197.55 1211122482
1490.92 5195.32 1211122595
1359.73 5303.68 1211122694
1754.17 5261.23 1211122750
3035.01 4824.43 1211122931
3322.21 4415.59 1211122991
3690.06 3867.14 1211123048
3910.77 3651.57 1211123104
4002.96 3452.75 1211123228
3752.11 1891.46 1211123413
3538.49 802.758 1211123463
3317.77 -2072.96 1211123574
2888.76 -3530.53 1211123623
4134.14 -9438.51 1211123805
