3010.2 -14749.4 1211695591
2711.48 -13482.2 1211695655
4155.42 -9440.74 1211695830
4072.1 -8287.59 1211695864
3805.29 -6801.87 1211695921
3017.29 -3876.47 1211696018
3036.79 -2623.21 1211696077
3783.13 -1529.38 1211696157
3581.03 -1123.06 1211696288
3581.03 -1115.25 1211696322
3582.81 -1118.59 1211696459
3573.06 -1146.5 1211696503
3370.96 -1010.31 1211696557
3275.23 -29.0273 1211696673
3390.46 177.516 1211696724
3386.91 405.277 1211696747
3175.95 538.141 1211696830
3136.95 535.908 1211696879
3119.22 534.791 1211696897
2691.98 495.714 1211696943
2473.93 1005.97 1211697076
2054.66 1165.64 1211697127
1943.86 1337.6 1211697197
2142.42 1535.25 1211697248
2171.67 1565.4 1211697262
2416.31 2308 1211697377
2215.99 2607.3 1211697435
2179.64 2634.1 1211697472
2179.64 2635.22 1211697474
2161.92 2816.14 1211697539
2162.8 2811.67 1211697555
2115.82 2968.03 1211697602
1958.93 2870.87 1211697662
2035.16 2545.87 1211697723
2086.57 2347.09 1211697785
1709.85 2276.73 1211697847
1147.88 2192.98 1211697909
1132.81 2195.21 1211697967
1098.24 2188.51 1211697993
1098.24 2189.63 1211697995
789.777 2136.02 1211698056
1076.08 2072.37 1211698152
1250.7 2206.38 1211698216
1362.39 2311.35 1211698282
1306.55 2701.11 1211698333
1204.61 3373.45 1211698451
1383.66 3404.73 1211698473
1724.04 3458.34 1211698541
1892.45 3480.68 1211698597
2075.05 3492.96 1211698652
1918.16 3420.36 1211698702
1374.8 3367.87 1211698767
943.124 3924.1 1211698896
686.069 4627.83 1211699008
686.956 4627.83 1211699012
656.818 4831.14 1211699072
659.477 4786.45 1211699118
1097.36 4826.67 1211699173
1176.25 4350.8 1211699233
1226.77 4041.39 1211699303
1242.73 3996.71 1211699325
1286.16 4002.29 1211699331
1264.88 3897.3 1211699386
1116.86 3871.61 1211699450
1091.15 3566.68 1211699507
1014.04 3558.86 1211699572
946.669 3892.83 1211699641
845.62 4549.63 1211699694
847.393 4552.98 1211699757
668.341 4747.36 1211699805
821.688 4786.45 1211699839
1011.38 4408.89 1211699903
1085.83 3889.48 1211699950
1091.15 3886.13 1211699972
980.352 3855.97 1211700009
862.462 4417.82 1211700073
829.665 4576.44 1211700131
663.023 4799.86 1211700187
661.25 4798.74 1211700264
656.818 4832.25 1211700312
651.5 4834.49 1211700367
648.841 4859.06 1211700434
460.039 4841.19 1211700463
351.012 4883.64 1211700529
350.126 4857.95 1211700570
995.421 4518.36 1211700705
1036.2 4246.92 1211700751
1136.36 3618.06 1211700812
1240.07 3163.48 1211700871
1780.77 3241.66 1211700934
2355.15 3344.42 1211700981
2410.11 3278.52 1211701041
2447.34 3118.81 1211701106
2447.34 3118.81 1211701139
2447.34 3118.81 1211701140
2310.83 3019.41 1211701201
1873.84 2949.04 1211701282
1854.34 3042.86 1211701342
2102.53 3092 1211701413
2699.96 3199.22 1211701469
3236.23 2933.41 1211701593
3217.61 2886.5 1211701633
3053.63 2732.38 1211701704
3036.79 2462.12 1211701754
2704.39 1780.91 1211701814
2694.64 348.336 1211701885
2873.69 -1011.43 1211701943
2434.04 -2436.82 1211701989
2170.78 -2796.2 1211702060
1957.16 -2761.6 1211702109
1958.05 -2761.6 1211702148
1962.48 -2676.78 1211702149
1961.59 -2358.69 1211702224
2073.28 -2300.66 1211702284
2696.41 -1923.4 1211702405
2593.59 -1242.5 1211702470
2206.24 -1311.71 1211702521
1608.81 -1326.22 1211702586
1536.12 -1067.25 1211702642
1532.58 -857.38 1211702704
1528.14 -833.937 1211702705
1501.55 -555.967 1211702769
1466.98 -165.231 1211702825
1239.18 371.782 1211702948
1228.54 381.831 1211702952
1211.7 528.092 1211703009
412.173 476.733 1211703140
280.987 467.801 1211703194
30.1374 502.413 1211703253
-111.686 1205.84 1211703374
-148.028 1419.12 1211703436
-177.279 1641.33 1211703502
-177.279 1641.33 1211703511
-266.805 2159.48 1211703578
-378.49 2850.76 1211703632
-140.05 3162.36 1211703688
778.254 3312.03 1211703743
1010.49 3351.12 1211703803
1014.92 3487.38 1211703863
951.101 3898.41 1211703923
1318.95 4121.81 1211703988
1623.87 4382.08 1211704053
2063.53 4452.45 1211704103
2244.35 4481.49 1211704141
2395.04 4212.29 1211704206
2092.78 4026.87 1211704276
1864.09 3804.59 1211704322
1678.83 3557.75 1211704383
1200.18 3482.91 1211704443
964.397 3450.52 1211704505
608.953 3396.91 1211704577
609.839 3396.91 1211704587
324.42 3346.65 1211704646
172.847 3144.49 1211704714
144.482 3209.27 1211704763
937.805 3335.48 1211704818
959.079 3848.15 1211704879
893.486 4260.32 1211704943
1010.49 4283.78 1211704999
1451.91 4355.27 1211705059
1743.54 4576.44 1211705123
1739.11 4570.86 1211705162
1732.01 4606.6 1211705169
2037.82 4663.57 1211705240
2230.17 4501.6 1211705284
2466.84 4299.42 1211705345
2355.15 4178.78 1211705401
1430.64 4033.57 1211705463
1278.18 3701.83 1211705522
1278.18 3692.89 1211705553
1280.84 3682.84 1211705555
1196.63 3486.26 1211705615
1038.85 3458.34 1211705680
878.417 3337.71 1211705740
982.125 2726.8 1211705800
1086.72 2063.44 1211705865
1103.56 2076.84 1211705884
1103.56 2076.84 1211705886
1140.79 1787.61 1211705946
1396.96 1802.13 1211705985
1439.5 1812.18 1211706046
1788.74 1433.63 1211706106
1788.74 1433.63 1211706109
1531.69 1469.36 1211706178
1528.14 1472.71 1211706239
1376.57 1172.34 1211706289
1031.76 1078.55 1211706325
735.707 970.242 1211706392
498.154 730.183 1211706445
48.7517 446.587 1211706511
11.5231 783.777 1211706567
10.6367 784.894 1211706608
10.6367 784.894 1211706614
-109.913 1209.19 1211706674
-146.255 1410.18 1211706735
-140.937 1536.36 1211706795
-143.596 1536.36 1211706859
-139.164 1548.65 1211706983
-139.164 1548.65 1211707031
23.0463 1261.67 1211707151
327.08 1243.81 1211707213
404.196 780.428 1211707319
407.741 787.127 1211707365
645.295 943.445 1211707439
644.409 945.678 1211707488
643.522 937.862 1211707548
641.75 937.862 1211707621
647.068 941.212 1211707678
647.954 942.328 1211707729
605.407 956.843 1211707789
595.657 1142.2 1211707853
749.003 1380.03 1211707914
1029.99 1419.12 1211707956
1362.39 1099.77 1211708012
1474.96 1089.72 1211708018
1550.3 1074.08 1211708026
2103.41 1032.77 1211708047
2679.57 277.998 1211708107
2896.74 -876.357 1211708167
3257.5 -1183.34 1211708227
3748.56 -1011.43 1211708295
3581.03 -952.266 1211708530
3579.26 -963.43 1211708655
3584.58 -969.011 1211708709
3568.62 -982.407 1211708762
3628.9 -972.36 1211708828
