3576.6 -1022.59 1212356062
3525.19 -1152.08 1212356167
2785.05 -1205.66 1212356228
2278.03 -1309.48 1212356283
2019.21 -1315.06 1212356342
1739.11 -1058.32 1212356403
1700.99 -543.687 1212356466
1684.15 -330.459 1212356486
1658.44 -5.58219 1212356542
1643.38 197.612 1212356606
1601.71 726.834 1212356663
1228.54 715.668 1212356722
1219.68 724.6 1212356767
1214.36 729.067 1212356774
1201.06 875.334 1212356806
1190.43 1012.67 1212356856
1321.61 1539.71 1212356971
1435.07 1812.18 1212357031
1545.87 2047.8 1212357092
1685.92 2130.44 1212357151
1602.6 2606.18 1212357212
1584.87 2761.42 1212357272
1958.93 3069.66 1212357327
2347.17 3112.1 1212357379
2418.08 3151.2 1212357444
2393.26 3245.01 1212357504
1774.56 3151.2 1212357560
1523.71 3176.88 1212357623
1334.02 3499.67 1212357684
1323.39 3511.95 1212357705
1470.53 3626.99 1212357763
1875.61 3696.24 1212357823
1891.57 3514.19 1212357886
1931.45 3395.79 1212357943
1971.34 3109.87 1212357995
2408.33 3137.79 1212358055
2567.88 3097.59 1212358115
2567.88 3092 1212358128
1981.98 2944.58 1212358188
1809.13 3243.9 1212358248
1761.27 3506.37 1212358287
1761.27 3505.25 1212358288
1825.09 3678.37 1212358346
1920.82 3458.34 1212358406
1963.36 3199.22 1212358466
2116.71 3095.35 1212358502
2045.8 3514.19 1212358564
1864.09 3811.29 1212358622
1812.68 4126.28 1212358685
1505.98 4254.74 1212358743
1215.25 4213.41 1212358803
1084.06 4187.71 1212358865
756.981 4184.36 1212358925
750.776 4233.51 1212358954
750.776 4233.51 1212358957
874.871 4261.44 1212359027
1037.08 4357.5 1212359076
1137.24 4618.89 1212359137
1062.79 5074.67 1212359202
1248.93 5179.68 1212359258
1444.82 5210.96 1212359391
1593.74 5343.9 1212359443
1420.89 5105.95 1212359557
1420.89 5105.95 1212359573
1210.81 5169.62 1212359617
1347.32 5195.32 1212359690
1616.78 5235.54 1212359738
1776.33 5293.63 1212359803
1765.7 5366.24 1212359863
1749.74 5371.83 1212359885
1651.35 5352.84 1212359938
1402.28 5313.74 1212359998
1221.45 5177.44 1212360058
1221.45 4976.36 1212360119
655.932 4870.24 1212360179
486.631 4628.94 1212360240
390.9 4594.32 1212360309
419.265 4408.89 1212360360
435.22 4311.7 1212360390
732.162 4320.64 1212360443
870.439 4418.94 1212360504
836.756 4630.06 1212360563
947.556 4894.81 1212360638
995.421 5028.87 1212360672
1061.01 5036.69 1212360711
1322.5 5193.08 1212360793
1522.83 5120.47 1212360853
1709.85 4760.76 1212360920
1770.13 4364.2 1212360974
1836.61 3969.9 1212361034
1903.98 3566.68 1212361098
1944.75 3286.34 1212361156
2044.91 2859.7 1212361216
2291.33 2885.38 1212361277
2320.58 2856.35 1212361321
2321.47 2856.35 1212361322
2200.92 2768.12 1212361382
2149.51 3035.04 1212361442
2398.58 3124.39 1212361502
2430.49 3058.5 1212361562
2285.12 3017.17 1212361622
2324.13 2816.14 1212361684
2179.64 3079.72 1212361743
1953.61 3400.26 1212361807
1490.92 3320.96 1212361863
1250.7 3319.84 1212361924
1044.17 3342.18 1212361984
933.373 4001.18 1212362048
842.075 4547.4 1212362106
833.211 4575.33 1212362167
150.687 4468.09 1212362227
-152.46 4421.17 1212362288
-657.705 4338.51 1212362348
-983.898 4481.49 1212362409
-1649.58 4871.35 1212362469
-2948.15 4802.09 1212362530
-3653.72 5420.99 1212362591
-3796.43 6730.42 1212362653
-3968.39 8046.78 1212362712
-4137.69 8862.62 1212362773
-3743.24 9172.21 1212362833
-3816.81 9681.9 1212362889
-3993.21 9917.75 1212362949
-3831 10203.9 1212363009
-3827.45 10548.2 1212363070
-3862.91 10605.2 1212363139
-3862.02 10605.2 1212363165
-3862.02 10605.2 1212363172
-3834.54 10506.8 1212363238
-3909 10044.1 1212363289
-3995.87 9789.2 1212363352
-3743.24 9429.29 1212363410
-4175.8 8808.97 1212363472
-4133.26 8145.12 1212363536
-3849.61 7152.79 1212363592
-3737.93 5958.37 1212363652
-3537.6 5264.58 1212363713
-2903.83 4783.1 1212363773
-1759.49 4797.62 1212363838
-1095.58 4552.98 1212363894
-862.462 4349.68 1212363968
-221.599 4392.13 1212364047
4.43197 4433.46 1212364107
270.35 4393.25 1212364168
600.089 4322.87 1212364228
821.688 4357.5 1212364288
1006.94 4541.81 1212364352
1022.9 5032.22 1212364413
1115.97 5150.63 1212364469
1501.55 5217.66 1212364528
1765.7 5260.11 1212364589
1747.97 5350.6 1212364648
1698.33 5357.31 1212364680
1658.44 5051.21 1212364737
1651.35 5032.22 1212364797
1716.06 4735.07 1212364862
1774.56 4311.7 1212364917
1869.41 3841.45 1212364982
1920.82 3450.52 1212365038
2093.66 3094.23 1212365098
2379.08 3135.56 1212365160
2447.34 3086.42 1212365219
2441.13 3080.83 1212365242
2433.15 3051.79 1212365258
2435.81 3051.79 1212365272
2197.37 3001.54 1212365325
1911.95 2960.21 1212365386
1454.57 2890.97 1212365446
1379.23 2876.45 1212365474
1039.74 2835.13 1212365534
-124.982 2649.74 1212365684
-389.127 2586.08 1212365739
-1200.18 2469.93 1212365814
-1374.8 2456.53 1212365904
-1253.36 2443.13 1212365979
-1061.9 2471.05 1212366039
-1018.47 2462.12 1212366062
-936.033 2472.17 1212366119
-374.058 2573.79 1212366190
1050.38 2769.24 1212366301
1238.29 2744.67 1212366366
1406.71 2868.63 1212366421
1357.07 2865.28 1212366462
1357.07 2865.28 1212366463
1315.41 2909.96 1212366488
1272.86 2907.72 1212366548
1434.19 2966.91 1212366608
1969.57 3068.55 1212366668
2387.06 3121.04 1212366729
2414.54 3132.21 1212366789
2409.22 3129.97 1212366849
2410.99 3131.09 1212366913
2426.95 3114.34 1212366969
2433.15 3115.46 1212367035
2437.58 3117.69 1212367093
2427.83 3115.46 1212367152
2421.63 3115.46 1212367219
2421.63 3113.22 1212367272
2421.63 3109.87 1212367332
2423.4 3113.22 1212367387
2415.42 3105.4 1212367442
2417.2 3110.99 1212367502
2416.31 3108.75 1212367562
2421.63 3114.34 1212367628
2417.2 3098.7 1212367688
2415.42 3098.7 1212367743
2411.88 3098.7 1212367803
2418.08 3103.17 1212367864
2426.06 3099.82 1212367905
2434.04 3060.73 1212367969
2268.28 2813.91 1212368025
2418.08 2675.42 1212368090
2799.23 2319.17 1212368151
2813.42 1924.97 1212368205
2464.18 1579.91 1212368270
2267.4 1383.38 1212368325
1982.86 1069.62 1212368386
2002.37 955.727 1212368447
2000.59 955.727 1212368483
2000.59 955.727 1212368484
1976.66 1033.89 1212368549
1965.14 1059.57 1212368564
1574.24 1061.8 1212368625
1593.74 1077.43 1212368701
1592.85 726.834 1212368750
1566.26 200.961 1212368817
1295.02 178.632 1212368872
1079.63 163.002 1212368942
686.956 133.974 1212368988
417.492 112.761 1212369053
113.458 90.432 1212369109
75.3435 87.0826 1212369140
54.0701 240.038 1212369190
303.147 518.044 1212369252
603.635 815.04 1212369310
606.294 816.157 1212369317
848.279 1061.8 1212369437
1337.57 1552 1212369507
1685.92 1890.35 1212369553
2030.73 1901.52 1212369624
2046.68 1879.18 1212369630
2202.69 2111.46 1212369691
1931.45 2443.13 1212369749
1849.91 2975.85 1212369809
2139.76 3114.34 1212369874
2413.65 3114.34 1212369930
2428.72 3116.57 1212369997
2432.27 3108.75 1212370051
2417.2 3096.47 1212370112
2418.97 3070.78 1212370164
2198.26 3000.42 1212370224
2089.23 3282.99 1212370287
2369.33 3365.64 1212370352
2371.99 3454.99 1212370406
2622.84 3609.12 1212370467
2777.96 3630.35 1212370538
2745.16 3778.9 1212370585
2745.16 3778.9 1212370587
2622.84 3914.05 1212370647
2496.09 3892.83 1212370707
2473.93 3889.48 1212370741
2524.45 3276.29 1212370805
2431.38 3237.19 1212370850
2559.91 3143.38 1212370910
2821.39 3313.14 1212370970
2779.73 3591.25 1212371046
2656.52 4118.46 1212371095
2514.7 4253.62 1212371150
2380.86 4376.49 1212371220
2309.94 4437.93 1212371238
2309.94 4437.93 1212371239
2265.62 4482.61 1212371304
1911.07 4432.34 1212371364
1812.68 4108.41 1212371426
1880.93 3711.88 1212371480
1915.5 3419.25 1212371540
1956.27 3243.9 1212371600
2378.2 3137.79 1212371666
2404.79 3121.04 1212371730
2390.61 3126.62 1212371781
2419.86 3119.92 1212371841
2433.15 3135.56 1212371902
2423.4 3116.57 1212371961
2422.52 3109.87 1212372022
2425.18 3100.94 1212372082
2426.95 3104.29 1212372142
2429.61 3106.52 1212372203
2420.74 3078.6 1212372253
2307.28 3020.52 1212372307
2301.97 2908.84 1212372377
2446.45 2656.44 1212372431
2452.65 2635.22 1212372453
2679.57 2615.12 1212372513
2902.94 2846.3 1212372573
2915.35 2970.26 1212372633
2652.09 3282.99 1212372693
2403.9 3267.35 1212372748
2420.74 3116.57 1212372809
2153.94 3001.54 1212372869
2406.56 3128.86 1212372930
2698.18 3189.17 1212372989
2770.87 3409.2 1212373050
2809.87 3304.21 1212373111
2407.45 3231.61 1212373171
2420.74 3173.53 1212373232
2435.81 3057.38 1212373292
2433.15 3060.73 1212373309
1867.63 2949.04 1212373369
1429.75 2873.1 1212373429
811.937 2802.74 1212373492
668.341 2860.81 1212373551
608.067 2818.38 1212373619
601.862 2829.54 1212373620
943.124 2892.09 1212373680
1329.59 2962.45 1212373740
1849.91 3058.5 1212373800
2107.85 3112.1 1212373852
2767.32 3191.4 1212373903
2987.15 3176.88 1212373959
3197.22 3095.35 1212374019
3605.85 2679.89 1212374080
3918.75 2368.31 1212374141
4131.48 2406.28 1212374201
4147.44 2423.03 1212374251
4169.6 2428.61 1212374277
4234.31 2685.47 1212374321
3745.02 3862.67 1212374434
3331.07 4347.45 1212374494
2981.83 4391.01 1212374554
2785.05 4473.67 1212374616
2784.16 4473.67 1212374676
2785.05 4471.44 1212374736
2785.05 4471.44 1212374806
2783.28 4471.44 1212374861
2788.6 4468.09 1212374976
2785.05 4465.85 1212375041
2786.82 4465.85 1212375097
2787.71 4463.62 1212375170
2787.71 4462.5 1212375232
2783.28 4466.97 1212375279
2788.6 4463.62 1212375351
2715.03 4453.57 1212375399
2497.86 4483.73 1212375464
2309.94 4441.28 1212375519
2208.01 4463.62 1212375579
1473.19 4264.79 1212375701
1178.9 4326.22 1212375759
1130.15 4618.89 1212375791
1076.97 4907.1 1212375851
1289.7 5189.73 1212375916
1474.07 5218.78 1212375985
1621.22 5330.49 1212376047
1601.71 5331.61 1212376069
1505.1 5079.14 1212376129
1035.31 4932.79 1212376188
514.109 4847.89 1212376249
-70.0252 4752.94 1212376310
-561.974 4462.5 1212376439
-575.27 4463.62 1212376443
-590.339 4468.09 1212376562
-235.781 4510.54 1212376628
-16.8415 4547.4 1212376679
467.13 4624.48 1212376735
913.873 4693.74 1212376795
946.669 4894.81 1212376855
1311.86 5187.5 1212376986
1725.81 5255.65 1212377050
1753.29 5346.14 1212377097
1643.38 5351.72 1212377157
1487.37 5165.16 1212377218
1206.38 5105.95 1212377287
1619.44 5302.57 1212377413
1473.19 5319.32 1212377456
1508.64 5129.41 1212377517
1841.93 4844.54 1212377586
2236.37 4504.95 1212377645
2333.88 4416.7 1212377703
2335.65 4413.35 1212377762
2525.34 4242.45 1212377822
2568.77 4201.12 1212377859
2429.61 4090.54 1212377914
2426.95 3995.59 1212377975
2448.22 3870.49 1212378046
2543.07 3219.32 1212378096
2592.7 2911.07 1212378170
2683.12 2628.52 1212378216
2517.36 2466.58 1212378266
2517.36 2467.7 1212378268
2272.72 2448.72 1212378328
2169.01 2855.23 1212378390
2257.65 3169.06 1212378449
2700.84 3215.97 1212378509
2419.86 3265.12 1212378569
2412.77 3240.54 1212378605
1994.39 3142.26 1212378664
1961.59 2987.02 1212378722
2083.91 2391.76 1212378777
1872.07 2098.06 1212378838
1872.07 2098.06 1212378853
1712.51 1936.13 1212378897
1329.59 1559.81 1212378958
995.421 1227.06 1212379028
691.388 922.23 1212379088
602.748 617.414 1212379153
603.635 605.132 1212379162
605.407 605.132 1212379169
430.788 355.035 1212379223
437.879 231.106 1212379254
655.932 127.275 1212379319
800.414 849.654 1212379434
1022.9 1238.22 1212379494
1198.41 1412.42 1212379544
1462.55 1674.83 1212379599
1738.22 1672.6 1212379664
1844.59 1775.33 1212379689
2122.03 2056.74 1212379751
2211.55 2136.02 1212379783
2221.3 2149.43 1212379790
2064.41 2256.63 1212379845
1995.27 2320.29 1212379873
1892.45 2856.35 1212379933
2024.52 3296.39 1212379993
2775.3 3414.78 1212380061
2736.3 3882.78 1212380114
2687.55 4164.26 1212380164
3046.54 4280.43 1212380218
3080.22 4198.88 1212380263
3079.33 4198.88 1212380264
2963.22 4259.2 1212380324
2628.16 4224.58 1212380384
2584.73 4220.11 1212380463
2519.13 4261.44 1212380472
2406.56 4356.38 1212380490
1888.02 4815.5 1212380556
1650.47 5128.29 1212380610
1703.65 5360.66 1212380735
1370.37 5303.68 1212380792
1379.23 5099.24 1212380865
1616.78 5245.59 1212380985
2066.19 5202.02 1212381032
2281.58 5387.47 1212381102
2280.69 5387.47 1212381122
2062.64 5334.96 1212381186
2011.23 5309.27 1212381207
2010.34 5310.39 1212381257
2366.67 5303.68 1212381275
2280.69 5387.47 1212381331
2082.14 5105.95 1212381382
2176.98 4603.25 1212381446
2175.21 4580.91 1212381502
1609.69 4365.32 1212381581
1688.58 3928.57 1212381640
1648.69 3559.98 1212381710
1635.4 3389.09 1212381761
1652.24 3209.27 1212381821
1755.06 2727.91 1212381881
1835.72 2110.34 1212381944
2056.44 1718.38 1212382004
1899.54 1570.98 1212382077
1900.43 1321.97 1212382121
1796.72 721.251 1212382182
1846.36 55.8221 1212382245
1878.27 -382.929 1212382302
1982.86 -492.334 1212382356
1982.86 -490.102 1212382399
1982.86 -490.102 1212382406
1878.27 -313.713 1212382460
1825.09 348.336 1212382520
1825.09 381.831 1212382551
1633.62 235.572 1212382589
1653.13 -518.011 1212382644
1336.68 -534.756 1212382716
1221.45 -543.687 1212382752
1220.57 -545.92 1212382772
1119.52 -543.687 1212382774
1070.76 -11.1644 1212382834
1075.2 -18.9794 1212382870
1036.2 426.491 1212382902
981.239 1098.65 1212382988
633.772 1362.17 1212383028
472.448 1353.23 1212383075
472.448 1354.35 1212383076
585.02 1550.88 1212383138
554.883 1725.08 1212383196
514.995 2025.47 1212383267
266.805 2632.98 1212383387
168.415 3183.58 1212383443
154.233 3306.44 1212383484
338.603 3040.63 1212383540
666.569 3074.13 1212383600
967.943 3115.46 1212383660
1669.08 3238.31 1212383726
2286.01 3305.32 1212383781
2492.54 3380.16 1212383842
2784.16 3428.18 1212383902
3108.59 3472.86 1212383963
3073.13 3642.63 1212384045
3709.56 3098.7 1212384083
3895.7 3227.14 1212384138
3898.36 3239.43 1212384150
3856.7 3399.14 1212384176
3749.45 3436 1212384231
3587.24 3565.56 1212384275
3458.71 4001.18 1212384340
3178.61 4301.65 1212384395
3069.58 4311.7 1212384458
2701.73 4241.33 1212384508
2701.73 4242.45 1212384517
2305.51 4456.92 1212384576
1734.67 4945.08 1212384636
1648.69 5214.31 1212384696
1606.15 5350.6 1212384756
1607.03 5350.6 1212384768
1730.24 5251.18 1212384828
2130.89 5100.36 1212384959
2931.31 4945.08 1212385009
3403.75 4294.95 1212385074
3456.94 3899.53 1212385134
3479.1 3747.62 1212385271
3445.42 3816.88 1212385298
2971.19 3780.02 1212385357
2800.12 3668.32 1212385418
2669.82 4130.75 1212385492
2490.77 4282.66 1212385543
2395.04 4369.79 1212385599
2039.59 4682.56 1212385674
1652.24 5147.28 1212385721
1536.12 5336.08 1212385781
1620.33 5253.41 1212385856
1325.16 5186.38 1212385982
1466.1 5165.16 1212386022
1513.08 5022.16 1212386065
1579.55 4736.18 1212386113
1660.22 4124.04 1212386175
1586.65 3885.01 1212386227
1579.55 3775.55 1212386287
1615.9 3476.21 1212386347
1661.99 3036.16 1212386409
1422.66 2827.31 1212386470
1442.16 2794.92 1212386523
1442.16 2794.92 1212386531
1442.16 2806.09 1212386585
1450.14 2812.79 1212386650
1450.14 2813.91 1212386657
1590.19 2836.24 1212386716
1588.42 2836.24 1212386748
1588.42 2837.36 1212386750
1587.53 2836.24 1212386810
1587.53 2834.01 1212386870
1587.53 2834.01 1212386930
1657.56 3024.99 1212386995
1771.02 2567.09 1212387050
1836.61 2096.94 1212387120
2258.53 1670.36 1212387170
2678.68 1272.84 1212387235
3073.13 1610.06 1212387291
3745.9 535.908 1212387352
3587.24 -941.103 1212387549
3577.49 -976.825 1212387726
