3612.06 -981.29 1212056869
3614.72 -981.29 1212056929
3616.49 -981.29 1212056989
3616.49 -982.407 1212057049
3616.49 -983.523 1212057111
3613.83 -986.872 1212057171
3613.83 -986.872 1212057232
3613.83 -986.872 1212057292
3610.28 -986.872 1212057353
3612.94 -986.872 1212057413
3612.06 -986.872 1212057474
3610.28 -990.221 1212057534
3605.85 -989.105 1212057595
3601.42 -989.105 1212057655
3604.08 -991.337 1212057716
3607.63 -987.988 1212057776
3607.63 -986.872 1212057837
3613.83 -994.686 1212057897
3612.94 -990.221 1212057958
3606.74 -983.523 1212058018
3613.83 -990.221 1212058080
3614.72 -991.337 1212058140
3612.06 -983.523 1212058201
3611.17 -981.29 1212058261
3608.51 -983.523 1212058322
3607.63 -981.29 1212058386
3607.63 -983.523 1212058442
3609.4 -984.639 1212058502
3607.63 -984.639 1212058562
3604.08 -976.825 1212058622
3604.97 -976.825 1212058682
3605.85 -977.942 1212058742
3610.28 -986.872 1212058802
3611.17 -983.523 1212058862
3607.63 -984.639 1212058922
3608.51 -984.639 1212058983
3606.74 -979.058 1212059043
3608.51 -982.407 1212059109
3579.26 -1082.87 1212059170
3005.76 -1195.62 1212059225
2405.67 -1311.71 1212059285
1728.47 -1328.45 1212059349
1345.55 -1050.5 1212059405
1294.14 -428.701 1212059465
1275.52 -62.5203 1212059525
1336.68 -82.616 1212059585
1341.11 -100.479 1212059645
1342.89 -100.479 1212059705
1451.03 -173.046 1212059765
1481.17 -168.58 1212059790
1700.1 -593.924 1212059839
1739.99 -1188.92 1212059899
2136.21 -1327.34 1212059959
2760.23 -1390.96 1212060020
2540.41 -2762.72 1212060081
2995.13 -3941.2 1212060133
3499.49 -5339.3 1212060192
3775.15 -6819.71 1212060249
4027.78 -8226.25 1212060309
4023.34 -9698.34 1212060373
2551.04 -12260.5 1212060501
3049.2 -15231.9 1212060610
4329.15 -16214.7 1212060740
4426.65 -15880.5 1212060800
4391.2 -15886 1212060847
4399.18 -15886 1212060883
4394.74 -15886 1212060885
3222.04 -15580.7 1212061014
2925.99 -14183.2 1212061066
1513.96 -14144.2 1212061130
-706.456 -13203.5 1212061258
-1622.99 -12026.4 1212061305
