3652.83 -961.197 1212575689
3651.95 -961.197 1212575749
3651.95 -961.197 1212575809
3652.83 -962.313 1212575869
3655.49 -958.964 1212575930
3655.49 -960.081 1212575990
3652.83 -963.43 1212576052
3654.6 -961.197 1212576112
3655.49 -962.313 1212576173
3653.72 -963.43 1212576233
3654.6 -960.081 1212576294
3654.6 -961.197 1212576354
3654.6 -964.546 1212576415
3653.72 -965.662 1212576476
3652.83 -964.546 1212576537
3654.6 -962.313 1212576597
3654.6 -960.081 1212576618
3654.6 -961.197 1212576678
3654.6 -963.43 1212576738
3654.6 -962.313 1212576798
3653.72 -962.313 1212576858
3654.6 -964.546 1212576918
3655.49 -963.43 1212576978
3655.49 -965.662 1212577038
3655.49 -965.662 1212577098
3654.6 -965.662 1212577158
3655.49 -964.546 1212577219
3655.49 -961.197 1212577279
3655.49 -965.662 1212577340
3654.6 -969.011 1212577400
3654.6 -965.662 1212577461
3651.95 -1018.13 1212577521
3653.72 -1005.85 1212577582
3652.83 -1002.5 1212577642
3649.29 -982.407 1212577703
3583.69 -998.035 1212577763
3253.95 -1174.41 1212577824
2939.28 -1195.62 1212577868
2464.18 -1149.85 1212577963
2464.18 -1149.85 1212578022
2464.18 -1149.85 1212578054
2206.24 -1008.08 1212578118
1923.48 -873.008 1212578174
1873.84 -299.2 1212578234
1827.75 294.745 1212578294
1779.88 932.279 1212578359
1913.73 1311.92 1212578415
2277.15 1668.13 1212578476
2853.3 2239.88 1212578536
3239.77 2638.57 1212578597
3334.62 2961.33 1212578657
3190.13 3118.81 1212578718
3175.95 3142.26 1212578744
3174.18 3145.61 1212578746
2871.03 3089.77 1212578806
2791.26 3600.19 1212578871
2802.78 3653.8 1212578882
2493.43 3704.06 1212578933
2170.78 3638.16 1212578993
1717.83 3580.08 1212579053
1329.59 3511.95 1212579101
1007.83 3507.48 1212579156
842.961 3734.22 1212579216
540.701 3689.54 1212579276
393.559 3767.73 1212579337
390.014 3765.5 1212579397
390.9 3780.02 1212579458
390.9 3749.86 1212579518
393.559 3771.08 1212579567
192.348 3743.16 1212579627
85.0939 3661.62 1212579721
81.5483 3660.5 1212579782
90.4122 3630.35 1212579842
109.027 3519.77 1212579860
429.015 3358.94 1212579920
895.258 3351.12 1212579980
928.941 3057.38 1212580040
1068.11 2224.25 1212580105
1166.5 1525.2 1212580164
1082.29 1431.4 1212580221
1212.59 1142.2 1212580281
2578.52 925.58 1212580343
2859.51 -400.792 1212580403
2585.61 -1905.54 1212580453
2818.73 -3365.37 1212580508
3245.98 -4846.14 1212580555
3685.63 -6289.83 1212580604
3949.77 -7762.27 1212580658
4174.92 -9261.2 1212580714
2801.89 -11127.8 1212580811
2837.35 -14094.1 1212580907
3144.93 -15587.4 1212580964
3877.09 -16215.8 1212581029
4541.89 -16069.9 1212581084
4398.29 -15853.7 1212581144
4397.4 -15855.9 1212581176
4396.52 -15855.9 1212581200
4396.52 -15855.9 1212581201
4393.86 -15852.6 1212581272
4322.06 -15870.4 1212581332
4176.69 -16048.7 1212581407
3287.64 -15810.3 1212581454
2961.44 -14344.8 1212581518
1617.67 -14090.7 1212581574
221.599 -14572.2 1212581634
-638.204 -13293.8 1212581692
-1560.94 -12097.7 1212581749
-2594.48 -10987.3 1212581804
-2954.35 -9522.15 1212581860
-3093.52 -8031.07 1212581919
-3150.25 -6499.56 1212581969
-2159.26 -5550.17 1212582029
-1110.65 -4605.13 1212582090
-815.483 -4182.23 1212582150
-379.377 -4241.37 1212582211
-31.0238 -4139.82 1212582272
202.984 -3766 1212582333
202.984 -3766 1212582336
752.549 -3047.31 1212582396
1042.4 -2399.99 1212582456
1253.36 -1916.7 1212582522
1461.66 -1508.17 1212582577
1541.44 -919.893 1212582638
1532.58 -897.567 1212582687
1532.58 -890.869 1212582688
1279.95 -720.071 1212582748
1091.15 -735.7 1212582814
916.532 -807.145 1212582879
951.101 -1261.48 1212582938
958.192 -1335.15 1212582978
1601.71 -1344.08 1212583020
2121.14 -1326.22 1212583081
2736.3 -1518.22 1212583141
2657.41 -2998.2 1212583196
3167.09 -4461.19 1212583242
3623.58 -5902.71 1212583294
3882.41 -7371.87 1212583342
4157.19 -8884.26 1212583389
2643.23 -11426.6 1212583491
2599.79 -12926 1212583548
3210.52 -15843.7 1212583643
4452.36 -15874.9 1212583833
3262.82 -15730 1212583974
2952.58 -14254.6 1212584018
1509.53 -14144.2 1212584071
-780.914 -13123.3 1212584196
-780.914 -13123.3 1212584210
-1696.56 -11947.2 1212584238
-2632.59 -10670.7 1212584297
-3124.54 -9241.13 1212584364
-3147.59 -6250.79 1212584471
-1961.59 -5549.05 1212584533
-712.661 -4017.08 1212584646
-380.263 -3480.31 1212584716
-101.049 -3208.02 1212584771
155.119 -2904.46 1212584888
546.905 -2689.06 1212584954
896.145 -2257.13 1212585009
804.846 -1886.56 1212585072
790.664 -1559.52 1212585137
794.209 -1560.63 1212585190
795.096 -1559.52 1212585255
795.982 -1559.52 1212585310
796.869 -1560.63 1212585381
796.869 -1560.63 1212585430
796.869 -1560.63 1212585490
796.869 -1559.52 1212585550
796.869 -1559.52 1212585610
796.869 -1559.52 1212585674
796.869 -1558.4 1212585731
795.982 -1559.52 1212585791
796.869 -1560.63 1212585851
795.982 -1559.52 1212585912
795.096 -1559.52 1212585972
795.982 -1558.4 1212586037
797.755 -1570.68 1212586093
796.869 -1559.52 1212586154
795.096 -1560.63 1212586214
795.982 -1558.4 1212586276
796.869 -1561.75 1212586336
796.869 -1561.75 1212586396
795.982 -1560.63 1212586456
796.869 -1560.63 1212586520
796.869 -1560.63 1212586584
600.089 -1578.49 1212586638
568.179 -1338.5 1212586710
2.65918 -1265.94 1212586819
-271.237 -1275.99 1212586879
-702.911 -1454.59 1212586939
-1131.93 -1537.19 1212587008
-2063.53 -1452.36 1212587124
-2143.3 -1492.54 1212587180
-3087.31 -1878.75 1212587306
