3658.15 -932.173 1211884432
3706.9 -945.569 1211884492
3705.13 -945.569 1211884552
3706.9 -943.336 1211884612
3706.9 -943.336 1211884672
3706.9 -943.336 1211884736
3705.13 -942.22 1211884792
3705.13 -941.103 1211884831
3706.02 -942.22 1211884892
3706.02 -942.22 1211884952
3706.02 -942.22 1211885012
3705.13 -942.22 1211885072
3703.36 -942.22 1211885132
3705.13 -941.103 1211885193
3705.13 -942.22 1211885253
3705.13 -942.22 1211885314
3707.79 -942.22 1211885374
3706.9 -942.22 1211885435
3706.9 -943.336 1211885495
3703.36 -943.336 1211885557
3703.36 -941.103 1211885616
3704.24 -942.22 1211885678
3704.24 -942.22 1211885738
3705.13 -942.22 1211885799
3706.02 -942.22 1211885860
3705.13 -942.22 1211885921
3705.13 -942.22 1211885981
3705.13 -942.22 1211886042
3706.02 -942.22 1211886102
3706.02 -942.22 1211886163
3706.02 -942.22 1211886223
3705.13 -942.22 1211886289
3706.9 -943.336 1211886344
3706.9 -942.22 1211886405
3664.35 -977.942 1211886465
3576.6 -1137.57 1211886526
2846.21 -1187.8 1211886586
2343.63 -1313.94 1211886647
1595.51 -1331.8 1211886707
1350.87 -1089.57 1211886768
1309.2 -555.967 1211886829
1107.99 -551.502 1211886890
702.024 -530.291 1211886950
377.604 -429.817 1211887011
270.35 -56.9382 1211887071
231.349 425.374 1211887132
205.644 794.943 1211887192
358.99 1065.15 1211887260
304.033 1400.13 1211887313
288.965 1507.33 1211887374
416.605 1615.65 1211887434
411.287 1644.68 1211887466
230.463 1875.83 1211887525
178.165 2229.83 1211887599
148.028 2395.11 1211887623
168.415 2565.98 1211887688
229.576 2584.96 1211887717
232.235 2580.5 1211887779
232.235 2583.85 1211887798
344.807 2043.34 1211887894
424.583 1646.91 1211887955
483.085 1335.37 1211888015
850.939 1162.29 1211888076
944.896 1184.63 1211888136
994.535 1065.15 1211888197
1328.71 1094.18 1211888257
1951.84 1042.82 1211888318
2467.72 926.696 1211888379
2508.5 358.385 1211888440
2543.95 -110.527 1211888500
2744.28 -366.184 1211888561
2758.46 -401.908 1211888601
2758.46 -401.908 1211888602
2604.23 -361.718 1211888656
2573.2 -351.67 1211888667
2539.52 43.5412 1211888728
2493.43 640.861 1211888788
2400.36 1249.39 1211888854
2162.8 1486.11 1211888908
1676.17 1967.4 1211888969
1409.37 1919.38 1211889029
1383.66 1917.15 1211889048
1138.13 1874.71 1211889108
351.012 1639.1 1211889208
-317.329 1481.65 1211889268
-608.953 1271.72 1211889329
-712.661 1155.6 1211889386
-712.661 1155.6 1211889392
-870.439 1213.66 1211889447
-705.57 1106.47 1211889507
-1216.13 963.543 1211889572
-1251.59 530.325 1211889632
-1272.86 525.859 1211889648
-1271.98 526.976 1211889708
-1274.64 522.51 1211889773
-1274.64 521.393 1211889828
-1274.64 522.51 1211889888
-1272.86 520.277 1211889948
-1265.77 647.56 1211890014
-1283.5 752.514 1211890030
-1288.82 777.078 1211890091
-1223.22 357.268 1211890156
-1103.56 350.569 1211890216
-1350.87 319.308 1211890272
-1420.89 309.259 1211890332
-1428.87 311.492 1211890369
-1427.1 310.376 1211890429
-1426.21 309.259 1211890489
-1468.76 310.376 1211890549
-1427.98 303.677 1211890609
-1427.98 304.793 1211890669
-1425.32 304.793 1211890671
-1336.68 619.647 1211890732
-1293.25 1078.55 1211890792
-780.027 1345.42 1211890853
-16.8415 1471.6 1211890913
697.592 1584.38 1211890974
1069.88 1342.07 1211891034
1927.91 1038.35 1211891094
2626.39 194.263 1211891154
2803.67 -1289.38 1211891211
2543.07 -2759.37 1211891263
3065.15 -4146.52 1211891314
3563.31 -5584.75 1211891368
3823.91 -7067.35 1211891417
4089.82 -8551.92 1211891471
3839.86 -10015 1211891525
2789.48 -11127.8 1211891579
2579.41 -12645.1 1211891647
2851.53 -14152 1211891698
3148.47 -15621.9 1211891754
3904.57 -16261.5 1211891815
4072.1 -16227 1211891860
4070.32 -16228.1 1211891883
4070.32 -16228.1 1211891885
4067.66 -16230.3 1211891945
3828.34 -16087.7 1211892005
3216.73 -15600.8 1211892065
2895.85 -14133.1 1211892120
1435.07 -14184.3 1211892179
74.4571 -14455.2 1211892237
-737.48 -13167.9 1211892293
-1661.99 -11978.4 1211892351
-2627.27 -10850.2 1211892411
-3034.13 -9395.02 1211892467
-3053.63 -7704.27 1211892524
-3143.15 -6208.39 1211892579
-1908.41 -5544.59 1211892639
-1075.2 -4410.98 1211892699
-882.849 -4273.73 1211892760
-512.336 -3711.32 1211892821
-246.418 -3277.21 1211892881
-27.4782 -3161.14 1211892941
140.937 -2990.39 1211893001
475.994 -2748.21 1211893061
870.439 -2398.87 1211893121
832.324 -2007.11 1211893188
784.459 -1634.3 1211893246
794.209 -1561.75 1211893301
793.323 -1570.68 1211893362
795.096 -1570.68 1211893422
796.869 -1567.33 1211893482
798.641 -1562.86 1211893544
797.755 -1561.75 1211893603
796.869 -1560.63 1211893663
796.869 -1561.75 1211893729
797.755 -1565.1 1211893786
797.755 -1565.1 1211893845
797.755 -1563.98 1211893910
797.755 -1565.1 1211893970
796.869 -1565.1 1211894025
796.869 -1566.21 1211894085
795.096 -1562.86 1211894146
796.869 -1562.86 1211894210
796.869 -1563.98 1211894271
796.869 -1562.86 1211894330
796.869 -1561.75 1211894391
795.982 -1561.75 1211894447
795.982 -1560.63 1211894510
795.982 -1557.28 1211894572
795.982 -1563.98 1211894644
792.437 -1571.79 1211894707
793.323 -1569.56 1211894754
794.209 -1565.1 1211894818
794.209 -1560.63 1211894872
794.209 -1559.52 1211894935
795.096 -1559.52 1211894991
738.367 -1567.33 1211895056
573.497 -1413.29 1211895111
429.901 -1234.69 1211895174
-9.75034 -1265.94 1211895233
-347.467 -1279.34 1211895296
-804.846 -1488.08 1211895414
-1407.59 -1610.86 1211895479
-2075.94 -1447.89 1211895545
-2465.95 -1816.24 1211895614
