2222.19 3145.61 1212335114
2328.56 3146.73 1212335180
2330.33 3146.73 1212335376
2359.58 3141.14 1212335440
2358.7 3141.14 1212335558
2375.54 3137.79 1212335618
2387.06 3138.91 1212335679
2381.74 3142.26 1212335750
2279.81 3076.37 1212335985
2379.97 2701.11 1212336046
2770.87 2332.57 1212336107
3251.29 1850.15 1212336167
3091.74 1652.5 1212336228
3556.21 781.544 1212336289
3901.91 -729.002 1212336339
3289.41 -2126.54 1212336395
2915.35 -3635.43 1212336442
3392.23 -5123.97 1212336496
3751.22 -6621.15 1212336530
4024.23 -8139.26 1212336589
3030.58 -15169.5 1212336814
4564.04 -16035.3 1212336933
4470.09 -15891.6 1212336991
4282.17 -15900.5 1212337069
4225.44 -15983 1212337074
