3641.31 -903.149 1211490935
3603.19 -986.872 1211490999
3608.51 -977.942 1211491050
3607.63 -980.174 1211491110
3606.74 -980.174 1211491170
3607.63 -980.174 1211491230
3607.63 -981.29 1211491290
3606.74 -980.174 1211491350
3606.74 -980.174 1211491415
3606.74 -980.174 1211491477
3605.85 -980.174 1211491532
3604.97 -979.058 1211491591
3588.12 -990.221 1211491652
3635.99 -1150.97 1211491711
3842.52 -1081.76 1211491771
3573.06 -1726.95 1211491832
2718.57 -2960.26 1211491889
3151.13 -4392.01 1211491946
3615.6 -5846.93 1211491994
3874.43 -7310.52 1211492044
4143.89 -8802.85 1211492094
2686.66 -11328.5 1211492200
2593.59 -12832.3 1211492249
2860.39 -14295.8 1211492312
3191.91 -15783.5 1211492357
4015.37 -16172.4 1211492432
4410.7 -16024.2 1211492478
4414.24 -16022 1211492538
4415.13 -16027.5 1211492599
4414.24 -16025.3 1211492664
4416.9 -16020.9 1211492719
4415.13 -16024.2 1211492779
4414.24 -16023.1 1211492844
4415.13 -16023.1 1211492900
4415.13 -16024.2 1211492964
4415.13 -16020.9 1211493020
