4548.09 -16001.9 1212104681
4425.77 -15892.7 1212104713
3909 -16169 1212104778
3111.24 -15167.3 1212104843
2511.16 -14018.3 1212104895
1106.22 -14378.3 1212104955
-251.736 -14025 1212105015
-1193.97 -12805.6 1212105065
-2069.73 -11594.9 1212105114
-2660.07 -10204.6 1212105167
-3178.61 -8786.12 1212105230
-3074.9 -7370.76 1212105262
-3141.38 -5858.09 1212105314
-3287.64 -4754.65 1212105372
-3463.14 -3334.12 1212105497
-3484.42 -2955.8 1212105557
-3500.37 -2667.85 1212105613
-3541.15 -1838.57 1212105679
-3564.19 -1434.5 1212105733
-3605.85 -734.583 1212105798
-3635.1 -185.327 1212105858
-3660.81 183.098 1212105919
-3762.74 832.905 1212105975
-4299.9 1445.92 1212106015
-4321.17 1777.56 1212106077
-4571.14 1787.61 1212106136
-5071.95 1757.46 1212106196
-5240.36 1741.83 1212106257
-5239.48 1741.83 1212106274
-5244.8 1739.6 1212106378
-5243.02 1741.83 1212106427
-5243.02 1741.83 1212106439
-5444.23 1737.36 1212106498
-5768.66 1720.61 1212106559
-6398 1682.65 1212106618
-6592.12 1672.6 1212106639
-6674.55 1669.25 1212106677
-6678.1 1254.97 1212106730
-6030.14 1279.54 1212106789
-5482.35 1308.57 1212106849
-4814.89 1352.12 1212106914
-4332.7 1375.57 1212106971
-4053.48 1386.73 1212107040
-3658.15 1414.65 1212107091
-3238 1438.1 1212107155
-2758.46 1469.36 1212107211
-2075.05 1568.75 1212107262
-1704.54 1615.65 1212107322
-1649.58 1636.86 1212107377
-1565.37 1646.91 1212107384
-1329.59 1468.25 1212107496
-1314.52 1471.6 1212107553
-1138.13 1503.98 1212107607
-1204.61 1411.3 1212107677
-1145.22 1717.26 1212107727
-977.693 1931.67 1212107788
-1037.08 2289.02 1212107852
-1004.28 2793.81 1212107908
-153.346 2942.34 1212107970
116.118 3196.99 1212108028
309.352 3233.84 1212108088
327.966 3545.46 1212108150
545.133 3574.5 1212108221
603.635 3276.29 1212108269
350.126 3128.86 1212108329
-277.441 3027.22 1212108389
-965.284 2915.54 1212108449
-1031.76 2625.17 1212108516
-1019.35 2538.06 1212108575
-978.579 1864.66 1212108631
-933.373 1562.05 1212108693
-1151.43 1391.2 1212108751
-1301.23 1374.45 1212108811
-1345.55 1404.6 1212108821
-1295.91 1478.3 1212108856
-953.76 1534.13 1212108916
-622.249 1587.73 1212108976
-307.579 1637.98 1212109036
115.231 1703.86 1212109096
529.177 1770.86 1212109156
957.306 1838.98 1212109221
1060.13 1861.31 1212109277
1102.67 1871.36 1212109338
1142.56 1774.21 1212109399
1404.94 1811.06 1212109459
1623.87 1824.46 1212109519
1634.51 1807.71 1212109532
2332.1 1134.38 1212109592
2447.34 1074.08 1212109652
2487.22 1036.12 1212109713
2528.88 998.157 1212109774
2574.98 960.193 1212109834
2644.11 888.733 1212109894
2886.99 -599.505 1212110021
2488.11 -2090.82 1212110057
2888.76 -3588.56 1212110110
3329.3 -5035.82 1212110156
3728.18 -6496.21 1212110205
3992.32 -7984.22 1212110263
4127.05 -9473.08 1212110309
3279.66 -10719.7 1212110361
2605.11 -11513.6 1212110390
2606 -13034.1 1212110442
2886.99 -14557.7 1212110494
3270.8 -16045.4 1212110543
4173.15 -16126.7 1212110608
4385.88 -16044.3 1212110664
4386.77 -16044.3 1212110724
4386.77 -16043.1 1212110788
4388.54 -16044.3 1212110844
4384.99 -16046.5 1212110918
4387.65 -16044.3 1212110965
4386.77 -16045.4 1212111039
4386.77 -16045.4 1212111086
4384.11 -16046.5 1212111147
4386.77 -16046.5 1212111208
4385.88 -16042 1212111268
4387.65 -16043.1 1212111389
4387.65 -16043.1 1212111464
4385.88 -16040.9 1212111509
4387.65 -16044.3 1212111574
4387.65 -16045.4 1212111600
4386.77 -16045.4 1212111713
4385.88 -16045.4 1212111779
4386.77 -16044.3 1212111838
4387.65 -16046.5 1212111894
4387.65 -16048.7 1212111954
4387.65 -16047.6 1212112088
4386.77 -16042 1212112134
4386.77 -16043.1 1212112199
