-5016.99 -1139.8 1213019613
-5065.74 -338.274 1213019900
-5066.63 -334.925 1213019960
-5065.74 -337.157 1213020086
-3302.71 615.181 1213020382
-2481.02 662.075 1213020451
-1724.04 892.083 1213020508
-1652.24 1254.97 1213020577
-1135.47 1295.17 1213020622
-944.01 1699.4 1213020682
-992.762 2006.49 1213020742
-905.895 2465.47 1213020802
-459.152 2662.02 1213020862
290.737 2782.64 1213020923
975.034 2906.6 1213020982
1084.06 2957.98 1213021042
1381.89 2972.5 1213021103
1677.06 3010.47 1213021164
2326.79 3043.98 1213021224
2557.25 3146.73 1213021285
2727.44 2774.82 1213021345
2889.65 2622.93 1213021409
2769.98 2427.5 1213021466
2664.5 2485.57 1213021514
2813.42 2670.96 1213021574
2833.8 2504.55 1213021639
2546.61 2191.86 1213021705
2098.1 1759.7 1213021755
1787.86 1860.2 1213021814
1620.33 1835.63 1213021876
1280.84 1505.1 1213021951
1116.86 1342.07 1213021996
852.711 1078.55 1213022056
271.237 510.228 1213022177
100.163 342.754 1213022215
-69.1388 251.202 1213022276
-322.648 237.805 1213022320
-399.764 270.183 1213022350
-487.517 430.956 1213022410
-663.909 506.879 1213022540
-145.369 733.533 1213022586
-155.119 928.929 1213022655
-159.551 934.512 1213022685
-361.649 1165.64 1213022745
-362.535 1202.49 1213022810
-361.649 1192.44 1213022866
-359.876 1200.26 1213022932
-361.649 1199.14 1213022991
-140.937 1247.16 1213023056
292.51 1307.45 1213023116
581.475 1538.6 1213023242
536.269 1823.35 1213023294
480.426 2235.41 1213023347
426.356 2579.38 1213023413
407.741 2698.88 1213023468
358.99 3001.54 1213023535
944.01 3123.27 1213023588
1187.77 3164.6 1213023650
1679.72 3241.66 1213023710
2239.03 3326.55 1213023771
2656.52 3376.81 1213023835
2802.78 3491.85 1213023892
2770.87 3705.18 1213023960
2745.16 3787.83 1213023967
2855.96 3842.57 1213024017
2876.35 3852.62 1213024083
2877.24 3853.74 1213024103
2879.01 3857.09 1213024111
3015.51 3852.62 1213024125
2913.58 3754.33 1213024186
2630.82 3717.47 1213024246
2198.26 3644.87 1213024307
1934.11 3600.19 1213024365
1884.47 3754.33 1213024436
1831.29 4002.29 1213024486
1937.66 4062.61 1213024527
2018.32 3726.4 1213024587
2260.31 3755.44 1213024648
2297.53 3762.14 1213024669
2436.7 3790.07 1213024729
2743.39 3828.05 1213024796
3062.49 3473.98 1213024851
3162.66 3509.72 1213024911
3159.11 3519.77 1213024921
3199 3489.61 1213024980
3167.09 3341.06 1213025040
3000.45 3207.04 1213025100
2652.09 2880.92 1213025160
2265.62 2482.22 1213025219
2275.37 2468.82 1213025230
1894.22 2124.86 1213025289
1732.01 1957.35 1213025350
1646.03 2354.91 1213025410
1589.31 2565.98 1213025470
1564.49 2851.88 1213025530
1297.68 2855.23 1213025590
406.855 2735.73 1213025716
-296.056 2599.48 1213025771
-594.771 2549.23 1213025834
