-210.075 4515 1212882822
476.88 4093.89 1212882824
474.221 4078.25 1212882825
475.107 4061.49 1212882828
519.427 3765.5 1212882888
596.543 3305.32 1212882948
530.95 3155.66 1212883008
107.254 3090.88 1212883068
-672.773 2970.26 1212883128
-1021.13 2531.36 1212883198
-1061.9 2362.72 1212883248
-967.056 1785.38 1212883308
-1399.62 1684.88 1212883368
-1412.03 1682.65 1212883403
-1414.69 1681.53 1212883404
-1389.87 1891.46 1212883465
-1009.6 1940.6 1212883525
-1039.74 2418.56 1212883586
-1029.99 2453.18 1212883609
-1017.58 2504.55 1212883664
-567.292 2878.68 1212883724
88.6394 2987.02 1212883785
627.567 3148.96 1212883845
585.907 3371.22 1212883905
526.518 3766.61 1212883965
499.04 3893.95 1212884020
499.04 3893.95 1212884021
82.4347 3817.99 1212884081
109.913 3535.41 1212884147
141.823 3328.78 1212884207
374.945 3242.78 1212884261
870.439 3324.31 1212884321
895.258 3320.96 1212884362
975.034 2836.24 1212884422
1080.51 2151.66 1212884482
1113.31 1932.78 1212884542
1049.49 1748.53 1212884602
1006.06 1727.31 1212884663
1060.13 1384.5 1212884723
1595.51 1068.5 1212884783
2686.66 714.552 1212884844
2894.96 -724.536 1212884904
2459.74 -2194.62 1212884958
2911.81 -3632.08 1212885011
3363.87 -5072.64 1212885067
3727.29 -6514.06 1212885114
3994.09 -8000.95 1212885171
4111.98 -9507.65 1212885221
3239.77 -10747.6 1212885274
2538.63 -12050.9 1212885338
2696.41 -13541.3 1212885386
2991.58 -15038 1212885439
3583.69 -16350.7 1212885499
4054.37 -16093.3 1212885561
3993.21 -16046.5 1212885612
3978.14 -16048.7 1212885614
3313.34 -15890.5 1212885674
2988.92 -14527.6 1212885743
2643.23 -13157.8 1212885794
2574.09 -11656.3 1212885846
3510.12 -10484.5 1212885896
4205.94 -9136.3 1212885946
3959.52 -7661.88 1212885994
3693.61 -6198.35 1212886043
3249.52 -4754.65 1212886093
2832.92 -3292.83 1212886152
2746.94 -2753.79 1212886207
3704.24 -1559.52 1212886221
3851.38 -44.6574 1212886275
3378.05 1289.59 1212886335
3256.61 1812.18 1212886396
3551.78 1836.75 1212886456
3915.2 2191.86 1212886517
3900.14 2397.34 1212886577
3711.33 2580.5 1212886637
3443.64 2835.13 1212886697
3448.96 2841.83 1212886762
3452.51 2842.95 1212886817
3452.51 2837.36 1212886877
3411.73 2890.97 1212886937
3206.09 2863.05 1212887006
3093.52 2758.07 1212887057
3082.88 2731.26 1212887077
3042.99 2699.99 1212887115
2949.92 2605.06 1212887171
2709.71 2387.29 1212887230
2241.69 2080.19 1212887293
1950.07 2325.87 1212887352
1873.84 2779.29 1212887412
1860.54 2930.06 1212887473
1786.08 3358.94 1212887537
1764.81 3471.74 1212887593
1591.08 3631.46 1212887658
1545.87 3920.75 1212887713
1492.69 4222.34 1212887773
1478.51 4258.09 1212887825
1356.18 4240.21 1212887861
1211.7 4095 1212887918
1210.81 4096.12 1212887926
2484.56 4192.18 1212888056
2543.07 4203.35 1212888107
2554.59 4203.35 1212888113
2666.27 4119.58 1212888179
2685.78 4108.41 1212888234
2835.58 3966.55 1212888300
3050.08 3792.3 1212888354
3128.97 3511.95 1212888414
2998.67 3352.23 1212888474
3005.76 3275.17 1212888535
2972.08 3205.92 1212888600
2659.18 2866.4 1212888655
2595.36 2800.51 1212888690
2451.77 2670.96 1212888750
2334.76 2799.39 1212888810
2438.47 2669.84 1212888870
2711.48 2393.99 1212888935
3114.79 1986.38 1212888991
3227.36 1798.78 1212889057
2816.96 1387.85 1212889113
2809.87 1362.17 1212889166
2863.05 1415.77 1212889172
2865.71 1449.27 1212889188
2649.43 1683.76 1212889245
2235.49 2081.31 1212889305
1815.34 2297.95 1212889365
1397.84 2235.41 1212889425
1216.13 2242.11 1212889494
1182.45 2428.61 1212889550
1108.88 2994.84 1212889605
1062.79 3208.16 1212889666
974.147 3758.79 1212889726
850.052 4540.7 1212889787
755.208 4568.62 1212889852
7.97755 4444.63 1212889907
-312.897 4389.9 1212889967
-480.426 4452.45 1212890028
-480.426 4452.45 1212890029
-310.238 4498.25 1212890090
-189.688 4468.09 1212890150
-169.301 4404.42 1212890210
-25.7054 4372.02 1212890271
13.2959 4148.62 1212890330
280.101 4162.02 1212890400
423.697 4193.3 1212890447
602.748 4110.64 1212890507
992.762 4181.01 1212890568
1194.86 4212.29 1212890630
1622.99 4284.89 1212890690
1828.63 4011.23 1212890750
1872.07 3720.82 1212890811
2084.8 3511.95 1212890872
2086.57 3513.07 1212890881
2091 3515.3 1212890898
2222.19 3438.24 1212890958
2257.65 3180.23 1212891018
2378.2 3116.57 1212891075
2378.2 3117.69 1212891077
2565.23 3144.49 1212891137
2582.95 3151.2 1212891148
2678.68 3389.09 1212891212
2471.27 3467.27 1212891268
1947.41 3420.36 1212891321
1287.04 3294.16 1212891381
1080.51 3266.23 1212891442
990.103 3616.94 1212891502
896.145 4231.28 1212891562
623.135 4221.22 1212891624
623.135 4221.22 1212891628
608.953 4227.93 1212891668
793.323 4248.03 1212891913
1094.7 4296.06 1212891967
1293.25 4334.04 1212892027
1675.29 4394.36 1212892087
2191.17 4472.56 1212892148
2248.78 4487.08 1212892208
2332.1 4498.25 1212892258
2332.1 4499.37 1212892259
2426.95 4410 1212892319
2320.58 4449.1 1212892379
2092.78 4635.65 1212892439
1944.75 4766.35 1212892467
1841.93 4846.78 1212892526
1417.34 4790.92 1212892587
1287.93 4576.44 1212892648
1338.46 4223.46 1212892708
1183.34 4218.99 1212892769
1080.51 4198.88 1212892829
780.914 4150.85 1212892890
326.193 4071.55 1212892950
-101.049 4004.53 1212893016
-101.935 4007.88 1212893053
-112.572 4029.1 1212893056
107.254 4151.97 1212893116
351.899 4185.48 1212893163
421.037 4405.53 1212893224
-18.6143 4442.4 1212893284
-619.59 4370.91 1212893347
-622.249 4384.31 1212893378
-626.681 4389.9 1212893379
-776.482 4411.12 1212893440
-776.482 4411.12 1212893459
-620.476 4365.32 1212893519
-616.044 4342.98 1212893579
-51.4109 4427.87 1212893639
367.854 4492.66 1212893699
911.213 4576.44 1212893759
1056.58 4068.2 1212893829
1053.04 4068.2 1212893844
1053.04 4065.96 1212893846
1194.86 3986.66 1212893906
1217.02 4103.94 1212893942
1174.47 4384.31 1212893997
1101.79 4831.14 1212894056
1063.67 5019.93 1212894116
1131.04 5153.98 1212894180
1420 5205.37 1212894238
1620.33 5329.38 1212894298
1621.22 5329.38 1212894305
1482.94 5237.77 1212894366
1503.32 5132.76 1212894426
1694.79 4833.37 1212894485
1752.4 4443.51 1212894545
1817.99 4087.18 1212894605
1865.86 3729.75 1212894666
1902.2 3404.73 1212894726
1942.98 3293.04 1212894787
1993.5 2916.66 1212894847
2177.87 2681.01 1212894908
2231.94 2676.54 1212894946
2413.65 2739.08 1212895006
2390.61 2732.38 1212895079
2426.95 2820.61 1212895139
2595.36 2841.83 1212895199
2712.37 2803.86 1212895259
2706.16 2768.12 1212895303
2776.19 2713.39 1212895370
2594.48 2526.89 1212895428
2249.67 2710.04 1212895485
1756.83 2717.86 1212895543
1606.15 2705.58 1212895603
1327.82 2651.97 1212895664
1175.36 2632.98 1212895729
1123.95 2765.88 1212895784
1030.88 3383.51 1212895844
914.759 4143.03 1212895904
607.18 4436.81 1212895964
192.348 4370.91 1212896024
-21.2735 4336.28 1212896085
-21.2735 4332.93 1212896112
-20.3871 4334.04 1212896118
15.0687 4140.8 1212896185
164.869 4148.62 1212896234
335.057 4173.19 1212896294
728.616 4236.86 1212896349
888.167 4260.32 1212896409
1271.98 4323.99 1212896469
1526.37 4368.67 1212896530
1633.62 4385.43 1212896560
2042.25 4446.86 1212896613
2222.19 4477.02 1212896660
2324.13 4493.78 1212896721
2616.64 4538.46 1212896781
2779.73 4456.92 1212896842
2791.26 4441.28 1212896881
2793.92 4426.76 1212896883
2619.3 4224.58 1212896943
2270.94 4484.84 1212897063
1864.09 4816.61 1212897123
1672.63 5005.41 1212897187
1715.17 5140.58 1212897233
1708.08 5169.62 1212897293
1715.17 5141.7 1212897353
1767.47 5156.22 1212897413
2164.58 5219.9 1212897473
2355.15 5362.89 1212897533
2293.99 5385.24 1212897595
2288.67 5384.12 1212897655
2289.56 5383 1212897715
2289.56 5383 1212897776
2291.33 5384.12 1212897836
2291.33 5384.12 1212897845
2075.05 5399.76 1212897905
2002.37 5299.21 1212897969
1531.69 5227.72 1212898029
1358.84 5197.55 1212898085
1202.84 5107.06 1212898145
1195.75 5104.83 1212898205
1199.29 5084.72 1212898245
1203.72 5080.25 1212898247
1076.97 5048.97 1212898312
1284.39 5181.91 1212898367
1302.11 5187.5 1212898400
1581.33 5067.97 1212898459
1712.51 4740.65 1212898519
1738.22 4422.29 1212898580
1818.88 4043.62 1212898640
1868.52 3727.52 1212898702
1929.68 3400.26 1212898766
1952.73 3249.48 1212898822
2113.16 3090.88 1212898882
2448.22 3113.22 1212898942
2443.79 3095.35 1212898969
2447.34 3102.05 1212898971
2948.15 3240.54 1212899031
2962.33 3163.48 1212899092
2663.62 2873.1 1212899152
2452.65 2699.99 1212899212
2419.86 2701.11 1212899272
2326.79 2829.54 1212899321
2406.56 2942.34 1212899382
2553.7 2969.15 1212899442
2737.19 3060.73 1212899503
2827.6 3237.19 1212899563
2795.69 3442.7 1212899624
2752.25 3929.69 1212899685
2619.3 4166.49 1212899745
2497.86 4279.31 1212899806
2316.15 4441.28 1212899866
2251.44 4490.43 1212899927
2154.82 4779.75 1212899987
2106.07 5089.19 1212900048
2104.3 5197.55 1212900108
1810.9 5169.62 1212900179
1722.26 5156.22 1212900229
1632.74 5210.96 1212900295
1632.74 5227.72 1212900299
1607.03 5347.25 1212900347
1478.51 5244.47 1212900407
1509.53 5116 1212900467
1681.49 4907.1 1212900527
1739.11 4519.47 1212900588
1817.99 4099.47 1212900649
1804.7 3891.71 1212900713
1879.16 3592.37 1212900769
1923.48 3400.26 1212900829
1992.61 3050.68 1212900889
2076.82 2596.13 1212900950
2093.66 2424.15 1212901010
1813.56 2289.02 1212901079
2209.78 1715.03 1212901130
2392.38 1522.96 1212901190
2189.39 1299.64 1212901252
2460.63 940.095 1212901310
2410.99 635.278 1212901375
2423.4 650.909 1212901431
2423.4 647.56 1212901491
2423.4 644.21 1212901551
2424.29 641.977 1212901611
2424.29 643.094 1212901672
2424.29 644.21 1212901731
2424.29 640.861 1212901791
2425.18 643.094 1212901852
2264.74 616.297 1212901917
1810.02 607.365 1212901971
1784.31 914.414 1212902031
1772.79 1035 1212902103
1904.86 1295.17 1212902154
2135.32 1516.26 1212902219
2599.79 1970.75 1212902274
2960.56 2335.92 1212902340
2964.1 2333.69 1212902353
3048.31 2421.91 1212902413
3269.91 2660.9 1212902476
3436.55 2870.87 1212902534
3283.21 2955.75 1212902598
3146.7 2957.98 1212902653
2039.59 3128.86 1212902925
1990.84 3102.05 1212902954
2087.46 3112.1 1212903014
2384.4 3147.84 1212903074
2383.51 3146.73 1212903078
2654.75 3200.34 1212903139
3026.15 3236.08 1212903200
3259.27 3008.24 1212903297
3384.25 2860.81 1212903359
3663.47 2593.9 1212903427
3952.43 2528.01 1212903479
3982.57 2503.44 1212903514
3985.23 2498.97 1212903519
4180.24 2740.2 1212903580
4184.67 2402.93 1212903640
4192.65 2399.58 1212903700
4116.42 2251.05 1212903760
4096.92 2227.6 1212903793
3901.91 2027.7 1212903853
3578.37 2350.44 1212903913
3297.39 2593.9 1212903977
3036.79 2845.18 1212904038
2855.96 3102.05 1212904093
2426.06 3232.73 1212904153
2432.27 3172.42 1212904213
2432.27 3172.42 1212904241
2257.65 3097.59 1212904311
2214.21 3084.18 1212904341
2309.94 3007.12 1212904396
2207.12 2981.43 1212904456
1537.89 2888.74 1212904516
1309.2 2866.4 1212904576
1150.54 2905.49 1212904636
719.752 3190.29 1212904703
-114.345 3049.56 1212904760
-428.129 3211.51 1212904824
-434.333 3230.49 1212904858
-439.652 3301.97 1212904869
-443.197 3305.32 1212904881
-505.245 3697.36 1212904936
-410.401 3950.91 1212904996
20.3871 4019.05 1212905056
265.032 4162.02 1212905116
328.852 4172.08 1212905176
337.716 4173.19 1212905187
349.239 4175.43 1212905189
602.748 4111.76 1212905249
805.733 3929.69 1212905309
871.326 3532.06 1212905369
983.898 2801.62 1212905429
1306.55 2545.87 1212905489
1595.51 2579.38 1212905550
1802.04 2622.93 1212905611
2196.49 2664.26 1212905673
2366.67 2692.18 1212905731
2718.57 2390.64 1212905803
3176.84 1930.55 1212905856
3384.25 1712.8 1212905911
3562.42 1887 1212905971
3737.04 2103.64 1212906033
3713.99 2114.81 1212906062
3709.56 2118.16 1212906064
3660.81 2216.43 1212906124
3829.22 2383.94 1212906184
3863.79 2435.31 1212906203
3943.57 2782.64 1212906268
3953.32 3204.8 1212906324
3808.84 3366.75 1212906384
3534.94 3609.12 1212906444
3598.76 3711.88 1212906504
3417.05 3679.49 1212906564
3729.95 3327.66 1212906624
3797.31 3211.51 1212906684
4058.8 2953.51 1212906745
3988.77 2970.26 1212906760
4175.8 3006 1212906820
4197.96 2853 1212906876
4111.98 2685.47 1212906931
4041.07 2605.06 1212906997
3596.1 2159.48 1212907052
3094.4 1668.13 1212907112
2877.24 1846.8 1212907177
2617.52 2110.34 1212907232
2397.7 2323.64 1212907292
2443.79 2475.52 1212907350
2454.43 2483.34 1212907352
2517.36 2457.65 1212907417
2278.92 2448.72 1212907473
2285.12 2691.06 1212907533
2473.93 2870.87 1212907593
2481.9 2926.71 1212907653
2453.54 2916.66 1212907742
2444.68 2926.71 1212907757
2344.51 2790.45 1212907817
2286.01 2532.47 1212907877
2099.87 2319.17 1212907937
1917.27 2146.08 1212907998
1663.76 1863.55 1212908057
1043.29 1269.49 1212908117
748.117 979.175 1212908177
281.873 516.927 1212908238
40.7741 251.202 1212908299
40.7741 250.086 1212908309
-20.3871 79.2675 1212908371
63.8204 54.7057 1212908485
295.169 99.3636 1212908525
727.73 131.741 1212908585
1050.38 236.688 1212908641
1027.33 577.219 1212908701
1153.2 1080.78 1212908761
1321.61 1098.65 1212908827
2343.63 1003.74 1212908930
2532.43 1089.72 1212908990
2770.87 1336.49 1212909050
3100.61 1658.08 1212909110
3389.57 1940.6 1212909171
3389.57 1941.72 1212909185
3654.6 2215.31 1212909249
3877.98 2411.86 1212909304
3466.69 2826.19 1212909364
3454.28 2878.68 1212909458
3427.69 2860.81 1212909527
3370.07 2893.2 1212909579
3185.7 3104.29 1212909639
2972.08 2941.23 1212909704
2972.08 2950.16 1212909706
2800.12 3054.03 1212909766
2781.51 3523.12 1212909826
2746.94 4105.06 1212909886
2680.46 4272.61 1212909951
2683.12 4272.61 1212909955
2592.7 4286.01 1212910028
2525.34 4406.65 1212910092
2450.88 4482.61 1212910143
2448.22 4482.61 1212910145
2366.67 4424.52 1212910205
2248.78 4197.77 1212910265
2154.82 4153.09 1212910342
1218.79 4003.41 1212910386
819.028 3934.16 1212910446
782.686 3821.34 1212910490
897.918 3310.91 1212910550
1007.83 2589.43 1212910627
439.652 2296.84 1212910675
-390.014 2160.59 1212910735
-826.12 1902.63 1212910795
-942.237 1861.31 1212910835
-944.01 1861.31 1212910837
-805.733 1771.98 1212910902
-677.205 1792.08 1212910921
-898.804 1763.05 1212910981
-1510.42 1667.01 1212911041
-2155.71 1566.51 1212911086
-2230.17 2050.04 1212911155
-2327.67 2360.49 1212911206
-2891.42 2311.35 1212911266
-3251.29 2306.89 1212911336
-3485.3 2291.25 1212911393
-3491.51 2280.08 1212911454
-3189.25 2282.32 1212911501
-3113.9 2483.34 1212911566
-3262.82 2789.34 1212911635
-3003.1 3587.9 1212911671
-2881.67 4774.17 1212911731
-1614.12 4826.67 1212911791
-1032.65 4508.3 1212911851
-596.543 4340.75 1212911911
56.7292 4449.1 1212911975
693.16 4576.44 1212912036
760.526 4783.1 1212912091
757.867 4784.22 1212912151
762.299 4784.22 1212912216
771.163 4786.45 1212912224
968.829 4814.38 1212912274
1068.11 5005.41 1212912334
1478.51 5110.42 1212912395
1660.22 5060.15 1212912455
1661.99 5054.56 1212912472
1969.57 4738.42 1212912542
2230.17 4488.2 1212912598
2219.53 4370.91 1212912645
2163.69 4147.5 1212912721
1110.65 3988.89 1212912770
965.284 3962.08 1212912825
818.142 3954.26 1212912886
860.689 3511.95 1212912948
1003.4 2601.71 1212913011
1117.74 1904.87 1212913066
882.849 1718.38 1212913126
319.102 1613.41 1212913186
-311.124 1529.66 1212913246
-1028.22 1413.53 1212913311
-1740.88 1112.05 1212913367
-2239.03 678.823 1212913432
-2685.78 649.793 1212913490
-3097.06 456.636 1212913557
-3141.38 2.32831e-09 1212913608
-3451.62 -224.401 1212913668
-3421.48 -761.375 1212913732
-3308.02 -1108.55 1212913788
-3303.59 -1153.2 1212913853
-3580.15 -1053.85 1212913944
-3586.35 -956.732 1212913952
-3586.35 -956.732 1212913964
-3622.69 -336.041 1212914011
-3679.42 578.335 1212914067
-2873.69 633.045 1212914127
-2301.97 668.774 1212914187
-1722.26 1080.78 1212914247
-1482.94 1240.46 1212914307
-816.369 1347.65 1212914369
-156.005 1464.9 1212914433
-160.437 1522.96 1212914489
-156.892 1524.08 1212914549
-156.005 1526.31 1212914609
-144.482 1540.83 1212914672
-146.255 1539.71 1212914732
-148.028 1536.36 1212914793
-148.028 1537.48 1212914857
-142.71 1543.06 1212914913
-167.529 1518.5 1212914962
-159.551 1470.48 1212914985
-153.346 1450.38 1212915008
349.239 1528.55 1212915068
989.216 1634.63 1212915128
1146.11 1199.14 1212915191
2485.45 959.077 1212915251
2788.6 -299.2 1212915316
2959.67 -1205.66 1212915380
3745.9 -1080.64 1212915431
3585.47 -955.615 1212915492
3585.47 -954.499 1212915555
3583.69 -947.801 1212915615
3589.9 -973.476 1212915673
3589.9 -973.476 1212915734
