-1068.99 -4380.85 1211299893
-842.075 -4216.82 1211299948
-831.438 -4196.73 1211300004
-587.68 -4139.82 1211300064
-287.192 -4288.23 1211300134
-82.4347 -4245.83 1211300262
-83.3211 -4246.95 1211300312
-85.0939 -4243.6 1211300499
-37.2286 -4156.56 1211300666
9.75034 -4078.45 1211300727
16.8415 -4066.18 1211300787
-185.256 -3620.93 1211300965
-337.716 -3329.66 1211301029
126.754 -3019.41 1211301135
132.073 -2958.03 1211301188
-326.193 -2830.8 1211301249
-592.111 -2516.07 1211301309
-1124.83 -1940.14 1211301370
-1379.23 -1675.6 1211301430
-1550.3 -1719.13 1211301491
-1520.17 -1726.95 1211301551
-1432.41 -1651.05 1211301612
-1432.41 -1651.05 1211301631
-1000.74 -1515.98 1211301712
-337.716 -1283.8 1211301777
-337.716 -1283.8 1211301802
164.869 -1236.92 1211301840
142.71 -948.918 1211301894
120.55 -653.09 1211301950
77.1163 -110.527 1211302031
77.1163 -110.527 1211302048
54.0701 234.455 1211302086
85.9803 299.211 1211302147
529.177 660.958 1211302236
529.177 660.958 1211302250
694.047 835.138 1211302275
1155.86 890.966 1211302336
1378.34 904.365 1211302384
1391.64 895.432 1211302400
1334.91 724.6 1211302427
1071.65 704.503 1211302466
1003.4 1064.03 1211302555
1049.49 1070.73 1211302577
1049.49 1075.2 1211302638
1046.83 1074.08 1211302644
1202.84 1404.6 1211302744
1318.95 1531.9 1211302804
1514.85 1704.98 1211302864
1638.94 1622.35 1211302930
1885.36 1817.76 1211302993
2329.44 2332.57 1211303073
2565.23 2509.02 1211303134
2565.23 2509.02 1211303148
2855.96 2803.86 1211303193
3041.22 2932.29 1211303253
3222.93 3147.84 1211303313
3288.52 3260.65 1211303376
3288.52 3260.65 1211303399
3417.94 3308.67 1211303436
3440.1 3394.68 1211303496
3140.5 3735.34 1211303732
3140.5 3735.34 1211303733
3056.29 3734.22 1211303794
2925.99 3667.2 1211303862
2672.48 3750.98 1211303914
2373.76 3680.61 1211303976
2354.26 3661.62 1211304036
2205.35 3642.63 1211304099
1957.16 3614.71 1211304156
1626.53 3562.21 1211304216
1472.3 3533.17 1211304296
1181.56 3498.55 1211304323
1022.9 3482.91 1211304388
924.509 3771.08 1211304453
795.096 3895.06 1211304504
765.845 4127.4 1211304555
630.226 4435.69 1211304656
659.477 4447.98 1211304706
656.818 4446.86 1211304761
657.705 4445.75 1211304814
733.935 4286.01 1211304869
795.982 3955.38 1211304931
832.324 3745.39 1211305005
928.055 3217.09 1211305050
1015.81 2580.5 1211305111
1106.22 1989.73 1211305177
1129.27 1807.71 1211305234
1084.06 1430.28 1211305294
1173.59 1172.34 1211305358
2365.79 980.291 1211305413
2633.48 212.126 1211305476
2446.45 -2241.5 1211305594
2910.03 -3656.64 1211305657
3352.34 -5081.57 1211305697
3730.83 -6540.83 1211305756
3997.64 -8036.65 1211305810
