1758.61 4417.82 1212537132
1790.52 4248.03 1212537137
1790.52 4248.03 1212537151
1790.52 4248.03 1212537217
1864.97 3761.03 1212537222
1864.97 3761.03 1212537263
1864.97 3761.03 1212537410
1974 3021.64 1212537412
1974.89 3017.17 1212537418
1974.89 3007.12 1212537419
1979.32 3001.54 1212537427
2012.12 2905.49 1212537478
2011.23 2898.79 1212537479
2300.19 2920.01 1212537540
2508.5 2942.34 1212537600
2509.38 2943.46 1212537618
2784.16 2995.95 1212537673
2814.3 3038.39 1212537734
2940.17 3198.1 1212537794
3158.22 3394.68 1212537854
3315.12 3274.05 1212537916
3558.87 3030.57 1212537974
3793.77 2808.32 1212538034
4379.67 3383.51 1212538095
5344.96 4512.77 1212538155
6074.46 5343.9 1212538221
9495.06 6853.33 1212538353
10973.6 7120.39 1212538404
12324.4 6586.29 1212538459
11618 5227.72 1212538512
12991.9 4762.99 1212538569
14055.6 4374.26 1212538626
14552.8 4129.63 1212538686
14686.7 4058.14 1212538747
14905.6 3954.26 1212538813
15079.3 3855.97 1212538867
15243.3 3708.53 1212538928
15548.2 3410.31 1212538988
16956.7 2856.35 1212539036
17882.1 1684.88 1212539084
19116 871.985 1212539134
19777.2 -146.252 1212539195
20531.6 -1227.99 1212539254
20970.3 -1867.59 1212539290
21167.1 -2554.01 1212539352
21154.7 -2623.21 1212539410
20737.2 -3772.69 1212539470
20187.6 -4830.52 1212539531
19714.3 -5305.83 1212539590
19818.9 -5382.81 1212539651
19820.7 -5375 1212539689
19822.4 -5377.23 1212539692
20052 -5386.16 1212539751
20710.6 -4528.14 1212539816
21301.8 -3483.66 1212539872
21946.2 -3158.91 1212539932
22025.1 -3182.35 1212539996
21847 -3056.24 1212540052
20973.9 -1845.26 1212540108
20120.3 -615.134 1212540158
19280.9 607.365 1212540217
18111.7 1587.73 1212540263
17150.8 2733.5 1212540318
15753.9 3327.66 1212540361
14539.5 4144.15 1212540408
13202.8 4769.7 1212540452
11748.3 5004.29 1212540499
12320.9 6368.41 1212540547
11133.1 7274.59 1212540602
10744.9 7228.78 1212540662
10703.2 7216.49 1212540722
10627.9 7195.26 1212540782
10584.4 7184.08 1212540843
10511.8 7163.97 1212540903
10045.5 6982.95 1212540963
9726.41 6911.44 1212541023
9481.76 6862.27 1212541084
9044.77 6776.23 1212541148
8709.71 6709.19 1212541209
8320.58 6633.21 1212541264
7729.36 6417.57 1212541330
6922.74 6089.09 1212541389
6358.99 5704.75 1212541449
5866.16 5128.29 1212541504
5375.1 4550.75 1212541564
4774.12 3842.57 1212541629
4544.54 3570.03 1212541686
4147.44 3103.17 1212541745
3518.1 2944.58 1212541806
3469.35 3372.34 1212541866
3294.73 3228.26 1212541891
3091.74 3211.51 1212541952
3037.67 3358.94 1212542003
3120.99 3429.3 1212542021
3316.89 3251.71 1212542081
3017.29 2954.63 1212542156
2736.3 2679.89 1212542202
2560.79 2552.58 1212542263
2493.43 2638.57 1212542322
2282.47 2780.4 1212542388
2192.05 2908.84 1212542445
2213.33 2888.74 1212542446
2503.18 2946.81 1212542506
2557.25 2926.71 1212542566
2706.16 2990.37 1212542606
2788.6 3078.6 1212542665
2990.69 3188.05 1212542729
3267.25 3009.35 1212542788
3445.42 2850.76 1212542844
3561.53 2721.21 1212542904
3704.24 2569.33 1212542964
3943.57 2332.57 1212543024
3950.66 2324.75 1212543026
3866.45 2165.06 1212543087
3157.34 2749.13 1212543266
2868.37 3037.28 1212543326
2736.3 3487.38 1212543387
2886.99 3614.71 1212543439
3267.25 3490.73 1212543495
3278.77 3516.42 1212543496
3254.84 3477.33 1212543557
3000.45 3190.29 1212543617
2601.57 2826.19 1212543678
2221.3 2583.85 1212543739
1872.07 2526.89 1212543799
1278.18 2428.61 1212543859
1032.65 2393.99 1212543920
243.758 2261.1 1212543993
-631.999 2129.32 1212544042
-1083.17 1990.85 1212544106
-1081.4 1978.57 1212544120
-998.08 2027.7 1212544179
-563.747 2129.32 1212544239
-515.882 2148.31 1212544277
-339.489 2379.48 1212544329
-312.897 2582.73 1212544389
436.992 2724.56 1212544450
1124.83 2717.86 1212544524
1259.57 2748.02 1212544575
1677.94 2809.44 1212544631
2161.03 2899.9 1212544691
2385.29 3146.73 1212544751
2573.2 3171.3 1212544826
2970.31 3229.38 1212544871
2988.04 3262.88 1212544936
3214.95 3145.61 1212545002
3699.81 2634.1 1212545051
3939.14 2338.16 1212545111
3966.62 2320.29 1212545158
3966.62 2319.17 1212545161
4066.78 2348.21 1212545222
4157.19 2418.56 1212545284
4236.08 2723.45 1212545342
4244.94 2976.97 1212545402
4171.37 3011.59 1212545462
3875.32 3286.34 1212545522
3635.1 3444.94 1212545583
3489.73 3747.62 1212545640
3446.3 3878.31 1212545705
3230.91 3801.24 1212545760
2762.01 3756.56 1212545820
2506.72 3708.53 1212545882
2212.44 3643.75 1212545940
1884.47 3680.61 1212546001
1848.13 3893.95 1212546031
1847.25 3895.06 1212546033
1971.34 4002.29 1212546093
2278.92 3986.66 1212546153
2487.22 3993.36 1212546223
2696.41 4017.93 1212546273
2699.07 4008.99 1212546288
2600.68 4189.95 1212546325
2426.06 4341.86 1212546389
2176.1 4674.74 1212546445
2129.12 4945.08 1212546505
2113.16 5078.02 1212546565
1969.57 5233.3 1212546655
2085.69 5223.25 1212546715
2348.95 5375.18 1212546776
1921.7 5393.06 1212546835
1710.74 5364.01 1212546901
1333.14 5298.1 1212546957
1343.77 5202.02 1212547004
1724.04 5169.62 1212547059
1717.83 5155.1 1212547119
1716.06 5150.63 1212547179
1716.06 5138.34 1212547239
2148.62 5213.19 1212547299
2596.25 5209.84 1212547360
2925.1 4949.55 1212547420
3066.04 4416.7 1212547481
3134.29 3864.9 1212547542
2959.67 3671.67 1212547607
2628.16 3648.22 1212547662
2221.3 3545.46 1212547723
1817.99 3491.85 1212547789
1224.11 3396.91 1212547848
1111.54 3379.04 1212547904
