-1021.13 1250.51 1212688233
-905.009 1455.96 1212688284
-973.261 1889.23 1212688328
-1032.65 2258.87 1212688398
-1045.06 2431.96 1212688455
-1046.83 2758.07 1212688508
-345.694 2914.42 1212688581
317.329 3016.06 1212688634
878.417 3114.34 1212688690
1167.38 3155.66 1212688750
1451.03 3203.69 1212688821
2061.75 3307.56 1212688882
2414.54 3357.82 1212688944
2676.02 3400.26 1212688995
2668.93 3399.14 1212688999
2846.21 3508.6 1212689032
2690.21 3727.52 1212689112
2387.95 3671.67 1212689173
2331.22 3568.91 1212689233
2198.26 3638.16 1212689293
1840.15 3586.79 1212689354
1586.65 3555.51 1212689414
1201.06 3486.26 1212689474
1039.74 3459.46 1212689535
948.442 3890.6 1212689600
924.509 4053.67 1212689615
777.368 4140.8 1212689673
765.845 4088.3 1212689742
766.731 4090.54 1212689781
777.368 4091.65 1212689905
778.254 4090.54 1212689968
778.254 4091.65 1212690027
765.845 4095 1212690087
768.504 4093.89 1212690151
770.277 4093.89 1212690206
771.163 4091.65 1212690273
769.39 4089.42 1212690337
766.731 4093.89 1212690389
767.618 4095 1212690444
774.709 4099.47 1212690515
772.05 4092.77 1212690625
769.39 4092.77 1212690685
770.277 4095 1212690745
771.163 4095 1212690811
770.277 4091.65 1212690927
777.368 4090.54 1212690987
772.936 4096.12 1212691193
777.368 4096.12 1212691258
779.141 4095 1212691323
775.595 4093.89 1212691375
776.482 4092.77 1212691484
774.709 4095 1212691559
772.05 4089.42 1212691620
768.504 4084.95 1212691678
772.936 4089.42 1212691733
772.936 4088.3 1212691775
775.595 4091.65 1212691827
775.595 4091.65 1212691889
768.504 4086.07 1212691955
769.39 4086.07 1212692008
776.482 4030.22 1212692073
853.598 3700.71 1212692133
921.85 3119.92 1212692189
815.483 2035.52 1212692380
522.973 1898.17 1212692429
551.337 1710.56 1212692494
584.134 1568.75 1212692549
598.316 1471.6 1212692571
692.274 1154.48 1212692636
957.306 1091.95 1212692696
1154.97 887.617 1212692804
1380.12 905.481 1212692868
1600.83 712.319 1212692924
1643.38 108.295 1212692984
1693.01 -492.334 1212693049
1716.06 -851.798 1212693104
1751.52 -1301.66 1212693178
1827.75 -1342.97 1212693231
2072.39 -1332.92 1212693273
2110.51 -1330.69 1212693284
2396.81 -1350.78 1212693344
