3610.28 -981.29 1212785743
3617.38 -976.825 1212785817
3616.49 -976.825 1212785864
3615.6 -977.942 1212785924
3615.6 -976.825 1212785996
3615.6 -976.825 1212786046
3615.6 -976.825 1212786114
3616.49 -979.058 1212786165
3616.49 -977.942 1212786230
3616.49 -977.942 1212786287
3614.72 -977.942 1212786347
3578.37 -1137.57 1212786406
3846.95 -1078.41 1212786467
3443.64 -1905.54 1212786527
2834.69 -3298.41 1212786588
3237.11 -4776.96 1212786652
3684.74 -6245.21 1212786696
3947.11 -7705.38 1212786742
4189.99 -9178.68 1212786785
3466.69 -10516.8 1212786832
2550.16 -11705.3 1212786879
2612.2 -13102.1 1212786932
2937.51 -14879.8 1212786983
3401.98 -16307.2 1212787036
4190.87 -16118.9 1212787082
4392.08 -16034.2 1212787142
4392.08 -16033.1 1212787217
4391.2 -16033.1 1212787262
4391.2 -16032 1212787331
4392.08 -16032 1212787382
4389.43 -16035.3 1212787450
