3625.35 -985.756 1212934278
3573.94 -1037.11 1212934286
3032.36 -1191.15 1212934347
2073.28 -1317.29 1212934407
1559.17 -1257.01 1212934468
1560.94 -1225.76 1212934496
1512.19 -645.276 1212934556
1466.98 -42.4245 1212934617
1435.96 340.521 1212934679
1068.11 342.754 1212934741
639.09 318.191 1212934801
605.407 791.593 1212934862
600.975 853.003 1212934892
600.975 858.586 1212934894
600.975 859.703 1212934913
561.088 1137.73 1212934950
437.879 1490.58 1212935015
282.76 1635.75 1212935071
-239.326 1546.41 1212935130
-931.601 1438.1 1212935190
-1714.29 1222.59 1212935251
-2090.12 761.446 1212935320
-2676.91 655.375 1212935380
-2706.16 653.142 1212935389
-2693.75 646.443 1212935424
-2208.01 673.24 1212935484
-1624.76 1247.16 1212935550
-725.071 1365.52 1212935610
-14.1823 1478.3 1212935676
419.265 1543.06 1212935704
793.323 1492.81 1212935765
795.096 1493.93 1212935825
725.071 1380.03 1212935889
475.107 1241.57 1212935945
585.907 861.936 1212936010
581.475 812.807 1212936070
551.337 837.371 1212936125
556.656 1136.61 1212936185
452.948 1425.82 1212936245
415.719 1632.4 1212936315
261.486 2588.31 1212936437
327.966 2809.44 1212936486
988.33 2746.9 1212936568
1018.47 2769.24 1212936688
1017.58 2767 1212936752
1031.76 2448.72 1212936786
1060.13 1746.3 1212936841
1074.31 1332.02 1212936901
1532.58 1080.78 1212936961
2705.28 430.956 1212937021
2865.71 -1072.83 1212937075
2457.97 -2502.67 1212937120
2991.58 -3903.25 1212937165
3497.71 -5321.45 1212937213
3774.27 -6792.94 1212937263
4046.39 -8288.71 1212937301
3974.59 -9806.51 1212937356
2985.38 -10947.2 1212937394
2563.45 -12429.9 1212937453
2802.78 -13891.2 1212937498
3090.86 -15387.9 1212937546
3866.45 -16222.5 1212937606
4549.86 -15979.6 1212937666
4398.29 -15855.9 1212937725
4398.29 -15855.9 1212937727
4218.35 -15998.6 1212937787
3331.96 -16028.7 1212937847
2953.47 -14552.1 1212937899
2629.05 -13049.7 1212937948
2633.48 -11485.7 1212937997
3619.15 -10339.5 1212938047
4188.21 -8974.6 1212938093
3929.39 -7505.72 1212938137
3661.7 -6010.93 1212938192
3417.05 -5138.47 1212938214
2956.13 -3695.69 1212938263
2948.15 -3666.68 1212938264
2457.97 -2260.48 1212938314
2795.69 -1284.92 1212938373
2409.22 -1310.59 1212938433
1702.76 -1326.22 1212938498
1547.64 -1090.69 1212938554
1516.62 -716.722 1212938622
1507.76 -516.895 1212938660
1663.76 -336.041 1212938715
1862.31 -150.718 1212938776
1825.09 327.123 1212938835
1783.43 1012.67 1212938895
1972.23 1344.3 1212938955
2285.12 1670.36 1212939015
2871.03 2256.63 1212939077
3046.54 2430.85 1212939152
3100.61 2788.22 1212939182
3100.61 2788.22 1212939183
2874.58 3009.35 1212939245
2860.39 3033.92 1212939253
2745.16 3301.97 1212939314
2406.56 3258.42 1212939374
2262.97 3172.42 1212939399
2275.37 3020.52 1212939464
1885.36 2945.69 1212939519
1473.19 2989.25 1212939579
1720.49 2836.24 1212939639
2100.75 2876.45 1212939699
2349.83 2714.51 1212939764
2033.39 2249.93 1212939819
1897.77 2122.62 1212939879
1897.77 2122.62 1212939881
1756.83 1951.77 1212939950
1456.35 1921.62 1212940003
1227.66 2190.74 1212940064
1121.29 2857.46 1212940124
978.579 3702.95 1212940199
884.622 4286.01 1212940249
355.444 4288.25 1212940305
125.868 4379.84 1212940366
124.982 4379.84 1212940400
124.982 4379.84 1212940411
125.868 4378.73 1212940415
109.027 4435.69 1212940480
-15.9551 4439.05 1212940543
9.75034 4167.61 1212940600
243.758 4162.02 1212940661
585.907 4217.87 1212940723
999.853 4281.54 1212940777
1156.74 4303.88 1212940836
1209.93 4116.23 1212940896
1212.59 4090.54 1212940962
1211.7 4091.65 1212941008
1210.81 4101.7 1212941065
1234.75 3939.74 1212941121
1293.25 3612.47 1212941181
1319.84 3431.53 1212941229
1628.31 3361.17 1212941290
1791.4 3045.09 1212941345
2292.22 3042.86 1212941414
1708.08 2925.59 1212941465
1780.77 2399.58 1212941525
1525.48 2252.17 1212941586
1011.38 2173.99 1212941646
772.05 2198.56 1212941678
738.367 2430.85 1212941738
727.73 2544.76 1212941801
606.294 2430.85 1212941861
445.856 2515.72 1212941910
446.743 2516.84 1212941911
446.743 2515.72 1212941921
321.761 2531.36 1212941981
168.415 2362.72 1212942042
305.806 2165.06 1212942106
365.195 2201.91 1212942163
360.763 2217.55 1212942211
357.217 2211.96 1212942271
355.444 2218.66 1212942331
356.331 2213.08 1212942395
327.08 2180.69 1212942452
738.367 2236.53 1212942505
547.792 2284.55 1212942613
410.401 2685.47 1212942669
408.628 2702.23 1212942734
348.353 3006 1212942806
310.238 3262.88 1212942851
216.28 3820.23 1212942924
143.596 4289.36 1212942974
98.3898 4550.75 1212943036
-157.778 4540.7 1212943087
-157.778 4540.7 1212943093
-324.42 4507.19 1212943177
-183.484 4402.18 1212943249
-1.77279 4244.68 1212943299
53.1837 3916.29 1212943363
86.8667 3640.4 1212943419
142.71 3337.71 1212943488
163.983 3233.84 1212943539
198.552 2970.26 1212943610
228.69 2806.09 1212943668
277.441 2496.74 1212943724
327.966 2160.59 1212943784
335.057 2052.27 1212943822
385.582 1780.91 1212943869
821.688 1821.11 1212943930
1106.22 1969.63 1212943994
1215.25 2287.9 1212944050
1257.79 2748.02 1212944110
1256.02 2755.83 1212944180
1825.97 2832.89 1212944230
2229.28 2916.66 1212944297
2521.79 2932.29 1212944350
2514.7 2950.16 1212944377
2514.7 2950.16 1212944379
2726.55 2914.42 1212944438
2404.79 3030.57 1212944467
1730.24 2927.82 1212944528
1702.76 2898.79 1212944539
1782.54 2421.91 1212944595
1758.61 1991.97 1212944654
1515.73 1712.8 1212944724
1373.02 1587.73 1212944775
1029.99 1258.32 1212944835
733.048 968.009 1212944896
580.588 1078.55 1212944956
404.196 1330.9 1212945029
-13.2959 1266.14 1212945086
-177.279 1251.62 1212945142
-456.493 1490.58 1212945218
-478.653 1591.08 1212945278
-532.723 1708.33 1212945310
-871.326 1652.5 1212945448
-868.667 1653.61 1212945507
-865.121 1661.43 1212945572
-846.507 1766.4 1212945640
-915.645 1760.81 1212945668
-945.783 1664.78 1212945743
-1170.93 1393.43 1212945788
-1693.9 962.426 1212945854
-2348.06 672.123 1212945914
-3637.76 598.433 1212946036
-3682.08 596.2 1212946091
-4152.76 564.937 1212946152
-4851.24 528.092 1212946211
-5378.64 407.51 1212946271
-5305.96 -315.946 1212946331
-5707.49 -2022.74 1212946518
-5707.49 -2022.74 1212946519
-5711.04 -2033.9 1212946544
-5212 -2008.23 1212946605
-4667.75 -1972.51 1212946665
-4229.87 -1947.95 1212946725
-3778.7 -1924.51 1212946787
-3555.33 -1912.24 1212946847
-3573.06 -1185.57 1212946908
-3613.83 -416.421 1212946968
-3581.03 -245.613 1212947032
-3615.6 388.53 1212947126
-3644.85 392.996 1212947246
-3713.99 736.882 1212947361
-3820.36 1105.35 1212947421
-3200.77 1405.72 1212947481
-3225.59 2075.72 1212947541
-3121.88 2284.55 1212947572
-2492.54 2321.4 1212947631
-2492.54 2320.29 1212947691
-2456.2 2328.1 1212947739
-1994.39 2351.56 1212947791
-1558.28 2410.75 1212947852
-1584.87 2656.44 1212947912
-1466.1 2947.93 1212947978
-1002.51 3023.87 1212948042
-731.275 3067.43 1212948099
-434.333 3115.46 1212948161
132.959 3203.69 1212948213
198.552 2995.95 1212948282
229.576 2897.67 1212948324
382.036 2792.69 1212948384
382.036 2792.69 1212948399
246.418 2699.99 1212948445
134.732 2472.17 1212948506
-294.283 2383.94 1212948566
-372.286 2375.01 1212948595
-372.286 2375.01 1212948600
-320.875 2382.83 1212948627
-264.146 2120.39 1212948688
-191.461 1671.48 1212948752
-195.007 1664.78 1212948771
-333.284 1845.68 1212948832
-70.0252 1889.23 1212948878
210.962 1987.5 1212948938
174.62 2310.24 1212948999
109.913 2650.85 1212949059
72.6843 2866.4 1212949120
50.5245 2956.86 1212949158
50.5245 2955.75 1212949159
153.346 3205.92 1212949219
167.529 3178 1212949249
199.439 2979.2 1212949297
225.144 2813.91 1212949355
512.336 2835.13 1212949416
1092.92 2930.06 1212949477
1334.91 3141.14 1212949538
1321.61 3275.17 1212949602
1278.18 3575.62 1212949658
1311.86 3606.89 1212949718
1439.5 3629.23 1212949742
1269.32 3800.12 1212949804
1249.82 3876.07 1212949836
1211.7 4138.57 1212949890
1099.13 4195.53 1212949960
1065.45 4106.17 1212950020
1147.88 3591.25 1212950070
1197.52 3289.69 1212950134
834.984 3209.27 1212950199
265.032 3118.81 1212950251
-403.309 2999.3 1212950323
-388.241 2952.39 1212950336
-388.241 2952.39 1212950340
-349.239 2706.69 1212950407
-329.739 2526.89 1212950417
-329.739 2526.89 1212950431
-276.555 2182.93 1212950478
-248.19 2005.37 1212950498
-166.642 1510.68 1212950558
-133.846 1290.7 1212950618
127.641 1280.65 1212950678
458.266 1333.14 1212950738
442.311 1503.98 1212950774
785.345 1602.25 1212950834
1061.9 1648.03 1212950898
1197.52 1485 1212950954
1168.27 1206.96 1212951024
1201.06 741.349 1212951074
1238.29 352.802 1212951135
1253.36 236.688 1212951184
1253.36 236.688 1212951186
1245.38 177.516 1212951214
1068.99 168.584 1212951274
964.397 147.371 1212951317
873.985 -199.84 1212951370
897.031 -552.618 1212951431
945.783 -1136.46 1212951492
1121.29 -1370.87 1212951552
1480.28 -1340.73 1212951612
1720.49 -1334.04 1212951672
2255.87 -1322.87 1212951733
2734.53 -1546.12 1212951795
2704.39 -3079.67 1212951856
3188.36 -4543.76 1212951899
3637.76 -5988.62 1212951944
3908.11 -7497.92 1212951986
4176.69 -8982.4 1212952031
3573.94 -10380.8 1212952076
2611.32 -11515.8 1212952125
2598.02 -13016.3 1212952181
2879.9 -14498.6 1212952233
3238 -15964 1212952293
3994.98 -16261.5 1212952353
4070.32 -16248.2 1212952409
4070.32 -16241.5 1212952411
3983.46 -16058.7 1212952471
3245.98 -15650.9 1212952535
2956.13 -14185.5 1212952592
2608.66 -12699.7 1212952649
2777.07 -11182.4 1212952713
3813.27 -10092 1212952754
4127.94 -8616.6 1212952807
3860.25 -7116.44 1212952859
3590.78 -5613.76 1212952922
2936.62 -3625.39 1212953000
2463.29 -2424.54 1212953052
2800.12 -1553.93 1212953098
2501.41 -1288.27 1212953160
1981.09 -1321.76 1212953237
1594.62 -1332.92 1212953298
1608.81 -1340.73 1212953332
1771.02 -1339.62 1212953392
1771.02 -1345.2 1212953452
1771.02 -1339.62 1212953513
1771.9 -1345.2 1212953579
1813.56 -1330.69 1212953615
1560.05 -1253.66 1212953678
1542.33 -1077.29 1212953707
1511.3 -650.858 1212953760
1482.05 -255.66 1212953820
1463.44 -5.58219 1212953880
1442.16 170.817 1212953941
1276.41 179.749 1212954001
1045.06 163.002 1212954061
676.319 135.09 1212954121
627.567 471.15 1212954181
608.067 715.668 1212954241
602.748 789.36 1212954302
578.816 1128.8 1212954377
468.903 1319.74 1212954422
273.009 1309.69 1212954487
134.732 1288.47 1212954523
-85.9803 1248.27 1212954588
-384.695 1200.26 1212954645
-762.299 1141.08 1212954715
-787.118 1139.96 1212954749
-787.118 1139.96 1212954755
-844.734 1132.15 1212954869
-893.486 1414.65 1212954935
-988.33 1986.38 1212954995
-1039.74 2450.95 1212955054
-725.957 2854.11 1212955110
-15.9551 2964.68 1212955182
727.73 3081.95 1212955241
1307.43 3184.7 1212955292
1804.7 3257.3 1212955351
2339.19 3353.35 1212955411
2527.11 3381.27 1212955471
3080.22 3977.72 1212955729
3099.72 3901.76 1212955788
3097.95 3898.41 1212955838
3113.02 3921.87 1212955901
3067.81 3689.54 1212955957
3105.04 3581.2 1212956021
2853.3 3298.62 1212956138
2667.16 3281.87 1212956189
2317.92 3246.13 1212956254
2249.67 3222.67 1212956282
2098.1 3288.57 1212956345
2244.35 3331.01 1212956403
2371.99 3360.05 1212956463
2895.85 3422.6 1212956529
2921.56 3382.39 1212956596
3315.12 3530.94 1212956644
3586.35 3836.98 1212956704
3582.81 3840.33 1212956768
3627.13 3830.28 1212956775
3667.9 3787.83 1212956781
3712.22 3724.17 1212956842
3713.99 3699.6 1212956909
3452.51 3394.68 1212956958
2957.9 2875.33 1212957037
2784.16 2792.69 1212957079
2793.92 2784.87 1212957105
2795.69 2782.64 1212957109
2604.23 2560.39 1212957170
2426.06 2571.56 1212957226
2410.99 2736.85 1212957288
2418.08 2744.67 1212957316
2387.95 2801.62 1212957371
2586.5 2957.98 1212957436
2711.48 2933.41 1212957491
2725.66 3103.17 1212957551
2809.87 3268.47 1212957599
2813.42 3269.58 1212957600
2802.78 3325.43 1212957661
2821.39 3391.33 1212957722
2847.99 3096.47 1212957787
2692.87 2836.24 1212957843
2532.43 2770.35 1212957885
2456.2 2676.54 1212957936
2455.31 2973.61 1212957996
2590.93 2947.93 1212958045
2855.08 3069.66 1212958105
2940.17 3186.93 1212958165
3151.13 3425.95 1212958226
3372.73 3327.66 1212958292
3776.93 2908.84 1212958347
4260.9 3172.42 1212958411
5135.77 4096.12 1212958466
5995.57 5305.92 1212958515
5771.31 5901.39 1212958573
6067.37 5696.93 1212958641
6019.5 5670.12 1212958693
6024.82 5673.47 1212958694
5925.55 5759.5 1212958755
5730.54 5544.99 1212958816
5927.32 5198.67 1212958875
4962.92 4063.73 1212958931
4169.6 3131.09 1212958994
3610.28 3108.75 1212959052
3612.06 3223.79 1212959084
3552.67 3288.57 1212959144
3522.53 3210.39 1212959229
3703.36 2989.25 1212959275
3594.33 2711.16 1212959357
3144.04 2761.42 1212959412
2902.94 3016.06 1212959482
2827.6 3262.88 1212959532
2762.01 3867.14 1212959603
2856.85 3898.41 1212959653
2891.42 3718.58 1212959719
2714.14 3523.12 1212959773
1982.86 3395.79 1212959839
1309.2 3286.34 1212959899
856.257 3211.51 1212959959
507.018 3159.01 1212960023
-994.535 2897.67 1212960134
-1022.9 2534.71 1212960197
-1033.54 2507.9 1212960267
-1636.28 2402.93 1212960329
-2186.74 2360.49 1212960376
-2559.02 2552.58 1212960447
-2558.13 2551.46 1212960466
-2574.09 2550.34 1212960528
-2573.2 2549.23 1212960552
-2574.09 2549.23 1212960558
-2460.63 2727.91 1212960634
-2258.53 2818.38 1212960694
-2258.53 2817.26 1212960755
-2259.42 2817.26 1212960818
-2259.42 2817.26 1212960872
-2258.53 2817.26 1212960936
-2067.07 2494.5 1212961009
-2063.53 2380.59 1212961058
-2029.84 1836.75 1212961128
-1708.97 1732.9 1212961183
-1692.13 1679.3 1212961207
-1692.13 1679.3 1212961213
-1961.59 1591.08 1212961273
-2017.43 1725.08 1212961329
-1857 1782.03 1212961396
-1680.6 1585.5 1212961512
-1638.94 1342.07 1212961571
-1610.58 1147.78 1212961627
-1604.37 1096.42 1212961662
-1603.49 1095.3 1212961677
-1572.46 959.077 1212961738
-1191.31 1176.81 1212961841
-901.463 1223.71 1212961913
-900.577 1222.59 1212961914
-600.975 1271.72 1212961975
-166.642 1342.07 1212962046
-131.186 1287.35 1212962101
-4.43197 907.715 1212962156
32.7966 381.831 1212962217
67.366 -68.1024 1212962277
93.9578 -439.865 1212962342
129.414 -854.031 1212962408
-46.0925 -1158.78 1212962462
-22.1599 -1459.05 1212962533
7.97755 -1880.98 1212962587
9.75034 -1952.42 1212962607
9.75034 -1952.42 1212962609
257.054 -1878.75 1212962669
312.011 -1873.17 1212962672
561.088 -1853.08 1212962699
780.027 -1561.75 1212962763
749.003 -1142.04 1212962827
538.928 -956.732 1212962878
168.415 -987.988 1212962941
122.322 -695.511 1212963009
89.5258 -269.057 1212963060
61.1612 10.048 1212963120
52.2973 226.64 1212963195
262.373 474.5 1212963257
296.942 509.112 1212963264
612.499 564.937 1212963319
803.073 496.83 1212963380
1201.95 533.675 1212963444
1600.83 558.238 1212963516
1607.03 544.84 1212963535
1607.03 544.84 1212963541
1617.67 445.471 1212963566
1424.44 502.413 1212963640
1279.07 717.901 1212963687
1176.25 715.668 1212963723
884.622 702.27 1212963766
606.294 779.311 1212963830
602.748 789.36 1212963859
692.274 857.469 1212963912
1239.18 897.666 1212963973
1542.33 917.764 1212964037
1621.22 422.025 1212964089
1681.49 -370.649 1212964154
2003.25 -667.603 1212964217
2257.65 -660.905 1212964278
2318.81 -813.843 1212964341
2348.95 -790.4 1212964392
2347.17 -789.284 1212964457
2348.06 -787.051 1212964517
2215.1 -822.774 1212964572
2106.07 -762.492 1212964632
2104.3 -761.375 1212964644
1916.38 -668.719 1212964708
1550.3 -702.21 1212964776
1536.12 -687.697 1212964804
1480.28 -253.428 1212964859
1443.94 242.271 1212964919
1438.62 329.356 1212964950
1432.41 394.112 1212964975
1408.48 691.104 1212965049
1201.06 861.936 1212965096
1188.65 1029.42 1212965160
1169.15 1388.97 1212965218
1311.86 1669.25 1212965288
1245.38 2043.34 1212965343
1148.77 2718.98 1212965398
1015.81 3481.79 1212965459
889.94 4260.32 1212965530
388.241 4504.95 1212965580
97.5034 4463.62 1212965640
-571.724 4358.62 1212965700
-623.135 4443.51 1212965727
-623.135 4443.51 1212965733
-470.675 4377.61 1212965827
-751.662 4244.68 1212965878
-631.113 4331.81 1212965962
-198.552 4401.07 1212966018
421.037 4502.72 1212966078
1014.04 4403.3 1212966138
1468.76 4021.28 1212966198
2338.31 4172.08 1212966259
2658.3 4156.44 1212966318
2715.03 4089.42 1212966383
2868.37 3934.16 1212966430
2859.51 3650.45 1212966490
2980.06 3593.49 1212966551
3038.56 3364.52 1212966616
3288.52 2979.2 1212966671
3440.98 2831.78 1212966731
3728.18 2569.33 1212966795
3971.05 2304.65 1212966860
3977.25 2293.49 1212966862
3815.93 2114.81 1212966932
3768.95 2063.44 1212966987
3666.13 1861.31 1212967047
3417.05 937.862 1212967102
3836.32 -524.709 1212967161
3798.2 -1127.52 1212967221
3652.83 -909.847 1212967282
3589.9 -967.895 1212967342
3582.81 -958.964 1212967408
3609.4 -966.778 1212967460
3683.86 -956.732 1212967536
3682.97 -955.615 1212967582
3682.97 -956.732 1212967642
3682.97 -957.848 1212967719
3682.97 -958.964 1212967763
3683.86 -958.964 1212967823
3684.74 -956.732 1212967888
3683.86 -958.964 1212967954
3682.97 -960.081 1212968003
3682.97 -962.313 1212968063
3682.08 -960.081 1212968189
3682.97 -960.081 1212968249
3683.86 -960.081 1212968304
3683.86 -958.964 1212968374
3683.86 -958.964 1212968429
3685.63 -958.964 1212968490
3683.86 -963.43 1212968549
3684.74 -962.313 1212968610
3684.74 -956.732 1212968670
3617.38 -989.105 1212968894
3590.78 -1003.62 1212968967
3585.47 -1004.73 1212969015
3585.47 -1002.5 1212969076
3583.69 -1010.31 1212969135
3581.92 -1010.31 1212969195
3584.58 -1005.85 1212969316
3584.58 -1003.62 1212969376
3577.49 -1117.48 1212969436
3245.09 -1019.24 1212969497
3044.76 -852.914 1212969557
2998.67 -184.21 1212969624
2937.51 519.16 1212969724
2866.6 1083.02 1212969780
2970.31 1259.44 1212969814
3443.64 1722.85 1212969878
3602.31 1880.3 1212969943
3827.45 2098.06 1212969993
3984.34 2258.87 1212970053
3846.07 2443.13 1212970119
3598.76 2688.82 1212970183
3326.64 2952.39 1212970234
3045.65 2849.65 1212970298
2879.9 3045.09 1212970359
2808.1 3328.78 1212970387
2808.1 3328.78 1212970389
2418.08 3125.51 1212970449
2417.2 3128.86 1212970472
2426.06 3099.82 1212970490
2430.49 3026.11 1212970550
2295.76 2979.2 1212970610
2351.6 2750.25 1212970671
2083.03 2295.72 1212970740
1950.07 2159.48 1212970775
1420 1635.75 1212970840
1271.98 1498.4 1212970897
1015.81 1239.34 1212970956
684.297 908.831 1212971024
234.008 458.869 1212971076
54.9565 110.528 1212971153
-7.09116 79.2675 1212971196
-104.595 69.2195 1212971221
-104.595 69.2195 1212971232
-226.031 241.154 1212971282
-468.903 224.407 1212971316
-993.648 265.717 1212971382
-940.465 1009.32 1212971496
-845.62 1081.9 1212971565
-844.734 1096.42 1212971591
-878.417 1314.15 1212971646
-355.444 1414.65 1212971706
200.325 1505.1 1212971771
949.328 1635.75 1212971830
1209.04 1435.87 1212971900
1409.37 686.638 1212971950
1459.01 33.4932 1212972010
1498.89 -561.549 1212972070
1523.71 -843.984 1212972130
1522.83 -876.357 1212972173
1468.76 -886.404 1212972175
1312.75 -598.389 1212972240
1283.5 -243.38 1212972304
1254.25 175.283 1212972356
1237.41 356.152 1212972386
1022.01 514.694 1212972467
274.782 468.917 1212972508
242.872 459.985 1212972575
20.3871 762.563 1212972627
-0.886394 956.843 1212972687
-113.458 1221.47 1212972749
-146.255 1428.05 1212972811
-304.92 2408.51 1212972932
-328.852 2572.68 1212972991
-1697.45 2398.46 1212973116
-2287.78 2353.79 1212973172
-2619.3 2328.1 1212973233
-2903.83 2322.52 1212973294
-2916.24 2341.51 1212973319
-2915.35 2343.74 1212973326
-2913.58 2334.81 1212973328
-2112.28 2348.21 1212973453
-1086.72 2475.52 1212973524
-385.582 3218.21 1212973570
332.398 2750.25 1212973631
918.305 2793.81 1212973696
1131.04 2717.86 1212973752
1349.09 2760.3 1212973815
1726.7 2816.14 1212973873
2160.14 2907.72 1212973934
2122.03 3052.91 1212973966
2122.03 3052.91 1212973969
2387.95 3089.77 1212974029
2685.78 3271.82 1212974089
2628.16 3247.25 1212974154
2630.82 3262.88 1212974198
2409.22 3217.09 1212974259
1977.55 3078.6 1212974305
2022.75 2855.23 1212974371
2098.98 2372.78 1212974425
2093.66 2372.78 1212974486
2098.98 2369.42 1212974546
2104.3 2371.66 1212974606
2088.35 2366.07 1212974667
2018.32 2333.69 1212974730
1869.41 2851.88 1212974786
2276.26 2855.23 1212974847
2458.86 2955.75 1212974908
2710.59 3178 1212974968
2628.16 3296.39 1212975028
2630.82 3297.51 1212975089
2629.93 3297.51 1212975149
2629.05 3296.39 1212975210
2636.14 3313.14 1212975270
2629.93 3299.74 1212975336
2622.84 3293.04 1212975391
2625.5 3296.39 1212975452
2615.75 3296.39 1212975513
2620.18 3296.39 1212975574
2613.98 3274.05 1212975634
2586.5 3297.51 1212975695
2700.84 3257.3 1212975756
2679.57 3327.66 1212975799
2988.04 3348.88 1212975863
2795.69 3150.08 1212975920
2527.11 2777.05 1212975979
2231.94 2471.05 1212976039
1892.45 2108.11 1212976110
1628.31 1850.15 1212976159
1473.19 1707.21 1212976226
1355.3 1582.15 1212976289
1222.34 1457.08 1212976340
1213.47 1454.85 1212976341
1136.36 1659.2 1212976402
1225.88 2168.41 1212976462
1119.52 2835.13 1212976522
1131.93 2951.28 1212976582
1137.24 2928.94 1212976642
1133.7 2922.24 1212976705
1135.47 2917.77 1212976763
1129.27 2927.82 1212976823
1244.5 2998.19 1212976884
1131.04 3417.01 1212976944
1130.15 3419.25 1212976945
1326.05 3405.84 1212977005
1751.52 3468.39 1212977065
2190.28 3523.12 1212977126
2598.91 3570.03 1212977186
2755.8 3568.91 1212977240
2735.41 3773.31 1212977278
2740.73 3822.46 1212977309
2740.73 3822.46 1212977320
2621.95 4233.51 1212977371
2600.68 4272.61 1212977431
2434.04 4297.18 1212977491
2363.13 4450.22 1212977551
2284.24 4926.09 1212977622
2240.81 5164.04 1212977676
2366.67 5314.85 1212977740
2071.5 5405.35 1212977812
2147.73 4821.08 1212977873
1879.16 4742.89 1212977933
1770.13 4339.63 1212977994
1824.2 4020.16 1212978031
1879.16 3731.99 1212978091
1936.77 3253.95 1212978151
1969.57 3117.69 1212978216
2041.37 2636.34 1212978272
2492.54 2191.86 1212978340
2793.03 1872.48 1212978407
3020.83 1776.45 1212978465
3026.15 1782.03 1212978486
3027.04 1783.15 1212978492
3121.88 1997.55 1212978553
2760.23 2354.91 1212978613
2568.77 2544.76 1212978678
2312.6 2736.85 1212978729
2381.74 2928.94 1212978769
2398.58 3121.04 1212978827
2380.86 3384.62 1212978890
2337.42 3672.79 1212978947
2276.26 4088.3 1212979007
2262.97 4176.54 1212979068
2220.42 4422.29 1212979128
2220.42 4422.29 1212979159
2220.42 4422.29 1212979165
2164.58 4789.8 1212979221
2095.44 5138.34 1212979285
2071.5 5286.93 1212979341
2049.34 5375.18 1212979399
1939.43 5397.53 1212979465
1489.14 5321.56 1212979566
1511.3 5129.41 1212979603
1749.74 4919.39 1212979658
2033.39 4666.93 1212979718
2231.05 4502.72 1212979787
2332.99 4413.35 1212979838
2544.84 4220.11 1212979900
2754.03 4050.32 1212979959
2911.81 3774.43 1212980023
2964.99 3392.44 1212980079
3110.36 3043.98 1212980155
3016.4 2676.54 1212980269
2968.53 2624.05 1212980287
3042.99 2473.28 1212980347
3169.75 2557.04 1212980409
2924.22 2982.55 1212980471
2524.45 3077.48 1212980527
2153.94 3097.59 1212980587
2579.41 3166.83 1212980647
2663.62 3393.56 1212980708
2637.91 3669.44 1212980768
2611.32 3763.26 1212980802
2557.25 4071.55 1212980864
2431.38 4086.07 1212980919
2372.88 4351.92 1212980979
2275.37 4473.67 1212981039
2122.03 4891.46 1212981103
1748.86 4726.13 1212981164
1576.01 4700.44 1212981219
1523.71 4983.06 1212981283
1503.32 5098.13 1212981339
1769.24 5260.11 1212981400
1756.83 5348.37 1212981468
1755.95 5349.49 1212981494
1630.97 5348.37 1212981533
1327.82 5196.44 1212981601
1201.95 5091.42 1212981646
1420 5097.01 1212981705
1663.76 5134.99 1212981990
2067.96 5203.14 1212982053
2473.93 5265.7 1212982097
2603.34 5210.96 1212982162
2978.29 4903.75 1212982226
3225.59 4550.75 1212982282
3439.21 3992.24 1212982337
3479.1 3761.03 1212982407
3417.05 3621.41 1212982445
3417.05 3621.41 1212982451
3199 3781.13 1212982512
3059.83 3717.47 1212982570
3081.99 3402.49 1212982632
2824.94 3303.09 1212982690
2793.03 3319.84 1212982731
2541.29 3248.36 1212982797
2631.71 2857.46 1212982853
2855.08 2677.66 1212982914
3417.05 2072.37 1212982978
3563.31 1859.08 1212983028
3565.08 1857.96 1212983036
3287.64 1817.76 1212983090
3137.84 1948.42 1212983150
3033.24 2423.03 1212983211
3160 2730.15 1212983271
2856.85 3014.94 1212983333
2538.63 3050.68 1212983395
1888.91 2953.51 1212983456
1598.17 2908.84 1212983524
1256.91 2931.17 1212983574
1207.27 3162.36 1212983634
1162.95 3497.43 1212983694
1251.59 3889.48 1212983759
1198.41 4216.76 1212983816
1062.79 5016.58 1212983942
1303 5181.91 1212983994
1488.26 5213.19 1212984052
1751.52 5252.29 1212984114
1633.62 5345.02 1212984172
1631.85 5343.9 1212984208
1614.12 5244.47 1212984263
1872.95 4816.61 1212984310
2223.96 4312.82 1212984370
2270.94 4083.83 1212984431
2322.35 3738.69 1212984492
2323.24 3597.95 1212984552
2370.22 3495.2 1212984612
2401.24 3380.16 1212984678
2382.63 3279.64 1212984734
2405.67 3103.17 1212984795
2379.97 3103.17 1212984847
2336.54 3085.3 1212984849
2269.17 3049.56 1212984909
2404.79 2826.19 1212984969
2431.38 3009.35 1212985031
2652.98 3184.7 1212985089
2658.3 3405.84 1212985154
2650.32 3572.27 1212985209
2620.18 3706.3 1212985270
2616.64 3757.68 1212985286
2457.09 3834.75 1212985352
2550.16 3262.88 1212985399
2346.29 3054.03 1212985465
2345.4 3052.91 1212985469
2166.35 3006 1212985529
2163.69 3010.47 1212985547
2177.87 3067.43 1212985614
2424.29 3075.25 1212985673
2425.18 3062.96 1212985684
2402.13 3078.6 1212985708
2177.87 2999.3 1212985768
2158.37 3314.26 1212985828
2656.52 3391.33 1212985888
2750.48 3939.74 1212985950
2582.07 4198.88 1212986009
2556.36 4231.28 1212986046
2556.36 4231.28 1212986072
2556.36 4231.28 1212986080
2556.36 4230.16 1212986120
2701.73 4447.98 1212986180
2822.28 4256.97 1212986239
2839.12 4170.96 1212986272
2839.12 4170.96 1212986279
2707.94 4059.26 1212986334
2552.82 4229.04 1212986395
2395.04 4361.97 1212986455
2366.67 4396.6 1212986494
2215.1 4394.36 1212986554
2244.35 4198.88 1212986625
1393.41 4025.75 1212986673
964.397 3953.15 1212986738
810.165 3946.44 1212986793
809.278 3819.11 1212986857
907.668 3217.09 1212986913
920.077 3003.77 1212986949
918.305 3006 1212986950
906.782 3116.57 1212987010
1211.7 3245.01 1212987071
1176.25 3549.93 1212987131
1231.2 3872.72 1212987191
1209.93 4116.23 1212987251
1206.38 4118.46 1212987257
1369.48 4071.55 1212987319
1295.02 3695.13 1212987377
1340.23 3294.16 1212987439
1393.41 3047.33 1212987498
1427.1 2883.15 1212987562
1421.78 2878.68 1212987621
1458.12 2620.7 1212987679
1585.76 2565.98 1212987739
1588.42 2752.48 1212987800
1511.3 3186.93 1212987870
1801.15 3272.93 1212987921
2375.54 3372.34 1212987982
2801.89 3409.2 1212988043
2885.21 3604.66 1212988103
2883.44 3608.01 1212988136
2881.67 3614.71 1212988142
2910.92 3648.22 1212988197
2754.91 3839.21 1212988259
2714.14 4050.32 1212988314
2705.28 4105.06 1212988369
2503.18 4286.01 1212988430
2398.58 4365.32 1212988488
2400.36 4369.79 1212988490
1918.16 4788.69 1212988550
1675.29 5021.05 1212988576
1471.41 5267.93 1212988659
1390.75 5300.33 1212988839
1390.75 5300.33 1212988878
1517.51 5127.17 1212988904
1813.56 4869.12 1212988964
2127.35 4604.37 1212989031
2226.62 4297.18 1212989089
2286.9 3870.49 1212989155
2301.08 3568.91 1212989220
2301.08 3568.91 1212989234
2301.08 3568.91 1212989235
2336.54 3491.85 1212989295
2371.99 3307.56 1212989364
2448.22 3055.14 1212989416
2341.85 2880.92 1212989487
2483.68 3009.35 1212989552
2681.34 3183.58 1212989612
2840.89 3401.38 1212989672
2719.46 4071.55 1212989742
2486.34 4263.67 1212989797
2488.11 4265.91 1212989812
2254.1 4483.73 1212989867
1771.02 4417.82 1212989937
1768.36 4188.83 1212989992
1772.79 4186.6 1212990035
1574.24 4154.2 1212990037
1420.89 4661.34 1212990102
1368.59 4907.1 1212990158
1614.12 5019.93 1212990222
1795.84 5170.74 1212990287
1688.58 5367.36 1212990330
1692.13 5364.01 1212990342
1548.53 5100.36 1212990399
1654.01 5009.87 1212990461
2192.05 4482.61 1212990509
2263.85 4031.33 1212990569
2266.51 3750.98 1212990629
2363.13 3470.63 1212990689
2395.04 3347.77 1212990750
2407.45 3272.93 1212990804
2407.45 3272.93 1212990816
2426.06 3059.61 1212990865
2368.45 3021.64 1212990926
2528.88 3161.25 1212990991
2672.48 3201.45 1212991046
2778.85 3509.72 1212991111
2690.21 4102.82 1212991186
2342.74 4491.55 1212991227
2253.21 5062.38 1212991287
2302.85 5381.88 1212991349
2270.06 5387.47 1212991399
2028.96 5197.55 1212991453
1357.96 5084.72 1212991516
1401.39 4854.6 1212991576
1511.3 4284.89 1212991642
1605.26 3764.38 1212991701
1654.01 3324.31 1212991752
1700.1 2937.88 1212991818
1792.29 2311.35 1212991873
1804.7 2032.17 1212991941
1802.93 2035.52 1212991951
1825.97 2082.42 1212992011
2132.67 1795.43 1212992087
2462.4 1845.68 1212992134
3024.38 2408.51 1212992203
3136.06 2515.72 1212992254
3389.57 2819.49 1212992315
3794.65 2487.8 1212992376
3796.43 2485.57 1212992378
3555.33 2339.27 1212992443
3139.61 2759.18 1212992494
2890.53 3016.06 1212992560
2782.39 3551.04 1212992616
2718.57 4073.78 1212992677
2289.56 4465.85 1212992748
1892.45 4637.88 1212992797
1893.34 4640.12 1212992827
1896.88 4640.12 1212992837
2017.43 4718.31 1212992901
2041.37 5198.67 1212992953
2288.67 5387.47 1212993009
2278.03 5388.59 1212993037
2067.07 5404.23 1212993101
1865.86 5172.98 1212993145
930.714 4935.03 1212993270
948.442 4825.55 1212993326
1008.72 4414.47 1212993385
1068.11 3972.13 1212993441
1015.81 3995.59 1212993470
1033.54 4079.37 1212993544
1252.48 3868.26 1212993590
1310.09 3424.83 1212993652
1728.47 3456.11 1212993716
2184.96 3553.28 1212993773
2184.96 3553.28 1212993786
2239.03 3203.69 1212993850
2302.85 2811.67 1212993907
2337.42 2724.56 1212993932
2337.42 2724.56 1212993934
2615.75 2892.09 1212993994
3036.79 2474.4 1212994055
3309.8 2197.45 1212994115
3857.59 2127.09 1212994192
3854.04 2121.51 1212994197
3503.03 2386.18 1212994257
2901.17 3018.29 1212994332
2785.05 3354.47 1212994383
2202.69 3421.48 1212994439
1457.23 3297.51 1212994500
1170.04 3270.7 1212994560
981.239 3548.81 1212994622
901.463 4184.36 1212994687
841.188 4532.88 1212994726
842.075 4532.88 1212994728
827.006 4675.86 1212994799
1057.47 4716.08 1212994950
1186.88 4279.31 1212994951
1256.02 3794.54 1212994973
1334.02 3428.18 1212995028
1951.84 3522 1212995088
2270.94 3568.91 1212995148
2420.74 3223.79 1212995224
2397.7 3198.1 1212995280
2410.11 3100.94 1212995343
2224.85 3112.1 1212995391
2192.05 3022.76 1212995451
2192.05 3022.76 1212995463
2436.7 3230.49 1212995523
2698.18 2845.18 1212995583
2698.18 2845.18 1212995607
2698.18 2845.18 1212995617
2871.03 2896.55 1212995670
3264.59 2997.07 1212995729
3050.97 2882.03 1212995790
2606 3064.08 1212995849
2089.23 2976.97 1212995909
2135.32 2884.27 1212995969
2298.42 2788.22 1212996035
2215.1 2879.8 1212996090
2176.1 2856.35 1212996151
2185.85 2870.87 1212996212
2212.44 2895.44 1212996273
2199.14 2883.15 1212996333
2203.58 2886.5 1212996394
2196.49 2874.22 1212996455
2195.6 2880.92 1212996515
2203.58 2864.16 1212996576
2202.69 2851.88 1212996657
2201.8 2874.22 1212996696
2199.14 2871.98 1212996756
2194.71 2874.22 1212996816
2196.49 2882.03 1212996876
2199.14 2878.68 1212996936
2194.71 2859.7 1212997000
2197.37 2860.81 1212997057
2194.71 2863.05 1212997110
2190.28 2874.22 1212997169
2190.28 2874.22 1212997238
2192.05 2873.1 1212997291
2195.6 2874.22 1212997353
2200.03 2878.68 1212997412
2411.88 2976.97 1212997472
2593.59 2879.8 1212997538
2878.12 2553.69 1212997592
2435.81 2081.31 1212997658
1849.02 1514.03 1212997720
1538.78 1476.06 1212997773
1386.32 1330.9 1212997834
1377.46 936.745 1212997905
1374.8 951.261 1212997955
1372.14 961.31 1212998023
1378.34 942.328 1212998134
1377.46 942.328 1212998193
1373.02 935.629 1212998260
1373.02 930.046 1212998315
1374.8 932.279 1212998399
1373.91 931.162 1212998436
1370.37 935.629 1212998496
1373.02 934.512 1212998556
1371.25 934.512 1212998617
1568.03 924.463 1212998677
1769.24 937.862 1212998737
2019.21 1400.13 1212998798
2076.82 1461.55 1212998840
1850.79 1806.6 1212998889
1443.05 1916.03 1212998951
1030.88 1749.65 1212999005
332.398 1631.28 1212999065
-426.356 1517.38 1212999130
-861.575 1146.66 1212999191
-869.553 1143.31 1212999227
-869.553 1142.2 1212999228
-854.484 1338.72 1212999302
103.708 1496.16 1212999353
816.369 1616.76 1212999422
1010.49 1640.21 1212999469
1312.75 1792.08 1212999534
1830.4 1631.28 1212999589
2500.52 1021.6 1212999649
2830.26 -351.67 1212999714
2964.99 -1206.78 1212999770
3617.38 -1156.55 1212999830
3654.6 -1156.55 1212999894
3654.6 -1157.66 1212999952
3655.49 -1157.66 1213000010
3657.26 -1155.43 1213000079
3656.38 -1154.32 1213000135
3707.79 -906.498 1213000190
3592.56 -961.197 1213000223
