1411.14 1166.76 1212351179
1472.3 1636.86 1212351232
1466.1 1836.75 1212351292
1386.32 2189.63 1212351359
1474.96 2361.61 1212351412
1618.56 2473.28 1212351472
1594.62 2643.04 1212351509
1507.76 2682.12 1212351569
1094.7 2608.42 1212351629
1078.74 2172.88 1212351689
1125.72 1862.43 1212351754
1187.77 1498.4 1212351814
1119.52 1357.7 1212351870
990.989 1224.82 1212351930
320.875 559.355 1212352050
93.0714 332.705 1212352115
111.686 348.336 1212352175
110.799 349.453 1212352202
110.799 349.453 1212352216
38.115 458.869 1212352264
15.0687 749.164 1212352325
-49.6381 1093.07 1212352385
-154.233 1496.16 1212352445
-174.62 1600.01 1212352520
-239.326 2002.02 1212352578
-274.782 2274.5 1212352631
-324.42 2558.16 1212352687
-280.987 2710.04 1212352750
144.482 2780.4 1212352824
260.6 2797.16 1212352844
257.941 2724.56 1212352900
-1287.93 2465.47 1212353020
-1924.36 2377.24 1212353081
-2505.84 2337.04 1212353141
-3058.95 2304.65 1212353216
-3692.72 2271.15 1212353263
-4055.25 2247.7 1212353338
-4486.93 2226.48 1212353385
-5033.83 2196.33 1212353444
-5470.83 2168.41 1212353514
-5466.39 1758.58 1212353582
-5466.39 1757.46 1212353584
-5387.51 2104.76 1212353645
-4633.18 2201.91 1212353713
-3903.68 2249.93 1212353829
-3282.32 2280.08 1212353896
-2999.56 2295.72 1212353955
-1944.75 2359.37 1212354011
-1461.66 2419.68 1212354062
-1339.34 2437.55 1212354081
-951.988 2646.39 1212354142
