2424.29 3166.83 1212346416
2806.32 3199.22 1212346471
3106.81 3351.12 1212346531
3177.72 3148.96 1212346593
3580.15 2736.85 1212346653
3856.7 2443.13 1212346717
3896.59 2047.8 1212346785
3624.47 1749.65 1212346836
3559.76 784.894 1212346897
3891.27 -677.65 1212346951
3335.5 -2065.15 1212347005
2883.44 -3504.87 1212347054
3304.48 -4984.5 1212347099
3717.54 -6431.51 1212347153
3979.91 -7918.42 1212347182
4150.1 -9393.91 1212347225
2947.26 -14913.2 1212347418
3467.58 -16320.6 1212347471
4447.93 -15870.4 1212347607
4309.65 -15876 1212347659
4284.83 -15883.8 1212347685
3597.88 -16254.8 1212347826
2631.71 -13160.1 1212347875
3495.05 -10497.8 1212347982
4197.96 -9135.19 1212348025
3955.98 -7677.5 1212348081
3682.97 -6150.38 1212348122
3337.28 -5011.27 1212348171
2919.78 -3572.94 1212348206
2466.84 -2248.2 1212348276
2807.21 -1534.96 1212348338
2259.42 -1307.24 1212348391
1976.66 -1316.17 1212348447
1934.11 -1313.94 1212348477
1776.33 -1321.76 1212348514
1446.6 -1328.45 1212348574
1162.95 -1198.97 1212348639
1105.33 -485.636 1212348690
1053.04 159.652 1212348761
990.103 971.359 1212348823
925.396 1277.3 1212348872
877.53 1578.8 1212348932
723.298 1698.28 1212349064
385.582 1648.03 1212349112
212.735 1988.62 1212349176
213.621 1988.62 1212349195
213.621 1988.62 1212349204
214.507 1988.62 1212349215
345.694 1985.27 1212349323
384.695 1784.26 1212349387
417.492 1718.38 1212349453
106.367 1606.71 1212349503
-128.527 1548.65 1212349623
-133.846 1552 1212349683
