-3405.53 2285.67 1213026257
-3687.4 2277.85 1213026306
-3744.13 2270.03 1213026352
-4142.12 2245.47 1213026374
-4611.02 2220.9 1213026428
-5012.56 2194.1 1213026489
-4612.8 2205.26 1213026548
-4030.44 2233.18 1213026610
-4030.44 2233.18 1213026616
-3682.08 2262.22 1213026676
-3278.77 2283.43 1213026736
-3102.38 2294.6 1213026796
-2434.04 2330.34 1213026861
-1879.16 2363.84 1213026916
-1568.03 2400.69 1213026976
-867.78 2531.36 1213027037
-673.66 2634.1 1213027101
-482.199 2580.5 1213027160
-481.312 2578.26 1213027162
-830.552 2519.07 1213027222
-1012.26 2483.34 1213027282
-1029.99 2208.61 1213027342
-917.418 1498.4 1213027402
-881.076 1235.99 1213027463
-837.643 1007.09 1213027525
-828.779 812.807 1213027549
-902.35 519.16 1213027609
-994.535 221.058 1213027669
-869.553 188.68 1213027716
-858.03 -24.5616 1213027775
-401.537 187.564 1213027835
-654.159 263.484 1213027896
-573.497 296.978 1213027956
-569.065 295.861 1213027990
-497.267 217.708 1213028050
-238.44 202.078 1213028110
10.6367 259.018 1213028171
354.558 563.821 1213028236
620.476 828.439 1213028291
775.595 864.169 1213028352
1254.25 901.015 1213028416
1398.73 1090.83 1213028475
1561.83 1041.7 1213028533
2191.17 1021.6 1213028593
2608.66 139.556 1213028654
2804.55 -1284.92 1213028714
2546.61 -2760.49 1213028774
2832.03 -3412.24 1213028796
3236.23 -4804.86 1213028861
3577.49 -5662.85 1213028926
3772.49 -6769.52 1213028976
4038.41 -8256.37 1213029034
3994.09 -9763.02 1213029093
3013.74 -10907 1213029146
2556.36 -12328.5 1213029204
3066.04 -15299.9 1213029317
3716.65 -16277.1 1213029379
4041.07 -16182.4 1213029410
4548.09 -15954 1213029470
4457.68 -15880.5 1213029536
4408.04 -15860.4 1213029573
4396.52 -15862.6 1213029622
4397.4 -15866 1213029653
4397.4 -15866 1213029655
4398.29 -15855.9 1213029716
4397.4 -15857.1 1213029776
4369.04 -15861.5 1213029842
4244.94 -15933.9 1213029898
3620.92 -16249.3 1213029959
3066.04 -15000.1 1213030020
2182.3 -14036.1 1213030080
810.165 -14519.8 1213030132
-362.535 -13720.7 1213030192
-1326.05 -12563.7 1213030255
-2260.31 -11399.8 1213030310
-2706.16 -9970.42 1213030357
-3161.77 -8560.84 1213030421
-3124.54 -7050.62 1213030459
-3149.36 -6235.17 1213030488
-2701.73 -5600.37 1213030526
-2091 -5551.28 1213030539
-1331.36 -5100.53 1213030571
-1009.6 -4384.2 1213030631
-866.007 -4249.18 1213030662
-606.294 -4132.01 1213030697
-194.12 -4336.21 1213030758
-30.1374 -4138.71 1213030818
18.6143 -4067.29 1213030879
18.6143 -4068.41 1213030886
120.55 -4196.73 1213030946
-46.9789 -4589.51 1213031007
-147.141 -4650.88 1213031067
-141.823 -4640.84 1213031085
6.20476 -4397.59 1213031165
200.325 -4026 1213031225
95.7306 -3965.74 1213031254
94.8442 -3965.74 1213031256
109.027 -3908.83 1213031288
-163.097 -3643.24 1213031349
-302.261 -3426.75 1213031408
615.158 -2831.91 1213031468
1040.63 -2197.97 1213031529
1152.31 -1830.75 1213031588
1191.31 -1555.05 1213031649
1148.77 -1005.85 1213031709
1121.29 -721.187 1213031774
1062.79 63.6372 1213031841
1003.4 883.15 1213031901
986.557 1189.09 1213031961
1075.2 1289.59 1213032021
1168.27 1387.85 1213032082
1185.11 1402.37 1213032142
1186.88 1406.83 1213032202
1260.45 1479.41 1213032262
1269.32 1497.28 1213032322
1303.89 1526.31 1213032383
1295.02 1778.68 1213032448
1490.03 2230.95 1213032577
1490.92 2228.71 1213032588
1489.14 2220.9 1213032624
1491.8 2227.6 1213032685
1521.94 2167.29 1213032745
1404.94 2026.59 1213032805
1275.52 1995.32 1213032868
920.077 1945.07 1213032918
530.064 1855.73 1213032978
310.238 1639.1 1213033038
-200.325 1550.88 1213033095
-535.382 1495.05 1213033129
-899.69 1365.52 1213033189
-716.207 1176.81 1213033249
-714.434 1161.18 1213033297
-141.823 1238.22 1213033357
9.75034 1261.67 1213033422
423.697 1325.32 1213033477
583.248 1536.36 1213033540
543.36 1778.68 1213033600
506.131 2103.64 1213033666
451.175 2501.2 1213033721
491.063 2579.38 1213033771
493.722 2576.03 1213033781
491.063 2577.14 1213033832
491.063 2576.03 1213033834
489.29 2577.14 1213033864
425.469 2506.79 1213033925
271.237 2266.68 1213033985
248.19 2264.45 1213034049
248.19 2264.45 1213034079
253.509 2273.38 1213034196
253.509 2272.27 1213034259
251.736 2271.15 1213034316
248.19 2266.68 1213034338
-273.896 2178.46 1213034399
-1013.15 2115.92 1213034466
-1042.4 2433.08 1213034520
-979.466 2808.32 1213034581
-977.693 2973.61 1213034641
-1374.8 2966.91 1213034702
-1425.32 2984.78 1213034776
-1426.21 2983.67 1213034800
-1430.64 3064.08 1213034855
-1853.45 2994.84 1213034915
-2089.23 2855.23 1213034981
-2311.72 2563.74 1213035035
-2548.38 2541.41 1213035095
-2549.27 2531.36 1213035164
-2546.61 2535.82 1213035220
-2534.2 2342.62 1213035276
-2227.51 2338.16 1213035341
-2176.98 2340.39 1213035385
-2134.44 2343.74 1213035387
-2038.71 2035.52 1213035451
-2030.73 1852.38 1213035507
-2329.44 1317.5 1213035628
-1950.07 1221.47 1213035688
-1675.29 1228.17 1213035749
-1061.01 1300.75 1213035816
-346.58 1420.23 1213035875
362.535 1531.9 1213035930
612.499 1326.44 1213035990
909.441 1191.33 1213036055
985.671 1100.88 1213036119
998.967 877.567 1213036170
1359.73 904.365 1213036230
1592.85 762.563 1213036290
1643.38 410.86 1213036356
1646.03 409.743 1213036410
1638.94 424.258 1213036439
1633.62 422.025 1213036497
1631.85 417.559 1213036558
1786.97 394.112 1213036618
1826.86 232.222 1213036678
1857.88 -29.0273 1213036738
1888.02 -499.033 1213036801
1909.29 -784.818 1213036824
1949.18 -1294.97 1213036889
2111.39 -1329.57 1213036949
2213.33 -1325.1 1213036957
2482.79 -1309.48 1213037027
2905.6 -1202.32 1213037046
