4216.58 -16054.3 1211508483
3391.35 -16157.9 1211508548
2969.42 -14711.5 1211508598
2645 -13221.4 1211508650
2565.23 -11713.1 1211508715
3490.62 -10506.8 1211508758
4198.85 -9146.34 1211508809
3949.77 -7625.07 1211508858
3680.31 -6115.8 1211508906
3211.41 -4626.33 1211508959
2748.71 -3152.21 1211509007
2741.62 -1656.63 1211509067
2719.46 -1223.52 1211509133
2231.05 -1316.17 1211509194
1534.35 -1338.5 1211509257
1178.02 -1528.26 1211509308
616.931 -1579.61 1211509368
615.158 -1579.61 1211509387
582.361 -1571.79 1211509491
1081.4 -1457.94 1211509546
1501.55 -1340.73 1211509606
1911.95 -1332.92 1211509677
2627.27 -1264.83 1211509726
2489 -2623.21 1211509783
3026.15 -4022.66 1211509831
3535.83 -5430.79 1211509885
3801.75 -6900.03 1211509918
4065.89 -8396.89 1211509965
3935.59 -9882.33 1211510017
2933.08 -11005.2 1211510064
2574.09 -12447.8 1211510121
2800.12 -13874.5 1211510171
2850.64 -14253.4 1211510184
3180.38 -15747.9 1211510220
4177.58 -16121.1 1211510280
4412.47 -16026.4 1211510346
4409.81 -16015.3 1211510566
