2481.02 2991.48 1211348889
2479.25 2994.84 1211348956
2440.24 2995.95 1211349041
2590.04 2925.59 1211349096
2495.2 2737.96 1211349159
2494.31 2739.08 1211349164
2278.92 2516.84 1211349224
2025.41 2257.75 1211349285
1890.68 2137.14 1211349344
1890.68 2137.14 1211349364
1739.99 1951.77 1211349405
1451.03 1929.43 1211349465
1057.47 1754.11 1211349529
465.357 1671.48 1211349589
222.485 1637.98 1211349613
-643.522 1479.41 1211349687
-1500.67 1339.84 1211349744
-1972.23 820.623 1211349814
-3231.79 618.53 1211349949
-3553.56 -177.512 1211350046
-3586.35 -655.323 1211350106
-3610.28 -488.985 1211350153
-3612.94 -490.102 1211350180
-3616.49 -488.985 1211350214
-3613.83 -486.753 1211350266
-3612.06 -484.52 1211350387
-3612.94 -476.705 1211350394
-3612.94 -476.705 1211350410
-3433.01 -512.429 1211350451
-3613.83 -694.395 1211350515
-3596.1 -1086.22 1211350571
-3546.46 -1946.84 1211350631
-3502.14 -2855.35 1211350692
-3493.28 -3796.13 1211350768
-3387.8 -4667.61 1211350812
-3164.43 -5312.52 1211350887
-2798.35 -5335.95 1211350943
-2286.9 -5513.35 1211350996
-1584.87 -5662.85 1211351053
-1513.96 -5732.02 1211351089
-1302.11 -5648.35 1211351132
-1016.69 -5078.22 1211351204
-1031.76 -4707.78 1211351265
-1156.74 -4650.88 1211351325
-1949.18 -4479.04 1211351446
-1993.5 -4439.99 1211351478
-1843.7 -4277.07 1211351538
-1542.33 -4163.26 1211351598
-1401.39 -4195.62 1211351658
-992.762 -4402.05 1211351718
-504.358 -4836.1 1211351781
-855.371 -5366.08 1211351839
-805.733 -5768.84 1211351900
-1094.7 -6043.28 1211351960
-1521.94 -6254.13 1211352022
-1936.77 -6418.12 1211352081
-1938.54 -6417.01 1211352142
-1946.52 -6417.01 1211352145
-1931.45 -6224.01 1211352206
-1935.89 -5918.33 1211352266
-1321.61 -5657.27 1211352326
-802.187 -5314.75 1211352386
-347.467 -4675.43 1211352451
-32.7966 -4153.21 1211352507
74.4571 -3973.56 1211352566
285.419 -3637.66 1211352626
384.695 -3521.61 1211352671
422.81 -3518.26 1211352686
559.315 -3776.04 1211352753
332.398 -4173.3 1211352814
129.414 -4509.17 1211352873
116.118 -4534.83 1211352888
-79.7755 -4568.31 1211352948
-159.551 -4362.99 1211353013
-156.892 -4075.1 1211353069
20.3871 -3634.32 1211353142
834.984 -3240.38 1211353194
2036.93 -3038.38 1211353290
2479.25 -2211.37 1211353310
2911.81 -764.724 1211353374
2730.09 467.801 1211353429
2401.24 1223.71 1211353489
2279.81 1369.98 1211353549
1981.98 1672.6 1211353610
1486.48 1927.2 1211353670
1246.27 2029.94 1211353730
1178.02 2730.15 1211353790
971.488 2832.89 1211353851
414.833 2742.43 1211353911
-189.688 2662.02 1211353972
-304.92 2495.62 1211354040
-614.271 2459.88 1211354093
-616.931 2450.95 1211354127
-616.931 2450.95 1211354129
-330.625 2488.92 1211354189
-270.35 2147.19 1211354252
-195.007 1669.25 1211354309
-133.846 1325.32 1211354369
37.2286 1263.91 1211354429
436.106 1329.79 1211354490
452.948 1327.55 1211354504
415.719 1624.58 1211354565
53.1837 1591.08 1211354625
-616.931 1482.76 1211354686
-1265.77 1378.92 1211354746
-1745.31 901.015 1211354807
-2018.32 801.642 1211354841
-2467.72 664.308 1211354901
-2467.72 664.308 1211354916
-3042.99 634.161 1211354963
-3674.99 596.2 1211355023
-3772.49 433.189 1211355082
-3748.56 22.3288 1211355142
-3723.74 -455.494 1211355204
-3710.45 -696.628 1211355255
-3710.45 -696.628 1211355269
-3710.45 -775.888 1211355275
-3707.79 -779.237 1211355277
-3707.79 -779.237 1211355297
-3699.81 -884.171 1211355299
-3505.69 -1072.83 1211355359
-3479.1 -1424.45 1211355419
-3455.17 -1826.29 1211355480
-3520.76 -1904.42 1211355555
-3626.24 -2192.39 1211355600
-3652.83 -2537.27 1211355660
-3653.72 -2546.2 1211355721
-3653.72 -2546.2 1211355777
-3495.05 -2816.29 1211355837
-3249.52 -2852 1211355897
-3095.29 -3314.03 1211355957
-2564.34 -3797.24 1211356018
-2075.94 -3983.6 1211356078
-1851.68 -4043.86 1211356139
-1390.75 -4195.62 1211356200
-1153.2 -4313.9 1211356227
-985.671 -4396.47 1211356287
-564.633 -4749.07 1211356347
-440.538 -4830.52 1211356408
-236.667 -4495.78 1211356468
-236.667 -4496.9 1211356584
-237.554 -4495.78 1211356644
-236.667 -4496.9 1211356699
-237.554 -4496.9 1211356764
-207.416 -4442.22 1211356820
-35.4558 -4154.33 1211356884
192.348 -3773.81 1211356941
281.873 -3638.78 1211356961
559.315 -3295.06 1211357021
990.989 -2708.03 1211357081
1018.47 -2606.47 1211357106
1131.93 -2148.86 1211357166
1362.39 -1699.04 1211357226
1398.73 -1641 1211357286
1404.05 -1637.65 1211357347
1554.74 -1320.64 1211357406
1531.69 -893.102 1211357471
1607.92 -626.298 1211357536
1507.76 -624.065 1211357590
1600.83 -530.291 1211357665
1497.12 -497.916 1211357688
1494.46 -449.912 1211357710
1480.28 -120.574 1211357774
1437.73 320.424 1211357833
1422.66 537.024 1211357894
1350.87 725.717 1211357951
1239.18 543.723 1211358007
1170.93 1270.61 1211358067
1328.71 1543.06 1211358127
1539.67 1758.58 1211358187
1767.47 1988.62 1211358247
2043.14 2253.28 1211358307
2430.49 2643.04 1211358367
2628.16 2830.66 1211358428
2867.49 3089.77 1211358488
3012.85 3234.96 1211358548
3418.82 3763.26 1211358608
3413.5 3766.61 1211358624
3477.33 3784.48 1211358667
3478.21 3784.48 1211358669
3464.03 3791.19 1211358729
3391.35 3649.33 1211358789
3384.25 3417.01 1211358849
3376.28 3279.64 1211358909
3428.57 3331.01 1211358970
3114.79 3030.57 1211359031
2797.46 2729.03 1211359091
2348.95 2270.03 1211359151
1870.29 1808.83 1211359213
1530.8 1474.95 1211359273
1527.26 1477.18 1211359334
1362.39 1279.54 1211359394
1360.62 937.862 1211359455
1384.55 915.531 1211359552
1330.48 923.346 1211359744
1424.44 406.394 1211359800
1451.03 72.5688 1211359860
1485.6 -381.813 1211359920
1511.3 -721.187 1211359962
1550.3 -1211.25 1211360023
1295.02 -1347.43 1211360084
1151.43 -1788.34 1211360143
1035.31 -2155.56 1211360204
378.49 -2954.68 1211360264
-876.644 -3716.9 1211360324
-1398.73 -5132.89 1211360379
-2799.23 -5613.76 1211360443
-3124.54 -5995.31 1211360463
-3003.99 -6188.31 1211360515
-3003.99 -6188.31 1211360517
-3003.1 -6266.4 1211360578
-2917.12 -6276.44 1211360638
-2917.12 -6278.67 1211360698
-2918.01 -6275.33 1211360758
-2894.08 -6149.27 1211360818
-2380.86 -6153.73 1211360879
-2066.19 -5970.77 1211360939
-1564.49 -5757.68 1211360999
-961.738 -5447.52 1211361059
-551.337 -5006.81 1211361119
-191.461 -4410.98 1211361180
98.3898 -3931.15 1211361239
270.35 -3648.82 1211361273
392.673 -3501.52 1211361311
