2589.16 -12615 1211947243
2550.16 -11763.3 1211947270
3447.19 -10559.2 1211947318
4191.76 -9223.29 1211947367
3965.73 -7742.19 1211947416
3698.04 -6247.44 1211947462
3171.52 -4444.45 1211947526
2690.21 -3045.08 1211947572
2755.8 -1519.33 1211947632
2608.66 -24.5616 1211947696
2353.38 1076.32 1211947755
1448.37 1120.98 1211947815
1104.45 1014.91 1211947871
898.804 1064.03 1211947931
608.067 842.954 1211947991
234.895 639.744 1211948051
22.1599 581.685 1211948112
22.1599 581.685 1211948126
23.0463 581.685 1211948182
288.078 643.094 1211948246
390.9 649.793 1211948303
646.182 850.77 1211948363
1376.57 908.831 1211948424
1411.14 576.102 1211948484
1517.51 8.93151 1211948544
1693.9 -545.92 1211948604
1745.31 -1224.64 1211948665
2126.46 -1325.1 1211948734
2771.76 -1350.78 1211948791
2574.98 -2828.57 1211948846
3103.27 -4250.29 1211948896
3588.12 -5709.71 1211948951
3849.61 -7196.75 1211948996
4117.3 -8687.98 1211949046
3752.11 -10136.6 1211949100
2724.78 -11231.5 1211949151
2582.95 -12717.5 1211949217
2826.71 -14155.4 1211949261
3146.7 -15619.7 1211949309
4033.98 -16164.6 1211949374
4205.94 -16131.2 1211949390
4245.83 -16125.6 1211949391
