4388.54 -15902.7 1212742091
3603.19 -16252.6 1212742149
2998.67 -14841.9 1212742208
2676.91 -13364 1212742255
2549.27 -11875.9 1212742303
3409.07 -10609.3 1212742352
4185.55 -9312.5 1212742398
3982.57 -7803.54 1212742444
3710.45 -6289.83 1212742491
3260.16 -4833.87 1212742547
2837.35 -3370.95 1212742590
2628.16 -1867.59 1212742642
2871.03 -395.21 1212742690
2698.18 1071.85 1212742751
3340.82 2283.43 1212742810
3761.86 2717.86 1212742870
9596.99 6870.09 1212743119
11028.5 7157.26 1212743171
12469.8 7507.02 1212743221
13909.3 7431.04 1212743282
15332.9 7018.71 1212743336
16380.6 5975.12 1212743393
17603.8 5140.58 1212743449
18904.1 4383.19 1212743510
19428.9 4202.24 1212743571
19550.3 4426.76 1212743632
19495.4 4170.96 1212743692
19420.9 3915.17 1212743753
19420.9 3915.17 1212743813
19380.1 3848.15 1212743838
19378.4 3843.68 1212743839
19323.4 4051.44 1212743900
19371.3 4202.24 1212743928
19176.3 4365.32 1212743988
17841.3 5019.93 1212744047
16533 5665.65 1212744097
15695.4 6891.32 1212744157
14279.8 7340.52 1212744214
12828.8 7499.2 1212744271
11395.5 7274.59 1212744331
10386.8 7099.16 1212744391
8925.99 6742.71 1212744447
7487.37 6304.72 1212744504
6132.96 5418.75 1212744558
