3464.92 -16245.9 1211262861
2988.92 -14819.6 1211262917
2662.73 -13332.8 1211262976
2551.93 -11829.1 1211263024
3404.64 -10611.6 1211263081
4192.65 -9281.27 1211263125
3979.91 -7789.04 1211263171
3716.65 -6299.87 1211263219
3262.82 -4824.94 1211263271
2867.49 -3367.6 1211263322
3387.8 -1981.44 1211263381
3881.52 -567.131 1211263438
3486.19 884.267 1211263494
3684.74 1786.5 1211263554
3854.93 2045.57 1211263615
3471.12 2424.15 1211263675
3476.44 2866.4 1211263739
3636.88 3024.99 1211263762
3697.15 3081.95 1211263787
3582.81 3220.44 1211263847
3308.02 3526.47 1211263907
2740.73 3705.18 1211264070
2723 4069.31 1211264130
2873.69 3920.75 1211264190
2925.1 3738.69 1211264250
2733.64 3267.35 1211264317
2580.29 3033.92 1211264377
2585.61 2922.24 1211264437
2758.46 2768.12 1211264497
