1051.26 3236.08 1211267728
-3154.68 -2806.24 1211267747
-3154.68 -2806.24 1211267762
-3153.79 -2808.48 1211267768
-3153.79 -2808.48 1211267775
-3153.79 -2808.48 1211267790
-3209.63 -3219.18 1211267850
-3246.86 -4250.29 1211267909
-3246.86 -4281.54 1211267970
-2870.15 -4322.82 1211268031
-2707.05 -4597.32 1211268092
-2707.94 -4597.32 1211268117
-2627.27 -4757.99 1211268167
-2530.66 -5119.5 1211268227
-2066.19 -5244.46 1211268291
-1555.62 -5226.61 1211268352
-1175.36 -4702.2 1211268407
-988.33 -4397.59 1211268468
-697.592 -4618.52 1211268528
-524.746 -4958.83 1211268587
-224.258 -4471.23 1211268647
17.7279 -4066.18 1211268709
144.482 -3856.39 1211268767
295.169 -3623.16 1211268828
566.406 -3288.37 1211268902
922.737 -2835.26 1211268952
1048.6 -2319.63 1211269012
1281.73 -1858.66 1211269073
1481.17 -1482.5 1211269133
1547.64 -1319.52 1211269194
1297.68 -1818.48 1211269259
1121.29 -2182.35 1211269313
1278.18 -1870.94 1211269374
1480.28 -1475.8 1211269434
1549.42 -1281.57 1211269465
1509.53 -1244.73 1211269526
1537.01 -931.057 1211269586
1535.24 -871.892 1211269646
1534.35 -873.008 1211269652
1518.39 -704.442 1211269713
1604.37 -598.389 1211269784
1615.01 -713.373 1211269834
1551.19 -1194.5 1211269894
1353.52 -1118.59 1211269954
1480.28 -887.52 1211270014
1522.83 -713.373 1211270075
1604.37 -579.411 1211270135
1543.21 -875.241 1211270204
1519.28 -697.744 1211270261
1519.28 -694.395 1211270263
1487.37 -317.062 1211270323
1443.94 184.214 1211270384
1417.34 611.831 1211270443
1388.09 1086.37 1211270503
1500.67 1406.83 1211270563
1429.75 1824.46 1211270625
1187.77 2436.43 1211270686
1047.72 3281.87 1211270744
998.08 3630.35 1211270805
944.01 3946.44 1211270850
883.735 4338.51 1211270915
845.62 4555.22 1211270971
549.565 4529.53 1211271006
-564.633 4358.62 1211271066
-626.681 4442.4 1211271126
-573.497 4455.8 1211271138
-384.695 4489.31 1211271174
-179.938 4428.99 1211271232
