4300.79 -16175.7 1211244369
4213.92 -16042 1211244515
3388.69 -16163.5 1211244580
2963.22 -14698.1 1211244630
2629.05 -13156.7 1211244681
2584.73 -11615 1211244736
4197.08 -9041.51 1211244842
3935.59 -7548.11 1211244893
3662.58 -6026.55 1211244949
3201.66 -4514.75 1211245005
3201.66 -4514.75 1211245026
2826.71 -3287.25 1211245066
3620.03 -1687.88 1211245118
3852.27 -205.422 1211245170
3392.23 1199.14 1211245226
3028.81 1689.35 1211245286
3028.81 1689.35 1211245350
2785.05 1921.62 1211245357
2626.39 2090.24 1211245417
2535.97 2169.53 1211245480
2559.91 2493.39 1211245543
2417.2 2683.24 1211245603
2355.15 2790.45 1211245705
2288.67 2867.52 1211245791
2442.02 2662.02 1211245853
2762.89 2711.16 1211245912
2976.51 2894.32 1211245972
2951.69 2940.11 1211246033
2910.03 2962.45 1211246094
2910.03 2962.45 1211246100
2866.6 2947.93 1211246160
2918.9 2847.41 1211246190
2875.46 2810.56 1211246248
2824.94 2798.27 1211246314
2567 2512.37 1211246350
2227.51 2490.04 1211246410
1899.54 2746.9 1211246471
1836.61 2980.32 1211246531
1773.68 3430.42 1211246591
1600.83 3539.87 1211246651
1568.03 3754.33 1211246711
1515.73 4151.97 1211246772
1516.62 4149.74 1211246799
1516.62 4149.74 1211246807
1546.76 3874.96 1211246853
1560.94 3750.98 1211246913
1607.03 3516.42 1211246974
1641.6 3249.48 1211247034
1674.4 3027.22 1211247094
1726.7 2763.65 1211247154
1786.97 2388.41 1211247207
1982.86 1942.83 1211247267
2115.82 1802.13 1211247327
2563.45 1344.3 1211247387
2801.01 1106.47 1211247447
2832.03 653.142 1211247507
2873.69 232.222 1211247568
3284.09 256.785 1211247629
3377.16 264.6 1211247654
3377.16 264.6 1211247656
3729.06 312.609 1211247720
3803.52 225.524 1211247776
3783.13 -1289.38 1211247833
2949.03 -2551.78 1211247883
3050.97 -4066.18 1211247937
3547.35 -5474.3 1211247983
3809.72 -6960.27 1211248029
4074.76 -8438.16 1211248078
3904.57 -9924.71 1211248130
2912.69 -11013 1211248177
2568.77 -12485.7 1211248226
2820.51 -14020.5 1211248280
3123.65 -15494.9 1211248337
4018.91 -16170.2 1211248400
