3670.56 -16232.6 1212413111
3099.72 -15169.5 1212413180
3105.93 -14299.1 1212413226
2440.24 -14411.7 1212413290
1902.2 -14537.6 1212413344
1498.01 -14225.6 1212413404
1140.79 -13463.2 1212413464
756.981 -12795.6 1212413524
562.86 -12826.8 1212413594
435.22 -12849.1 1212413658
433.447 -12849.1 1212413705
433.447 -12849.1 1212413732
433.447 -12849.1 1212413734
433.447 -12846.8 1212413799
535.382 -12861.3 1212413859
926.282 -13103.2 1212413923
1402.28 -14064 1212413974
1977.55 -14058.4 1212414036
2914.46 -14669.1 1212414096
3299.16 -16131.2 1212414153
4261.78 -16139 1212414212
4412.47 -16202.5 1212414272
