4196.19 -16068.8 1212454131
2932.19 -14376 1212454246
2613.09 -12875.8 1212454290
2691.09 -11339.6 1212454339
3723.74 -10197.9 1212454395
4152.76 -8768.28 1212454439
3883.29 -7262.56 1212454498
3610.28 -5743.18 1212454550
3149.36 -4311.67 1212454606
2816.08 -3248.19 1212454666
3594.33 -1761.55 1212454714
3850.5 -254.544 1212454774
3393.12 1194.68 1212454826
3160.88 1530.78 1212454861
3086.43 1627.93 1212454921
2696.41 2024.35 1212454982
2436.7 2290.14 1212455048
2214.21 2549.23 1212455107
2171.67 2870.87 1212455168
2214.21 2882.03 1212455252
2213.33 2875.33 1212455257
2213.33 2875.33 1212455344
2306.4 2869.75 1212455407
2356.04 2708.93 1212455468
2382.63 2714.51 1212455469
2425.18 2676.54 1212455506
2576.75 2539.17 1212455565
2387.06 2324.75 1212455625
2151.28 2089.12 1212455654
1743.54 1683.76 1212455705
1562.71 1500.63 1212455771
1377.46 1311.92 1212455817
1377.46 1311.92 1212455841
1385.43 976.942 1212455907
1420 503.529 1212455963
1468.76 -117.225 1212456023
1490.92 -420.886 1212456083
1498.01 -494.567 1212456143
1496.23 -533.64 1212456192
1521.05 -804.912 1212456253
1550.3 -1212.36 1212456313
1418.23 -1595.23 1212456373
1326.05 -1766.01 1212456404
1318.95 -1778.29 1212456406
1312.75 -1777.18 1212456466
1312.75 -1777.18 1212456526
1311.86 -1778.29 1212456587
1310.98 -1779.41 1212456656
1309.2 -1779.41 1212456711
1263.11 -1883.21 1212456766
1084.06 -2237.04 1212456828
1033.54 -2471.42 1212456886
978.579 -2892.18 1212456947
846.507 -3192.39 1212457007
1220.57 -3218.06 1212457067
1880.93 -3128.78 1212457093
2943.72 -3732.52 1212457154
3406.41 -5147.4 1212457202
3750.33 -6611.11 1212457246
4021.57 -8129.22 1212457297
4065.89 -9626.97 1212457337
3139.61 -10836.8 1212457385
2553.7 -12208.1 1212457432
2751.37 -13701.8 1212457490
3037.67 -15213 1212457533
3790.22 -16241.5 1212457593
