4206.83 -16059.9 1211254194
3526.96 -16500 1211254252
4717.39 -17433.6 1211254312
5882.11 -18388.3 1211254353
7106.22 -19254.9 1211254400
8591.82 -19335.1 1211254444
9874.43 -20060.2 1211254493
10652.7 -21160.4 1211254553
10575.6 -21233.9 1211254614
10118.2 -21632.6 1211254674
9811.5 -21900.9 1211254735
9419.71 -22301.8 1211254795
8847.99 -22754.9 1211254857
8498.75 -23078.9 1211254916
8511.16 -22982 1211254977
8523.57 -22999.8 1211255037
8536.86 -23014.3 1211255061
8520.91 -23140.1 1211255121
9084.66 -22499.9 1211255181
9677.65 -22029 1211255241
10068.6 -21827.4 1211255361
10390.3 -21548 1211255422
10895.6 -21083.6 1211255492
10051.7 -20243.9 1211255542
8886.1 -19326.2 1211255598
7404.94 -19283.9 1211255651
6090.42 -18544.3 1211255696
4954.06 -17597.4 1211255741
3856.7 -16678.2 1211255801
4032.21 -16169 1211255861
4416.02 -16026.4 1211255921
4283.94 -16132.3 1211256044
4525.04 -16097.7 1211256195
4212.15 -16063.2 1211256253
3543.8 -16271.6 1211256313
3002.22 -14848.6 1211256374
2682.23 -13393 1211256424
2551.04 -11853.6 1211256485
3399.32 -10616 1211256534
4175.8 -9354.88 1211256581
3993.21 -7866 1211256632
3732.61 -6406.97 1211256682
3312.46 -4956.6 1211256733
2918.01 -3502.63 1211256783
2812.53 -2679.01 1211256845
3738.81 -1480.26 1211256872
3944.46 -890.869 1211256895
3712.22 644.21 1211256947
3458.71 1563.16 1211256992
3756.54 2146.08 1211257052
3212.29 2691.06 1211257112
2995.13 2905.49 1211257173
2888.76 3440.47 1211257234
2859.51 3341.06 1211257323
2859.51 3329.9 1211257352
2809.87 3322.08 1211257413
2563.45 3264 1211257473
2594.48 2865.28 1211257533
2909.15 2584.96 1211257593
3038.56 2053.39 1211257653
2691.09 831.789 1211257715
2895.85 -678.766 1211257772
2478.36 -2126.54 1211257822
2888.76 -3570.71 1211257870
3322.21 -5038.05 1211257921
3725.52 -6500.67 1211257964
3993.21 -7990.92 1211258018
4124.39 -9471.97 1211258060
3244.2 -10746.5 1211258115
2543.07 -12073.2 1211258175
2705.28 -13574.7 1211258222
2992.47 -15055.8 1211258277
3612.94 -16295 1211258337
3675.88 -16279.4 1211258341
4228.1 -16108.9 1211258400
