2684 -454.378 1211482648
2687.55 -779.237 1211482699
2631.71 -937.754 1211482763
2705.28 -1663.32 1211482818
2182.3 -2908.92 1211482878
725.071 -3158.91 1211482936
-706.456 -3556.2 1211483006
-1251.59 -4972.22 1211483041
-1872.95 -5556.86 1211483106
-1931.45 -5768.84 1211483162
-1736.45 -6183.85 1211483222
-1871.18 -6316.6 1211483285
-1756.83 -6270.87 1211483306
-1854.34 -5888.21 1211483366
-1298.57 -5643.88 1211483426
-831.438 -5342.65 1211483487
-465.357 -4868.46 1211483552
-170.188 -4378.62 1211483607
-30.1374 -4139.82 1211483667
211.848 -3743.68 1211483727
382.036 -3523.84 1211483792
1040.63 -2472.54 1211483908
1159.4 -2096.4 1211483975
1193.97 -1802.85 1211484039
789.777 -1683.42 1211484087
777.368 -1494.77 1211484117
748.117 -1126.41 1211484178
702.024 -545.92 1211484238
659.477 -8.9315 1211484298
630.226 472.267 1211484358
607.18 707.852 1211484418
586.793 1004.86 1211484478
512.336 1132.15 1211484539
85.0939 1168.99 1211484601
20.3871 1306.34 1211484623
0 1480.53 1211484691
-26.5918 1664.78 1211484746
-127.641 1881.41 1211484804
-655.045 1794.31 1211484861
-1027.33 2236.53 1211484918
-1039.74 2431.96 1211484975
-955.533 2889.85 1211485035
-973.261 2978.08 1211485097
-998.08 3076.37 1211485157
-1041.51 3392.44 1211485219
-1072.54 3608.01 1211485279
-1375.68 4179.9 1211485345
-1420 4363.09 1211485388
-1420 4363.09 1211485396
-1168.27 4182.13 1211485452
-1042.4 4277.08 1211485510
-843.848 4307.24 1211485571
-774.709 4312.82 1211485631
-627.567 4445.75 1211485691
-396.218 4484.84 1211485763
-241.986 4510.54 1211485819
-150.687 4403.3 1211485881
-23.0463 4334.04 1211485935
162.21 4169.84 1211485995
435.22 4192.18 1211486066
617.817 4222.34 1211486120
860.689 4260.32 1211486175
1128.38 4302.77 1211486235
1201.06 4222.34 1211486276
1228.54 4019.05 1211486362
1257.79 3844.8 1211486394
1302.11 3556.63 1211486437
1342 3322.08 1211486490
1341.11 3322.08 1211486491
1271.09 3280.75 1211486537
1214.36 3289.69 1211486571
1212.59 3298.62 1211486627
1212.59 3297.51 1211486687
1213.47 3288.57 1211486815
1210.81 3297.51 1211486869
1209.93 3300.86 1211486899
1209.93 3299.74 1211486955
1211.7 3294.16 1211487010
1217.02 3287.45 1211487072
1216.13 3284.1 1211487136
1210.81 3290.8 1211487192
1209.04 3296.39 1211487238
1208.16 3295.27 1211487300
1226.77 3284.1 1211487363
1241.84 3284.1 1211487421
1245.38 3285.22 1211487480
1296.8 3394.68 1211487540
1500.67 3423.72 1211487581
1640.72 3322.08 1211487641
1649.58 3250.6 1211487661
1649.58 3248.36 1211487666
1688.58 3037.28 1211487731
2277.15 3007.12 1211487786
2379.08 2964.68 1211487847
2715.03 3012.7 1211487912
2745.16 2949.04 1211487929
2746.05 2949.04 1211487930
2964.99 3162.36 1211487991
3008.42 3288.57 1211488092
3203.43 3471.74 1211488147
3300.93 3565.56 1211488212
3399.32 3773.31 1211488267
3555.33 3793.42 1211488338
3584.58 3639.28 1211488388
3345.25 3318.73 1211488474
3054.52 2993.72 1211488539
2861.28 2834.01 1211488598
2816.96 2686.59 1211488659
2895.85 2627.4 1211488719
2900.28 2586.08 1211488738
2505.84 2262.22 1211488800
2273.6 2043.34 1211488860
2036.05 2262.22 1211488921
1723.15 1959.58 1211488986
1717.83 2098.06 1211489002
1661.1 2268.92 1211489038
1705.42 2295.72 1211489096
1716.95 2292.37 1211489198
1657.56 2371.66 1211489258
1489.14 2459.88 1211489319
1219.68 2423.03 1211489379
1140.79 2693.29 1211489421
1100.02 2952.39 1211489481
1026.44 3414.78 1211489542
738.367 3817.99 1211489601
388.241 3754.33 1211489661
16.8415 3700.71 1211489721
-22.1599 3699.6 1211489741
-23.0463 3699.6 1211489743
34.5694 3602.42 1211489803
111.686 3555.51 1211489868
159.551 3237.19 1211489923
-174.62 3160.13 1211489989
-410.401 3123.27 1211490039
-377.604 2831.78 1211490099
-349.239 2637.45 1211490165
-396.218 2586.08 1211490220
-924.509 2505.67 1211490281
-1134.58 2484.45 1211490347
-1722.26 2392.88 1211490402
-2392.38 2351.56 1211490463
-2674.25 2330.34 1211490523
-2641.46 2316.94 1211490584
-2169.01 2342.62 1211490644
-1859.66 2360.49 1211490704
-1480.28 2415.21 1211490764
-1480.28 2415.21 1211490781
-917.418 2481.1 1211490824
-451.175 2558.16 1211490884
-324.42 2504.55 1211490944
-243.758 1999.79 1211491004
-191.461 1700.51 1211491064
-171.961 1528.55 1211491123
-68.2524 1356.58 1211491151
158.665 1351 1211491211
163.097 1343.19 1211491272
162.21 1340.95 1211491324
299.601 1442.57 1211491384
272.123 1610.06 1211491450
226.031 1918.27 1211491504
192.348 2054.5 1211491564
147.141 2415.21 1211491634
100.163 2724.56 1211491684
66.4796 2871.98 1211491744
-2.65918 3236.08 1211491815
-64.7068 3704.06 1211491864
-132.073 4125.16 1211491924
-153.346 4255.85 1211491948
-153.346 4255.85 1211491974
-27.4782 4330.69 1211491995
-23.0463 4331.81 1211492042
417.492 4398.83 1211492108
510.563 3855.97 1211492231
562.86 3471.74 1211492298
667.455 3077.48 1211492344
972.375 3117.69 1211492404
1053.04 3143.38 1211492439
1061.9 3140.03 1211492441
1196.63 3161.25 1211492502
1227.66 3105.4 1211492562
1227.66 3105.4 1211492578
1263.11 2876.45 1211492627
1317.18 2571.56 1211492683
1472.3 2361.61 1211492742
1541.44 2085.77 1211492802
1457.23 1916.03 1211492851
1418.23 1890.35 1211492911
1377.46 1602.25 1211492976
1162.95 1391.2 1211493031
1168.27 1185.74 1211493092
1193.09 854.12 1211493152
1214.36 557.122 1211493188
1186.88 1030.54 1211493248
1172.7 1251.62 1211493308
1203.72 1423.58 1211493369
1310.98 1653.61 1211493429
1281.73 1835.63 1211493494
1212.59 2292.37 1211493550
2056.44 2450.95 1211493615
2215.99 2555.93 1211493670
2333.88 2918.89 1211493731
2341.85 2931.17 1211493742
2458.86 2934.53 1211493777
2612.2 2963.56 1211493837
2457.97 2695.53 1211493898
2137.1 2361.61 1211493957
1908.41 2133.79 1211494017
1899.54 2125.97 1211494046
1770.13 1994.2 1211494081
1695.67 1920.5 1211494103
1457.23 1734.01 1211494190
1445.71 1868.01 1211494228
1419.12 1991.97 1211494253
1563.6 1956.23 1211494314
1820.65 1630.16 1211494374
2317.92 1144.43 1211494435
2497.86 1030.54 1211494494
2539.52 992.574 1211494554
2613.98 918.88 1211494614
2682.23 789.36 1211494676
2595.36 -10.0479 1211494735
2757.57 -1495.89 1211494791
2668.05 -3013.83 1211494847
3153.79 -4426.6 1211494897
3609.4 -5853.63 1211494949
3877.09 -7364.07 1211495004
4153.64 -8887.61 1211495056
3626.24 -10298.3 1211495108
2652.09 -11403.2 1211495161
2593.59 -12914.8 1211495221
3199.88 -15821.4 1211495335
4039.3 -16182.4 1211495399
4455.02 -16206.9 1211495445
4455.02 -16206.9 1211495452
4557.84 -16047.6 1211495517
4369.04 -15876 1211495534
4149.21 -16071 1211495568
4188.21 -16116.7 1211495623
