-8016.55 16564.6 1212279957
-7630.08 17286.2 1212280114
-7630.97 17287.3 1212280185
-7626.54 17288.4 1212280208
-7898.66 17198.9 1212280268
-8029.85 16578 1212280328
-8087.46 16069 1212280388
-8361.36 15365.4 1212280448
-8169.01 14694.4 1212280509
-7895.12 13817.5 1212280570
-7676.18 13344.5 1212280630
-7069 13217 1212280690
-6348.36 12104.4 1212280750
-5641.9 10909.3 1212280812
-5020.54 10319 1212280859
-4458.56 9108.5 1212280914
-4431.97 8579.86 1212280935
-3887.73 7521.55 1212280995
-3763.63 6224.28 1212281055
-3565.08 5263.47 1212281115
-3074.9 4805.44 1212281175
-3018.17 3533.17 1212281235
-3265.48 2472.17 1212281295
-3245.09 2192.98 1212281356
-3216.73 1688.23 1212281425
-3818.59 1358.82 1212281476
-3745.9 763.679 1212281542
-3669.67 216.592 1212281601
-3630.67 -436.516 1212281659
-3602.31 -917.661 1212281729
-3540.26 -2093.05 1212281844
-3513.67 -2646.65 1212281899
-3480.87 -3170.07 1212281960
-3488.85 -3635.43 1212282025
-3492.39 -3762.65 1212282080
-3514.55 -4320.59 1212282128
-3208.75 -5065.95 1212282178
-3196.34 -6485.06 1212282227
-3083.77 -7775.65 1212282282
-3131.63 -8065.64 1212282289
-2964.99 -9546.68 1212282321
-2623.73 -11005.2 1212282372
-1601.71 -12104.4 1212282415
-688.728 -13294.9 1212282466
131.186 -14573.3 1212282512
1489.14 -14187.7 1212282570
2894.08 -14500.9 1212282630
3254.84 -15997.5 1212282687
4190.87 -16125.6 1212282741
