3750.33 -16218.1 1212286438
3049.2 -15044.7 1212286491
2707.94 -13551.3 1212286546
2552.82 -12050.9 1212286590
3253.95 -10749.8 1212286648
4130.6 -9484.23 1212286687
4020.69 -7999.84 1212286735
3757.43 -6538.6 1212286779
3371.84 -5060.37 1212286827
2941.06 -3598.61 1212286875
3437.44 -1932.33 1212286940
3866.45 -484.52 1212286989
3420.6 956.843 1212287042
3792 1890.35 1212287102
3742.36 2301.3 1212287167
3481.76 2819.49 1212287222
3697.15 3146.73 1212287282
3443.64 3414.78 1212287342
3147.59 3557.75 1212287402
3182.16 3603.54 1212287565
2853.3 3504.13 1212287625
2382.63 3477.33 1212287685
1680.6 3365.64 1212287745
1201.95 3316.49 1212287805
920.964 3218.21 1212287865
923.623 2810.56 1212287926
300.488 2726.8 1212287984
267.691 2716.74 1212287991
236.667 2712.28 1212288046
244.645 2676.54 1212288069
261.486 2568.21 1212288134
828.779 2466.58 1212288222
1146.11 2689.94 1212288282
1194.86 3169.06 1212288342
1870.29 3277.4 1212288402
2351.6 3346.65 1212288462
2495.2 3367.87 1212288523
2746.05 3396.91 1212288583
3041.22 3430.42 1212288644
3031.47 3917.4 1212288721
3176.84 3898.41 1212288765
3176.84 3898.41 1212288767
3380.71 3716.35 1212288809
3390.46 3355.58 1212288868
3124.54 2987.02 1212288929
2833.8 2793.81 1212288995
2279.81 2217.55 1212289050
2025.41 1967.4 1212289117
1558.28 1490.58 1212289175
1517.51 1404.6 1212289231
1578.67 947.911 1212289296
1422.66 729.067 1212289352
1420 495.714 1212289412
1423.55 426.491 1212289437
1235.63 400.811 1212289497
1192.2 827.323 1212289552
1183.34 1062.92 1212289612
1165.61 1363.28 1212289672
1316.3 1533.01 1212289732
1294.14 1766.4 1212289792
1273.75 1876.95 1212289852
1271.98 1874.71 1212289912
1228.54 2111.46 1212289972
1123.06 2838.48 1212290032
1365.93 3190.29 1212290093
1712.51 3226.03 1212290157
1763.92 3246.13 1212290159
1909.29 3284.1 1212290194
1945.64 3176.88 1212290252
1701.88 2935.64 1212290318
1770.13 2522.42 1212290374
1813.56 2222.01 1212290433
1905.75 1845.68 1212290493
1513.96 1412.42 1212290560
1580.44 959.077 1212290623
1415.57 707.852 1212290675
1418.23 458.869 1212290733
1470.53 -181.977 1212290816
1518.39 -811.61 1212290880
1554.74 -1288.27 1212290937
1301.23 -1810.66 1212290998
1217.02 -1969.16 1212291054
1184.22 -1460.17 1212291114
1516.62 -1341.85 1212291174
1742.65 -1337.38 1212291234
2224.85 -1320.64 1212291294
2199.14 -937.754 1212291355
2195.6 -887.52 1212291370
1687.7 -865.194 1212291457
1614.12 -739.049 1212291524
1729.36 -1028.18 1212291578
1751.52 -1302.78 1212291639
2073.28 -1329.57 1212291699
2561.68 -1280.45 1212291759
2449.11 -2209.13 1212291819
2677.8 -3089.72 1212291883
3106.81 -2812.94 1212291939
3272.57 -2972.54 1212291999
3248.64 -3007.13 1212292051
3177.72 -3086.37 1212292057
2947.26 -3298.41 1212292122
3048.31 -3944.54 1212292177
3339.93 -5060.37 1212292237
3729.95 -6518.52 1212292288
3999.41 -8002.07 1212292338
4117.3 -9495.39 1212292385
3253.95 -10740.9 1212292438
2542.18 -12079.9 1212292488
2707.94 -13582.5 1212292543
2999.56 -15073.7 1212292610
3596.99 -16296.1 1212292650
4228.1 -16115.6 1212292721
4401.83 -16024.2 1212292787
4406.27 -16022 1212292837
