3636.88 -16248.2 1211420035
3294.73 -15918.3 1211420085
3214.95 -15675.4 1211420145
3138.72 -15389 1211420198
3138.72 -15389 1211420213
3030.58 -14985.6 1211420273
2962.33 -14689.2 1211420310
2563.45 -12153.5 1211420423
3215.84 -10783.3 1211420470
4093.37 -9586.83 1211420519
4025.12 -8062.3 1211420571
3759.2 -6575.41 1211420619
3408.19 -5125.08 1211420666
2955.24 -3699.04 1211420720
2446.45 -2422.31 1211420774
2528 -2041.71 1211420835
2740.73 -1657.74 1211420895
2824.05 -1318.41 1211420957
2168.12 -1317.29 1211421021
1590.19 -1336.27 1211421077
1151.43 -1449.01 1211421140
1067.22 -1454.59 1211421175
1063.67 -1457.94 1211421181
1174.47 -1447.89 1211421204
1724.92 -1338.5 1211421287
2140.64 -1325.1 1211421347
2770.87 -1376.45 1211421408
2608.66 -2889.95 1211421473
3122.77 -4297.16 1211421523
3284.09 -4943.21 1211421535
3708.67 -6400.27 1211421582
3979.02 -7902.8 1211421629
4135.92 -9436.28 1211421680
3270.8 -10685.2 1211421731
3436.55 -10953.9 1211421754
3385.14 -11307.3 1211421819
3022.61 -11606.1 1211421884
2891.42 -12094.4 1211421934
2670.71 -12633.9 1211421994
2925.99 -13240.3 1211422056
3062.49 -13529 1211422118
3238.89 -13896.8 1211422177
3275.23 -13988.2 1211422243
3308.02 -14062.9 1211422306
3333.73 -14154.3 1211422343
3277 -14182.1 1211422404
3269.02 -14185.5 1211422458
3206.98 -14213.3 1211422528
3188.36 -14224.5 1211422578
3169.75 -14234.5 1211422638
3009.31 -14330.3 1211422709
2853.3 -14510.9 1211422771
3240.66 -15956.2 1211422813
4189.99 -16117.8 1211422873
4389.43 -16048.7 1211422933
4388.54 -16049.8 1211423004
4389.43 -16048.7 1211423054
4389.43 -16049.8 1211423092
4389.43 -16050.9 1211423159
4388.54 -16049.8 1211423221
4388.54 -16049.8 1211423267
4388.54 -16049.8 1211423331
4388.54 -16049.8 1211423393
4390.31 -16049.8 1211423452
4390.31 -16050.9 1211423511
4388.54 -16049.8 1211423572
4388.54 -16049.8 1211423642
4388.54 -16050.9 1211423695
4389.43 -16050.9 1211423753
4413.36 -16018.6 1211423809
