4231.65 -16104.4 1212121325
4384.99 -16047.6 1212121417
4386.77 -16047.6 1212121483
4384.99 -16042 1212121538
4386.77 -16043.1 1212121597
4386.77 -16043.1 1212121662
4391.2 -16039.8 1212121718
4391.2 -16040.9 1212121782
4387.65 -16045.4 1212121838
4386.77 -16047.6 1212121898
4388.54 -16045.4 1212121959
4389.43 -16043.1 1212122018
4388.54 -16044.3 1212122082
4386.77 -16045.4 1212122138
4387.65 -16046.5 1212122198
4388.54 -16043.1 1212122268
4388.54 -16043.1 1212122319
4389.43 -16036.5 1212122383
4389.43 -16039.8 1212122439
4390.31 -16039.8 1212122509
4390.31 -16040.9 1212122559
4391.2 -16043.1 1212122620
4386.77 -16046.5 1212122675
4389.43 -16047.6 1212122735
4389.43 -16040.9 1212122795
4390.31 -16039.8 1212122855
4389.43 -16039.8 1212122915
4389.43 -16039.8 1212122927
4390.31 -16039.8 1212122975
4390.31 -16035.3 1212123024
4388.54 -16039.8 1212123084
4387.65 -16037.6 1212123150
4390.31 -16037.6 1212123205
4389.43 -16043.1 1212123269
4386.77 -16046.5 1212123325
4387.65 -16047.6 1212123389
4387.65 -16047.6 1212123458
4388.54 -16045.4 1212123505
4409.81 -16024.2 1212123565
