4330.04 -16206.9 1212707654
4534.79 -16089.9 1212707714
4234.31 -16202.5 1212707861
3392.23 -16165.7 1212707921
2980.94 -14761.6 1212707989
2980.94 -14761.6 1212708002
2652.09 -13268.2 1212708037
2551.93 -11766.6 1212708088
3447.19 -10558.1 1212708143
3886.84 -9980.46 1212708154
4102.23 -8492.81 1212708204
3834.54 -7000.43 1212708257
3567.74 -5513.35 1212708300
3083.77 -4094.07 1212708350
2856.85 -3335.24 1212708375
2758.46 -2764.95 1212708436
3686.51 -1576.26 1212708447
3846.95 -34.6095 1212708498
3355 1388.97 1212708556
3762.74 1865.78 1212708616
3885.07 1980.8 1212708677
3677.65 2224.25 1212708737
3677.65 2224.25 1212708754
3395.78 2775.94 1212708803
3847.84 3237.19 1212708864
3711.33 3439.35 1212708918
3485.3 3715.23 1212708992
3400.21 3731.99 1212709038
3399.32 3736.45 1212709089
3383.37 3734.22 1212709092
3383.37 3734.22 1212709118
2650.32 3562.21 1212709238
2465.95 3589.02 1212709291
2205.35 3590.14 1212709352
2205.35 3605.77 1212709383
2205.35 3605.77 1212709385
2121.14 3650.45 1212709423
1958.93 3494.08 1212709483
1705.42 3459.46 1212709544
1631.85 3377.92 1212709603
1638.06 3372.34 1212709668
1634.51 3372.34 1212709724
1637.17 3356.7 1212709789
1646.03 3326.55 1212709827
1932.34 3281.87 1212709887
2410.11 3355.58 1212709947
2513.81 3377.92 1212710010
2935.74 3437.12 1212710067
2961.44 3402.49 1212710127
2988.92 3351.12 1212710178
2988.92 3351.12 1212710195
2988.04 3352.23 1212710201
2996.9 3309.79 1212710297
2962.33 3175.77 1212710352
2911.81 3538.76 1212710413
2657.41 3594.6 1212710474
2251.44 3546.58 1212710537
2085.69 3520.89 1212710596
1889.79 3691.78 1212710662
1880.04 3702.95 1212710680
1879.16 3711.88 1212710682
1628.31 3858.2 1212710742
1601.71 3609.12 1212710803
1649.58 3250.6 1212710863
1692.13 2951.28 1212710923
1768.36 2512.37 1212710983
1813.56 2222.01 1212711019
1870.29 2053.39 1212711076
1981.98 1920.5 1212711134
1761.27 1702.75 1212711194
1552.96 1495.05 1212711255
1374.8 1116.51 1212711315
1407.59 683.289 1212711375
1418.23 510.228 1212711398
1444.82 231.106 1212711461
1482.94 -245.613 1212711518
1508.64 -673.185 1212711589
1538.78 -1028.18 1212711639
1558.28 -1316.17 1212711699
1475.85 -1473.57 1212711759
1267.54 -1885.45 1212711819
1213.47 -1990.37 1212711879
1085.83 -2239.27 1212711940
996.307 -2675.67 1212712000
725.071 -3079.67 1212712060
404.196 -3482.55 1212712120
179.052 -3730.29 1212712185
103.708 -3687.88 1212712214
90.4122 -3677.84 1212712216
202.098 -3403.31 1212712276
400.65 -3310.69 1212712336
1622.1 -3177.88 1212712398
2855.96 -3397.73 1212712456
3256.61 -4845.03 1212712522
3691.83 -6268.63 1212712558
3955.98 -7736.61 1212712607
4189.1 -9229.98 1212712656
3453.39 -10540.2 1212712711
2551.04 -11735.4 1212712752
2616.64 -13030.8 1212712812
2890.53 -14504.2 1212712869
3249.52 -15961.8 1212712927
4183.78 -16124.5 1212712987
