2365.79 1442.57 1211661513
2504.06 1394.55 1211661537
3019.06 1573.21 1211661597
3477.33 854.12 1211661658
3816.81 110.528 1211661687
3838.97 -772.539 1211661726
3819.47 -1120.83 1211661766
3746.79 -1002.5 1211661832
3656.38 -963.43 1211661882
3656.38 -963.43 1211661925
3656.38 -966.778 1211661956
3657.26 -967.895 1211662015
3658.15 -964.546 1211662053
3658.15 -966.778 1211662126
3658.15 -966.778 1211662168
3658.15 -967.895 1211662228
3657.26 -966.778 1211662288
3657.26 -966.778 1211662354
3657.26 -966.778 1211662408
3656.38 -965.662 1211662473
3586.35 -996.919 1211662524
3749.45 -1117.48 1211662589
3744.13 -1098.5 1211662643
3752.11 -1092.92 1211662695
3753.88 -1092.92 1211662748
3753.88 -1092.92 1211662762
3754.77 -1090.69 1211662818
3754.77 -1090.69 1211662874
3755.65 -1091.8 1211662941
3754.77 -1091.8 1211663005
3753.88 -1090.69 1211663061
3754.77 -1089.57 1211663110
3754.77 -1089.57 1211663172
3755.65 -1088.45 1211663235
3755.65 -1088.45 1211663291
3755.65 -1089.57 1211663353
3756.54 -1089.57 1211663416
3758.31 -1092.92 1211663471
3757.43 -1090.69 1211663545
3756.54 -1089.57 1211663602
3755.65 -1089.57 1211663668
3755.65 -1091.8 1211663714
3755.65 -1090.69 1211663772
3760.97 -1088.45 1211663842
3759.2 -1090.69 1211663902
3755.65 -1091.8 1211663954
3755.65 -1089.57 1211664014
3755.65 -1089.57 1211664078
3755.65 -1089.57 1211664136
3754.77 -1089.57 1211664197
3754.77 -1090.69 1211664229
3754.77 -1090.69 1211664289
3753.88 -1092.92 1211664349
3752.99 -1092.92 1211664426
3752.99 -1092.92 1211664429
3754.77 -1090.69 1211664502
3754.77 -1090.69 1211664550
3754.77 -1091.8 1211664610
3754.77 -1092.92 1211664731
3753.88 -1091.8 1211664852
3754.77 -1090.69 1211664912
3754.77 -1090.69 1211664972
3755.65 -1089.57 1211665037
3755.65 -1091.8 1211665092
3756.54 -1088.45 1211665154
3755.65 -1089.57 1211665218
3752.99 -1095.15 1211665273
3755.65 -1094.04 1211665333
3755.65 -1095.15 1211665393
3755.65 -1096.27 1211665481
3755.65 -1095.15 1211665514
3755.65 -1094.04 1211665574
3754.77 -1094.04 1211665634
3754.77 -1095.15 1211665695
3754.77 -1095.15 1211665759
3752.11 -1096.27 1211665815
3753.88 -1096.27 1211665855
3756.54 -1095.15 1211665912
3752.99 -1099.62 1211665971
3752.99 -1098.5 1211666029
3752.99 -1095.15 1211666148
3753.88 -1094.04 1211666210
3752.99 -1095.15 1211666275
3752.99 -1095.15 1211666294
3753.88 -1094.04 1211666364
3754.77 -1096.27 1211666414
3755.65 -1097.39 1211666480
3754.77 -1095.15 1211666534
3755.65 -1096.27 1211666596
3754.77 -1097.39 1211666654
3755.65 -1096.27 1211666714
3756.54 -1096.27 1211666779
3756.54 -1096.27 1211666834
3755.65 -1095.15 1211666900
3755.65 -1095.15 1211666955
3752.99 -1095.15 1211667015
3752.11 -1094.04 1211667075
3753.88 -1095.15 1211667135
3753.88 -1094.04 1211667195
3754.77 -1094.04 1211667260
3754.77 -1099.62 1211667316
3752.11 -1099.62 1211667340
3754.77 -1097.39 1211667400
3755.65 -1096.27 1211667471
3756.54 -1095.15 1211667525
3755.65 -1092.92 1211667580
3755.65 -1091.8 1211667651
3755.65 -1090.69 1211667700
3755.65 -1090.69 1211667760
3756.54 -1090.69 1211667820
3755.65 -1090.69 1211667880
3757.43 -1090.69 1211667952
3756.54 -1089.57 1211668001
3755.65 -1088.45 1211668066
3753.88 -1088.45 1211668121
3752.99 -1089.57 1211668181
3753.88 -1091.8 1211668241
3752.99 -1090.69 1211668306
3753.88 -1090.69 1211668366
3754.77 -1090.69 1211668424
3754.77 -1090.69 1211668483
3754.77 -1090.69 1211668543
3754.77 -1090.69 1211668604
3754.77 -1089.57 1211668664
3754.77 -1089.57 1211668724
3754.77 -1088.45 1211668789
3753.88 -1089.57 1211668844
3753.88 -1089.57 1211668905
3754.77 -1089.57 1211668970
3754.77 -1089.57 1211669024
3754.77 -1091.8 1211669089
3754.77 -1091.8 1211669145
3754.77 -1086.22 1211669206
3755.65 -1088.45 1211669266
3753.88 -1090.69 1211669329
3752.99 -1090.69 1211669394
3752.11 -1090.69 1211669429
3752.99 -1089.57 1211669490
3754.77 -1089.57 1211669550
3755.65 -1089.57 1211669578
3755.65 -1089.57 1211669638
3755.65 -1089.57 1211669711
3754.77 -1089.57 1211669759
3754.77 -1090.69 1211669819
3754.77 -1090.69 1211669884
3752.99 -1091.8 1211669940
3752.99 -1090.69 1211670005
3752.99 -1089.57 1211670060
3752.99 -1090.69 1211670120
3752.99 -1090.69 1211670192
3752.99 -1090.69 1211670240
3752.11 -1090.69 1211670303
3751.22 -1089.57 1211670366
3752.99 -1090.69 1211670426
3752.99 -1090.69 1211670482
3753.88 -1089.57 1211670547
3753.88 -1089.57 1211670603
3752.99 -1090.69 1211670667
3752.99 -1090.69 1211670727
3752.99 -1090.69 1211670852
3753.88 -1091.8 1211670904
3753.88 -1091.8 1211670968
3753.88 -1090.69 1211671029
3755.65 -1091.8 1211671085
3754.77 -1091.8 1211671145
3754.77 -1092.92 1211671223
3753.88 -1091.8 1211671266
3753.88 -1092.92 1211671326
3754.77 -1094.04 1211671391
3754.77 -1092.92 1211671447
3754.77 -1091.8 1211671507
3751.22 -1091.8 1211671581
3750.33 -1091.8 1211671628
3748.56 -1091.8 1211671695
3749.45 -1091.8 1211671748
3747.68 -1091.8 1211671808
3746.79 -1101.85 1211671870
3746.79 -1101.85 1211671935
3782.25 -1139.8 1211671989
3817.7 -1187.8 1211672050
3023.49 -2474.77 1211672109
2980.06 -3836.3 1211672169
3248.64 -4826.06 1211672210
3690.06 -6268.63 1211672253
3956.86 -7762.27 1211672301
4180.24 -9271.24 1211672349
3433.01 -10561.4 1211672402
2544.84 -11754.4 1211672448
2622.84 -13261.5 1211672494
2912.69 -14728.2 1211672553
3316 -16173.5 1211672601
4187.33 -16140.1 1211672661
