4382.33 -16003 1211251273
4390.31 -16008.6 1211251345
4389.43 -16008.6 1211251403
4390.31 -16009.7 1211251453
4390.31 -16010.8 1211251513
4391.2 -16013.1 1211251535
4390.31 -16013.1 1211251567
4389.43 -16010.8 1211251627
4389.43 -16009.7 1211251687
4389.43 -16009.7 1211251747
4387.65 -16011.9 1211251822
4389.43 -16010.8 1211251867
4390.31 -16009.7 1211251927
4389.43 -16009.7 1211251992
4390.31 -16009.7 1211252052
4390.31 -16011.9 1211252107
4391.2 -16014.2 1211252168
4391.2 -16014.2 1211252228
4390.31 -16013.1 1211252288
4390.31 -16011.9 1211252348
4390.31 -16013.1 1211252409
4390.31 -16013.1 1211252469
4390.31 -16013.1 1211252529
4390.31 -16011.9 1211252590
4390.31 -16009.7 1211252650
4390.31 -16009.7 1211252711
4391.2 -16011.9 1211252786
4392.08 -16017.5 1211252832
4392.08 -16017.5 1211252892
4392.08 -16015.3 1211252952
4391.2 -16014.2 1211253012
4391.2 -16013.1 1211253078
4392.08 -16014.2 1211253138
