4194.42 -16071 1211481117
3300.93 -15869.3 1211481177
2967.65 -14418.4 1211481227
1668.19 -14065.1 1211481287
310.238 -14587.8 1211481345
-576.156 -13383 1211481404
-1502.44 -12208.1 1211481472
-2523.56 -11133.4 1211481510
-2870.15 -9662.66 1211481559
-3135.18 -8170.49 1211481622
-3166.2 -5134.01 1211481714
-3241.54 -4346.26 1211481785
-3230.91 -4061.71 1211481833
-3186.59 -3257.12 1211481893
-2965.88 -2613.16 1211481953
-2759.35 -2404.45 1211482014
-2120.26 -2202.44 1211482066
-1747.97 -1942.37 1211482131
-1809.13 -1840.8 1211482186
-1802.04 -1760.43 1211482237
-1802.04 -1761.55 1211482244
-1621.22 -1615.33 1211482303
-1707.2 -1761.55 1211482363
-2028.96 -1507.05 1211482428
-2045.8 -1335.15 1211482483
-2255.87 -1014.78 1211482543
-2476.59 -336.041 1211482603
-2506.72 157.419 1211482664
-2309.94 245.62 1211482729
-1958.05 375.132 1211482787
-1958.05 366.2 1211482812
-1941.2 368.433 1211482831
-1520.17 480.083 1211482891
-1529.92 678.823 1211482951
-1594.62 1093.07 1211483018
-1115.97 1292.94 1211483076
-611.612 1371.1 1211483099
7.09116 1473.83 1211483160
696.706 1589.96 1211483220
1123.95 1667.01 1211483280
1298.57 1755.23 1211483345
1212.59 2482.22 1211483408
1126.61 3035.04 1211483461
1048.6 3374.57 1211483521
925.396 4082.72 1211483581
837.643 4537.35 1211483646
813.71 4769.7 1211483706
913.873 4907.1 1211483761
1306.55 4973.01 1211483822
1580.44 5083.6 1211483882
1558.28 5240 1211483943
1522.83 5219.9 1211484048
1713.4 5157.34 1211484109
1771.02 5158.45 1211484169
2208.01 5225.48 1211484230
2476.59 5290.28 1211484290
2508.5 5269.05 1211484351
2847.1 5017.69 1211484424
3002.22 4744 1211484471
3047.42 4439.05 1211484531
3129.86 3937.51 1211484592
3221.16 3747.62 1211484651
3343.48 3573.38 1211484712
3433.89 3723.05 1211484772
3425.03 3716.35 1211484821
3456.94 3723.05 1211484884
