2387.06 3128.86 1211919742
2422.52 3118.81 1211919811
2504.06 2914.42 1211919862
2551.93 2888.74 1211919923
2674.25 2836.24 1211919988
2753.14 2850.76 1211920071
2697.3 2877.57 1211920188
2674.25 2899.9 1211920246
2659.18 2922.24 1211920446
2730.09 2892.09 1211920504
2707.05 2844.06 1211920560
2656.52 3032.81 1211920785
2703.5 2835.13 1211920895
2697.3 2820.61 1211921002
2706.16 2808.32 1211921068
2668.05 3055.14 1211921263
2712.37 2890.97 1211921318
2711.48 2907.72 1211921480
2715.03 2890.97 1211921531
2710.59 3109.87 1211921591
2711.48 3102.05 1211921650
2719.46 3020.52 1211921711
2717.69 2868.63 1211921775
2721.23 2820.61 1211921838
2724.78 2816.14 1211921892
2739.85 2894.32 1211921956
2739.85 2898.79 1211922012
2762.01 2918.89 1211922083
2785.94 2949.04 1211922132
2734.53 2828.43 1211922192
2723.89 2799.39 1211922252
2723 2802.74 1211922312
2718.57 2803.86 1211922332
2731.87 2794.92 1211922393
2740.73 2839.59 1211922459
2747.82 2837.36 1211922494
2919.78 2844.06 1211922566
3160 3107.64 1211922619
3359.43 3297.51 1211922679
3511.89 3454.99 1211922745
3729.95 3664.97 1211922795
3769.84 3724.17 1211922860
3394 4357.5 1211922978
2979.17 4947.32 1211923035
2699.07 5189.73 1211923101
2384.4 5352.84 1211923155
2047.57 5429.92 1211923296
2047.57 5429.92 1211923297
2056.44 5374.06 1211923358
1916.38 5180.8 1211923426
1550.3 5102.6 1211923483
1930.57 4773.05 1211923543
2138.87 4593.2 1211923599
2330.33 4404.42 1211923659
2391.49 4361.97 1211923726
2534.2 4220.11 1211923777
2163.69 4141.92 1211923852
1334.02 4023.52 1211923898
1124.83 3982.19 1211923957
955.533 3953.15 1211924020
951.101 3944.21 1211924077
796.869 3918.52 1211924143
823.46 3727.52 1211924201
903.236 3241.66 1211924259
303.147 3123.27 1211924319
-375.831 3016.06 1211924380
-994.535 2897.67 1211924440
-1022.9 2545.87 1211924503
-1171.81 2320.29 1211924561
-1769.24 2218.66 1211924628
-2661.84 2109.22 1211924747
-3211.41 2080.19 1211924822
-3509.24 2063.44 1211924869
-4319.4 2018.77 1211924990
-4800.71 1987.5 1211925053
-5125.13 1760.81 1211925110
-5189.84 1926.08 1211925162
-5188.95 1924.97 1211925169
-5193.39 2032.17 1211925230
-4659.78 2201.91 1211925285
-3980.8 2243.23 1211925345
-3615.6 2263.33 1211925419
-3273.45 2275.62 1211925481
-2831.14 2306.89 1211925527
-2426.95 2325.87 1211925588
-2179.64 2340.39 1211925651
-1202.84 2453.18 1211925770
-1058.35 2465.47 1211925832
-1057.47 2467.7 1211925834
-816.369 2498.97 1211925872
-415.719 2591.66 1211925932
-201.212 2621.82 1211925990
362.535 2720.1 1211926045
921.85 2809.44 1211926106
1102.67 2733.5 1211926175
1117.74 2926.71 1211926238
1448.37 2984.78 1211926287
2090.12 3088.65 1211926347
2525.34 3148.96 1211926407
2528 3156.78 1211926440
2528 3156.78 1211926451
2568.77 2972.5 1211926501
2665.39 2846.3 1211926561
2847.1 2654.2 1211926622
2895.85 2571.56 1211926687
2894.96 2571.56 1211926719
2732.75 2407.39 1211926758
3035.9 2423.03 1211926813
3324.87 2704.46 1211926874
3730.83 2548.11 1211926949
3898.36 2382.83 1211926993
3899.25 2381.71 1211927012
4030.44 2249.93 1211927082
3811.5 1941.72 1211927124
3377.16 1462.66 1211927231
3817.7 161.885 1211927292
3767.18 -1337.38 1211927349
2925.99 -2577.45 1211927408
3001.33 -3911.07 1211927459
3511.89 -5333.72 1211927520
3779.59 -6809.68 1211927560
4041.07 -8286.48 1211927620
3259.27 -10653.9 1211927787
