4205.94 -16074.3 1212469669
3274.34 -15851.5 1212469729
2928.65 -14335.9 1212469774
2617.52 -12875.8 1212469819
2689.32 -11346.3 1212469865
3735.27 -10182.3 1212469911
4138.58 -8689.1 1212469952
3865.57 -7164.4 1212469994
3592.56 -5645 1212470036
3102.38 -4194.5 1212470082
2558.13 -2749.33 1212470131
2824.05 -1263.71 1212470180
2668.93 242.271 1212470239
1884.47 1057.34 1212470294
1446.6 1124.33 1212470354
1018.47 1081.9 1212470416
1006.94 842.954 1212470474
847.393 502.413 1212470534
460.925 475.616 1212470598
459.152 471.15 1212470640
460.039 470.034 1212470646
595.657 656.492 1212470702
703.797 127.275 1212470761
897.918 -507.964 1212470822
936.033 -1108.55 1212470882
1146.11 -1075.06 1212470913
1388.09 -1078.41 1212470973
1534.35 -912.079 1212471033
1522.83 -686.581 1212471093
1489.14 -363.951 1212471153
1447.48 168.584 1212471213
1420.89 492.364 1212471273
1398.73 1080.78 1212471334
1399.62 1097.53 1212471394
1625.65 1564.28 1212471465
1880.93 1809.95 1212471522
2060.87 2256.63 1212471577
1897.77 2544.76 1212471637
1857 2651.97 1212471660
1762.15 2722.33 1212471720
1584.87 2778.17 1212471780
1531.69 3107.64 1212471840
1472.3 3459.46 1212471900
1443.94 3523.12 1212471931
1444.82 3523.12 1212471933
1582.21 3434.88 1212471993
1654.9 3212.62 1212472053
1717.83 2742.43 1212472113
1887.13 2643.04 1212472173
1885.36 2641.92 1212472345
1901.32 2629.63 1212472406
1881.82 2630.75 1212472467
1872.07 2632.98 1212472526
1890.68 2625.17 1212472587
1841.93 2636.34 1212472647
1838.38 2637.45 1212472707
1846.36 2637.45 1212472767
1867.63 2635.22 1212472827
1853.45 2638.57 1212472887
1832.18 2644.15 1212472948
1828.63 2645.27 1212473008
1859.66 2640.8 1212473074
1835.72 2644.15 1212473135
1857.88 2639.69 1212473190
1860.54 2648.62 1212473250
1831.29 2658.67 1212473310
1833.06 2657.55 1212473370
1887.13 2649.74 1212473430
1872.07 2646.39 1212473490
1856.11 2647.5 1212473550
1837.5 2658.67 1212473612
1867.63 2654.2 1212473672
1844.59 2658.67 1212473733
1831.29 2666.49 1212473798
1839.27 2667.61 1212473853
1817.11 2670.96 1212473913
1810.02 2668.72 1212473973
1894.22 2648.62 1212474033
1866.75 2656.44 1212474093
1843.7 2665.37 1212474153
1853.45 2664.26 1212474213
1856.11 2664.26 1212474274
1896.88 2647.5 1212474334
1897.77 2647.5 1212474400
1849.91 2667.61 1212474456
1850.79 2667.61 1212474517
1858.77 2663.14 1212474577
1843.7 2676.54 1212474643
1839.27 2678.77 1212474703
1832.18 2683.24 1212474759
1863.2 2656.44 1212474819
1881.82 2645.27 1212474879
1862.31 2657.55 1212474939
1891.57 2639.69 1212474999
1862.31 2651.97 1212475059
1848.13 2657.55 1212475119
1887.13 2635.22 1212475179
1835.72 2678.77 1212475291
1851.68 2664.26 1212475344
1849.91 2665.37 1212475439
1872.07 2651.97 1212475499
1895.11 2640.8 1212475559
1910.18 2630.75 1212475630
1879.16 2647.5 1212475680
1865.86 2658.67 1212475740
1866.75 2659.79 1212475800
1884.47 2643.04 1212475860
1899.54 2640.8 1212475920
1926.14 2635.22 1212475980
1887.13 2643.04 1212476061
1902.2 2629.63 1212476191
1899.54 2628.52 1212476309
1897.77 2632.98 1212476373
1900.43 2634.1 1212476564
