164.869 3421.48 1212412692
510.563 3380.16 1212412747
862.462 3425.95 1212412807
864.235 3429.3 1212412840
827.892 3721.93 1212412891
549.565 3612.47 1212412939
-1039.74 3392.44 1212413209
-649.727 3497.43 1212413264
-203.871 3564.45 1212413324
241.986 3632.58 1212413384
698.479 3708.53 1212413444
611.612 3796.77 1212413507
186.143 3733.1 1212413564
-232.235 3660.5 1212413624
-497.267 3719.7 1212413684
-109.913 3784.48 1212413744
327.08 3854.85 1212413806
742.799 3927.46 1212413865
941.351 4029.1 1212413925
761.413 4567.51 1212413998
285.419 4491.55 1212414022
-282.76 4401.07 1212414097
-600.089 4353.03 1212414106
-694.933 4828.9 1212414176
-556.656 4886.99 1212414226
-490.176 4494.9 1212414286
-95.7306 4537.35 1212414361
-3.54558 4245.8 1212414477
328.852 4177.66 1212414528
693.16 4236.86 1212414603
1008.72 4290.48 1212414654
1115.97 4302.77 1212414671
1336.68 4177.66 1212414731
1379.23 4042.5 1212414791
2264.74 4165.37 1212414851
2511.16 4202.24 1212414917
2784.16 3974.37 1212414972
2813.42 3981.07 1212415033
3001.33 3505.25 1212415093
3085.54 3405.84 1212415154
3838.09 2638.57 1212415219
3809.72 2701.11 1212415227
3331.07 2782.64 1212415294
2596.25 3045.09 1212415467
2583.84 3008.24 1212415532
2752.25 2743.55 1212415597
2988.92 2536.94 1212415656
3378.05 2745.78 1212415717
3990.55 2997.07 1212415789
4019.8 2586.08 1212415923
3811.5 2482.22 1212415969
3606.74 2681.01 1212416035
3448.96 2863.05 1212416095
3445.42 2871.98 1212416148
3447.19 2858.58 1212416189
3445.42 2863.05 1212416253
3447.19 2859.7 1212416306
3446.3 2859.7 1212416367
3447.19 2873.1 1212416427
3446.3 2869.75 1212416492
3447.19 2867.52 1212416548
3432.12 2876.45 1212416608
3432.12 2893.2 1212416680
3426.8 2893.2 1212416729
3432.12 2895.44 1212416789
3433.89 2893.2 1212416849
3434.78 2889.85 1212416915
3433.01 2888.74 1212416970
3388.69 2964.68 1212417161
3175.95 3144.49 1212417211
3313.34 3497.43 1212417269
3440.98 3469.51 1212417329
3434.78 3534.29 1212417384
3185.7 3915.17 1212417448
3365.64 3943.09 1212417518
3394.89 3949.79 1212417525
3462.26 3821.34 1212417580
3412.62 3708.53 1212417642
3220.27 3669.44 1212417702
3078.45 3634.81 1212417753
3095.29 3651.57 1212417817
3071.36 3842.57 1212417868
3065.15 3863.79 1212417928
3067.81 3859.32 1212417988
3105.04 3849.27 1212418036
3098.83 3873.84 1212418094
3104.15 3862.67 1212418154
3086.43 3866.02 1212418200
3081.11 3862.67 1212418261
3086.43 3855.97 1212418322
3091.74 3848.15 1212418383
3085.54 3862.67 1212418445
3094.4 3839.21 1212418503
3087.31 3858.2 1212418566
3090.86 3861.55 1212418625
3074.02 3906.23 1212418681
3109.47 3877.19 1212418741
3061.61 3563.33 1212418801
3138.72 3432.65 1212418882
2839.12 3344.42 1212418922
2527.11 3285.22 1212418960
2527.11 3285.22 1212418962
2418.97 3260.65 1212419032
2407.45 3184.7 1212419088
2606 2916.66 1212419142
2672.48 2821.73 1212419200
2616.64 2546.99 1212419250
1964.25 1903.75 1212419322
1704.54 1967.4 1212419381
1656.67 2262.22 1212419431
1525.48 2363.84 1212419491
1550.3 2433.08 1212419541
1550.3 2434.2 1212419543
1556.51 2418.56 1212419557
1811.79 2323.64 1212419618
1834.84 2082.42 1212419680
1545.87 1932.78 1212419756
1132.81 1798.78 1212419809
1053.92 1753 1212419870
623.135 1683.76 1212419933
-873.985 1448.15 1212420100
-1533.46 1342.07 1212420178
-1634.51 1290.7 1212420225
-1513.08 557.122 1212420346
-1872.07 409.743 1212420420
-1901.32 399.695 1212420421
-1900.43 398.578 1212420440
-1515.73 619.647 1212420685
-1575.12 999.273 1212420742
-1272.86 1053.99 1212420796
-969.716 1103.12 1212420857
-433.447 1187.98 1212420923
-441.424 1369.98 1212420987
-296.056 1405.72 1212421096
-445.856 1512.91 1212421156
-819.028 1450.38 1212421209
-819.028 1449.27 1212421227
-819.028 1452.61 1212421306
-822.574 1451.5 1212421349
-897.918 1361.05 1212421399
-895.258 1352.12 1212421459
-737.48 1356.58 1212421533
-229.576 1436.98 1212421580
-31.0238 1468.25 1212421645
173.733 1502.86 1212421710
692.274 1582.15 1212421892
846.507 1610.06 1212421940
997.194 1632.4 1212422000
1367.71 1797.66 1212422125
1459.01 1809.95 1212422194
1738.22 1708.33 1212422244
1845.47 1777.56 1212422301
2005.02 1943.95 1212422361
2286.01 2216.43 1212422421
2637.02 2607.3 1212422487
2749.6 2702.23 1212422542
2963.22 2890.97 1212422607
3331.07 3301.97 1212422737
3681.2 3552.16 1212422789
3876.2 3415.9 1212422886
3907.23 3271.82 1212422903
3473.78 3680.61 1212423018
3459.6 3811.29 1212423078
3473.78 3844.8 1212423144
3471.12 3838.1 1212423168
3431.23 4073.78 1212423241
3172.41 4292.71 1212423300
2928.65 4437.93 1212423371
2931.31 4437.93 1212423377
3066.04 4330.69 1212423525
3088.2 4154.2 1212423591
3032.36 3988.89 1212423659
3070.47 3900.65 1212423705
3046.54 3857.09 1212423825
2951.69 4289.36 1212423885
