4072.98 -9632.55 1211223959
4041.07 -8152.64 1211224024
3775.15 -6671.35 1211224071
3440.98 -5164.13 1211224103
2987.15 -3752.61 1211224155
2733.64 -2805.13 1211224220
3668.79 -1613.09 1211224251
3849.61 -81.4996 1211224310
3346.14 1339.84 1211224368
3667.01 1755.23 1211224429
3684.74 1767.51 1211224484
3810.61 2056.74 1211224554
3533.17 2319.17 1211224604
3183.93 2705.58 1211224664
2998.67 2889.85 1211224730
2861.28 3048.44 1211224789
2918.9 3382.39 1211224846
2964.1 3626.99 1211224904
2615.75 3898.41 1211224964
2470.38 3882.78 1211225024
2443.79 3946.44 1211225090
2448.22 3944.21 1211225147
2437.58 3939.74 1211225182
2434.04 3964.32 1211225229
2420.74 4059.26 1211225289
2389.72 4159.79 1211225350
2509.38 4197.77 1211225425
2787.71 3981.07 1211225520
2904.71 3810.17 1211225586
2947.26 3423.72 1211225671
2821.39 3329.9 1211225737
2821.39 3329.9 1211225764
2821.39 3329.9 1211225767
2574.98 3300.86 1211225826
2582.95 2980.32 1211225892
2684.89 2855.23 1211225949
2714.14 2897.67 1211226007
2718.57 2896.55 1211226029
2708.82 2880.92 1211226093
2720.34 2898.79 1211226209
2689.32 2800.51 1211226271
2681.34 2771.47 1211226331
2697.3 2791.57 1211226392
2698.18 2782.64 1211226458
2721.23 2819.49 1211226512
2721.23 2823.96 1211226577
2690.21 2832.89 1211226637
2696.41 2818.38 1211226692
2695.53 2818.38 1211226754
2685.78 2796.04 1211226817
2688.43 2813.91 1211226880
2697.3 2842.95 1211226935
2696.41 2840.71 1211226958
2775.3 2726.8 1211227023
3102.38 3043.98 1211227079
3276.11 3231.61 1211227140
3253.95 3196.99 1211227177
3408.19 3294.16 1211227292
3680.31 3619.18 1211227347
3796.43 3819.11 1211227467
3796.43 3819.11 1211227486
3407.3 4340.75 1211227527
3131.63 4730.6 1211227602
2779.73 5121.59 1211227661
2714.14 5176.33 1211227668
2715.91 5177.44 1211227729
2715.91 5177.44 1211227737
2558.13 5263.47 1211227804
2346.29 5370.71 1211227856
2307.28 5384.12 1211227926
2300.19 5383 1211228047
2306.4 5387.47 1211228108
2293.99 5387.47 1211228158
2296.65 5394.17 1211228223
2298.42 5386.35 1211228280
2294.88 5380.77 1211228339
2294.88 5383 1211228409
2286.01 5389.7 1211228455
2281.58 5385.24 1211228515
2279.81 5390.82 1211228576
2280.69 5381.88 1211228638
2278.92 5384.12 1211228645
2239.92 5389.7 1211228703
2200.03 5378.53 1211228764
2060.87 5334.96 1211228824
2060.87 5334.96 1211228844
2081.25 5237.77 1211228885
2086.57 5185.26 1211228913
2176.98 4649.05 1211228969
2165.46 4559.69 1211229035
2322.35 4491.55 1211229095
2391.49 4376.49 1211229150
2545.72 4242.45 1211229219
2601.57 4181.01 1211229262
2866.6 3941.98 1211229327
2918.9 3801.24 1211229388
2916.24 3795.65 1211229434
2916.24 3795.65 1211229436
2853.3 3525.35 1211229496
2835.58 3508.6 1211229557
2839.12 3528.71 1211229617
2825.83 3575.62 1211229677
2832.03 3554.39 1211229737
2879.01 3534.29 1211229797
2862.17 3567.8 1211229884
2865.71 3557.75 1211229945
2853.3 3583.43 1211230006
2863.94 3595.72 1211230065
2865.71 3584.55 1211230127
2871.03 3594.6 1211230187
2919.78 3619.18 1211230211
2910.03 3661.62 1211230265
2861.28 3457.22 1211230332
2449.99 3471.74 1211230385
2268.28 3438.24 1211230446
1653.13 3343.3 1211230506
1285.27 3276.29 1211230567
1006.94 3453.87 1211230631
904.122 3542.11 1211230665
904.122 3542.11 1211230666
888.167 3433.77 1211230726
1006.06 3347.77 1211230759
1006.06 3346.65 1211230763
1134.58 3355.58 1211230828
1218.79 3107.64 1211230918
1257.79 2887.62 1211230977
1319.84 2526.89 1211231042
1356.18 2263.33 1211231106
1404.05 1955.12 1211231157
1448.37 1697.16 1211231218
1493.57 1461.55 1211231278
1483.82 1040.59 1211231349
2649.43 861.936 1211231402
2801.01 -290.269 1211231460
2785.05 -3270.51 1211231564
3224.7 -4702.2 1211231609
3661.7 -6118.03 1211231663
3930.27 -7618.38 1211231703
4191.76 -9120.69 1211231762
2574.09 -11602.7 1211231849
2889.65 -14601.2 1211231965
3261.93 -16045.4 1211232028
4066.78 -16209.2 1211232110
4066.78 -16210.3 1211232114
3985.23 -16053.2 1211232232
