3889.5 -16815.3 1212539179
4485.16 -17256.5 1212539234
5014.33 -17688.7 1212539299
5456.64 -18056.4 1212539354
6155.12 -18627.8 1212539417
6682.53 -19054.4 1212539475
6909.44 -19190.3 1212539541
7888.91 -19315.1 1212539596
8684.89 -19340.7 1212539657
9238 -19409.7 1212539704
9604.08 -19761.7 1212539764
9891.28 -20095.8 1212539825
10268 -20530.1 1212539891
10962 -21336.4 1212539955
11875.9 -22432 1212540005
11531.1 -23133.4 1212540070
10326.5 -23653.3 1212540127
10021.6 -23711.2 1212540185
10134.1 -23886 1212540249
10670.4 -24417 1212540307
10268.9 -24752 1212540367
10147.4 -24891.1 1212540425
10147.4 -24891.1 1212540489
10147.4 -24892.3 1212540502
10423.1 -24681.9 1212540562
10685.5 -24415.9 1212540609
10211.3 -23941.7 1212540669
10757.3 -23519.7 1212540729
12117.9 -23135.7 1212540790
12306.7 -22943.1 1212540854
12153.4 -22741.5 1212540917
11930.9 -22434.3 1212540975
11511.6 -21926.5 1212541030
11082.6 -21431 1212541090
10666 -20947.7 1212541150
9948 -20120.3 1212541210
9058.95 -19334 1212541270
7966.03 -19292.8 1212541330
6530.95 -18897.4 1212541387
5453.1 -18004 1212541447
4378.79 -17109.4 1212541507
3730.83 -16250.4 1212541567
