2429.61 3127.74 1213023110
2434.04 3059.61 1213023170
2439.36 3058.5 1213023177
2314.38 2952.39 1213023237
1973.11 2889.85 1213023303
1326.93 2829.54 1213023357
1361.5 2353.79 1213023418
1380.12 2349.32 1213023449
1401.39 2207.5 1213023526
1240.95 2206.38 1213023569
1092.92 2187.39 1213023629
507.018 2102.52 1213023689
472.448 2297.95 1213023749
409.514 2688.82 1213023805
658.591 2934.53 1213023906
623.135 3143.38 1213023971
583.248 3376.81 1213024026
542.473 3642.63 1213024070
369.626 3660.5 1213024132
366.967 3666.09 1213024184
259.714 3520.89 1213024244
284.533 3352.23 1213024304
397.991 3033.92 1213024365
635.545 3070.78 1213024412
975.92 3119.92 1213024463
1194.86 3159.01 1213024528
1342 3186.93 1213024598
2027.18 3300.86 1213024650
2276.26 3329.9 1213024704
2748.71 3396.91 1213024765
2997.79 3345.53 1213024820
3037.67 3325.43 1213024852
3037.67 3325.43 1213024859
3030.58 3221.56 1213024914
2499.63 3058.5 1213024974
2410.11 3192.52 1213025034
2500.52 3460.57 1213025095
2375.54 3430.42 1213025154
2433.15 3142.26 1213025214
2431.38 2963.56 1213025285
2466.84 2861.93 1213025335
2404.79 2826.19 1213025396
2349.83 2785.99 1213025456
2185.85 2803.86 1213025522
2177.87 2876.45 1213025577
2186.74 2871.98 1213025628
2184.96 2882.03 1213025689
2164.58 2902.14 1213025754
2175.21 2873.1 1213025811
2191.17 2875.33 1213025871
2197.37 2892.09 1213025931
2200.03 2886.5 1213025959
2551.93 2916.66 1213026021
2781.51 2989.25 1213026081
2880.78 3094.23 1213026141
2984.49 3212.62 1213026202
3171.52 3356.7 1213026262
3131.63 3373.45 1213026311
3179.5 3418.13 1213026371
3401.98 3658.27 1213026432
3573.06 3802.36 1213026496
3573.06 3802.36 1213026498
3776.93 3685.08 1213026558
3490.62 3662.74 1213026618
3479.1 3794.54 1213026678
3554.44 3950.91 1213026739
3477.33 3840.33 1213026800
3478.21 3840.33 1213026816
3339.05 4135.21 1213026877
3190.13 4290.48 1213026937
3161.77 4430.11 1213026998
3046.54 4375.37 1213027058
3046.54 4375.37 1213027066
3090.86 4118.46 1213027126
3108.59 4083.83 1213027139
3125.43 3967.67 1213027200
2929.53 4512.77 1213027265
2844.44 4983.06 1213027320
2593.59 5237.77 1213027381
2588.27 5244.47 1213027446
2377.31 5309.27 1213027501
2376.42 5309.27 1213027503
2262.08 5348.37 1213027563
2088.35 5321.56 1213027617
1930.57 5248.94 1213027672
1952.73 5107.06 1213027732
1956.27 5007.64 1213027793
2034.28 4565.27 1213027853
2082.14 4169.84 1213027913
2156.6 4042.5 1213027973
2239.92 4052.56 1213028022
2283.35 3974.37 1213028082
2314.38 3778.9 1213028142
2199.14 3573.38 1213028202
2221.3 3415.9 1213028262
2235.49 3354.47 1213028289
2235.49 3354.47 1213028291
2253.21 3229.38 1213028352
2301.08 3037.28 1213028401
2303.74 2860.81 1213028461
2582.95 2978.08 1213028521
2625.5 2864.16 1213028581
2803.67 2686.59 1213028641
2875.46 2573.79 1213028701
3111.24 2475.52 1213028762
3151.13 2514.61 1213028823
3205.2 2564.86 1213028883
3438.32 2813.91 1213028944
3713.11 3081.95 1213029004
3973.71 3255.06 1213029065
3974.59 3259.53 1213029078
4030.44 3147.84 1213029138
3876.2 3252.83 1213029198
3768.06 3377.92 1213029225
3754.77 3396.91 1213029244
3423.26 3624.76 1213029304
3301.82 3362.29 1213029364
3072.24 2973.61 1213029425
2471.27 2946.81 1213029486
2496.09 2856.35 1213029530
2496.97 2854.11 1213029532
2424.29 2797.16 1213029584
2341.85 2808.32 1213029644
2254.1 2794.92 1213029704
2152.17 2668.72 1213029825
2197.37 2718.98 1213029885
1967.8 2640.8 1213029945
1476.73 2631.87 1213030005
1551.19 2569.33 1213030065
1561.83 2565.98 1213030085
1659.33 2811.67 1213030131
2217.76 2884.27 1213030191
2426.95 3009.35 1213030276
2398.58 3221.56 1213030336
2401.24 3259.53 1213030375
2398.58 3352.23 1213030435
2351.6 3596.84 1213030497
2348.06 3768.85 1213030551
2348.06 3768.85 1213030553
2474.81 3695.13 1213030613
2535.09 3265.12 1213030674
2436.7 3232.73 1213030734
2449.11 3219.32 1213030799
2416.31 3131.09 1213030855
2440.24 2960.21 1213030914
2452.65 2836.24 1213030974
2192.94 2781.52 1213031034
2176.1 2920.01 1213031099
2259.42 3183.58 1213031122
2578.52 3109.87 1213031183
2663.62 2855.23 1213031243
2769.1 2889.85 1213031303
2713.25 2849.65 1213031367
2713.25 2849.65 1213031465
2669.82 2860.81 1213031564
