4425.77 -16193.6 1212780070
4305.22 -15916.1 1212780133
3727.29 -16312.8 1212780188
4035.75 -16233.7 1212780255
4046.39 -16204.7 1212780320
4036.64 -16174.6 1212780384
4036.64 -16175.7 1212780385
3421.48 -16149 1212780445
3014.63 -14761.6 1212780513
2666.27 -13307.2 1212780563
2558.13 -11814.6 1212780618
3417.05 -10597.1 1212780677
4193.53 -9271.24 1212780726
3972.82 -7739.96 1212780780
3711.33 -6278.67 1212780831
3258.39 -4810.44 1212780888
2833.8 -3360.91 1212780944
2635.25 -1862.01 1212781005
2867.49 -382.929 1212781059
2627.27 924.463 1212781113
2207.12 1448.15 1212781174
2027.18 1632.4 1212781234
1754.17 1931.67 1212781294
1267.54 1954 1212781354
1176.25 2609.53 1212781419
947.556 2827.31 1212781475
569.952 2756.95 1212781550
-418.378 2586.08 1212781596
-654.159 2720.1 1212781662
-741.912 2750.25 1212781686
-743.685 2749.13 1212781746
-798.641 2741.31 1212781778
-801.301 2741.31 1212781779
-647.954 2759.18 1212781840
-355.444 2726.8 1212781888
-351.012 2729.03 1212781901
-325.307 2705.58 1212781961
374.945 2818.38 1212782021
950.215 2908.84 1212782084
1092.04 2932.29 1212782139
1373.02 2983.67 1212782200
1641.6 3024.99 1212782261
2173.44 3112.1 1212782326
2384.4 3233.84 1212782378
2384.4 3233.84 1212782381
2439.36 3161.25 1212782441
2426.06 3261.77 1212782501
2416.31 3356.7 1212782560
2492.54 3586.79 1212782620
2373.76 3603.54 1212782680
2163.69 3754.33 1212782740
2122.03 4077.13 1212782801
2051.12 4522.82 1212782863
1996.16 4863.53 1212782932
1966.02 5063.5 1212782983
1931.45 5271.29 1212783043
1917.27 5353.96 1212783078
1916.38 5353.96 1212783122
1916.38 5352.84 1212783123
1897.77 5397.53 1212783183
1897.77 5397.53 1212783192
1786.08 5225.48 1212783252
1928.79 5074.67 1212783312
2012.12 4740.65 1212783374
2223.08 4415.59 1212783437
2250.56 4184.36 1212783494
2283.35 3984.42 1212783555
2371.99 3774.43 1212783615
2535.09 3280.75 1212783676
2557.25 3002.65 1212783741
2727.44 2797.16 1212783796
2727.44 2797.16 1212783802
2727.44 2797.16 1212783808
2887.87 2578.26 1212783868
3012.85 2463.23 1212783930
3312.46 2198.56 1212783988
3663.47 2217.55 1212784048
3971.93 2521.31 1212784113
3989.66 2529.12 1212784132
3989.66 2529.12 1212784134
3963.07 2431.96 1212784163
3861.13 2434.2 1212784223
3846.95 2429.73 1212784282
3936.48 2389.53 1212784342
3935.59 2388.41 1212784432
3755.65 2535.82 1212784497
3754.77 2861.93 1212784552
4033.09 3094.23 1212784612
3924.07 3260.65 1212784675
3731.72 3418.13 1212784733
3484.42 3719.7 1212784795
3442.76 4027.98 1212784855
3173.29 4249.15 1212784920
3170.63 4350.8 1212784976
3050.97 4497.13 1212785036
3050.97 4497.13 1212785054
3068.7 4317.29 1212785114
3191.02 3955.38 1212785174
3188.36 3812.41 1212785325
3021.72 3796.77 1212785398
2886.1 3900.65 1212785463
2871.92 3867.14 1212785514
2871.03 3864.9 1212785582
2888.76 3773.31 1212785642
3098.83 3668.32 1212785703
3284.09 3633.7 1212785771
3433.01 3758.79 1212785807
3417.05 3729.75 1212785867
3389.57 3692.89 1212785927
3370.96 3669.44 1212785987
3369.19 3666.09 1212786047
3377.16 3672.79 1212786118
3378.94 3666.09 1212786167
3377.16 3666.09 1212786227
3371.84 3668.32 1212786290
3368.3 3668.32 1212786295
3300.05 3650.45 1212786356
3071.36 3687.31 1212786416
2874.58 3939.74 1212786477
2874.58 3905.12 1212786515
2866.6 3774.43 1212786554
2866.6 3774.43 1212786556
2864.83 3747.62 1212786597
2765.55 3587.9 1212786665
2771.76 3594.6 1212786703
3257.5 3695.13 1212786776
3383.37 3681.72 1212786837
3388.69 3689.54 1212786882
3372.73 3543.23 1212786942
3656.38 3337.71 1212787003
3479.98 3102.05 1212787073
3324.87 2770.35 1212787123
3451.62 2632.98 1212787183
3421.48 2528.01 1212787227
3217.61 2322.52 1212787287
3304.48 2194.1 1212787347
3590.78 1902.63 1212787408
3637.76 1857.96 1212787440
3637.76 1857.96 1212787442
3636.88 1860.2 1212787469
3569.51 1861.31 1212787525
3148.47 1459.31 1212787585
2834.69 1133.26 1212787645
2487.22 1032.77 1212787706
2397.7 1021.6 1212787766
2284.24 1020.49 1212787827
1978.43 902.132 1212787887
1958.93 426.491 1212787953
1739.99 392.996 1212788012
1630.97 290.279 1212788073
1649.58 29.0274 1212788128
1469.64 -164.115 1212788188
1298.57 -179.745 1212788248
1079.63 -194.258 1212788309
882.849 -391.86 1212788369
893.486 -550.386 1212788403
893.486 -550.386 1212788410
713.548 -733.467 1212788491
344.807 -791.516 1212788541
334.171 -916.544 1212788596
165.756 -984.639 1212788656
-235.781 -1013.66 1212788707
-634.658 -965.662 1212788761
-387.354 -452.145 1212788821
-467.13 -435.399 1212788881
-989.216 185.331 1212789001
-1435.96 152.953 1212789070
-1504.21 487.898 1212789115
-1915.5 395.229 1212789180
-2122.03 313.725 1212789240
-2257.65 275.765 1212789292
-2236.37 267.95 1212789352
-2236.37 267.95 1212789359
-2233.71 270.183 1212789414
-1960.7 371.782 1212789474
-1585.76 472.267 1212789534
-1545.87 790.476 1212789594
-1365.05 1040.59 1212789654
-1101.79 1084.13 1212789714
-718.866 1143.31 1212789780
-258.827 1219.24 1212789835
100.163 1277.3 1212789895
289.851 1305.22 1212789925
289.851 1305.22 1212789946
171.961 1397.9 1212790006
-413.06 1304.1 1212790094
-415.719 1305.22 1212790137
-415.719 1305.22 1212790139
-368.74 1414.65 1212790221
-305.806 1320.85 1212790247
-561.974 1378.92 1212790307
-544.246 1380.03 1212790393
-544.246 1380.03 1212790413
-167.529 1447.03 1212790474
313.784 1526.31 1212790513
936.919 1631.28 1212790583
1292.36 1747.41 1212790640
1264.88 1968.52 1212790705
1183.34 2483.34 1212790754
1230.32 2944.58 1212790815
1461.66 2983.67 1212790875
1900.43 3060.73 1212790935
2200.92 3156.78 1212790995
2200.92 3156.78 1212791001
2282.47 3068.55 1212791039
2314.38 2971.38 1212791099
2302.85 2966.91 1212791115
2324.13 2865.28 1212791175
2191.17 2869.75 1212791235
2097.21 3226.03 1212791295
1794.06 3372.34 1212791355
1396.07 3301.97 1212791416
1208.16 3270.7 1212791477
1199.29 3299.74 1212791537
1207.27 3355.58 1212791598
1521.05 3427.07 1212791658
1643.38 3350 1212791718
1683.26 2992.6 1212791778
1739.11 2669.84 1212791838
1819.77 2176.23 1212791899
1873.84 2044.45 1212791951
2252.33 1669.25 1212792011
2299.31 1406.83 1212792071
2180.53 1287.35 1212792131
2379.97 1213.66 1212792191
2567 1342.07 1212792267
3010.2 1564.28 1212792314
3206.98 1469.36 1212792373
3817.7 100.48 1212792431
3871.77 -1059.43 1212792470
3099.72 -2391.06 1212792528
2992.47 -3880.94 1212792593
3503.03 -5322.56 1212792640
3649.29 -6056.67 1212792663
3913.43 -7533.61 1212792705
4175.8 -9020.32 1212792754
3555.33 -10311.6 1212792815
3027.04 -10858 1212792886
2816.08 -10999.6 1212792935
2816.08 -10999.6 1212792995
2815.19 -10999.6 1212793055
2815.19 -10999.6 1212793115
2935.74 -10862.4 1212793176
2858.62 -10844.6 1212793237
2858.62 -10844.6 1212793298
2858.62 -10849.1 1212793358
2859.51 -10851.3 1212793424
2859.51 -10846.8 1212793485
2919.78 -10836.8 1212793564
3044.76 -10797.8 1212793625
3046.54 -10800 1212793685
3204.32 -10743.1 1212793746
2685.78 -11300.6 1212793813
2581.18 -12752.1 1212793866
2846.21 -14216.7 1212793922
3169.75 -15707.7 1212793982
4010.93 -16180.2 1212794043
4381.45 -16027.5 1212794103
4400.95 -15991.9 1212794163
