3202.54 -10523.5 1211560453
4004.73 -9862.26 1211560513
4082.73 -8362.32 1211560567
3818.59 -6886.65 1211560618
3541.15 -5382.81 1211560665
3027.04 -3919.99 1211560715
2841.78 -3325.19 1211560736
1547.64 -3114.27 1211560804
1502.44 -3110.92 1211560864
1832.18 -2941.29 1211560924
2142.42 -2825.22 1211560988
2418.97 -2718.08 1211561045
2499.63 -3152.21 1211561109
2037.82 -3346.4 1211561165
2084.8 -3330.77 1211561225
2106.96 -3321.85 1211561259
2106.07 -3321.85 1211561267
1747.97 -3473.62 1211561329
1006.06 -3504.87 1211561388
635.545 -3524.95 1211561459
224.258 -3398.85 1211561510
-1.77279 -3652.17 1211561569
-370.513 -3494.82 1211561629
-516.768 -3627.62 1211561695
-1105.33 -3549.5 1211561759
-1165.61 -3364.25 1211561810
-1162.95 -3319.61 1211561852
-1163.84 -3301.76 1211561863
-1164.72 -3208.02 1211561878
-1370.37 -3172.3 1211561943
-926.282 -3105.34 1211562000
-542.473 -3197.97 1211562059
-527.405 -3414.47 1211562119
-335.943 -3358.67 1211562174
-183.484 -3625.39 1211562234
138.278 -3877.59 1211562294
110.799 -4059.48 1211562386
71.7979 -4126.43 1211562447
70.0252 -4125.32 1211562512
68.2524 -4124.2 1211562572
71.7979 -4126.43 1211562607
18.6143 -4071.75 1211562675
183.484 -3795.01 1211562726
443.197 -3445.72 1211562787
755.208 -3272.74 1211562847
1755.95 -3162.26 1211562908
2494.31 -2141.05 1211562969
2835.58 -1421.1 1211563037
2612.2 -832.821 1211563106
2587.39 -569.364 1211563152
2574.09 -293.618 1211563212
2631.71 -285.803 1211563273
2631.71 -290.269 1211563331
2631.71 -290.269 1211563339
2633.48 -291.385 1211563420
2636.14 -281.338 1211563480
2630.82 -274.639 1211563540
2551.04 -101.595 1211563606
2313.49 -103.828 1211563662
2319.69 -422.003 1211563720
2555.48 -448.796 1211563784
2532.43 166.351 1211563840
2510.27 475.616 1211563900
2506.72 959.077 1211563966
2645 1191.33 1211564020
2958.78 1514.03 1211564080
3070.47 1629.05 1211564142
3285.86 1835.63 1211564201
3557.99 2110.34 1211564261
3860.25 2398.46 1211564327
4051.71 2590.55 1211564382
4235.19 2745.78 1211564444
4260.9 3103.17 1211564492
4239.62 3059.61 1211564553
4239.62 3061.85 1211564557
4067.66 3408.08 1211564602
4066.78 3417.01 1211564687
3940.91 3297.51 1211564757
3801.75 3454.99 1211564818
3877.09 3488.5 1211564869
3990.55 3313.14 1211564930
3862.91 3295.27 1211565005
3903.68 3371.22 1211565051
3908.11 3271.82 1211565087
3564.19 3568.91 1211565163
3475.55 3715.23 1211565207
3339.93 3576.73 1211565267
3306.25 3621.41 1211565337
2664.5 3608.01 1211565391
2703.5 3533.17 1211565455
2362.24 3615.83 1211565527
2373.76 3584.55 1211565552
2197.37 3559.98 1211565601
1527.26 3439.35 1211565674
1212.59 3405.84 1211565719
1028.22 3446.05 1211565789
945.783 3929.69 1211565839
809.278 4776.4 1211565959
672.773 4873.59 1211566019
361.649 4838.96 1211566080
-107.254 5179.68 1211566140
-528.291 5113.77 1211566202
-1045.06 5031.1 1211566263
-1604.37 4929.44 1211566321
-1935 4851.24 1211566383
-1935 4851.24 1211566407
-1591.96 4926.09 1211566464
-1115.97 5004.29 1211566523
-923.623 5040.04 1211566589
-693.16 4762.99 1211566644
-639.977 4461.39 1211566679
-503.472 4469.21 1211566739
-593.884 4351.92 1211566804
-935.146 4456.92 1211566873
-955.533 4566.39 1211566919
-958.192 4565.27 1211566945
-640.863 4461.39 1211567005
-616.931 4359.74 1211567066
-334.171 4373.14 1211567126
243.758 4461.39 1211567186
716.207 4420.06 1211567246
755.208 4154.2 1211567307
836.756 3715.23 1211567368
902.35 3241.66 1211567429
959.079 2866.4 1211567489
1059.24 2281.2 1211567550
1116.86 1875.83 1211567610
1008.72 1711.68 1211567671
1060.13 1386.73 1211567731
1069.88 1336.49 1211567773
2205.35 1021.6 1211567833
2592.7 90.432 1211567893
2810.76 -1270.41 1211567958
2543.07 -2750.44 1211568014
3066.04 -4128.66 1211568064
3562.42 -5573.6 1211568114
3821.25 -7037.24 1211568164
4087.16 -8518.46 1211568219
3854.04 -10003.9 1211568272
2832.03 -11091 1211568324
2574.09 -12568.2 1211568393
2818.73 -13975.9 1211568440
3069.58 -15308.8 1211568498
3620.03 -16297.2 1211568559
4523.27 -16145.6 1211568624
4385.88 -15844.8 1211568685
4385.88 -15844.8 1211568688
4236.08 -15966.3 1211568748
4004.73 -16180.2 1211568817
