3350.57 -10766.6 1211890470
3460.48 -10583.7 1211890496
4200.62 -9245.59 1211890548
3971.93 -7715.42 1211890600
3700.7 -6208.39 1211890647
3240.66 -4739.03 1211890695
2804.55 -3293.95 1211890746
2664.5 -1836.34 1211890806
2832.92 -1436.73 1211890830
2240.81 -1309.48 1211890889
1966.02 -1319.52 1211890950
1691.24 -1325.1 1211890975
1540.55 -1075.06 1211891041
1377.46 -891.986 1211891098
1153.2 -906.498 1211891155
953.76 -924.359 1211891215
620.476 -948.918 1211891281
184.37 -979.058 1211891335
-48.7517 -1138.69 1211891395
-15.0687 -1359.71 1211891435
413.06 -1327.34 1211891496
751.662 -1176.64 1211891556
538.041 -957.848 1211891616
139.164 -914.312 1211891676
105.481 -494.567 1211891736
70.0252 -13.3972 1211891796
40.7741 353.919 1211891858
8.86394 786.01 1211891916
-0.886394 934.512 1211891943
-146.255 1424.7 1211891990
-172.847 1870.25 1211892050
-150.687 1881.41 1211892093
-246.418 2046.69 1211892132
-362.535 2781.52 1211892192
-353.671 3125.51 1211892252
433.447 3253.95 1211892312
1021.13 3342.18 1211892372
1295.02 3386.86 1211892432
1693.9 3451.64 1211892492
2056.44 3510.83 1211892552
2360.47 3562.21 1211892612
2771.76 3597.95 1211892674
2811.64 3803.47 1211892734
3191.02 3949.79 1211892796
3191.02 3949.79 1211892807
3397.55 3799 1211892867
3511.01 3755.44 1211892927
3381.59 3806.82 1211892987
3382.48 3803.47 1211893048
3371.84 3805.71 1211893108
3373.62 3805.71 1211893168
3369.19 3805.71 1211893228
3367.41 3805.71 1211893288
3367.41 3804.59 1211893350
3375.39 3807.94 1211893410
3375.39 3810.17 1211893470
3362.98 3809.06 1211893530
3372.73 3812.41 1211893558
3364.75 3982.19 1211893618
3272.57 4355.27 1211893678
3279.66 4298.3 1211893763
3285.86 4255.85 1211893824
3282.32 4258.09 1211893884
3286.75 4259.2 1211893945
3286.75 4258.09 1211894004
3288.52 4259.2 1211894065
3287.64 4256.97 1211894124
3284.09 4251.38 1211894189
3286.75 4252.5 1211894190
3540.26 4096.12 1211894250
3598.76 4011.23 1211894310
3778.7 3708.53 1211894370
3635.1 3547.69 1211894435
3440.1 3444.94 1211894491
3305.36 3185.82 1211894555
3072.24 2995.95 1211894606
3072.24 2995.95 1211894608
2912.69 3041.74 1211894647
2806.32 3360.05 1211894707
2744.28 3809.06 1211894768
2494.31 4281.54 1211894828
2335.65 4424.52 1211894888
1759.49 4924.97 1211894948
1434.19 4997.59 1211894979
976.807 4924.97 1211895041
990.103 5025.51 1211895079
1029.1 5054.56 1211895110
1315.41 5080.25 1211895170
1803.81 5159.57 1211895231
2493.43 5266.82 1211895292
2824.05 5042.27 1211895352
3066.04 4777.52 1211895413
3448.96 4230.16 1211895473
3476.44 3954.26 1211895534
3479.1 3948.68 1211895539
3433.89 4067.08 1211895601
3176.84 4286.01 1211895660
3081.11 4308.35 1211895721
2723.89 4243.56 1211895758
2423.4 4196.65 1211895808
2258.53 4172.08 1211895868
1322.5 4019.05 1211895929
1186 4296.06 1211895989
1057.47 4300.53 1211896049
758.754 4246.92 1211896109
366.081 4185.48 1211896169
173.733 4156.44 1211896195
21.2735 4090.54 1211896221
-1.77279 3802.36 1211896281
-62.934 3794.54 1211896330
320.875 3845.92 1211896390
780.914 3926.34 1211896450
1049.49 3971.02 1211896510
1503.32 4033.57 1211896572
2358.7 4183.25 1211896632
2652.09 4224.58 1211896693
3046.54 4290.48 1211896753
3355.89 4348.57 1211896814
3737.04 3825.81 1211896874
3940.91 3586.79 1211896935
4226.33 3018.29 1211896995
4081.85 2217.55 1211897056
3706.02 1854.61 1211897116
3653.72 1834.51 1211897148
3653.72 1834.51 1211897149
3784.9 2114.81 1211897210
3624.47 2272.27 1211897270
3386.03 2503.44 1211897336
3127.2 2769.24 1211897392
2863.94 3036.16 1211897457
2575.86 3062.96 1211897513
2121.14 3070.78 1211897574
2183.19 3131.09 1211897619
2270.06 3057.38 1211897679
2445.56 2944.58 1211897739
2793.92 2746.9 1211897799
2936.62 2574.91 1211897860
3292.96 2203.03 1211897921
3438.32 2063.44 1211897982
3685.63 1803.25 1211898042
3929.39 1960.7 1211898103
4056.14 1635.75 1211898163
4112.87 994.807 1211898224
4018.03 463.335 1211898284
3723.74 448.82 1211898345
3716.65 726.834 1211898406
3976.37 782.661 1211898467
3977.25 782.661 1211898482
3780.47 741.349 1211898544
3335.5 697.804 1211898604
3009.31 730.183 1211898641
2866.6 1081.9 1211898705
2957.9 1257.21 1211898731
3113.02 1411.3 1211898784
3363.87 1654.73 1211898815
3614.72 1899.28 1211898876
3877.98 2047.8 1211898936
3878.86 2037.75 1211898997
3917.86 1949.53 1211899057
3890.39 2012.07 1211899101
3861.13 2037.75 1211899167
3794.65 2083.54 1211899223
3545.58 2338.16 1211899284
3473.78 2425.26 1211899344
3141.38 2745.78 1211899405
2918.9 2847.41 1211899465
2822.28 2769.24 1211899503
2570.54 2552.58 1211899563
2466.84 2649.74 1211899603
2405.67 2732.38 1211899664
2434.04 2696.64 1211899724
2434.04 2697.76 1211899785
2434.93 2698.88 1211899859
2436.7 2697.76 1211899894
2420.74 2681.01 1211899960
2441.13 2710.04 1211900019
2425.18 2665.37 1211900080
2426.06 2672.07 1211900177
2442.9 2704.46 1211900238
2442.9 2704.46 1211900376
2443.79 2704.46 1211900397
2336.54 2816.14 1211900452
1843.7 2712.28 1211900513
1334.91 2619.58 1211900573
1027.33 2596.13 1211900634
1020.24 2528.01 1211900694
1028.22 2377.24 1211900755
496.381 2299.07 1211900820
-198.552 2205.26 1211900875
-886.394 2115.92 1211900935
-1222.34 2041.1 1211901000
-1222.34 2039.99 1211901012
-1598.17 1970.75 1211901073
-1936.77 1900.4 1211901133
-2295.76 1910.45 1211901193
-2340.97 2315.82 1211901255
-2120.26 2342.62 1211901313
-1841.04 2354.91 1211901341
-1701.88 1945.07 1211901404
-1594.62 2108.11 1211901463
-1075.2 2324.75 1211901547
-1025.56 2152.78 1211901608
-992.762 1958.47 1211901627
-907.668 1421.35 1211901687
-898.804 1375.57 1211901738
-595.657 1262.79 1211901798
-198.552 1330.9 1211901860
-28.3646 1024.95 1211901920
18.6143 602.899 1211901980
285.419 449.937 1211902041
505.245 471.15 1211902061
795.982 493.481 1211902129
1005.17 512.461 1211902181
1349.09 539.257 1211902241
1788.74 569.403 1211902301
2180.53 600.666 1211902362
2218.65 604.015 1211902422
2151.28 591.734 1211902483
1868.52 582.801 1211902543
1647.81 564.937 1211902605
1438.62 554.889 1211902665
1435.96 553.772 1211902694
1434.19 556.005 1211902754
1412.03 701.153 1211902814
1580.44 919.997 1211902874
1800.27 1107.58 1211902935
2116.71 1498.4 1211902995
2457.97 1835.63 1211903056
2990.69 2371.66 1211903116
3167.09 2551.46 1211903177
3460.48 2798.27 1211903238
3529.62 2887.62 1211903297
3530.51 2887.62 1211903298
3532.28 2888.74 1211903300
3803.52 3190.29 1211903360
4001.18 3367.87 1211903421
4001.18 3367.87 1211903429
3917.86 3301.97 1211903489
3675.88 3469.51 1211903541
3540.26 3616.94 1211903602
3487.08 3821.34 1211903667
3445.42 3807.94 1211903722
3307.14 3800.12 1211903791
3474.67 3817.99 1211903851
3464.92 3812.41 1211903911
3415.28 3813.52 1211903971
3455.17 3825.81 1211904031
3461.37 3828.05 1211904094
3464.03 3835.86 1211904151
3464.03 3835.86 1211904158
3317.77 4132.98 1211904218
3175.95 4294.95 1211904278
2697.3 4235.75 1211904338
2415.42 4194.42 1211904398
2145.07 4147.5 1211904459
1111.54 3985.54 1211904519
900.577 3950.91 1211904583
840.302 3688.43 1211904641
901.463 3232.73 1211904702
203.871 3113.22 1211904762
-554.883 2991.48 1211904823
-1178.9 2752.48 1211904883
-1649.58 2670.96 1211904944
-1961.59 2650.85 1211905004
-2074.16 2603.95 1211905066
-2282.47 2357.14 1211905131
-2732.75 2330.34 1211905188
-3074.9 2308 1211905251
-3372.73 2290.14 1211905307
-3799.09 2264.45 1211905367
-4178.46 2244.35 1211905427
-4523.27 2225.36 1211905488
-5082.59 2195.21 1211905548
-5798.79 2161.71 1211905618
-6030.14 2411.86 1211905669
-6045.21 2517.96 1211905704
-6045.21 2520.19 1211905707
-6052.3 2434.2 1211905768
-5969.87 2208.61 1211905833
-5512.49 2151.66 1211905888
-5191.61 2170.64 1211905934
-5101.2 2046.69 1211905976
-5297.98 1541.95 1211906061
-6011.53 1500.63 1211906133
-6460.93 1476.06 1211906188
-6458.27 1466.01 1211906254
-6457.38 1466.01 1211906322
-5963.66 1498.4 1211906366
-5371.55 1530.78 1211906427
-4673.07 1573.21 1211906496
-4181.12 1591.08 1211906548
-3633.33 1631.28 1211906609
-3231.79 1655.85 1211906670
-3052.74 1664.78 1211906730
-2551.04 1693.81 1211906795
-2426.95 2136.02 1211906856
-2303.74 2339.27 1211906922
-1724.04 2369.42 1211906972
-1060.13 2467.7 1211907032
-934.26 2477.75 1211907092
-387.354 2562.63 1211907158
-369.626 2572.68 1211907195
-368.74 2568.21 1211907259
-296.056 2583.85 1211907260
-270.35 2591.66 1211907263
187.916 2687.71 1211907343
662.137 2756.95 1211907394
1151.43 2721.21 1211907443
1552.96 2789.34 1211907503
1978.43 2868.63 1211907565
2144.19 2922.24 1211907594
2144.19 2963.56 1211907608
2193.83 2955.75 1211907660
2379.08 3057.38 1211907720
2407.45 3143.38 1211907775
2304.63 3028.34 1211907836
2154.82 3070.78 1211907896
2081.25 3458.34 1211907956
2303.74 3546.58 1211908018
2302.85 3539.87 1211908076
2305.51 3544.34 1211908138
2291.33 3561.1 1211908208
2285.12 3580.08 1211908257
2290.44 3563.33 1211908317
2300.19 3546.58 1211908378
2300.19 3548.81 1211908444
2294.88 3558.86 1211908504
2309.94 3542.11 1211908564
2340.97 3553.28 1211908619
2454.43 3524.24 1211908684
2308.17 3310.91 1211908750
2400.36 3248.36 1211908801
2463.29 3029.46 1211908859
2440.24 3013.82 1211908925
2504.06 2836.24 1211908980
2516.47 2755.83 1211909005
2730.09 2746.9 1211909075
3047.42 2450.95 1211909125
2877.24 1913.8 1211909188
2694.64 753.63 1211909254
2887.87 -550.386 1211909311
2528.88 -1998.18 1211909361
2847.1 -3446.84 1211909416
3269.91 -4922.01 1211909474
3967.5 -7850.38 1211909578
4163.39 -9338.15 1211909623
2929.53 -14838.5 1211909844
3370.07 -16282.7 1211909896
4033.98 -16164.6 1211909965
4173.15 -16124.5 1211910030
