4392.97 -16067.7 1211384198
4387.65 -16059.9 1211384258
4388.54 -16059.9 1211384318
4388.54 -16058.7 1211384378
4386.77 -16054.3 1211384438
4386.77 -16052.1 1211384499
4386.77 -16053.2 1211384559
4386.77 -16053.2 1211384619
4387.65 -16054.3 1211384680
4388.54 -16053.2 1211384740
4388.54 -16054.3 1211384801
4388.54 -16054.3 1211384866
4387.65 -16055.4 1211384921
4388.54 -16054.3 1211385047
4389.43 -16049.8 1211385106
4389.43 -16053.2 1211385167
4388.54 -16053.2 1211385222
4388.54 -16053.2 1211385237
4388.54 -16054.3 1211385283
4388.54 -16052.1 1211385343
4388.54 -16052.1 1211385404
4388.54 -16052.1 1211385464
4387.65 -16052.1 1211385530
4388.54 -16052.1 1211385585
4388.54 -16050.9 1211385660
4389.43 -16049.8 1211385706
4388.54 -16049.8 1211385766
4389.43 -16049.8 1211385833
4389.43 -16049.8 1211385887
4389.43 -16050.9 1211385953
4389.43 -16050.9 1211386009
4389.43 -16050.9 1211386086
4388.54 -16050.9 1211386136
4389.43 -16050.9 1211386190
4389.43 -16052.1 1211386250
4389.43 -16052.1 1211386312
4389.43 -16053.2 1211386375
4389.43 -16054.3 1211386430
4389.43 -16053.2 1211386491
4390.31 -16054.3 1211386551
4390.31 -16054.3 1211386612
4390.31 -16054.3 1211386678
4390.31 -16054.3 1211386733
4395.63 -16045.4 1211386793
