3250.41 -15743.4 1212436090
2699.96 -13477.7 1212436107
3993.21 -7883.84 1212436296
3732.61 -6418.12 1212436332
3327.52 -4981.15 1212436382
2934.85 -3546.16 1212436431
2710.59 -2872.09 1212436494
3809.72 -1321.76 1212436514
3831.88 158.536 1212436560
3467.58 1575.45 1212436620
3663.47 1757.46 1212436691
3840.75 2050.04 1212436741
3565.08 2332.57 1212436801
3339.05 2558.16 1212436861
2992.47 2905.49 1212436923
2992.47 2905.49 1212436940
2855.96 3095.35 1212436982
2845.33 3304.21 1212437041
2525.34 3262.88 1212437107
2357.81 3196.99 1212437161
2366.67 3194.75 1212437173
2132.67 3194.75 1212437228
2110.51 3297.51 1212437274
2268.28 3123.27 1212437335
2308.17 2964.68 1212437395
2385.29 2706.69 1212437460
2830.26 2257.75 1212437515
3050.08 2046.69 1212437546
3161.77 1728.43 1212437617
3320.43 1315.27 1212437670
2761.12 -2747.09 1212437825
3103.27 -4235.79 1212437872
3103.27 -4235.79 1212437893
3581.92 -5672.89 1212437939
3855.82 -7195.63 1212437968
4115.53 -8648.95 1212438028
3775.15 -10110.9 1212438068
2758.46 -11191.3 1212438121
2586.5 -12695.2 1212438171
3151.13 -15615.3 1212438275
4491.36 -16195.8 1212438386
4491.36 -16193.6 1212438426
4491.36 -16193.6 1212438427
4491.36 -16193.6 1212438441
4340.67 -15882.7 1212438493
