4517.07 -17289.9 1211913714
4630.52 -17760 1211913773
4301.67 -18015.1 1211913844
4573.8 -18395 1211913894
5102.97 -18866.2 1211913969
5657.86 -19252.7 1211914011
5861.73 -19393 1211914100
5861.73 -19393 1211914103
5558.58 -19183.6 1211914162
5358.25 -19034.4 1211914223
4421.34 -18204.5 1211914354
4975.33 -17590.7 1211914594
4414.24 -16018.6 1211914764
4272.42 -16139 1211914859
4395.63 -15882.7 1211915139
5503.62 -18079.7 1211915323
6671 -19032.1 1211915373
11545.3 -22004.5 1211915586
11921.1 -23104.5 1211915647
10856.6 -23373.9 1211915710
11116.3 -23581 1211915762
11468.2 -23988.4 1211915822
11607.3 -24163.2 1211915976
11607.3 -24163.2 1211915990
11088.8 -23396.2 1211916108
