3643.97 -947.801 1211355939
3669.67 -977.942 1211355982
3667.01 -981.29 1211356106
3665.24 -981.29 1211356170
3665.24 -983.523 1211356209
3666.13 -984.639 1211356262
3666.13 -982.407 1211356322
3675.88 -970.127 1211356382
3675.88 -969.011 1211356443
3667.9 -981.29 1211356563
3667.9 -982.407 1211356627
3667.01 -982.407 1211356683
3667.01 -981.29 1211356748
3667.01 -983.523 1211356808
3667.9 -979.058 1211356863
3668.79 -964.546 1211356936
3669.67 -965.662 1211356983
3674.1 -965.662 1211357104
3672.33 -974.593 1211357174
3668.79 -982.407 1211357224
3667.9 -985.756 1211357284
3667.9 -983.523 1211357344
3667.9 -982.407 1211357417
3668.79 -981.29 1211357464
3667.01 -977.942 1211357530
3669.67 -972.36 1211357589
3667.9 -980.174 1211357650
3670.56 -982.407 1211357704
3672.33 -984.639 1211357764
3671.45 -984.639 1211357824
3669.67 -985.756 1211357891
3667.9 -984.639 1211357950
3667.9 -984.639 1211358010
3667.01 -984.639 1211358071
3670.56 -986.872 1211358126
3671.45 -986.872 1211358194
3670.56 -985.756 1211358246
3668.79 -982.407 1211358306
3668.79 -983.523 1211358381
3664.35 -982.407 1211358442
3667.01 -982.407 1211358500
3665.24 -986.872 1211358563
3666.13 -983.523 1211358620
3668.79 -983.523 1211358670
3670.56 -985.756 1211358791
3667.9 -991.337 1211358854
3667.9 -984.639 1211358915
3669.67 -982.407 1211358970
3668.79 -985.756 1211358993
3670.56 -990.221 1211359062
3673.22 -986.872 1211359122
3669.67 -982.407 1211359179
3667.9 -985.756 1211359247
3667.9 -982.407 1211359300
3667.9 -979.058 1211359327
3668.79 -981.29 1211359372
3670.56 -981.29 1211359433
3668.79 -983.523 1211359501
3667.9 -980.174 1211359553
3664.35 -980.174 1211359619
3667.01 -985.756 1211359689
3664.35 -986.872 1211359744
3667.01 -982.407 1211359803
3664.35 -991.337 1211359858
3665.24 -984.639 1211359888
3667.01 -982.407 1211359949
3667.9 -980.174 1211360020
3668.79 -983.523 1211360074
3668.79 -981.29 1211360129
3667.9 -981.29 1211360249
3667.9 -976.825 1211360314
3669.67 -977.942 1211360369
3668.79 -981.29 1211360430
3666.13 -990.221 1211360490
3666.13 -990.221 1211360551
3667.01 -989.105 1211360611
3667.9 -989.105 1211360671
3665.24 -986.872 1211360731
3663.47 -986.872 1211360806
3664.35 -987.988 1211360852
3670.56 -986.872 1211360912
3669.67 -986.872 1211361036
3669.67 -986.872 1211361050
3665.24 -984.639 1211361093
3662.58 -979.058 1211361163
3661.7 -980.174 1211361223
3657.26 -995.802 1211361325
3659.92 -994.686 1211361385
3660.81 -992.453 1211361459
3661.7 -991.337 1211361506
3665.24 -986.872 1211361566
3667.01 -981.29 1211361627
3673.22 -975.709 1211361687
3671.45 -976.825 1211361749
3666.13 -982.407 1211361808
3666.13 -982.407 1211361869
3663.47 -985.756 1211361935
3663.47 -986.872 1211361994
3668.79 -990.221 1211362049
3669.67 -986.872 1211362110
3668.79 -984.639 1211362177
3668.79 -985.756 1211362235
3667.01 -986.872 1211362295
3666.13 -986.872 1211362354
3664.35 -987.988 1211362415
3667.01 -980.174 1211362470
3667.01 -979.058 1211362545
3667.9 -980.174 1211362590
3667.01 -982.407 1211362650
3667.9 -983.523 1211362714
3667.9 -984.639 1211362771
3663.47 -983.523 1211362833
3663.47 -982.407 1211362902
3661.7 -976.825 1211362957
3662.58 -977.942 1211363018
3664.35 -982.407 1211363087
3663.47 -982.407 1211363139
3665.24 -983.523 1211363199
3666.13 -983.523 1211363254
3672.33 -979.058 1211363319
3669.67 -985.756 1211363374
3668.79 -990.221 1211363434
3668.79 -993.57 1211363494
3669.67 -993.57 1211363555
3663.47 -982.407 1211363615
3667.9 -982.407 1211363677
3667.9 -985.756 1211363737
3666.13 -987.988 1211363798
3665.24 -986.872 1211363858
3666.13 -983.523 1211363924
3667.9 -979.058 1211363980
3667.01 -979.058 1211364041
3664.35 -986.872 1211364106
3662.58 -987.988 1211364161
3664.35 -986.872 1211364231
3665.24 -986.872 1211364281
3667.9 -984.639 1211364351
3668.79 -984.639 1211364401
3674.1 -993.57 1211364461
3672.33 -995.802 1211364522
3664.35 -981.29 1211364582
3669.67 -986.872 1211364651
3667.01 -983.523 1211364702
3667.01 -984.639 1211364767
3666.13 -985.756 1211364823
3666.13 -986.872 1211364888
3665.24 -985.756 1211364943
3665.24 -984.639 1211365012
3664.35 -985.756 1211365074
3664.35 -985.756 1211365124
3664.35 -986.872 1211365184
3665.24 -987.988 1211365244
3665.24 -989.105 1211365339
3665.24 -987.988 1211365400
3666.13 -986.872 1211365460
3665.24 -980.174 1211365525
3665.24 -984.639 1211365581
3666.13 -987.988 1211365642
3666.13 -991.337 1211365702
3664.35 -989.105 1211365763
3663.47 -986.872 1211365827
3663.47 -990.221 1211365883
3663.47 -985.756 1211365943
3667.01 -986.872 1211366014
3670.56 -979.058 1211366063
3667.01 -984.639 1211366123
3667.01 -986.872 1211366244
3666.13 -985.756 1211366304
3665.24 -985.756 1211366364
3665.24 -986.872 1211366424
3664.35 -989.105 1211366488
3663.47 -990.221 1211366516
3660.81 -994.686 1211366581
3662.58 -989.105 1211366636
3663.47 -987.988 1211366697
3666.13 -984.639 1211366761
3666.13 -985.756 1211366818
3667.01 -985.756 1211366888
3667.01 -985.756 1211366943
3671.45 -981.29 1211367003
3670.56 -979.058 1211367059
3669.67 -981.29 1211367120
3666.13 -984.639 1211367180
3666.13 -985.756 1211367245
3666.13 -982.407 1211367300
3665.24 -980.174 1211367360
3664.35 -987.988 1211367420
3664.35 -987.988 1211367484
3664.35 -979.058 1211367540
3665.24 -985.756 1211367601
3663.47 -993.57 1211367661
3660.81 -987.988 1211367723
3661.7 -990.221 1211367783
3662.58 -991.337 1211367844
3665.24 -992.453 1211367908
3666.13 -992.453 1211367968
3667.9 -994.686 1211368024
3667.01 -991.337 1211368084
3666.13 -989.105 1211368144
3666.13 -990.221 1211368204
3664.35 -991.337 1211368264
3664.35 -991.337 1211368324
3664.35 -991.337 1211368384
3663.47 -990.221 1211368444
3661.7 -991.337 1211368496
3666.13 -972.36 1211368550
3663.47 -977.942 1211368611
3659.92 -982.407 1211368671
3658.15 -987.988 1211368731
3659.92 -987.988 1211368796
3661.7 -991.337 1211368860
3661.7 -992.453 1211368916
3664.35 -983.523 1211368981
3662.58 -986.872 1211369031
3663.47 -990.221 1211369151
3662.58 -990.221 1211369221
3661.7 -989.105 1211369331
3667.01 -987.988 1211369396
3665.24 -987.988 1211369451
3667.01 -985.756 1211369507
3669.67 -992.453 1211369567
3662.58 -990.221 1211369627
3663.47 -995.802 1211369688
3660.81 -993.57 1211369752
3661.7 -991.337 1211369817
3661.7 -982.407 1211369882
3661.7 -980.174 1211369928
3666.13 -990.221 1211369993
3662.58 -980.174 1211370058
3662.58 -977.942 1211370118
3659.92 -970.127 1211370168
3659.92 -971.244 1211370230
3659.04 -962.313 1211370289
3660.81 -979.058 1211370353
3661.7 -982.407 1211370413
3666.13 -982.407 1211370473
3667.01 -982.407 1211370530
3668.79 -984.639 1211370601
3671.45 -994.686 1211370659
3665.24 -983.523 1211370770
3664.35 -982.407 1211370840
3659.92 -969.011 1211370895
3660.81 -971.244 1211370960
3659.04 -970.127 1211371015
3661.7 -970.127 1211371075
3651.95 -945.569 1211371140
3659.92 -963.43 1211371192
3651.95 -950.034 1211371253
3659.04 -963.43 1211371313
3663.47 -977.942 1211371374
3661.7 -972.36 1211371434
3663.47 -976.825 1211371500
3646.63 -936.638 1211371564
3608.51 -846.216 1211371610
3630.67 -897.567 1211371670
