-3581.03 -4813.78 1211867543
-4197.96 -4341.79 1211867649
-4355.74 -4794.82 1211867720
-4172.26 -4903.05 1211867770
-4276.85 -4897.47 1211867834
-4275.08 -4968.88 1211867894
-4270.65 -4973.34 1211867950
-4171.37 -4983.38 1211868010
-3478.21 -4914.2 1211868135
-3873.54 -4551.57 1211868251
-3562.42 -4393.12 1211868311
-3479.1 -3908.83 1211868371
-3479.1 -3908.83 1211868389
-3574.83 -3682.3 1211868431
-3517.21 -3248.19 1211868505
-3234.45 -3240.38 1211868560
-3220.27 -3245.96 1211868617
-2856.85 -3522.72 1211868677
-2452.65 -3849.69 1211868733
-1935 -4018.19 1211868797
-1432.41 -4152.1 1211868858
-822.574 -4153.21 1211868918
-495.494 -4109.69 1211868957
-73.5707 -4060.6 1211869021
173.733 -3802.82 1211869072
384.695 -3519.37 1211869120
783.573 -3012.71 1211869184
1038.85 -2480.35 1211869238
1226.77 -1973.62 1211869300
1326.93 -1789.45 1211869344
1326.93 -1790.57 1211869397
1326.93 -1786.11 1211869452
1326.93 -1783.87 1211869513
1389.87 -1658.86 1211869514
1537.89 -1370.87 1211869574
1718.72 -1050.5 1211869635
1922.59 -869.659 1211869695
1874.72 -308.131 1211869760
1831.29 277.998 1211869815
1802.93 748.048 1211869875
1799.38 750.281 1211869935
1594.62 746.931 1211869995
1405.82 663.191 1211870062
1427.1 377.365 1211870116
1215.25 663.191 1211870181
1202.84 864.169 1211870222
1214.36 521.393 1211870282
1276.41 -234.449 1211870353
1662.88 -336.041 1211870406
1860.54 -321.528 1211870462
1876.5 -436.516 1211870492
1906.63 -832.821 1211870547
1605.26 -875.241 1211870612
1518.39 -714.489 1211870672
1491.8 -363.951 1211870728
1451.91 150.721 1211870789
1432.41 366.2 1211870857
1582.21 901.015 1211870931
1604.37 558.238 1211870978
1644.26 125.042 1211871039
1662.88 -160.766 1211871064
1683.26 -257.893 1211871123
1683.26 -259.01 1211871164
1830.4 -142.903 1211871221
1823.31 404.161 1211871281
1784.31 1029.42 1211871342
2019.21 1401.25 1211871404
2512.04 1898.17 1211871468
3057.17 2407.39 1211871528
3060.72 2398.46 1211871560
3440.1 2796.04 1211871597
