3744.13 -973.476 1212902640
3612.94 -980.174 1212902695
3604.97 -981.29 1212902756
3604.08 -980.174 1212902821
3603.19 -976.825 1212902876
3602.31 -975.709 1212902940
3601.42 -971.244 1212903005
3600.53 -972.36 1212903068
3600.53 -975.709 1212903121
3601.42 -976.825 1212903181
3601.42 -982.407 1212903236
3599.65 -979.058 1212903305
3600.53 -977.942 1212903366
3602.31 -977.942 1212903421
3602.31 -977.942 1212903447
3602.31 -977.942 1212903501
3603.19 -983.523 1212903571
3602.31 -981.29 1212903627
3601.42 -977.942 1212903696
3606.74 -979.058 1212903742
3600.53 -974.593 1212903802
3599.65 -972.36 1212903870
3599.65 -973.476 1212903927
3600.53 -974.593 1212903982
3598.76 -975.709 1212904048
3598.76 -975.709 1212904111
3603.19 -980.174 1212904172
3600.53 -974.593 1212904228
3601.42 -974.593 1212904287
3602.31 -977.942 1212904348
3603.19 -976.825 1212904407
3602.31 -979.058 1212904475
3602.31 -979.058 1212904524
3602.31 -979.058 1212904584
3602.31 -979.058 1212904650
3602.31 -980.174 1212904706
3600.53 -979.058 1212904768
3598.76 -976.825 1212904828
3599.65 -974.593 1212904888
3600.53 -974.593 1212904950
3601.42 -974.593 1212905014
3602.31 -977.942 1212905071
3603.19 -977.942 1212905129
3596.1 -975.709 1212905194
3596.99 -974.593 1212905249
3597.88 -973.476 1212905314
2300.19 -1315.06 1212905476
2125.57 -1312.83 1212905523
2125.57 -1312.83 1212905604
2116.71 -1253.66 1212905612
2112.28 -1252.55 1212905668
2114.05 -1251.43 1212905736
2746.94 -1298.31 1212905848
2746.94 -1298.31 1212905863
2376.42 -2723.66 1212905927
-529.177 -3452.42 1212906027
-1166.5 -4824.94 1212906074
-3523.42 -9824.35 1212906268
