3695.38 -931.057 1213011078
3683.86 -979.058 1213011150
3717.54 -982.407 1213011168
3717.54 -983.523 1213011238
3717.54 -983.523 1213011289
3717.54 -982.407 1213011359
3716.65 -982.407 1213011389
3717.54 -983.523 1213011436
3728.18 -945.569 1213011501
3694.49 -931.057 1213011556
3667.01 -971.244 1213011616
3637.76 -981.29 1213011676
3619.15 -958.964 1213011749
3718.42 -984.639 1213011813
3717.54 -983.523 1213011857
3717.54 -983.523 1213011922
3717.54 -983.523 1213012047
3717.54 -982.407 1213012104
3716.65 -982.407 1213012159
3717.54 -982.407 1213012223
3717.54 -982.407 1213012278
3718.42 -982.407 1213012338
3718.42 -982.407 1213012403
3718.42 -982.407 1213012458
3715.77 -981.29 1213012578
3716.65 -980.174 1213012652
3715.77 -979.058 1213012759
3716.65 -980.174 1213012819
3713.11 -976.825 1213012882
3714.88 -979.058 1213012939
3716.65 -982.407 1213012999
3717.54 -982.407 1213013065
3717.54 -982.407 1213013125
3717.54 -982.407 1213013181
3713.99 -976.825 1213013241
3714.88 -979.058 1213013310
3715.77 -982.407 1213013361
3716.65 -982.407 1213013421
3716.65 -981.29 1213013487
3716.65 -982.407 1213013549
3713.99 -982.407 1213013602
3714.88 -980.174 1213013685
3716.65 -985.756 1213013723
3713.99 -981.29 1213013789
3714.88 -980.174 1213013844
3715.77 -980.174 1213013904
3715.77 -981.29 1213013964
3716.65 -980.174 1213014024
3717.54 -981.29 1213014089
3716.65 -980.174 1213014155
3715.77 -979.058 1213014214
3715.77 -979.058 1213014270
3715.77 -980.174 1213014326
3716.65 -980.174 1213014386
3719.31 -981.29 1213014445
3715.77 -980.174 1213014514
3717.54 -980.174 1213014568
3725.52 -977.942 1213014624
3726.4 -980.174 1213014684
3726.4 -980.174 1213014748
3742.36 -973.476 1213014796
3742.36 -973.476 1213014818
3741.47 -965.662 1213014935
3745.02 -965.662 1213015004
3744.13 -966.778 1213015055
3741.47 -965.662 1213015131
3741.47 -964.546 1213015181
3739.7 -965.662 1213015244
3589.9 -977.942 1213015302
3588.12 -977.942 1213015361
3588.12 -977.942 1213015416
3588.12 -979.058 1213015542
3581.92 -998.035 1213015551
3101.49 -1187.8 1213015611
1989.07 -1327.34 1213015721
1334.91 -1340.73 1213015782
919.191 -1378.69 1213015833
381.15 -1572.91 1213015893
191.461 -1703.51 1213015953
101.049 -1622.02 1213016013
202.984 -1342.97 1213016073
741.026 -1301.66 1213016135
761.413 -1302.78 1213016194
762.299 -1374.22 1213016255
773.822 -1578.49 1213016320
777.368 -1578.49 1213016376
778.254 -1578.49 1213016437
778.254 -1578.49 1213016497
774.709 -1574.03 1213016557
776.482 -1577.38 1213016618
774.709 -1575.14 1213016690
778.254 -1542.77 1213016739
741.026 -1390.96 1213016779
390.014 -1422.22 1213016836
390.014 -1674.49 1213016891
137.391 -1706.86 1213016952
-1.77279 -1674.49 1213017016
244.645 -1608.63 1213017072
261.486 -1608.63 1213017132
153.346 -1618.68 1213017148
131.186 -828.355 1213017276
97.5034 -327.11 1213017334
48.7517 332.705 1213017402
5.31837 787.127 1213017469
-117.89 1238.22 1213017523
-256.168 2088.01 1213017575
-347.467 2675.42 1213017634
-400.65 2994.84 1213017689
-470.675 3408.08 1213017755
-539.814 3862.67 1213017810
-604.521 4269.26 1213017870
-735.707 4328.46 1213017941
-1427.98 4864.65 1213017999
-1528.14 4926.09 1213018019
-1528.14 4926.09 1213018020
-1396.96 4957.37 1213018072
-1022.9 4986.42 1213018135
-873.099 4623.36 1213018191
-670.114 4644.58 1213018245
-664.796 4558.57 1213018272
-834.097 4749.59 1213018365
-867.78 4919.39 1213018427
-862.462 4919.39 1213018539
-862.462 4919.39 1213018540
-862.462 4919.39 1213018554
-801.301 4538.46 1213018601
-499.926 4468.09 1213018666
-289.851 4497.13 1213018721
-288.078 4500.48 1213018790
-287.192 4500.48 1213018841
-186.143 4417.82 1213018901
-151.573 4405.53 1213018961
252.622 4475.91 1213019022
710.002 4446.86 1213019091
795.096 3955.38 1213019152
849.166 3661.62 1213019207
916.532 3181.35 1213019268
1006.94 2611.77 1213019323
1116.86 1910.45 1213019383
1045.06 1742.95 1213019452
1044.17 1464.9 1213019503
1191.31 1157.83 1213019564
2534.2 949.027 1213019625
2824.05 -329.343 1213019700
2634.36 -1840.8 1213019739
2815.19 -3348.63 1213019805
3242.43 -4818.25 1213019866
3689.17 -6271.98 1213019903
3956.86 -7763.38 1213019947
4185.55 -9233.32 1213020015
2543.95 -11734.3 1213020103
2619.3 -13220.2 1213020145
2908.26 -14684.7 1213020200
3298.27 -16136.7 1213020250
4235.19 -16165.7 1213020310
4496.68 -15909.4 1213020375
4361.95 -15854.8 1213020434
4359.29 -15857.1 1213020492
4239.62 -15956.2 1213020552
4231.65 -15972.9 1213020570
3353.23 -16083.3 1213020626
2955.24 -14601.2 1213020678
2633.48 -13130 1213020728
2579.41 -11637.3 1213020779
2730.09 -11258.2 1213020807
4070.32 -9629.2 1213020869
4034.87 -8125.87 1213020915
3773.38 -6665.77 1213020963
2964.1 -3739.21 1213021058
2460.63 -2270.52 1213021116
2838.23 -1394.31 1213021176
2350.72 -1312.83 1213021236
1799.38 -1325.1 1213021296
1799.38 -1325.1 1213021310
1567.15 -1328.45 1213021366
1542.33 -1332.92 1213021389
1128.38 -1271.52 1213021461
746.344 -1140.92 1213021510
701.138 -943.336 1213021540
242.872 -980.174 1213021599
242.872 -980.174 1213021613
116.118 -640.81 1213021660
75.3435 -100.479 1213021720
69.1388 48.007 1213021772
69.1388 46.8905 1213021824
65.5932 -77.0339 1213021885
-320.875 -125.04 1213021945
-712.661 -117.225 1213022005
-678.092 -84.8489 1213022079
-673.66 -78.1503 1213022125
-229.576 -119.458 1213022185
163.097 -89.3146 1213022245
175.506 -140.67 1213022272
291.624 -406.373 1213022331
328.852 -871.892 1213022391
355.444 -1231.34 1213022452
887.281 -1202.32 1213022512
952.874 -1332.92 1213022575
1119.52 -1368.64 1213022639
1737.33 -1339.62 1213022694
1737.33 -1339.62 1213022712
2112.28 -1327.34 1213022775
2595.36 -1264.83 1213022816
2757.57 -3220.29 1213022920
2757.57 -3220.29 1213022936
3205.2 -4664.27 1213022977
3563.31 -5589.22 1213023035
3822.13 -7049.51 1213023093
4091.6 -8530.73 1213023145
3858.47 -9998.3 1213023214
2840.89 -11081 1213023251
2577.64 -12569.3 1213023313
2832.92 -14080.7 1213023359
2996.9 -15068.1 1213023395
3347.03 -16256 1213023440
4275.97 -16164.6 1213023504
4503.77 -15906.1 1213023565
4368.15 -15857.1 1213023595
4352.2 -15854.8 1213023635
4353.08 -15854.8 1213023695
4289.26 -15890.5 1213023756
3587.24 -16253.7 1213023820
3096.18 -15114.9 1213023868
2138.87 -14038.3 1213023919
741.026 -14541 1213023984
-429.015 -13605.9 1213024030
-1373.02 -12473.4 1213024078
-2340.97 -11321.8 1213024125
-3184.82 -9044.85 1213024224
-3067.81 -7562.61 1213024264
-3172.41 -6197.24 1213024307
-3250.41 -4867.34 1213024359
-3490.62 -4477.93 1213024420
-3472.89 -3853.04 1213024485
-3465.8 -3281.67 1213024541
-3495.94 -2730.35 1213024671
-3510.12 -2418.96 1213024712
-3531.4 -2038.36 1213024730
-3546.46 -1673.37 1213024753
-3438.32 -417.537 1213024874
-3076.68 141.789 1213025116
-2532.43 593.967 1213025359
-2532.43 593.967 1213025418
-1874.72 847.42 1213025442
-1040.63 1313.04 1213025518
-200.325 1449.27 1213025583
253.509 1516.26 1213025639
326.193 1527.43 1213025699
642.636 1582.15 1213025796
642.636 1582.15 1213025822
839.416 1620.11 1213025856
839.416 1620.11 1213025892
1009.6 1642.45 1213025941
1306.55 1573.21 1213026002
1458.12 1682.65 1213026062
1613.24 1826.7 1213026122
1989.07 1467.13 1213026187
2464.18 1298.52 1213026243
2676.02 1259.44 1213026348
2723.89 1277.3 1213026395
2722.12 1278.42 1213026426
2715.91 1287.35 1213026448
2716.8 1282.89 1213026450
2955.24 1512.91 1213026514
3240.66 1793.2 1213026555
3534.94 1809.95 1213026620
3557.1 1830.05 1213026669
3586.35 1866.9 1213026729
3626.24 1913.8 1213026789
3292.07 1586.61 1213026854
2889.65 1184.63 1213026914
2890.53 947.911 1213026979
2906.49 985.874 1213027025
2906.49 986.991 1213027070
2898.51 1056.22 1213027076
2849.76 1087.48 1213027118
2999.56 1286.24 1213027165
2913.58 1410.18 1213027225
2768.21 1548.65 1213027297
2638.8 1688.23 1213027346
2485.45 1840.1 1213027411
2618.41 2013.19 1213027466
3030.58 2427.5 1213027526
3383.37 2768.12 1213027586
3660.81 3046.21 1213027646
3655.49 3054.03 1213027711
3711.33 3097.59 1213027768
3685.63 3161.25 1213027828
3604.08 3242.78 1213027888
3405.53 3457.22 1213027948
3228.25 3821.34 1213028033
2737.19 3857.09 1213028156
2732.75 3895.06 1213028158
2732.75 3895.06 1213028161
2872.8 3928.57 1213028251
2831.14 3823.58 1213028321
2961.44 3447.17 1213028376
