2762.89 3719.7 1211018448
2736.3 3921.87 1211018508
2709.71 4051.44 1211018534
2680.46 4174.31 1211018574
2680.46 4174.31 1211018590
2681.34 4111.76 1211018636
2842.67 3975.49 1211018691
2817.85 3564.45 1211018752
2817.85 3564.45 1211018764
2163.69 3401.38 1211018812
1998.82 2980.32 1211018883
2200.92 2879.8 1211018942
2253.21 2887.62 1211018946
2305.51 2877.57 1211019055
2057.32 2756.95 1211019121
1746.2 2717.86 1211019175
1575.12 2780.4 1211019240
2100.75 2874.22 1211019300
2255.87 2790.45 1211019356
2275.37 2769.24 1211019372
2311.72 2778.17 1211019410
1925.25 2727.91 1211019486
1788.74 2419.68 1211019551
1958.93 1968.52 1211019606
2354.26 1773.1 1211019674
2334.76 1782.03 1211019728
2255.87 1871.36 1211019797
2254.1 1865.78 1211019887
2254.1 1864.66 1211019926
2253.21 1864.66 1211019931
2253.21 1864.66 1211019947
2025.41 1694.93 1211019993
1701.88 2052.27 1211020054
1575.12 2797.16 1211020112
1089.38 3021.64 1211020167
1089.38 3021.64 1211020182
1045.95 3298.62 1211020232
958.192 3812.41 1211020272
898.804 4218.99 1211020327
843.848 4557.45 1211020401
460.925 4517.24 1211020447
-41.6605 4518.36 1211020508
-45.2061 4504.95 1211020530
-34.5694 4441.28 1211020541
-5.31837 4260.32 1211020599
597.43 4325.11 1211020661
1061.9 4107.29 1211020720
2199.14 4147.5 1211020780
2554.59 4206.7 1211020840
2554.59 4210.05 1211020853
2627.27 4218.99 1211020914
2852.42 3965.43 1211020974
2891.42 3629.23 1211021010
3005.76 3264 1211021070
2587.39 2801.62 1211021130
2234.6 2574.91 1211021194
2200.92 2640.8 1211021205
2335.65 2898.79 1211021265
2254.1 2995.95 1211021325
2262.08 2987.02 1211021331
1560.94 2901.02 1211021393
988.33 2827.31 1211021448
-278.328 2608.42 1211021511
-616.931 2548.11 1211021568
-1271.98 2459.88 1211021628
-2004.14 2367.19 1211021693
-2425.18 2352.67 1211021746
-2427.83 2351.56 1211021783
-2901.17 2319.17 1211021840
-3097.06 2299.07 1211021900
-3220.27 2296.84 1211021922
-3407.3 2294.6 1211021977
-3404.64 2295.72 1211022034
-3406.41 2294.6 1211022219
-3407.3 2295.72 1211022274
-3405.53 2292.37 1211022395
-3405.53 2292.37 1211022416
-3595.22 2278.97 1211022481
-3503.03 2273.38 1211022516
-3261.05 2287.9 1211022576
-2644.11 2321.4 1211022637
-2070.62 2351.56 1211022700
-1204.61 2459.88 1211022762
-350.126 2577.14 1211022823
-348.353 2577.14 1211022837
741.026 2774.82 1211022897
1076.97 2752.48 1211022957
1262.23 2748.02 1211023023
1677.94 2816.14 1211023086
2143.3 2904.37 1211023139
2143.3 2904.37 1211023153
2142.42 2903.25 1211023155
2143.3 2906.6 1211023201
1777.22 2938.99 1211023256
1470.53 2994.84 1211023316
1513.96 3107.64 1211023376
1437.73 2984.78 1211023439
1865.86 3051.79 1211023498
2196.49 3107.64 1211023537
1887.13 2963.56 1211023597
1542.33 2992.6 1211023661
1393.41 3083.07 1211023706
1484.71 2992.6 1211023771
1620.33 2908.84 1211023826
1271.09 2778.17 1211023886
1322.5 2445.36 1211023946
1390.75 2027.7 1211024006
1407.59 1356.58 1211024071
1407.59 1352.12 1211024126
1406.71 1353.23 1211024187
1405.82 1354.35 1211024247
1405.82 1356.58 1211024320
1407.59 1352.12 1211024371
1400.5 1357.7 1211024427
1395.18 1343.19 1211024488
1397.84 1342.07 1211024562
1393.41 1346.54 1211024596
1379.23 1148.9 1211024656
1678.83 1306.34 1211024716
1679.72 1304.1 1211024734
1928.79 1317.5 1211024784
2276.26 1664.78 1211024844
2776.19 1930.55 1211024904
2817.85 1910.45 1211024966
2807.21 1918.27 1211024979
2621.07 2101.41 1211025038
2602.45 2119.27 1211025048
2405.67 2312.47 1211025070
2403.02 2314.7 1211025072
2073.28 2559.28 1211025132
1345.55 2437.55 1211025192
881.076 2367.19 1211025253
296.942 2272.27 1211025306
-122.322 2205.26 1211025332
-991.875 2070.14 1211025398
-1423.55 2003.14 1211025431
-2124.69 1935.02 1211025491
-2616.64 1905.98 1211025551
-3167.97 1874.71 1211025611
-3219.38 1870.25 1211025675
-3690.95 1843.45 1211025732
-4182.9 1815.53 1211025792
-4353.97 2386.18 1211025852
-4731.57 2630.75 1211025925
-4739.55 2439.78 1211025985
-4736.01 2370.54 1211026067
-4711.19 1928.32 1211026121
-4666.87 1362.17 1211026181
-3902.79 1252.74 1211026241
-3783.13 935.629 1211026301
-3646.63 -128.389 1211026362
-3589.01 -1110.78 1211026425
-3535.83 -2104.22 1211026485
-3485.3 -3119.85 1211026541
-3503.92 -4178.88 1211026601
-3307.14 -4773.62 1211026662
-3175.06 -6013.16 1211026722
-3081.99 -7495.69 1211026779
-3198.11 -8989.09 1211026836
-2673.37 -10383 1211026893
-1986.41 -11714.2 1211026950
-1335.8 -12622.8 1211026994
-380.263 -13748.6 1211027041
538.928 -14799.5 1211027101
1825.09 -14053.9 1211027160
2904.71 -14529.8 1211027220
3228.25 -15907.2 1211027295
4034.87 -16178 1211027346
4443.5 -16211.4 1211027402
4469.2 -16205.8 1211027533
4487.82 -15915 1211027593
3632.44 -16249.3 1211027654
3010.2 -14895.4 1211027715
2679.57 -13408.6 1211027763
2547.5 -11930.5 1211027814
3364.75 -10651.7 1211027859
4156.3 -9401.71 1211027906
3992.32 -7890.53 1211027955
3732.61 -6423.7 1211027999
3323.09 -4999 1211028046
2915.35 -3510.45 1211028100
3748.56 -1138.69 1211028244
2899.4 -1061.66 1211028289
2724.78 448.82 1211028347
1644.26 1084.13 1211028408
1003.4 1072.97 1211028468
941.351 694.454 1211028528
910.327 681.056 1211028540
826.12 1041.7 1211028599
1302.11 1516.26 1211028668
1303 1696.05 1211028720
1290.59 1773.1 1211028740
1282.61 1801.01 1211028746
1140.79 2684.36 1211028806
1023.79 3468.39 1211028871
946.669 3904 1211028926
888.167 4110.64 1211028969
856.257 4499.37 1211029018
842.961 4587.61 1211029083
884.622 4900.4 1211029138
1569.8 5018.81 1211029194
2204.46 5113.77 1211029254
2514.7 5251.18 1211029314
2298.42 5384.12 1211029374
2062.64 5393.06 1211029439
2008.57 5307.03 1211029495
2006.8 5302.57 1211029555
2000.59 5302.57 1211029615
2001.48 5307.03 1211029675
2000.59 5304.8 1211029718
1996.16 5300.33 1211029778
1996.16 5302.57 1211029840
1998.82 5307.03 1211029899
2000.59 5305.92 1211029960
1999.71 5302.57 1211030020
2002.37 5303.68 1211030095
1997.93 5305.92 1211030157
2005.02 5302.57 1211030218
1997.93 5301.45 1211030264
1998.82 5302.57 1211030324
1997.93 5302.57 1211030385
1996.16 5302.57 1211030446
1997.05 5303.68 1211030506
1997.93 5303.68 1211030571
1999.71 5307.03 1211030686
1999.71 5307.03 1211030700
2001.48 5307.03 1211030755
2001.48 5304.8 1211030816
1998.82 5303.68 1211030867
1997.93 5305.92 1211030928
1998.82 5305.92 1211030997
1834.84 5273.52 1211031048
1662.88 5138.34 1211031108
1434.19 4996.47 1211031168
1008.72 4924.97 1211031228
982.125 4614.42 1211031291
987.443 4568.62 1211031349
1067.22 4086.07 1211031408
1214.36 3179.12 1211031470
1327.82 2426.38 1211031534
1405.82 1958.47 1211031591
1365.93 1237.11 1211031649
1366.82 909.948 1211031710
1353.52 937.862 1211031770
1353.52 941.212 1211031829
1359.73 911.064 1211031889
1436.85 282.464 1211031957
1474.07 -238.914 1211032010
1513.08 -695.511 1211032074
1556.51 -1274.87 1211032130
1929.68 -1329.57 1211032196
2337.42 -1320.64 1211032254
2957.9 -1204.55 1211032312
3591.67 -1155.43 1211032373
3725.52 -933.289 1211032433
3567.74 -987.988 1211032503
3557.99 -986.872 1211032560
3556.21 -983.523 1211032623
3626.24 -944.452 1211032678
3626.24 -944.452 1211032736
3626.24 -944.452 1211032797
3626.24 -945.569 1211032872
