2436.7 3233.84 1212585401
2414.54 3173.53 1212585411
2618.41 2864.16 1212585471
2910.92 2589.43 1212585533
3048.31 2066.79 1212585591
2683.12 860.819 1212585651
2891.42 -620.716 1212585710
2497.86 -2075.2 1212585757
2875.46 -3526.07 1212585806
3313.34 -4993.42 1212585855
3728.18 -6479.48 1212585897
3996.75 -7983.11 1212585941
4131.48 -9465.28 1212585987
2545.72 -12038.6 1212586081
2656.52 -13418.6 1212586128
2944.6 -14894.3 1212586175
3380.71 -16293.8 1212586235
4319.4 -16193.6 1212586295
4473.63 -16193.6 1212586356
4476.29 -16195.8 1212586370
4338.9 -15883.8 1212586431
3413.5 -16193.6 1212586491
2971.19 -14750.5 1212586540
2639.68 -13228 1212586588
2556.36 -11747.7 1212586637
4193.53 -9221.06 1212586730
3963.07 -7713.19 1212586779
3690.06 -6192.77 1212586825
3241.54 -4769.15 1212586870
2821.39 -3338.59 1212586917
2647.66 -1826.29 1212586970
2832.03 -323.761 1212587026
2609.55 937.862 1212587086
2116.71 1540.83 1212587206
1692.13 2099.17 1212587267
1630.97 2464.35 1212587328
1552.08 2974.73 1212587414
1544.99 3017.17 1212587437
1089.38 3059.61 1212587550
1089.38 3059.61 1212587585
907.668 4154.2 1212587655
-297.829 4398.83 1212587830
-25.7054 4393.25 1212588002
12.4095 4147.5 1212588049
45.2061 3978.84 1212588087
45.2061 3978.84 1212588101
94.8442 3624.76 1212588139
157.778 3239.43 1212588199
298.715 3226.03 1212588260
1340.23 3331.01 1212588435
1503.32 2997.07 1212588512
2260.31 3108.75 1212588563
2114.94 3207.04 1212588634
2257.65 3211.51 1212588694
2402.13 3117.69 1212588960
2996.9 3195.87 1212589060
3112.13 3037.28 1212589120
3467.58 3634.81 1212589181
3775.15 3720.82 1212589251
3812.38 3733.1 1212589311
3621.81 4058.14 1212589350
3621.81 4058.14 1212589351
3507.46 4193.3 1212589418
3191.02 4316.17 1212589499
2489 4288.25 1212589543
2874.58 3928.57 1212589818
2874.58 3701.83 1212589891
2885.21 3267.35 1212589934
2570.54 3264 1212589995
2266.51 3215.97 1212590065
2259.42 3203.69 1212590091
2678.68 3178 1212590174
2678.68 3178 1212590222
2788.6 3514.19 1212590235
2725.66 3898.41 1212590300
2799.23 4245.8 1212590434
3068.7 4303.88 1212590679
3193.68 3522 1212590733
3233.57 3472.86 1212590753
3666.13 3014.94 1212590804
3618.26 2669.84 1212590864
4072.1 2207.5 1212590924
4043.73 2177.34 1212590937
3895.7 2034.4 1212590998
3499.49 2389.53 1212591063
3174.18 2718.98 1212591118
2859.51 3007.12 1212591178
2603.34 3068.55 1212591244
2409.22 3037.28 1212591304
2223.08 3050.68 1212591471
2006.8 2998.19 1212591510
2006.8 2998.19 1212591543
2006.8 2998.19 1212591634
1163.84 2831.78 1212591636
648.841 2863.05 1212591696
601.862 2815.02 1212591792
602.748 2817.26 1212591794
1120.4 2923.36 1212591921
1120.4 2923.36 1212591938
1287.04 2952.39 1212591959
1287.04 2952.39 1212592014
1525.48 2997.07 1212592089
2336.54 3131.09 1212592110
2579.41 2968.03 1212592165
2957.9 2552.58 1212592225
3299.16 2198.56 1212592285
3576.6 1871.36 1212592355
3569.51 1864.66 1212592357
3323.98 1876.95 1212592417
3587.24 2146.08 1212592482
3587.24 2302.42 1212592546
3275.23 2615.12 1212592602
2941.06 2947.93 1212592636
2723.89 3077.48 1212592696
2380.86 3041.74 1212592757
