4368.15 -16161.2 1212696487
4218.35 -16064.3 1212696625
3399.32 -16174.6 1212696695
3064.27 -15073.7 1212696735
2746.94 -13619.3 1212696789
2556.36 -12088.8 1212696851
3267.25 -10739.8 1212696890
4131.48 -9480.89 1212696938
4007.39 -7977.53 1212696998
3737.93 -6470.55 1212697040
3329.3 -5001.23 1212697095
2922.44 -3533.88 1212697148
2734.53 -2802.9 1212697210
3678.54 -1609.75 1212697232
3854.93 -96.0131 1212697293
3373.62 1290.7 1212697353
3251.29 1813.3 1212697418
3145.81 1956.23 1212697478
2755.8 2356.02 1212697528
2488.11 2659.79 1212697592
2340.97 2800.51 1212697650
2203.58 2866.4 1212697712
2203.58 2871.98 1212697955
2234.6 2877.57 1212697982
2280.69 2863.05 1212698047
2280.69 2854.11 1212698107
2280.69 2854.11 1212698132
2295.76 2876.45 1212698223
2292.22 2863.05 1212698318
2286.01 2856.35 1212698344
2286.9 2857.46 1212698394
2286.9 2858.58 1212698472
2551.93 2522.42 1212698586
