6777.37 -19003.2 1213081540
6480.43 -18734.7 1213081541
6337.72 -18532 1213081542
5108.29 -17411.3 1213081642
4009.16 -16172.4 1213081773
4171.37 -16091.1 1213081866
3175.06 -15557.3 1213081936
2598.91 -12606.1 1213082023
3846.07 -10044 1213082126
4123.51 -8584.26 1213082161
3864.68 -7117.55 1213082207
3600.53 -5646.11 1213082255
3117.45 -4231.32 1213082307
2719.46 -2923.43 1213082363
3567.74 -1700.16 1213082396
3393.12 1233.76 1213082498
3380.71 1720.61 1213082563
3642.19 1922.73 1213082628
3776.04 2523.54 1213082679
3536.71 2763.65 1213082739
3295.61 2953.51 1213082799
2954.35 2950.16 1213082859
3211.41 3428.18 1213082919
3249.52 3453.87 1213082990
3494.17 3733.1 1213083039
2992.47 3754.33 1213083099
2836.46 3637.05 1213083165
2746.05 3804.59 1213083220
2543.07 4245.8 1213083285
2388.83 4374.26 1213083340
2327.67 4496.01 1213083381
2358.7 4391.01 1213083441
2176.98 4143.03 1213083508
1091.15 3973.25 1213083563
1099.13 3567.8 1213083628
1097.36 3568.91 1213083637
1308.32 3506.37 1213083703
1189.54 3290.8 1213083750
1026.44 3237.19 1213083810
1030.88 2481.1 1213083870
1171.81 1601.13 1213083931
1198.41 1462.66 1213084000
1038.85 1259.44 1213084050
979.466 1090.83 1213084111
1011.38 518.044 1213084176
928.055 515.811 1213084206
921.85 515.811 1213084207
1221.45 705.619 1213084270
1369.48 934.512 1213084328
1367.71 954.61 1213084393
1361.5 940.095 1213084449
1362.39 946.794 1213084509
1365.93 951.261 1213084574
1369.48 946.794 1213084633
1365.05 956.843 1213084689
1361.5 957.96 1213084749
1364.16 936.745 1213084809
1362.39 947.911 1213084871
1404.05 1094.18 1213084929
1540.55 1058.45 1213084999
2703.5 408.627 1213085050
2841.78 -1080.64 1213085110
3701.58 -1145.39 1213085163
3593.44 -931.057 1213085223
3586.35 -955.615 1213085285
3586.35 -955.615 1213085344
3586.35 -955.615 1213085404
3588.12 -964.546 1213085465
3586.35 -965.662 1213085525
3579.26 -965.662 1213085585
3579.26 -970.127 1213085650
3574.83 -981.29 1213085705
3581.03 -983.523 1213085766
3674.99 -977.942 1213085827
