-5971.64 2328.1 1211209190
-5972.53 2356.02 1211209196
-5992.03 2380.59 1211209205
-6019.5 2520.19 1211209235
-6364.31 2474.4 1211209351
-6083.33 2362.72 1211209415
-5391.05 2382.83 1211209471
-4936.33 2546.99 1211209559
-4937.22 2558.16 1211209570
-4676.62 2638.57 1211209630
-4362.83 2429.73 1211209691
-4332.7 1863.55 1211209751
-4300.79 1423.58 1211209811
-4300.79 1423.58 1211209825
-3776.93 873.101 1211209881
-3690.06 432.073 1211209940
-3641.31 -294.734 1211210000
-3611.17 -803.796 1211210061
-3587.24 -1239.15 1211210112
-3587.24 -1493.66 1211210172
-3429.46 -1485.84 1211210234
-3087.31 -1530.49 1211210294
-3086.43 -1534.96 1211210346
-2949.03 -1258.13 1211210377
-2949.03 -1258.13 1211210397
-2730.09 -982.407 1211210438
-2754.03 -568.247 1211210497
-2785.94 -21.2123 1211210569
-2741.62 215.475 1211210617
-2734.53 204.311 1211210647
-2615.75 425.374 1211210712
-2540.41 433.189 1211210767
-2540.41 433.189 1211210781
-1557.4 692.221 1211211013
-1576.01 999.273 1211211082
-1202.84 1065.15 1211211143
-816.369 1124.33 1211211231
-590.339 1378.92 1211211266
-171.074 1445.92 1211211326
390.014 1540.83 1211211448
508.79 1557.58 1211211522
873.099 1608.95 1211211596
1320.73 1739.6 1211211675
1455.46 1646.91 1211211716
1420.89 1630.16 1211211814
1427.98 1633.51 1211211835
1427.98 1637.98 1211211853
1675.29 2206.38 1211211956
1639.83 2391.76 1211212022
1577.78 2777.05 1211212077
1568.92 2878.68 1211212142
1516.62 3146.73 1211212198
1470.53 3459.46 1211212283
1321.61 4361.97 1211212386
1266.66 4730.6 1211212446
1505.1 5139.46 1211212670
1732.01 5142.81 1211212865
1700.1 5251.18 1211213111
1938.54 5291.39 1211213258
1981.09 4927.21 1211213324
2018.32 4699.32 1211213382
2091.89 4231.28 1211213492
1965.14 4112.87 1211213552
2040.48 3633.7 1211213615
1922.59 3501.9 1211213673
1777.22 3478.44 1211213735
1706.31 3463.92 1211213755
1664.65 3458.34 1211213756
1352.64 3404.73 1211213828
1341.11 3402.49 1211213832
1372.14 3141.14 1211213902
1392.53 3016.06 1211213951
1641.6 3020.52 1211214025
2000.59 2964.68 1211214073
2170.78 2656.44 1211214133
2384.4 2715.63 1211214204
2410.99 2792.69 1211214238
2455.31 2834.01 1211214304
2405.67 3208.16 1211214420
2398.58 3202.57 1211214481
2391.49 3199.22 1211214555
2399.47 3200.34 1211214601
2411.88 3199.22 1211214661
2415.42 3202.57 1211214722
2410.99 3208.16 1211214792
2412.77 3209.27 1211214813
2122.91 3208.16 1211214861
2036.05 3556.63 1211214917
2012.12 3823.58 1211214977
1966.91 4111.76 1211215053
1903.09 4434.58 1211215102
1671.74 5017.69 1211215214
2180.53 4551.87 1211215415
2288.67 4449.1 1211215466
2333.88 4423.41 1211215474
2793.03 4019.05 1211215552
2964.99 3564.45 1211215641
2953.47 3562.21 1211215643
3018.17 3490.73 1211215708
3073.13 3605.77 1211215764
3078.45 3613.59 1211215896
2897.62 3639.28 1211215938
2510.27 3589.02 1211215998
1680.6 3456.11 1211216121
1239.18 3389.09 1211216182
1123.95 3377.92 1211216223
1123.95 3377.92 1211216225
1032.65 3413.66 1211216270
1131.93 3574.5 1211216321
1489.14 3634.81 1211216387
1641.6 3315.38 1211216420
1644.26 3297.51 1211216424
1631.85 3262.88 1211216439
1629.19 3262.88 1211216461
1784.31 3259.53 1211216520
1801.15 3260.65 1211216539
2468.61 3368.99 1211216604
2919.78 3439.35 1211216670
2754.03 4115.11 1211216691
2754.03 4115.11 1211216694
3046.54 3697.36 1211216772
3085.54 3649.33 1211216804
3514.55 3175.77 1211216893
3706.9 2827.31 1211216953
3598.76 2714.51 1211217013
3220.27 2350.44 1211217080
2592.7 45.7741 1211217192
2766.44 -1463.52 1211217253
2634.36 -2940.17 1211217302
3135.18 -4352.95 1211217349
3612.94 -5844.7 1211217406
4143.01 -8815.12 1211217491
2695.53 -13544.6 1211217665
2989.81 -15051.4 1211217716
3580.15 -16355.1 1211217790
4078.3 -16198 1211217838
4080.07 -16202.5 1211217881
4056.14 -16150.1 1211217887
3340.82 -15974.1 1211217943
2994.24 -14591.1 1211218003
2809.87 -13705.1 1211218048
2569.66 -12220.3 1211218101
3174.18 -10816.7 1211218157
4094.26 -9586.83 1211218207
4032.21 -8086.84 1211218258
3765.4 -6618.92 1211218309
3430.35 -5151.86 1211218372
2970.31 -3705.74 1211218408
2725.66 -2788.39 1211218474
3679.42 -1600.82 1211218511
3847.84 -64.7532 1211218557
3790.22 481.199 1211218577
3112.13 1603.36 1211218629
3088.2 1648.03 1211218676
3662.58 574.986 1211218798
3662.58 572.753 1211218808
3752.99 430.956 1211218871
3206.98 -2244.85 1211218989
2929.53 -3668.91 1211219047
4095.14 -9562.29 1211219231
2726.55 -13639.3 1211219386
3008.42 -15101.5 1211219438
3711.33 -16319.5 1211219494
4077.41 -16198 1211219565
3886.84 -16120 1211219615
4424.88 -15863.7 1211219746
4386.77 -15845.9 1211219785
4383.22 -15848.1 1211219791
4221.9 -16005.3 1211219847
3241.54 -15717.8 1211219921
2926.87 -14239 1211219970
2610.43 -12778.8 1211220007
3764.52 -10141 1211220107
4135.92 -8670.14 1211220158
3857.59 -7134.28 1211220215
3599.65 -5670.66 1211220254
3114.79 -4202.31 1211220304
2759.35 -2735.93 1211220355
2759.35 -2735.93 1211220369
3402.87 1095.3 1211220506
3215.84 1770.86 1211220575
3798.2 2063.44 1211220747
3909.89 2018.77 1211220866
4034.87 1835.63 1211220914
4291.04 1436.98 1211220969
4371.7 991.457 1211221036
4369.04 995.923 1211221063
4268.88 1664.78 1211221119
3918.75 1974.1 1211221243
3150.25 2742.43 1211221363
2871.03 2981.43 1211221422
2772.64 2970.26 1211221452
2772.64 2970.26 1211221465
2655.64 2874.22 1211221521
2592.7 2769.24 1211221604
2465.06 2682.12 1211221644
2279.81 2493.39 1211221705
2009.46 2320.29 1211221765
1528.14 2253.28 1211221836
1491.8 2456.53 1211221959
1493.57 2462.12 1211221971
1831.29 2081.31 1211222129
2393.26 1777.56 1211222239
2463.29 1849.03 1211222274
2654.75 2043.34 1211222286
3243.32 2635.22 1211222351
3446.3 2853 1211222407
3286.75 3001.54 1211222513
3162.66 3125.51 1211222548
3162.66 3125.51 1211222570
3200.77 3641.51 1211222615
3266.36 3594.6 1211222670
3573.94 3759.91 1211222730
3807.06 3491.85 1211222790
3606.74 3529.82 1211222924
3335.5 3494.08 1211222993
3174.18 3391.33 1211223044
3042.11 3820.23 1211223193
3037.67 3851.5 1211223232
3084.65 4055.91 1211223287
3265.48 3420.36 1211223360
3494.17 3172.42 1211223418
3508.35 3167.95 1211223465
3739.7 3124.39 1211223492
3752.99 3391.33 1211223540
3955.09 3351.12 1211223583
3771.61 3392.44 1211223637
3581.03 3220.44 1211223697
3130.75 2794.92 1211223757
3063.38 2854.11 1211223819
3065.15 2853 1211223837
3043.88 2970.26 1211223902
3267.25 3199.22 1211223962
3433.01 3355.58 1211224019
3384.25 3428.18 1211224079
3316 3523.12 1211224144
3087.31 3363.4 1211224213
3087.31 3363.4 1211224218
2688.43 3306.44 1211224273
2456.2 3246.13 1211224333
1857 3155.66 1211224398
1244.5 3052.91 1211224453
960.852 3028.34 1211224513
687.842 2968.03 1211224574
393.559 2928.94 1211224634
-1.77279 2860.81 1211224708
-216.28 2779.29 1211224754
-210.075 2734.61 1211224799
-210.075 2734.61 1211224801
127.641 2775.94 1211224866
608.953 2853 1211224926
644.409 2858.58 1211224958
1084.95 2932.29 1211225018
1041.51 3328.78 1211225078
941.351 3974.37 1211225138
841.188 4583.15 1211225199
801.301 4854.6 1211225259
1066.33 4931.68 1211225324
1505.98 5006.52 1211225379
1796.72 5145.05 1211225440
1790.52 5228.83 1211225509
1759.49 5349.49 1211225534
1758.61 5349.49 1211225536
1758.61 5349.49 1211225550
1590.19 5340.55 1211225601
1331.36 5298.1 1211225666
1512.19 5132.76 1211225716
1798.49 5158.45 1211225776
2247.01 5155.1 1211225837
2832.03 5031.1 1211225898
2946.38 4927.21 1211225958
3063.38 4291.6 1211226018
3088.2 4147.5 1211226048
3142.27 3888.36 1211226106
3434.78 3661.62 1211226158
3542.03 3528.71 1211226218
3733.49 3626.99 1211226283
3661.7 3300.86 1211226343
3182.16 2818.38 1211226404
2923.33 2606.18 1211226459
2769.1 2442.01 1211226519
2493.43 2624.05 1211226579
2351.6 2763.65 1211226644
2316.15 2806.09 1211226700
2158.37 2979.2 1211226760
1895.11 2949.04 1211226820
1428.87 2877.57 1211226880
1218.79 2897.67 1211226940
1239.18 2892.09 1211227001
1358.84 2660.9 1211227062
1295.91 2442.01 1211227123
1361.5 2236.53 1211227183
1489.14 2239.88 1211227237
1763.04 2286.78 1211227291
1868.52 2045.57 1211227351
1817.11 2034.4 1211227412
1816.22 2035.52 1211227423
1525.48 1932.78 1211227488
1336.68 1901.52 1211227543
1217.02 2239.88 1211227615
1056.58 2393.99 1211227670
555.769 2309.12 1211227726
-234.895 2184.04 1211227799
-321.761 2544.76 1211227846
-360.763 2762.53 1211227896
-358.99 2764.77 1211227899
-232.235 2829.54 1211227959
-34.5694 2746.9 1211228024
404.196 2665.37 1211228079
525.632 1885.88 1211228184
573.497 1603.36 1211228229
567.292 1522.96 1211228257
641.75 1155.6 1211228304
979.466 1110.93 1211228412
1361.5 916.647 1211228520
1357.07 926.696 1211228569
