1368.59 1601.13 1211487116
1332.25 1584.38 1211487174
1214.36 1793.2 1211487226
542.473 1668.13 1211487282
-97.5034 1559.81 1211487351
-897.918 1429.17 1211487402
-875.758 1243.81 1211487462
-861.575 1187.98 1211487551
-861.575 1162.29 1211487555
-1047.72 1088.6 1211487620
-1311.86 1052.87 1211487675
-1425.32 1011.56 1211487736
-1418.23 1031.65 1211487760
-1101.79 1086.37 1211487821
-824.347 1128.8 1211487878
-824.347 1128.8 1211487892
-195.007 1231.52 1211487937
148.914 1286.24 1211488003
422.81 1323.09 1211488068
451.175 1326.44 1211488094
456.493 1327.55 1211488106
436.992 1529.66 1211488160
411.287 1650.26 1211488216
411.287 1650.26 1211488233
372.286 1964.05 1211488276
351.899 2062.32 1211488337
306.692 2330.34 1211488395
306.692 2330.34 1211488426
306.692 2330.34 1211488439
269.464 2555.93 1211488455
243.758 2718.98 1211488516
-491.949 2568.21 1211488628
-994.535 2488.92 1211488684
-1023.79 2177.34 1211488754
-979.466 1887 1211488804
-945.783 1677.06 1211488864
-1188.65 1500.63 1211488924
-1575.12 1440.33 1211489061
-1604.37 1431.4 1211489071
-1633.62 1334.25 1211489135
-1555.62 1009.32 1211489197
-1423.55 1031.65 1211489247
-1303 1156.71 1211489292
-1608.81 1222.59 1211489366
-1670.85 1559.81 1211489412
-1723.15 1885.88 1211489488
-1818.88 2312.47 1211489545
-1866.75 2503.44 1211489597
-1880.04 2861.93 1211489659
-2322.35 2819.49 1211489714
-2542.18 2783.75 1211489778
-3112.13 2726.8 1211489834
-3602.31 2696.64 1211489898
-3816.81 2688.82 1211489954
-3876.2 2681.01 1211489989
-3900.14 2683.24 1211489990
-3436.55 2703.34 1211490050
-3141.38 2722.33 1211490110
-2134.44 2845.18 1211490230
-1645.15 2922.24 1211490300
-1109.77 3008.24 1211490352
-1007.83 3021.64 1211490412
-608.067 3086.42 1211490472
-373.172 3128.86 1211490532
372.286 3247.25 1211490598
970.602 3343.3 1211490658
1099.13 3360.05 1211490725
1451.91 3418.13 1211490775
1653.13 3449.4 1211490835
1903.09 3422.6 1211490895
1976.66 3047.33 1211490956
2045.8 2639.69 1211491015
2096.32 2459.88 1211491075
2568.77 2137.14 1211491205
2761.12 1918.27 1211491256
2748.71 1894.81 1211491329
2747.82 1895.93 1211491376
2759.35 1846.8 1211491456
2755.8 1873.6 1211491520
2751.37 1882.53 1211491576
2789.48 1923.85 1211491646
3028.81 1682.65 1211491696
3471.12 861.936 1211491762
3835.43 -526.942 1211491817
3827.45 -1100.73 1211491881
3725.52 -954.499 1211491939
3725.52 -954.499 1211491953
3693.61 -942.22 1211492006
3698.04 -918.777 1211492063
3697.15 -918.777 1211492127
3697.15 -921.01 1211492195
3697.15 -922.126 1211492238
3696.26 -924.359 1211492298
3697.15 -922.126 1211492331
3696.26 -923.242 1211492392
3697.15 -923.242 1211492452
3698.04 -921.01 1211492512
3695.38 -923.242 1211492573
3693.61 -926.591 1211492638
3693.61 -925.475 1211492693
3697.15 -924.359 1211492754
3698.04 -923.242 1211492817
3698.92 -919.893 1211492874
3695.38 -922.126 1211492934
3630.67 -910.963 1211492994
3608.51 -921.01 1211493054
3591.67 -931.057 1211493115
3591.67 -929.94 1211493174
3586.35 -947.801 1211493234
3587.24 -948.918 1211493299
3587.24 -945.569 1211493354
3584.58 -954.499 1211493415
3585.47 -952.266 1211493474
3586.35 -951.15 1211493534
3583.69 -957.848 1211493595
3583.69 -958.964 1211493656
3583.69 -964.546 1211493715
3581.92 -964.546 1211493776
3581.03 -965.662 1211493836
3580.15 -969.011 1211493901
3692.72 -935.522 1211493956
