2945.49 4930.56 1213030681
2946.38 4935.03 1213030687
2947.26 4940.61 1213030692
2949.92 4940.61 1213030693
3308.91 3933.04 1213030896
3365.64 3811.29 1213030953
3370.96 3539.87 1213031002
3627.13 3275.17 1213031062
3532.28 3184.7 1213031088
3529.62 3183.58 1213031090
3530.51 3182.47 1213031091
3347.03 2983.67 1213031151
2952.58 2603.95 1213031216
2895.85 2541.41 1213031271
2358.7 2015.42 1213031331
2349.83 1578.8 1213031404
2530.66 1390.08 1213031459
2609.55 1305.22 1213031520
2650.32 1269.49 1213031580
2817.85 978.058 1213031640
2899.4 815.04 1213031701
2846.21 1089.72 1213031745
2838.23 1120.98 1213031750
2937.51 1219.24 1213031759
3282.32 1567.63 1213031819
3539.37 1813.3 1213031880
3534.94 1813.3 1213031940
3539.37 1814.41 1213032001
3523.42 1815.53 1213032062
3508.35 1814.41 1213032123
3516.33 1813.3 1213032183
3508.35 1808.83 1213032244
3518.1 1808.83 1213032304
3523.42 1806.6 1213032365
3452.51 1766.4 1213032425
3506.58 1799.9 1213032486
3536.71 1813.3 1213032546
3539.37 1813.3 1213032607
3542.92 1817.76 1213032667
3541.15 1812.18 1213032728
3542.03 1814.41 1213032756
3542.92 1814.41 1213032812
3541.15 1816.65 1213032873
3541.15 1814.41 1213032933
3541.15 1817.76 1213032993
3549.12 1824.46 1213033053
3550.9 1825.58 1213033114
3557.99 1832.28 1213033174
3571.28 1844.56 1213033235
3597.88 1879.18 1213033264
3776.93 2057.85 1213033329
3809.72 2055.62 1213033384
3404.64 2485.57 1213033444
2976.51 2914.42 1213033504
2914.46 2971.38 1213033566
2881.67 3004.89 1213033745
2891.42 2887.62 1213033810
3081.99 3019.41 1213033842
3098.83 2733.5 1213033957
3089.08 2731.26 1213034017
3089.97 2732.38 1213034077
3086.43 2725.68 1213034137
3076.68 2720.1 1213034198
2976.51 2530.24 1213034258
3138.72 2360.49 1213034318
2565.23 1499.51 1213034378
2600.68 6.69863 1213034435
2761.12 -1489.19 1213034488
2660.96 -2989.28 1213034541
3158.22 -4415.44 1213034599
3616.49 -5851.4 1213034638
3881.52 -7339.53 1213034684
4150.99 -8830.73 1213034732
3273.45 -10726.4 1213034817
2547.5 -12043.1 1213034853
2699.96 -13555.7 1213034910
2982.72 -15022.4 1213034958
3451.62 -16352.9 1213035022
4056.14 -16250.4 1213035078
4059.69 -16258.2 1213035109
4059.69 -16258.2 1213035110
4067.66 -16234.8 1213035174
4060.57 -16124.5 1213035229
3635.99 -16288.3 1213035299
