1888.91 3632.58 1212029647
1888.91 3632.58 1212029669
1896.88 3717.47 1212029815
1898.66 3710.77 1212029818
2051.12 3546.58 1212029876
2154.82 3520.89 1212029936
2257.65 3239.43 1212029997
2492.54 3108.75 1212030058
2579.41 2988.13 1212030107
2493.43 2807.21 1212030168
2324.13 2800.51 1212030232
1863.2 2858.58 1212030292
1802.93 3247.25 1212030347
1770.13 3456.11 1212030376
1724.04 3725.29 1212030435
1643.38 4235.75 1212030502
1483.82 4364.2 1212030563
1437.73 4554.1 1212030647
1434.19 4568.62 1212030654
1416.46 4512.77 1212030677
1517.51 4089.42 1212030743
1552.96 3853.74 1212030798
1162.06 3773.31 1212030912
945.783 3737.57 1212030942
861.575 3513.07 1212031005
949.328 2975.85 1212031056
1051.26 2305.77 1212031118
1115.08 1887 1212031177
1047.72 1751.88 1212031237
834.984 1716.15 1212031297
-461.812 1487.23 1212031422
-437.879 1306.34 1212031487
-292.51 1319.74 1212031511
-292.51 1320.85 1212031539
-280.101 1268.37 1212031545
-273.009 1228.17 1212031556
-362.535 1202.49 1212031567
-474.221 1185.74 1212031576
-889.94 1117.63 1212031642
-1229.43 1067.38 1212031696
-1531.69 1022.72 1212031774
-1352.64 1045.05 1212031818
-1124.83 1074.08 1212031878
-879.303 1116.51 1212031926
-748.117 1359.93 1212031986
-156.892 1453.73 1212032047
1076.97 1653.61 1212032167
1293.25 1749.65 1212032199
1144.34 2687.71 1212032273
1067.22 3126.62 1212032321
1054.81 3205.92 1212032342
983.011 3754.33 1212032407
1319.84 4007.88 1212032465
2270.06 4166.49 1212032522
2553.7 4206.7 1212032582
2822.28 4263.67 1212032637
1834.84 4864.65 1212032787
1811.79 4881.41 1212032817
1811.79 4881.41 1212032838
1668.19 5031.1 1212032856
2083.91 5199.79 1212032911
