2334.76 4179.9 1212102004
2337.42 4170.96 1212102069
2337.42 4170.96 1212102118
2526.22 4200 1212102176
2637.02 4132.98 1212102228
2856.85 3966.55 1212102293
3137.84 3847.03 1212102354
3132.52 3858.2 1212102360
3156.45 3807.94 1212102386
3173.29 3680.61 1212102425
2965.88 3524.24 1212102481
2797.46 3538.76 1212102541
2663.62 3516.42 1212102565
2132.67 3422.6 1212102636
1650.47 3252.83 1212102690
1700.1 2934.53 1212102746
1628.31 2692.18 1212102807
1628.31 2692.18 1212102810
1579.55 2767 1212102868
1579.55 2767 1212102872
1735.56 2725.68 1212102931
1812.68 2314.7 1212103029
1841.93 2084.66 1212103089
2051.12 1872.48 1212103161
1903.09 1544.18 1212103210
2371.99 1062.92 1212103276
2403.02 1035 1212103305
2488.11 646.443 1212103371
2514.7 326.006 1212103426
2574.09 -459.96 1212103487
2714.14 -574.946 1212103547
2713.25 -573.829 1212103582
2713.25 -573.829 1212103584
2611.32 -653.09 1212103642
2611.32 -654.207 1212103689
2735.41 -352.787 1212103773
2543.95 21.2124 1212103830
2490.77 731.3 1212103889
2480.13 904.365 1212103923
2477.47 941.212 1212103935
2551.04 1103.12 1212103995
2871.03 1428.05 1212104055
3065.15 1619 1212104126
3430.35 1716.15 1212104176
3756.54 2044.45 1212104241
3916.09 2200.8 1212104311
3928.5 2234.3 1212104316
3897.48 2309.12 1212104376
3886.84 2419.68 1212104436
3490.62 2774.82 1212104497
3340.82 2951.28 1212104557
3142.27 2796.04 1212104622
2982.72 2916.66 1212104677
2863.05 3065.2 1212104737
2654.75 3297.51 1212104797
2137.1 3229.38 1212104858
2004.14 3114.34 1212104918
2038.71 3087.53 1212104977
2038.71 3087.53 1212104978
2152.17 3097.59 1212105038
2343.63 3080.83 1212105062
2392.38 3132.21 1212105126
2539.52 3160.13 1212105184
2822.28 3183.58 1212105252
2808.1 3370.1 1212105306
2750.48 3777.78 1212105372
2764.66 4241.33 1212105427
3360.32 4356.38 1212105488
3097.06 4787.57 1212105563
2864.83 5037.8 1212105609
2691.09 5184.15 1212105648
2673.37 5189.73 1212105673
2673.37 5189.73 1212105674
2332.1 5376.3 1212105735
2042.25 5413.17 1212105857
1500.67 5324.91 1212105927
1341.11 5219.9 1212105977
1518.39 5128.29 1212106028
1949.18 4746.24 1212106117
1963.36 5064.61 1212106177
2485.45 5152.87 1212106237
2881.67 4985.3 1212106297
2943.72 4924.97 1212106323
2943.72 4924.97 1212106333
2990.69 4821.08 1212106400
2998.67 4732.83 1212106419
3079.33 4216.76 1212106470
3131.63 3805.71 1212106530
3173.29 3613.59 1212106598
2936.62 3548.81 1212106650
2686.66 3510.83 1212106711
2548.38 3479.56 1212106777
2391.49 3458.34 1212106831
1958.93 3392.44 1212106891
1326.05 3277.4 1212106951
1011.38 3229.38 1212107011
375.831 3128.86 1212107071
-262.373 3029.46 1212107131
-375.831 3013.82 1212107191
-1056.58 2816.14 1212107256
-1576.9 2667.61 1212107317
-1952.73 2646.39 1212107382
-2005.02 2648.62 1212107402
-2005.02 2648.62 1212107416
-2004.14 2649.74 1212107435
-2044.91 2640.8 1212107495
-2064.41 2430.85 1212107574
-2225.74 2344.86 1212107612
-2237.26 2339.27 1212107674
-2245.24 2265.57 1212107734
-2200.03 1549.76 1212107833
-1855.22 1597.78 1212107857
-1669.08 1547.53 1212107905
-1642.49 1435.87 1212107962
-1630.08 1286.24 1212108101
-1584.87 1029.42 1212108162
-1550.3 831.789 1212108223
-1557.4 889.85 1212108268
-1557.4 889.85 1212108278
-1574.24 989.224 1212108338
-1574.24 989.224 1212108351
-1348.21 1046.17 1212108374
-1224.11 1065.15 1212108402
-1154.97 1072.97 1212108423
-1008.72 1187.98 1212108454
-243.758 1434.75 1212108544
482.199 1555.35 1212108602
916.532 1625.7 1212108659
1131.93 1655.85 1212108720
1225 1669.25 1212108768
1283.5 1677.06 1212108790
1303 1684.88 1212108850
1285.27 1837.86 1212108910
1234.75 2122.62 1212108971
1181.56 2946.81 1212109035
1477.62 2988.13 1212109098
1978.43 3071.9 1212109163
2112.28 3142.26 1212109234
2070.62 3191.4 1212109255
1982.86 3106.52 1212109289
2099.87 3098.7 1212109330
2130.01 3098.7 1212109368
2141.53 3104.29 1212109370
2141.53 3104.29 1212109388
2215.99 3110.99 1212109394
2223.08 3113.22 1212109441
2223.08 3113.22 1212109460
2301.08 3119.92 1212109502
2371.11 3160.13 1212109561
2853.3 3223.79 1212109621
2974.74 3209.27 1212109687
3045.65 3251.71 1212109744
3227.36 3414.78 1212109804
3493.28 3757.68 1212109865
3748.56 3755.44 1212109928
3846.07 3756.56 1212109989
3752.11 3858.2 1212110044
3752.99 3857.09 1212110046
3688.29 3947.56 1212110085
3596.99 4065.96 1212110143
3333.73 4434.58 1212110213
3107.7 4752.94 1212110266
3032.36 4857.95 1212110323
3032.36 4857.95 1212110340
2913.58 4993.12 1212110383
2663.62 5194.2 1212110444
2029.84 5091.42 1212110511
1705.42 5044.51 1212110570
1429.75 4997.59 1212110625
1299.45 4973.01 1212110689
702.911 4879.17 1212110746
-73.5707 4754.06 1212110805
-117.89 4531.76 1212110880
-306.692 4501.6 1212110934
-482.199 4477.02 1212110994
-569.952 4461.39 1212111014
-569.952 4460.27 1212111038
-499.926 4463.62 1212111057
-46.0925 4428.99 1212111122
714.434 4548.52 1212111238
791.55 4565.27 1212111252
912.1 4583.15 1212111287
1105.33 4620.01 1212111320
1135.47 4571.97 1212111431
1193.09 4224.58 1212111502
1211.7 4089.42 1212111570
1210.81 4089.42 1212111614
1212.59 4089.42 1212111738
1211.7 4088.3 1212111808
1226.77 4021.28 1212111848
1357.96 4013.46 1212111880
1357.96 4013.46 1212111921
1570.69 4044.74 1212111923
1570.69 4044.74 1212111925
2606 4177.66 1212111985
2746.94 4051.44 1212112114
2872.8 3886.13 1212112160
2965.88 3702.95 1212112221
2780.62 3559.98 1212112280
2653.86 3499.67 1212112340
2578.52 3494.08 1212112400
2522.68 3479.56 1212112470
1936.77 3383.51 1212112517
1936.77 3383.51 1212112531
1406.71 3299.74 1212112577
1217.91 3280.75 1212112637
921.85 3145.61 1212112699
986.557 2710.04 1212112759
728.616 2339.27 1212112824
195.007 2074.61 1212112895
229.576 1852.38 1212112945
260.6 1645.8 1212113001
310.238 1347.65 1212113061
309.352 1337.6 1212113098
441.424 1472.71 1212113160
400.65 1691.58 1212113223
364.308 1968.52 1212113278
304.033 2325.87 1212113343
268.578 2551.46 1212113394
263.259 2587.2 1212113492
374.945 2705.58 1212113495
953.76 2801.62 1212113554
1035.31 2409.63 1212113615
1076.97 2208.61 1212113676
1240.07 1990.85 1212113747
1264.88 2216.43 1212113797
1557.4 1967.4 1212113857
1691.24 1900.4 1212113928
1704.54 1917.15 1212113943
2053.78 2248.82 1212113989
2377.31 2578.26 1212114051
2607.77 2817.26 1212114115
2646.77 2841.83 1212114142
2746.94 2777.05 1212114191
2728.32 2748.02 1212114261
2746.94 2758.07 1212114299
3112.13 2975.85 1212114430
3625.35 3652.68 1212114535
3813.27 3730.87 1212114595
3799.97 3803.47 1212114655
3518.99 4175.43 1212114727
3169.75 4671.39 1212114785
2556.36 5263.47 1212114896
2547.5 5261.23 1212114975
2118.48 5212.08 1212115021
1810.9 5166.27 1212115076
1205.5 5158.45 1212115230
1205.5 5159.57 1212115232
1617.67 5234.42 1212115339
1560.94 5119.35 1212115398
949.328 5025.51 1212115466
951.988 4813.26 1212115510
279.214 4483.73 1212115644
-398.877 4377.61 1212115694
-750.776 4322.87 1212115761
-894.372 4296.06 1212115816
-1298.57 4169.84 1212115876
-1187.77 3938.62 1212115938
-1058.35 3471.74 1212115997
-1056.58 2809.44 1212116124
-998.08 2009.84 1212116173
-918.305 1480.53 1212116247
-1736.45 1108.7 1212116294
-2347.17 671.007 1212116369
-2815.19 557.122 1212116425
-2753.14 425.374 1212116474
-2754.03 428.724 1212116475
-2236.37 317.075 1212116718
-1974 344.987 1212116776
-1342.89 515.811 1212116847
-1261.34 619.647 1212116872
-1239.18 954.61 1212116931
-866.007 1013.79 1212116996
-869.553 1213.66 1212117053
-750.776 1355.47 1212117117
-215.394 1442.57 1212117189
486.631 1560.93 1212117234
988.33 1641.33 1212117294
1272.86 1875.83 1212117354
1193.09 2359.37 1212117414
953.76 3815.76 1212117534
2221.3 4160.91 1212117655
2240.81 4260.32 1212117718
2240.81 4260.32 1212117735
2348.95 4398.83 1212117777
2475.7 4313.94 1212117840
2478.36 4303.88 1212117848
2654.75 4138.57 1212117908
2846.21 3957.61 1212117970
2846.21 3958.73 1212118016
2712.37 3995.59 1212118091
2597.14 4186.6 1212118136
2486.34 4287.13 1212118178
2379.08 4380.96 1212118238
2064.41 4652.4 1212118287
2065.3 4653.52 1212118300
1857.88 4823.32 1212118348
1940.32 4739.54 1212118363
2052.89 4466.97 1212118433
1525.48 4375.37 1212118483
1115.97 4301.65 1212118551
1072.54 4033.57 1212118603
1171.81 3360.05 1212118665
954.647 3226.03 1212118725
1023.79 2488.92 1212118790
447.629 2293.49 1212118846
-343.921 2167.29 1212118916
-989.216 2070.14 1212118967
-1408.48 2002.02 1212119041
-1698.33 1717.26 1212119087
-1689.47 1665.9 1212119125
-1690.35 1664.78 1212119131
-1688.58 1644.68 1212119154
-1756.83 1620.11 1212119209
-2345.4 1531.9 1212119341
-2344.51 1533.01 1212119357
-2346.29 1534.13 1212119399
-2346.29 1533.01 1212119411
-2349.83 1530.78 1212119466
-2032.5 1573.21 1212119526
-1665.54 1480.53 1212119583
-1633.62 1287.35 1212119641
-1449.25 1026.07 1212119701
-1160.29 1070.73 1212119767
-1060.13 1088.6 1212119782
-791.55 1126.56 1212119852
-214.507 1223.71 1212119907
211.848 452.17 1212120095
600.975 482.316 1212120152
803.073 496.83 1212120209
1057.47 55.8221 1212120273
1258.68 -187.559 1212120347
1552.08 -164.115 1212120389
1799.38 -146.252 1212120414
2066.19 -376.231 1212120483
2074.16 -465.542 1212120531
2074.16 -465.542 1212120532
1988.18 -478.938 1212120593
1603.49 -519.127 1212120659
1477.62 -215.47 1212120714
1459.01 34.6097 1212120747
1429.75 371.782 1212120813
1280.84 719.018 1212120874
1193.97 896.549 1212120933
1154.09 1300.75 1212120993
1225 1448.15 1212121049
1289.7 1740.71 1212121113
1106.22 2896.55 1212121228
1059.24 3217.09 1212121294
956.42 3788.95 1212121353
869.553 4384.31 1212121413
434.333 4406.65 1212121472
62.0476 4346.33 1212121537
2.65918 4337.39 1212121554
-32.7966 4418.94 1212121628
-195.007 4500.48 1212121672
-40.7741 4453.57 1212121728
-33.683 4434.58 1212121793
662.137 4533.99 1212121848
963.511 4583.15 1212121909
1256.91 4323.99 1212121968
1747.08 4403.3 1212122033
1907.52 4754.06 1212122167
1942.98 4755.17 1212122178
2292.22 4447.98 1212122230
2441.13 4321.76 1212122291
2458.86 4405.53 1212122351
2357.81 4453.57 1212122388
2270.06 4490.43 1212122446
2231.05 4275.96 1212122506
1196.63 3990.01 1212122626
1135.47 3597.95 1212122686
1055.7 3247.25 1212122746
99.2762 3092 1212122868
-541.587 2901.02 1212122927
-505.245 2685.47 1212122996
-693.16 2646.39 1212123050
-703.797 2635.22 1212123055
-342.148 2697.76 1212123100
475.107 2834.01 1212123157
972.375 2846.3 1212123236
1098.24 2292.37 1212123281
1324.27 2323.64 1212123337
1630.08 2387.29 1212123402
1635.4 2372.78 1212123405
1675.29 2822.84 1212123465
1855.22 2914.42 1212123526
1978.43 3037.28 1212123586
2379.08 3136.68 1212123646
2433.15 3049.56 1212123671
2237.26 3011.59 1212123731
2160.14 2995.95 1212123791
2161.03 2994.84 1212123821
1995.27 2924.47 1212123878
2091 2876.45 1212123944
2341.85 2930.06 1212124018
2573.2 2962.45 1212124059
2787.71 2743.55 1212124126
3196.34 2276.73 1212124186
2565.23 1567.63 1212124253
2674.25 1002.62 1212124271
2865.71 -411.955 1212124326
2821.39 -3376.53 1212124431
3256.61 -4853.95 1212124489
3695.38 -6316.6 1212124523
4015.37 -8095.76 1212124584
4065.89 -9632.55 1212124628
