4202.4 -16066.5 1211522772
3452.51 -16231.4 1211522848
2988.92 -14792.8 1211522890
2665.39 -13326.1 1211522942
2551.93 -11811.2 1211523007
3433.89 -10579.2 1211523052
4193.53 -9274.58 1211523096
3972.82 -7750 1211523151
3700.7 -6249.67 1211523194
3255.73 -4811.55 1211523242
2825.83 -3357.56 1211523288
2652.98 -1826.29 1211523346
2825.83 -319.295 1211523394
2569.66 976.942 1211523454
2395.04 1211.43 1211523514
2111.39 1549.76 1211523578
1646.92 1965.17 1211523634
1451.03 1927.2 1211523694
1258.68 2046.69 1211523754
1155.86 2664.26 1211523815
1044.17 3357.82 1211523875
920.964 4060.38 1211523947
846.507 4563.04 1211524000
23.9326 4453.57 1211524064
-410.401 4485.96 1211524130
-421.924 4526.18 1211524153
-421.037 4525.06 1211524155
-421.924 4523.94 1211524187
-416.605 4520.59 1211524263
-416.605 4522.82 1211524323
-421.924 4527.29 1211524388
-422.81 4585.38 1211524444
-261.486 4385.43 1211524564
244.645 4477.02 1211524629
715.32 4403.3 1211524685
752.549 4147.5 1211524718
842.075 3673.91 1211524775
905.895 3238.31 1211524839
966.17 2839.59 1211524895
1087.61 2088.01 1211524955
1190.43 1502.86 1211525017
1374.8 1158.94 1211525075
1653.13 1051.75 1211525135
2704.39 513.578 1211525196
2873.69 -1020.36 1211525257
2453.54 -2485.93 1211525314
2986.26 -3886.52 1211525363
3495.94 -5327.03 1211525407
3782.25 -6846.49 1211525454
4048.16 -8334.44 1211525493
3957.75 -9834.38 1211525543
2984.49 -10953.9 1211525585
2815.19 -13963.7 1211525682
3121.88 -15490.4 1211525731
4007.39 -16174.6 1211525791
