4518.84 -16087.7 1212812325
2671.59 -13391.9 1212812532
3990.55 -7854.84 1212812726
3729.95 -6381.31 1212812777
3318.66 -4957.72 1212812819
2909.15 -3479.2 1212812881
3310.68 -2079.66 1212812928
3922.3 -707.791 1212812981
3854.93 433.189 1212813036
4113.76 468.917 1212813096
4127.94 866.402 1212813174
4093.37 1215.89 1212813216
4088.05 1137.73 1212813292
4097.8 983.641 1212813305
4097.8 983.641 1212813316
4099.57 985.874 1212813331
4101.35 981.408 1212813377
4102.23 989.224 1212813427
4101.35 986.991 1212813488
4119.07 770.379 1212813559
4131.48 597.316 1212813566
4189.1 -224.401 1212813617
4239.62 -829.472 1212813691
3720.2 -1138.69 1212813744
2865.71 -1179.99 1212813811
2328.56 -1177.76 1212813866
2116.71 -888.637 1212813919
2079.48 -416.421 1212813983
1872.07 -137.321 1212814039
1849.91 21.2124 1212814105
1939.43 61.4043 1212814170
1919.93 112.761 1212814191
1919.04 114.994 1212814250
1919.04 112.761 1212814315
1922.59 110.528 1212814375
1919.93 114.994 1212814440
2020.98 45.7741 1212814491
2130.01 -1169.94 1212814676
2164.58 -1332.92 1212814738
2455.31 -1321.76 1212814791
2504.06 -2043.94 1212814867
2866.6 -3516.03 1212814918
