3813.27 -10077.5 1212799132
3857.59 -7114.2 1212799238
3115.68 -4215.7 1212799350
2756.69 -2752.67 1212799434
3693.61 -1589.65 1212799475
3858.47 -94.8967 1212799528
3368.3 1307.45 1212799585
3172.41 1520.73 1212799640
3007.54 1707.21 1212799710
2868.37 1851.26 1212799761
2702.62 2023.24 1212799821
2857.74 2258.87 1212799881
2633.48 2514.61 1212799941
2567 2555.93 1212800002
2506.72 2672.07 1212800067
2395.04 2756.95 1212800122
2395.04 2756.95 1212800181
2377.31 2701.11 1212800455
2567.88 2551.46 1212800536
2614.86 2270.03 1212800596
2545.72 2224.25 1212800667
2220.42 2115.92 1212800716
2111.39 2187.39 1212800781
2005.91 2318.05 1212800841
1927.02 2482.22 1212800898
1856.11 2903.25 1212800961
2074.16 3050.68 1212801019
2282.47 3123.27 1212801080
2441.13 3134.44 1212801140
2669.82 3183.58 1212801201
2837.35 3195.87 1212801262
2811.64 3383.51 1212801332
2777.96 3584.55 1212801387
2878.12 3661.62 1212801444
2903.83 3595.72 1212801503
2895.85 3558.86 1212801567
2780.62 3565.56 1212801634
2359.58 3456.11 1212801683
2130.89 3411.43 1212801743
1648.69 3255.06 1212801803
1695.67 2971.38 1212801874
1754.17 2603.95 1212801939
1831.29 2190.74 1212801998
1869.41 2043.34 1212802049
2113.16 1808.83 1212802105
2370.22 1552 1212802170
2668.93 1242.69 1212802226
2811.64 1365.52 1212802287
3076.68 1611.18 1212802347
3776.93 452.17 1212802414
3849.61 -523.593 1212802449
3381.59 -2000.41 1212802511
2863.94 -3427.86 1212802559
3255.73 -4858.41 1212802611
3662.58 -6130.3 1212802664
3818.59 -7000.43 1212802728
3984.34 -7925.11 1212802785
4090.71 -8520.69 1212802846
4141.23 -9431.82 1212802906
2837.35 -11085.4 1212803095
1485.6 -14021.6 1212803329
1399.62 -13992.7 1212803395
