4147.44 -16082.1 1211757169
3181.27 -15516.1 1211757224
2889.65 -14010.5 1211757271
2592.7 -12541.4 1211757318
2864.83 -11072.1 1211757364
3911.66 -9942.55 1211757408
4089.82 -8420.31 1211757453
3825.68 -6946.88 1211757500
3557.99 -5458.68 1211757546
3045.65 -4028.23 1211757600
2495.2 -2618.75 1211757646
2594.48 -1912.24 1211757672
2877.24 -426.468 1211757729
2621.95 -74.801 1211757790
2719.46 394.112 1211757850
2398.58 1206.96 1211757911
2293.1 1352.12 1211757971
1835.72 1814.41 1211758032
1347.32 1904.87 1211758093
1216.13 2261.1 1211758153
1118.63 2884.27 1211758213
1039.74 3352.23 1211758279
987.443 3698.48 1211758335
877.53 4278.19 1211758405
457.38 4308.35 1211758466
-255.282 4196.65 1211758576
-258.827 4196.65 1211758583
-257.941 4192.18 1211758647
-179.052 4091.65 1211758701
37.2286 4126.28 1211758756
367.854 4182.13 1211758816
391.786 4184.36 1211758836
546.019 4212.29 1211758896
651.5 4118.46 1211758961
787.118 3955.38 1211759031
863.348 3503.02 1211759078
986.557 2729.03 1211759139
1268.43 2305.77 1211759199
1671.74 2373.89 1211759259
2206.24 2456.53 1211759319
2496.09 2200.8 1211759379
2661.84 2050.04 1211759439
3024.38 2409.63 1211759501
3274.34 2663.14 1211759560
3635.99 3014.94 1211759621
3704.24 3058.5 1211759686
3706.9 3064.08 1211759758
3700.7 3066.31 1211759802
3697.15 3062.96 1211759864
3817.7 3009.35 1211759923
3630.67 2788.22 1211759982
3315.12 2419.68 1211760042
2684 1754.11 1211760103
2708.82 360.617 1211760164
2895.85 -937.754 1211760220
2447.34 -2405.57 1211760268
2978.29 -3830.72 1211760319
3526.08 -5401.78 1211760368
3803.52 -6898.92 1211760414
4065 -8386.86 1211760460
3925.84 -9896.83 1211760505
2906.49 -11020.8 1211760550
2576.75 -12486.8 1211760600
2817.85 -13986 1211760643
2855.96 -14234.5 1211760648
3179.5 -15718.9 1211760701
4030.44 -16162.4 1211760761
