4149.21 -16089.9 1212628108
3211.41 -15624.2 1212628158
2910.92 -14128.6 1212628219
2599.79 -12627.2 1212628265
2813.42 -11138.9 1212628314
3849.61 -10041.8 1212628358
4122.62 -8576.45 1212628410
3859.36 -7109.74 1212628461
3598.76 -5637.19 1212628524
3119.22 -4217.93 1212628568
2504.95 -2840.84 1212628627
1228.54 -3158.91 1212628681
899.69 -3179 1212628741
120.55 -3156.68 1212628801
-54.0701 -3190.16 1212628861
-325.307 -3369.83 1212628922
-413.06 -3474.74 1212628971
-413.06 -3473.62 1212628973
-413.06 -3473.62 1212629010
-412.173 -3475.85 1212629063
-413.06 -3469.16 1212629130
-413.06 -3466.92 1212629152
-772.936 -4092.96 1212629331
-1303.89 -4139.82 1212629386
-1467.87 -4095.19 1212629454
-1479.39 -4008.15 1212629631
-1161.18 -4316.13 1212629809
-1585.76 -5327.03 1212629868
-2041.37 -11660.7 1212630104
