4207.71 -16067.7 1212778304
3284.98 -15872.7 1212778324
2623.73 -12905.9 1212778427
2674.25 -11398.7 1212778484
4109.32 -9550.03 1212778546
4021.57 -8042.22 1212778596
3766.29 -6575.41 1212778638
3385.14 -5083.8 1212778684
2960.56 -3656.64 1212778729
3234.45 -2184.58 1212778784
3938.25 -875.241 1212778836
3736.15 607.365 1212778886
3488.85 1586.61 1212778946
3650.17 1735.13 1212779006
3651.06 1780.91 1212779072
3831 2090.24 1212779127
3302.71 2590.55 1212779188
3131.63 2760.3 1212779248
3008.42 2870.87 1212779309
2834.69 2778.17 1212779368
2813.42 2770.35 1212779488
2786.82 2794.92 1212779524
2782.39 2773.7 1212779543
2782.39 2771.47 1212779545
2934.85 2573.79 1212779604
2695.53 1763.05 1212779673
2675.14 273.532 1212779713
2827.6 -1231.34 1212779771
2528.88 -2712.5 1212779828
3077.56 -4147.63 1212779883
3567.74 -5569.13 1212779926
