4516.18 -16112.2 1211220877
4177.58 -16050.9 1211220923
4049.05 -16225.9 1211221034
4047.28 -16188 1211221116
4042.85 -16194.7 1211221154
4042.85 -16193.6 1211221214
4035.75 -16172.4 1211221275
4032.21 -16172.4 1211221339
4032.21 -16171.3 1211221345
3421.48 -16033.1 1211221401
2995.13 -14596.7 1211221460
2633.48 -13141.1 1211221514
2582.95 -11609.4 1211221563
3550.01 -10423.1 1211221614
4195.3 -9083.89 1211221669
3932.05 -7551.46 1211221710
3656.38 -6013.16 1211221760
3261.05 -4826.06 1211221813
2850.64 -3338.59 1211221853
3388.69 -1935.68 1211221913
3869.11 -523.593 1211221957
3455.17 913.297 1211222011
3659.92 1755.23 1211222067
4042.85 2141.61 1211222127
4189.99 2300.19 1211222156
4230.76 3226.03 1211222214
3940.02 3647.1 1211222275
3778.7 3817.99 1211222340
3487.08 4060.38 1211222395
3456.05 3908.47 1211222470
3478.21 3752.09 1211222523
3460.48 3745.39 1211222557
3456.94 3736.45 1211222612
3456.94 3736.45 1211222619
3456.05 3729.75 1211222675
3394.89 3662.74 1211222744
3339.93 3612.47 1211222782
3578.37 3507.48 1211222837
3351.46 3033.92 1211222892
3145.81 2826.19 1211222958
3139.61 2848.53 1211223012
3136.95 2855.23 1211223073
3136.06 2857.46 1211223133
3136.95 2854.11 1211223193
3132.52 2854.11 1211223253
3138.72 2846.3 1211223325
3143.15 2844.06 1211223384
3137.84 2849.65 1211223434
3130.75 2856.35 1211223494
3130.75 2856.35 1211223511
3088.2 2828.43 1211223572
2933.97 3013.82 1211223631
2744.28 3066.31 1211223692
2429.61 3146.73 1211223751
2435.81 3148.96 1211223784
2503.18 3143.38 1211223785
2743.39 2782.64 1211223895
2760.23 2798.27 1211223918
2754.91 2721.21 1211223973
3140.5 3047.33 1211224036
3285.86 3172.42 1211224062
3427.69 3335.48 1211224137
3573.06 3485.15 1211224181
3703.36 3647.1 1211224247
3757.43 3723.05 1211224301
3791.11 3825.81 1211224361
3791.11 3825.81 1211224386
3791.11 3825.81 1211224416
3457.82 4269.26 1211224477
3053.63 4840.07 1211224537
2821.39 5085.84 1211224607
2277.15 5129.41 1211224658
1731.13 5044.51 1211224723
1344.66 5167.39 1211224840
1349.09 5117.12 1211224856
1768.36 4908.22 1211224983
1794.06 4245.8 1211225094
1853.45 3859.32 1211225154
1846.36 3746.51 1211225186
1633.62 3444.94 1211225266
1636.28 3389.09 1211225336
1635.4 3391.33 1211225386
1632.74 3386.86 1211225451
1633.62 3386.86 1211225505
1638.94 3398.03 1211225566
1551.19 3326.55 1211225625
1211.7 3264 1211225685
790.664 3200.34 1211225753
125.868 3088.65 1211225825
-59.3884 2952.39 1211225866
-58.502 2947.93 1211225928
232.235 3006 1211225996
928.941 3122.16 1211226048
1200.18 3161.25 1211226114
1475.85 3208.16 1211226174
1798.49 3336.6 1211226230
1739.11 3711.88 1211226290
1661.1 3853.74 1211226348
1649.58 3853.74 1211226401
1650.47 3853.74 1211226463
1650.47 3853.74 1211226486
1574.24 3734.22 1211226566
1640.72 3434.88 1211226598
1648.69 3552.16 1211226659
1856.11 3686.19 1211226719
1864.09 3685.08 1211226745
2090.12 3495.2 1211226805
2259.42 3538.76 1211226875
2336.54 3557.75 1211226903
2700.84 3499.67 1211226968
2864.83 3500.78 1211227023
3200.77 3625.88 1211227084
3485.3 3733.1 1211227149
3635.1 3825.81 1211227182
3642.19 3822.46 1211227251
3643.08 3819.11 1211227260
3708.67 3637.05 1211227314
3537.6 3476.21 1211227389
3475.55 3386.86 1211227439
3260.16 3194.75 1211227499
2903.83 3017.17 1211227567
2620.18 3061.85 1211227625
2627.27 2836.24 1211227682
2844.44 3014.94 1211227738
3185.7 3518.65 1211227852
3293.84 3593.49 1211227913
3432.12 3848.15 1211227977
3535.83 3727.52 1211228033
3476.44 3768.85 1211228105
3474.67 3744.27 1211228158
3483.53 3743.16 1211228222
3614.72 3639.28 1211228276
3506.58 3733.1 1211228325
3441.87 3669.44 1211228353
3240.66 3441.59 1211228418
2975.63 3293.04 1211228473
2695.53 3249.48 1211228543
2474.81 3242.78 1211228597
2465.95 3253.95 1211228654
2464.18 3256.18 1211228665
2267.4 3227.14 1211228729
1978.43 3127.74 1211228785
2254.1 3155.66 1211228846
2252.33 3173.53 1211228854
2132.67 3023.87 1211228911
2103.41 3297.51 1211228972
2209.78 3564.45 1211229032
2217.76 3585.67 1211229057
2216.87 3584.55 1211229064
2200.92 3565.56 1211229119
2491.65 3575.62 1211229181
2513.81 3500.78 1211229239
2523.56 3498.55 1211229303
2526.22 3505.25 1211229314
2769.98 3520.89 1211229389
2849.76 3727.52 1211229435
3213.18 3800.12 1211229479
3230.02 4032.45 1211229541
3253.07 3969.9 1211229583
3254.84 3973.25 1211229584
3229.13 3746.51 1211229644
3061.61 3668.32 1211229705
2678.68 3570.03 1211229769
2518.25 3495.2 1211229824
2517.36 3498.55 1211229885
2521.79 3501.9 1211229946
2511.16 3510.83 1211230007
2512.93 3499.67 1211230062
2287.78 3545.46 1211230122
1980.21 3503.02 1211230183
1636.28 3451.64 1211230244
1189.54 3398.03 1211230305
1129.27 3383.51 1211230329
943.124 3869.37 1211230389
686.956 4550.75 1211230509
-280.101 4393.25 1211230569
-739.253 4321.76 1211230629
-803.96 4318.41 1211230695
-1039.74 4282.66 1211230754
-1498.89 4369.79 1211230815
-1973.11 4636.76 1211230876
-2039.59 4533.99 1211230930
-2042.25 4537.35 1211230949
-2024.52 4544.05 1211230990
-1635.4 4523.94 1211231046
-1208.16 4167.61 1211231107
-808.392 4307.24 1211231167
-507.018 4351.92 1211231228
-138.278 4407.77 1211231288
185.256 4151.97 1211231349
464.471 4122.93 1211231410
577.929 3743.16 1211231471
598.316 3556.63 1211231493
606.294 3305.32 1211231557
862.462 3327.66 1211231594
819.028 3322.08 1211231655
476.88 3469.51 1211231720
420.151 3462.81 1211231780
424.583 3463.92 1211231794
778.254 3421.48 1211231857
908.554 3221.56 1211231915
1006.94 2608.42 1211231976
1114.2 1921.62 1211232031
1134.58 1815.53 1211232092
1423.55 1814.41 1211232152
1682.38 1770.86 1211232214
2272.72 1162.29 1211232272
2403.9 1021.6 1211232331
2485.45 635.278 1211232391
2551.93 -165.231 1211232452
2821.39 -373.998 1211232525
3007.54 -622.949 1211232578
3031.47 -649.741 1211232634
3032.36 -647.509 1211232694
3035.01 -639.694 1211232747
3033.24 -636.345 1211232749
2991.58 -618.483 1211232809
2727.44 -639.694 1211232852
2593.59 -627.414 1211232872
2538.63 -444.33 1211232893
2252.33 -598.389 1211232969
2265.62 -590.575 1211233014
2260.31 -593.924 1211233074
2132.67 -653.09 1211233134
1845.47 -673.185 1211233199
1732.9 -683.232 1211233255
1747.97 -1305.01 1211233320
1607.92 -1328.45 1211233338
1381 -1342.97 1211233409
1369.48 -1474.68 1211233463
1369.48 -1474.68 1211233465
1368.59 -1474.68 1211233508
1371.25 -1470.22 1211233564
1359.73 -1178.87 1211233625
1457.23 -888.637 1211233697
1485.6 -886.404 1211233745
1526.37 -706.675 1211233789
1489.14 -361.718 1211233850
1457.23 185.331 1211233909
1325.16 368.433 1211233972
1067.22 346.103 1211234028
844.734 194.263 1211234088
875.758 -199.84 1211234160
899.69 -358.369 1211234209
897.918 -359.485 1211234269
900.577 -356.136 1211234334
894.372 -359.485 1211234394
894.372 -359.485 1211234458
897.031 -360.602 1211234494
1089.38 -349.438 1211234560
1115.97 -654.207 1211234614
1164.72 -1323.99 1211234677
1521.05 -1342.97 1211234735
1833.95 -1336.27 1211234795
2412.77 -1322.87 1211234855
2598.91 -1878.75 1211234916
2833.8 -3408.89 1211234971
3250.41 -4842.79 1211235021
3692.72 -6285.37 1211235067
3956.86 -7762.27 1211235116
4174.92 -9284.62 1211235169
3928.5 -9885.68 1211235201
2920.67 -11009.6 1211235241
2574.98 -12471.2 1211235292
2814.3 -13945.8 1211235343
3101.49 -15426.9 1211235390
3958.64 -16247 1211235449
4067.66 -16127.8 1211235488
4069.44 -16118.9 1211235548
4045.5 -16092.2 1211235606
3934.7 -16077.7 1211235619
3247.75 -15659.8 1211235679
2955.24 -14183.2 1211235752
2607.77 -12709.7 1211235791
3789.34 -10108.7 1211235900
4131.48 -8653.41 1211235937
3862.91 -7157.71 1211235984
3603.19 -5670.66 1211236030
3310.68 -4937.63 1211236055
2909.15 -3489.24 1211236103
3298.27 -2095.29 1211236163
3764.52 -1130.87 1211236223
3704.24 -902.032 1211236283
3590.78 -982.407 1211236343
3595.22 -981.29 1211236403
3596.1 -982.407 1211236463
3609.4 -986.872 1211236523
3613.83 -973.476 1211236583
3612.06 -972.36 1211236645
3612.94 -972.36 1211236705
3615.6 -974.593 1211236766
3615.6 -975.709 1211236831
3615.6 -972.36 1211236886
3614.72 -971.244 1211236947
3612.94 -972.36 1211237011
3612.94 -973.476 1211237066
3612.94 -975.709 1211237132
3612.94 -972.36 1211237186
3612.94 -973.476 1211237208
3616.49 -969.011 1211237272
3616.49 -974.593 1211237327
3614.72 -971.244 1211237387
3614.72 -971.244 1211237448
3618.26 -974.593 1211237509
3616.49 -973.476 1211237569
3617.38 -973.476 1211237635
3616.49 -973.476 1211237695
3616.49 -973.476 1211237750
3614.72 -972.36 1211237821
3614.72 -973.476 1211237850
3612.94 -974.593 1211237915
3613.83 -975.709 1211237975
3614.72 -974.593 1211238032
3614.72 -974.593 1211238090
3615.6 -973.476 1211238150
3616.49 -973.476 1211238226
3616.49 -973.476 1211238252
3616.49 -970.127 1211238316
3616.49 -971.244 1211238367
3616.49 -972.36 1211238427
3615.6 -972.36 1211238487
3619.15 -972.36 1211238547
3620.03 -973.476 1211238607
3619.15 -972.36 1211238667
3619.15 -973.476 1211238732
3618.26 -972.36 1211238787
3618.26 -973.476 1211238841
3618.26 -973.476 1211238901
3618.26 -972.36 1211238966
3618.26 -972.36 1211239022
3615.6 -973.476 1211239088
3617.38 -973.476 1211239143
3617.38 -973.476 1211239204
3615.6 -972.36 1211239264
3615.6 -972.36 1211239325
3615.6 -972.36 1211239396
3615.6 -972.36 1211239445
3616.49 -973.476 1211239505
3616.49 -973.476 1211239565
3615.6 -973.476 1211239634
3616.49 -973.476 1211239688
3615.6 -973.476 1211239746
3612.94 -972.36 1211239806
3615.6 -973.476 1211239871
3615.6 -973.476 1211239927
3614.72 -973.476 1211239987
3613.83 -973.476 1211240047
3613.83 -973.476 1211240108
3614.72 -974.593 1211240168
3613.83 -973.476 1211240229
3613.83 -973.476 1211240289
3614.72 -972.36 1211240350
3614.72 -971.244 1211240410
3614.72 -970.127 1211240470
3614.72 -971.244 1211240530
3617.38 -976.825 1211240590
3614.72 -974.593 1211240651
3614.72 -973.476 1211240711
3612.94 -970.127 1211240771
3613.83 -970.127 1211240831
3614.72 -971.244 1211240891
3614.72 -972.36 1211240952
3613.83 -973.476 1211241012
3613.83 -973.476 1211241072
3613.83 -973.476 1211241132
3613.83 -975.709 1211241192
3614.72 -974.593 1211241252
3613.83 -975.709 1211241312
3613.83 -973.476 1211241372
3613.83 -973.476 1211241432
3614.72 -974.593 1211241493
3615.6 -973.476 1211241558
3614.72 -973.476 1211241613
3614.72 -973.476 1211241685
3613.83 -972.36 1211241734
3612.06 -967.895 1211241795
3616.49 -970.127 1211241855
3612.06 -970.127 1211241919
3611.17 -969.011 1211241975
3614.72 -975.709 1211242035
3610.28 -971.244 1211242095
3616.49 -970.127 1211242155
3612.94 -972.36 1211242215
3616.49 -973.476 1211242275
3615.6 -973.476 1211242337
3614.72 -973.476 1211242397
3614.72 -975.709 1211242458
3615.6 -974.593 1211242518
3617.38 -975.709 1211242579
3614.72 -970.127 1211242639
3618.26 -976.825 1211242699
3612.94 -969.011 1211242759
3620.03 -972.36 1211242819
3618.26 -969.011 1211242879
3614.72 -965.662 1211242911
3619.15 -972.36 1211242981
3620.03 -969.011 1211243031
3619.15 -969.011 1211243055
3614.72 -963.43 1211243115
3613.83 -973.476 1211243175
3613.83 -969.011 1211243237
3620.92 -965.662 1211243297
3614.72 -981.29 1211243358
3614.72 -980.174 1211243418
3613.83 -975.709 1211243479
3612.94 -985.756 1211243543
3614.72 -980.174 1211243599
3613.83 -982.407 1211243659
3615.6 -980.174 1211243719
3613.83 -977.942 1211243779
3614.72 -977.942 1211243840
3616.49 -982.407 1211243900
3616.49 -981.29 1211243960
3615.6 -980.174 1211244021
3615.6 -965.662 1211244086
3615.6 -965.662 1211244141
3607.63 -986.872 1211244247
3579.26 -1013.66 1211244302
3579.26 -1013.66 1211244352
3578.37 -1012.55 1211244417
3578.37 -1012.55 1211244486
3579.26 -1012.55 1211244548
3578.37 -1005.85 1211244611
3581.92 -1005.85 1211244652
3580.15 -1008.08 1211244713
3578.37 -1011.43 1211244781
3578.37 -1017.01 1211244919
3577.49 -1017.01 1211244957
3581.03 -1012.55 1211245019
3574.83 -1013.66 1211245077
3578.37 -1014.78 1211245137
3579.26 -1011.43 1211245197
3421.48 -1161.01 1211245341
2679.57 -1164.36 1211245377
2453.54 -950.034 1211245442
2408.33 -471.123 1211245498
2563.45 -512.429 1211245558
2563.45 -512.429 1211245620
2574.98 -505.731 1211245678
2568.77 -509.08 1211245744
2567 -507.964 1211245801
2566.11 -506.847 1211245858
2568.77 -503.498 1211245919
2560.79 -519.127 1211245989
2568.77 -515.778 1211246047
2572.32 -503.498 1211246105
2569.66 -504.615 1211246174
2567 -509.08 1211246220
2565.23 -515.778 1211246284
2565.23 -512.429 1211246342
2573.2 -499.033 1211246402
2576.75 -442.098 1211246463
2531.54 189.797 1211246524
2486.34 762.563 1211246584
2467.72 1011.56 1211246645
2465.95 1013.79 1211246705
1994.39 1051.75 1211246770
1537.89 1346.54 1211246825
1488.26 1555.35 1211246885
1437.73 1780.91 1211246962
1365.93 2312.47 1211247013
1329.59 2531.36 1211247068
1260.45 2924.47 1211247131
1170.93 3530.94 1211247189
1050.38 4273.72 1211247250
1000.74 4594.32 1211247310
1088.49 4911.57 1211247361
1946.52 4747.36 1211247482
1958.05 4736.18 1211247522
1966.91 4731.72 1211247532
2219.53 4510.54 1211247585
2338.31 4413.35 1211247644
2607.77 4175.43 1211247704
2642.34 4135.21 1211247769
2760.23 4033.57 1211247829
2893.19 3767.73 1211247884
2836.46 3778.9 1211247944
2743.39 3902.88 1211247997
2787.71 4034.69 1211248046
3100.61 4097.24 1211248106
3200.77 4164.26 1211248166
3170.63 4323.99 1211248226
3207.86 4527.29 1211248287
3018.17 4885.88 1211248347
2866.6 5040.04 1211248408
2668.05 5196.44 1211248448
2369.33 5353.96 1211248503
2069.73 5410.93 1211248563
1777.22 5379.65 1211248637
1773.68 5379.65 1211248649
1374.8 5305.92 1211248787
1349.98 5299.21 1211248845
1350.87 5304.8 1211248888
1350.87 5300.33 1211248963
1350.87 5299.21 1211249012
1350.87 5299.21 1211249091
1354.41 5318.21 1211249262
1342 5296.98 1211249378
1341.11 5292.51 1211249397
1342.89 5294.75 1211249528
1343.77 5298.1 1211249587
1342.89 5299.21 1211249608
1417.34 5204.26 1211249659
1511.3 5221.01 1211249677
1920.82 5283.57 1211249751
2001.48 4787.57 1211249806
2013.89 4722.78 1211249860
2052 4465.85 1211249926
2112.28 4102.82 1211249984
2270.94 3859.32 1211250036
2286.01 3530.94 1211250097
2208.89 3593.49 1211250157
2209.78 3593.49 1211250158
2233.71 3519.77 1211250218
2236.37 3522 1211250278
2236.37 3522 1211250281
2355.15 3562.21 1211250342
2628.16 3595.72 1211250424
2950.81 3525.35 1211250462
2929.53 3582.32 1211250527
2939.28 3537.64 1211250582
2925.99 3357.82 1211250642
2727.44 3313.14 1211250767
2584.73 3281.87 1211250832
2262.97 3200.34 1211250883
2287.78 3018.29 1211250942
2436.7 2935.64 1211251002
2436.7 2909.96 1211251027
2704.39 2989.25 1211251089
2597.14 3076.37 1211251137
2471.27 3032.81 1211251196
1959.82 2968.03 1211251264
1521.05 2898.79 1211251316
1265.77 2922.24 1211251375
1151.43 3605.77 1211251435
1100.9 3934.16 1211251509
983.898 4664.69 1211251615
800.414 4787.57 1211251680
377.604 4662.46 1211251735
-126.754 4531.76 1211251796
-277.441 4508.3 1211251862
-459.152 4477.02 1211251917
-518.541 4577.56 1211251971
-517.654 4577.56 1211251973
-798.641 4507.19 1211252033
-601.862 4454.68 1211252102
-379.377 4488.2 1211252154
-136.505 4528.41 1211252217
258.827 4592.08 1211252279
698.479 4663.57 1211252334
915.645 4699.32 1211252378
1497.12 5171.86 1211252560
1347.32 5296.98 1211252630
1346.43 5298.1 1211252687
1346.43 5298.1 1211252742
1346.43 5298.1 1211252801
1346.43 5299.21 1211252871
1346.43 5299.21 1211252931
1346.43 5295.86 1211253125
1346.43 5295.86 1211253167
1348.21 5291.39 1211253228
1345.55 5300.33 1211253287
1349.98 5288.04 1211253416
1349.98 5288.04 1211253465
1349.98 5289.16 1211253536
1349.98 5289.16 1211253607
1448.37 5197.55 1211253619
1760.38 5256.76 1211253678
1972.23 4984.18 1211253745
2175.21 4564.16 1211253812
2364.9 4396.6 1211253860
2560.79 4222.34 1211253919
2881.67 3891.71 1211253989
2902.06 3728.64 1211254043
2883.44 3606.89 1211254101
2905.6 3615.83 1211254130
2855.96 3325.43 1211254185
2572.32 3266.23 1211254246
2252.33 3241.66 1211254307
2293.99 2970.26 1211254373
2236.37 2842.95 1211254415
2236.37 2842.95 1211254416
2189.39 2829.54 1211254476
2154.82 2871.98 1211254527
2169.89 2935.64 1211254652
2151.28 2908.84 1211254772
2174.33 2913.31 1211254834
2176.1 2911.07 1211255011
2184.08 2915.54 1211255069
2192.05 2897.67 1211255128
2193.83 2890.97 1211255152
2340.08 2938.99 1211255216
2425.18 3110.99 1211255278
2410.11 3355.58 1211255328
2560.79 3383.51 1211255388
2942.83 3401.38 1211255458
3181.27 3462.81 1211255515
3249.52 3581.2 1211255568
3473.78 3914.05 1211255631
3742.36 3899.53 1211255694
3769.84 3810.17 1211255722
3769.84 3810.17 1211255741
3769.84 3810.17 1211255780
3752.99 3725.29 1211255807
3551.78 3510.83 1211255864
3402.87 3307.56 1211255957
3126.31 3103.17 1211256010
2833.8 2761.42 1211256070
2380.86 2312.47 1211256130
2178.76 2141.61 1211256190
1895.11 2112.57 1211256251
1617.67 1859.08 1211256324
1402.28 2024.35 1211256372
1305.66 2659.79 1211256434
1264 2912.19 1211256492
1209.04 3248.36 1211256555
1165.61 3534.29 1211256613
1108.88 3899.53 1211256673
995.421 4579.79 1211256794
632.886 4548.52 1211256854
-39.0014 4439.05 1211256920
-483.971 4465.85 1211256975
-572.611 4462.5 1211257010
-572.611 4462.5 1211257026
-522.086 4463.62 1211257103
-284.533 4503.83 1211257156
-67.366 4538.46 1211257228
106.367 4468.09 1211257259
111.686 4449.1 1211257315
847.393 4561.92 1211257376
998.967 4492.66 1211257436
1074.31 3986.66 1211257505
1142.56 3584.55 1211257556
1076.08 3258.42 1211257618
940.465 3231.61 1211257653
1064.56 3143.38 1211257744
791.55 3201.45 1211257785
571.724 3164.6 1211257847
564.633 3169.06 1211257916
563.747 3165.71 1211257924
562.86 3163.48 1211257985
513.222 2943.46 1211258056
934.26 3006 1211258105
1228.54 2951.28 1211258166
1232.09 3102.05 1211258206
1206.38 3252.83 1211258262
1151.43 3608.01 1211258324
1106.22 3885.01 1211258383
1584.87 4041.39 1211258454
2237.26 4155.32 1211258488
2238.15 4155.32 1211258496
2893.19 4261.44 1211258556
3114.79 4299.42 1211258622
3538.49 4109.52 1211258716
3709.56 3843.68 1211258766
3812.38 3742.04 1211258831
3774.27 3748.74 1211258892
3785.79 3740.92 1211258956
3781.36 3737.57 1211259008
3776.93 3738.69 1211259138
3797.31 3733.1 1211259189
3738.81 3681.72 1211259253
3679.42 3600.19 1211259295
3530.51 3503.02 1211259326
3417.94 3231.61 1211259395
3188.36 2847.41 1211259451
3024.38 2679.89 1211259511
2641.46 2510.14 1211259571
2462.4 2650.85 1211259626
2642.34 2844.06 1211259686
2769.98 2846.3 1211259727
2767.32 2842.95 1211259743
2746.05 2819.49 1211259755
2727.44 2780.4 1211259804
2729.21 2780.4 1211259864
2710.59 2733.5 1211259935
2897.62 2567.09 1211259995
3072.24 2425.26 1211260055
3299.16 2204.15 1211260121
3667.01 1831.16 1211260178
3665.24 1833.4 1211260252
4058.8 1577.68 1211260308
4110.21 946.794 1211260358
4113.76 851.887 1211260427
4117.3 767.029 1211260433
3529.62 799.409 1211260487
3268.14 1052.87 1211260514
3090.86 1380.03 1211260577
3570.4 1844.56 1211260642
3570.4 1842.33 1211260673
3242.43 1533.01 1211260717
2632.59 1686 1211260777
2213.33 2106.99 1211260843
1908.41 2120.39 1211260908
1608.81 1816.65 1211260968
1198.41 1431.4 1211261023
895.258 1124.33 1211261081
740.139 972.475 1211261138
599.203 851.887 1211261205
5.31837 808.341 1211261260
-23.0463 802.758 1211261297
-21.2735 801.642 1211261368
-22.1599 801.642 1211261402
-30.1374 800.525 1211261475
-53.1837 799.409 1211261486
-65.5932 797.176 1211261496
-128.527 791.593 1211261498
-26.5918 798.292 1211261562
39.8877 331.589 1211261619
46.0925 207.66 1211261683
-228.69 61.4043 1211261803
-776.482 -44.6574 1211261866
-661.25 -279.105 1211261935
-665.682 -1025.94 1211261981
-797.755 -1453.47 1211262042
-1399.62 -1607.51 1211262112
-1880.04 -1499.24 1211262172
-2067.96 -1454.59 1211262232
-2457.09 -1802.85 1211262301
-3570.4 -1308.36 1211262517
-3617.38 -463.309 1211262580
-3847.84 1326.44 1211262695
-3093.52 1449.27 1211262753
-2531.54 1495.05 1211262818
-1636.28 1345.42 1211262943
-1596.4 1045.05 1211263008
-1580.44 943.445 1211263097
-1579.55 943.445 1211263135
-1578.67 943.445 1211263157
-1578.67 943.445 1211263164
-1579.55 940.095 1211263183
-1577.78 943.445 1211263209
-1579.55 945.678 1211263221
-1427.1 915.531 1211263271
-1238.29 1062.92 1211263345
-1013.15 1102 1211263391
-429.015 1190.21 1211263451
-297.829 1418 1211263512
124.982 1505.1 1211263572
244.645 1777.56 1211263633
222.485 1930.55 1211263665
522.086 1994.2 1211263746
479.539 2275.62 1211263806
300.488 2390.64 1211263873
283.646 2391.76 1211263922
238.44 2711.16 1211263982
221.599 2912.19 1211264042
478.653 3038.39 1211264102
1202.84 3157.9 1211264163
1700.1 3271.82 1211264226
2233.71 3333.25 1211264284
2371.11 3437.12 1211264345
2230.17 3517.54 1211264405
2238.15 3520.89 1211264465
2241.69 3518.65 1211264504
2241.69 3518.65 1211264505
2241.69 3518.65 1211264506
2358.7 3527.59 1211264566
2407.45 3298.62 1211264628
2433.15 3240.54 1211264680
2455.31 3036.16 1211264739
2457.97 2924.47 1211264801
2452.65 2825.08 1211264859
2629.05 2927.82 1211264924
2512.93 2739.08 1211264990
2439.36 2698.88 1211265055
2183.19 2790.45 1211265105
2130.89 2860.81 1211265146
2229.28 2835.13 1211265210
2223.96 2827.31 1211265224
2214.21 2820.61 1211265274
2195.6 2783.75 1211265314
2231.05 2845.18 1211265379
2203.58 2936.76 1211265443
2215.99 2964.68 1211265494
2200.03 2909.96 1211265565
2187.62 2951.28 1211265621
2220.42 2987.02 1211265678
2196.49 2968.03 1211265738
2188.51 2970.26 1211265799
2195.6 2970.26 1211265860
2197.37 2954.63 1211265921
2203.58 2985.9 1211265981
2206.24 3000.42 1211266047
2203.58 2997.07 1211266101
2200.03 2989.25 1211266161
2198.26 2985.9 1211266221
2199.14 2983.67 1211266281
2201.8 2999.3 1211266341
2202.69 2978.08 1211266401
2200.03 2941.23 1211266466
2198.26 2949.04 1211266522
2198.26 2959.1 1211266582
2199.14 2955.75 1211266604
2535.09 2965.8 1211266654
2623.73 2892.09 1211266714
2917.12 2611.77 1211266783
2923.33 2039.99 1211267046
2923.33 2035.52 1211267055
2445.56 2313.59 1211267056
2450.88 2321.4 1211267098
2282.47 2436.43 1211267158
2076.82 2555.93 1211267211
1513.96 2453.18 1211267270
1210.81 2423.03 1211267331
720.639 2338.16 1211267392
486.631 2302.42 1211267444
343.035 2280.08 1211267460
-345.694 2167.29 1211267522
-1683.26 1960.7 1211267639
-2012.12 1918.27 1211267697
-2352.49 2543.64 1211267853
-2542.18 2780.4 1211267913
-2957.9 2732.38 1211267974
-3423.26 2846.3 1211268034
-3141.38 2913.31 1211268095
-3080.22 2513.49 1211268155
-2170.78 2609.53 1211268276
-2098.98 2853 1211268330
-1677.06 2915.54 1211268391
-1037.97 3017.17 1211268450
-507.904 3117.69 1211268510
-2.65918 3183.58 1211268565
265.032 3204.8 1211268630
487.517 3243.9 1211268696
483.971 3257.3 1211268746
483.971 3264 1211268774
485.744 3265.12 1211268858
486.631 3259.53 1211268912
486.631 3259.53 1211268914
863.348 3323.19 1211268975
1027.33 3351.12 1211269009
1084.95 3358.94 1211269074
1340.23 3298.62 1211269134
1421.78 2813.91 1211269196
1459.89 2573.79 1211269249
1330.48 2525.77 1211269317
1443.05 2693.29 1211269369
1312.75 2564.86 1211269430
1327.82 2442.01 1211269490
1398.73 2046.69 1211269551
1565.37 1955.12 1211269611
1702.76 1931.67 1211269672
2038.71 2254.4 1211269737
1973.11 2325.87 1211269793
