3213.18 -15652 1211359820
3877.09 -9990.5 1211360029
4112.87 -8531.84 1211360064
3796.43 -6763.94 1211360127
3490.62 -5264.55 1211360174
2985.38 -3799.47 1211360224
2453.54 -2403.34 1211360273
2895.85 -982.407 1211360323
2732.75 509.112 1211360377
2629.05 1684.88 1211360437
2312.6 1435.87 1211360497
2366.67 1759.7 1211360558
3003.99 2388.41 1211360618
3300.93 2197.45 1211360678
3784.02 2055.62 1211360738
4012.71 2280.08 1211360798
3705.13 1842.33 1211360858
3382.48 1008.21 1211360907
3828.34 -433.167 1211360956
3821.25 -1117.48 1211361014
3600.53 -983.523 1211361070
3555.33 -1147.62 1211361131
2997.79 -1194.5 1211361190
2415.42 -1303.9 1211361250
1833.06 -1319.52 1211361310
1565.37 -1197.85 1211361370
1505.98 -532.524 1211361430
1291.48 -322.644 1211361499
1228.54 458.869 1211361550
1182.45 1051.75 1211361611
1158.52 1355.47 1211361671
1307.43 1668.13 1211361733
1294.14 1778.68 1211361793
1264 2315.82 1211361855
1373.91 2544.76 1211361914
1567.15 2800.51 1211361980
1404.94 2961.33 1211362035
1357.96 3274.05 1211362096
1332.25 3490.73 1211362156
1423.55 3731.99 1211362217
2296.65 4166.49 1211362338
2689.32 4193.3 1211362398
2682.23 4198.88 1211362459
2685.78 4194.42 1211362519
2680.46 4211.17 1211362581
2684 4204.47 1211362645
2680.46 4188.83 1211362709
2672.48 4186.6 1211362760
2675.14 4187.71 1211362821
2679.57 4200 1211362881
2676.91 4186.6 1211362942
2679.57 4187.71 1211362994
2479.25 4292.71 1211363055
2397.7 4300.53 1211363115
2382.63 4296.06 1211363145
2420.74 4026.87 1211363205
2433.15 3690.66 1211363269
2072.39 3614.71 1211363330
1924.36 3398.03 1211363387
1963.36 3167.95 1211363447
2144.19 3102.05 1211363508
2149.51 3106.52 1211363541
2150.39 3105.4 1211363542
2246.12 3057.38 1211363602
2165.46 2993.72 1211363662
1529.03 2897.67 1211363722
1264.88 2849.65 1211363782
1323.39 2446.48 1211363843
1382.78 2038.87 1211363903
1435.07 1374.45 1211363963
1358.84 940.095 1211364023
1357.07 925.58 1211364084
1351.75 918.88 1211364144
1354.41 921.113 1211364210
1354.41 919.997 1211364265
1401.39 675.473 1211364326
1236.52 532.558 1211364369
1244.5 186.447 1211364429
1451.03 79.2675 1211364490
1486.48 -417.537 1211364550
1519.28 -868.543 1211364610
1553.85 -1294.97 1211364670
1412.91 -1584.07 1211364730
1411.14 -1582.96 1211364745
1314.52 -2023.85 1211364801
1394.3 -2267.17 1211364860
1470.53 -2407.8 1211364906
1470.53 -2407.8 1211364907
1385.43 -2446.87 1211364967
1097.36 -2406.69 1211365027
1134.58 -2141.05 1211365087
1180.68 -2052.87 1211365097
1372.14 -1692.35 1211365158
1372.14 -1686.76 1211365218
1529.92 -1377.57 1211365283
1551.19 -1043.8 1211365338
1496.23 -455.494 1211365398
1453.69 99.3636 1211365458
1447.48 173.05 1211365479
1256.02 177.516 1211365540
1254.25 55.8221 1211365600
1185.11 41.3083 1211365661
1184.22 43.5412 1211365730
1185.11 42.4248 1211365774
1185.11 43.5412 1211365817
1180.68 49.1234 1211365876
1340.23 181.981 1211365931
1394.3 861.936 1211365993
1492.69 1386.73 1211366087
1861.43 1796.55 1211366147
2114.05 2038.87 1211366208
2383.51 2313.59 1211366268
2763.78 2698.88 1211366329
2972.08 2903.25 1211366390
2953.47 3182.47 1211366451
3113.9 3344.42 1211366487
3122.77 3338.83 1211366509
3122.77 3337.71 1211366510
3264.59 3370.1 1211366570
3276.11 3354.47 1211366574
3480.87 3785.6 1211366635
3400.21 3771.08 1211366700
3362.98 3744.27 1211366760
3362.98 3771.08 1211366801
3289.41 3699.6 1211366838
3253.07 3660.5 1211366954
3251.29 3619.18 1211367014
3250.41 3615.83 1211367021
3143.15 3679.49 1211367081
2731.87 3886.13 1211367142
2690.21 4116.23 1211367202
2155.71 4139.68 1211367259
1395.18 4019.05 1211367319
886.394 4230.16 1211367379
583.248 4433.46 1211367439
557.542 4470.32 1211367458
556.656 4468.09 1211367470
554.883 4478.14 1211367530
547.792 4525.06 1211367543
776.482 4884.76 1211367604
1351.75 4979.71 1211367664
1739.11 5045.62 1211367724
1578.67 5130.52 1211367785
1326.93 5265.7 1211367848
1516.62 5128.29 1211367909
1935.89 4764.11 1211367964
2319.69 4423.41 1211368024
2337.42 4411.12 1211368048
2387.06 4193.3 1211368109
1324.27 4012.35 1211368169
1109.77 3977.72 1211368230
1131.04 3622.53 1211368290
1188.65 3284.1 1211368352
1322.5 2453.18 1211368413
1382.78 2044.45 1211368473
1456.35 1622.35 1211368510
1585.76 961.31 1211368566
1810.02 485.665 1211368641
1830.4 223.291 1211368692
1855.22 -129.506 1211368747
2062.64 -484.52 1211368812
2302.85 -465.542 1211368876
2480.13 -449.912 1211368924
2480.13 -449.912 1211368926
2663.62 -1145.39 1211368986
2873.69 -1207.9 1211369046
3746.79 -1023.71 1211369108
3570.4 -971.244 1211369168
3568.62 -976.825 1211369203
3576.6 -975.709 1211369253
3661.7 -979.058 1211369313
3659.04 -965.662 1211369373
3659.92 -966.778 1211369433
3655.49 -966.778 1211369493
3658.15 -967.895 1211369553
3660.81 -969.011 1211369614
3660.81 -969.011 1211369662
3659.92 -967.895 1211369722
3661.7 -967.895 1211369782
3661.7 -967.895 1211369842
3661.7 -967.895 1211369902
3660.81 -967.895 1211369962
3661.7 -967.895 1211370022
3660.81 -969.011 1211370082
3660.81 -969.011 1211370142
3661.7 -969.011 1211370203
3661.7 -969.011 1211370263
3661.7 -967.895 1211370324
3658.15 -966.778 1211370385
3658.15 -967.895 1211370451
3659.04 -967.895 1211370510
3659.92 -969.011 1211370568
3659.92 -969.011 1211370631
3659.04 -965.662 1211370691
3659.04 -965.662 1211370749
3661.7 -973.476 1211370810
3662.58 -972.36 1211370876
3661.7 -971.244 1211370930
3660.81 -965.662 1211370990
3660.81 -972.36 1211371050
3660.81 -969.011 1211371111
3659.92 -969.011 1211371171
3659.92 -972.36 1211371231
3659.92 -969.011 1211371284
3659.04 -967.895 1211371344
3663.47 -973.476 1211371404
3659.92 -967.895 1211371464
3662.58 -973.476 1211371524
3665.24 -975.709 1211371584
3664.35 -971.244 1211371644
3660.81 -967.895 1211371704
3661.7 -971.244 1211371764
3658.15 -964.546 1211371825
3659.92 -966.778 1211371886
3660.81 -966.778 1211371912
3661.7 -966.778 1211371972
3661.7 -969.011 1211372032
3663.47 -970.127 1211372092
3661.7 -969.011 1211372152
3661.7 -970.127 1211372215
3663.47 -972.36 1211372272
3662.58 -972.36 1211372332
3662.58 -972.36 1211372346
3656.38 -965.662 1211372392
3657.26 -965.662 1211372452
3654.6 -966.778 1211372514
3653.72 -965.662 1211372573
3659.04 -967.895 1211372634
3658.15 -966.778 1211372693
3661.7 -969.011 1211372754
3663.47 -969.011 1211372813
3662.58 -967.895 1211372873
3662.58 -969.011 1211372937
3662.58 -969.011 1211372993
3659.04 -969.011 1211373055
3658.15 -969.011 1211373080
3659.04 -967.895 1211373140
3659.04 -966.778 1211373204
3659.92 -966.778 1211373264
3659.04 -963.43 1211373322
3660.81 -964.546 1211373382
3660.81 -965.662 1211373443
3659.04 -964.546 1211373504
3659.04 -964.546 1211373565
3659.04 -964.546 1211373623
3659.04 -965.662 1211373683
3659.04 -965.662 1211373744
3658.15 -965.662 1211373809
3658.15 -964.546 1211373864
3659.92 -965.662 1211373924
3659.04 -965.662 1211373989
3662.58 -960.081 1211374046
3659.92 -965.662 1211374105
3659.04 -965.662 1211374165
3659.92 -964.546 1211374230
3659.04 -964.546 1211374285
3659.92 -966.778 1211374345
3660.81 -966.778 1211374405
3659.04 -966.778 1211374465
3659.04 -965.662 1211374525
3659.04 -966.778 1211374586
3659.04 -965.662 1211374646
3659.04 -965.662 1211374706
3659.04 -966.778 1211374735
3659.04 -966.778 1211374795
3679.42 -967.895 1211374855
3737.04 -971.244 1211374915
3737.93 -966.778 1211374975
3737.93 -969.011 1211375035
3737.93 -969.011 1211375096
3739.7 -970.127 1211375156
3735.27 -955.615 1211375216
3584.58 -995.802 1211375276
3201.66 -1181.11 1211375336
2461.52 -1117.48 1211375396
2421.63 -812.727 1211375456
2421.63 -809.378 1211375516
2420.74 -812.727 1211375576
2422.52 -812.727 1211375637
2371.11 -813.843 1211375697
2075.05 -837.286 1211375759
1931.45 -849.565 1211375819
1539.67 -878.59 1211375880
1512.19 -647.509 1211375922
1508.64 -505.731 1211375958
1526.37 -893.102 1211376018
1554.74 -1323.99 1211376078
2451.77 -1319.52 1211376138
2468.61 -2141.05 1211376199
2886.1 -3576.29 1211376249
3317.77 -5029.13 1211376299
3728.18 -6509.6 1211376348
3994.98 -7997.61 1211376398
4114.64 -9511 1211376440
3260.16 -10735.3 1211376485
2545.72 -12042 1211376533
2697.3 -13551.3 1211376583
2993.35 -15050.3 1211376627
3691.83 -16278.2 1211376692
4476.29 -16172.4 1211376752
4398.29 -15859.3 1211376807
4377.02 -15855.9 1211376842
4377.02 -15855.9 1211376853
4345.11 -15868.2 1211376876
4237.85 -15966.3 1211376936
3368.3 -16122.3 1211377001
2968.53 -14655.8 1211377064
2639.68 -13190.1 1211377095
2563.45 -11705.3 1211377144
3484.42 -10507.9 1211377196
4196.19 -9209.9 1211377251
3967.5 -7728.8 1211377302
3701.58 -6248.55 1211377353
3265.48 -4811.55 1211377404
3081.11 -4096.3 1211377438
2732.75 -2795.08 1211377502
3667.9 -1613.09 1211377536
3854.04 -99.3624 1211377593
3350.57 1319.74 1211377648
3573.06 1667.01 1211377708
3675.88 1780.91 1211377768
3909 2190.74 1211377828
3925.84 2377.24 1211377888
3981.68 2534.71 1211377949
3970.16 2512.37 1211378009
3968.39 2514.61 1211378070
3974.59 2517.96 1211378129
3975.48 2513.49 1211378189
3698.04 2593.9 1211378249
3341.71 2962.45 1211378314
3195.45 2853 1211378370
3054.52 2848.53 1211378430
2871.03 3018.29 1211378495
2918.01 3190.29 1211378544
2866.6 3046.21 1211378610
2770.87 3603.54 1211378664
2704.39 4082.72 1211378740
2690.21 4187.71 1211378789
2943.72 4270.37 1211378844
2907.37 4689.27 1211378932
2907.37 4689.27 1211378933
2906.49 4693.74 1211378950
2853.3 4975.24 1211379010
2848.87 5037.8 1211379071
2437.58 5155.1 1211379131
2091.89 5158.45 1211379191
2031.62 5199.79 1211379251
1661.99 5145.05 1211379311
1369.48 4994.23 1211379371
1403.16 4786.45 1211379414
1418.23 4717.19 1211379425
1482.94 4363.09 1211379480
1914.61 4433.46 1211379540
2329.44 4414.47 1211379605
2449.11 4316.17 1211379663
2802.78 3967.67 1211379721
2915.35 3800.12 1211379781
2897.62 3562.21 1211379847
3089.08 3084.18 1211379902
3019.06 2971.38 1211379931
3019.95 2970.26 1211379932
2881.67 3076.37 1211379992
2689.32 3305.32 1211380056
2254.99 3207.04 1211380112
2190.28 3202.57 1211380120
1833.95 3163.48 1211380181
1679.72 3138.91 1211380245
1176.25 3058.5 1211380303
1178.02 3065.2 1211380329
1107.11 3049.56 1211380389
1100.9 3037.28 1211380445
1116.86 3048.44 1211380486
1123.06 3065.2 1211380550
1125.72 3059.61 1211380606
1123.95 3066.31 1211380640
1120.4 3058.5 1211380700
1120.4 3057.38 1211380736
1121.29 3057.38 1211380740
1122.18 3060.73 1211380801
1114.2 3054.03 1211380860
975.92 3014.94 1211380922
998.08 2668.72 1211381042
1063.67 2220.9 1211381117
1086.72 2104.76 1211381182
1158.52 2081.31 1211381196
1160.29 2081.31 1211381262
1160.29 2082.42 1211381316
1161.18 2089.12 1211381358
1097.36 2076.84 1211381418
1118.63 1905.98 1211381487
1099.13 1544.18 1211381538
1078.74 1546.41 1211381599
1063.67 1531.9 1211381661
1781.65 1047.29 1211381781
2231.05 1016.02 1211381841
2678.68 791.593 1211381903
2723 -231.099 1211381963
2850.64 -1240.27 1211382030
3275.23 -1182.22 1211382084
4131.48 -1124.18 1211382144
4338.01 -838.402 1211382204
4336.24 -800.447 1211382261
4326.49 -705.559 1211382266
4269.76 -525.826 1211382314
4057.03 -649.741 1211382374
4229.87 -819.425 1211382442
4358.4 -806.029 1211382490
4409.81 -730.118 1211382522
4287.49 -234.449 1211382582
4189.1 326.006 1211382643
3814.16 454.403 1211382703
3647.51 737.999 1211382764
3433.01 991.457 1211382824
3325.75 1372.22 1211382885
3205.2 1759.7 1211382945
3371.84 1926.08 1211383007
3606.74 2168.41 1211383070
3528.74 2371.66 1211383133
3182.16 2712.28 1211383195
2861.28 3047.33 1211383248
2815.19 3372.34 1211383308
2764.66 3815.76 1211383368
2847.99 4034.69 1211383438
3210.52 4109.52 1211383498
3186.59 4175.43 1211383520
3133.4 3864.9 1211383582
3159.11 3721.93 1211383637
3128.09 3376.81 1211383709
2873.69 3095.35 1211383769
2580.29 2990.37 1211383815
2647.66 2828.43 1211383877
2645 2830.66 1211383941
2672.48 2813.91 1211384030
2682.23 2813.91 1211384082
2707.05 2799.39 1211384139
2665.39 2750.25 1211384207
2669.82 2753.6 1211384249
2863.05 2573.79 1211384310
3041.22 2461 1211384347
3336.39 2167.29 1211384408
3655.49 1837.86 1211384468
3668.79 1815.53 1211384534
3511.01 1643.56 1211384565
3787.56 411.976 1211384630
3116.56 -2370.97 1211384729
2793.03 -2691.29 1211384790
2713.25 -2940.17 1211384849
2818.73 -3256 1211384914
2988.04 -3869.78 1211384969
3106.81 -4241.37 1211385036
3274.34 -4916.43 1211385090
3598.76 -5737.6 1211385165
3856.7 -7197.86 1211385207
4127.94 -8708.06 1211385261
4127.94 -8708.06 1211385273
2861.28 -14265.7 1211385468
4525.04 -16157.9 1211385694
3009.31 -14873.1 1211385856
2683.12 -13387.4 1211385913
4155.42 -9417.33 1211386051
3787.56 -6734.94 1211386141
3787.56 -6734.94 1211386156
3001.33 -3816.21 1211386257
2724.78 -2824.1 1211386301
2829.37 -2666.74 1211386363
3731.72 -1482.5 1211386416
3838.97 159.652 1211386519
3821.25 381.831 1211386588
3755.65 580.568 1211386646
3563.31 815.04 1211386700
3425.03 999.273 1211386761
3362.09 1319.74 1211386826
3233.57 1464.9 1211386902
3094.4 1646.91 1211386950
3159.11 1711.68 1211386985
3155.56 1961.82 1211387050
2886.1 2220.9 1211387114
2612.2 2507.9 1211387148
2498.75 2622.93 1211387208
2590.93 2802.74 1211387284
2693.75 2798.27 1211387393
2682.23 2804.97 1211387467
2683.12 2804.97 1211387509
2676.02 2718.98 1211387579
2676.02 2718.98 1211387684
2723.89 2826.19 1211387739
2751.37 2839.59 1211387799
2767.32 2842.95 1211387872
2748.71 2854.11 1211387920
2740.73 2840.71 1211387985
2769.98 2834.01 1211388044
2748.71 2842.95 1211388109
2684.89 2857.46 1211388160
2657.41 2895.44 1211388220
2687.55 2856.35 1211388296
2238.15 2788.22 1211388400
2672.48 2857.46 1211388460
2707.05 2825.08 1211388520
2713.25 2836.24 1211388586
2721.23 2809.44 1211388641
2705.28 2799.39 1211388705
2714.14 2789.34 1211388761
2722.12 2797.16 1211388821
2739.85 2816.14 1211388882
2781.51 2820.61 1211388942
2754.03 2834.01 1211388966
2850.64 2687.71 1211389038
2896.74 2597.25 1211389086
3189.25 2312.47 1211389146
2618.41 1678.18 1211389206
2710.59 568.287 1211389266
2897.62 -735.7 1211389333
2462.4 -2168.95 1211389397
2898.51 -3596.37 1211389440
4026.89 -8164.91 1211389593
4026.89 -8164.91 1211389609
