1419.12 -5778.88 1212264972
1482.94 -5833.55 1212265029
1672.63 -5898.25 1212265100
1672.63 -5898.25 1212265167
1389.87 -5757.68 1212265341
2730.98 -5690.74 1212265515
3007.54 -3877.59 1212265637
2458.86 -2487.05 1212265694
2851.53 -1139.8 1212265887
2905.6 -870.776 1212265942
2891.42 -504.615 1212265997
2616.64 -49.1231 1212266052
2729.21 503.529 1212266112
2258.53 1649.15 1212266235
2808.98 2203.03 1212266306
3237.11 2625.17 1212266355
3003.99 2889.85 1212266431
2933.08 2953.51 1212266482
2879.9 3003.77 1212266537
2654.75 3060.73 1212266599
2600.68 3068.55 1212266622
2281.58 3013.82 1212266695
2254.99 2975.85 1212266721
2189.39 2978.08 1212266722
2108.73 2985.9 1212266750
1858.77 2973.61 1212266827
1812.68 3240.54 1212266870
2323.24 3320.96 1212266943
2501.41 3329.9 1212266990
2777.96 3384.62 1212267050
2950.81 3412.55 1212267110
3371.84 3305.32 1212267175
3714.88 3104.29 1212267235
3970.16 3385.74 1212267287
3969.27 3389.09 1212267298
4046.39 3385.74 1212267349
4046.39 3385.74 1212267381
3930.27 3659.39 1212267444
3653.72 3991.12 1212267496
3648.4 3924.1 1212267560
3508.35 3715.23 1212267675
3263.7 3503.02 1212267735
2780.62 3281.87 1212267796
2689.32 3293.04 1212267857
2582.95 3286.34 1212267918
1891.57 3157.9 1212267978
1652.24 3137.79 1212268040
1388.09 2988.13 1212268100
1413.8 2974.73 1212268185
1513.96 3199.22 1212268210
1363.27 3298.62 1212268268
1225.88 3279.64 1212268335
1022.01 3400.26 1212268395
921.85 4013.46 1212268445
802.187 4254.74 1212268510
778.254 4254.74 1212268527
738.367 4289.36 1212268582
713.548 4426.76 1212268646
960.852 4496.01 1212268706
963.511 4494.9 1212268736
1154.97 3979.95 1212268852
1248.93 3759.91 1212268913
1287.93 3520.89 1212268977
1314.52 3413.66 1212269033
1348.21 3239.43 1212269094
1408.48 2920.01 1212269156
1420.89 2802.74 1212269214
1706.31 2813.91 1212269278
1776.33 2495.62 1212269346
1816.22 2053.39 1212269406
1712.51 1941.72 1212269457
1683.26 1974.1 1212269468
1466.98 1719.5 1212269533
1597.28 1835.63 1212269599
1992.61 1916.03 1212269649
2159.26 1777.56 1212269709
2159.26 1777.56 1212269728
2451.77 1846.8 1212269785
2334.76 1969.63 1212269846
1950.07 2173.99 1212269900
1884.47 2115.92 1212269929
1737.33 1958.47 1212269989
1105.33 1335.37 1212270101
920.964 1150.01 1212270166
531.837 769.262 1212270298
156.005 390.763 1212270343
41.6605 237.805 1212270382
54.0701 132.857 1212270389
57.6156 93.7813 1212270444
272.123 96.0143 1212270486
458.266 116.11 1212270506
654.159 16.7466 1212270594
472.448 -61.4039 1212270613
218.053 -82.616 1212270646
137.391 -90.431 1212270686
284.533 -317.062 1212270760
663.909 -413.072 1212270822
941.351 -1094.04 1212270929
959.079 -1363.06 1212270994
1302.11 -1351.9 1212271068
1709.85 -1338.5 1212271117
2671.59 -1264.83 1212271237
2444.68 -2435.71 1212271301
2978.29 -3857.5 1212271361
