-3025.26 4893.69 1212131193
-3705.13 5713.69 1212131194
-3901.02 7860.15 1212131195
-3741.47 9424.81 1212131196
-4073.87 9822.73 1212131197
-4193.53 10134.6 1212131234
-4224.56 10135.7 1212131266
-4255.58 10127.9 1212131278
-4003.84 10025.1 1212131332
-3752.11 9564.53 1212131392
-4146.55 8861.5 1212131457
-4036.64 8085.89 1212131517
-3818.59 6809.76 1212131577
-3678.54 5448.92 1212131642
-3111.24 4842.31 1212131695
-1651.35 4825.55 1212131749
-824.347 4330.69 1212131816
-499.04 4466.97 1212131870
-46.0925 4507.19 1212131932
149.801 4226.81 1212131996
443.197 4191.07 1212132050
795.096 4251.38 1212132111
1043.29 4291.6 1212132171
1315.41 4004.53 1212132231
2386.17 4186.6 1212132291
2627.27 4220.11 1212132351
2520.91 4330.69 1212132412
2380.86 4397.71 1212132472
2373.76 4317.29 1212132532
2459.74 3821.34 1212132592
2478.36 3638.16 1212132653
2539.52 3145.61 1212132700
2295.76 2974.73 1212132760
2351.6 2624.05 1212132820
2075.05 2290.14 1212132881
1821.54 2037.75 1212132943
1349.09 1582.15 1212133001
1160.29 1383.38 1212133061
1170.93 1103.12 1212133108
1217.91 597.316 1212133169
1234.75 530.325 1212133230
1566.26 549.306 1212133288
1606.15 734.649 1212133358
1513.08 1450.38 1212133409
1261.34 1979.68 1212133475
1199.29 2354.91 1212133539
1083.17 3076.37 1212133596
975.034 3783.37 1212133650
742.799 4350.8 1212133720
161.324 4256.97 1212133770
-217.167 4303.88 1212133831
-213.621 4301.65 1212133888
-214.507 4302.77 1212133955
-214.507 4302.77 1212133958
-154.233 4310.59 1212134023
-3.54558 4241.33 1212134082
284.533 4168.73 1212134137
616.044 4223.46 1212134197
900.577 4267.02 1212134257
1023.79 4287.13 1212134317
1210.81 4124.04 1212134377
1233.86 4000.06 1212134438
1574.24 4042.5 1212134497
2382.63 4183.25 1212134559
2589.16 4210.05 1212134591
2461.52 4301.65 1212134651
2464.18 4301.65 1212134662
2643.23 4145.27 1212134722
2750.48 4049.21 1212134782
3089.97 4077.13 1212134842
3117.45 4021.28 1212134862
3118.34 4025.75 1212134864
3155.56 3820.23 1212134924
3311.57 3355.58 1212134984
3295.61 2962.45 1212135044
2906.49 2988.13 1212135104
2668.05 3207.04 1212135164
2553.7 3264 1212135224
2411.88 3256.18 1212135252
1824.2 3150.08 1212135312
1682.38 3041.74 1212135345
1683.26 3040.63 1212135347
2165.46 3104.29 1212135412
2292.22 2972.5 1212135468
2397.7 2915.54 1212135503
2611.32 2858.58 1212135563
3055.4 2976.97 1212135624
3058.06 2979.2 1212135656
3058.95 2979.2 1212135663
3309.8 2978.08 1212135719
2930.42 2970.26 1212135789
3089.97 3191.4 1212135839
3018.17 2938.99 1212135905
2775.3 2987.02 1212135970
2556.36 2755.83 1212136000
2260.31 2477.75 1212136061
2041.37 2265.57 1212136125
2047.57 2259.98 1212136181
1994.39 2197.45 1212136241
1800.27 2021 1212136289
2159.26 1774.21 1212136352
2451.77 1841.21 1212136415
3050.08 2430.85 1212136469
3665.24 2822.84 1212136529
4202.4 3160.13 1212136594
5180.98 4265.91 1212136643
6064.71 5352.84 1212136699
7743.54 6442.15 1212136756
9185.71 6787.41 1212136792
10641.2 7070.11 1212136840
12075.4 7370.69 1212136891
13576 7503.67 1212136935
15022.6 7092.45 1212136998
16304.3 6277.91 1212137031
17399.9 5265.7 1212137092
18687 4446.86 1212137134
21217.6 2984.78 1212137221
22650 2649.74 1212137269
23899.9 1894.81 1212137318
25014.1 875.334 1212137366
25232.1 -667.603 1212137419
25758.6 -2059.57 1212137467
26339.2 -3424.52 1212137522
26866.6 -4831.64 1212137568
27597.9 -5681.82 1212137628
27798.2 -5925.03 1212137706
28336.3 -6231.82 1212137748
28924.8 -6700.35 1212137808
29808.6 -7748.88 1212137868
31264.9 -7773.42 1212137926
32737.2 -7667.46 1212137975
37699.2 -6689.2 1212138218
