3185.7 -15533.9 1211313392
2871.92 -13916.9 1211313440
2589.16 -12418.8 1211313481
3981.68 -9890.14 1211313598
4063.23 -9793.12 1211313658
4091.6 -9758.56 1211313718
4160.74 -9673.81 1211313773
4169.6 -9468.62 1211313833
4210.37 -9272.35 1211313893
4119.07 -8520.69 1211313953
3846.07 -7036.12 1211314011
3570.4 -5522.27 1211314060
3072.24 -4069.52 1211314112
2823.17 -2662.27 1211314173
3736.15 -1481.38 1211314211
3843.41 51.3563 1211314278
3603.19 780.428 1211314286
3674.99 1777.56 1211314349
3625.35 1904.87 1211314398
3795.54 2071.25 1211314458
3799.97 2109.22 1211314518
3865.57 2401.81 1211314579
3674.1 2621.82 1211314642
3472.01 2837.36 1211314699
3448.96 2855.23 1211314722
3302.71 2979.2 1211314785
3140.5 2841.83 1211314899
3140.5 2804.97 1211314962
3133.4 2812.79 1211315019
3135.18 2812.79 1211315042
3149.36 2754.72 1211315102
2851.53 2491.15 1211315171
2967.65 2431.96 1211315298
2967.65 2423.03 1211315336
3054.52 2463.23 1211315391
3195.45 2717.86 1211315452
2893.19 3164.6 1211315581
2560.79 3062.96 1211315632
1857.88 2908.84 1211315692
1274.64 2851.88 1211315752
1123.95 2782.64 1211315813
182.597 2708.93 1211315886
-639.09 2588.31 1211316008
-630.226 2511.25 1211316054
-630.226 2511.25 1211316069
-631.113 2511.25 1211316080
-632.886 2512.37 1211316140
-335.057 2488.92 1211316193
-346.58 2658.67 1211316253
-385.582 2801.62 1211316303
-373.172 2817.26 1211316334
-390.014 2855.23 1211316392
-316.443 3127.74 1211316452
139.164 3207.04 1211316513
873.985 3328.78 1211316573
1000.74 3346.65 1211316633
1022.01 3352.23 1211316674
1192.2 3380.16 1211316734
1185.11 3452.75 1211316768
1145.22 3635.93 1211316834
1276.41 3749.86 1211316889
1247.16 3972.13 1211316927
1244.5 3969.9 1211316935
1240.07 3968.78 1211316948
1303 4005.64 1211316985
1234.75 4023.52 1211317076
1126.61 3984.42 1211317126
970.602 3962.08 1211317171
806.619 3925.22 1211317230
511.45 3783.37 1211317290
578.816 3413.66 1211317350
269.464 3229.38 1211317411
-109.913 3172.42 1211317470
-257.941 3052.91 1211317530
-1013.15 2870.87 1211317590
-1019.35 2545.87 1211317651
-1032.65 2200.8 1211317711
-932.487 1559.81 1211317771
-1154.97 1397.9 1211317831
-1704.54 992.574 1211317891
-2339.19 671.007 1211317951
-2530.66 538.141 1211318012
-2498.75 -40.1917 1211318078
-2332.1 -935.522 1211318133
-2074.16 -1409.94 1211318192
-2452.65 -1797.27 1211318253
-2648.55 -2158.91 1211318312
-2816.08 -2314.05 1211318373
-3020.83 -2530.57 1211318434
-3040.33 -2545.08 1211318450
-3039.45 -2545.08 1211318521
-3039.45 -2545.08 1211318523
-3037.67 -2545.08 1211318553
-3195.45 -2797.32 1211318658
-3656.38 -3078.56 1211318767
-3574.83 -3243.73 1211318789
-3596.1 -3343.05 1211318853
-3596.1 -3344.17 1211318908
-3596.1 -3344.17 1211318937
-3596.1 -3344.17 1211318952
-3694.49 -3354.21 1211318992
-3565.08 -3262.7 1211319054
-3501.26 -3080.79 1211319114
-3484.42 -2966.96 1211319184
-3508.35 -2470.31 1211319234
-3547.35 -1689 1211319298
-3573.94 -1150.97 1211319358
-3596.1 -759.143 1211319428
-3594.33 -740.165 1211319481
-3576.6 -650.858 1211319538
-3740.58 -664.254 1211319601
-4077.41 -678.766 1211319655
-4601.27 -707.791 1211319717
-4800.71 -733.467 1211319775
-4805.14 -737.932 1211319836
-4802.49 -732.351 1211319896
-4801.6 -732.351 1211319963
-4801.6 -732.351 1211320022
-4801.6 -732.351 1211320037
-4769.69 -727.885 1211320079
-4469.2 -669.836 1211320142
-4502 -103.828 1211320195
-4168.71 141.789 1211320256
-3682.08 168.584 1211320317
-3681.2 166.351 1211320332
-3590.78 175.283 1211320394
-2918.01 211.01 1211320466
-2602.45 231.106 1211320513
-2437.58 240.038 1211320573
-2409.22 -87.0817 1211320633
-2408.33 -83.7324 1211320697
-2408.33 -83.7324 1211320699
-2409.22 -82.616 1211320759
-2407.45 120.576 1211320824
-2164.58 303.677 1211320870
-1972.23 372.899 1211320930
-1562.71 475.616 1211320992
-1514.85 573.869 1211321051
-1548.53 829.556 1211321079
-1565.37 1010.44 1211321105
-1219.68 1064.03 1211321165
-1154.97 1170.11 1211321205
-443.197 1352.12 1211321291
-433.447 1273.96 1211321348
-802.187 1241.57 1211321390
-870.439 1201.38 1211321450
-825.233 1131.03 1211321506
-824.347 1129.91 1211321562
-825.233 1129.91 1211321568
-751.662 1352.12 1211321613
-252.622 1438.1 1211321669
-156.892 1515.15 1211321704
-140.937 1537.48 1211321763
-137.391 1535.25 1211321827
-139.164 1528.55 1211321948
-167.529 1549.76 1211322008
-166.642 1516.26 1211322068
-157.778 1482.76 1211322133
-105.481 1458.2 1211322189
175.506 1507.33 1211322237
829.665 1612.3 1211322295
1029.1 1588.85 1211322356
1072.54 1343.19 1211322417
1968.68 1040.59 1211322477
2569.66 932.279 1211322537
2697.3 376.248 1211322599
2891.42 -871.892 1211322657
2918.01 -1197.85 1211322714
3363.87 -1168.83 1211322775
3468.46 -1162.13 1211322835
3741.47 -971.244 1211322895
3588.12 -950.034 1211322955
3590.78 -948.918 1211323021
3598.76 -961.197 1211323076
3597.88 -966.778 1211323136
3604.97 -976.825 1211323196
3604.08 -962.313 1211323256
3603.19 -963.43 1211323310
3603.19 -963.43 1211323354
3603.19 -963.43 1211323414
3603.19 -964.546 1211323474
3603.19 -965.662 1211323534
3602.31 -965.662 1211323594
3602.31 -964.546 1211323654
3602.31 -964.546 1211323719
3602.31 -963.43 1211323774
3602.31 -965.662 1211323839
3602.31 -965.662 1211323895
3601.42 -965.662 1211323960
3600.53 -965.662 1211324015
3601.42 -965.662 1211324076
3601.42 -965.662 1211324136
3602.31 -966.778 1211324196
3603.19 -965.662 1211324256
3603.19 -964.546 1211324318
3602.31 -964.546 1211324382
3603.19 -965.662 1211324444
3602.31 -966.778 1211324499
3603.19 -969.011 1211324560
3603.19 -967.895 1211324620
3603.19 -965.662 1211324680
3604.97 -964.546 1211324741
3604.08 -963.43 1211324801
3604.08 -964.546 1211324862
3603.19 -963.43 1211324922
3603.19 -964.546 1211324982
3600.53 -964.546 1211325042
3600.53 -964.546 1211325102
3603.19 -963.43 1211325163
3596.1 -958.964 1211325223
3604.08 -964.546 1211325284
3602.31 -964.546 1211325344
3603.19 -964.546 1211325405
3603.19 -964.546 1211325465
3599.65 -962.313 1211325526
3602.31 -964.546 1211325587
3603.19 -964.546 1211325647
3603.19 -963.43 1211325707
3603.19 -964.546 1211325771
3603.19 -964.546 1211325792
3604.08 -965.662 1211325852
3604.97 -965.662 1211325913
3604.97 -965.662 1211325973
3604.08 -964.546 1211326033
3604.97 -965.662 1211326073
3604.97 -964.546 1211326128
3604.97 -964.546 1211326188
3604.97 -963.43 1211326248
3604.97 -964.546 1211326313
3604.97 -965.662 1211326368
3604.97 -965.662 1211326433
3604.08 -964.546 1211326494
3604.08 -963.43 1211326549
3603.19 -963.43 1211326609
3602.31 -963.43 1211326669
3603.19 -957.848 1211326740
3604.08 -957.848 1211326789
3603.19 -958.964 1211326849
3616.49 -937.754 1211326909
3646.63 -981.29 1211326969
