3638.65 -1005.85 1211473656
3599.65 -987.988 1211473717
3576.6 -1044.92 1211473766
3573.06 -1146.5 1211473826
3260.16 -1174.41 1211473887
2674.25 -1243.62 1211473948
1991.73 -1322.87 1211474009
1711.63 -1328.45 1211474064
1542.33 -1048.27 1211474122
1532.58 -916.544 1211474154
1545.87 -881.939 1211474155
1874.72 -859.612 1211474215
1888.02 -456.611 1211474281
1842.81 116.11 1211474337
1812.68 522.51 1211474397
1785.2 856.353 1211474457
1778.99 1002.62 1211474517
2395.92 1009.32 1211474580
2769.1 1070.73 1211474634
3115.68 1403.48 1211474694
3530.51 1812.18 1211474755
3797.31 2083.54 1211474815
3739.7 2152.78 1211474873
3739.7 2152.78 1211474875
3738.81 2152.78 1211474953
3565.08 2330.34 1211474995
3558.87 2339.27 1211474999
3554.44 2361.61 1211475059
3583.69 2707.81 1211475122
3440.1 2823.96 1211475183
3245.98 2936.76 1211475255
3147.59 2809.44 1211475363
3029.7 2871.98 1211475422
2855.96 3083.07 1211475482
2856.85 3192.52 1211475502
2807.21 3473.98 1211475567
2728.32 3853.74 1211475628
2575.86 4213.41 1211475697
2279.81 4480.38 1211475742
2278.92 4481.49 1211475782
2351.6 4498.25 1211475786
1973.11 4446.86 1211475844
1763.04 4363.09 1211475884
1848.13 3893.95 1211475940
1989.07 3494.08 1211475996
2191.17 3561.1 1211476056
2245.24 3564.45 1211476121
2427.83 3575.62 1211476179
2504.95 3511.95 1211476239
2509.38 3501.9 1211476300
2501.41 3489.61 1211476360
2514.7 3487.38 1211476430
2513.81 3494.08 1211476481
2512.93 3496.31 1211476554
2515.59 3496.31 1211476602
2516.47 3495.2 1211476664
2516.47 3495.2 1211476723
2519.13 3500.78 1211476783
2520.91 3497.43 1211476843
2519.13 3500.78 1211476855
2514.7 3505.25 1211476918
2516.47 3504.13 1211476973
2515.59 3504.13 1211477002
2515.59 3503.02 1211477073
2520.02 3506.37 1211477122
2517.36 3505.25 1211477182
2517.36 3505.25 1211477243
2515.59 3503.02 1211477302
2523.56 3510.83 1211477363
2522.68 3510.83 1211477427
2516.47 3508.6 1211477483
2525.34 3522 1211477526
2745.16 3656.03 1211477586
2865.71 3593.49 1211477651
3428.57 3718.58 1211477707
3498.6 3702.95 1211477775
3625.35 3847.03 1211477801
3626.24 3849.27 1211477802
3862.91 3375.69 1211477923
3722.86 3354.47 1211477967
3150.25 2788.22 1211478047
3133.4 2791.57 1211478105
3144.04 2777.05 1211478165
3136.06 2782.64 1211478180
2934.85 2572.68 1211478235
3110.36 2130.44 1211478338
2645.89 1168.99 1211478389
2599.79 85.9662 1211478449
2784.16 -1398.78 1211478509
2597.14 -2864.28 1211478569
3111.24 -4258.1 1211478603
3589.01 -5689.63 1211478651
3851.38 -7171.09 1211478704
4112.87 -8629.99 1211478743
2774.41 -11170.2 1211478847
2585.61 -12670.7 1211478887
3027.92 -15155 1211478976
3632.44 -16296.1 1211479046
4519.73 -16137.9 1211479096
4377.02 -15857.1 1211479191
4377.02 -15857.1 1211479192
4149.21 -16071 1211479267
