3705.13 -955.615 1212102375
3709.56 -958.964 1212102406
3665.24 -952.266 1212102466
3661.7 -928.824 1212102716
3590.78 -998.035 1212102781
3573.94 -1017.01 1212102836
3574.83 -1018.13 1212102962
3480.87 -1006.97 1212103072
3289.41 -729.002 1212103132
3261.93 -321.528 1212103194
3242.43 -66.986 1212103223
3048.31 237.805 1212103284
3034.13 400.811 1212103318
2912.69 799.409 1212103372
2898.51 1059.57 1212103433
3014.63 1298.52 1212103487
2750.48 1575.45 1212103533
2580.29 1957.35 1212103599
2762.89 1951.77 1212103684
2902.94 1799.9 1212103751
3081.99 1619 1212103804
3773.38 486.782 1212103864
3895.7 -1003.62 1212103923
3162.66 -2309.59 1212103973
2919.78 -3632.08 1212104033
3361.21 -5073.76 1212104091
3739.7 -6543.06 1212104137
4046.39 -8249.67 1212104181
2569.66 -12356.4 1212104347
2799.23 -13854.4 1212104395
3078.45 -15333.3 1212104428
4508.2 -16179.1 1212104541
4509.09 -16176.8 1212104601
4509.09 -16176.8 1212104616
4544.54 -16107.8 1212104643
3289.41 -15907.2 1212104911
2939.28 -14445.1 1212104953
2619.3 -12987.3 1212105000
2632.59 -11480.1 1212105048
4187.33 -8993.55 1212105143
3928.5 -7496.8 1212105195
3666.13 -6026.55 1212105244
3486.19 -5232.19 1212105272
3005.76 -3815.1 1212105321
2811.64 -2666.74 1212105385
3737.04 -1469.1 1212105421
3843.41 29.0274 1212105471
3843.41 29.0274 1212105485
3373.62 1449.27 1212105533
3694.49 1793.2 1212105589
3690.95 2201.91 1212105650
3138.72 2752.48 1212105709
2903.83 3010.47 1212105769
2885.21 3033.92 1212105804
2959.67 3209.27 1212105874
3027.92 3181.35 1212105897
3296.5 2804.97 1212105957
3358.55 2456.53 1212106017
3308.02 2189.63 1212106077
3663.47 1816.65 1212106141
3429.46 918.88 1212106198
3860.25 -548.153 1212106259
3599.65 -1695.69 1212106311
2715.03 -2885.48 1212106377
3145.81 -4362.99 1212106419
3600.53 -5774.42 1212106463
3861.13 -7243.6 1212106517
4129.71 -8724.78 1212106561
3735.27 -10168.9 1212106612
2707.94 -11281.7 1212106675
4520.61 -16159 1212106962
4520.61 -16157.9 1212106964
4521.5 -16159 1212107001
4521.5 -16159 1212107002
4011.82 -16170.2 1212107133
4265.33 -16100 1212107224
3798.2 -16202.5 1212107249
3074.9 -15126.1 1212107309
2829.37 -13805.4 1212107371
2579.41 -12315.1 1212107406
4003.84 -9777.51 1212107511
4066.78 -8270.86 1212107564
3796.43 -6759.48 1212107617
3506.58 -5277.94 1212107669
3007.54 -3822.91 1212107729
2717.69 -2829.68 1212107789
3652.83 -1642.12 1212107826
3854.04 -140.67 1212107878
3394.89 1238.22 1212107938
3163.54 1717.26 1212107998
3393.12 1711.68 1212108058
3576.6 1862.43 1212108118
3643.97 2198.56 1212108179
3567.74 2324.75 1212108240
3330.18 2570.44 1212108271
3277.89 2687.71 1212108307
3292.96 2949.04 1212108372
3169.75 2840.71 1212108428
3009.31 2906.6 1212108492
3053.63 3070.78 1212108531
3130.75 3067.43 1212108591
3032.36 2987.02 1212108651
2635.25 2584.96 1212108711
2495.2 2438.66 1212108771
2430.49 2362.72 1212108833
2210.67 2144.96 1212108893
1786.08 1869.13 1212108953
1675.29 1948.42 1212109013
1579.55 1939.48 1212109073
1579.55 1939.48 1212109133
1453.69 1936.13 1212109168
1142.56 1818.88 1212109206
1095.58 1755.23 1212109231
1055.7 1751.88 1212109292
669.228 1692.7 1212109352
213.621 1613.41 1212109412
-305.806 1452.61 1212109472
-375.831 1202.49 1212109542
-1300.34 829.556 1212109693
-1301.23 829.556 1212109735
-1300.34 829.556 1212109820
-1842.81 646.443 1212109871
-1842.81 646.443 1212109884
-1842.81 646.443 1212109911
-2807.21 650.909 1212109922
-2832.03 649.793 1212109931
-3378.94 610.714 1212109984
-3585.47 596.2 1212110046
-3651.95 595.083 1212110087
-3968.39 502.413 1212110147
-3930.27 -144.019 1212110207
-3930.27 -144.019 1212110219
-4159.85 -480.054 1212110268
-4814.01 -516.895 1212110327
-4851.24 -516.895 1212110345
-4842.37 -523.593 1212110366
-4262.67 -488.985 1212110422
-4000.3 -631.88 1212110470
-3983.46 -680.999 1212110495
-3651.06 -662.021 1212110567
-3619.15 -368.416 1212110617
-3631.56 381.831 1212110676
-3203.43 406.394 1212110736
-2768.21 434.306 1212110801
-2716.8 506.879 1212110856
-2723 608.481 1212110920
-2619.3 423.141 1212110976
-2527.11 235.572 1212111034
-1985.52 369.549 1212111146
-1969.57 540.374 1212111230
-1585.76 494.597 1212111285
-1068.99 557.122 1212111345
-866.007 801.642 1212111409
-850.052 1114.28 1212111465
-850.052 1114.28 1212111485
-959.965 1792.08 1212111530
-1030.88 2222.01 1212111585
-1037.08 2453.18 1212111646
-981.239 2812.79 1212111705
-593.884 2879.8 1212111765
105.481 2991.48 1212111833
613.385 3212.62 1212111888
570.838 3360.05 1212111947
520.314 3765.5 1212112007
492.835 3870.49 1212112085
639.09 3898.41 1212112102
639.09 3899.53 1212112104
927.169 3948.68 1212112164
1057.47 3971.02 1212112224
2235.49 4156.44 1212112353
2425.18 3994.47 1212112406
2462.4 3844.8 1212112462
2546.61 3270.7 1212112528
2403.9 3233.84 1212112587
2410.99 3205.92 1212112596
2497.86 3144.49 1212112656
2689.32 3184.7 1212112717
2652.98 3498.55 1212112779
2445.56 3467.27 1212112838
2356.92 3459.46 1212112899
1960.7 3392.44 1212112959
1225 3269.58 1212113025
1024.67 3412.55 1212113082
260.6 4504.95 1212113269
249.963 4559.69 1212113271
-39.8877 4485.96 1212113382
332.398 3103.17 1212113605
442.311 2415.21 1212113724
512.336 1998.67 1212113787
817.256 1905.98 1212113840
830.552 1841.21 1212113893
831.438 1840.1 1212113912
1085.83 1862.43 1212113968
1280.84 1855.73 1212114015
1254.25 2019.89 1212114075
1334.02 2219.78 1212114150
1595.51 2256.63 1212114201
1647.81 2362.72 1212114235
1559.17 2871.98 1212114295
1529.03 3097.59 1212114355
1462.55 3496.31 1212114418
1410.25 3841.45 1212114483
1594.62 4049.21 1212114548
2517.36 4201.12 1212114598
2514.7 4206.7 1212114637
2526.22 4212.29 1212114649
2913.58 4260.32 1212114699
3055.4 4289.36 1212114759
3095.29 4115.11 1212114818
3058.06 3657.15 1212114872
2560.79 3602.42 1212114932
2163.69 3537.64 1212114991
1312.75 3400.26 1212115052
1022.9 3353.35 1212115111
911.213 3352.23 1212115172
466.243 3239.43 1212115234
133.846 3226.03 1212115304
-531.837 3089.77 1212115353
-997.194 3014.94 1212115413
-998.967 3016.06 1212115423
-998.967 3011.59 1212115473
-540.701 3093.12 1212115530
163.097 3192.52 1212115590
509.677 2831.78 1212115716
1095.58 2934.53 1212115770
1233.86 2928.94 1212115831
1676.17 2995.95 1212115896
2223.96 3094.23 1212115962
2422.52 3146.73 1212116018
2556.36 3339.95 1212116073
2598.91 3246.13 1212116117
2301.08 3207.04 1212116178
2286.9 3046.21 1212116248
2310.83 2819.49 1212116291
2348.95 2528.01 1212116362
2074.16 2289.02 1212116411
1086.72 1521.85 1212116596
841.188 1507.33 1212116651
441.424 1507.33 1212116711
441.424 1506.21 1212116726
455.607 1332.02 1212116797
342.148 1211.43 1212116856
637.318 1364.4 1212116907
999.853 1414.65 1212116967
1005.17 1407.95 1212117009
1499.78 1087.48 1212117080
2707.05 494.597 1212117130
2872.8 -1011.43 1212117182
2467.72 -2158.91 1212117224
2762.89 -3396.62 1212117304
2762.01 -3399.97 1212117477
2762.01 -3398.85 1212117537
2760.23 -3399.97 1212117614
2761.12 -3398.85 1212117661
2762.01 -3397.73 1212117703
3055.4 -4099.65 1212117962
3831 -7099.7 1212118047
3838.97 -10028.4 1212118137
3149.36 -15601.9 1212118327
4027.78 -16166.8 1212118396
