3733.49 -998.035 1211033206
3733.49 -996.919 1211033274
3646.63 -983.523 1211033327
3581.92 -993.57 1211033388
3577.49 -1046.04 1211033452
3230.02 -1177.76 1211033485
2374.65 -1316.17 1211033551
2122.91 -1312.83 1211033628
2115.82 -1313.94 1211033694
1772.79 -1328.45 1211033749
1712.51 -1329.57 1211033788
1560.94 -1226.87 1211033847
1560.05 -1214.59 1211033854
1094.7 -736.816 1211033975
909.441 -558.2 1211034036
876.644 -137.321 1211034096
629.34 388.53 1211034156
612.499 657.609 1211034216
595.657 860.819 1211034291
590.339 933.396 1211034318
574.384 1126.56 1211034330
583.248 936.745 1211034402
590.339 849.654 1211034451
255.282 490.131 1211034511
53.1837 126.158 1211034573
-145.369 222.174 1211034640
-620.476 211.01 1211034691
-1149.65 166.351 1211034751
-1253.36 524.743 1211034821
-1673.51 461.102 1211034871
-1981.09 362.85 1211034941
-2135.32 312.609 1211034992
-1878.27 398.578 1211035052
-1508.64 482.316 1211035112
-1525.48 685.522 1211035173
-1434.19 1008.21 1211035241
-1011.38 1100.88 1211035293
-872.212 1246.04 1211035354
-904.122 1384.5 1211035444
-862.462 1134.38 1211035468
-784.459 696.687 1211035524
-686.956 587.268 1211035585
-1116.86 550.423 1211035799
-1116.86 549.306 1211035818
-1119.52 556.005 1211035891
-1117.74 550.423 1211035956
-1149.65 550.423 1211036008
-1104.45 1083.02 1211036124
-876.644 1273.96 1211036179
-898.804 1435.87 1211036248
-982.125 1948.42 1211036309
-1041.51 2725.68 1211036360
-773.822 2842.95 1211036420
-115.231 2952.39 1211036485
156.892 3207.04 1211036549
409.514 3519.77 1211036605
334.171 3996.71 1211036660
468.903 4196.65 1211036726
468.903 4196.65 1211036754
468.903 4196.65 1211036756
585.907 4311.7 1211036816
215.394 4377.61 1211036876
-45.2061 4512.77 1211036947
-368.74 4620.01 1211037102
-368.74 4690.38 1211037127
207.416 4786.45 1211037244
374.058 4684.8 1211037280
399.764 4548.52 1211037323
437.879 4196.65 1211037417
335.057 4183.25 1211037420
180.824 4159.79 1211037443
167.529 4151.97 1211037512
299.601 4174.31 1211037534
863.348 4268.14 1211037600
1151.43 3982.19 1211037665
2232.83 4149.74 1211037721
2442.9 3879.43 1211037788
2487.22 3645.98 1211037816
2542.18 3252.83 1211037876
2545.72 3065.2 1211037892
2135.32 3080.83 1211037954
2373.76 3134.44 1211038012
2394.15 3140.03 1211038078
2409.22 3059.61 1211038133
2002.37 2924.47 1211038193
2188.51 2677.66 1211038258
2287.78 3104.29 1211038386
2422.52 3107.64 1211038394
2608.66 3185.82 1211038453
2804.55 3415.9 1211038508
2789.48 3706.3 1211038562
3260.16 3688.43 1211038620
3424.14 3793.42 1211038677
3405.53 3832.51 1211038679
3402.87 3799 1211038738
3401.1 3756.56 1211038891
3405.53 3750.98 1211038951
3424.14 3777.78 1211039012
3451.62 3826.93 1211039075
3452.51 3845.92 1211039142
3434.78 3767.73 1211039194
3465.8 3736.45 1211039245
3656.38 3185.82 1211039365
3160.88 2804.97 1211039425
3058.06 2675.42 1211039471
3054.52 2676.54 1211039524
3054.52 2677.66 1211039537
3051.86 2681.01 1211039548
2994.24 2514.61 1211039600
3229.13 2619.58 1211039659
4025.12 3415.9 1211039855
3974.59 3604.66 1211039902
3713.99 3904 1211039962
3565.96 4106.17 1211040029
3326.64 4441.28 1211040083
2916.24 4992 1211040144
2685.78 5187.5 1211040204
2586.5 5245.59 1211040298
2250.56 5371.83 1211040359
1844.59 5380.77 1211040429
1772.79 5369.6 1211040441
1761.27 5356.19 1211040474
1791.4 5166.27 1211040542
1661.99 5036.69 1211040598
1770.13 4354.15 1211040727
1854.34 3854.85 1211040773
1903.98 3527.59 1211040833
1932.34 3352.23 1211040894
1996.16 2982.55 1211040963
2150.39 2893.2 1211041015
2395.92 2968.03 1211041081
2595.36 2955.75 1211041139
2610.43 2851.88 1211041178
2752.25 2788.22 1211041238
2763.78 2790.45 1211041239
2973.85 2902.14 1211041302
2918.9 2982.55 1211041359
2845.33 3059.61 1211041422
2691.98 3153.43 1211041478
2810.76 3298.62 1211041539
2935.74 3427.07 1211041601
3051.86 3520.89 1211041645
3026.15 3774.43 1211041704
2996.9 3962.08 1211041732
2997.79 3978.84 1211041784
2784.16 3940.86 1211041861
2501.41 3895.06 1211041910
2458.86 3882.78 1211041977
2392.38 3774.43 1211042030
2426.06 3774.43 1211042080
2426.06 3774.43 1211042082
2480.13 3653.8 1211042142
2284.24 3233.84 1211042204
2407.45 3140.03 1211042264
2401.24 3134.44 1211042340
2414.54 3119.92 1211042384
2420.74 3114.34 1211042446
2422.52 3114.34 1211042505
2512.93 3110.99 1211042618
2513.81 3103.17 1211042676
2506.72 3056.26 1211042708
2373.76 3023.87 1211042773
1561.83 2895.44 1211042834
1162.06 2839.59 1211042890
678.092 2866.4 1211043010
757.867 2882.03 1211043056
779.141 2883.15 1211043058
944.01 2906.6 1211043118
1385.43 2976.97 1211043180
1403.16 2984.78 1211043193
1531.69 3102.05 1211043253
1124.83 3045.09 1211043312
1086.72 3087.53 1211043373
997.194 3539.87 1211043435
902.35 4173.19 1211043499
849.166 4522.82 1211043554
396.218 4506.07 1211043619
-264.146 4403.3 1211043677
-553.997 4356.38 1211043736
-808.392 4585.38 1211043807
-877.53 5033.33 1211043870
-1119.52 5034.45 1211043916
-1121.29 5036.69 1211043926
-1108.88 5003.17 1211044053
-915.645 4620.01 1211044108
-665.682 4441.28 1211044182
-501.699 4469.21 1211044227
-206.53 4516.12 1211044292
-44.3197 4496.01 1211044337
-93.9578 4428.99 1211044389
-197.666 4730.6 1211044555
-161.324 4531.76 1211044673
-179.052 4521.71 1211044723
416.605 4502.72 1211044844
955.533 4592.08 1211044904
947.556 4872.47 1211044969
1600.83 5018.81 1211045097
2059.98 5095.89 1211045144
2283.35 5350.6 1211045209
2247.01 5359.54 1211045225
2247.01 5359.54 1211045228
2203.58 5336.08 1211045270
2070.62 5311.5 1211045286
1506.87 5133.88 1211045382
1802.04 4875.82 1211045560
1804.7 4875.82 1211045611
1806.47 4878.06 1211045634
2089.23 4627.83 1211045720
2286.01 4456.92 1211045780
2301.08 4442.4 1211045857
2332.1 4410 1211045912
2160.14 4360.85 1211045960
1526.37 4369.79 1211046081
1029.99 4290.48 1211046143
859.803 4466.97 1211046212
841.188 4580.91 1211046268
789.777 4884.76 1211046338
674.546 4882.52 1211046365
501.699 4855.71 1211046404
448.516 4845.66 1211046407
365.195 4822.2 1211046434
192.348 4908.22 1211046465
319.988 5002.05 1211046571
259.714 4983.06 1211046639
259.714 4983.06 1211046640
255.282 4983.06 1211046700
235.781 4975.24 1211046761
328.852 4961.84 1211046821
202.098 4797.62 1211046886
-346.58 4760.76 1211047001
-322.648 4759.64 1211047034
-323.534 4760.76 1211047035
-276.555 4774.17 1211047122
-164.869 4798.74 1211047178
-229.576 4852.36 1211047242
-257.941 4876.94 1211047307
-255.282 4870.24 1211047357
-256.168 4872.47 1211047422
-256.168 4872.47 1211047478
-257.941 4878.06 1211047539
-257.941 4871.35 1211047589
-239.326 4919.39 1211047649
50.5245 4757.41 1211047709
463.584 4832.25 1211047779
851.825 4899.28 1211047831
1041.51 4928.33 1211047889
1802.93 5054.56 1211048021
2068.84 5097.01 1211048072
2240.81 5178.56 1211048131
2259.42 5228.83 1211048190
2347.17 5366.24 1211048255
2275.37 5381.88 1211048325
2221.3 5388.59 1211048326
2085.69 5405.35 1211048392
1828.63 5378.53 1211048452
1630.08 5342.78 1211048516
1333.14 5246.71 1211048567
1507.76 5133.88 1211048628
1734.67 4948.43 1211048688
1685.04 5052.33 1211048757
1655.78 5139.46 1211048792
1732.9 4633.41 1211048919
1784.31 4243.56 1211048980
1857 3896.18 1211049035
1912.84 3565.56 1211049094
1931.45 3420.36 1211049155
1945.64 3400.26 1211049180
2002.37 2982.55 1211049236
2083.03 2500.09 1211049296
1868.52 2093.59 1211049356
1749.74 1972.98 1211049421
1688.58 2132.67 1211049481
1671.74 2210.85 1211049542
1674.4 2215.31 1211049598
1674.4 2234.3 1211049618
1671.74 2243.23 1211049638
1519.28 2466.58 1211049700
1224.11 2411.86 1211049761
1144.34 2711.16 1211049815
1085.83 3066.31 1211049875
1047.72 3276.29 1211049938
973.261 3730.87 1211049989
883.735 4351.92 1211050047
848.279 4535.11 1211050104
823.46 4688.15 1211050162
702.911 4880.29 1211050211
510.563 4850.13 1211050267
483.971 4847.89 1211050300
483.971 4847.89 1211050301
483.971 4847.89 1211050324
483.085 4847.89 1211050354
46.0925 5109.3 1211050471
-422.81 5124.94 1211050531
-714.434 5078.02 1211050591
-1001.63 5034.45 1211050657
-1308.32 4974.13 1211050713
-1656.67 4919.39 1211050775
-2119.37 4844.54 1211050838
-2806.32 4859.06 1211050904
-2814.3 4865.77 1211050918
-2814.3 4865.77 1211050935
-2396.81 4784.22 1211050988
-2329.44 4775.28 1211050997
-1724.92 4910.45 1211051058
-1322.5 4971.89 1211051123
-1161.18 4999.82 1211051178
-796.869 5064.61 1211051242
-706.456 4890.34 1211051293
-641.75 4487.08 1211051355
-622.249 4366.44 1211051427
-475.994 4353.03 1211051475
-257.054 4393.25 1211051556
263.259 4474.79 1211051606
931.601 4583.15 1211051655
1083.17 3990.01 1211051775
1552.96 4040.27 1211051840
2472.15 4194.42 1211051905
3144.93 3915.17 1211052016
3212.29 3763.26 1211052078
3407.3 3705.18 1211052120
3417.94 3696.24 1211052122
3422.37 3697.36 1211052124
3463.14 3724.17 1211052189
3425.03 4122.93 1211052253
3182.16 4272.61 1211052314
3089.08 4299.42 1211052374
2645.89 4232.39 1211052440
2278.03 4170.96 1211052484
2169.89 4146.39 1211052554
1225 4000.06 1211052606
934.26 3959.85 1211052666
850.052 4535.11 1211052786
801.301 4569.74 1211052847
23.9326 4445.75 1211052911
-161.324 4431.23 1211052969
-702.024 4334.04 1211053027
-788.891 4469.21 1211053061
-788.891 4469.21 1211053062
-790.664 4507.19 1211053134
-608.067 4452.45 1211053187
-460.039 4477.02 1211053247
-373.172 4489.31 1211053315
-335.057 4423.41 1211053369
-291.624 4181.01 1211053434
-6.20476 4120.69 1211053485
148.028 4145.27 1211053551
430.788 4189.95 1211053608
741.026 4239.1 1211053687
991.875 4280.43 1211053747
1041.51 4195.53 1211053778
977.693 4065.96 1211053838
716.207 4023.52 1211053915
352.785 3969.9 1211053986
234.895 3657.15 1211054036
198.552 3623.64 1211054068
136.505 3613.59 1211054093
132.073 3400.26 1211054129
166.642 3242.78 1211054191
-37.2286 3166.83 1211054248
-464.471 3105.4 1211054308
-481.312 2884.27 1211054374
-387.354 2836.24 1211054414
-361.649 2693.29 1211054475
94.8442 2705.58 1211054552
96.617 2689.94 1211054609
375.831 2701.11 1211054626
694.047 2760.3 1211054680
694.047 2755.83 1211054682
938.692 2797.16 1211054743
1321.61 2737.96 1211054862
1748.86 2646.39 1211054929
1823.31 2109.22 1211054982
2113.16 1822.23 1211055052
2124.69 1806.6 1211055055
1864.97 1794.31 1211055119
1968.68 2162.83 1211055174
2226.62 2431.96 1211055245
2226.62 2430.85 1211055247
2220.42 2157.24 1211055312
1532.58 1479.41 1211055442
1527.26 1482.76 1211055492
1566.26 1198.03 1211055548
1590.19 1135.5 1211055609
1607.03 577.219 1211055677
1633.62 218.825 1211055729
1666.42 -127.273 1211055762
1667.31 -878.59 1211055913
1528.14 -774.771 1211055971
1529.92 -773.655 1211055999
1502.44 -549.269 1211056060
1493.57 -493.451 1211056083
1480.28 -377.347 1211056084
1456.35 -166.348 1211056153
1252.48 161.885 1211056210
1237.41 341.637 1211056270
1222.34 604.015 1211056333
1177.13 1227.06 1211056385
1287.93 1824.46 1211056508
1194.86 2354.91 1211056567
1194.86 2525.77 1211056628
1146.11 2710.04 1211056692
1104.45 2908.84 1211056748
1076.97 3087.53 1211056808
1019.35 3441.59 1211056868
672.773 4231.28 1211057009
583.248 4224.58 1211057036
584.134 4222.34 1211057053
508.79 4201.12 1211057065
324.42 4175.43 1211057125
96.617 4138.57 1211057198
-79.7755 4111.76 1211057247
2.65918 4121.81 1211057311
296.942 4172.08 1211057379
685.183 4235.75 1211057492
724.184 4237.98 1211057547
721.525 4235.75 1211057612
722.411 4234.63 1211057678
755.208 4198.88 1211057727
757.867 4191.07 1211057759
759.64 4189.95 1211057810
759.64 4186.6 1211057891
756.094 4177.66 1211057931
761.413 4185.48 1211058004
760.526 4183.25 1211058056
756.094 4185.48 1211058125
759.64 4186.6 1211058187
756.094 4187.71 1211058248
762.299 4195.53 1211058299
760.526 4183.25 1211058320
751.662 4178.78 1211058382
756.094 4178.78 1211058441
755.208 4182.13 1211058500
750.776 4184.36 1211058560
749.003 4179.9 1211058625
760.526 4181.01 1211058681
760.526 4184.36 1211058741
756.981 4187.71 1211058802
758.754 4183.25 1211058863
753.435 4185.48 1211058923
754.322 4184.36 1211058984
754.322 4185.48 1211059050
754.322 4184.36 1211059114
754.322 4184.36 1211059165
755.208 4184.36 1211059236
755.208 4184.36 1211059291
754.322 4185.48 1211059355
753.435 4187.71 1211059390
777.368 4048.09 1211059448
926.282 3945.33 1211059508
927.169 3947.56 1211059550
1060.13 3974.37 1211059628
1242.73 3935.27 1211059661
1304.77 3575.62 1211059717
1329.59 3417.01 1211059765
1341.11 3310.91 1211059825
1460.78 3205.92 1211059885
1862.31 3264 1211059947
2242.58 3326.55 1211060005
2396.81 3264 1211060053
1986.41 3181.35 1211060123
1721.38 3140.03 1211060173
1235.63 3064.08 1211060244
1017.58 3463.92 1211060293
918.305 4126.28 1211060354
832.324 4653.52 1211060429
804.846 4889.23 1211060474
803.073 4892.58 1211060503
1247.16 4964.07 1211060621
1604.37 5023.28 1211060688
1729.36 5141.7 1211060860
1730.24 5160.69 1211060943
1724.92 5160.69 1211061041
1833.95 5168.51 1211061101
2364.01 5347.25 1211061221
2287.78 5387.47 1211061291
2283.35 5388.59 1211061345
2211.55 5385.24 1211061391
2060.87 5358.42 1211061468
2082.14 5107.06 1211061515
1688.58 5040.04 1211061577
1759.49 4340.75 1211061732
1816.22 3910.7 1211061787
1893.34 3529.82 1211061848
2179.64 3533.17 1211061910
2192.05 3576.73 1211061970
2193.83 3623.64 1211062031
2264.74 3245.01 1211062092
2443.79 3167.95 1211062151
2438.47 3118.81 1211062209
2448.22 3122.16 1211062264
2444.68 3103.17 1211062325
2459.74 3067.43 1211062385
2459.74 3067.43 1211062404
2466.84 3061.85 1211062439
2441.13 3045.09 1211062486
2363.13 3026.11 1211062546
2375.54 3028.34 1211062607
2301.08 2992.6 1211062669
2084.8 2978.08 1211062728
2103.41 2488.92 1211062789
2368.45 2344.86 1211062873
2577.64 2157.24 1211062921
2925.99 1789.85 1211062970
3310.68 1339.84 1211063030
3662.58 -1588.54 1211063141
2963.22 -2542.85 1211063191
3042.11 -4033.81 1211063256
3539.37 -5446.41 1211063285
4067.66 -8376.82 1211063366
2962.33 -10975.1 1211063463
3100.61 -15411.3 1211063603
3943.57 -16200.2 1211063659
4499.34 -16166.8 1211063794
4401.83 -15872.7 1211063849
2986.26 -14800.6 1211063963
4186.44 -8994.67 1211064161
3189.25 -4452.26 1211064312
2727.44 -2922.31 1211064379
3570.4 -1662.21 1211064424
3844.29 -186.443 1211064481
3361.21 1146.66 1211064531
3350.57 1394.55 1211064615
3464.03 1567.63 1211064652
3631.56 1725.08 1211064717
3759.2 1849.03 1211064787
3870 1970.75 1211064839
3557.1 2341.51 1211064894
3157.34 2742.43 1211064962
3103.27 2798.27 1211065018
3025.26 2886.5 1211065083
2926.87 2984.78 1211065138
2850.64 3090.88 1211065193
2554.59 3059.61 1211065253
2378.2 3040.63 1211065313
2384.4 3028.34 1211065374
2386.17 3023.87 1211065412
2386.17 3024.99 1211065421
2384.4 3026.11 1211065423
2090.12 3001.54 1211065484
1834.84 3183.58 1211065546
1809.13 3252.83 1211065583
1805.59 3250.6 1211065584
1813.56 3272.93 1211065619
1958.05 3238.31 1211065679
1818.88 3152.31 1211065741
1141.68 3046.21 1211065801
1090.27 3083.07 1211065867
1036.2 3399.14 1211065939
911.213 4153.09 1211065990
834.984 4559.69 1211066052
761.413 4564.16 1211066102
429.901 4509.42 1211066173
-29.251 4435.69 1211066223
-455.607 4368.67 1211066284
-742.799 4321.76 1211066343
-783.573 4306.12 1211066408
-725.071 4311.7 1211066438
-725.071 4311.7 1211066439
-278.328 4078.25 1211066589
-3.54558 4124.04 1211066652
5.31837 4124.04 1211066672
74.4571 3813.52 1211066732
236.667 3630.35 1211066811
306.692 3248.36 1211066855
361.649 3027.22 1211066913
643.522 3010.47 1211066973
653.273 2959.1 1211067034
664.796 2889.85 1211067094
672.773 2838.48 1211067161
713.548 2584.96 1211067215
732.162 2459.88 1211067276
733.048 2458.77 1211067284
1032.65 2440.9 1211067342
1332.25 2321.4 1211067402
1921.7 2420.8 1211067459
2197.37 2464.35 1211067519
2442.9 2270.03 1211067580
2738.07 1975.22 1211067650
3023.49 1694.93 1211067700
3794.65 357.268 1211067765
3807.95 -843.984 1211067830
3823.91 -1113.01 1211067841
3706.9 -904.265 1211067908
3706.9 -905.381 1211067972
3706.9 -905.381 1211068029
3677.65 -906.498 1211068183
3639.54 -910.963 1211068330
3625.35 -910.963 1211068355
3607.63 -921.01 1211068601
3596.99 -924.359 1211068603
3588.12 -932.173 1211068664
3588.12 -932.173 1211068721
3589.01 -947.801 1211068793
3589.01 -947.801 1211068814
3588.12 -947.801 1211068879
3590.78 -954.499 1211068934
3591.67 -958.964 1211068994
3590.78 -955.615 1211069054
3586.35 -952.266 1211069114
3688.29 -994.686 1211069239
3688.29 -994.686 1211069295
3687.4 -992.453 1211069354
3689.17 -993.57 1211069415
3689.17 -995.802 1211069475
3686.51 -995.802 1211069545
3681.2 -1003.62 1211069670
3682.97 -1003.62 1211069723
3682.97 -1005.85 1211069775
3678.54 -1003.62 1211069845
3679.42 -1003.62 1211069895
3674.99 -1003.62 1211069966
3674.99 -1004.73 1211070022
3674.1 -1005.85 1211070081
3680.31 -1002.5 1211070141
3680.31 -1002.5 1211070196
3681.2 -1008.08 1211070257
3695.38 -1004.73 1211070317
3690.95 -1012.55 1211070378
3698.92 -999.151 1211070441
3697.15 -1004.73 1211070511
3695.38 -1002.5 1211070564
3689.17 -1008.08 1211070620
3686.51 -1011.43 1211070684
3688.29 -998.035 1211070742
3686.51 -999.151 1211070802
3676.76 -1005.85 1211070879
3681.2 -1004.73 1211070923
3678.54 -1010.31 1211070990
3688.29 -1006.97 1211071104
3683.86 -1006.97 1211071164
3681.2 -1008.08 1211071230
3679.42 -1010.31 1211071285
3675.88 -1015.9 1211071347
3681.2 -1002.5 1211071407
3682.97 -1000.27 1211071468
3686.51 -1003.62 1211071542
3690.95 -1002.5 1211071589
3690.06 -1003.62 1211071634
3682.97 -1008.08 1211071685
3679.42 -1010.31 1211071748
3685.63 -996.919 1211071811
3687.4 -992.453 1211071866
3681.2 -996.919 1211071926
3677.65 -1000.27 1211071987
3676.76 -1001.38 1211072047
3677.65 -1005.85 1211072113
3673.22 -1012.55 1211072167
3671.45 -1022.59 1211072230
3670.56 -1025.94 1211072282
3678.54 -1018.13 1211072337
3681.2 -1014.78 1211072407
3681.2 -1008.08 1211072457
3682.97 -1002.5 1211072519
3675.88 -1017.01 1211072580
3676.76 -1014.78 1211072643
3677.65 -1013.66 1211072710
3675.88 -1014.78 1211072763
3676.76 -1013.66 1211072828
3691.83 -1003.62 1211072878
3691.83 -1003.62 1211072942
3692.72 -1004.73 1211072998
3690.06 -1006.97 1211073070
3679.42 -1012.55 1211073178
3681.2 -1012.55 1211073249
3682.97 -1012.55 1211073299
3682.97 -1011.43 1211073362
3688.29 -1006.97 1211073425
3687.4 -1006.97 1211073486
3686.51 -1006.97 1211073551
3686.51 -1005.85 1211073610
3684.74 -1006.97 1211073661
3689.17 -1006.97 1211073736
3678.54 -1010.31 1211073782
3679.42 -1009.2 1211073842
3676.76 -1009.2 1211073903
3677.65 -1009.2 1211073965
3680.31 -1010.31 1211074026
3672.33 -1015.9 1211074091
3670.56 -1017.01 1211074145
3672.33 -1015.9 1211074210
3675.88 -1013.66 1211074267
3681.2 -1009.2 1211074331
3682.08 -1008.08 1211074404
3687.4 -1004.73 1211074446
3686.51 -1004.73 1211074506
3684.74 -1005.85 1211074566
3682.08 -1008.08 1211074630
3682.08 -1010.31 1211074687
3682.97 -1010.31 1211074757
3688.29 -1011.43 1211074867
3683.86 -1012.55 1211074927
3671.45 -1014.78 1211074988
3679.42 -1011.43 1211075114
3690.06 -1008.08 1211075177
3688.29 -1009.2 1211075245
3686.51 -1009.2 1211075289
3686.51 -1009.2 1211075350
3678.54 -1011.43 1211075410
3675.88 -1011.43 1211075471
3675.88 -1011.43 1211075485
3676.76 -1011.43 1211075536
3694.49 -1010.31 1211075564
3690.95 -1010.31 1211075624
3695.38 -1009.2 1211075684
3696.26 -1009.2 1211075750
3694.49 -1009.2 1211075804
3684.74 -1010.31 1211075869
3678.54 -1013.66 1211075931
3604.08 -993.57 1211075986
3604.08 -992.453 1211076046
3604.97 -991.337 1211076107
3132.52 -1185.57 1211076347
2161.92 -1320.64 1211076466
1969.57 -1322.87 1211076520
1557.4 -1257.01 1211076580
2215.1 -1005.85 1211076730
2377.31 -1037.11 1211076796
2377.31 -1037.11 1211076859
2586.5 -977.942 1211076916
2722.12 -1888.8 1211077031
2589.16 -1248.08 1211077097
2376.42 -1037.11 1211077156
2378.2 -1040.45 1211077211
2376.42 -1040.45 1211077280
2375.54 -1039.34 1211077346
3737.04 -1599.7 1211077512
4041.07 -1821.82 1211077563
4194.42 -2070.73 1211077616
4129.71 -2307.35 1211077739
4055.25 -2566.29 1211077795
3802.63 -3465.81 1211077919
3561.53 -4213.47 1211078044
3948.89 -4492.43 1211078128
3567.74 -4214.59 1211078294
3394.89 -5138.47 1211078328
3394.89 -5138.47 1211078346
4104.01 -8575.34 1211078414
3160 -15638.7 1211078621
4405.38 -16032 1211078879
