3582.81 -962.313 1212031205
3584.58 -961.197 1212031332
3568.62 -994.686 1212031453
3639.54 -965.662 1212031570
3640.42 -964.546 1212031630
3640.42 -964.546 1212031753
3640.42 -964.546 1212031803
3640.42 -964.546 1212031817
3639.54 -964.546 1212031882
3639.54 -965.662 1212031952
3639.54 -965.662 1212032007
3638.65 -964.546 1212032063
3638.65 -965.662 1212032136
3638.65 -964.546 1212032191
3638.65 -964.546 1212032241
3638.65 -964.546 1212032297
3638.65 -964.546 1212032359
3638.65 -965.662 1212032432
3638.65 -965.662 1212032488
3638.65 -964.546 1212032542
3638.65 -964.546 1212032660
3639.54 -963.43 1212032723
3638.65 -964.546 1212032796
3637.76 -964.546 1212032858
3637.76 -965.662 1212032960
3638.65 -965.662 1212033020
3638.65 -964.546 1212033157
3638.65 -964.546 1212033267
3638.65 -966.778 1212033392
3638.65 -965.662 1212033442
3638.65 -965.662 1212033559
3637.76 -967.895 1212033565
3638.65 -966.778 1212033645
3638.65 -966.778 1212033741
3638.65 -966.778 1212033787
3638.65 -966.778 1212033808
3638.65 -966.778 1212033883
3638.65 -970.127 1212033928
3639.54 -966.778 1212034004
3641.31 -964.546 1212034055
3639.54 -964.546 1212034123
3639.54 -965.662 1212034173
3639.54 -965.662 1212034196
3637.76 -967.895 1212034241
3637.76 -966.778 1212034293
3637.76 -964.546 1212034349
3638.65 -965.662 1212034410
3637.76 -971.244 1212034530
3639.54 -966.778 1212034655
3639.54 -967.895 1212034716
3639.54 -966.778 1212034785
3637.76 -971.244 1212034901
3636.88 -970.127 1212034951
3637.76 -964.546 1212035011
3637.76 -964.546 1212035080
3639.54 -964.546 1212035336
3638.65 -967.895 1212035390
3638.65 -966.778 1212035448
3638.65 -966.778 1212035460
3639.54 -965.662 1212035502
3639.54 -964.546 1212035563
3637.76 -966.778 1212035628
3638.65 -966.778 1212035716
3638.65 -965.662 1212035733
3639.54 -966.778 1212035794
3638.65 -967.895 1212035848
3638.65 -967.895 1212035917
3638.65 -969.011 1212036038
3638.65 -969.011 1212036110
3639.54 -969.011 1212036170
3639.54 -972.36 1212036280
3638.65 -966.778 1212036340
3637.76 -962.313 1212036400
3638.65 -958.964 1212036475
3637.76 -960.081 1212036582
3637.76 -964.546 1212036654
3637.76 -964.546 1212036702
3637.76 -964.546 1212036761
3636.88 -963.43 1212036827
3637.76 -964.546 1212036887
3637.76 -964.546 1212036947
3638.65 -965.662 1212037002
3638.65 -965.662 1212037046
3639.54 -964.546 1212037105
3639.54 -964.546 1212037158
3639.54 -964.546 1212037223
3644.85 -972.36 1212037292
3639.54 -965.662 1212037339
3638.65 -965.662 1212037399
3642.19 -971.244 1212037476
3636.88 -951.15 1212037520
3643.97 -970.127 1212037588
3636.88 -956.732 1212037716
3638.65 -965.662 1212037738
3637.76 -964.546 1212037858
3637.76 -964.546 1212037873
3636.88 -962.313 1212037933
3639.54 -969.011 1212037978
3637.76 -963.43 1212038049
3640.42 -965.662 1212038185
