3675.88 -929.94 1212151219
3619.15 -982.407 1212151279
3585.47 -994.686 1212151339
3551.78 -1157.66 1212151399
2882.55 -1140.92 1212151477
2642.34 180.865 1212151519
2597.14 1515.15 1212151589
3292.07 2168.41 1212151639
3440.1 2467.7 1212151699
3148.47 2753.6 1212151769
2871.03 3031.69 1212151819
2715.91 3307.56 1212151879
2430.49 3266.23 1212151939
2085.69 3200.34 1212151970
1803.81 3238.31 1212152030
1732.9 3668.32 1212152091
1547.64 3928.57 1212152157
1410.25 4244.68 1212152226
1075.2 4188.83 1212152272
803.96 4144.15 1212152343
195.893 4048.09 1212152453
222.485 3834.75 1212152513
380.263 3708.53 1212152578
427.242 3428.18 1212152633
623.135 3282.99 1212152693
1014.04 3351.12 1212152753
1316.3 3391.33 1212152814
1608.81 3444.94 1212152874
2008.57 3513.07 1212152935
2253.21 3322.08 1212152996
2325.01 2930.06 1212153057
2182.3 2856.35 1212153118
2152.17 2868.63 1212153181
2003.25 2940.11 1212153237
2103.41 2360.49 1212153297
2070.62 2446.48 1212153357
2295.76 2417.45 1212153417
2358.7 2343.74 1212153433
2512.93 2204.15 1212153493
2805.44 2179.58 1212153555
3052.74 2430.85 1212153620
3204.32 2697.76 1212153673
3052.74 2887.62 1212153734
3000.45 2895.44 1212153794
2938.4 2949.04 1212153863
2925.99 2945.69 1212153916
2936.62 2949.04 1212153977
2949.03 2953.51 1212154037
2945.49 2943.46 1212154107
2947.26 2951.28 1212154158
2942.83 2951.28 1212154228
2945.49 2946.81 1212154278
2947.26 2955.75 1212154338
2941.94 2918.89 1212154398
2943.72 2975.85 1212154473
2929.53 2982.55 1212154519
2944.6 3013.82 1212154579
3034.13 3035.04 1212154640
2941.06 3023.87 1212154705
2924.22 3010.47 1212154740
3103.27 3060.73 1212154837
2970.31 2624.05 1212154897
2769.1 2380.59 1212154963
2984.49 2121.51 1212155017
3261.05 1844.56 1212155077
3152.02 1448.15 1212155140
2862.17 1128.8 1212155202
2861.28 1127.68 1212155216
3034.13 1300.75 1212155268
3519.87 1817.76 1212155323
3799.09 2082.42 1212155385
3547.35 2352.67 1212155445
3204.32 2693.29 1212155511
2918.9 2959.1 1212155576
2946.38 2949.04 1212155628
2934.85 2963.56 1212155691
2917.12 2999.3 1212155753
2940.17 2979.2 1212155810
2940.17 2969.15 1212155871
2948.15 2955.75 1212155931
2938.4 2956.86 1212155986
2942.83 2965.8 1212156048
2939.28 2978.08 1212156108
2935.74 2970.26 1212156169
2929.53 2975.85 1212156229
2934.85 2983.67 1212156293
2934.85 2985.9 1212156314
2909.15 3013.82 1212156328
2810.76 3406.96 1212156388
2721.23 3887.24 1212156461
2809.87 4250.27 1212156510
2896.74 4698.2 1212156570
2891.42 4728.36 1212156605
2891.42 4728.36 1212156672
2778.85 5118.24 1212156684
2277.15 5131.64 1212156746
1645.15 5040.04 1212156809
1354.41 4980.83 1212156859
608.067 4862.42 1212156924
-46.0925 4755.17 1212156982
-68.2524 4549.63 1212157038
-459.152 4479.26 1212157098
-478.653 4380.96 1212157168
-409.514 4062.61 1212157221
-30.1374 4115.11 1212157270
340.375 4175.43 1212157323
613.385 4121.81 1212157396
715.32 3806.82 1212157438
878.417 3430.42 1212157498
1167.38 3355.58 1212157562
1303 3381.27 1212157578
1593.74 3436 1212157614
1997.05 3501.9 1212157673
2154.82 3564.45 1212157733
2231.05 3367.87 1212157800
2276.26 2964.68 1212157853
2335.65 2913.31 1212157913
2317.04 2839.59 1212157973
2282.47 2699.99 1212158037
2320.58 2765.88 1212158086
2355.15 2819.49 1212158147
2315.26 2610.65 1212158207
2053.78 2521.31 1212158265
1561.83 2469.93 1212158324
1526.37 2462.12 1212158333
1189.54 2428.61 1212158390
1189.54 2429.73 1212158425
484.858 2294.6 1212158478
155.119 2330.34 1212158530
226.917 2359.37 1212158573
238.44 2361.61 1212158768
217.167 2370.54 1212158880
210.962 2393.99 1212158936
215.394 2375.01 1212158993
216.28 2370.54 1212159006
291.624 2385.06 1212159041
310.238 2267.8 1212159074
645.295 1999.79 1212159151
1025.56 2062.32 1212159207
1123.06 1885.88 1212159255
1181.56 1520.73 1212159316
1498.89 1056.22 1212159436
2345.4 991.457 1212159506
2688.43 705.619 1212159556
2856.85 -438.748 1212159627
2541.29 -2237.04 1212159745
2529.77 -2421.2 1212159804
2711.48 -2964.72 1212159859
2991.58 -3693.46 1212159919
3045.65 -3896.56 1212160024
3046.54 -3897.67 1212160080
3046.54 -3897.67 1212160081
3044.76 -3899.91 1212160201
3012.85 -3773.81 1212160261
2853.3 -3266.05 1212160321
2584.73 -2750.44 1212160391
2558.13 -2513.83 1212160441
2545.72 -2341.95 1212160502
2842.67 -1460.17 1212160630
2611.32 -1234.69 1212160698
2387.06 -1339.62 1212160755
2387.06 -1339.62 1212160757
2704.39 -1251.43 1212160832
2702.62 -1883.21 1212160882
2538.63 -2281.68 1212160947
2861.28 -3293.95 1212161062
3796.43 -3645.48 1212161287
3796.43 -3645.48 1212161298
3797.31 -3647.71 1212161352
3805.29 -3651.06 1212161408
3957.75 -3758.19 1212161543
4200.62 -3649.94 1212161608
4232.53 -3108.69 1212161723
4059.69 -2984.81 1212161750
3970.16 -2916.73 1212161809
3728.18 -2744.86 1212161863
3422.37 -2526.11 1212161919
2941.06 -2331.91 1212161975
2550.16 -2328.56 1212162020
2690.21 -1928.98 1212162080
2818.73 -1593 1212162140
2774.41 -1257.01 1212162207
2417.2 -1306.13 1212162246
1790.52 -1322.87 1212162306
1680.6 -1325.1 1212162366
1544.99 -1088.45 1212162426
1533.46 -898.683 1212162468
1707.2 -873.008 1212162528
1743.54 -1187.8 1212162588
1812.68 -1330.69 1212162626
2816.96 -1204.55 1212162687
3297.39 -1173.29 1212162747
3806.18 -1137.57 1212162809
4210.37 -1114.13 1212162868
4236.97 -1108.55 1212162928
4228.1 -407.49 1212162989
4227.22 -406.373 1212162994
4228.99 -408.606 1212163045
4228.99 -408.606 1212163046
4196.19 -118.342 1212163106
4167.83 256.785 1212163171
4165.17 322.657 1212163193
4156.3 459.985 1212163253
4157.19 459.985 1212163313
4157.19 339.404 1212163373
4088.94 37.959 1212163434
4176.69 -78.1503 1212163494
4221.01 -514.662 1212163556
4306.99 -470.007 1212163616
4313.2 51.3563 1212163677
4351.31 54.7057 1212163737
4182.9 -194.258 1212163798
3812.38 -275.756 1212163858
3770.72 -250.078 1212163919
3770.72 -250.078 1212163979
3760.09 -250.078 1212164039
3778.7 -250.078 1212164099
3731.72 261.251 1212164160
3704.24 437.655 1212164220
3298.27 404.161 1212164280
3139.61 387.413 1212164314
3069.58 385.18 1212164321
2773.53 428.724 1212164387
2459.74 629.695 1212164463
2076.82 602.899 1212164502
1796.72 581.685 1212164579
1435.96 556.005 1212164623
1310.09 723.484 1212164686
1036.2 701.153 1212164726
704.684 634.161 1212164819
706.456 571.636 1212164940
706.456 571.636 1212164947
1003.4 514.694 1212165002
927.169 1247.16 1212165141
880.19 1558.7 1212165182
860.689 1669.25 1212165251
568.179 1680.41 1212165308
490.176 2177.34 1212165370
430.788 2581.61 1212165431
406.855 2716.74 1212165496
360.763 2991.48 1212165549
337.716 3105.4 1212165604
296.942 3393.56 1212165664
296.056 3392.44 1212165708
297.829 3391.33 1212165711
284.533 3385.74 1212165742
-752.549 3270.7 1212165928
-1167.38 3211.51 1212165997
-1731.13 3119.92 1212166043
-2834.69 2954.63 1212166293
-1733.79 3114.34 1212166474
-1193.97 3200.34 1212166540
-757.867 3271.82 1212166597
111.686 3409.2 1212166716
275.669 3429.3 1212166765
273.009 3408.08 1212166825
138.278 3385.74 1212167005
119.663 3477.33 1212167014
109.913 3638.16 1212167061
27.4782 4053.67 1212167107
214.507 4156.44 1212167187
163.983 4147.5 1212167197
30.1374 4135.21 1212167229
76.2299 3790.07 1212167312
486.631 3675.02 1212167364
807.505 3727.52 1212167425
845.62 3639.28 1212167481
912.986 3219.32 1212167541
1067.22 3144.49 1212167605
1759.49 3260.65 1212167661
2219.53 3329.9 1212167722
2580.29 3341.06 1212167787
2784.16 3374.57 1212167842
2927.76 3421.48 1212167902
2966.76 3432.65 1212167944
3047.42 3592.37 1212167993
2928.65 3545.46 1212168034
2920.67 3551.04 1212168096
2920.67 3546.58 1212168098
2582.07 3585.67 1212168158
2451.77 3476.21 1212168219
2028.07 3406.96 1212168285
2112.28 3300.86 1212168339
2382.63 3339.95 1212168401
2462.4 3185.82 1212168460
2440.24 3068.55 1212168521
2286.01 3021.64 1212168582
2300.19 2915.54 1212168653
2396.81 2887.62 1212168703
2412.77 2884.27 1212168763
2369.33 2806.09 1212168903
2315.26 2844.06 1212169015
2313.49 2835.13 1212169076
2309.94 2832.89 1212169135
2349.83 2849.65 1212169200
2350.72 2849.65 1212169344
2384.4 2850.76 1212169402
2293.1 2867.52 1212169462
2299.31 2869.75 1212169522
2283.35 2134.91 1212169598
2284.24 2875.33 1212169659
2304.63 2071.25 1212169721
2311.72 2200.8 1212169780
2429.61 2876.45 1212169846
2410.11 2876.45 1212169900
2413.65 2877.57 1212169925
2443.79 2860.81 1212169985
2414.54 2857.46 1212170057
2369.33 2845.18 1212170106
2322.35 2836.24 1212170158
2320.58 2822.84 1212170216
2323.24 2798.27 1212170277
2313.49 2800.51 1212170341
2310.83 2763.65 1212170402
2325.01 2788.22 1212170459
2356.92 2822.84 1212170526
2356.92 2822.84 1212170528
2283.35 2689.94 1212170576
2133.55 2935.64 1212170630
1771.02 2904.37 1212170695
1432.41 2864.16 1212170750
1154.97 2828.43 1212170810
833.211 2803.86 1212170874
580.588 2768.12 1212170925
169.301 2711.16 1212171000
168.415 2711.16 1212171037
168.415 2711.16 1212171050
100.163 2770.35 1212171116
480.426 2831.78 1212171159
1168.27 2940.11 1212171219
1657.56 3018.29 1212171280
2132.67 3105.4 1212171331
2398.58 3126.62 1212171392
2402.13 3136.68 1212171452
2417.2 3122.16 1212171514
2438.47 3118.81 1212171577
2442.9 3121.04 1212171636
2507.61 3096.47 1212171707
2420.74 3115.46 1212171754
2436.7 3113.22 1212171817
2430.49 3103.17 1212171876
2434.93 3100.94 1212171937
2432.27 3102.05 1212171998
2428.72 3105.4 1212172062
2478.36 3093.12 1212172119
2465.06 3079.72 1212172180
2500.52 3090.88 1212172242
2489.88 3092 1212172266
2494.31 3037.28 1212172326
2189.39 2947.93 1212172390
2120.26 3119.92 1212172446
2256.76 3325.43 1212172510
2777.96 3472.86 1212172566
2758.46 3567.8 1212172626
2715.03 4095 1212172686
2942.83 4269.26 1212172747
2902.06 4687.03 1212172818
2858.62 4964.07 1212172872
2387.06 5345.02 1212172994
2300.19 5383 1212173051
2299.31 5381.88 1212173057
2215.1 5384.12 1212173116
2082.14 5197.55 1212173176
1924.36 5071.32 1212173249
1437.73 4994.23 1212173303
1368.59 4985.3 1212173344
1010.49 4923.86 1212173406
674.546 4665.81 1212173469
132.073 4569.74 1212173532
-166.642 4522.82 1212173579
-185.256 4433.46 1212173640
253.509 4469.21 1212173700
452.061 4218.99 1212173775
455.607 4186.6 1212173801
527.405 3787.83 1212173848
587.68 3375.69 1212173913
734.821 3300.86 1212173957
946.669 3000.42 1212174010
1060.13 2274.5 1212174068
1117.74 1918.27 1212174131
1372.14 1148.9 1212174251
1499.78 1045.05 1212174307
2674.25 820.623 1212174371
2763.78 -1962.46 1212174547
2901.17 -2050.64 1212174579
2902.94 -2047.29 1212174580
3191.91 -2261.59 1212174641
3628.9 -2571.87 1212174711
3936.48 -2618.75 1212174759
3542.03 -2504.9 1212174905
3186.59 -2254.89 1212174965
2725.66 -1918.93 1212175029
2819.62 -1311.71 1212175137
2242.58 -1315.06 1212175198
2022.75 -1318.41 1212175264
1630.97 -1330.69 1212175333
1161.18 -1136.46 1212175394
1104.45 -415.304 1212175499
1077.86 -154.067 1212175564
1026.44 552.656 1212175622
985.671 1132.15 1212175682
894.372 1481.65 1212175742
878.417 1589.96 1212175817
858.916 1694.93 1212175867
859.803 1699.4 1212175919
704.684 1802.13 1212175984
495.494 2177.34 1212176045
473.335 2293.49 1212176099
417.492 2651.97 1212176159
397.105 2806.09 1212176219
751.662 2875.33 1212176280
1342.89 2978.08 1212176341
1876.5 3057.38 1212176400
2363.13 3110.99 1212176460
2418.08 3117.69 1212176521
2363.13 3059.61 1212176581
2163.69 3066.31 1212176648
2334.76 3141.14 1212176702
2381.74 3136.68 1212176763
2406.56 3136.68 1212176829
2442.9 3113.22 1212176885
2411.88 3068.55 1212176944
2412.77 3088.65 1212177004
2432.27 3071.9 1212177041
