3683.86 -6155.96 1212730602
2613.09 -15.6301 1212730761
2594.48 1501.75 1212730799
3304.48 2171.76 1212730861
3361.21 2536.94 1212730935
2933.08 2601.71 1212730982
2933.08 2601.71 1212730999
2762.89 2471.05 1212731115
2715.91 2439.78 1212731135
2808.1 2344.86 1212731137
2578.52 1654.73 1212731205
2620.18 156.303 1212731261
2449.11 -2295.08 1212731338
2660.96 -2995.97 1212731376
3153.79 -4419.9 1212731404
3612.06 -5825.74 1212731445
3878.86 -7325.03 1212731494
3878.86 -7325.03 1212731518
4148.33 -8835.19 1212731550
2640.57 -11443.3 1212731627
2917.12 -14748.3 1212731730
3319.55 -16186.9 1212731780
4175.8 -16123.4 1212731845
