4207.71 -16066.5 1211783687
3335.5 -16050.9 1211783748
2957.9 -14602.3 1211783806
2637.91 -13147.8 1211783845
2584.73 -11620.6 1211783898
3532.28 -10449.9 1211783934
4200.62 -9146.34 1211783980
3953.32 -7665.23 1211784034
3692.72 -6209.51 1211784071
3237.11 -4740.14 1211784117
2800.12 -3295.06 1211784164
2674.25 -1783.87 1211784219
2811.64 -294.734 1211784278
2464.18 1061.8 1211784335
1438.62 1123.21 1211784394
998.967 1068.5 1211784450
1007.83 697.804 1211784510
1040.63 338.288 1211784583
709.116 131.741 1211784638
532.723 126.158 1211784690
525.632 126.158 1211784752
504.358 123.926 1211784761
133.846 91.5484 1211784824
77.1163 84.8497 1211784866
86.8667 -291.385 1211784932
134.732 -906.498 1211784987
629.34 -951.15 1211785047
1100.02 -916.544 1211785118
1693.9 -870.776 1211785167
1903.09 -852.914 1211785269
1864.97 -850.682 1211785293
1649.58 -862.961 1211785318
1323.39 -752.445 1211785368
1284.39 -195.374 1211785428
1258.68 122.809 1211785488
1228.54 496.83 1211785554
1075.2 525.859 1211785608
1024.67 513.578 1211785668
1230.32 528.092 1211785728
1232.09 529.209 1211785735
1077.86 525.859 1211785793
597.43 485.665 1211785854
281.873 464.451 1211785914
22.1599 591.734 1211785975
5.31837 842.954 1211786041
-117.89 1231.52 1211786096
-148.914 1441.45 1211786156
-222.485 1900.4 1211786221
-466.243 1936.13 1211786281
-491.063 1931.67 1211786289
-230.463 1865.78 1211786349
-179.052 1573.21 1211786409
-202.098 1510.68 1211786474
-207.416 1502.86 1211786534
-193.234 1511.8 1211786557
-199.439 1511.8 1211786621
-163.983 1469.36 1211786683
-265.032 1330.9 1211786738
-272.123 1329.79 1211786782
-920.964 628.579 1211786968
-907.668 574.986 1211786990
-991.875 1093.07 1211787050
-1362.39 1048.4 1211787115
-1374.8 1040.59 1211787174
-913.873 1116.51 1211787226
-718.866 1151.13 1211787276
-144.482 1241.57 1211787348
-15.9551 1017.14 1211787398
86.8667 449.937 1211787460
197.666 455.519 1211787517
598.316 486.782 1211787577
850.939 506.879 1211787637
1046.83 218.825 1211787697
1078.74 -185.327 1211787757
1105.33 -504.615 1211787818
1138.13 -966.778 1211787847
1226.77 -1085.11 1211787907
1276.41 -1078.41 1211787926
1323.39 -730.118 1211787987
1274.64 -132.855 1211788049
1275.52 -20.0959 1211788109
1245.38 285.813 1211788154
921.85 512.461 1211788214
368.74 471.15 1211788274
277.441 466.684 1211788335
21.2735 617.414 1211788395
-5.31837 973.592 1211788455
-113.458 1229.29 1211788522
-166.642 1558.7 1211788577
-250.85 2057.85 1211788638
-329.739 2559.28 1211788703
-366.967 2788.22 1211788769
-430.788 3201.45 1211788818
-460.039 3360.05 1211788878
-417.492 3097.59 1211788932
-413.946 3069.66 1211788944
-184.37 2943.46 1211788998
182.597 3117.69 1211789054
303.147 3233.84 1211789114
683.41 3293.04 1211789174
1023.79 3347.77 1211789234
1195.75 3377.92 1211789294
1361.5 3161.25 1211789354
1361.5 3161.25 1211789368
1398.73 2907.72 1211789415
1401.39 2909.96 1211789433
1459.89 2535.82 1211789498
1200.18 2414.1 1211789553
1083.17 2106.99 1211789616
1183.34 1503.98 1211789675
1120.4 1355.47 1211789734
980.352 1214.77 1211789795
600.089 836.255 1211789855
137.391 366.2 1211789915
46.9789 157.419 1211789975
48.7517 139.556 1211789987
49.6381 132.857 1211789989
255.282 112.761 1211790049
232.235 419.792 1211790109
581.475 798.292 1211790175
758.754 984.758 1211790231
1017.58 1235.99 1211790291
1288.82 1771.98 1211790351
1199.29 2381.71 1211790422
1358.84 2973.61 1211790478
1793.18 3042.86 1211790538
2292.22 3014.94 1211790602
2305.51 2991.48 1211790662
2308.17 2973.61 1211790718
2309.06 2941.23 1211790723
2452.65 2648.62 1211790783
2674.25 2345.97 1211790830
2920.67 1788.73 1211790912
3406.41 933.396 1211790973
3836.32 -518.011 1211791031
3757.43 -1129.76 1211791086
3586.35 -937.754 1211791146
3583.69 -963.43 1211791211
3587.24 -966.778 1211791267
3583.69 -1041.57 1211791328
3589.9 -989.105 1211791391
3642.19 -994.686 1211791447
