4494.91 -16145.6 1212988060
4158.96 -16082.1 1212988115
3875.32 -16251.5 1212988188
4032.21 -16164.6 1212988229
3707.79 -16180.2 1212988289
3093.52 -15099.3 1212988349
2771.76 -13638.2 1212988400
2558.13 -12140.1 1212988450
3224.7 -10771 1212988504
4119.96 -9519.92 1212988550
4015.37 -8022.15 1212988597
3753.88 -6545.29 1212988642
3387.8 -5097.19 1212988695
2945.49 -3670.03 1212988736
2461.52 -2211.37 1212988791
2901.17 -731.234 1212988839
2723.89 748.048 1212988894
3017.29 1966.28 1212988954
3469.35 2310.24 1212989014
3398.44 2469.93 1212989075
3108.59 2785.99 1212989135
2809.87 3054.03 1212989198
2751.37 3554.39 1212989256
2814.3 3669.44 1212989319
2595.36 4191.07 1212989379
2481.02 4594.32 1212989439
2416.31 4817.73 1212989500
2417.2 4815.5 1212989504
2249.67 4902.63 1212989564
2350.72 5248.94 1212989624
2273.6 5385.24 1212989661
2215.99 5394.17 1212989718
2093.66 5109.3 1212989784
1359.73 4987.53 1212989838
1132.81 4651.29 1212989898
490.176 4520.59 1212989969
-9.75034 4441.28 1212990021
-598.316 4347.45 1212990090
-711.775 4334.04 1212990117
-711.775 4334.04 1212990131
-623.135 4450.22 1212990177
-74.4571 4537.35 1212990238
-47.8653 4422.29 1212990298
151.573 4166.49 1212990359
400.65 4187.71 1212990398
728.616 4237.98 1212990454
927.169 4272.61 1212990477
1192.2 4235.75 1212990537
1225 4023.52 1212990597
1267.54 3899.53 1212990658
967.943 3852.62 1212990701
806.619 3817.99 1212990732
509.677 3866.02 1212990792
494.608 3864.9 1212990852
497.267 3867.14 1212990872
513.222 3835.86 1212990933
845.62 3653.8 1212990993
932.487 3018.29 1212991053
1065.45 2184.04 1212991114
1065.45 2184.04 1212991133
1178.9 1460.43 1212991173
1168.27 1237.11 1212991233
1193.09 826.206 1212991298
1239.18 208.777 1212991356
1287.04 -348.321 1212991415
1336.68 -536.989 1212991475
1337.57 -536.989 1212991484
1338.46 -536.989 1212991534
1338.46 -536.989 1212991536
1514.85 -689.93 1212991600
1516.62 -864.078 1212991628
1309.2 -552.618 1212991688
1637.17 -512.429 1212991748
1958.05 -666.487 1212991809
2410.99 -632.996 1212991869
2562.57 -624.065 1212991941
2919.78 -628.531 1212991990
2988.92 -340.507 1212992051
2985.38 -336.041 1212992064
3012.85 -603.971 1212992117
2606 -648.625 1212992191
2606 -648.625 1212992207
2574.09 -346.089 1212992251
2692.87 -438.748 1212992311
2748.71 -577.178 1212992372
2613.09 -653.09 1212992411
2599.79 -784.818 1212992471
2707.94 -1646.58 1212992531
2770.87 -3018.29 1212992648
3196.34 -3147.75 1212992713
3349.68 -3200.2 1212992740
3815.93 -3286.13 1212992805
4194.42 -3503.75 1212992857
4452.36 -3260.47 1212992917
4447.04 -3254.89 1212992982
4446.15 -3253.77 1212993022
4445.27 -3252.66 1212993039
4014.48 -2950.21 1212993084
3951.55 -2930.13 1212993117
3862.91 -3258.24 1212993168
3876.2 -3379.88 1212993232
3877.09 -3379.88 1212993282
3882.41 -3273.86 1212993407
3822.13 -3430.1 1212993468
3898.36 -3502.63 1212993527
3893.93 -3494.82 1212993589
3880.63 -3484.78 1212993595
3880.63 -3484.78 1212993607
4014.48 -3587.45 1212993659
4515.29 -3557.32 1212993716
4941.65 -3287.25 1212993780
5183.63 -3365.37 1212993836
5183.63 -3365.37 1212993845
4803.37 -3293.95 1212993905
4092.48 -3107.57 1212994009
3912.55 -3069.63 1212994062
3579.26 -3394.39 1212994116
3417.94 -3330.77 1212994169
3343.48 -3199.09 1212994183
3370.96 -2969.19 1212994248
3381.59 -2904.46 1212994320
3365.64 -2979.23 1212994380
2811.64 -2984.81 1212994446
2424.29 -3183.46 1212994500
1838.38 -3440.14 1212994560
1353.52 -3519.37 1212994620
1505.98 -3981.37 1212994680
1504.21 -3981.37 1212994716
1504.21 -3981.37 1212994731
1508.64 -4000.34 1212994732
1375.68 -3575.17 1212994792
501.699 -3373.18 1212994951
994.535 -2712.5 1212994978
1094.7 -2223.64 1212995043
1149.65 -2127.65 1212995055
1041.51 -2154.44 1212995115
682.524 -2762.72 1212995175
96.617 -2949.1 1212995235
-621.363 -2728.12 1212995300
-891.713 -2125.42 1212995356
-1396.96 -1643.23 1212995416
-1746.2 -1540.54 1212995479
-2067.07 -1450.12 1212995542
-2521.79 -1832.99 1212995596
-3721.08 -1912.24 1212995731
-3748.56 -1636.53 1212995753
-3779.59 -1086.22 1212995811
-3887.73 -667.603 1212995869
-3932.05 -77.0339 1212995929
-3963.96 167.467 1212995990
-3963.07 164.118 1212996050
-4031.32 159.652 1212996072
-3815.93 582.801 1212996137
-3523.42 597.316 1212996187
-2953.47 424.258 1212996247
-2683.12 436.539 1212996307
-2661.84 443.238 1212996372
-2666.27 443.238 1212996433
-2690.21 443.238 1212996489
-2455.31 657.609 1212996549
-1682.38 669.89 1212996615
-1571.58 1004.86 1212996669
-1146.99 1077.43 1212996729
-898.804 1117.63 1212996779
-465.357 1187.98 1212996839
8.86394 1267.26 1212996904
-167.529 1570.98 1212996982
-225.144 2022.12 1212997027
-123.209 2238.76 1212997087
-130.3 2263.33 1212997131
30.1374 2182.93 1212997188
325.307 2161.71 1212997248
756.094 2236.53 1212997308
697.592 2224.25 1212997373
700.252 2220.9 1212997392
1076.08 2197.45 1212997450
1140.79 1799.9 1212997520
1162.95 1295.17 1212997570
1176.25 1108.7 1212997630
1202.84 725.717 1212997697
1232.09 425.374 1212997750
1454.57 62.5208 1212997811
1490.03 -408.606 1212997869
1300.34 -407.49 1212997928
1105.33 -198.724 1212997988
857.143 326.006 1212998048
620.476 311.492 1212998109
104.595 270.183 1212998165
100.163 270.183 1212998167
216.28 426.491 1212998227
786.232 497.947 1212998287
1028.22 437.655 1212998360
1137.24 515.811 1212998417
1418.23 516.927 1212998468
1460.78 3.34932 1212998528
1485.6 -439.865 1212998594
1523.71 -869.659 1212998649
1540.55 -1060.55 1212998690
1727.58 -876.357 1212998751
1699.22 -520.244 1212998811
1750.63 18.9795 1212998874
1752.4 -21.2123 1212998923
1648.69 135.09 1212998990
1611.47 622.996 1212999045
1583.1 968.009 1212999095
1427.98 1926.08 1212999154
1373.91 2238.76 1212999209
1336.68 2751.37 1212999274
1928.79 2845.18 1212999334
1985.52 2876.45 1212999356
1983.75 2879.8 1212999357
1983.75 2879.8 1212999371
2163.69 2875.33 1212999417
2323.24 2924.47 1212999468
2600.68 2966.91 1212999524
2764.66 3182.47 1212999586
2830.26 3313.14 1212999646
2540.41 3287.45 1212999714
2245.24 3208.16 1212999765
2244.35 3203.69 1212999776
1952.73 3171.3 1212999832
1381.89 3078.6 1212999892
1417.34 2974.73 1212999937
1700.99 3033.92 1212999998
2320.58 3145.61 1213000067
2816.08 3261.77 1213000117
2775.3 3537.64 1213000178
2699.07 4093.89 1213000238
2805.44 4255.85 1213000300
2806.32 4256.97 1213000360
2806.32 4256.97 1213000376
2592.7 4223.46 1213000436
2594.48 4220.11 1213000450
2595.36 4218.99 1213000510
2594.48 4220.11 1213000533
2523.56 4259.2 1213000593
2394.15 4293.83 1213000653
2425.18 3992.24 1213000720
2486.34 3649.33 1213000775
2486.34 3649.33 1213000791
2305.51 3189.17 1213000844
1720.49 2865.28 1213000895
1572.46 2826.19 1213000958
1572.46 2825.08 1213000995
1571.58 2825.08 1213000996
1574.24 2821.73 1213001056
1570.69 2825.08 1213001116
1574.24 2823.96 1213001134
1432.41 2876.45 1213001193
1410.25 2876.45 1213001218
1317.18 2841.83 1213001280
1137.24 2825.08 1213001338
970.602 3752.09 1213001398
909.441 4149.74 1213001465
842.961 4555.22 1213001521
842.961 4555.22 1213001534
-312.011 4393.25 1213001598
-1365.93 4868 1213001641
-2820.51 4777.52 1213001700
-3705.13 5703.64 1213001760
-3844.29 7203.08 1213001812
-3908.11 7888.09 1213001840
-4422.22 9306.34 1213001892
-5136.66 10620.9 1213001948
-6267.7 11563.3 1213001992
-6678.1 12983.3 1213002043
-7085.84 15937 1213002144
-6702.91 17429.4 1213002186
-7075.2 18917.6 1213002237
-7029.99 20413.9 1213002281
-7337.57 20954.5 1213002350
-7322.5 20975.7 1213002379
-7322.5 20975.7 1213002386
-7485.6 20721.6 1213002446
-7167.39 19424.5 1213002506
-6768.51 17975.4 1213002549
-7008.72 16452.7 1213002592
-7162.07 14974 1213002643
-7150.54 13418.3 1213002673
-6339.49 12170.4 1213002719
-5566.56 10855.6 1213002773
-4585.32 9731.08 1213002825
-4231.65 8231.17 1213002880
-3907.23 7793.1 1213002902
-3851.38 7194.14 1213002924
-3712.22 5676.82 1213002978
-3205.2 4893.69 1213003039
-1755.95 4799.86 1213003095
-672.773 4327.34 1213003150
-39.0014 4421.17 1213003204
151.573 4207.82 1213003264
217.167 3764.38 1213003313
305.806 3204.8 1213003373
-18.6143 3065.2 1213003438
-359.876 2689.94 1213003508
-243.758 1947.3 1213003554
-162.21 1457.08 1213003614
-94.8442 1232.64 1213003687
10.6367 1471.6 1213003734
970.602 1627.93 1213003794
1275.52 1879.18 1213003855
1202.84 2300.19 1213003898
1326.93 2748.02 1213003958
1600.83 2794.92 1213004008
1600.83 2794.92 1213004012
1730.24 2773.7 1213004073
1841.04 2089.12 1213004143
1640.72 1579.91 1213004204
1527.26 1460.43 1213004264
1580.44 973.592 1213004324
1633.62 314.842 1213004385
1664.65 -140.67 1213004445
1716.95 -856.263 1213004506
1578.67 -1337.38 1213004566
1566.26 -1338.5 1213004608
1212.59 -1981.44 1213004658
1196.63 -1995.95 1213004718
1186.88 -2007.11 1213004778
1187.77 -2001.53 1213004838
1199.29 -1984.79 1213004898
1391.64 -1643.23 1213004960
1912.84 -1330.69 1213005019
2947.26 -1212.36 1213005079
3398.44 -1168.83 1213005139
3730.83 -948.918 1213005199
3586.35 -966.778 1213005260
3581.92 -984.639 1213005321
3587.24 -953.383 1213005382
3592.56 -951.15 1213005442
3590.78 -954.499 1213005512
3585.47 -961.197 1213005573
3589.9 -962.313 1213005631
3592.56 -963.43 1213005694
3596.99 -958.964 1213005743
3602.31 -971.244 1213005803
3599.65 -982.407 1213005863
3675.88 -912.079 1213005923
3675.88 -952.266 1213005983
3675.88 -951.15 1213006043
