4252.03 -15974.1 1211861775
4159.85 -16075.5 1211861818
3292.07 -15923.9 1211861881
2940.17 -14418.4 1211861920
2614.86 -12908.1 1211861955
2675.14 -11394.3 1211862022
3700.7 -10244.7 1211862059
4169.6 -8826.27 1211862106
3898.36 -7347.33 1211862150
3642.19 -5878.17 1211862195
3172.41 -4432.18 1211862241
2645 -2964.72 1211862294
1178.9 -3171.19 1211862354
-36.3422 -3186.81 1211862414
-126.754 -3182.35 1211862484
-498.154 -3096.41 1211862544
-863.348 -3100.88 1211862595
-865.121 -3105.34 1211862655
-976.807 -3200.2 1211862717
-871.326 -3197.97 1211862726
-116.118 -3192.39 1211862786
123.209 -3038.38 1211862846
-705.57 -3550.62 1211862909
-1763.04 -5467.61 1211862986
-3129.86 -6010.93 1211863023
-3097.95 -7513.53 1211863066
-3208.75 -9015.86 1211863110
-2675.14 -10461 1211863163
-1939.43 -11771.1 1211863209
-1013.15 -13002.9 1211863239
-171.961 -14231.2 1211863292
848.279 -14557.7 1211863327
2270.94 -14103 1211863373
3083.77 -15346.7 1211863434
4007.39 -16182.4 1211863494
4404.49 -16063.2 1211863605
4408.04 -16057.6 1211863657
4407.15 -16059.9 1211863718
4406.27 -16059.9 1211863749
4406.27 -16061 1211863809
4407.15 -16061 1211863869
4408.04 -16059.9 1211863929
4408.04 -16058.7 1211864001
4416.02 -16046.5 1211864050
4418.68 -16038.7 1211864110
4280.4 -16144.5 1211864309
4523.27 -16087.7 1211864351
