-2546.61 1366.63 1211399006
1712.51 2924.47 1211399008
1710.74 2924.47 1211399010
1295.91 2851.88 1211399071
1282.61 2754.72 1211399157
1321.61 2485.57 1211399213
1368.59 2133.79 1211399252
1404.94 1928.32 1211399313
1276.41 1892.58 1211399357
1261.34 1901.52 1211399396
1201.95 2465.47 1211399456
1119.52 2816.14 1211399516
1099.13 3022.76 1211399583
913.873 3337.71 1211399634
594.771 3282.99 1211399695
594.771 3282.99 1211399716
325.307 3230.49 1211399764
180.824 3204.8 1211399824
111.686 3195.87 1211399885
95.7306 3193.64 1211399910
-21.2735 3180.23 1211399911
-421.037 3125.51 1211399979
-922.737 3041.74 1211400029
-1247.16 2988.13 1211400099
-1560.94 2477.75 1211400230
-1554.74 2419.68 1211400256
-1551.19 2410.75 1211400278
-1290.59 2440.9 1211400328
-1287.93 2440.9 1211400383
-561.088 2475.52 1211400495
-531.837 2143.84 1211400554
-531.837 2143.84 1211400573
-535.382 1943.95 1211400579
-542.473 1602.25 1211400621
-721.525 1572.1 1211400670
-941.351 1679.3 1211400751
-998.967 2048.92 1211400803
-1027.33 2497.85 1211400864
-1341.11 2449.83 1211400922
-2001.48 2366.07 1211400982
-2261.19 2350.44 1211401017
-2622.84 2334.81 1211401066
-2615.75 2367.19 1211401127
-2616.64 2364.96 1211401154
-2637.02 2512.37 1211401200
-2832.03 2532.47 1211401260
-2832.03 2532.47 1211401289
-2970.31 2523.54 1211401329
-2962.33 2519.07 1211401366
-2962.33 2519.07 1211401426
-2972.97 2515.72 1211401486
-2972.08 2516.84 1211401547
-2972.97 2513.49 1211401608
-2972.08 2516.84 1211401668
-2972.08 2520.19 1211401729
-2972.97 2521.31 1211401789
-2972.08 2520.19 1211401850
-2970.31 2515.72 1211401910
-2970.31 2515.72 1211401981
-2970.31 2515.72 1211402031
-2923.33 2496.74 1211402101
-2917.12 2318.05 1211402152
-2590.93 2319.17 1211402221
-2543.07 2321.4 1211402272
-2260.31 2337.04 1211402333
-1826.86 2343.74 1211402411
-1740.88 2015.42 1211402484
-1683.26 1660.31 1211402513
-1680.6 1593.31 1211402554
-1627.42 1291.82 1211402604
-1012.26 1310.8 1211402664
-1012.26 1310.8 1211402686
-276.555 1428.05 1211402724
426.356 1547.53 1211402785
971.488 1636.86 1211402856
1113.31 1658.08 1211402905
1290.59 1677.06 1211402927
1552.08 1761.93 1211402989
1581.33 1735.13 1211403008
1572.46 1718.38 1211403046
1733.79 1661.43 1211403106
1980.21 1909.33 1211403175
2013 1680.41 1211403226
1870.29 1652.5 1211403286
1861.43 1651.38 1211403342
1945.64 1631.28 1211403412
1763.92 1709.45 1211403462
1532.58 1477.18 1211403533
1472.3 1642.45 1211403582
1435.07 1895.93 1211403642
1344.66 2506.79 1211403702
1295.91 2730.15 1211403762
1247.16 3050.68 1211403822
1086.72 3248.36 1211403891
781.8 3207.04 1211403942
781.8 3207.04 1211403972
199.439 3114.34 1211404003
199.439 3114.34 1211404016
173.733 3179.12 1211404044
170.188 3194.75 1211404046
300.488 3231.61 1211404107
717.093 3300.86 1211404166
727.73 3307.56 1211404209
907.668 3247.25 1211404268
994.535 2673.19 1211404309
1084.95 2099.17 1211404375
1108.88 1955.12 1211404438
1086.72 1759.7 1211404489
1039.74 1500.63 1211404550
1128.38 1229.29 1211404610
2329.44 997.04 1211404670
2661.84 266.833 1211404730
2870.15 -1038.22 1211404791
2455.31 -2508.25 1211404844
2455.31 -2508.25 1211404862
2987.15 -3887.63 1211404895
3487.08 -5301.37 1211404962
3770.72 -6778.44 1211405002
3994.09 -8026.61 1211405043
4107.55 -9504.31 1211405093
3250.41 -10727.5 1211405168
2541.29 -11654 1211405209
2379.08 -11980.7 1211405302
2421.63 -12287.2 1211405331
2671.59 -12588.2 1211405391
2822.28 -13311.6 1211405451
2815.19 -13438.7 1211405533
2813.42 -13435.4 1211405572
2970.31 -13439.8 1211405650
3064.27 -13423.1 1211405693
3065.15 -13425.3 1211405695
3066.04 -13425.3 1211405702
3059.83 -13416.4 1211405763
3060.72 -13545.7 1211405832
2161.03 -14041.7 1211405883
1433.3 -14052.8 1211405946
2005.91 -14064 1211406004
2975.63 -14979 1211406063
3566.85 -16303.9 1211406123
