3724.63 -977.942 1212362678
3744.13 -969.011 1212362745
3745.9 -969.011 1212362798
3745.02 -969.011 1212362844
3610.28 -987.988 1212362903
3436.55 -1159.9 1212362963
2692.87 -1255.9 1212363024
2003.25 -1321.76 1212363085
1558.28 -1214.59 1212363147
1521.94 -718.955 1212363205
1498.89 -390.744 1212363265
1454.57 102.713 1212363325
1258.68 259.018 1212363386
1196.63 526.976 1212363446
981.239 504.646 1212363506
616.931 737.999 1212363566
578.816 1129.91 1212363651
882.849 1113.16 1212363712
788.005 1018.25 1212363772
881.076 986.991 1212363832
986.557 879.801 1212363892
969.716 507.995 1212363973
855.371 511.345 1212364000
600.089 778.194 1212364061
586.793 915.531 1212364121
575.27 1129.91 1212364156
329.739 1277.3 1212364216
292.51 1497.28 1212364277
270.35 1656.96 1212364337
218.939 1916.03 1212364398
140.937 2028.82 1212364459
529.177 2197.45 1212364519
969.716 2268.92 1212364553
1179.79 2304.65 1212364613
1320.73 2323.64 1212364674
1916.38 2426.38 1212364733
2256.76 2559.28 1212364794
2178.76 2936.76 1212364858
2178.76 2936.76 1212364874
2132.67 3085.3 1212364935
2278.03 3020.52 1212364991
1851.68 2966.91 1212365052
1780.77 3400.26 1212365112
1622.1 3418.13 1212365154
1622.1 3418.13 1212365156
1486.48 3328.78 1212365217
1407.59 2907.72 1212365279
1256.91 2856.35 1212365337
758.754 2793.81 1212365398
478.653 2828.43 1212365462
249.077 2798.27 1212365519
247.304 2693.29 1212365580
272.123 2483.34 1212365649
330.625 2192.98 1212365700
393.559 1780.91 1212365761
442.311 1579.91 1212365821
-13.2959 1257.21 1212365942
-99.2762 1240.46 1212365969
-185.256 1661.43 1212366035
-270.35 2191.86 1212366093
-244.645 3036.16 1212366299
-788.891 2945.69 1212366359
-1024.67 2528.01 1212366419
-1037.08 2484.45 1212366447
-1500.67 1990.85 1212366513
-1687.7 1655.85 1212366563
-1660.22 1467.13 1212366624
-1750.63 1153.36 1212366684
-2161.03 697.804 1212366741
-2491.65 655.375 1212366802
-2515.59 238.921 1212366862
-2679.57 -164.115 1212366931
-2657.41 -643.043 1212367043
-2658.3 -644.16 1212367114
-2664.5 -641.927 1212367165
-2666.27 -649.741 1212367230
-2660.07 -643.043 1212367290
-2657.41 -640.81 1212367347
-2660.96 -644.16 1212367410
-2662.73 -647.509 1212367467
-2659.18 -643.043 1212367536
-2652.98 -636.345 1212367597
-2658.3 -641.927 1212367648
-2653.86 -640.81 1212367684
-2650.32 -761.375 1212367746
-2426.06 -1198.97 1212367813
-2254.1 -1606.4 1212367870
-1458.12 -1623.14 1212367995
-1246.27 -1588.54 1212368047
-624.022 -1364.17 1212368108
69.1388 -1262.59 1212368166
684.297 -1214.59 1212368226
939.578 -969.011 1212368287
1048.6 -737.932 1212368347
1305.66 -721.187 1212368408
1502.44 -530.291 1212368468
997.194 -562.666 1212368528
927.169 -908.73 1212368588
530.95 -1041.57 1212368649
335.057 -1058.32 1212368708
336.83 -1056.08 1212368769
311.124 -1063.9 1212368832
-195.893 -1102.97 1212368895
-324.42 -1277.11 1212368932
-1443.94 -1613.09 1212369076
-2482.79 -369.533 1212369261
-2660.07 -188.676 1212369319
-2661.84 -639.694 1212369442
-2663.62 -638.578 1212369500
-2657.41 -637.461 1212369558
-2660.96 -637.461 1212369597
-2687.55 -75.9174 1212369671
-2445.56 448.82 1212369812
-2399.47 245.62 1212369895
-2706.16 232.222 1212369955
-2915.35 223.291 1212369988
-2912.69 224.407 1212370048
-2912.69 224.407 1212370067
-2587.39 649.793 1212370140
-1758.61 889.85 1212370201
-1500.67 1242.69 1212370267
-935.146 1333.14 1212370322
-999.853 2038.87 1212370384
-1039.74 2453.18 1212370478
-701.138 2858.58 1212370530
-0.886394 2971.38 1212370597
761.413 3095.35 1212370655
1062.79 3204.8 1212370712
1025.56 3494.08 1212370772
906.782 4170.96 1212370836
952.874 4912.69 1212370956
1370.37 4997.59 1212371013
1338.46 5092.54 1212371034
1225 5177.44 1212371099
1445.71 5191.97 1212371162
1819.77 4861.3 1212371225
2184.96 4538.46 1212371298
2337.42 4394.36 1212371361
2359.58 4394.36 1212371425
2415.42 4338.51 1212371462
2851.53 3954.26 1212371588
2921.56 3717.47 1212371642
3104.15 3327.66 1212371703
3292.96 3045.09 1212371766
2949.92 2621.82 1212371827
2787.71 2488.92 1212371884
2785.94 2488.92 1212371890
2746.94 2493.39 1212371905
2515.59 2592.78 1212371959
2359.58 2803.86 1212372023
2159.26 2907.72 1212372080
1729.36 2921.12 1212372140
1339.34 2866.4 1212372200
1123.06 2856.35 1212372263
1060.13 3204.8 1212372320
963.511 3823.58 1212372382
848.279 4540.7 1212372442
419.265 4515 1212372503
-94.8442 4430.11 1212372563
-639.09 4483.73 1212372626
-741.026 4660.22 1212372710
-738.367 4644.58 1212372747
-738.367 4644.58 1212372749
-639.09 4458.04 1212372809
-439.652 4226.81 1212372898
-639.977 3910.7 1212372961
-678.092 3902.88 1212372980
-678.092 3906.23 1212373041
-678.978 3900.65 1212373075
-773.822 4418.94 1212373138
-592.111 4454.68 1212373157
-506.131 4466.97 1212373180
-506.131 4468.09 1212373209
-356.331 4376.49 1212373267
374.058 4496.01 1212373326
822.574 4566.39 1212373385
998.967 4477.02 1212373445
1105.33 3825.81 1212373505
1165.61 3448.29 1212373566
1190.43 3275.17 1212373626
1411.14 3157.9 1212373689
1957.16 3169.06 1212373746
2006.8 2885.38 1212373806
2268.28 2887.62 1212373869
2469.49 2933.41 1212373927
2572.32 2927.82 1212373951
2584.73 2908.84 1212374011
2691.09 2821.73 1212374062
2690.21 2823.96 1212374063
2873.69 2830.66 1212374116
3257.5 3245.01 1212374178
3389.57 2867.52 1212374236
3394.89 2875.33 1212374250
2988.04 2648.62 1212374310
2964.1 2543.64 1212374370
3049.2 2522.42 1212374413
2945.49 1986.38 1212374474
2697.3 707.852 1212374535
2893.19 -785.935 1212374598
2432.27 -2261.59 1212374652
1363.27 -3138.82 1212374715
1.77279 -3184.58 1212374775
44.3197 -3126.55 1212374832
159.551 -2887.72 1212374892
159.551 -2881.02 1212374933
159.551 -2881.02 1212374938
112.572 -2683.48 1212374998
-81.5483 -2465.84 1212375055
-63.8204 -2341.95 1212375078
-247.304 -1827.41 1212375139
-261.486 -1815.13 1212375202
-257.941 -1811.78 1212375260
-257.941 -1811.78 1212375320
-257.054 -1809.55 1212375381
-259.714 -1810.66 1212375442
-265.032 -1816.24 1212375502
-261.486 -1811.78 1212375562
-260.6 -1812.9 1212375622
-258.827 -1810.66 1212375682
-280.101 -1760.43 1212375742
-595.657 -1482.5 1212375802
-799.528 -1493.66 1212375863
-1442.16 -1614.21 1212375926
-2098.98 -1275.99 1212375983
-2398.58 -1040.45 1212376043
-2657.41 -616.251 1212376103
-2667.16 -619.6 1212376164
-2661.84 -618.483 1212376203
-2756.69 -649.741 1212376264
-2756.69 -649.741 1212376324
-2757.57 -649.741 1212376384
-2757.57 -649.741 1212376444
-2756.69 -649.741 1212376504
-2756.69 -650.858 1212376564
-2757.57 -650.858 1212376625
-2754.03 -646.392 1212376685
-2755.8 -646.392 1212376746
-2758.46 -649.741 1212376810
-2758.46 -650.858 1212376866
-2758.46 -649.741 1212376926
-2757.57 -649.741 1212376989
-2756.69 -649.741 1212377047
-2757.57 -649.741 1212377112
-2756.69 -653.09 1212377173
-2756.69 -653.09 1212377233
-2756.69 -651.974 1212377294
-2755.8 -650.858 1212377354
-2755.8 -649.741 1212377414
-2755.8 -649.741 1212377474
-2756.69 -650.858 1212377516
-2757.57 -649.741 1212377575
-2755.8 -650.858 1212377636
-2755.8 -650.858 1212377696
-2756.69 -650.858 1212377756
-2756.69 -649.741 1212377816
-2757.57 -648.625 1212377876
-2756.69 -649.741 1212377937
-2756.69 -648.625 1212377997
-2755.8 -649.741 1212378058
-2755.8 -648.625 1212378117
-2757.57 -648.625 1212378177
-2755.8 -647.509 1212378237
-2755.8 -648.625 1212378297
-2756.69 -648.625 1212378357
-2756.69 -648.625 1212378418
-2756.69 -647.509 1212378478
-2755.8 -646.392 1212378538
-2754.03 -644.16 1212378599
-2754.03 -643.043 1212378658
-2754.03 -644.16 1212378718
-2756.69 -648.625 1212378779
-2754.03 -640.81 1212378838
-2754.91 -645.276 1212378899
-2755.8 -647.509 1212378959
-2756.69 -648.625 1212379022
-2754.91 -644.16 1212379079
-2754.03 -643.043 1212379139
-2754.91 -646.392 1212379200
-2756.69 -645.276 1212379260
-2755.8 -645.276 1212379320
-2755.8 -646.392 1212379380
-2756.69 -647.509 1212379441
-2756.69 -648.625 1212379489
-2756.69 -646.392 1212379549
-2758.46 -648.625 1212379610
-2760.23 -651.974 1212379670
-2758.46 -650.858 1212379731
-2756.69 -648.625 1212379791
-2756.69 -647.509 1212379851
-2756.69 -647.509 1212379911
-2756.69 -647.509 1212379971
-2754.91 -645.276 1212380032
-2755.8 -646.392 1212380093
-2754.91 -644.16 1212380154
-2754.91 -645.276 1212380214
-2755.8 -647.509 1212380274
-2755.8 -646.392 1212380334
-2756.69 -650.858 1212380395
-2761.12 -662.021 1212380455
-2756.69 -649.741 1212380516
-2754.91 -649.741 1212380576
-2754.91 -648.625 1212380638
-2756.69 -654.207 1212380696
-2758.46 -645.276 1212380756
-2757.57 -651.974 1212380816
-2755.8 -649.741 1212380876
-2756.69 -649.741 1212380937
-2756.69 -650.858 1212380997
-2756.69 -653.09 1212381058
-2756.69 -654.207 1212381118
-2756.69 -651.974 1212381178
-2756.69 -648.625 1212381239
-2756.69 -651.974 1212381299
-2759.35 -657.556 1212381360
-2744.28 -803.796 1212381421
-2568.77 -477.822 1212381480
-2690.21 14.5137 1212381540
-2677.8 434.306 1212381600
-2163.69 462.218 1212381660
-1671.74 566.054 1212381720
-1517.51 657.609 1212381781
-1423.55 1031.65 1212381841
-1063.67 1093.07 1212381904
-882.849 1125.45 1212381961
-455.607 1187.98 1212382022
-54.9565 1079.67 1212382082
29.251 413.093 1212382143
47.8653 164.118 1212382203
46.0925 168.584 1212382264
58.502 85.9662 1212382324
67.366 65.8701 1212382385
63.8204 61.4043 1212382445
56.7292 87.0826 1212382483
66.4796 77.0346 1212382565
49.6381 244.504 1212382626
29.251 569.403 1212382686
4.43197 863.052 1212382746
-5.31837 952.377 1212382775
-16.8415 1154.48 1212382813
39.8877 1194.68 1212382897
38.115 1214.77 1212382980
27.4782 1278.42 1212383045
214.507 1304.1 1212383124
271.237 1511.8 1212383185
914.759 1636.86 1212383248
1292.36 1790.96 1212383307
1537.89 2044.45 1212383367
1835.72 2081.31 1212383429
1841.04 2023.24 1212383489
1849.91 1813.3 1212383549
1622.99 1974.1 1212383609
284.533 1524.08 1212383737
240.213 1299.64 1212383786
239.326 1300.75 1212383787
-132.959 1235.99 1212383847
30.1374 448.82 1212383907
45.2061 252.319 1212383967
39.8877 254.552 1212383978
-118.777 71.4524 1212384039
-264.146 236.688 1212384099
-1005.17 197.612 1212384160
-1070.76 184.214 1212384182
-1069.88 183.098 1212384190
-1251.59 554.889 1212384246
-1297.68 837.371 1212384293
-1309.2 1262.79 1212384353
-895.258 1343.19 1212384413
-982.125 1932.78 1212384475
-1022.9 2516.84 1212384534
-388.241 2909.96 1212384594
375.831 3040.63 1212384656
1056.58 3136.68 1212384717
1600.83 3234.96 1212384774
2086.57 3331.01 1212384834
2304.63 3396.91 1212384874
2307.28 3390.21 1212384878
2382.63 3404.73 1212384940
2167.23 3207.04 1212384999
1422.66 3087.53 1212385060
1345.55 3351.12 1212385123
1772.79 3469.51 1212385180
1917.27 3381.27 1212385240
2348.06 3367.87 1212385300
2691.09 3380.16 1212385362
2450.88 3228.26 1212385420
2437.58 3198.1 1212385469
2282.47 3210.39 1212385533
1548.53 3073.01 1212385590
1359.73 3221.56 1212385652
1357.07 3270.7 1212385713
1357.96 3272.93 1212385752
1355.3 3271.82 1212385767
1420.89 3405.84 1212385814
1685.92 3456.11 1212385868
1631.85 3368.99 1212385928
1682.38 3036.16 1212385988
1424.44 2808.32 1212386048
1434.19 2793.81 1212386112
1429.75 2830.66 1212386169
1432.41 2817.26 1212386230
1423.55 2817.26 1212386299
1424.44 2812.79 1212386350
1439.5 2823.96 1212386386
1565.37 2813.91 1212386451
2106.07 2887.62 1212386507
2354.26 2901.02 1212386571
2412.77 3092 1212386628
2826.71 3213.74 1212386691
3050.97 2983.67 1212386757
3435.66 2826.19 1212386814
3502.14 2906.6 1212386920
3448.96 2842.95 1212386977
3571.28 2691.06 1212387037
3781.36 2871.98 1212387103
3996.75 3087.53 1212387192
4001.18 3056.26 1212387237
3982.57 3084.18 1212387337
3995.87 3059.61 1212387366
3594.33 2715.63 1212387490
2988.04 2104.76 1212387547
2416.31 1539.71 1212387607
2142.42 1507.33 1212387667
1767.47 1881.41 1212387728
1350.87 1582.15 1212387790
985.671 1211.43 1212387849
606.294 837.371 1212387911
53.1837 295.861 1212387970
-312.897 62.5208 1212388033
-310.238 61.4043 1212388042
-143.596 66.9866 1212388100
54.0701 236.688 1212388159
198.552 407.51 1212388219
586.793 791.593 1212388280
628.454 490.131 1212388350
1027.33 519.16 1212388400
1115.97 523.626 1212388429
1378.34 545.956 1212388486
2075.94 599.549 1212388548
2823.17 650.909 1212388606
3443.64 607.365 1212388666
3488.85 56.9385 1212388727
3416.16 -117.225 1212388787
3417.05 -116.109 1212388791
3429.46 -18.9794 1212388853
3309.8 142.905 1212388911
3352.34 547.073 1212388973
3479.1 557.122 1212389032
3482.64 554.889 1212389092
3479.98 558.238 1212389153
3537.6 559.355 1212389213
3031.47 673.24 1212389275
2549.27 635.278 1212389335
2296.65 619.647 1212389396
2058.21 601.782 1212389432
1824.2 586.151 1212389468
1609.69 564.937 1212389531
1277.29 542.607 1212389594
1044.17 519.16 1212389648
612.499 707.852 1212389711
608.953 800.525 1212389761
1158.52 1359.93 1212389887
1412.03 1635.75 1212389944
1584.87 1790.96 1212389977
1584.87 1789.85 1212389978
