3630.67 -947.801 1211586341
3650.17 -973.476 1211586408
3643.08 -973.476 1211586464
3644.85 -973.476 1211586529
3648.4 -981.29 1211586583
3644.85 -970.127 1211586653
3646.63 -979.058 1211586764
3647.51 -982.407 1211586824
3645.74 -983.523 1211586886
3645.74 -973.476 1211586952
3647.51 -976.825 1211587006
3643.97 -973.476 1211587072
3642.19 -964.546 1211587196
3650.17 -983.523 1211587247
3645.74 -979.058 1211587307
3642.19 -975.709 1211587437
3622.69 -983.523 1211587491
3580.15 -1082.87 1211587613
3550.01 -1142.04 1211587858
3050.08 -1187.8 1211587914
1815.34 -1037.11 1211588150
1568.92 -1063.9 1211588243
1529.03 -868.543 1211588340
1505.98 -514.662 1211588373
1485.6 -361.718 1211588433
1454.57 125.042 1211588493
1428.87 413.093 1211588553
1410.25 641.977 1211588613
1232.97 704.503 1211588687
989.216 1016.02 1211588747
983.898 1070.73 1211588811
770.277 1171.23 1211588873
615.158 1365.52 1211588928
582.361 1540.83 1211589009
78.8891 1591.08 1211589093
