3683.86 -985.756 1212587619
3685.63 -980.174 1212587679
3692.72 -993.57 1212587739
3690.06 -991.337 1212587799
3685.63 -992.453 1212587859
3693.61 -985.756 1212587922
3695.38 -995.802 1212587979
3699.81 -991.337 1212588039
3665.24 -925.475 1212588089
3617.38 -956.732 1212588149
3620.92 -965.662 1212588209
3620.03 -957.848 1212588270
3663.47 -979.058 1212588330
3716.65 -975.709 1212588390
3731.72 -967.895 1212588450
3730.83 -965.662 1212588516
3730.83 -970.127 1212588574
3730.83 -966.778 1212588634
3731.72 -961.197 1212588695
3731.72 -964.546 1212588752
3729.95 -965.662 1212588813
3732.61 -970.127 1212588934
3723.74 -931.057 1212588994
3598.76 -981.29 1212589054
3597.88 -972.36 1212589114
3599.65 -980.174 1212589178
3700.7 -977.942 1212589235
3677.65 -928.824 1212589296
3585.47 -1011.43 1212589356
3523.42 -1153.2 1212589417
3250.41 -1177.76 1212589449
2429.61 -1317.29 1212589510
2420.74 -1319.52 1212589573
2436.7 -1334.04 1212589634
2779.73 -1577.38 1212589690
2837.35 -2007.11 1212589752
3154.68 -2238.15 1212589812
3476.44 -2455.8 1212589949
3476.44 -2463.61 1212589987
3474.67 -2466.96 1212590047
3474.67 -2466.96 1212590049
3120.99 -2251.55 1212590109
2709.71 -1912.24 1212590169
2838.23 -1489.19 1212590229
2844.44 -1366.41 1212590289
2599.79 -693.279 1212590350
2710.59 -549.269 1212590414
2712.37 -524.709 1212590471
2707.94 -501.265 1212590484
2714.14 -608.436 1212590546
2591.82 -750.212 1212590604
2645.89 -1233.57 1212590664
1995.27 -1320.64 1212590724
1697.45 -1329.57 1212590785
1387.21 -1339.62 1212590846
1191.31 -1353.01 1212590905
1153.2 -1791.69 1212590968
1087.61 -1908.89 1212591026
1088.49 -1893.26 1212591086
1090.27 -1902.19 1212591146
1091.15 -1904.42 1212591209
1090.27 -1904.42 1212591267
1089.38 -1889.91 1212591327
1088.49 -1899.96 1212591386
1088.49 -1902.19 1212591451
1090.27 -1907.77 1212591508
1090.27 -1902.19 1212591570
1086.72 -1892.14 1212591630
1088.49 -1887.68 1212591691
1008.72 -1846.38 1212591774
806.619 -1743.69 1212591837
341.262 -1778.29 1212591918
338.603 -1777.18 1212591938
372.286 -1693.46 1212591998
782.686 -1657.74 1212592059
985.671 -1552.82 1212592119
976.807 -1401.01 1212592180
967.943 -1265.94 1212592241
934.26 -846.216 1212592302
889.054 -227.75 1212592362
864.235 34.6097 1212592422
834.984 449.937 1212592482
795.096 966.893 1212592542
795.982 974.709 1212592602
1059.24 1270.61 1212592662
1156.74 1371.1 1212592722
1312.75 1637.98 1212592782
1299.45 1748.53 1212592842
1271.98 1898.17 1212592865
1180.68 2426.38 1212592925
1116.86 2913.31 1212592986
1079.63 3092 1212593047
1201.06 3152.31 1212593109
1992.61 3303.09 1212593167
2474.81 3370.1 1212593227
2659.18 3472.86 1212593288
2698.18 3595.72 1212593329
2692.87 3593.49 1212593331
2571.43 3585.67 1212593394
2286.01 3551.04 1212593421
2219.53 3548.81 1212593481
2213.33 3548.81 1212593540
2211.55 3544.34 1212593600
2211.55 3547.69 1212593661
2210.67 3551.04 1212593720
2207.12 3558.86 1212593781
2208.01 3564.45 1212593808
2058.21 3542.11 1212593868
2031.62 3716.35 1212593903
1998.82 3921.87 1212593959
2020.09 3758.79 1212594019
1906.63 3572.27 1212594079
1931.45 3391.33 1212594140
2151.28 3318.73 1212594200
2443.79 3374.57 1212594261
2767.32 3417.01 1212594326
2890.53 3469.51 1212594385
3073.13 3333.25 1212594442
3068.7 3346.65 1212594470
3004.88 3298.62 1212594536
2902.94 3308.67 1212594557
2492.54 3253.95 1212594618
2278.92 3032.81 1212594678
2333.88 2918.89 1212594745
2364.9 2835.13 1212594798
2356.04 2825.08 1212594848
2355.15 2825.08 1212594851
2352.49 2825.08 1212594857
2173.44 2799.39 1212594914
2072.39 3077.48 1212594981
2106.96 3141.14 1212594994
2044.03 3614.71 1212595055
1976.66 3984.42 1212595116
1930.57 4751.82 1212595296
1976.66 4966.31 1212595356
1959.82 5060.15 1212595424
1967.8 5244.47 1212595541
1983.75 5243.36 1212595599
1967.8 5251.18 1212595666
1975.77 5243.36 1212595726
1968.68 5251.18 1212595780
1968.68 5253.41 1212595900
2340.97 5352.84 1212596017
2752.25 5109.3 1212596075
2918.9 4952.9 1212596137
3151.13 4654.64 1212596203
3331.96 4399.95 1212596257
3768.95 3801.24 1212596383
3981.68 3485.15 1212596441
4192.65 2435.31 1212596561
4049.94 2187.39 1212596629
4049.94 2186.28 1212596631
4052.6 2185.16 1212596701
4052.6 2187.39 1212596705
4052.6 2187.39 1212596708
3902.79 2054.5 1212596767
3495.05 1631.28 1212596828
3840.75 167.467 1212596886
3763.63 -1346.31 1212596936
2887.87 -2612.05 1212596981
3070.47 -4119.74 1212597036
3565.08 -5552.4 1212597089
3824.79 -7026.08 1212597127
4087.16 -8486.12 1212597175
3877.98 -9974.88 1212597230
2870.15 -11063.1 1212597274
2582.95 -12562.6 1212597335
2880.78 -14038.3 1212597374
3163.54 -15526.1 1212597419
3989.66 -16834.2 1212597475
4971.79 -17636.4 1212597533
5728.77 -18264.7 1212597595
6899.69 -19175.8 1212597645
8388.84 -19321.7 1212597697
9743.25 -19903.1 1212597750
10711.2 -21022.4 1212597794
11672 -22138.1 1212597838
12165.8 -22800.6 1212597897
12423.7 -23142.3 1212597957
12712.7 -23532 1212598018
13161.2 -24144.2 1212598084
14031.6 -25334.1 1212598141
15012.9 -26460.4 1212598197
15795.5 -27614.3 1212598257
15883.3 -27772.3 1212598315
16175.8 -28267.5 1212598375
16142.1 -28258.6 1212598423
16142.1 -28260.8 1212598477
16135 -28260.8 1212598484
16205.1 -28039.4 1212598543
15986.1 -27385.1 1212598603
15173.3 -26607.3 1212598665
14170.8 -25479.9 1212598708
13287.1 -24283.4 1212598755
12391.8 -23074.4 1212598799
11471.7 -21889.8 1212598848
10489.6 -20759.5 1212598894
9515.44 -19632.5 1212598942
8098.1 -19303.9 1212598990
6662.14 -19012.1 1212599037
5510.71 -18068.6 1212599086
4371.7 -17102.7 1212599141
3846.95 -16218.1 1212599201
4191.76 -16113.3 1212599261
