4523.27 -15957.3 1212699949
3854.04 -16181.3 1212700009
3946.23 -16243.7 1212700064
4035.75 -16182.4 1212700127
4034.87 -16181.3 1212700184
4032.21 -16176.8 1212700195
3417.94 -16140.1 1212700252
2999.56 -14705.9 1212700314
2020.98 -14029.4 1212700370
631.999 -14553.2 1212700422
136.505 -14508.7 1212700443
-671.887 -13265.9 1212700491
-1595.51 -12071 1212700539
-2626.39 -10928.2 1212700584
-2991.58 -9482 1212700630
-3074.9 -7955.22 1212700682
-3158.22 -6444.9 1212700728
-1914.61 -5535.66 1212700782
-1087.61 -4264.8 1212700832
-6.20476 -3232.57 1212700882
1455.46 -3157.79 1212700928
2827.6 -2638.83 1212700981
3754.77 -1428.92 1212701028
3836.32 89.3155 1212701086
3404.64 1500.63 1212701144
3663.47 1748.53 1212701204
3675.88 1769.75 1212701265
3856.7 2035.52 1212701328
3620.92 2276.73 1212701385
3137.84 2764.77 1212701447
2872.8 3066.31 1212701507
2782.39 3129.97 1212701538
2491.65 3055.14 1212701598
2415.42 3174.65 1212701667
2411.88 3228.26 1212701718
2426.06 3233.84 1212701733
2443.79 3238.31 1212701783
2398.58 3262.88 1212701832
2909.15 3446.05 1212701889
3041.22 3441.59 1212701948
3115.68 3442.7 1212702009
3184.82 3463.92 1212702069
3276.11 3467.27 1212702129
3376.28 3580.08 1212702191
3563.31 3778.9 1212702251
3756.54 3709.65 1212702311
3810.61 3805.71 1212702372
3809.72 3806.82 1212702400
3809.72 3806.82 1212702402
3599.65 4053.67 1212702462
3456.94 3901.76 1212702584
3266.36 3817.99 1212702621
3152.02 3678.37 1212702684
3093.52 3608.01 1212702739
2961.44 3558.86 1212702796
2731.87 3505.25 1212702856
2426.95 3465.04 1212702916
2169.89 3430.42 1212702978
1489.14 3316.49 1212703041
845.62 3214.86 1212703099
523.859 3162.36 1212703159
332.398 3190.29 1212703211
331.512 3189.17 1212703215
312.897 3224.91 1212703272
178.165 3135.56 1212703332
192.348 3017.17 1212703388
213.621 2899.9 1212703448
201.212 2715.63 1212703506
-146.255 2646.39 1212703572
-324.42 2596.13 1212703627
-891.713 2509.02 1212703687
-1054.81 2330.34 1212703753
-913.873 1464.9 1212703807
-846.507 1041.7 1212703868
-867.78 1020.49 1212703919
-867.78 1020.49 1212703920
-990.103 1079.67 1212703962
-1212.59 1069.62 1212704022
-1302.11 874.218 1212704083
-1287.04 631.928 1212704135
-1287.04 631.928 1212704168
-1310.98 1048.4 1212704257
-983.898 1314.15 1212704323
-216.28 1442.57 1212704378
601.862 1573.21 1212704446
1144.34 1660.31 1212704505
1295.91 1765.28 1212704560
1817.99 1757.46 1212704620
2130.89 1794.31 1212704678
2065.3 1718.38 1212704738
2064.41 1718.38 1212704740
1872.07 1782.03 1212704800
1692.13 2045.57 1212704859
1530.8 2257.75 1212704900
1518.39 2343.74 1212704926
1448.37 2672.07 1212704987
1435.96 2758.07 1212705010
1402.28 2957.98 1212705071
1381 3102.05 1212705131
1244.5 3280.75 1212705192
866.894 3215.97 1212705252
494.608 3161.25 1212705313
-124.095 3057.38 1212705376
-805.733 2953.51 1212705434
-982.125 3017.17 1212705494
-1546.76 2938.99 1212705555
-1717.83 2909.96 1212705618
-1733.79 2913.31 1212705640
-1845.47 2892.09 1212705699
-1977.55 2876.45 1212705762
-2079.48 2663.14 1212705828
-2061.75 2434.2 1212705888
-2009.46 2357.14 1212706003
-1966.91 2568.21 1212706068
-1973.11 2693.29 1212706099
-1989.07 2854.11 1212706119
-2282.47 2941.23 1212706180
-2388.83 2974.73 1212706222
-2822.28 2952.39 1212706283
-2828.48 2951.28 1212706341
-2834.69 2569.33 1212706401
-2370.22 2333.69 1212706522
-2022.75 2356.02 1212706582
-1675.29 2386.18 1212706642
-1041.51 2485.57 1212706699
-375.831 2576.03 1212706764
67.366 2669.84 1212706821
353.671 2718.98 1212706882
824.347 2794.92 1212706925
1107.11 2730.15 1212706985
1258.68 2751.37 1212707045
1642.49 2803.86 1212707105
2299.31 2904.37 1212707165
2362.24 2696.64 1212707226
2418.08 2651.97 1212707255
2487.22 2588.31 1212707312
2491.65 2583.85 1212707313
2567 2493.39 1212707347
2777.07 2717.86 1212707407
3065.15 2995.95 1212707469
3127.2 3240.54 1212707517
3332.84 3423.72 1212707581
3526.08 3409.2 1212707645
3575.72 3500.78 1212707710
3570.4 3492.96 1212707712
3651.06 3341.06 1212707773
3538.49 3209.27 1212707835
3313.34 2972.5 1212707893
3150.25 2816.14 1212707954
3098.83 2794.92 1212708013
2995.13 2870.87 1212708074
2995.13 2867.52 1212708078
3061.61 2998.19 1212708139
3378.94 3312.03 1212708199
3533.17 3534.29 1212708259
3716.65 3688.43 1212708319
3695.38 3675.02 1212708345
3697.15 3679.49 1212708347
3877.98 3676.14 1212708410
3835.43 3530.94 1212708470
3635.1 3286.34 1212708534
3628.9 3276.29 1212708544
3394.89 3032.81 1212708605
3570.4 2697.76 1212708672
3296.5 2601.71 1212708726
3275.23 2560.39 1212708747
3275.23 2645.27 1212708764
3408.19 2803.86 1212708825
3417.94 2819.49 1212708885
3706.9 2587.2 1212708945
4034.87 2169.53 1212709005
3954.21 2073.49 1212709068
3579.26 1717.26 1212709126
3666.13 677.706 1212709186
3851.38 -762.492 1212709247
3748.56 -1067.25 1212709310
3598.76 -926.591 1212709425
3592.56 -929.94 1212709457
3587.24 -953.383 1212709510
3585.47 -964.546 1212709570
3587.24 -957.848 1212709638
3582.81 -972.36 1212709831
3588.12 -973.476 1212709893
3588.12 -966.778 1212709945
3581.92 -982.407 1212710005
3591.67 -980.174 1212710065
3591.67 -1017.01 1212710135
3601.42 -1000.27 1212710186
3614.72 -927.708 1212710251
3641.31 -984.639 1212710306
3654.6 -925.475 1212710433
3653.72 -923.242 1212710487
3652.83 -912.079 1212710566
3652.83 -916.544 1212710641
3653.72 -918.777 1212710767
3652.83 -914.312 1212710830
3652.83 -913.196 1212710890
3652.83 -915.428 1212710983
3653.72 -921.01 1212711044
3652.83 -912.079 1212711115
3654.6 -910.963 1212711236
3654.6 -910.963 1212711255
3653.72 -915.428 1212711300
3651.95 -918.777 1212711359
3652.83 -918.777 1212711419
3654.6 -922.126 1212711488
3653.72 -916.544 1212711545
3653.72 -917.661 1212711584
3654.6 -923.242 1212711645
3654.6 -916.544 1212711705
3654.6 -913.196 1212711771
3654.6 -916.544 1212711825
3653.72 -914.312 1212712019
3653.72 -914.312 1212712104
3653.72 -914.312 1212712127
3653.72 -916.544 1212712226
3651.06 -913.196 1212712398
3649.29 -914.312 1212712484
3651.95 -912.079 1212712564
3654.6 -907.614 1212712657
3654.6 -907.614 1212712743
3654.6 -914.312 1212712881
3653.72 -916.544 1212712977
3652.83 -915.428 1212713032
3653.72 -916.544 1212713093
3655.49 -912.079 1212713184
3653.72 -910.963 1212713321
3655.49 -908.73 1212713381
3653.72 -910.963 1212713448
3652.83 -909.847 1212713519
3650.17 -912.079 1212713573
3650.17 -912.079 1212713595
3652.83 -914.312 1212713633
3652.83 -910.963 1212713699
3652.83 -912.079 1212713801
3652.83 -913.196 1212713860
3649.29 -912.079 1212713921
3649.29 -912.079 1212713975
3651.06 -913.196 1212714048
3652.83 -913.196 1212714157
3651.95 -910.963 1212714250
3651.06 -917.661 1212714307
3651.95 -916.544 1212714369
3651.95 -910.963 1212714427
3651.95 -910.963 1212714444
