4391.2 -15851.5 1211302331
4392.08 -15853.7 1211302356
4392.97 -15854.8 1211302382
4392.97 -15854.8 1211302384
4361.95 -15863.7 1211302450
4142.12 -16069.9 1211302510
3334.62 -16038.7 1211302552
2954.35 -14587.8 1211302598
2626.39 -13113.2 1211302645
2580.29 -11623.9 1211302693
3524.3 -10455.5 1211302741
4197.08 -9110.65 1211302793
3953.32 -7630.65 1211302838
3691.83 -6158.19 1211302888
3061.61 -4053.9 1211302971
2767.32 -2727 1211303027
3706.9 -1547.24 1211303071
3851.38 -63.6367 1211303121
3331.96 1365.52 1211303184
3262.82 1812.18 1211303248
3457.82 2013.19 1211303308
3742.36 2295.72 1211303366
3725.52 2567.09 1211303423
3445.42 2850.76 1211303486
3449.85 2849.65 1211303545
3450.73 2848.53 1211303605
3436.55 2897.67 1211303666
3446.3 2840.71 1211303729
3458.71 2819.49 1211303851
3446.3 2804.97 1211303892
3425.91 2813.91 1211303948
3426.8 2819.49 1211304011
3416.16 2812.79 1211304077
3427.69 2820.61 1211304131
3400.21 2831.78 1211304190
3443.64 2794.92 1211304250
3415.28 2826.19 1211304311
3419.71 2801.62 1211304371
3441.87 2822.84 1211304432
3425.91 2823.96 1211304492
3454.28 2802.74 1211304553
3433.89 2819.49 1211304594
3392.23 2848.53 1211304648
3415.28 2838.48 1211304757
3416.16 2836.24 1211304815
3415.28 2840.71 1211304875
3411.73 2880.92 1211304936
3407.3 2818.38 1211304997
3422.37 2812.79 1211305058
3422.37 2817.26 1211305119
3417.05 2808.32 1211305158
3196.34 2760.3 1211305218
2993.35 2654.2 1211305278
2878.12 2541.41 1211305338
2560.79 2550.34 1211305398
2516.47 2712.28 1211305458
2705.28 2653.09 1211305524
2555.48 2485.57 1211305563
2350.72 2284.55 1211305626
1872.95 1807.71 1211305680
1764.81 1699.4 1211305736
1544.99 1479.41 1211305797
1246.27 1292.94 1211305859
1198.41 1288.47 1211305917
1170.93 1106.47 1211305977
1222.34 539.257 1211306038
1220.57 399.695 1211306072
1222.34 392.996 1211306073
1245.38 186.447 1211306121
915.645 152.953 1211306181
441.424 114.994 1211306241
268.578 -13.3972 1211306304
90.4122 -85.9653 1211306336
90.4122 -88.1981 1211306338
73.5707 70.3359 1211306405
471.562 111.645 1211306464
845.62 128.391 1211306522
1152.31 -13.3972 1211306585
1466.1 -99.3624 1211306645
1466.98 -130.622 1211306683
1466.98 -128.389 1211306740
1468.76 -117.225 1211306800
1471.41 -118.342 1211306861
1502.44 -343.856 1211306896
1519.28 -516.895 1211306960
1322.5 -536.989 1211307017
1109.77 -384.046 1211307077
1042.4 -197.607 1211307138
1076.97 -243.38 1211307163
889.94 -266.824 1211307225
873.985 -48.0067 1211307286
830.552 484.549 1211307345
611.612 692.221 1211307403
585.02 1021.6 1211307463
612.499 1347.65 1211307523
536.269 1908.22 1211307643
492.835 2188.51 1211307703
441.424 2520.19 1211307767
417.492 2657.55 1211307792
364.308 2889.85 1211307852
354.558 3017.17 1211307913
322.648 3153.43 1211307978
305.806 3286.34 1211308033
248.19 3585.67 1211308094
213.621 3878.31 1211308157
226.917 4153.09 1211308219
484.858 4201.12 1211308275
833.211 4254.74 1211308335
1068.11 4292.71 1211308395
1210.81 4126.28 1211308462
1242.73 3957.61 1211308517
1405.82 3833.63 1211308577
1470.53 3432.65 1211308639
1577.78 3432.65 1211308699
1718.72 3031.69 1211308759
2075.94 3124.39 1211308819
2186.74 3114.34 1211308879
2395.04 3153.43 1211308941
2383.51 3041.74 1211309042
2363.13 3078.6 1211309102
2376.42 3046.21 1211309167
2378.2 3049.56 1211309209
2362.24 3076.37 1211309267
2368.45 3051.79 1211309321
2364.01 3073.01 1211309381
2364.9 3073.01 1211309463
2364.9 3073.01 1211309586
2359.58 3067.43 1211309646
2379.97 3040.63 1211309712
2373.76 3069.66 1211309766
2309.06 3023.87 1211309810
2309.06 3023.87 1211309850
2112.28 3295.27 1211309911
2518.25 3385.74 1211309971
2780.62 3413.66 1211310031
2811.64 3423.72 1211310060
2830.26 3470.63 1211310120
2675.14 3668.32 1211310180
2691.09 4150.85 1211310241
2933.08 4270.37 1211310302
2867.49 4885.88 1211310368
2661.84 5200.9 1211310423
2231.05 5338.31 1211310483
1935.89 5290.28 1211310541
1768.36 5318.21 1211310580
1763.92 5309.27 1211310587
1777.22 5323.79 1211310614
1768.36 5276.87 1211310677
2014.77 4722.78 1211310794
2240.81 4501.6 1211310866
2426.06 4337.39 1211310917
2619.3 4164.26 1211310977
2865.71 3940.86 1211311039
2869.26 3734.22 1211311105
2684 3622.53 1211311159
2394.15 3581.2 1211311219
2216.87 3553.28 1211311280
2201.8 3561.1 1211311345
2231.94 3451.64 1211311403
2277.15 3143.38 1211311461
2436.7 3092 1211311524
2445.56 3060.73 1211311591
2201.8 3019.41 1211311644
1732.01 2942.34 1211311710
1314.52 2861.93 1211311763
1156.74 2837.36 1211311822
625.794 2774.82 1211311882
247.304 2734.61 1211311942
382.036 2815.02 1211312007
816.369 2888.74 1211312062
1086.72 2921.12 1211312125
1308.32 3004.89 1211312186
1360.62 2990.37 1211312208
1666.42 3017.17 1211312270
2203.58 3100.94 1211312328
1900.43 2952.39 1211312385
1708.08 2928.94 1211312447
1262.23 2918.89 1211312508
1522.83 2998.19 1211312561
1591.08 3004.89 1211312599
2090.12 3078.6 1211312662
2553.7 3125.51 1211312779
2573.2 3000.42 1211312851
2555.48 2912.19 1211312868
2639.68 2909.96 1211312933
2779.73 2753.6 1211312990
2915.35 2584.96 1211313048
3050.08 2467.7 1211313108
3088.2 2435.31 1211313164
3089.08 2435.31 1211313169
3089.97 2434.2 1211313179
3192.79 2335.92 1211313231
3417.05 2082.42 1211313294
3709.56 1770.86 1211313355
3833.66 1854.61 1211313408
3839.86 1841.21 1211313413
3931.16 1954 1211313471
3909.89 1994.2 1211313537
3820.36 2077.96 1211313565
3342.59 1632.4 1211313626
3026.15 1325.32 1211313691
2670.71 1061.8 1211313746
2470.38 937.862 1211313812
2502.29 494.597 1211313866
2520.02 222.174 1211313926
2562.57 -255.66 1211313960
2685.78 -453.261 1211314019
2707.94 -541.455 1211314079
2707.05 -541.455 1211314088
2706.16 -538.106 1211314096
2706.16 -538.106 1211314110
2590.04 -369.533 1211314154
2473.93 197.612 1211314270
2028.07 204.311 1211314329
1874.72 218.825 1211314356
1655.78 203.194 1211314416
1423.55 186.447 1211314480
1079.63 161.885 1211314539
676.319 129.508 1211314598
236.667 96.0143 1211314658
166.642 93.7813 1211314685
60.2748 21.2124 1211314739
62.0476 61.4043 1211314799
61.1612 271.299 1211314859
354.558 560.471 1211314919
571.724 761.446 1211314979
714.434 932.279 1211315039
686.069 961.31 1211315099
686.069 964.659 1211315163
682.524 959.077 1211315172
544.246 1132.15 1211315232
184.37 1184.63 1211315292
-117.89 1219.24 1211315352
-325.307 1235.99 1211315418
-325.307 1237.11 1211315426
-326.193 1238.22 1211315486
-325.307 1242.69 1211315548
-323.534 1246.04 1211315603
-354.558 1210.31 1211315663
-140.937 1252.74 1211315723
93.9578 1276.19 1211315783
436.992 1330.9 1211315844
463.584 1235.99 1211315893
126.754 1393.43 1211315978
-61.1612 1359.93 1211316010
-494.608 1288.47 1211316070
-519.427 1285.12 1211316081
-460.925 1390.08 1211316142
139.164 1493.93 1211316202
592.111 1472.71 1211316262
769.39 1294.05 1211316307
930.714 1190.21 1211316371
976.807 1106.47 1211316409
1018.47 568.287 1211316470
1189.54 532.558 1211316535
1347.32 545.956 1211316592
1522.83 372.899 1211316653
1533.46 281.347 1211316674
1533.46 280.231 1211316680
1541.44 214.359 1211316730
1621.22 199.845 1211316750
1693.01 -495.684 1211316832
1717.83 -841.751 1211316893
1748.86 -1254.78 1211316940
1729.36 -1301.66 1211316997
1719.61 -1300.55 1211317058
1715.17 -1296.08 1211317120
1708.97 -1287.15 1211317183
1709.85 -1286.04 1211317239
1709.85 -1288.27 1211317300
1715.17 -1284.92 1211317363
1717.83 -1291.62 1211317423
1584.87 -1330.69 1211317481
1691.24 -1230.22 1211317522
1941.2 -1229.11 1211317582
2165.46 -1323.99 1211317642
2941.06 -1196.73 1211317698
3686.51 -1147.62 1211317758
3750.33 -1009.2 1211317823
3620.92 -915.428 1211317879
3585.47 -954.499 1211317940
3585.47 -955.615 1211318000
3583.69 -954.499 1211318061
3582.81 -946.685 1211318125
3589.01 -958.964 1211318181
3585.47 -975.709 1211318241
3633.33 -981.29 1211318306
3657.26 -981.29 1211318361
3671.45 -970.127 1211318426
3672.33 -971.244 1211318482
3672.33 -970.127 1211318545
3671.45 -974.593 1211318609
3671.45 -972.36 1211318669
