3690.06 -943.336 1212934228
3642.19 -907.614 1212934289
3584.58 -992.453 1212934348
3573.94 -1015.9 1212934409
3573.94 -1015.9 1212934470
3574.83 -1017.01 1212934497
3574.83 -1014.78 1212934558
3575.72 -1014.78 1212934618
3575.72 -1014.78 1212934679
3495.05 -1120.83 1212934741
3485.3 -1121.94 1212934801
3483.53 -1121.94 1212934861
3482.64 -1121.94 1212934922
3484.42 -1120.83 1212934982
3482.64 -1123.06 1212935003
3487.08 -1149.85 1212935063
2877.24 -1153.2 1212935123
2613.98 56.9385 1212935183
2606 1501.75 1212935243
2518.25 1902.63 1212935306
2541.29 2184.04 1212935363
2351.6 2364.96 1212935424
2185.85 2866.4 1212935487
2230.17 3102.05 1212935547
2373.76 3098.7 1212935608
2692.87 3198.1 1212935669
2993.35 3228.26 1212935729
2860.39 3169.06 1212935787
2670.71 3278.52 1212935852
2404.79 3241.66 1212935910
2475.7 3176.88 1212935971
2314.38 2877.57 1212936028
2152.17 2812.79 1212936088
2245.24 2935.64 1212936148
2283.35 2933.41 1212936209
2181.42 2802.74 1212936269
2165.46 2837.36 1212936329
2170.78 2871.98 1212936390
2190.28 2866.4 1212936451
2209.78 2834.01 1212936511
2205.35 2876.45 1212936530
2363.13 2921.12 1212936590
2593.59 2944.58 1212936650
2660.07 2825.08 1212936710
2780.62 2731.26 1212936770
2903.83 2588.31 1212936807
2903.83 2589.43 1212936809
2528.88 2591.66 1212936869
2406.56 2771.47 1212936932
2299.31 2804.97 1212936989
2171.67 2842.95 1212937049
2154.82 2854.11 1212937109
2170.78 2865.28 1212937144
2176.98 2860.81 1212937207
2177.87 2874.22 1212937268
2178.76 2875.33 1212937325
2173.44 2878.68 1212937385
2177.87 2876.45 1212937445
2166.35 2906.6 1212937510
2180.53 2883.15 1212937567
2178.76 2893.2 1212937625
2174.33 2882.03 1212937691
2194.71 2869.75 1212937745
2184.08 2924.47 1212937760
2567.88 2943.46 1212937819
2613.09 2863.05 1212937880
2645.89 2847.41 1212937903
2775.3 2754.72 1212937965
2691.09 2634.1 1212937985
2402.13 2793.81 1212938046
2184.08 2834.01 1212938098
2082.14 2975.85 1212938159
2156.6 2682.12 1212938219
2181.42 2782.64 1212938281
2215.99 2853 1212938341
2203.58 2839.59 1212938408
2206.24 2845.18 1212938461
2206.24 2855.23 1212938521
2193.83 2854.11 1212938582
2199.14 2853 1212938642
2208.01 2859.7 1212938702
2198.26 2851.88 1212938762
2188.51 2841.83 1212938822
2181.42 2850.76 1212938883
2197.37 2848.53 1212938948
2194.71 2863.05 1212939003
2192.05 2865.28 1212939063
2182.3 2865.28 1212939123
2177.87 2864.16 1212939183
2167.23 2860.81 1212939243
2162.8 2859.7 1212939303
2153.94 2847.41 1212939363
2175.21 2861.93 1212939427
2162.8 2867.52 1212939484
2156.6 2871.98 1212939544
2158.37 2871.98 1212939605
2155.71 2876.45 1212939666
2158.37 2882.03 1212939726
2166.35 2866.4 1212939786
2173.44 2869.75 1212939846
2153.05 2871.98 1212939906
2162.8 2865.28 1212939968
2158.37 2880.92 1212940028
2167.23 2878.68 1212940088
2161.03 2882.03 1212940148
2165.46 2889.85 1212940208
2164.58 2901.02 1212940268
2163.69 2888.74 1212940328
2206.24 2857.46 1212940389
2199.14 2857.46 1212940449
2194.71 2865.28 1212940479
2329.44 2947.93 1212940536
2573.2 2955.75 1212940593
2949.92 3166.83 1212940653
3114.79 3060.73 1212940713
3245.98 2883.15 1212940774
3014.63 2703.34 1212940833
2992.47 2720.1 1212940853
3010.2 2702.23 1212940913
2940.17 2607.3 1212940972
2943.72 2600.6 1212940989
2751.37 2388.41 1212941049
2171.67 1826.7 1212941109
1806.47 1843.45 1212941170
1421.78 1824.46 1212941230
1232.97 1469.36 1212941291
981.239 1218.12 1212941350
667.455 957.96 1212941412
656.818 956.843 1212941472
656.818 962.426 1212941532
660.364 962.426 1212941593
627.567 956.843 1212941653
585.02 859.703 1212941713
510.563 745.815 1212941743
253.509 491.248 1212941803
-455.607 111.645 1212941863
-748.117 -206.538 1212941923
-532.723 -576.062 1212941983
-757.867 -1412.17 1212942043
-1402.28 -1615.33 1212942103
-1555.62 -1720.25 1212942163
-1445.71 -1694.58 1212942223
-1552.96 -1610.86 1212942284
-2020.98 -1482.5 1212942328
-2218.65 -1570.68 1212942389
-2685.78 -1850.85 1212942452
-3242.43 -1884.33 1212942512
-3745.9 -1912.24 1212942570
-4189.99 -1936.79 1212942631
-4620.77 -1960.23 1212942691
-4682.82 -1941.26 1212942724
-4683.71 -1942.37 1212942764
-4681.05 -1942.37 1212942896
-4683.71 -1947.95 1212942952
-4681.94 -1945.72 1212943015
-4678.39 -1943.49 1212943135
-4680.16 -1945.72 1212943196
-4681.94 -1945.72 1212943264
-4681.05 -1941.26 1212943315
-4679.28 -1937.91 1212943377
-4681.05 -1943.49 1212943437
-4681.05 -1942.37 1212943501
-4678.39 -1936.79 1212943563
-4679.28 -1937.91 1212943618
-4506.43 -1962.46 1212943678
-3572.17 -1907.77 1212943798
-3385.14 -1896.61 1212943860
-2868.37 -1873.17 1212943920
-2397.7 -1744.81 1212943983
-2071.5 -1434.5 1212944042
-2465.06 -775.888 1212944102
-2496.09 -4.46575 1212944171
-2334.76 247.853 1212944222
-2018.32 344.987 1212944282
-1599.06 484.549 1212944342
-1525.48 706.736 1212944405
-1605.26 1184.63 1212944462
-903.236 1333.14 1212944523
-743.685 1774.21 1212944583
-405.082 1833.4 1212944644
-310.238 1851.26 1212944668
-269.464 2237.65 1212944730
-328.852 2551.46 1212944788
-377.604 2827.31 1212944848
-291.624 3138.91 1212944909
149.801 3207.04 1212944969
878.417 3324.31 1212945029
1154.09 3360.05 1212945093
1423.55 3391.33 1212945150
1747.97 3466.16 1212945210
2182.3 3528.71 1212945273
2543.95 3563.33 1212945334
2984.49 3750.98 1212945401
3101.49 3643.75 1212945465
3401.1 3702.95 1212945528
3391.35 3705.18 1212945583
3363.87 3700.71 1212945644
3381.59 3777.78 1212945704
3264.59 3035.04 1212945792
3222.93 2909.96 1212945852
3402.87 3910.7 1212945973
3399.32 3833.63 1212946034
3397.55 3834.75 1212946098
3579.26 3908.47 1212946162
