1630.97 5236.65 1211688631
1627.42 5264.58 1211688635
1623.87 5305.92 1211688645
1482.94 5321.56 1211688700
1661.1 4994.23 1211688820
1731.13 4605.49 1211688886
1851.68 3797.89 1211689004
1925.25 3408.08 1211689060
1956.27 3116.57 1211689120
1973.11 3043.98 1211689129
2000.59 2874.22 1211689190
2116.71 2893.2 1211689236
2261.19 2895.44 1211689285
2445.56 2931.17 1211689347
2590.04 2961.33 1211689397
3284.98 2940.11 1211689581
3182.16 2863.05 1211689672
3173.29 2845.18 1211689686
3110.36 2751.37 1211689835
3109.47 2750.25 1211689842
2953.47 2619.58 1211689910
2370.22 2033.29 1211690025
2204.46 2132.67 1211690083
1809.13 2308 1211690135
1072.54 2390.64 1211690256
1090.27 2092.47 1211690399
1156.74 1677.06 1211690549
1447.48 2770.35 1211690751
1911.95 2850.76 1211690808
2106.07 2885.38 1211690839
2210.67 2873.1 1211690900
2352.49 2922.24 1211690962
2564.34 2944.58 1211691021
2674.25 2972.5 1211691084
2821.39 3024.99 1211691142
2980.94 3173.53 1211691208
3087.31 3023.87 1211691266
3227.36 2867.52 1211691381
3160.88 2798.27 1211691474
3156.45 2802.74 1211691525
3152.91 2807.21 1211691586
3150.25 2796.04 1211691641
2960.56 2638.57 1211691702
3048.31 2468.82 1211691772
3331.07 2708.93 1211691827
3647.51 3028.34 1211691887
3877.98 2972.5 1211691950
3811.5 2952.39 1211692008
3596.99 2723.45 1211692065
3315.12 2440.9 1211692132
3309.8 2428.61 1211692151
3310.68 2428.61 1211692161
3311.57 2426.38 1211692165
3634.22 1862.43 1211692286
3665.24 1821.11 1211692304
3841.63 1964.05 1211692371
4065.89 2150.54 1211692424
3943.57 2095.82 1211692450
3940.02 2093.59 1211692479
3940.02 2093.59 1211692483
3830.11 2104.76 1211692554
3168.86 2725.68 1211692670
2998.67 2928.94 1211692728
2863.94 3049.56 1211692790
2829.37 3371.22 1211692853
2286.9 3727.52 1211692907
1621.22 3336.6 1211692967
1052.15 3277.4 1211693028
1021.13 3492.96 1211693085
1303 3700.71 1211693209
1293.25 3804.59 1211693274
1254.25 3823.58 1211693281
1244.5 3963.2 1211693339
1385.43 4005.64 1211693396
2230.17 4158.67 1211693457
2226.62 4358.62 1211693549
2239.03 4471.44 1211693601
2313.49 4421.17 1211693654
2645 4139.68 1211693936
2645 4139.68 1211693938
2799.23 4015.7 1211693998
2909.15 3807.94 1211694068
2898.51 3546.58 1211694125
2337.42 3473.98 1211694180
1540.55 3323.19 1211694245
1195.75 3231.61 1211694300
1249.82 2884.27 1211694363
1268.43 2865.28 1211694383
1243.61 2873.1 1211694441
1400.5 2985.9 1211694498
1399.62 2995.95 1211694500
1355.3 3148.96 1211694560
1687.7 3008.24 1211694626
1793.18 2398.46 1211694684
1939.43 1980.8 1211694748
2315.26 1435.87 1211694803
2255.87 1401.25 1211694845
2266.51 1637.98 1211694889
2924.22 2391.76 1211695076
3346.14 2740.2 1211695133
3435.66 2847.41 1211695151
3505.69 2928.94 1211695175
3499.49 2920.01 1211695257
3482.64 2908.84 1211695296
3471.12 2904.37 1211695333
3510.12 2926.71 1211695419
2679.57 2314.7 1211695528
2065.3 1187.98 1211695700
2066.19 1186.86 1211695715
1948.29 1328.67 1211695762
2259.42 1642.45 1211695831
2643.23 2026.59 1211695888
2861.28 2245.47 1211695945
3567.74 2707.81 1211696063
3783.13 2338.16 1211696158
3270.8 2634.1 1211696287
3476.44 2788.22 1211696344
3300.93 2954.63 1211696408
3131.63 2797.16 1211696468
2933.97 2960.21 1211696525
2858.62 3084.18 1211696580
2589.16 2960.21 1211696661
2842.67 2777.05 1211696727
2967.65 2926.71 1211696787
2785.05 3142.26 1211696905
2785.94 3450.52 1211696963
2948.15 3675.02 1211697022
3081.99 3671.67 1211697090
3055.4 3640.4 1211697108
3066.92 3844.8 1211697161
2971.19 4245.8 1211697215
2861.28 4902.63 1211697276
