4261.78 -15968.5 1211257624
3919.64 -16360.7 1211257688
3065.15 -15100.4 1211257741
2744.28 -13601.4 1211257783
2567 -12115.6 1211257834
3248.64 -10757.6 1211257884
4112.87 -9534.42 1211257926
4019.8 -8029.95 1211257969
3747.68 -6512.94 1211258011
3050.97 -4039.39 1211258082
2511.16 -2652.23 1211258134
2847.99 -1165.48 1211258178
2716.8 371.782 1211258232
2723.89 1746.3 1211258310
3300.93 2171.76 1211258353
3148.47 2745.78 1211258413
2855.96 3103.17 1211258479
2719.46 3299.74 1211258533
2544.84 3232.73 1211258598
2597.14 2944.58 1211258676
2912.69 2589.43 1211258733
3170.63 2331.45 1211258802
2680.46 953.494 1211258853
2890.53 -548.153 1211258913
2530.66 -1999.3 1211258952
2866.6 -3505.98 1211259005
3717.54 -6449.36 1211259081
3941.8 -7724.34 1211259122
4179.35 -9284.62 1211259160
3387.8 -10600.4 1211259204
2530.66 -11831.3 1211259256
2928.65 -14801.8 1211259336
3346.14 -16245.9 1211259377
4244.94 -16085.5 1211259437
4414.24 -16058.7 1211259501
4411.59 -16050.9 1211259559
4418.68 -16047.6 1211259632
4418.68 -16047.6 1211259678
4420.45 -16046.5 1211259753
4420.45 -16046.5 1211259803
4423.99 -16007.5 1211259868
4339.79 -16172.4 1211260088
4365.49 -15945.1 1211260148
4197.08 -16068.8 1211260442
3362.98 -16107.8 1211260503
2959.67 -14663.6 1211260560
2640.57 -13205.8 1211260600
2566.11 -11714.2 1211260646
3460.48 -10526.8 1211260689
4196.19 -9228.86 1211260733
3969.27 -7727.69 1211260776
3698.04 -6236.28 1211260825
3253.95 -4803.74 1211260884
2833.8 -3354.21 1211260922
2622.84 -1868.7 1211260973
2703.5 1061.8 1211261074
2404.79 1919.38 1211261135
1919.93 2466.58 1211261199
1738.22 3670.56 1211261316
1870.29 3752.09 1211261386
1861.43 3705.18 1211261505
1861.43 3781.13 1211261516
1841.93 3901.76 1211261541
1342 4124.04 1211261628
1093.81 4092.77 1211261672
1570.69 4482.61 1211261782
2021.87 4563.04 1211261848
2146.85 4573.09 1211261902
2173.44 4544.05 1211261921
2215.99 4478.14 1211261967
2206.24 4412.24 1211262027
1124.83 3983.3 1211262148
894.372 4305 1211262203
833.211 4568.62 1211262258
-897.031 4201.12 1211262438
-897.031 4196.65 1211262466
-826.12 4309.47 1211262540
-625.794 3694.01 1211262725
-878.417 3447.17 1211262792
-931.601 3503.02 1211262816
-936.033 3489.61 1211262863
-936.919 3492.96 1211262921
-936.033 3501.9 1211262988
-936.033 3498.55 1211263043
-936.033 3494.08 1211263167
-936.033 3495.2 1211263225
-935.146 3495.2 1211263227
-871.326 3122.16 1211263287
-624.022 2871.98 1211263347
-354.558 2615.12 1211263412
-264.146 2091.36 1211263470
-154.233 1461.55 1211263528
-19.5007 1466.01 1211263588
770.277 1332.02 1211263709
974.147 1095.3 1211263769
1020.24 529.209 1211263835
1034.42 289.163 1211263901
1063.67 -118.342 1211263941
1097.36 -518.011 1211263972
1120.4 -839.519 1211264032
1172.7 -1710.2 1211264092
1021.13 -1719.13 1211264152
1007.83 -1728.06 1211264174
1016.69 -2115.38 1211264236
1012.26 -2253.78 1211264293
