3609.4 -958.964 1212059173
3614.72 -956.732 1212059233
3591.67 -985.756 1212059293
3586.35 -986.872 1212059353
3220.27 -1176.64 1212059414
2831.14 -319.295 1212059475
2487.22 1056.22 1212059535
2400.36 1215.89 1212059595
2181.42 1470.48 1212059656
1732.9 1924.97 1212059716
1638.06 2439.78 1212059777
1638.06 2439.78 1212059781
1340.23 2340.39 1212059841
1412.91 1898.17 1212059901
1379.23 1597.78 1212059961
1201.95 1439.22 1212060021
884.622 1120.98 1212060093
412.173 621.88 1212060143
417.492 567.17 1212060182
417.492 567.17 1212060189
442.311 267.95 1212060249
145.369 91.5484 1212060305
23.9326 544.84 1212060364
-9.75034 985.874 1212060431
-125.868 1270.61 1212060488
-149.801 1426.93 1212060503
-221.599 1815.53 1212060564
-273.009 2185.16 1212060624
-592.111 2558.16 1212060688
-1028.22 2628.52 1212060744
-1209.93 2804.97 1212060804
-996.307 3028.34 1212060872
-430.788 3117.69 1212060924
-492.835 3565.56 1212060985
-459.152 3724.17 1212061033
-89.5258 3783.37 1212061093
296.056 3924.1 1212061154
870.439 3952.03 1212061214
905.009 4193.3 1212061274
911.213 4262.55 1212061334
1225 4128.51 1212061394
1249.82 3908.47 1212061459
1372.14 3707.41 1212061514
1369.48 4105.06 1212061574
1342 4344.1 1212061634
1341.11 4344.1 1212061698
1338.46 4345.21 1212061746
1428.87 4139.68 1212061807
1454.57 4151.97 1212061856
1455.46 4150.85 1212061862
1454.57 4151.97 1212061922
1559.17 3855.97 1212061982
1849.02 3685.08 1212062042
2299.31 3764.38 1212062095
2629.05 3836.98 1212062160
2934.85 3869.37 1212062215
3320.43 3963.2 1212062276
3445.42 3869.37 1212062342
3467.58 3825.81 1212062398
3472.89 3828.05 1212062458
3475.55 3828.05 1212062518
3474.67 3834.75 1212062578
3475.55 3835.86 1212062638
3479.98 3832.51 1212062698
3479.98 3832.51 1212062742
3479.98 3832.51 1212062802
3484.42 3830.28 1212062863
3486.19 3833.63 1212062917
3484.42 3832.51 1212062977
3484.42 3832.51 1212063010
3479.98 3834.75 1212063070
3480.87 3835.86 1212063130
3472.01 3840.33 1212063190
3433.01 4019.05 1212063251
3191.02 4201.12 1212063312
2687.55 4234.63 1212063373
2164.58 4145.27 1212063437
1423.55 4353.03 1212063487
1794.06 4628.94 1212063537
2044.03 4453.57 1212063599
2027.18 4453.57 1212063608
2088.35 4452.45 1212063668
2252.33 4477.02 1212063723
2443.79 4315.05 1212063790
2710.59 4080.48 1212063843
2838.23 3750.98 1212063904
3002.22 3331.01 1212063981
2426.06 3247.25 1212064041
2098.1 3294.16 1212064101
2193.83 3543.23 1212064161
2156.6 3822.46 1212064232
1872.07 3902.88 1212064282
1523.71 4061.49 1212064342
1493.57 4246.92 1212064371
1343.77 4348.57 1212064424
1345.55 4347.45 1212064461
1301.23 4522.82 1212064491
651.5 4781.98 1212064622
650.614 4781.98 1212064623
960.852 4719.43 1212064689
994.535 4480.38 1212064749
1118.63 3731.99 1212064804
1282.61 3602.42 1212064839
1282.61 3602.42 1212064840
1246.27 3936.39 1212064900
1187.77 4306.12 1212064960
1365.93 4348.57 1212065020
1342.89 4348.57 1212065142
1342.89 4347.45 1212065200
1343.77 4349.68 1212065271
1342.89 4349.68 1212065325
1342.89 4349.68 1212065380
1342.89 4350.8 1212065441
1324.27 4335.16 1212065501
1512.19 4367.55 1212065530
1874.72 4425.64 1212065602
1860.54 4762.99 1212065658
1669.97 5013.23 1212065712
1810.02 5159.57 1212065782
1974 4970.78 1212065837
2051.12 4482.61 1212065888
1665.54 4395.48 1212065949
1342.89 4348.57 1212066009
1342.89 4345.21 1212066080
1342 4345.21 1212066134
1342.89 4350.8 1212066191
1342 4348.57 1212066251
1342.89 4346.33 1212066308
1342 4344.1 1212066370
1276.41 4433.46 1212066432
1180.68 4328.46 1212066459
1217.02 4001.18 1212066522
950.215 3957.61 1212066589
558.428 3895.06 1212066637
405.082 3871.61 1212066698
315.556 3857.09 1212066740
61.1612 3810.17 1212066804
305.806 3849.27 1212066861
420.151 3862.67 1212066896
498.154 3948.68 1212066924
-69.1388 3897.3 1212067027
-68.2524 3902.88 1212067071
354.558 3966.55 1212067121
801.301 3874.96 1212067181
918.305 3164.6 1212067237
1006.94 2607.3 1212067311
1083.17 2132.67 1212067333
1056.58 1747.41 1212067398
1043.29 1493.93 1212067453
1219.68 1139.96 1212067518
2171.67 1028.3 1212067548
2705.28 -3090.83 1212067705
3177.72 -4502.47 1212067760
3635.99 -5974.12 1212067801
3904.57 -7467.8 1212067871
4172.26 -8944.49 1212067911
2595.36 -12870.2 1212068038
2866.6 -14337 1212068088
3186.59 -15784.6 1212068133
4065 -16232.6 1212068194
4026.89 -16132.3 1212068298
3973.71 -16064.3 1212068305
3189.25 -15443.6 1212068365
2912.69 -13948.1 1212068416
2586.5 -12484.5 1212068466
2919.78 -11021.9 1212068515
3920.52 -9918.01 1212068558
4089.82 -8424.78 1212068605
3810.61 -6864.34 1212068651
3539.37 -5388.39 1212068705
3019.06 -3931.15 1212068745
2466.84 -2512.72 1212068795
2869.26 -1073.94 1212068855
2707.94 348.336 1212068909
2057.32 1055.1 1212068970
1195.75 1177.93 1212069027
1108.88 1317.5 1212069071
1245.38 1469.36 1212069126
1290.59 1789.85 1212069204
1240.95 2105.87 1212069252
1133.7 2720.1 1212069317
993.648 3620.29 1212069399
858.916 4264.79 1212069455
549.565 4215.64 1212069498
14.1823 4143.03 1212069618
233.122 4162.02 1212069679
592.998 4217.87 1212069739
1119.52 4306.12 1212069800
1341.11 4346.33 1212069864
1340.23 4345.21 1212069959
1200.18 4191.07 1212070023
1228.54 4042.5 1212070078
1260.45 3822.46 1212070143
1326.05 3399.14 1212070198
1902.2 3486.26 1212070258
2193.83 3544.34 1212070319
2262.97 3312.03 1212070379
2402.13 3146.73 1212070455
2404.79 3142.26 1212070469
2286.01 2992.6 1212070529
2287.78 2796.04 1212070591
2291.33 2598.36 1212070651
2223.08 2574.91 1212070710
1792.29 2505.67 1212070770
1500.67 2375.01 1212070831
1629.19 1823.35 1212070891
1964.25 1487.23 1212070941
1964.25 1488.35 1212070943
2145.96 1525.2 1212071003
2448.22 1830.05 1212071075
3230.02 2606.18 1212071124
3440.1 2882.03 1212071184
3435.66 2878.68 1212071244
3417.94 2865.28 1212071304
3419.71 2884.27 1212071382
3415.28 2885.38 1212071424
3415.28 2886.5 1212071516
3408.19 2880.92 1212071571
3406.41 2879.8 1212071636
3401.1 2878.68 1212071710
3406.41 2880.92 1212071765
3409.07 2887.62 1212071827
3406.41 2817.26 1212071902
3397.55 2875.33 1212071979
3410.85 2888.74 1212072027
3410.85 2887.62 1212072121
3399.32 2867.52 1212072184
3399.32 2868.63 1212072233
3315.12 2981.43 1212072288
3017.29 2870.87 1212072348
2655.64 2597.25 1212072417
2526.22 2590.55 1212072430
2596.25 2806.09 1212072502
2879.01 2607.3 1212072555
2726.55 2361.61 1212072628
2410.99 2069.02 1212072644
2067.96 1879.18 1212072701
2210.67 1968.52 1212072761
2214.21 1956.23 1212072843
2472.15 2242.11 1212072886
2777.07 2152.78 1212072927
3223.82 1881.41 1212072994
3396.66 1825.58 1212073049
3394.89 1832.28 1212073093
3401.98 1841.21 1212073130
3357.66 1758.58 1212073201
3270.8 1842.33 1212073251
2774.41 2339.27 1212073311
2413.65 2707.81 1212073417
2412.77 2706.69 1212073493
2426.06 2714.51 1212073606
2423.4 2729.03 1212073655
2410.11 2940.11 1212073725
2446.45 3124.39 1212073775
2684.89 3176.88 1212073830
2878.12 3418.13 1212073880
3058.06 3437.12 1212073947
3053.63 3320.96 1212074002
3054.52 3327.66 1212074008
3059.83 3658.27 1212074068
3032.36 3899.53 1212074123
3074.9 3898.41 1212074183
3074.9 3896.18 1212074227
3086.43 3888.36 1212074275
3142.27 3831.4 1212074330
3228.25 3298.62 1212074390
3366.53 3336.6 1212074464
3474.67 3433.77 1212074570
3474.67 3433.77 1212074572
3401.1 3415.9 1212074598
3321.32 3548.81 1212074664
3058.06 3680.61 1212074734
3039.45 3834.75 1212074778
3168.86 3814.64 1212075027
3175.95 3623.64 1212075078
3219.38 3573.38 1212075134
3487.96 3213.74 1212075204
3259.27 2349.32 1212075330
2578.52 1594.43 1212075377
2645 211.01 1212075438
2810.76 -1286.04 1212075495
2556.36 -2773.88 1212075553
3081.99 -4185.57 1212075609
3360.32 -5077.1 1212075669
3605.85 -5785.57 1212075735
3866.45 -7261.44 1212075789
4129.71 -8733.71 1212075846
2596.25 -12816.7 1212075996
3048.31 -15225.2 1212076073
4548.09 -16074.3 1212076261
3107.7 -15259.8 1212076394
2815.19 -13779.8 1212076445
4016.25 -9751.87 1212076589
4062.35 -8244.1 1212076625
3798.2 -6767.29 1212076675
3511.01 -5295.79 1212076729
3019.95 -3867.55 1212076789
2813.42 -2671.2 1212076837
3758.31 -1495.89 1212076894
3709.56 -979.058 1212077016
3694.49 -980.174 1212077069
3695.38 -979.058 1212077130
3695.38 -980.174 1212077189
3695.38 -980.174 1212077261
3695.38 -980.174 1212077310
3695.38 -980.174 1212077384
3695.38 -982.407 1212077557
3682.08 -982.407 1212077799
3682.08 -981.29 1212077925
3682.08 -982.407 1212078014
3682.08 -982.407 1212078085
3681.2 -982.407 1212078205
3667.01 -981.29 1212078314
3654.6 -991.337 1212078389
