3099.72 -15217.4 1212531834
2620.18 -12944.9 1212531838
4186.44 -8937.79 1212531985
3927.61 -7455.53 1212532036
3927.61 -7455.53 1212532050
3650.17 -5956.27 1212532085
3198.11 -4514.75 1212532127
2716.8 -2889.95 1212532189
3612.06 -1668.91 1212532245
3848.72 -199.84 1212532295
3359.43 1217.01 1212532350
3757.43 1832.28 1212532416
3684.74 2218.66 1212532470
3639.54 2255.52 1212532517
3398.44 2484.45 1212532586
3046.54 2856.35 1212532641
2829.37 3195.87 1212532693
2826.71 3409.2 1212532753
2941.06 3438.24 1212532814
3078.45 3592.37 1212532887
3086.43 3614.71 1212532939
3094.4 3615.83 1212532972
3100.61 3619.18 1212532984
3081.99 3669.44 1212533034
3124.54 3871.61 1212533098
3174.18 3669.44 1212533155
3297.39 3522 1212533214
3387.8 3367.87 1212533274
3328.41 2989.25 1212533334
3144.93 2777.05 1212533394
3049.2 2456.53 1212533515
3449.85 2065.67 1212533622
3526.08 1950.65 1212533682
3153.79 1965.17 1212533747
3015.51 2102.52 1212533801
2735.41 2385.06 1212533861
2517.36 2611.77 1212533921
2457.09 2651.97 1212533981
2563.45 2784.87 1212534041
2690.21 2831.78 1212534109
2702.62 2825.08 1212534148
2701.73 2825.08 1212534161
2714.14 2812.79 1212534209
2692.87 2811.67 1212534285
2719.46 2820.61 1212534308
2711.48 2819.49 1212534368
2714.14 2816.14 1212534429
2719.46 2820.61 1212534496
2727.44 2778.17 1212534551
2867.49 2650.85 1212534610
2857.74 2666.49 1212534640
2918.01 2620.7 1212534700
3081.99 2479.98 1212534728
3280.55 2666.49 1212534792
3696.26 3088.65 1212534853
3994.09 3419.25 1212534956
4171.37 3299.74 1212535006
4216.58 3079.72 1212535066
4199.74 2641.92 1212535132
4128.83 2265.57 1212535191
4115.53 2245.47 1212535247
3948 2086.89 1212535307
3889.5 2026.59 1212535367
3700.7 1842.33 1212535428
3519.87 1656.96 1212535487
3798.2 321.541 1212535548
3815.93 -797.098 1212535607
3747.68 -1085.11 1212535672
3586.35 -966.778 1212535732
3586.35 -966.778 1212535793
3591.67 -985.756 1212535908
3601.42 -970.127 1212536043
3621.81 -993.57 1212536090
3646.63 -926.591 1212536155
3646.63 -926.591 1212536167
3643.97 -989.105 1212536210
3643.08 -990.221 1212536274
3643.08 -989.105 1212536330
3643.97 -989.105 1212536390
3644.85 -921.01 1212536450
3644.85 -912.079 1212536618
3706.02 -916.544 1212536692
3670.56 -977.942 1212536739
