3598.76 -981.29 1212764116
3742.36 -965.662 1212764176
3741.47 -965.662 1212764236
3742.36 -966.778 1212764296
3741.47 -964.546 1212764356
3740.58 -964.546 1212764416
3653.72 -910.963 1212764483
3576.6 -1014.78 1212764536
2902.94 -1186.69 1212764620
2236.37 -1317.29 1212764683
2238.15 -1731.41 1212764741
2144.19 -1979.21 1212764813
1876.5 -2199.09 1212764861
1825.09 -2366.51 1212764926
1848.13 -2373.2 1212764982
1844.59 -2376.55 1212765042
1845.47 -2376.55 1212765106
1846.36 -2375.44 1212765167
1847.25 -2375.44 1212765224
1847.25 -2375.44 1212765285
1847.25 -2374.32 1212765345
1853.45 -2374.32 1212765406
1766.58 -2421.2 1212765467
1744.42 -2627.67 1212765532
1727.58 -2863.16 1212765588
1727.58 -2863.16 1212765660
1726.7 -2863.16 1212765714
1724.04 -2862.05 1212765745
1724.04 -2862.05 1212765805
1724.04 -2862.05 1212765870
1731.13 -2863.16 1212765926
1731.13 -2863.16 1212765986
1731.13 -2864.28 1212766050
1728.47 -2864.28 1212766106
1726.7 -2863.16 1212766171
1727.58 -2863.16 1212766226
1727.58 -2856.47 1212766286
1817.11 -2829.68 1212766351
1939.43 -2837.49 1212766376
2072.39 -2845.31 1212766404
2325.01 -2750.44 1212766455
2505.84 -2542.85 1212766513
2742.5 -1587.42 1212766571
2906.49 -902.032 1212766636
2613.09 119.46 1212766692
2280.69 1031.65 1212766752
1891.57 1051.75 1212766812
1727.58 1058.45 1212766873
1650.47 1068.5 1212766933
1563.6 1084.13 1212766993
1438.62 1104.23 1212767053
1318.07 1116.51 1212767114
1113.31 1287.35 1212767174
1188.65 1409.07 1212767235
1309.2 1654.73 1212767302
1302.11 1786.5 1212767356
1225.88 2204.15 1212767416
1178.9 2478.87 1212767476
1166.5 2582.73 1212767543
995.421 2826.19 1212767596
696.706 2782.64 1212767672
-198.552 2637.45 1212767717
-421.924 2588.31 1212767777
-422.81 2570.44 1212767790
-421.037 2571.56 1212767826
-491.063 2597.25 1212767843
-363.422 2792.69 1212767918
-377.604 2888.74 1212767960
-405.082 3069.66 1212768012
-287.192 3135.56 1212768036
-109.027 3161.25 1212768059
-106.367 3163.48 1212768084
522.086 3269.58 1212768133
1068.99 3353.35 1212768188
1340.23 3323.19 1212768256
1484.71 3213.74 1212768319
1967.8 3290.8 1212768369
2501.41 3375.69 1212768429
2757.57 3410.31 1212768495
2757.57 3410.31 1212768508
2968.53 3448.29 1212768549
3193.68 3461.69 1212768602
3195.45 3461.69 1212768622
3298.27 3491.85 1212768656
3192.79 3650.45 1212768736
3014.63 3696.24 1212768796
2778.85 3692.89 1212768858
2425.18 3603.54 1212768917
2202.69 3547.69 1212768978
1619.44 3449.4 1212769038
1312.75 3488.5 1212769098
1041.51 3459.46 1212769153
900.577 3266.23 1212769219
1037.08 2420.8 1212769334
1102.67 1993.08 1212769394
1198.41 1469.36 1212769515
1366.82 1278.42 1212769577
1763.92 1032.77 1212769637
2072.39 1017.14 1212769686
2399.47 1023.84 1212769750
2481.02 707.852 1212769810
2538.63 -18.9794 1212769866
2567.88 -353.903 1212769919
2551.04 -331.575 1212769928
2801.89 -346.089 1212770006
2832.03 -934.405 1212770066
2616.64 -937.754 1212770137
2543.95 -1961.35 1212770187
2834.69 -3437.91 1212770241
3038.56 -4092.96 1212770268
2808.98 -4104.12 1212770329
2689.32 -3981.37 1212770400
2732.75 -3876.47 1212770460
2703.5 -3492.59 1212770520
2584.73 -3134.36 1212770590
2561.68 -2860.93 1212770650
2260.31 -2781.69 1212770705
1544.1 -3118.73 1212770765
76.2299 -3186.81 1212770810
-1075.2 -4138.71 1212770861
-1757.72 -5466.49 1212770914
-3092.63 -5931.72 1212770974
-2843.55 -6107.99 1212771092
-2977.4 -6005.35 1212771152
-2977.4 -6005.35 1212771175
-2996.9 -6056.67 1212771220
-3113.02 -5976.35 1212771280
-3175.06 -5112.81 1212771325
-2892.31 -4301.62 1212771401
-2215.99 -4273.73 1212771471
-1770.13 -4278.19 1212771526
-1459.89 -4495.78 1212771581
-1316.3 -4566.08 1212771597
-1054.81 -4551.57 1212771638
-1048.6 -4545.99 1212771639
-995.421 -4903.05 1212771698
-1181.56 -5036.94 1212771721
-1186.88 -5025.78 1212771744
-1192.2 -5032.47 1212771804
-1190.43 -5030.24 1212771875
-1187.77 -5029.13 1212771926
-1187.77 -5029.13 1212771963
-1153.2 -5055.9 1212772018
-1350.87 -5270.13 1212772083
-1677.94 -5516.7 1212772138
-2116.71 -5429.67 1212772205
-2967.65 -5300.25 1212772265
-3159.11 -5159.67 1212772277
-3167.97 -5128.43 1212772288
-3485.3 -4475.69 1212772339
-3459.6 -3686.77 1212772400
-3472.01 -3137.71 1212772460
-3485.3 -2876.56 1212772533
-3490.62 -2542.85 1212772581
-3553.56 -1598.58 1212772654
-3583.69 -653.09 1212772766
-3834.54 -665.37 1212772822
-3835.43 -669.836 1212772891
-3838.09 -665.37 1212772918
-3838.09 -666.487 1212772919
-3838.97 -660.905 1212772947
-3804.4 -674.301 1212773009
-3525.19 -448.796 1212773068
-3284.09 -238.914 1212773128
-3076.68 -214.353 1212773178
-3038.56 -497.916 1212773234
-3042.11 -497.916 1212773304
-3041.22 -495.684 1212773363
-3040.33 -494.567 1212773423
-3040.33 -491.218 1212773486
-3040.33 -491.218 1212773497
-3062.49 -54.7053 1212773559
-2986.26 204.311 1212773624
-2512.04 199.845 1212773679
-2491.65 -180.861 1212773745
-2220.42 -1117.48 1212773800
-1851.68 -1518.22 1212773870
-1416.46 -1639.88 1212773921
-714.434 -2251.55 1212773981
-46.9789 -2927.89 1212774101
-36.3422 -3203.55 1212774161
1429.75 -3158.91 1212774231
2838.23 -2636.6 1212774264
3754.77 -1454.59 1212774314
3814.16 -800.447 1212774375
3768.06 -180.861 1212774439
3607.63 140.672 1212774495
3396.66 52.4728 1212774555
3403.75 48.007 1212774576
3383.37 330.472 1212774629
3040.33 382.947 1212774689
2760.23 552.656 1212774749
2838.23 821.74 1212774819
2933.08 1220.36 1212774870
3451.62 1738.48 1212774930
3796.43 2063.44 1212774990
3993.21 2262.22 1212775051
4100.46 2377.24 1212775113
4094.26 2372.78 1212775140
4158.08 2410.75 1212775200
4158.96 2409.63 1212775256
3827.45 2469.93 1212775317
3456.94 2797.16 1212775388
3254.84 3134.44 1212775438
3148.47 3010.47 1212775504
2914.46 2942.34 1212775569
2869.26 3035.04 1212775635
2591.82 3071.9 1212775679
2335.65 3036.16 1212775739
1802.04 2935.64 1212775799
1514.85 2893.2 1212775860
1073.42 2823.96 1212775920
-9.75034 2669.84 1212775982
-192.348 2698.88 1212776042
-229.576 2865.28 1212776102
-231.349 2865.28 1212776134
-231.349 2866.4 1212776145
-231.349 2866.4 1212776158
-224.258 2831.78 1212776199
-326.193 2718.98 1212776321
-803.96 2692.18 1212776386
-886.394 2935.64 1212776441
-1198.41 2740.2 1212776502
-1605.26 2669.84 1212776573
-2042.25 2647.5 1212776623
-2353.38 2811.67 1212776685
-3011.08 2731.26 1212776746
-3120.11 2644.15 1212776781
-3120.11 2645.27 1212776783
-3119.22 2645.27 1212776827
-3231.79 2514.61 1212776893
-3491.51 2491.15 1212776943
-4212.15 2448.72 1212777028
-4359.29 2519.07 1212777088
-4366.38 2522.42 1212777125
-4048.16 2454.3 1212777179
-3502.14 2486.69 1212777239
-3283.21 2493.39 1212777300
-2957.9 2516.84 1212777360
-2763.78 2739.08 1212777421
-2251.44 2821.73 1212777481
-1472.3 2946.81 1212777552
-1044.17 3011.59 1212777601
-608.953 3086.42 1212777672
-210.962 3150.08 1212777733
261.486 3226.03 1212777793
301.374 3309.79 1212777842
284.533 3414.78 1212777889
284.533 3415.9 1212777895
283.646 3415.9 1212777921
392.673 3554.39 1212777982
811.937 3601.31 1212778043
897.031 3313.14 1212778107
1056.58 3135.56 1212778164
1671.74 3234.96 1212778224
1858.77 3246.13 1212778292
1858.77 3252.83 1212778345
1857.88 3252.83 1212778370
1857.88 3252.83 1212778372
1868.52 3253.95 1212778434
2075.05 3505.25 1212778495
2367.56 3564.45 1212778555
2523.56 3530.94 1212778619
2528 3529.82 1212778692
2519.13 3524.24 1212778737
2519.13 3524.24 1212778802
2509.38 3487.38 1212778857
2509.38 3487.38 1212778871
2651.21 3338.83 1212778917
2504.06 3245.01 1212778977
2512.04 3237.19 1212778998
2284.24 3205.92 1212779057
1990.84 3157.9 1212779111
2026.3 2945.69 1212779188
2144.19 2825.08 1212779232
2146.85 2829.54 1212779251
2149.51 2915.54 1212779271
2084.8 3459.46 1212779333
2190.28 3535.41 1212779396
2449.11 3565.56 1212779452
2816.96 3602.42 1212779508
2834.69 3527.59 1212779569
2833.8 3548.81 1212779599
2834.69 3542.11 1212779658
2822.28 3596.84 1212779718
2822.28 3599.07 1212779753
2903.83 3630.35 1212779851
2958.78 3599.07 1212779901
2918.9 3535.41 1212779962
2905.6 3508.6 1212780040
2980.94 3470.63 1212780112
2974.74 3437.12 1212780189
2972.08 3382.39 1212780307
2993.35 3336.6 1212780352
2996.9 3274.05 1212780408
3024.38 3159.01 1212780440
3284.09 3215.97 1212780500
3409.96 3339.95 1212780577
3424.14 3604.66 1212780622
3724.63 3644.87 1212780695
3823.02 3748.74 1212780751
3664.35 3987.77 1212780802
3466.69 4259.2 1212780862
3379.82 4367.55 1212780923
3117.45 4729.48 1212780983
3048.31 4846.78 1212781053
2930.42 4989.77 1212781103
2819.62 5094.78 1212781144
2619.3 5232.18 1212781211
2555.48 5273.52 1212781262
2361.35 5256.76 1212781277
2104.3 5212.08 1212781337
1591.96 5131.64 1212781413
1772.79 5260.11 1212781458
2262.08 5126.06 1212781549
3004.88 4708.26 1212781710
3109.47 4096.12 1212781793
3063.38 4079.37 1212781822
3071.36 3831.4 1212781885
3027.04 3599.07 1212781951
2702.62 3537.64 1212782000
2530.66 3537.64 1212782057
2621.07 3606.89 1212782108
2624.61 3608.01 1212782114
2675.14 3631.46 1212782164
2832.92 3650.45 1212782214
2840.89 3583.43 1212782282
2827.6 3603.54 1212782295
2827.6 3591.25 1212782355
2820.51 3573.38 1212782416
2823.17 3574.5 1212782476
2823.17 3578.97 1212782537
2823.17 3587.9 1212782575
2738.96 3835.86 1212782636
2682.23 4072.66 1212782702
2679.57 4230.16 1212782762
2596.25 4224.58 1212782817
2277.15 4170.96 1212782880
2165.46 4148.62 1212782946
1110.65 3985.54 1212782997
916.532 4073.78 1212783063
843.848 4573.09 1212783117
424.583 4515 1212783177
109.913 4463.62 1212783229
-308.465 4402.18 1212783285
-479.539 4455.8 1212783354
-480.426 4454.68 1212783355
-347.467 4496.01 1212783429
-333.284 4452.45 1212783482
-462.698 4375.37 1212783515
-1670.85 4861.3 1212783613
-3119.22 4855.71 1212783672
-3705.13 5729.33 1212783726
-3707.79 5774.02 1212783728
-3711.33 5818.71 1212783730
-3845.18 7248.89 1212783790
-4361.95 8491.57 1212783855
-4665.98 10304.5 1212783904
-5596.69 11096 1212783965
-5502.74 11392.2 1212784151
-5502.74 11392.2 1212784157
-5511.6 11433.6 1212784215
-5425.62 11347.5 1212784275
-5255.43 11356.5 1212784336
-4559.61 11176.5 1212784397
-4217.46 10988.7 1212784458
-3935.59 10760.6 1212784519
-3832.77 10329.1 1212784579
-3995.87 9852.91 1212784639
-3760.97 9361.1 1212784700
-4197.96 8719.56 1212784760
-3917.86 7850.09 1212784821
-3784.9 6426.51 1212784881
-3565.96 5264.58 1212784942
-3002.22 4440.16 1212785002
-3191.02 3184.7 1212785062
-3199.88 2925.59 1212785122
-2844.44 2945.69 1212785175
-2227.51 2981.43 1212785238
-2020.98 3073.01 1212785321
-1949.18 3077.48 1212785381
-1949.18 3078.6 1212785436
-1950.07 3075.25 1212785497
-1950.07 3076.37 1212785557
-1950.07 3075.25 1212785617
-1950.95 3076.37 1212785677
-1950.07 3076.37 1212785737
-1949.18 3078.6 1212785797
-1950.95 3080.83 1212785871
-1950.95 3080.83 1212785880
-1950.95 3081.95 1212785944
-1950.95 3079.72 1212786011
-1950.95 3078.6 1212786061
-1950.95 3085.3 1212786121
-1949.18 3093.12 1212786181
-1882.7 3004.89 1212786243
-1761.27 2662.02 1212786308
-1286.16 2714.51 1212786363
-1020.24 2544.76 1212786424
-1042.4 2458.77 1212786484
-954.647 1741.83 1212786545
-924.509 1491.7 1212786605
-913.873 1419.12 1212786666
-733.935 1357.7 1212786727
-116.118 1457.08 1212786787
55.8428 1478.3 1212786803
151.573 1495.05 1212786805
786.232 1605.6 1212786866
1037.97 1540.83 1212786926
1778.11 1049.52 1212786985
2660.07 857.469 1212787046
2646.77 215.475 1212787106
2802.78 -1287.15 1212787164
2559.91 -2783.92 1212787229
3089.97 -4184.46 1212787266
3574.83 -5611.53 1212787315
3833.66 -7074.05 1212787364
4092.48 -8544.11 1212787410
3854.04 -10007.2 1212787462
2836.46 -11083.2 1212787505
2575.86 -12551.4 1212787548
2819.62 -14021.6 1212787603
3115.68 -15498.2 1212787658
3918.75 -16209.2 1212787719
4554.29 -15996.3 1212787787
4461.22 -15872.7 1212787840
4462.11 -15872.7 1212787885
4462.11 -15872.7 1212787891
4222.78 -15989.7 1212787947
4161.62 -16134.5 1212788007
4383.22 -16081 1212788126
4392.97 -16065.4 1212788186
4392.97 -16063.2 1212788245
4392.97 -16062.1 1212788306
4392.97 -16059.9 1212788377
4392.08 -16058.7 1212788423
4392.08 -16058.7 1212788468
4392.08 -16059.9 1212788532
4392.08 -16059.9 1212788588
4392.97 -16062.1 1212788644
4392.97 -16062.1 1212788704
4392.97 -16062.1 1212788770
4392.97 -16062.1 1212788824
