3635.99 -998.035 1212851080
3581.92 -986.872 1212851140
3589.01 -987.988 1212851201
3588.12 -991.337 1212851261
3585.47 -987.988 1212851322
3585.47 -981.29 1212851382
3589.9 -989.105 1212851443
3589.9 -991.337 1212851508
3589.9 -990.221 1212851563
3576.6 -1014.78 1212851609
3421.48 -1162.13 1212851669
3284.98 -1173.29 1212851690
3046.54 -1190.04 1212851750
2993.35 -1195.62 1212851810
2412.77 -1308.36 1212851870
1932.34 -1319.52 1212851932
1553.85 -1224.64 1212851992
1509.53 -649.741 1212852053
1480.28 -289.152 1212852113
1018.47 -204.306 1212852174
485.744 -245.613 1212852234
343.035 -385.162 1212852295
87.753 -273.523 1212852355
62.0476 69.2195 1212852416
23.0463 578.335 1212852476
0.886394 844.071 1212852537
-73.5707 1108.7 1212852598
-147.141 1435.87 1212852659
-196.78 1861.31 1212852724
-311.124 2463.23 1212852779
-351.899 2701.11 1212852840
-405.969 2999.3 1212852900
-150.687 3157.9 1212852960
538.928 3268.47 1212853020
1013.15 3342.18 1212853080
1084.06 3352.23 1212853140
