3109.47 -1187.8 1211461765
2595.36 -1252.55 1211461798
2139.76 -1319.52 1211461863
1488.26 -1334.04 1211461918
1064.56 -1366.41 1211461982
763.186 -1406.59 1211462038
794.209 -1569.56 1211462075
793.323 -1576.26 1211462135
793.323 -1576.26 1211462196
793.323 -1576.26 1211462260
842.075 -1652.16 1211462318
483.085 -1858.66 1211462378
13.2959 -1878.75 1211462439
14.1823 -1877.63 1211462499
19.5007 -1876.52 1211462560
15.0687 -1874.29 1211462620
14.1823 -1875.4 1211462684
9.75034 -1875.4 1211462742
11.5231 -1877.63 1211462802
12.4095 -1875.4 1211462865
11.5231 -1877.63 1211462924
11.5231 -1878.75 1211462983
12.4095 -1875.4 1211463044
-20.3871 -1424.45 1211463104
-22.1599 -1001.38 1211463169
140.937 -909.847 1211463226
106.367 -494.567 1211463293
64.7068 59.1714 1211463352
51.4109 250.086 1211463411
22.1599 611.831 1211463469
7.09116 794.943 1211463529
-61.1612 1105.35 1211463590
-116.118 1228.17 1211463650
-209.189 1843.45 1211463711
-288.078 2310.24 1211463772
-285.419 2313.59 1211463777
-202.984 2614 1211463846
312.011 2710.04 1211463897
943.124 2804.97 1211463959
1199.29 2732.38 1211464019
1270.2 2746.9 1211464080
1620.33 2813.91 1211464140
2153.05 2883.15 1211464206
2637.02 2972.5 1211464261
2751.37 3027.22 1211464290
3029.7 3224.91 1211464352
3241.54 3331.01 1211464410
3320.43 3323.19 1211464436
3315.12 3317.61 1211464444
3128.09 3060.73 1211464502
2835.58 3052.91 1211464564
2618.41 2851.88 1211464613
2481.02 2759.18 1211464643
2458.86 2822.84 1211464704
2604.23 2849.65 1211464764
2913.58 2589.43 1211464825
2977.4 2539.17 1211464875
3310.68 2192.98 1211464935
3635.1 1851.26 1211465011
3640.42 1853.5 1211465022
3640.42 1853.5 1211465024
3855.82 1951.77 1211465084
3781.36 2113.69 1211465155
3534.94 2359.37 1211465204
3198.11 2693.29 1211465265
2867.49 3035.04 1211465329
2529.77 2760.3 1211465388
2270.94 2490.04 1211465443
2077.71 2291.25 1211465503
1854.34 2077.96 1211465567
1489.14 1926.08 1211465628
1265.77 1949.53 1211465683
1106.22 2942.34 1211465801
989.216 3595.72 1211465861
818.142 3935.27 1211465909
764.958 3935.27 1211465937
768.504 3940.86 1211465997
759.64 3924.1 1211466036
809.278 3935.27 1211466098
1085.83 3975.49 1211466157
1584.87 4043.62 1211466222
2888.76 3890.6 1211466397
3089.08 3788.95 1211466436
3471.12 3815.76 1211466500
3509.24 3716.35 1211466552
3776.04 3511.95 1211466621
3847.84 3477.33 1211466672
3948.89 3367.87 1211466719
3960.41 3355.58 1211466724
4042.85 3450.52 1211466782
3846.95 3747.62 1211466856
3674.99 3967.67 1211466901
3398.44 4341.86 1211466961
3386.03 4359.74 1211467021
3082.88 4297.18 1211467081
2688.43 4236.86 1211467141
2559.91 4216.76 1211467173
2434.93 4197.77 1211467216
2149.51 4145.27 1211467283
1334.91 4021.28 1211467333
1133.7 3987.77 1211467394
1192.2 4099.47 1211467453
1221.45 4071.55 1211467490
1230.32 4008.99 1211467545
2373.76 4183.25 1211467669
2654.75 4143.03 1211467727
2654.75 4131.86 1211467766
2909.15 3814.64 1211467821
3087.31 3858.2 1211467886
3105.93 3591.25 1211467940
3272.57 3620.29 1211468007
3294.73 3507.48 1211468066
3300.93 3490.73 1211468068
3464.03 3695.13 1211468140
3436.55 4038.04 1211468198
3310.68 4122.93 1211468249
3285.86 4305 1211468314
3152.91 4305 1211468370
2690.21 4248.03 1211468429
2418.08 4191.07 1211468494
2153.05 4143.03 1211468550
1218.79 4096.12 1211468610
1189.54 4279.31 1211468677
1185.11 4334.04 1211468712
1186.88 4231.28 1211468760
1220.57 4040.27 1211468834
2237.26 4155.32 1211468999
2392.38 4170.96 1211469049
2637.91 4154.2 1211469109
2898.51 3921.87 1211469182
3081.11 3862.67 1211469230
3157.34 3750.98 1211469307
3203.43 3594.6 1211469358
3326.64 3603.54 1211469414
3318.66 3640.4 1211469417
3464.03 3683.96 1211469477
3488.85 3730.87 1211469543
3325.75 4127.4 1211469624
3275.23 4328.46 1211469695
3023.49 4283.78 1211469749
2595.36 4232.39 1211469820
2287.78 4174.31 1211469864
1312.75 4023.52 1211469934
1217.91 4073.78 1211469985
1085.83 3920.75 1211470069
985.671 3750.98 1211470125
863.348 3724.17 1211470212
863.348 3727.52 1211470242
550.451 3582.32 1211470302
612.499 3381.27 1211470362
862.462 3428.18 1211470427
890.826 3365.64 1211470490
1013.15 3333.25 1211470543
1178.9 3368.99 1211470612
1597.28 3437.12 1211470663
1891.57 3477.33 1211470723
2186.74 3534.29 1211470783
2471.27 3578.97 1211470859
2749.6 3593.49 1211470918
2885.21 3565.56 1211470965
3009.31 3609.12 1211471029
3035.01 3815.76 1211471203
3004.88 4109.52 1211471262
2893.19 4268.14 1211471330
2594.48 4218.99 1211471380
2418.97 4188.83 1211471441
1391.64 4022.4 1211471519
1197.52 3786.72 1211471639
898.804 3738.69 1211471710
852.711 3556.63 1211471776
1068.11 3348.88 1211471826
1306.55 3400.26 1211471886
1284.39 3685.08 1211471941
1148.77 3782.25 1211472005
899.69 3743.16 1211472061
899.69 3740.92 1211472134
897.031 3742.04 1211472196
843.848 3736.45 1211472302
836.756 3637.05 1211472368
1000.74 3339.95 1211472427
1111.54 3364.52 1211472495
1323.39 3392.44 1211472548
1889.79 3489.61 1211472603
2189.39 3530.94 1211472663
2322.35 3545.46 1211472723
2471.27 3578.97 1211472789
2755.8 3639.28 1211472857
3199.88 3754.33 1211472905
3352.34 3701.83 1211472967
3280.55 3653.8 1211473041
3404.64 3709.65 1211473043
3484.42 3662.74 1211473103
3487.08 3654.92 1211473169
3478.21 3793.42 1211473224
3430.35 4051.44 1211473279
3366.53 4127.4 1211473389
3372.73 4119.58 1211473510
3366.53 4128.51 1211473590
3347.03 4150.85 1211473631
3347.03 4150.85 1211473647
3175.95 4311.7 1211473750
2782.39 4248.03 1211473815
2570.54 4217.87 1211473870
2267.4 4167.61 1211473905
2024.52 4341.86 1211473987
2023.64 4347.45 1211474049
2023.64 4346.33 1211474062
1966.02 4076.01 1211474126
2013 3786.72 1211474182
2059.09 3518.65 1211474242
1454.57 3420.36 1211474302
1203.72 3376.81 1211474362
1059.24 3355.58 1211474422
657.705 3294.16 1211474482
-376.718 3126.62 1211474614
-609.839 3090.88 1211474676
-971.488 3032.81 1211474723
-1288.82 2979.2 1211474788
-1673.51 2920.01 1211474843
-1921.7 2879.8 1211474963
-1940.32 2875.33 1211474976
-1960.7 2874.22 1211475042
-2075.94 2664.26 1211475088
-2188.51 2359.37 1211475151
-2790.37 2320.29 1211475191
-3113.02 2497.85 1211475273
-3122.77 2555.93 1211475334
-3118.34 2543.64 1211475369
-3117.45 2543.64 1211475417
-2970.31 2519.07 1211475476
-2765.55 2740.2 1211475537
-2295.76 2815.02 1211475597
-1679.72 2915.54 1211475658
-663.023 3077.48 1211475780
-316.443 3134.44 1211475840
417.492 3250.6 1211475900
1003.4 3342.18 1211475960
1030.88 3345.53 1211475995
1227.66 3387.97 1211476043
1471.41 3420.36 1211476110
1606.15 3439.35 1211476138
2017.43 3505.25 1211476203
2314.38 3564.45 1211476262
2402.13 3575.62 1211476323
2840.89 3626.99 1211476378
3039.45 3613.59 1211476438
3112.13 3563.33 1211476501
3112.13 3563.33 1211476503
3159.11 3468.39 1211476563
3007.54 3492.96 1211476623
3096.18 3264 1211476683
2908.26 3133.33 1211476749
2681.34 2825.08 1211476804
2245.24 2503.44 1211476874
2059.09 2303.54 1211476928
1872.95 2098.06 1211476982
1695.67 1955.12 1211477042
1597.28 1951.77 1211477106
1559.17 1942.83 1211477162
1451.91 1996.43 1211477222
1387.21 2179.58 1211477324
1264 2215.31 1211477379
1260.45 2219.78 1211477446
1284.39 2238.76 1211477500
1251.59 2207.5 1211477560
1254.25 2207.5 1211477591
1212.59 2297.95 1211477660
1161.18 2691.06 1211477716
1268.43 2739.08 1211477771
1675.29 2810.56 1211477831
2251.44 2903.25 1211477896
2384.4 2892.09 1211477960
2360.47 2897.67 1211477964
2450.88 2921.12 1211478031
2475.7 3000.42 1211478084
2413.65 3148.96 1211478144
2265.62 3230.49 1211478205
2247.9 3231.61 1211478231
2268.28 3014.94 1211478291
1959.82 2953.51 1211478351
1670.85 2908.84 1211478411
1373.91 3172.42 1211478471
1338.46 3371.22 1211478536
1310.09 3529.82 1211478579
1300.34 3591.25 1211478618
1240.07 3976.6 1211478673
1240.07 3977.72 1211478703
1444.82 4022.4 1211478754
2234.6 4163.14 1211478814
2747.82 4246.92 1211478875
2748.71 4245.8 1211478914
2750.48 4236.86 1211478925
2681.34 4176.54 1211479037
2438.47 4200 1211479104
2161.92 4148.62 1211479162
1260.45 4004.53 1211479217
1207.27 4105.06 1211479262
1078.74 3990.01 1211479316
1151.43 3543.23 1211479376
1167.38 3346.65 1211479447
1146.11 3253.95 1211479478
1146.11 3252.83 1211479479
906.782 3221.56 1211479540
426.356 3151.2 1211479612
172.847 3133.33 1211479670
317.329 3172.42 1211479721
171.074 3202.57 1211479781
151.573 3365.64 1211479860
124.095 3505.25 1211479901
96.617 3612.47 1211479954
-18.6143 3392.44 1211480014
30.1374 3077.48 1211480074
-503.472 2983.67 1211480144
-1041.51 2684.36 1211480197
-1013.15 2063.44 1211480255
-1461.66 1670.36 1211480322
-1664.65 1624.58 1211480388
-2396.81 1525.2 1211480436
-4119.07 1403.48 1211480578
-4722.71 1371.1 1211480645
-5211.11 1340.95 1211480698
-5344.96 1344.3 1211480828
-4731.57 1355.47 1211480880
-4247.6 1391.2 1211480947
-3544.69 1430.28 1211481009
-2687.55 1481.65 1211481068
-2332.99 1534.13 1211481137
-1749.74 1621.23 1211481196
-1550.3 1655.85 1211481240
-978.579 1745.18 1211481314
-988.33 1966.28 1211481376
-1034.42 2693.29 1211481421
-961.738 2815.02 1211481481
-352.785 2916.66 1211481558
345.694 3039.51 1211481613
272.123 3496.31 1211481722
273.009 3496.31 1211481751
273.009 3496.31 1211481804
272.123 3497.43 1211481825
257.054 3567.8 1211481848
198.552 3727.52 1211481910
205.644 3736.45 1211481965
201.212 3731.99 1211482019
210.962 3727.52 1211482079
203.871 3729.75 1211482139
202.098 3728.64 1211482206
210.962 3728.64 1211482261
202.098 3728.64 1211482335
202.098 3728.64 1211482380
202.984 3728.64 1211482457
87.753 3698.48 1211482506
128.527 3425.95 1211482565
149.801 3261.77 1211482585
436.992 3255.06 1211482667
387.354 3629.23 1211482727
297.829 3642.63 1211482788
305.806 3642.63 1211482944
300.488 3642.63 1211482957
295.169 3309.79 1211483031
808.392 3310.91 1211483078
911.213 3237.19 1211483138
1026.44 2914.42 1211483197
1350.87 2971.38 1211483262
1670.85 3022.76 1211483317
2110.51 3098.7 1211483382
2301.08 2994.84 1211483442
2322.35 2708.93 1211483502
2405.67 2721.21 1211483563
2392.38 2670.96 1211483623
2392.38 2670.96 1211483631
2379.97 2750.25 1211483691
2328.56 2802.74 1211483756
2400.36 2782.64 1211483819
2125.57 2784.87 1211483871
2067.96 2481.1 1211483934
1860.54 2308 1211483996
1527.26 2377.24 1211484068
1621.22 2427.5 1211484112
1630.97 2475.52 1211484172
1543.21 2901.02 1211484232
1292.36 2840.71 1211484295
1208.16 3037.28 1211484352
1216.13 3198.1 1211484412
1172.7 3564.45 1211484472
1285.27 3716.35 1211484532
1240.07 3972.13 1211484593
1289.7 4006.76 1211484654
2389.72 4183.25 1211484751
2456.2 4187.71 1211484811
2457.09 4187.71 1211484875
2640.57 4148.62 1211484945
2751.37 4044.74 1211484997
2881.67 3873.84 1211485060
2893.19 3869.37 1211485077
2972.08 3761.03 1211485133
2882.55 3552.16 1211485195
2677.8 3615.83 1211485258
2549.27 3473.98 1211485317
2340.08 3448.29 1211485377
1835.72 3364.52 1211485438
1610.58 3327.66 1211485498
1214.36 3269.58 1211485559
908.554 3121.04 1211485620
999.853 2686.59 1211485680
1092.92 2062.32 1211485740
1133.7 1847.91 1211485814
1193.97 1502.86 1211485861
1109.77 1343.19 1211485921
986.557 1222.59 1211485955
761.413 993.69 1211486019
447.629 686.638 1211486066
267.691 501.296 1211486126
46.0925 238.921 1211486202
63.8204 10.048 1211486247
68.2524 -94.8967 1211486324
67.366 -96.0131 1211486330
67.366 -107.177 1211486392
67.366 -107.177 1211486399
69.1388 -100.479 1211486463
57.6156 136.207 1211486643
58.502 203.194 1211486651
257.941 477.85 1211486716
526.518 749.164 1211486776
552.224 770.379 1211486832
823.46 1033.89 1211486902
953.76 1165.64 1211486957
1130.15 1344.3 1211487015
1283.5 1853.5 1211487077
1186 2462.12 1211487142
1074.31 3166.83 1211487198
1051.26 3404.73 1211487258
944.01 3925.22 1211487314
1218.79 3995.59 1211487374
1568.03 4043.62 1211487438
2718.57 4237.98 1211487494
3003.99 4684.8 1211487646
3024.38 4537.35 1211487656
2801.01 4372.02 1211487715
2482.79 4570.86 1211487821
2487.22 4558.57 1211487884
2491.65 4564.16 1211487947
2493.43 4560.8 1211488008
2493.43 4560.8 1211488062
2489 4549.63 1211488122
2491.65 4559.69 1211488174
2489 4554.1 1211488240
2491.65 4568.62 1211488295
2493.43 4559.69 1211488337
2488.11 4547.4 1211488377
2483.68 4526.18 1211488440
2488.11 4526.18 1211488492
2488.11 4530.64 1211488561
2490.77 4528.41 1211488627
2493.43 4550.75 1211488673
2459.74 4622.24 1211488719
2172.55 4582.03 1211488786
1856.11 3910.7 1211488923
1886.25 3553.28 1211488990
1931.45 3436 1211489037
1864.09 3153.43 1211489114
1665.54 3069.66 1211489154
1673.51 3067.43 1211489184
1672.63 3068.55 1211489186
1700.99 2923.36 1211489245
1738.22 2734.61 1211489299
1778.99 2428.61 1211489359
1802.93 2036.64 1211489421
1596.4 1838.98 1211489490
1392.53 1617.88 1211489551
1240.07 1490.58 1211489605
967.943 1199.14 1211489661
464.471 703.386 1211489795
217.167 459.985 1211489864
209.189 462.218 1211489881
197.666 459.985 1211489927
160.437 458.869 1211489996
163.097 456.636 1211490055
120.55 457.752 1211490113
120.55 456.636 1211490167
46.0925 443.238 1211490251
425.469 425.374 1211490321
440.538 161.885 1211490367
446.743 159.652 1211490417
420.151 549.306 1211490476
420.151 618.53 1211490565
689.615 909.948 1211490622
976.807 1196.91 1211490686
1308.32 1674.83 1211490747
1294.14 1779.8 1211490802
1217.02 2251.05 1211490872
1117.74 2842.95 1211490928
1072.54 3169.06 1211490982
1024.67 3484.03 1211491048
1116.86 3676.14 1211491103
1131.04 3762.14 1211491144
1130.15 3763.26 1211491156
1130.15 3756.56 1211491213
1128.38 3758.79 1211491246
1127.49 3746.51 1211491301
1140.79 3758.79 1211491365
1137.24 3757.68 1211491426
1139.02 3756.56 1211491486
1143.45 3756.56 1211491541
1160.29 3797.89 1211491601
1135.47 3753.21 1211491663
1099.13 3965.43 1211491731
1009.6 4475.91 1211491781
832.324 4580.91 1211491851
322.648 4500.48 1211491904
-150.687 4425.64 1211491979
-162.21 4422.29 1211492030
-277.441 4511.65 1211492100
-586.793 4460.27 1211492157
-616.044 4451.33 1211492210
-487.517 4489.31 1211492270
-572.611 5047.86 1211492347
-459.152 4996.47 1211492395
-505.245 4595.43 1211492464
-327.966 4497.13 1211492510
-148.914 4531.76 1211492581
-31.0238 4479.26 1211492638
-16.8415 4385.43 1211492660
42.5469 3982.19 1211492720
82.4347 3695.13 1211492790
663.023 3805.71 1211492834
826.12 3737.57 1211492894
873.099 3503.02 1211492959
994.535 2681.01 1211493074
1038.85 2323.64 1211493146
1205.5 2206.38 1211493195
1395.18 2236.53 1211493255
1554.74 1988.62 1211493320
1685.04 1826.7 1211493390
2052 1400.13 1211493413
2400.36 1048.4 1211493473
2504.95 379.598 1211493533
2528 62.5208 1211493596
2550.16 -315.946 1211493659
2550.16 -322.644 1211493664
2567 -357.252 1211493724
2568.77 -368.416 1211493791
2690.21 -478.938 1211493844
2629.93 -644.16 1211493965
2559.02 -114.992 1211494026
2535.09 177.516 1211494095
2496.09 649.793 1211494152
2471.27 949.027 1211494206
2520.91 1078.55 1211494272
2562.57 1118.75 1211494318
2709.71 1265.02 1211494377
3070.47 1621.23 1211494437
3259.27 1816.65 1211494491
3391.35 1949.53 1211494521
3580.15 1917.15 1211494572
3671.45 1816.65 1211494628
3907.23 1895.93 1211494690
3919.64 1881.41 1211494714
3927.61 1873.6 1211494716
3923.18 1880.3 1211494781
3909.89 1885.88 1211494836
3939.14 1922.73 1211494893
3848.72 2028.82 1211494956
3604.97 2292.37 1211495011
3414.39 2477.75 1211495080
3411.73 2474.4 1211495116
3414.39 2476.63 1211495123
3263.7 2620.7 1211495184
2868.37 2801.62 1211495280
2740.73 2743.55 1211495328
2740.73 2744.67 1211495329
2557.25 2589.43 1211495400
2409.22 2701.11 1211495460
2404.79 2724.56 1211495511
2456.2 2827.31 1211495580
2463.29 2934.53 1211495639
2560.79 2964.68 1211495690
2766.44 2978.08 1211495751
2915.35 3137.79 1211495811
3050.97 3289.69 1211495872
3006.65 3447.17 1211495932
3063.38 3449.4 1211495993
3307.14 3430.42 1211496053
3410.85 3666.09 1211496122
3627.13 3788.95 1211496184
3578.37 3482.91 1211496235
3332.84 3228.26 1211496299
3011.97 2869.75 1211496354
2784.16 2679.89 1211496401
2512.04 2442.01 1211496467
1998.82 1947.3 1211496518
1771.9 1715.03 1211496578
1567.15 1506.21 1211496623
1336.68 1095.3 1211496683
1416.46 621.88 1211496743
1457.23 17.863 1211496804
1470.53 -183.094 1211496862
1471.41 -188.676 1211496864
1510.42 -582.76 1211496924
1524.6 -906.498 1211496999
1526.37 -925.475 1211497001
1554.74 -1248.08 1211497072
1826.86 -1332.92 1211497121
2283.35 -1320.64 1211497186
2826.71 -1365.29 1211497246
2707.94 -1915.58 1211497301
2793.92 -1949.07 1211497362
2989.81 -1894.38 1211497423
3135.18 -1990.37 1211497471
3179.5 -1927.86 1211497478
3499.49 -1473.57 1211497540
3434.78 -1236.92 1211497599
3743.24 -1142.04 1211497654
3726.4 -944.452 1211497719
3726.4 -944.452 1211497734
3589.9 -957.848 1211497786
3592.56 -957.848 1211497838
3606.74 -972.36 1211497972
3602.31 -970.127 1211498019
3606.74 -979.058 1211498096
3634.22 -933.289 1211498103
