1034.42 3337.71 1212687393
910.327 3344.42 1212687452
488.403 3265.12 1212687509
308.465 3222.67 1212687773
320.875 3143.38 1212687775
474.221 3047.33 1212687836
728.616 3088.65 1212687873
1164.72 2952.39 1212687970
1377.46 2976.97 1212688020
1388.98 2971.38 1212688075
1769.24 3035.04 1212688150
2184.08 3113.22 1212688197
2418.97 3147.84 1212688300
2441.13 3198.1 1212688356
2378.2 3314.26 1212688427
1649.58 3136.68 1212688477
1245.38 2941.23 1212688538
1249.82 2917.77 1212688556
1257.79 2756.95 1212688607
1423.55 2784.87 1212688657
1813.56 2838.48 1212688711
1826.86 3092 1212688781
2083.91 3306.44 1212688837
2366.67 3347.77 1212688893
2366.67 3347.77 1212688909
2516.47 3379.04 1212688953
2776.19 3434.88 1212689013
2942.83 3414.78 1212689073
2930.42 3485.15 1212689118
2930.42 3485.15 1212689132
3299.16 3714.12 1212689229
3006.65 3708.53 1212689279
2542.18 3705.18 1212689339
2348.06 3672.79 1212689399
2027.18 3614.71 1212689474
1639.83 3551.04 1212689517
1331.36 3510.83 1212689572
1051.26 3461.69 1212689637
1098.24 3567.8 1212689739
1183.34 3585.67 1212689755
1269.32 3785.6 1212689794
1215.25 4090.54 1212689854
1188.65 4306.12 1212689897
1065.45 4294.95 1212689959
1060.13 4118.46 1212690018
1115.08 3679.49 1212690083
1139.02 3481.79 1212690138
1199.29 3178 1212690194
1237.41 2974.73 1212690251
1262.23 2874.22 1212690306
811.051 2810.56 1212690366
671.887 2847.41 1212690426
643.522 2969.15 1212690499
356.331 2921.12 1212690523
202.984 2982.55 1212690549
327.966 3021.64 1212690576
932.487 3083.07 1212690655
1080.51 2937.88 1212690716
1091.15 3076.37 1212690780
942.237 3867.14 1212690851
1066.33 3968.78 1212690911
1161.18 3983.3 1212690981
1577.78 4052.56 1212691031
2522.68 4204.47 1212691091
2949.92 4271.49 1212691152
3016.4 4496.01 1212691212
3048.31 4407.77 1212691244
2976.51 4386.54 1212691261
2908.26 4797.62 1212691321
3055.4 4413.35 1212691386
3078.45 4294.95 1212691441
2803.67 4251.38 1212691501
2543.95 4235.75 1212691561
2549.27 4221.22 1212691586
2574.98 4200 1212691643
2786.82 4021.28 1212691689
2879.01 3737.57 1212691749
2949.92 3744.27 1212691815
2934.85 3568.91 1212691874
2930.42 3566.68 1212691937
2996.9 3226.03 1212691992
3019.95 3253.95 1212692054
3293.84 2971.38 1212692114
3454.28 2889.85 1212692174
3495.05 2607.3 1212692239
3074.02 2101.41 1212692294
2678.68 938.978 1212692354
2865.71 -415.304 1212692427
2606 -1880.98 1212692465
2832.92 -3393.27 1212692518
3260.16 -4865.11 1212692568
3692.72 -6305.45 1212692614
3962.18 -7806.88 1212692662
4172.26 -9306.92 1212692716
3364.75 -10628.3 1212692768
2528 -11849.1 1212692818
2640.57 -13352.9 1212692876
2924.22 -14818.5 1212692935
3316 -16218.1 1212692990
4074.76 -16202.5 1212693050
4057.03 -16179.1 1212693126
4050.82 -16143.4 1212693131
4051.71 -16143.4 1212693148
3874.43 -16231.4 1212693193
