4472.75 -15916.1 1211903031
4210.37 -16059.9 1211903097
3529.62 -16288.3 1211903155
4155.42 -16974.6 1211903194
4726.26 -17616.3 1211903249
4593.3 -17796.8 1211903314
4580.89 -17810.2 1211903380
5195.16 -18263.6 1211903445
6192.35 -18904.1 1211903500
6482.2 -19086.7 1211903556
6724.19 -19125.7 1211903615
7472.31 -19322.9 1211903713
6661.25 -19104.5 1211903773
6210.08 -18630 1211903877
5443.35 -18002.9 1211903932
4422.22 -17157.3 1211903998
3779.59 -16617 1211904030
3779.59 -16617 1211904045
4257.35 -16103.3 1211904123
4408.93 -16009.7 1211904176
4291.92 -16159 1211904333
4490.47 -16170.2 1211904390
4484.27 -16141.2 1211904420
4218.35 -16054.3 1211904490
3623.58 -16238.1 1211904546
3002.22 -14880.9 1211904599
2670.71 -13383 1211904657
2546.61 -11843.5 1211904700
3404.64 -10603.8 1211904751
4184.67 -9296.89 1211904795
3978.14 -7799.07 1211904844
3714.88 -6328.88 1211904890
3257.5 -4842.79 1211904940
2850.64 -3405.54 1211904989
2626.39 -1864.24 1211905045
2906.49 -900.916 1211905107
2645.89 -125.04 1211905167
2719.46 403.044 1211905228
2707.05 808.341 1211905288
2466.84 1074.08 1211905348
2395.04 1160.06 1211905409
2396.81 1249.39 1211905469
2210.67 1438.1 1211905535
2140.64 1505.1 1211905590
2014.77 1631.28 1211905653
1715.17 1936.13 1211905711
1444.82 1913.8 1211905773
1343.77 1904.87 1211905837
1240.95 2077.96 1211905898
1151.43 2515.72 1211905953
1066.33 3042.86 1211906013
921.85 3223.79 1211906090
542.473 3157.9 1211906133
543.36 3155.66 1211906143
543.36 3155.66 1211906156
543.36 3155.66 1211906231
540.701 3155.66 1211906256
241.986 3110.99 1211906317
193.234 3018.29 1211906344
250.85 2657.55 1211906405
309.352 2348.21 1211906465
296.056 2318.05 1211906494
193.234 2257.75 1211906536
10.6367 2320.29 1211906596
117.89 2582.73 1211906656
108.14 2653.09 1211906685
392.673 2696.64 1211906746
489.29 2100.29 1211906811
535.382 1820 1211906866
426.356 1606.71 1211906926
442.311 1464.9 1211906986
500.813 1116.51 1211907049
392.673 846.304 1211907106
410.401 636.395 1211907166
360.763 109.412 1211907227
256.168 63.6372 1211907253
256.168 63.6372 1211907255
89.5258 -90.431 1211907337
-127.641 10.048 1211907397
-154.233 245.62 1211907458
-413.946 232.222 1211907494
-762.299 212.126 1211907583
-661.25 500.18 1211907646
-140.937 775.961 1211907705
185.256 817.274 1211907765
546.905 854.12 1211907825
549.565 850.77 1211907887
579.702 847.42 1211907951
927.169 1064.03 1211908012
1010.49 1075.2 1211908059
1331.36 1119.86 1211908118
1564.49 1042.82 1211908188
1487.37 999.273 1211908243
2652.98 868.635 1211908298
2607.77 116.11 1211908371
2882.55 -509.08 1211908385
2545.72 -1975.86 1211908436
2862.17 -3493.71 1211908496
3284.09 -4938.75 1211908540
3707.79 -6381.31 1211908592
3971.93 -7853.73 1211908637
4162.51 -9361.57 1211908686
3370.96 -10626.1 1211908735
2535.97 -11874.8 1211908788
2642.34 -13370.7 1211908840
3285.86 -16103.3 1211908967
4205.94 -16145.6 1211909014
4483.38 -15893.8 1211909076
4396.52 -15851.5 1211909119
4396.52 -15851.5 1211909126
4325.6 -15864.9 1211909181
4234.31 -15966.3 1211909241
3624.47 -16260.4 1211909302
4203.28 -16146.8 1211909362
