1091.15 2400.69 1212302300
1046.83 2369.42 1212302349
1115.08 1947.3 1212302404
1136.36 1862.43 1212302490
911.213 1723.96 1212302546
463.584 1654.73 1212302606
-235.781 1540.83 1212302666
-832.324 1447.03 1212302726
-886.394 1319.74 1212302792
-1107.11 978.058 1212302846
-1266.66 635.278 1212302906
-1237.41 432.073 1212302947
-1236.52 430.956 1212302958
-1227.66 427.607 1212302995
-1277.29 695.571 1212303055
-1240.95 1061.8 1212303115
-1187.77 1181.28 1212303202
-1283.5 1167.88 1212303262
-1285.27 1168.99 1212303294
-1283.5 1166.76 1212303407
-1299.45 1165.64 1212303429
-897.031 1326.44 1212303494
-460.925 1515.15 1212303549
-343.921 1643.56 1212303600
-332.398 1644.68 1212303629
-202.098 1659.2 1212303674
-202.984 1656.96 1212303688
-157.778 1462.66 1212303759
-149.801 1544.18 1212303809
-152.46 1546.41 1212303863
-152.46 1537.48 1212303924
-149.801 1540.83 1212303984
-148.028 1546.41 1212304045
-179.052 1648.03 1212304110
-182.597 1562.05 1212304165
-184.37 1559.81 1212304178
-19.5007 1472.71 1212304243
645.295 1582.15 1212304303
1173.59 1579.91 1212304363
1310.98 1574.33 1212304413
1310.98 1574.33 1212304428
1358.84 1588.85 1212304467
1881.82 1347.65 1212304527
2008.57 1214.77 1212304589
2013 1211.43 1212304621
2037.82 1186.86 1212304627
2027.18 1152.25 1212304644
1660.22 1066.27 1212304689
1016.69 1075.2 1212304750
647.068 884.267 1212304810
288.078 522.51 1212304874
-79.7755 254.552 1212304933
-335.057 234.455 1212304971
-1017.58 183.098 1212305031
-1449.25 195.379 1212305091
-1510.42 580.568 1212305151
-1634.51 683.289 1212305260
-1564.49 924.463 1212305324
-1258.68 1057.34 1212305388
-1158.52 1074.08 1212305439
-1105.33 1086.37 1212305499
-764.072 1138.85 1212305559
-296.056 1212.54 1212305619
-156.005 1238.22 1212305684
179.052 1290.7 1212305733
376.718 1324.2 1212305783
436.106 1530.78 1212305843
401.537 1737.36 1212305894
544.246 1868.01 1212305954
753.435 2239.88 1212306014
1045.06 2287.9 1212306075
1195.75 2309.12 1212306141
1089.38 3040.63 1212306199
1022.9 3412.55 1212306218
892.599 4208.94 1212306278
501.699 4418.94 1212306339
405.969 4405.53 1212306400
402.423 4406.65 1212306563
355.444 4395.48 1212306566
166.642 4365.32 1212306605
-2.65918 4337.39 1212306652
-48.7517 3641.51 1212306778
16.8415 3208.16 1212306828
-99.2762 3059.61 1212306898
-663.023 2961.33 1212306958
-1022.9 2522.42 1212307008
-1185.11 2314.7 1212307068
-1186.88 2315.82 1212307090
-1188.65 2315.82 1212307097
-1066.33 2395.11 1212307152
-997.194 1961.82 1212307212
-831.438 1771.98 1212307272
-933.373 1556.46 1212307352
-1217.91 1385.62 1212307397
-1926.14 1222.59 1212307457
-2658.3 1393.43 1212307527
-2756.69 1394.55 1212307563
-2311.72 1290.7 1212307618
-1740.88 1200.26 1212307678
-1423.55 1247.16 1212307738
-525.632 1392.32 1212307798
224.258 1510.68 1212307859
818.142 1606.71 1212307919
1356.18 1799.9 1212307993
2038.71 1974.1 1212308048
2456.2 2379.48 1212308101
2778.85 2699.99 1212308166
2974.74 2897.67 1212308232
3237.11 2877.57 1212308288
3222.93 2866.4 1212308303
3222.04 2865.28 1212308333
3222.04 2865.28 1212308335
3221.16 2865.28 1212308366
2990.69 2639.69 1212308426
2933.97 2568.21 1212308489
3034.13 2468.82 1212308549
2691.09 1770.86 1212308607
2668.93 282.464 1212308670
2824.94 -1089.57 1212308729
2603.34 -809.378 1212308790
2412.77 -451.029 1212309049
2410.11 -445.447 1212309110
2399.47 -310.364 1212309180
2403.9 -381.813 1212309278
2381.74 -98.246 1212309383
2370.22 -87.0817 1212309390
1802.93 -139.554 1212309446
1441.28 -168.58 1212309507
1089.38 -193.142 1212309582
1107.99 -626.298 1212309633
1156.74 -1252.55 1212309688
1098.24 -1965.81 1212309749
930.714 -2494.86 1212309809
116.118 -3078.56 1212309869
-561.974 -3162.26 1212309930
-791.55 -3098.65 1212309980
-790.664 -3101.99 1212310061
-790.664 -3101.99 1212310068
-973.261 -3100.88 1212310160
-1185.11 -3184.58 1212310221
-1347.32 -3184.58 1212310281
-1347.32 -3184.58 1212310284
-1637.17 -4088.49 1212310405
-2236.37 -3925.57 1212310466
-2855.96 -3512.68 1212310525
-3172.41 -3262.7 1212310594
-3231.79 -3639.9 1212310646
-3454.28 -4341.79 1212310708
-3817.7 -4381.96 1212310764
-3817.7 -4381.96 1212310780
-3841.63 -4415.44 1212310799
-3841.63 -4422.13 1212310807
-3542.03 -4388.66 1212310875
-3470.23 -3894.33 1212310929
-3456.05 -3431.21 1212310983
-3393.12 -2853.12 1212311057
-3201.66 -2840.84 1212311104
-2948.15 -2469.19 1212311158
-2920.67 -2447.98 1212311189
-3046.54 -2562.94 1212311254
-3472.01 -2841.96 1212311309
-3473.78 -2843.07 1212311369
-3501.26 -2881.02 1212311430
-3565.08 -3700.16 1212311508
-3818.59 -3551.74 1212311561
-3714.88 -3704.62 1212311616
-3456.94 -3598.61 1212311673
-3464.03 -3219.18 1212311743
-3227.36 -3244.84 1212311800
-2832.03 -3575.17 1212311854
-2217.76 -3942.31 1212311916
-1817.99 -4050.55 1212311985
-1496.23 -4138.71 1212312043
-1257.79 -4268.15 1212312096
-1229.43 -4282.65 1212312135
-1227.66 -4282.65 1212312136
-1080.51 -4349.6 1212312196
-576.156 -4742.37 1212312257
-486.631 -4871.8 1212312290
-101.049 -5103.88 1212312349
820.801 -5487.69 1212312410
1363.27 -5782.23 1212312465
1423.55 -5671.78 1212312525
1596.4 -5663.97 1212312598
1596.4 -5660.62 1212312668
1112.43 -5679.58 1212312677
819.915 -5474.3 1212312706
190.575 -5245.58 1212312766
-247.304 -5006.81 1212312833
-419.265 -4795.93 1212312893
-85.9803 -4242.48 1212312953
-85.0939 -4242.48 1212312967
309.352 -4340.68 1212313021
796.869 -4628.56 1212313082
1571.58 -4635.26 1212313142
2457.09 -4521.44 1212313202
3072.24 -4309.43 1212313262
3074.9 -4073.99 1212313323
3370.96 -4396.47 1212313397
3512.78 -4483.51 1212313442
3512.78 -4483.51 1212313459
3202.54 -4559.38 1212313514
3248.64 -4976.69 1212313565
3020.83 -3885.4 1212313625
2787.71 -2708.03 1212313689
3740.58 -1576.26 1212313731
3857.59 -1156.55 1212313775
3572.17 -1106.32 1212313834
3571.28 -1104.08 1212313894
3571.28 -1104.08 1212313961
3574.83 -1094.04 1212314020
3747.68 -1024.83 1212314075
3620.03 -913.196 1212314141
3620.03 -914.312 1212314168
3606.74 -916.544 1212314228
3600.53 -922.126 1212314295
3594.33 -926.591 1212314349
3586.35 -946.685 1212314534
3586.35 -945.569 1212314590
3581.92 -956.732 1212314650
3585.47 -962.313 1212314719
3573.94 -962.313 1212314787
