4404.49 -16032 1212548775
4408.04 -16027.5 1212548835
4408.04 -16025.3 1212548895
4408.04 -16025.3 1212548955
4408.04 -16025.3 1212549020
4407.15 -16025.3 1212549077
4406.27 -16024.2 1212549145
4405.38 -16023.1 1212549177
4406.27 -16023.1 1212549237
4407.15 -16023.1 1212549297
4408.04 -16023.1 1212549358
4407.15 -16024.2 1212549421
4406.27 -16024.2 1212549477
4406.27 -16024.2 1212549546
4407.15 -16023.1 1212549603
4408.93 -16023.1 1212549657
4408.04 -16023.1 1212549717
4408.93 -16023.1 1212549778
4409.81 -16023.1 1212549848
4414.24 -16017.5 1212549909
