721.525 3917.4 1212912050
2451.77 3797.89 1212912200
1426.21 3523.12 1212912226
1321.61 3433.77 1212912254
1335.8 3352.23 1212912284
1335.8 3352.23 1212912302
1335.8 3352.23 1212912335
1444.82 3014.94 1212912423
1444.82 3014.94 1212912539
2259.42 3032.81 1212912542
2262.97 3035.04 1212912551
2268.28 3033.92 1212912556
2268.28 3033.92 1212912578
2277.15 3020.52 1212912608
2277.15 3020.52 1212912668
2245.24 3058.5 1212912682
2245.24 3058.5 1212912771
2245.24 3058.5 1212912803
2245.24 3058.5 1212912858
1669.08 3049.56 1212912863
1669.08 3049.56 1212912903
1669.08 3049.56 1212912932
1669.08 3049.56 1212913016
1431.53 2702.23 1212913018
1163.84 2630.75 1212913071
1043.29 2599.48 1212913082
1038.85 2599.48 1212913083
1109.77 1965.17 1212913143
1155.86 1363.28 1212913203
1199.29 820.623 1212913263
1212.59 593.967 1212913323
1227.66 405.277 1212913383
1240.95 183.098 1212913468
1246.27 170.817 1212913473
1248.04 246.737 1212913516
1223.22 582.801 1212913576
1162.06 1342.07 1212913636
1298.57 1710.56 1212913701
1190.43 2380.59 1212913757
1069.88 3124.39 1212913819
947.556 3926.34 1212913895
