3635.1 -929.94 1211629562
3675.88 -986.872 1211629622
3635.1 -991.337 1211629682
3578.37 -1115.25 1211629742
2967.65 -1043.8 1211629802
2867.49 -910.963 1211629863
2805.44 -910.963 1211629922
2811.64 -926.591 1211629982
2801.01 -903.149 1211630042
2838.23 -904.265 1211630158
2499.63 -804.912 1211630218
2448.22 -810.494 1211630227
1892.45 -867.427 1211630288
1511.3 -620.716 1211630348
1298.57 -375.115 1211630389
1284.39 -209.888 1211630404
1239.18 359.501 1211630462
1238.29 357.268 1211630515
1280.84 -180.861 1211630575
1329.59 -890.869 1211630635
1346.43 -1722.48 1211630699
1153.2 -2089.71 1211630741
1153.2 -2089.71 1211630746
1162.06 -1982.55 1211630783
1044.17 -1993.72 1211630847
875.758 -1826.29 1211630904
612.499 -1850.85 1211630964
636.431 -1845.26 1211631028
683.41 -1848.61 1211631092
682.524 -1848.61 1211631147
683.41 -1849.73 1211631227
684.297 -1844.15 1211631323
686.956 -1859.77 1211631381
778.254 -1838.57 1211631441
897.031 -1826.29 1211631459
1099.13 -1975.86 1211631518
965.284 -2335.26 1211631579
1021.13 -2811.83 1211631639
841.188 -3210.25 1211631700
2283.35 -2936.82 1211631756
3092.63 -4194.5 1211631814
3575.72 -5613.76 1211631858
3844.29 -7136.51 1211631898
4105.78 -8590.95 1211631935
3812.38 -10068.6 1211631991
2787.71 -11143.4 1211632033
2582.07 -12667.4 1211632083
2847.1 -14154.3 1211632139
3152.02 -15617.5 1211632204
3907.23 -16256 1211632256
4065 -16214.7 1211632308
4065 -16214.7 1211632312
4063.23 -16215.8 1211632314
4055.25 -16228.1 1211632356
4034.87 -16235.9 1211632415
4043.73 -16093.3 1211632475
3337.28 -15970.7 1211632539
2989.81 -14522 1211632592
2629.93 -13056.4 1211632650
2619.3 -11515.8 1211632698
3575.72 -10390.8 1211632740
4192.65 -9021.44 1211632784
3935.59 -7533.61 1211632827
3666.13 -6053.32 1211632871
3220.27 -4621.87 1211632915
2770.87 -3196.86 1211632963
2546.61 -2314.05 1211633023
2469.49 -2289.49 1211633084
1797.61 -2364.27 1211633144
1149.65 -2134.35 1211633205
1253.36 -1914.47 1211633269
1373.91 -1365.29 1211633330
1370.37 -1310.59 1211633354
1323.39 -733.467 1211633415
1295.02 -478.938 1211633460
1276.41 -147.369 1211633484
1234.75 401.928 1211633530
1065.45 525.859 1211633551
607.18 796.059 1211633640
576.156 1120.98 1211633703
269.464 1306.34 1211633760
44.3197 1271.72 1211633783
-102.822 1249.39 1211633801
-444.084 1189.09 1211633862
-1134.58 1078.55 1211633922
-1271.09 641.977 1211633987
-1538.78 721.251 1211634043
-1362.39 1039.47 1211634105
-1144.34 1104.23 1211634165
-864.235 1163.41 1211634227
-233.122 1222.59 1211634286
308.465 1308.57 1211634348
522.973 1132.15 1211634407
600.975 858.586 1211634468
874.871 500.18 1211634528
1226.77 453.286 1211634589
1264.88 -74.801 1211634650
1502.44 -490.102 1211634711
1283.5 -205.422 1211634772
1252.48 213.242 1211634832
731.275 499.063 1211634893
584.134 1032.77 1211634956
369.626 1323.09 1211635019
3.54558 1432.52 1211635085
-192.348 1741.83 1211635136
-326.193 2553.69 1211635197
-410.401 3071.9 1211635257
312.011 3209.27 1211635319
475.107 3045.09 1211635381
912.1 3118.81 1211635442
1066.33 3178 1211635477
936.033 4021.28 1211635537
547.792 4319.52 1211635597
226.031 4370.91 1211635657
258.827 4460.27 1211635717
243.758 4560.8 1211635754
-191.461 4414.47 1211635814
-26.5918 4370.91 1211635874
312.897 4169.84 1211635935
780.914 4140.8 1211635996
1026.44 4425.64 1211636103
1025.56 4426.76 1211636184
1008.72 4431.23 1211636244
1011.38 4458.04 1211636331
1089.38 4510.54 1211636358
1334.91 4227.93 1211636415
1537.89 3953.15 1211636475
1601.71 3573.38 1211636535
1635.4 3347.77 1211636590
1689.47 3006 1211636650
1807.36 2313.59 1211636711
2024.52 1905.98 1211636772
2552.82 1380.03 1211636832
2767.32 1325.32 1211636893
3329.3 1214.77 1211636954
3835.43 -206.538 1211637007
3599.65 -1693.46 1211637065
2715.91 -2891.06 1211637114
3029.7 -4001.45 1211637155
3534.05 -5398.43 1211637205
3805.29 -6923.46 1211637245
4070.32 -8402.47 1211637290
3911.66 -9911.32 1211637338
2865.71 -11055.3 1211637382
2571.43 -12540.3 1211637432
2824.94 -14021.6 1211637483
3126.31 -15509.4 1211637534
3883.29 -16218.1 1211637594
4545.43 -16103.3 1211637654
4545.43 -16103.3 1211637666
4517.95 -15931.7 1211637682
4422.22 -15866 1211637736
4421.34 -15866 1211637737
4350.42 -15863.7 1211637801
4291.92 -15889.4 1211637857
4254.69 -15939.5 1211637919
3656.38 -16229.2 1211637977
3052.74 -14932.1 1211638038
2699.96 -13487.8 1211638098
2551.04 -11986.2 1211638135
3326.64 -10682.9 1211638188
4151.87 -9424.02 1211638229
4001.18 -7931.8 1211638275
3733.49 -6431.51 1211638321
3298.27 -4944.33 1211638369
3032.36 -3981.37 1211638399
2489 -2596.42 1211638448
2860.39 -1114.13 1211638502
2715.91 378.481 1211638557
1863.2 1057.34 1211638617
1118.63 1273.96 1211638678
1250.7 1677.06 1211638738
1271.98 1903.75 1211638755
1221.45 2215.31 1211638815
1611.47 2370.54 1211638876
2159.26 2466.58 1211638936
2172.55 2750.25 1211638998
2224.85 2868.63 1211639036
2224.85 2873.1 1211639041
2224.85 2879.8 1211639070
2423.4 3059.61 1211639130
2265.62 3228.26 1211639190
1571.58 3097.59 1211639255
1350.87 3277.4 1211639314
1185.11 3360.05 1211639371
702.024 3301.97 1211639431
281.873 3329.9 1211639491
155.119 3318.73 1211639551
163.983 3317.61 1211639611
162.21 3324.31 1211639671
163.097 3322.08 1211639731
163.983 3318.73 1211639791
163.097 3319.84 1211639844
164.869 3323.19 1211639909
162.21 3322.08 1211639964
-68.2524 3181.35 1211640025
-111.686 3175.77 1211640027
-405.082 2982.55 1211640089
-348.353 2617.35 1211640149
-286.305 2382.83 1211640196
-177.279 2402.93 1211640205
-127.641 2229.83 1211640229
-39.8877 2091.36 1211640289
346.58 2178.46 1211640354
1066.33 2286.78 1211640410
1326.93 2330.34 1211640470
1531.69 2094.71 1211640530
1844.59 1547.53 1211640591
2161.03 1057.34 1211640654
2195.6 968.009 1211640712
2208.89 772.612 1211640728
2231.05 635.278 1211640790
2192.94 616.297 1211640796
1853.45 608.481 1211640857
1828.63 221.058 1211640918
1856.11 -121.691 1211640978
1712.51 -503.498 1211641042
1319.84 -543.687 1211641099
1276.41 -131.739 1211641159
1230.32 441.005 1211641220
796.869 667.657 1211641283
593.884 853.003 1211641341
498.154 1145.55 1211641385
287.192 1519.61 1211641445
123.209 1579.91 1211641505
129.414 1568.75 1211641540
130.3 1578.8 1211641601
134.732 1544.18 1211641614
990.989 1624.58 1211641705
1138.13 1654.73 1211641766
1251.59 2047.8 1211641825
1654.01 2372.78 1211641885
2208.89 2445.36 1211641945
2222.19 2687.71 1211642006
2403.9 2704.46 1211642066
2349.83 2752.48 1211642128
2424.29 2629.63 1211642187
2503.18 2590.55 1211642248
2418.97 2692.18 1211642302
2465.06 2821.73 1211642362
2411.88 3157.9 1211642423
2269.17 3219.32 1211642483
1712.51 3137.79 1211642538
1348.21 3270.7 1211642598
1215.25 3376.81 1211642658
941.351 3390.21 1211642718
775.595 3315.38 1211642750
450.288 3303.09 1211642811
366.081 3836.98 1211642875
435.22 3860.44 1211642932
433.447 3869.37 1211642993
432.56 3870.49 1211643006
429.015 3879.43 1211643066
437.879 3858.2 1211643135
436.106 3868.26 1211643186
647.068 3902.88 1211643256
910.327 4157.56 1211643306
1073.42 4183.25 1211643366
1262.23 3806.82 1211643426
1300.34 3559.98 1211643469
1343.77 3296.39 1211643534
1500.67 3209.27 1211643587
1974 3286.34 1211643644
2277.15 3057.38 1211643706
2339.19 2712.28 1211643764
2426.06 2665.37 1211643823
2777.96 2321.4 1211643883
2972.97 2129.32 1211643943
3257.5 1845.68 1211644006
3574.83 1850.15 1211644064
3584.58 1860.2 1211644090
3589.01 1865.78 1211644091
3598.76 1875.83 1211644101
3895.7 2178.46 1211644172
3837.2 2457.65 1211644222
3404.64 2884.27 1211644287
3383.37 3322.08 1211644342
3723.74 3670.56 1211644422
3930.27 3574.5 1211644464
3831.88 3771.08 1211644532
3591.67 4069.31 1211644585
3493.28 4063.73 1211644645
3453.39 3764.38 1211644703
3343.48 3559.98 1211644754
2975.63 3501.9 1211644814
2711.48 3575.62 1211644874
2511.16 3534.29 1211644905
2507.61 3535.41 1211644906
2494.31 3566.68 1211644974
2095.44 3530.94 1211645027
1741.77 3462.81 1211645087
1491.8 3424.83 1211645107
1053.04 3360.05 1211645168
685.183 3299.74 1211645230
299.601 3322.08 1211645296
252.622 3629.23 1211645384
425.469 3661.62 1211645407
490.176 3974.37 1211645465
756.981 4134.1 1211645521
1023.79 4175.43 1211645581
1181.56 4203.35 1211645641
1303 3900.65 1211645704
1561.83 3823.58 1211645765
1606.15 3554.39 1211645834
1633.62 3351.12 1211645883
1529.92 3113.22 1211645946
1583.99 3227.14 1211646055
1585.76 3227.14 1211646115
1595.51 3227.14 1211646175
1624.76 3239.43 1211646182
2164.58 3317.61 1211646242
2879.9 3442.7 1211646302
3089.97 3644.87 1211646362
3433.89 3709.65 1211646422
3462.26 3726.4 1211646482
3462.26 3726.4 1211646487
3475.55 3791.19 1211646521
3427.69 3788.95 1211646585
3411.73 3825.81 1211646589
3393.12 3637.05 1211646649
3168.86 3504.13 1211646713
2674.25 3454.99 1211646770
2143.3 3211.51 1211646831
2106.96 3258.42 1211646856
2023.64 3715.23 1211646916
1957.16 4122.93 1211646979
1914.61 4398.83 1211647037
1907.52 4413.35 1211647059
1920.82 4427.87 1211647094
1920.82 4426.76 1211647154
1775.45 4261.44 1211647216
1683.26 4074.9 1211647263
1804.7 4167.61 1211647376
1809.13 4134.1 1211647420
1884.47 3700.71 1211647464
1953.61 3238.31 1211647525
2028.96 2760.3 1211647584
2016.55 2320.29 1211647644
1805.59 2273.38 1211647670
1809.13 2254.4 1211647674
1851.68 2110.34 1211647734
1817.99 2056.74 1211647759
1758.61 2400.69 1211647818
2087.46 2520.19 1211647882
2373.76 2344.86 1211647932
2578.52 2149.43 1211647992
2526.22 2175.11 1211648050
2173.44 1833.4 1211648109
1798.49 1469.36 1211648176
1536.12 1357.7 1211648230
1478.51 1591.08 1211648290
1438.62 1776.45 1211648352
1357.96 1911.57 1211648411
1037.08 1966.28 1211648465
1036.2 1965.17 1211648471
971.488 1954 1211648480
711.775 1804.36 1211648545
690.501 1372.22 1211648600
223.371 1299.64 1211648669
-40.7741 1363.28 1211648732
-174.62 1450.38 1211648780
-243.758 2058.97 1211648894
-367.854 2773.7 1211648961
-390.9 2883.15 1211649021
-391.786 2885.38 1211649031
-10.6367 2971.38 1211649087
734.821 3089.77 1211649147
1096.47 3150.08 1211649207
1778.11 3259.53 1211649267
2328.56 3346.65 1211649330
2791.26 3384.62 1211649392
2925.99 3453.87 1211649448
3128.09 3867.14 1211649510
3051.86 3708.53 1211649570
2998.67 3648.22 1211649638
3015.51 3248.36 1211649698
2767.32 2808.32 1211649756
2379.08 2557.04 1211649815
2000.59 2233.18 1211649874
1754.17 1978.57 1211649915
1628.31 1873.6 1211649985
1383.66 1605.6 1211650036
1023.79 1251.62 1211650102
797.755 1024.95 1211650165
826.12 686.638 1211650255
1019.35 553.772 1211650312
1072.54 164.118 1211650372
1400.5 -177.512 1211650460
1748.86 32.3768 1211650520
1825.97 328.239 1211650580
1790.52 749.164 1211650644
1797.61 1086.37 1211650705
2338.31 1728.43 1211650828
2836.46 2223.13 1211650882
2546.61 2578.26 1211650942
2413.65 2717.86 1211651002
2474.81 2878.68 1211651046
2535.97 2893.2 1211651048
2702.62 2920.01 1211651124
2826.71 2902.14 1211651168
2563.45 3030.57 1211651230
2158.37 3001.54 1211651288
1632.74 2917.77 1211651350
1385.43 3068.55 1211651408
1213.47 3389.09 1211651473
1078.74 3375.69 1211651529
1032.65 3381.27 1211651577
944.896 3925.22 1211651635
644.409 3948.68 1211651700
654.159 4013.46 1211651744
778.254 4017.93 1211651745
788.005 3985.54 1211651754
740.139 3922.99 1211651817
798.641 4033.57 1211651897
888.167 4058.14 1211651959
891.713 4062.61 1211652027
854.484 4059.26 1211652042
522.086 3883.89 1211652089
571.724 3525.35 1211652149
583.248 3287.45 1211652210
259.714 3230.49 1211652270
-179.938 3160.13 1211652335
-475.994 3103.17 1211652395
-952.874 3036.16 1211652453
-1259.57 2989.25 1211652514
-1669.97 2925.59 1211652574
-1664.65 2921.12 1211652621
-1664.65 2921.12 1211652624
-1677.94 2934.53 1211652670
-2093.66 2851.88 1211652730
-2733.64 2748.02 1211652795
-3384.25 2710.04 1211652855
-3787.56 2347.09 1211653045
-3784.02 2459.88 1211653108
-3439.21 2696.64 1211653154
-3187.47 2713.39 1211653222
-2816.08 2735.73 1211653277
-2243.46 2825.08 1211653348
-1728.47 2908.84 1211653390
-1681.49 2915.54 1211653401
-1674.4 2918.89 1211653414
-1778.99 2673.19 1211653488
-1642.49 2418.56 1211653539
-1598.17 2142.73 1211653603
-1528.14 1683.76 1211653660
-1637.17 1306.34 1211653719
-1587.53 1028.3 1211653777
-1538.78 711.202 1211653837
-1522.83 487.898 1211653901
-1617.67 470.034 1211654155
-1440.39 602.899 1211654224
-1172.7 1068.5 1211654344
-896.145 1115.4 1211654404
-893.486 1116.51 1211654411
-514.109 1177.93 1211654475
-135.618 1230.41 1211654534
328.852 1313.04 1211654595
572.611 1102 1211654655
591.225 839.605 1211654739
269.464 509.112 1211654797
-190.575 187.564 1211654867
-767.618 -198.724 1211654917
-895.258 -161.882 1211654945
-607.18 -542.571 1211655020
-795.096 -878.59 1211655066
-770.277 -881.939 1211655110
-770.277 -881.939 1211655112
-771.163 -881.939 1211655172
-772.05 -885.288 1211655254
-838.529 -1154.32 1211655315
-815.483 -1446.78 1211655375
-655.932 -1406.59 1211655440
-180.824 -919.893 1211655564
-186.143 -926.591 1211655628
-187.029 -926.591 1211655677
-62.0476 -921.01 1211655802
-234.008 -1195.62 1211655866
-654.159 -1388.73 1211655926
-874.871 -1475.8 1211655977
-1388.09 -1603.05 1211656039
-1558.28 -1712.44 1211656097
-2092.78 -2185.69 1211656157
-2855.08 -2490.4 1211656282
