3504.8 3554.39 1213036019
3512.78 3551.04 1213036029
3514.55 3717.47 1213036089
3761.86 3492.96 1213036153
3711.33 3381.27 1213036209
3310.68 2941.23 1213036274
3142.27 2815.02 1213036339
3093.52 2740.2 1213036375
3093.52 2740.2 1213036377
3094.4 2737.96 1213036407
2933.08 2616.23 1213036449
2720.34 2395.11 1213036513
2404.79 2339.27 1213036570
2196.49 2570.44 1213036630
1929.68 2531.36 1213036690
1621.22 2562.63 1213036751
1619.44 2617.35 1213036801
1607.03 2602.83 1213036856
1606.15 2605.06 1213036858
1338.46 2855.23 1213036946
1350.87 2255.52 1213037064
1399.62 1956.23 1213037123
1420 1836.75 1213037180
1443.05 1844.56 1213037225
1447.48 1870.25 1213037273
1444.82 1853.5 1213037356
1440.39 1855.73 1213037416
1429.75 1935.02 1213037468
1385.43 2211.96 1213037526
1325.16 2563.74 1213037587
1403.16 2975.85 1213037647
1921.7 3060.73 1213037710
2374.65 3107.64 1213037768
2401.24 3118.81 1213037792
2401.24 3121.04 1213037794
2414.54 3124.39 1213037853
2405.67 3099.82 1213038045
2417.2 3089.77 1213038102
2418.08 3110.99 1213038163
2415.42 3118.81 1213038223
2438.47 3066.31 1213038287
2455.31 3033.92 1213038343
2428.72 3064.08 1213038403
2413.65 3046.21 1213038463
2415.42 3059.61 1213038523
2416.31 3059.61 1213038525
2430.49 3011.59 1213038554
2365.79 3018.29 1213038618
2194.71 2969.15 1213038674
2377.31 3142.26 1213038734
2602.45 3156.78 1213038794
2808.98 3450.52 1213038854
2861.28 3643.75 1213038915
2735.41 4007.88 1213038976
2708.82 4087.18 1213039046
2982.72 4275.96 1213039097
3537.6 4109.52 1213039164
3659.92 3909.58 1213039219
3730.83 3901.76 1213039279
3730.83 3900.65 1213039294
3714.88 3839.21 1213039351
3450.73 4262.55 1213039411
3019.95 4880.29 1213039471
2713.25 5168.51 1213039531
