2906.49 2978.08 1211815074
3069.58 3023.87 1211815139
3241.54 2894.32 1211815205
2951.69 2600.6 1211815268
3043.88 2459.88 1211815316
3092.63 2118.16 1211815377
2704.39 668.774 1211815436
2900.28 -842.867 1211815499
2447.34 -2279.45 1211815546
2928.65 -3696.81 1211815582
3408.19 -5147.4 1211815627
3748.56 -6603.3 1211815671
4016.25 -8096.87 1211815729
4080.07 -9583.48 1211815759
2750.48 -13700.6 1211815915
3034.13 -15189.6 1211815953
4415.13 -15879.3 1211816139
4415.13 -15876 1211816175
4414.24 -15877.1 1211816176
4238.74 -15994.1 1211816241
4049.94 -16172.4 1211816299
