-3828.34 -3570.71 1211656598
-3608.51 -3866.43 1211656683
-3612.94 -3943.43 1211656737
-3987.89 -3752.61 1211656813
-3831 -3579.64 1211656853
-3823.91 -3545.04 1211656876
-3831 -3552.85 1211656946
-3746.79 -3411.12 1211657025
-3745.02 -3415.59 1211657090
-3745.02 -3414.47 1211657120
-3564.19 -3291.71 1211657235
-1972.23 -2162.26 1211657504
-1578.67 -1753.74 1211657560
-488.403 -1288.27 1211657683
-236.667 -1171.06 1211657716
140.937 -990.221 1211657784
494.608 -963.43 1211657846
698.479 -947.801 1211657886
745.458 -943.336 1211657900
716.207 -701.093 1211657961
664.796 -73.6846 1211658019
627.567 467.801 1211658075
567.292 1139.96 1211658197
389.127 1319.74 1211658251
195.007 1291.82 1211658302
-37.2286 1251.62 1211658362
-102.822 1247.16 1211658430
-647.068 1173.46 1211658492
-774.709 1139.96 1211658512
-787.118 1138.85 1211658515
-755.208 1243.81 1211658573
-254.395 1327.55 1211658633
-145.369 1338.72 1211658708
-144.482 1421.35 1211658725
-195.007 1748.53 1211658781
457.38 2177.34 1211658899
1069.88 2198.56 1211658967
1172.7 1587.73 1211659020
1298.57 1624.58 1211659096
1358.84 2007.6 1211659156
1663.76 2064.55 1211659204
1690.35 2138.26 1211659272
1689.47 2139.38 1211659324
1692.13 2132.67 1211659386
1689.47 2127.09 1211659447
1692.13 2133.79 1211659516
1693.01 2132.67 1211659536
1688.58 2123.74 1211659569
1534.35 2253.28 1211659628
1091.15 2191.86 1211659748
1111.54 1917.15 1211659812
479.539 1759.7 1211659930
423.697 1597.78 1211659991
371.399 1319.74 1211660054
99.2762 1272.84 1211660112
-199.439 1229.29 1211660175
-816.369 1133.26 1211660235
-1107.11 1193.56 1211660300
-1007.83 991.457 1211660428
-662.137 1152.25 1211660482
342.148 1313.04 1211660611
586.793 1540.83 1211660672
536.269 1805.48 1211660733
483.971 2180.69 1211660792
436.992 2511.25 1211660853
467.13 3041.74 1211660912
624.908 3317.61 1211660973
569.952 3380.16 1211660997
568.179 3375.69 1211660999
475.107 3364.52 1211661030
166.642 3319.84 1211661083
173.733 3165.71 1211661158
187.029 3121.04 1211661194
-31.9102 2857.46 1211661247
-351.899 2647.5 1211661348
-253.509 2082.42 1211661402
-195.893 1687.11 1211661438
79.7755 1270.61 1211661558
299.601 1451.5 1211661640
304.033 1464.9 1211661717
862.462 1664.78 1211661796
806.619 1987.5 1211661863
784.459 2229.83 1211661916
1165.61 2299.07 1211661990
1444.82 2352.67 1211662036
2120.26 2457.65 1211662097
2364.9 2352.67 1211662161
2377.31 2340.39 1211662218
3039.45 2063.44 1211662347
3402.87 1702.75 1211662408
3578.37 1851.26 1211662419
3599.65 1878.06 1211662484
3993.21 2271.15 1211662546
3813.27 2471.05 1211662600
3566.85 2733.5 1211662660
3274.34 2987.02 1211662720
3662.58 3328.78 1211662781
3761.86 3393.56 1211662850
3729.95 3640.4 1211662901
3616.49 3829.16 1211662971
3364.75 3530.94 1211663021
3071.36 3317.61 1211663145
3152.02 3559.98 1211663205
3071.36 3473.98 1211663262
2827.6 3462.81 1211663326
2247.9 3267.35 1211663383
1384.55 3083.07 1211663444
1702.76 3024.99 1211663508
2261.19 3107.64 1211663565
2020.09 2961.33 1211663627
1545.87 2988.13 1211663676
1866.75 3271.82 1211663740
1967.8 3218.21 1211663765
1942.98 2954.63 1211663879
1982.86 2861.93 1211663894
2222.19 2462.12 1211663966
2371.99 2345.97 1211664015
2651.21 2071.25 1211664075
3008.42 1706.1 1211664134
3347.91 1051.75 1211664195
3832.77 -398.559 1211664258
3464.03 -1875.4 1211664310
2802.78 -3202.44 1211664360
3206.09 -4635.26 1211664411
3654.6 -6081.21 1211664466
2557.25 -11644 1211664655
2610.43 -13147.8 1211664713
3282.32 -16093.3 1211664816
4004.73 -16264.9 1211664881
4078.3 -16222.5 1211664918
4075.64 -16229.2 1211664959
4077.41 -16170.2 1211664980
3454.28 -16180.2 1211665053
3009.31 -14732.7 1211665092
2649.43 -13283.8 1211665142
3970.16 -7709.84 1211665327
3701.58 -6193.89 1211665377
3252.18 -4792.58 1211665427
3060.72 -2429.01 1211665509
3514.55 -1850.85 1211665535
3583.69 -952.266 1211665684
3569.51 -952.266 1211665745
3565.96 -947.801 1211665862
3571.28 -954.499 1211665924
3629.79 -942.22 1211665983
3622.69 -957.848 1211666044
3623.58 -957.848 1211666104
3624.47 -956.732 1211666165
3623.58 -957.848 1211666226
3622.69 -958.964 1211666288
3623.58 -958.964 1211666347
3623.58 -958.964 1211666409
3622.69 -958.964 1211666469
3622.69 -957.848 1211666530
3625.35 -955.615 1211666593
3623.58 -957.848 1211666651
3622.69 -958.964 1211666711
3623.58 -958.964 1211666772
3623.58 -958.964 1211666832
3623.58 -957.848 1211666893
3623.58 -957.848 1211666953
3626.24 -953.383 1211667014
3625.35 -955.615 1211667074
3623.58 -958.964 1211667135
3623.58 -958.964 1211667195
3623.58 -957.848 1211667256
3622.69 -960.081 1211667317
3623.58 -957.848 1211667378
3623.58 -957.848 1211667438
3623.58 -956.732 1211667499
3623.58 -955.615 1211667559
3624.47 -954.499 1211667620
3626.24 -951.15 1211667680
3621.81 -961.197 1211667741
3623.58 -956.732 1211667801
3621.81 -961.197 1211667862
3621.81 -961.197 1211667908
3625.35 -960.081 1211667967
3625.35 -955.615 1211668028
