2409.22 2697.76 1211996892
2405.67 2714.51 1211996942
2382.63 2712.28 1211996988
2248.78 2754.72 1211997048
2181.42 2845.18 1211997108
1900.43 3192.52 1211997169
1654.9 3128.86 1211997219
1654.01 3132.21 1211997220
1382.78 3100.94 1211997280
1348.21 3274.05 1211997328
1474.96 3424.83 1211997388
1755.95 3480.68 1211997449
2190.28 3573.38 1211997508
2224.85 3421.48 1211997569
2268.28 3179.12 1211997629
2312.6 3048.44 1211997690
2273.6 2826.19 1211997751
2273.6 2864.16 1211997802
2282.47 2951.28 1211997867
2280.69 2944.58 1211997933
2263.85 2889.85 1211998005
2258.53 2873.1 1211998054
2263.85 2860.81 1211998114
2264.74 2863.05 1211998174
2264.74 2864.16 1211998234
2266.51 2865.28 1211998303
2266.51 2865.28 1211998355
2267.4 2866.4 1211998444
2286.01 2831.78 1211998499
2099.87 2554.81 1211998560
1849.02 2484.45 1211998620
1849.02 2485.57 1211998631
1780.77 2416.33 1211998675
1835.72 2091.36 1211998734
2024.52 1686 1211998794
2013 1425.82 1211998854
2275.37 1157.83 1211998914
2496.09 538.141 1211998984
2520.02 208.777 1211999034
2563.45 -315.946 1211999094
2684.89 -464.425 1211999170
2709.71 -506.847 1211999214
2709.71 -506.847 1211999215
2716.8 -511.313 1211999281
2694.64 -365.067 1211999335
2546.61 -34.6095 1211999396
2473.04 -241.147 1211999494
2509.38 -717.838 1211999538
2462.4 -804.912 1211999665
2457.97 -810.494 1211999720
2458.86 -809.378 1211999733
2402.13 -389.628 1211999798
2550.16 -39.0752 1211999849
2516.47 397.462 1211999909
2484.56 658.725 1211999965
2413.65 691.104 1212000035
2401.24 702.27 1212000092
2401.24 702.27 1212000108
2311.72 634.161 1212000155
1960.7 590.617 1212000225
1442.16 553.772 1212000276
1202.84 806.108 1212000400
1185.11 1076.32 1212000456
1170.93 1380.03 1212000516
1426.21 1636.86 1212000610
1568.03 1787.61 1212000670
1686.81 1894.81 1212000712
1964.25 1965.17 1212000772
2251.44 1674.83 1212000832
2392.38 1515.15 1212000890
2382.63 1503.98 1212000891
2067.96 1589.96 1212000956
1708.97 1949.53 1212001011
1673.51 2225.36 1212001057
1668.19 2265.57 1212001117
1657.56 2341.51 1212001181
1582.21 2713.39 1212001239
1950.07 2863.05 1212001299
2128.23 2866.4 1212001360
2279.81 2994.84 1212001420
2442.9 2945.69 1212001481
2403.9 2915.54 1212001528
2321.47 2925.59 1212001578
2304.63 2895.44 1212001627
2317.92 2897.67 1212001687
2326.79 2889.85 1212001747
2322.35 2837.36 1212001812
2350.72 2903.25 1212001868
2379.08 2849.65 1212001929
2348.95 2875.33 1212001989
2330.33 2902.14 1212002050
2325.01 2909.96 1212002110
2338.31 2899.9 1212002176
2338.31 2893.2 1212002231
2331.22 2895.44 1212002293
2343.63 2924.47 1212002352
2336.54 2946.81 1212002413
2341.85 2921.12 1212002475
2334.76 2930.06 1212002534
2330.33 2941.23 1212002594
2323.24 2926.71 1212002661
2317.92 2925.59 1212002716
2316.15 2924.47 1212002777
2318.81 2911.07 1212002841
2297.53 2897.67 1212002899
2302.85 2893.2 1212002953
2302.85 2920.01 1212002991
2351.6 2699.99 1212003055
2379.08 2612.88 1212003111
2550.16 2832.89 1212003168
2746.94 2756.95 1212003228
2886.1 2582.73 1212003264
2606 2257.75 1212003324
2098.98 1767.51 1212003393
1906.63 1575.45 1212003444
1888.02 1587.73 1212003489
1875.61 1560.93 1212003505
1671.74 1564.28 1212003535
1880.04 1560.93 1212003589
2115.82 1483.88 1212003650
2033.39 1630.16 1212003698
1933.23 1735.13 1212003734
1932.34 1736.25 1212003795
1868.52 1777.56 1212003875
1776.33 1663.66 1212003940
2036.05 1404.6 1212003995
2449.11 1071.85 1212004055
2508.5 1020.49 1212004115
2555.48 969.126 1212004186
2652.09 879.801 1212004236
2627.27 185.331 1212004301
3100.61 -4221.28 1212004457
3849.61 -7163.28 1212004563
4115.53 -8647.83 1212004613
2586.5 -12736.5 1212004757
3994.98 -16263.8 1212004928
4111.98 -16118.9 1212005001
