3678.54 -921.01 1212664016
3678.54 -935.522 1212664076
3739.7 -972.36 1212664136
3739.7 -972.36 1212664188
3737.04 -972.36 1212664225
3733.49 -966.778 1212664286
3725.52 -958.964 1212664346
3729.95 -957.848 1212664407
3737.93 -951.15 1212664467
3735.27 -963.43 1212664527
3731.72 -966.778 1212664593
3732.61 -967.895 1212664648
3732.61 -969.011 1212664710
3733.49 -969.011 1212664778
3733.49 -969.011 1212664843
3733.49 -967.895 1212664904
3732.61 -967.895 1212664959
3732.61 -964.546 1212664985
3732.61 -964.546 1212665045
3732.61 -963.43 1212665105
3732.61 -964.546 1212665175
3730.83 -965.662 1212665225
3730.83 -969.011 1212665363
3730.83 -969.011 1212665393
3731.72 -969.011 1212665424
3731.72 -973.476 1212665484
3731.72 -972.36 1212665553
3733.49 -972.36 1212665608
3730.83 -973.476 1212665664
3727.29 -967.895 1212665724
3730.83 -969.011 1212665910
3730.83 -969.011 1212665966
3734.38 -966.778 1212666031
3733.49 -966.778 1212666092
3589.9 -991.337 1212666134
3633.33 -1154.32 1212666196
3724.63 -1127.52 1212666256
3741.47 -1127.52 1212666311
3741.47 -1125.29 1212666378
3733.49 -1130.87 1212666438
3735.27 -1128.64 1212666492
3735.27 -1125.29 1212666553
3729.95 -1118.59 1212666613
3730.83 -1116.36 1212666661
3470.23 -1156.55 1212666722
2904.71 -1031.52 1212666787
2721.23 413.093 1212666842
2341.85 1321.97 1212666908
2011.23 1741.83 1212666964
2013.89 1742.95 1212667024
2013.89 1741.83 1212667084
2013.89 1742.95 1212667145
2013.89 1742.95 1212667205
2013.89 1742.95 1212667271
2032.5 1717.26 1212667336
2028.96 1718.38 1212667386
2028.96 1717.26 1212667451
2031.62 1715.03 1212667498
2030.73 1716.15 1212667558
1677.06 2169.53 1212667618
1557.4 2877.57 1212667679
1528.14 3095.35 1212667739
1608.81 3441.59 1212667799
1965.14 3503.02 1212667860
2189.39 3528.71 1212667920
2192.05 3525.35 1212667981
2181.42 3573.38 1212668041
2178.76 3638.16 1212668102
2186.74 3564.45 1212668162
2184.08 3548.81 1212668224
2187.62 3534.29 1212668284
2181.42 3544.34 1212668345
2193.83 3522 1212668406
2194.71 3530.94 1212668466
2197.37 3537.64 1212668527
2214.21 3533.17 1212668588
2220.42 3525.35 1212668648
2224.85 3515.3 1212668709
2221.3 3516.42 1212668769
2214.21 3522 1212668830
2220.42 3517.54 1212668890
2220.42 3517.54 1212668951
2217.76 3524.24 1212669011
2217.76 3524.24 1212669072
2217.76 3524.24 1212669093
2220.42 3522 1212669121
2224.85 3515.3 1212669181
2219.53 3519.77 1212669241
2221.3 3520.89 1212669292
2223.08 3518.65 1212669352
2223.08 3516.42 1212669412
2223.96 3516.42 1212669472
2223.96 3516.42 1212669532
2224.85 3516.42 1212669592
2234.6 3523.12 1212669652
2247.01 3516.42 1212669713
2258.53 3545.46 1212669755
2385.29 3370.1 1212669815
2428.72 3190.29 1212669869
2453.54 2947.93 1212669919
2612.2 2850.76 1212669979
2920.67 2596.13 1212670049
2624.61 2303.54 1212670099
2922.44 1787.61 1212670159
3384.25 971.359 1212670219
3833.66 -449.912 1212670273
3435.66 -1920.05 1212670327
2839.12 -3314.03 1212670382
3231.79 -4750.18 1212670433
3674.99 -6192.77 1212670482
3940.02 -7671.92 1212670526
4191.76 -9129.61 1212670572
2567 -11647.3 1212670664
2606.89 -13130 1212670722
2898.51 -14607.9 1212670769
3278.77 -16076.6 1212670822
4236.08 -16165.7 1212670892
4429.31 -16214.7 1212670957
4425.77 -16204.7 1212671002
4425.77 -16206.9 1212671005
4502 -15922.8 1212671075
3527.85 -16269.3 1212671125
2668.93 -13386.3 1212671220
4179.35 -9319.19 1212671366
3981.68 -7829.19 1212671408
3981.68 -7829.19 1212671422
3719.31 -6365.69 1212671456
3289.41 -4934.29 1212671504
2460.63 -2264.94 1212671604
2822.28 -1462.4 1212671665
2410.99 -1310.59 1212671725
1964.25 -1320.64 1212671785
1555.62 -1241.39 1212671841
1496.23 -461.076 1212671905
1457.23 41.3083 1212671960
1434.19 327.123 1212672025
1411.14 518.044 1212672080
1410.25 723.484 1212672141
1203.72 878.684 1212672202
1189.54 1068.5 1212672241
1163.84 1357.7 1212672299
1339.34 1556.46 1212672364
1708.08 1936.13 1212672419
2049.34 2242.11 1212672479
2366.67 2580.5 1212672539
2609.55 2821.73 1212672599
2653.86 2605.06 1212672663
2436.7 2669.84 1212672720
2330.33 2813.91 1212672780
2157.48 2970.26 1212672840
2063.53 3447.17 1212672900
2453.54 3571.15 1212672965
2743.39 3710.77 1212673031
2715.03 4083.83 1212673081
2305.51 4458.04 1212673141
2220.42 4481.49 1212673153
1711.63 4398.83 1212673224
1306.55 4329.58 1212673278
888.167 4288.25 1212673334
687.842 4341.86 1212673359
262.373 4164.26 1212673419
-15.9551 4346.33 1212673483
-28.3646 4402.18 1212673550
-51.4109 4544.05 1212673603
-464.471 4471.44 1212673659
-270.35 4510.54 1212673779
-36.3422 4452.45 1212673855
-33.683 4453.57 1212673902
14.1823 4138.57 1212673962
323.534 4063.73 1212674023
92.185 3815.76 1212674092
102.822 3549.93 1212674144
137.391 3343.3 1212674203
188.802 3011.59 1212674269
234.895 2745.78 1212674330
250.85 2682.12 1212674385
370.513 2945.69 1212674445
702.911 3077.48 1212674505
1037.08 3138.91 1212674565
1523.71 3219.32 1212674625
2208.01 3329.9 1212674685
1966.91 3178 1212674740
2102.53 3164.6 1212674800
1817.11 3370.1 1212674860
1471.41 3414.78 1212674920
1638.94 3313.14 1212674983
1637.17 3320.96 1212675038
1637.17 3315.38 1212675098
1639.83 3301.97 1212675119
1709.85 2888.74 1212675185
1774.56 2554.81 1212675230
1790.52 2323.64 1212675295
2230.17 1689.35 1212675354
2299.31 1407.95 1212675423
2290.44 1156.71 1212675484
2712.37 437.655 1212675531
2889.65 -969.011 1212675592
2449.11 -2424.54 1212675655
2970.31 -3832.95 1212675710
3471.12 -5248.93 1212675760
3768.95 -6721.55 1212675806
4040.19 -8230.71 1212675855
4007.39 -9750.75 1212675913
2796.57 -13872.3 1212676062
4451.47 -16208 1212676239
4478.95 -16209.2 1212676264
4478.95 -16210.3 1212676343
4479.84 -16211.4 1212676354
4504.66 -16159 1212676414
2618.41 -12948.3 1212676643
3625.35 -10328.4 1212676751
3920.52 -7467.8 1212676841
3183.93 -4499.13 1212676941
2691.09 -3027.22 1212676998
2457.97 -2403.34 1212677049
2825.83 -1461.29 1212677175
2547.5 -1268.18 1212677219
1774.56 -1325.1 1212677340
1561.83 -1275.99 1212677374
1522.83 -788.167 1212677429
1482.94 -257.893 1212677489
1447.48 186.447 1212677559
1424.44 534.791 1212677609
1404.94 787.127 1212677650
1576.01 1794.31 1212677785
1747.08 1966.28 1212677831
2043.14 2242.11 1212677891
2222.19 2434.2 1212677952
2430.49 2639.69 1212678013
2625.5 2859.7 1212678078
2679.57 2825.08 1212678134
2701.73 2803.86 1212678195
2699.07 2794.92 1212678255
2689.32 2799.39 1212678316
2716.8 2801.62 1212678376
2703.5 2794.92 1212678396
2967.65 2894.32 1212678451
3297.39 3262.88 1212678521
3431.23 3400.26 1212678587
3460.48 3504.13 1212678603
3461.37 3503.02 1212678604
3422.37 3309.79 1212678664
2980.94 3288.57 1212678724
2580.29 3037.28 1212678785
2679.57 2829.54 1212678845
2684 2829.54 1212678910
2685.78 2831.78 1212678965
2691.09 2835.13 1212679025
2684 2834.01 1212679090
2682.23 2831.78 1212679146
2685.78 2826.19 1212679206
2681.34 2842.95 1212679266
2672.48 2823.96 1212679326
2676.91 2822.84 1212679386
2704.39 2835.13 1212679453
2697.3 2831.78 1212679508
2680.46 2832.89 1212679568
2693.75 2835.13 1212679629
2720.34 2807.21 1212679764
2715.03 2801.62 1212679783
2693.75 2780.4 1212679835
2727.44 2806.09 1212679910
2720.34 2809.44 1212679955
2702.62 2789.34 1212680026
2707.05 2792.69 1212680077
2708.82 2792.69 1212680132
2749.6 2750.25 1212680153
2910.03 2606.18 1212680214
3237.11 2266.68 1212680275
3534.05 1964.05 1212680335
3892.16 1597.78 1212680395
3740.58 1225.94 1212680456
3691.83 1018.25 1212680516
3722.86 809.458 1212680577
3698.04 735.766 1212680637
3692.72 730.183 1212680688
3693.61 730.183 1212680690
3538.49 714.552 1212680739
2957.01 665.424 1212680805
2660.07 701.153 1212680849
2935.74 809.458 1212680909
3316.89 988.107 1212680975
3029.7 1298.52 1212681034
3229.13 1515.15 1212681068
3445.42 1730.66 1212681124
3551.78 1823.35 1212681184
3559.76 1838.98 1212681244
3560.65 1837.86 1212681309
3566.85 1844.56 1212681338
3766.29 2034.4 1212681404
4144.78 2409.63 1212681459
4241.4 3159.01 1212681519
4015.37 3515.3 1212681579
3697.15 3937.51 1212681650
3592.56 4071.55 1212681704
3328.41 4345.21 1212681776
2978.29 4283.78 1212681827
2919.78 4563.04 1212681885
2923.33 4563.04 1212681923
2962.33 4603.25 1212681962
3063.38 4334.04 1212682013
3105.04 4065.96 1212682068
3170.63 3591.25 1212682134
3143.15 3404.73 1212682161
3054.52 3476.21 1212682221
3122.77 3462.81 1212682290
3144.04 3457.22 1212682309
3277 3429.3 1212682363
3464.03 3257.3 1212682423
3435.66 2858.58 1212682483
3574.83 2963.56 1212682557
3628.9 3022.76 1212682613
3694.49 3119.92 1212682650
3562.42 3286.34 1212682652
3580.15 3305.32 1212682717
3550.9 3355.58 1212682772
3435.66 3370.1 1212682832
3246.86 3621.41 1212682892
3200.77 3592.37 1212682952
2950.81 3282.99 1212683013
2840.89 3109.87 1212683080
2582.07 3035.04 1212683136
2798.35 2716.74 1212683185
2970.31 2897.67 1212683245
2949.92 2952.39 1212683315
2845.33 3069.66 1212683365
2902.06 3185.82 1212683425
2937.51 3171.3 1212683457
3112.13 3312.03 1212683508
3325.75 3487.38 1212683567
3499.49 3739.81 1212683627
3109.47 4291.6 1212683688
2978.29 4368.67 1212683755
3398.44 3221.56 1212683869
3417.94 3506.37 1212683934
3435.66 3620.29 1212683984
3433.89 3813.52 1212684053
3414.39 3899.53 1212684104
3410.85 3878.31 1212684169
3386.03 3663.85 1212684224
3432.12 3941.98 1212684342
3423.26 3924.1 1212684417
3434.78 4087.18 1212684493
3433.89 4087.18 1212684506
3236.23 3656.03 1212684556
3143.15 3649.33 1212684616
3335.5 3609.12 1212684676
3333.73 3227.14 1212684747
3213.18 3089.77 1212684776
3208.75 3086.42 1212684777
2873.69 2769.24 1212684841
2590.04 2532.47 1212684897
2575.86 2551.46 1212684939
2646.77 2462.12 1212684978
2864.83 2236.53 1212685038
2721.23 1834.51 1212685099
2627.27 1447.03 1212685159
2822.28 1656.96 1212685236
2881.67 1725.08 1212685238
2789.48 1931.67 1212685298
2522.68 2188.51 1212685358
2426.95 2304.65 1212685386
2575.86 2502.32 1212685443
2478.36 2628.52 1212685503
2244.35 2764.77 1212685564
2139.76 2957.98 1212685608
2313.49 3134.44 1212685674
2401.24 3103.17 1212685738
2405.67 3096.47 1212685794
2409.22 3103.17 1212685854
2399.47 3115.46 1212685900
2408.33 3099.82 1212685960
2407.45 3146.73 1212686020
2408.33 3123.27 1212686080
2410.11 3123.27 1212686140
2410.99 3122.16 1212686205
2416.31 3114.34 1212686260
2421.63 3110.99 1212686320
2423.4 3107.64 1212686385
2417.2 3105.4 1212686409
2419.86 3098.7 1212686443
2435.81 3098.7 1212686503
2460.63 3105.4 1212686563
2439.36 3103.17 1212686623
2416.31 3105.4 1212686683
2412.77 3105.4 1212686744
2424.29 3097.59 1212686804
2423.4 3096.47 1212686865
2422.52 3096.47 1212686925
2421.63 3096.47 1212686985
2425.18 3095.35 1212687046
2430.49 3087.53 1212687106
2453.54 3073.01 1212687166
2496.97 3043.98 1212687213
2482.79 2928.94 1212687256
2489.88 2665.37 1212687312
2839.12 2554.81 1212687372
2721.23 2392.88 1212687506
2917.12 1783.15 1212687626
3124.54 1550.88 1212687673
2942.83 -2566.29 1212687827
3046.54 -4056.13 1212687887
