2615.75 -12923.7 1211343622
2656.52 -11427.7 1211343679
4158.96 -8800.62 1211343787
3142.27 -4345.14 1211343947
2635.25 -2925.66 1211344003
2612.2 -37.9588 1211344113
2589.16 1368.87 1211344173
3148.47 2749.13 1211344364
2884.33 3043.98 1211344424
2797.46 3497.43 1211344484
2980.94 3858.2 1211344535
2784.16 3739.81 1211344731
2682.23 4197.77 1211344851
2677.8 4198.88 1211344869
1280.84 4020.16 1211345083
983.898 3968.78 1211345152
912.1 4128.51 1211345200
828.779 4660.22 1211345270
446.743 4730.6 1211345325
-375.831 4490.43 1211345480
-633.772 4573.09 1211345540
-634.658 4570.86 1211345548
-485.744 4350.8 1211345683
-454.72 4355.27 1211345692
-276.555 4091.65 1211345747
-566.406 3925.22 1211345932
468.016 4091.65 1211346053
1108.88 4196.65 1211346122
1115.97 4141.92 1211346169
1196.63 4154.2 1211346195
1267.54 3787.83 1211346245
1326.05 3406.96 1211346305
1159.4 3260.65 1211346365
1007.83 2600.6 1211346485
1123.95 1921.62 1211346545
1083.17 1543.06 1211346605
1113.31 1249.39 1211346666
2395.92 974.709 1211346726
2621.07 -104.945 1211346800
2621.07 -1274.87 1211346847
1860.54 -1494.77 1211346976
1859.66 -1497.01 1211347012
1861.43 -1497.01 1211347085
1392.53 -1337.38 1211347250
1306.55 -548.153 1211347380
1265.77 36.8425 1211347435
1245.38 296.978 1211347500
1190.43 529.209 1211347608
-284.533 160.769 1211347774
-749.89 -203.189 1211347825
-563.747 -400.792 1211347886
