4231.65 -16023.1 1212790785
3362.98 -16120 1212790845
2966.76 -14697 1212790898
2645 -13209.1 1212790945
2563.45 -11717.6 1212790998
4203.28 -9185.37 1212791091
3960.41 -7709.84 1212791130
3243.32 -4764.69 1212791222
2837.35 -3316.27 1212791271
3508.35 -1849.73 1212791326
3853.16 -405.257 1212791373
3514.55 863.052 1212791446
3458.71 932.279 1212791451
3453.39 940.095 1212791453
3368.3 1304.1 1212791514
3236.23 1460.43 1212791574
3267.25 1827.81 1212791649
2803.67 2310.24 1212791694
2473.93 2659.79 1212791759
2603.34 2813.91 1212791814
2709.71 2791.57 1212791876
2703.5 2802.74 1212791960
2716.8 2807.21 1212792004
2716.8 2807.21 1212792010
2823.17 2693.29 1212792070
2943.72 2563.74 1212792136
2941.94 1967.4 1212792190
2676.91 1750.76 1212792220
2639.68 1192.44 1212792280
2684 897.666 1212792310
2610.43 133.974 1212792360
2861.28 -1090.69 1212792405
2486.34 -2099.75 1212792440
2559.02 -2783.92 1212792463
3060.72 -4103 1212792513
3549.12 -5511.12 1212792557
3808.84 -7002.66 1212792598
4088.05 -8519.58 1212792641
2802.78 -11130 1212792742
2586.5 -12635 1212792785
2835.58 -14103 1212792831
3143.15 -15560.7 1212792888
3959.52 -16186.9 1212792949
4392.08 -16034.2 1212793015
4393.86 -16032 1212793059
4392.97 -16030.9 1212793133
4392.08 -16032 1212793180
4391.2 -16030.9 1212793245
4390.31 -16032 1212793306
4390.31 -16032 1212793361
4390.31 -16033.1 1212793421
4391.2 -16032 1212793482
4391.2 -16043.1 1212793616
4390.31 -16035.3 1212793672
