3570.4 -1120.83 1212960396
3706.9 -1070.59 1212960457
3709.56 -1069.48 1212960508
3710.45 -1070.59 1212960549
3710.45 -1070.59 1212960619
3709.56 -1070.59 1212960669
3707.79 -1069.48 1212960741
3636.88 -1117.48 1212960791
3109.47 -1186.69 1212960850
2652.98 -1250.32 1212960926
2427.83 -1310.59 1212960944
1947.41 -1321.76 1212961000
1677.06 -1326.22 1212961066
1519.28 -769.19 1212961186
1495.35 -526.942 1212961241
1310.98 -540.338 1212961306
1325.16 -849.565 1212961361
1363.27 -1325.1 1212961425
1381 -1608.63 1212961475
1366.82 -1680.07 1212961531
1186.88 -1714.67 1212961606
1175.36 -1383.15 1212961666
1175.36 -1383.15 1212961673
1175.36 -1383.15 1212961680
1140.79 -973.476 1212961745
1083.17 -232.216 1212961795
1030.88 435.422 1212961855
1017.58 869.752 1212961920
1066.33 1280.65 1212961975
1303.89 1521.85 1212962036
1288.82 1802.13 1212962096
1185.11 2440.9 1212962156
1296.8 2529.12 1212962216
1677.94 2597.25 1212962278
1886.25 2625.17 1212962349
2025.41 2666.49 1212962399
2192.94 2721.21 1212962460
2170.78 2866.4 1212962561
2175.21 2880.92 1212962563
2312.6 2875.33 1212962623
2397.7 2685.47 1212962679
2573.2 2532.47 1212962735
2572.32 2531.36 1212962752
2575.86 2532.47 1212962774
2818.73 2291.25 1212962813
3121.88 1987.5 1212962874
3264.59 1843.45 1212962933
3482.64 1763.05 1212962993
3558.87 1836.75 1212963053
3557.1 1838.98 1212963114
3564.19 1837.86 1212963175
3568.62 1842.33 1212963235
3567.74 1843.45 1212963296
3567.74 1842.33 1212963326
3567.74 1842.33 1212963339
3239.77 1530.78 1212963382
2802.78 1096.42 1212963442
2759.35 1075.2 1212963449
2738.07 1072.97 1212963451
2499.63 1032.77 1212963526
2220.42 1027.19 1212963578
1987.3 952.377 1212963633
2009.46 955.727 1212963672
2009.46 955.727 1212963679
2019.21 1010.44 1212963739
1992.61 963.543 1212963773
1981.98 1004.86 1212963812
1876.5 1177.93 1212963868
1757.72 1240.46 1212963877
1718.72 1261.67 1212963881
1506.87 1482.76 1212963941
1466.98 1645.8 1212964002
1431.53 1864.66 1212964071
1399.62 2073.49 1212964131
1387.21 2165.06 1212964182
1336.68 2419.68 1212964308
1185.11 2446.48 1212964363
1127.49 2762.53 1212964429
942.237 3070.78 1212964489
942.237 3069.66 1212964497
942.237 3069.66 1212964526
987.443 2906.6 1212964539
1382.78 2974.73 1212964599
1662.88 3018.29 1212964660
2145.07 3094.23 1212964721
2235.49 3100.94 1212964751
2458.86 3134.44 1212964816
2571.43 2965.8 1212964880
2660.96 2850.76 1212964926
2785.05 2707.81 1212964986
2938.4 2856.35 1212965057
2960.56 2879.8 1212965067
2974.74 2897.67 1212965069
2920.67 2981.43 1212965144
2846.21 3309.79 1212965249
2655.64 3285.22 1212965309
2537.75 3237.19 1212965360
2534.2 3234.96 1212965362
2536.86 3182.47 1212965380
2592.7 2904.37 1212965436
2774.41 2850.76 1212965497
2895.85 2600.6 1212965557
3024.38 2477.75 1212965617
3297.39 2204.15 1212965682
3572.17 1938.37 1212965747
3667.9 1838.98 1212965797
3726.4 1825.58 1212965859
3866.45 1978.57 1212965919
3703.36 2196.33 1212965980
3544.69 2342.62 1212966044
3150.25 2732.38 1212966105
2997.79 2908.84 1212966164
2855.96 3076.37 1212966233
2807.21 3467.27 1212966287
2779.73 3710.77 1212966333
2700.84 4064.84 1212966379
2752.25 4241.33 1212966439
2903.83 4673.63 1212966499
2851.53 4989.77 1212966565
2583.84 5247.82 1212966620
2405.67 5341.67 1212966680
2278.03 5386.35 1212966710
2278.03 5386.35 1212966712
2278.03 5386.35 1212966719
2130.01 5395.29 1212966779
2073.28 5254.53 1212966840
1974 5093.66 1212966900
1662.88 5043.39 1212966961
1654.9 5036.69 1212967020
1554.74 4809.91 1212967081
1571.58 4726.13 1212967141
1575.12 4682.56 1212967202
1603.49 4508.3 1212967262
1463.44 4494.9 1212967323
1450.14 4690.38 1212967383
1517.51 4688.15 1212967444
1700.99 4716.08 1212967505
1758.61 4469.21 1212967558
1777.22 4349.68 1212967580
1835.72 4000.06 1212967640
1888.91 3609.12 1212967700
1919.93 3496.31 1212967760
1962.48 3251.71 1212967830
2106.07 3093.12 1212967885
2418.08 3099.82 1212967941
2420.74 3042.86 1212968006
2231.05 3004.89 1212968056
2218.65 2992.6 1212968062
2176.98 2992.6 1212968086
2129.12 3081.95 1212968141
2083.91 3371.22 1212968201
2079.48 3301.97 1212968262
2676.91 3401.38 1212968333
2785.05 3592.37 1212968383
2713.25 4065.96 1212968444
2679.57 4223.46 1212968503
3371.84 4366.44 1212968564
3268.14 4542.93 1212968598
3008.42 4880.29 1212968648
2998.67 4885.88 1212968708
2928.65 4273.72 1212968768
2555.48 4217.87 1212968828
1986.41 4132.98 1212968889
1924.36 4386.54 1212968950
1652.24 4281.54 1212969009
1656.67 4191.07 1212969044
1656.67 4189.95 1212969048
1234.75 4108.41 1212969109
1232.97 4010.11 1212969143
1352.64 4006.76 1212969208
2264.74 4160.91 1212969291
2927.76 4265.91 1212969352
3078.45 4259.2 1212969412
3158.22 3792.3 1212969477
3313.34 3506.37 1212969542
3441.87 3199.22 1212969593
3719.31 2825.08 1212969653
3603.19 2706.69 1212969713
3971.05 2308 1212969774
3910.77 2209.73 1212969835
3853.16 2147.19 1212969842
3837.2 2123.74 1212969887
3653.72 2245.47 1212969942
3150.25 2745.78 1212970002
2957.01 2612.88 1212970063
2914.46 2572.68 1212970102
2915.35 2572.68 1212970127
2637.02 2309.12 1212970171
2574.09 2147.19 1212970226
2928.65 1784.26 1212970286
3114.79 1572.1 1212970346
3802.63 252.319 1212970404
3811.5 -831.704 1212970464
3316 -887.52 1212970524
2964.1 -916.544 1212970585
2683.12 -657.556 1212970640
2692.87 -856.263 1212970730
2692.87 -856.263 1212970732
2630.82 -935.522 1212970760
2606.89 -825.006 1212970786
2581.18 -795.982 1212970821
2575.86 -802.68 1212970880
2577.64 -798.214 1212970935
2512.04 -638.578 1212970969
2513.81 -631.88 1212970971
2585.61 -799.331 1212971031
2251.44 -826.123 1212971091
1994.39 -849.565 1212971160
1730.24 -854.031 1212971221
1699.22 -518.011 1212971271
1513.96 -343.856 1212971332
1460.78 -170.813 1212971392
1258.68 144.022 1212971453
1233.86 463.335 1212971489
1228.54 519.16 1212971513
1111.54 530.325 1212971550
1018.47 686.638 1212971585
980.352 1164.53 1212971645
1009.6 1218.12 1212971677
1079.63 1297.4 1212971737
891.713 1123.21 1212971798
515.882 750.281 1212971853
420.151 656.492 1212971913
152.46 382.947 1212971973
-320.875 234.455 1212972033
-813.71 196.495 1212972094
-1016.69 375.132 1212972154
-1121.29 946.794 1212972214
-1119.52 956.843 1212972237
-1120.4 961.31 1212972244
-1311.86 933.396 1212972308
-1268.43 644.21 1212972373
-1263.11 616.297 1212972407
-1168.27 167.467 1212972472
-994.535 181.981 1212972528
-619.59 212.126 1212972590
-234.895 199.845 1212972650
-34.5694 221.058 1212972711
188.802 410.86 1212972773
536.269 753.63 1212972833
1080.51 885.383 1212972897
1521.05 916.647 1212972958
2028.07 1042.82 1212973013
2394.15 1003.74 1212973078
2738.07 1071.85 1212973133
3206.98 1492.81 1212973198
3523.42 1805.48 1212973253
3596.1 1871.36 1212973314
3651.06 1837.86 1212973352
3657.26 1826.7 1212973353
3657.26 1825.58 1212973355
3674.1 1811.06 1212973420
3350.57 1472.71 1212973476
3807.95 242.271 1212973541
3292.07 -4958.83 1212973774
3706.9 -6422.58 1212973818
3973.71 -7900.57 1212973869
3327.52 -10636.1 1212973976
3433.01 -11244.9 1212974030
3120.11 -11561.5 1212974090
3120.11 -11561.5 1212974139
3123.65 -11564.8 1212974194
3134.29 -11571.5 1212974196
3206.09 -11621.7 1212974256
3206.09 -11621.7 1212974317
3206.09 -11622.8 1212974377
3189.25 -11644 1212974437
3346.14 -10898.1 1212974563
3957.75 -9881.22 1212974632
4119.96 -8549.69 1212974664
3848.72 -7039.47 1212974710
3718.42 -6327.76 1212974733
3506.58 -5293.56 1212974768
3018.17 -3868.66 1212974825
2828.48 -2667.85 1212974885
3746.79 -1472.45 1212974926
3844.29 2.23288 1212974976
3844.29 2.23288 1212975021
3376.28 1457.08 1212975032
3691.83 1789.85 1212975092
3718.42 2177.34 1212975154
3540.26 2344.86 1212975219
3121.88 2761.42 1212975274
3078.45 2721.21 1212975334
3077.56 2722.33 1212975379
2939.28 2592.78 1212975425
2781.51 2383.94 1212975486
2192.94 1854.61 1212975547
1801.15 1855.73 1212975607
1721.38 1927.2 1212975668
1438.62 1919.38 1212975731
1420.89 1961.82 1212975793
1349.98 2424.15 1212975852
