2425.18 3215.97 1211269856
2427.83 3218.21 1211269930
2395.04 3190.29 1211269985
2435.81 3229.38 1211270065
2449.11 3239.43 1211270111
2468.61 3262.88 1211270171
2444.68 3240.54 1211270231
2301.97 3221.56 1211270291
2179.64 2989.25 1211270347
1774.56 2888.74 1211270411
1774.56 2888.74 1211270425
1422.66 2882.03 1211270466
1326.05 2469.93 1211270531
1394.3 2063.44 1211270586
1286.16 1898.17 1211270653
1035.31 1750.76 1211270707
881.962 1722.85 1211270769
436.992 1644.68 1211270829
-130.3 1549.76 1211270890
-125.868 1545.3 1211270950
-126.754 1548.65 1211271016
-118.777 1548.65 1211271071
-126.754 1546.41 1211271132
-129.414 1544.18 1211271197
-127.641 1539.71 1211271252
-134.732 1544.18 1211271317
-128.527 1536.36 1211271372
-121.436 1538.6 1211271432
-120.55 1537.48 1211271497
-121.436 1540.83 1211271552
-124.095 1546.41 1211271613
-122.322 1538.6 1211271672
-126.754 1554.23 1211271737
-163.097 1521.85 1211271793
-17.7279 1473.83 1211271853
623.135 1577.68 1211271913
1080.51 1323.09 1211271974
2428.72 975.825 1211272034
2703.5 -208.771 1211272095
2855.96 -1220.18 1211272160
3136.06 -1183.34 1211272182
3747.68 -1067.25 1211272237
3745.9 -1068.36 1211272302
3745.9 -1069.48 1211272358
3745.9 -1070.59 1211272418
3698.04 -902.032 1211272478
3598.76 -962.313 1211272539
3597.88 -967.895 1211272581
3603.19 -975.709 1211272641
3606.74 -989.105 1211272701
3609.4 -985.756 1211272761
3667.9 -917.661 1211272821
3617.38 -961.197 1211272881
3605.85 -983.523 1211272941
3608.51 -986.872 1211273001
3610.28 -985.756 1211273061
3609.4 -985.756 1211273122
3607.63 -985.756 1211273182
3608.51 -985.756 1211273243
