2362.24 2848.53 1212082725
2355.15 2846.3 1212082777
2185.85 2812.79 1212082827
1907.52 2731.26 1212082892
1622.1 2692.18 1212082949
1460.78 2669.84 1212083009
1154.09 2648.62 1212083070
1094.7 2989.25 1212083130
884.622 3337.71 1212083191
468.016 3265.12 1212083251
238.44 3226.03 1212083317
-117.004 3165.71 1212083377
-429.015 3114.34 1212083437
-961.738 3035.04 1212083492
-1399.62 2963.56 1212083553
-1789.63 2901.02 1212083612
-1897.77 2884.27 1212083683
-2099.87 3166.83 1212083798
-2118.48 3395.79 1212083852
-2116.71 3402.49 1212083921
-2111.39 3382.39 1212083927
-2107.85 3265.12 1212084004
-2083.03 2867.52 1212084087
-2022.75 2856.35 1212084113
-1933.23 2879.8 1212084170
-1927.02 2879.8 1212084230
-1927.02 2879.8 1212084312
-1927.02 2878.68 1212084385
-1926.14 2879.8 1212084442
-1927.02 2879.8 1212084491
-1929.68 2879.8 1212084622
-1929.68 2878.68 1212084672
-1922.59 2868.63 1212084741
-1927.91 2874.22 1212084859
-1927.91 2874.22 1212084912
-1929.68 2875.33 1212085007
-1926.14 2880.92 1212085071
-1925.25 2880.92 1212085127
-1925.25 2880.92 1212085192
-1926.14 2885.38 1212085247
-1924.36 2884.27 1212085307
-1929.68 2883.15 1212085365
-1928.79 2889.85 1212085425
-1925.25 2893.2 1212085485
-1928.79 2887.62 1212085560
-1927.02 2887.62 1212085567
-1916.38 2874.22 1212085612
-1913.73 2876.45 1212085614
-1336.68 2970.26 1212085675
-968.829 3028.34 1212085734
-438.765 3107.64 1212085781
52.2973 3190.29 1212085842
208.303 2913.31 1212085902
229.576 2804.97 1212085962
524.746 2841.83 1212086033
924.509 2905.49 1212086075
1409.37 2992.6 1212086136
1415.57 2997.07 1212086138
1677.94 3022.76 1212086198
2035.16 3008.24 1212086258
2125.57 2886.5 1212086318
2122.03 2876.45 1212086355
2122.91 2871.98 1212086357
2120.26 2993.72 1212086417
2121.14 2988.13 1212086468
2122.03 2979.2 1212086518
2310.83 2873.1 1212086579
2421.63 2741.31 1212086640
2429.61 2755.83 1212086710
2620.18 2813.91 1212086756
2697.3 2839.59 1212086816
2689.32 2838.48 1212086923
2690.21 2840.71 1212086983
2684 2825.08 1212087049
2762.01 2741.31 1212087098
3058.95 2988.13 1212087163
3133.4 3079.72 1212087206
3127.2 3088.65 1212087213
3342.59 3281.87 1212087290
3466.69 3394.68 1212087333
3339.05 3510.83 1212087393
3284.09 3725.29 1212087454
3230.91 3776.67 1212087516
3097.06 3790.07 1212087577
2902.94 3797.89 1212087636
2902.94 3797.89 1212087639
2734.53 3824.69 1212087709
2711.48 4022.4 1212087759
2739.85 4043.62 1212087819
2911.81 3829.16 1212087889
2823.17 3528.71 1212087939
2673.37 3450.52 1212087999
2218.65 3518.65 1212088064
2220.42 3377.92 1212088120
2269.17 3186.93 1212088185
2268.28 3054.03 1212088239
2283.35 2916.66 1212088300
2446.45 2778.17 1212088360
2406.56 2774.82 1212088393
2317.04 2715.63 1212088458
2470.38 2615.12 1212088513
2598.02 2495.62 1212088569
2550.16 2200.8 1212088634
2791.26 1920.5 1212088689
3041.22 1669.25 1212088749
3464.92 869.752 1212088809
3870.88 -610.669 1212088866
3368.3 -2013.81 1212088926
3260.16 -4868.46 1212089024
3961.3 -7781.23 1212089118
4177.58 -9291.31 1212089166
2609.55 -13124.4 1212089302
2904.71 -14630.1 1212089357
4340.67 -16206.9 1212089475
4443.5 -16190.2 1212089521
4471.86 -16194.7 1212089561
4170.49 -16116.7 1212089681
