2715.91 -13534.6 1211868228
4150.99 -9430.71 1211868374
3999.41 -7911.73 1211868417
3733.49 -6420.35 1211868469
3316.89 -4971.11 1211868509
2925.1 -3541.69 1211868553
2729.21 -2797.32 1211868584
3677.65 -1604.16 1211868643
3850.5 -119.458 1211868684
3366.53 1300.75 1211868724
2788.6 1990.85 1211868785
2877.24 2072.37 1211868814
2877.24 2072.37 1211868825
2929.53 2143.84 1211868885
3014.63 1698.28 1211868935
3784.02 426.491 1211868989
3866.45 -1087.34 1211869039
3088.2 -2408.92 1211869077
2996.9 -3905.49 1211869131
3501.26 -5319.22 1211869175
3779.59 -6802.98 1211869222
4049.05 -8308.78 1211869263
3978.14 -9804.28 1211869313
2797.46 -11134.5 1211869364
3144.04 -15574 1211869500
4028.66 -16170.2 1211869564
