4383.22 -16049.8 1212469812
4402.72 -16022 1212469872
4402.72 -16022 1212469924
4403.61 -16022 1212469984
4400.06 -16029.8 1212470035
4400.95 -16028.7 1212470089
4400.06 -16028.7 1212470150
4400.95 -16025.3 1212470216
4402.72 -16020.9 1212470271
4399.18 -16026.4 1212470331
4398.29 -16026.4 1212470391
4399.18 -16026.4 1212470428
4400.06 -16025.3 1212470492
4391.2 -16035.3 1212470543
4396.52 -16030.9 1212470603
4399.18 -16026.4 1212470663
4399.18 -16026.4 1212470723
4398.29 -16027.5 1212470783
4400.95 -16024.2 1212470843
4400.95 -16024.2 1212470903
4400.95 -16024.2 1212470963
4400.06 -16026.4 1212471030
4400.06 -16026.4 1212471094
4400.06 -16026.4 1212471145
4400.95 -16026.4 1212471206
4401.83 -16025.3 1212471266
4400.06 -16027.5 1212471327
4401.83 -16025.3 1212471387
4395.63 -16030.9 1212471448
4400.06 -16025.3 1212471510
4399.18 -16027.5 1212471580
4398.29 -16028.7 1212471636
4399.18 -16026.4 1212471755
4411.59 -16015.3 1212471811
