4514.41 -16130.1 1211872022
3194.57 -15575.1 1211872066
2590.93 -12588.2 1211872161
3880.63 -9987.15 1211872265
4109.32 -8515.11 1211872303
3841.63 -7024.97 1211872357
3573.94 -5534.55 1211872410
3078.45 -4119.74 1211872449
2541.29 -2731.47 1211872503
2837.35 -1358.59 1211872559
2323.24 -1311.71 1211872628
1583.1 -1331.8 1211872679
1164.72 -1281.57 1211872739
1139.02 -924.359 1211872799
551.337 -955.615 1211872859
136.505 -849.565 1211872919
109.027 -509.08 1211872980
108.14 -510.196 1211872989
109.027 -509.08 1211873012
111.686 -511.313 1211873072
101.935 -430.934 1211873132
99.2762 -395.21 1211873136
62.934 69.2195 1211873202
27.4782 313.725 1211873259
49.6381 243.387 1211873318
142.71 90.432 1211873384
623.135 131.741 1211873439
1014.04 156.303 1211873499
1041.51 406.394 1211873559
1207.27 534.791 1211873619
1208.16 532.558 1211873636
1232.97 360.617 1211873696
1268.43 -71.4517 1211873756
1328.71 -881.939 1211873811
1363.27 -1308.36 1211873871
1790.52 -1335.15 1211873931
2562.57 -1277.11 1211874001
2438.47 -2234.8 1211874051
1396.96 -3136.59 1211874111
-59.3884 -3230.34 1211874165
-1091.15 -4114.16 1211874230
-992.762 -4389.78 1211874285
-813.71 -4183.34 1211874339
-499.04 -4153.21 1211874384
-497.267 -4152.1 1211874426
-491.949 -4156.56 1211874487
-491.949 -4156.56 1211874499
-680.751 -4134.24 1211874564
-983.898 -3979.14 1211874624
267.691 -3148.87 1211874677
1716.95 -3153.33 1211874740
2516.47 -2070.73 1211874787
2855.08 -1471.33 1211874847
2850.64 -1483.61 1211874908
2849.76 -1478.03 1211874973
2851.53 -1483.61 1211875017
2843.55 -1456.82 1211875077
3249.52 -1174.41 1211875129
3716.65 -975.709 1211875188
3689.17 -954.499 1211875234
3688.29 -956.732 1211875289
3684.74 -955.615 1211875354
3686.51 -957.848 1211875409
3687.4 -955.615 1211875469
3687.4 -955.615 1211875529
3685.63 -960.081 1211875589
3687.4 -954.499 1211875649
3687.4 -955.615 1211875710
3687.4 -956.732 1211875770
3687.4 -956.732 1211875831
3687.4 -957.848 1211875891
3689.17 -953.383 1211875952
3688.29 -953.383 1211876012
3687.4 -957.848 1211876073
3684.74 -957.848 1211876133
3686.51 -956.732 1211876194
3688.29 -956.732 1211876254
3690.06 -953.383 1211876316
3689.17 -953.383 1211876381
3684.74 -960.081 1211876430
3683.86 -958.964 1211876490
3686.51 -957.848 1211876550
3687.4 -956.732 1211876611
3686.51 -955.615 1211876676
3687.4 -954.499 1211876731
3687.4 -953.383 1211876795
3688.29 -955.615 1211876851
3690.95 -955.615 1211876912
3690.06 -954.499 1211876972
3690.06 -956.732 1211877039
3690.06 -956.732 1211877093
3690.06 -956.732 1211877154
3688.29 -954.499 1211877202
3687.4 -954.499 1211877262
3688.29 -954.499 1211877322
3688.29 -952.266 1211877383
3689.17 -953.383 1211877444
3690.95 -953.383 1211877504
3694.49 -954.499 1211877564
3693.61 -955.615 1211877624
3690.95 -954.499 1211877685
3690.06 -955.615 1211877745
3686.51 -954.499 1211877806
3689.17 -957.848 1211877866
3688.29 -956.732 1211877927
3685.63 -955.615 1211877992
3690.06 -956.732 1211878047
3687.4 -960.081 1211878107
3688.29 -957.848 1211878167
3687.4 -958.964 1211878228
3686.51 -955.615 1211878288
3684.74 -955.615 1211878349
3688.29 -957.848 1211878409
3687.4 -954.499 1211878469
3690.95 -958.964 1211878533
3691.83 -958.964 1211878590
3691.83 -958.964 1211878650
3689.17 -956.732 1211878710
3689.17 -956.732 1211878770
3689.17 -955.615 1211878846
3690.06 -955.615 1211878895
3690.06 -954.499 1211878955
3689.17 -954.499 1211879015
3689.17 -954.499 1211879071
3687.4 -957.848 1211879144
3688.29 -957.848 1211879250
3688.29 -956.732 1211879311
3688.29 -956.732 1211879372
3688.29 -955.615 1211879436
3688.29 -955.615 1211879501
3689.17 -955.615 1211879552
3689.17 -955.615 1211879612
3688.29 -955.615 1211879672
3689.17 -955.615 1211879742
3689.17 -956.732 1211879792
3689.17 -956.732 1211879853
3690.06 -956.732 1211879913
3690.06 -956.732 1211879973
3690.06 -956.732 1211880038
3689.17 -957.848 1211880098
3689.17 -957.848 1211880158
3689.17 -957.848 1211880218
3690.06 -957.848 1211880273
3690.06 -958.964 1211880333
3690.06 -957.848 1211880394
3688.29 -958.964 1211880454
3689.17 -958.964 1211880514
3689.17 -957.848 1211880574
3688.29 -957.848 1211880634
3689.17 -957.848 1211880694
3689.17 -957.848 1211880754
3688.29 -956.732 1211880819
3687.4 -955.615 1211880880
3687.4 -955.615 1211880940
3688.29 -954.499 1211880995
3690.06 -955.615 1211881055
3690.95 -955.615 1211881115
3690.95 -955.615 1211881175
3689.17 -955.615 1211881235
3690.06 -956.732 1211881295
3688.29 -957.848 1211881356
3687.4 -956.732 1211881416
3688.29 -957.848 1211881476
3688.29 -956.732 1211881537
3689.17 -957.848 1211881598
3689.17 -957.848 1211881658
3689.17 -957.848 1211881723
3689.17 -956.732 1211881778
3689.17 -956.732 1211881838
3689.17 -956.732 1211881898
3689.17 -957.848 1211881958
3689.17 -958.964 1211882018
3689.17 -958.964 1211882088
3689.17 -960.081 1211882138
3688.29 -960.081 1211882198
3688.29 -957.848 1211882258
3689.17 -957.848 1211882319
3690.06 -957.848 1211882379
3690.06 -957.848 1211882439
3690.06 -956.732 1211882499
3690.06 -956.732 1211882559
3690.06 -957.848 1211882621
3689.17 -957.848 1211882681
3689.17 -957.848 1211882742
3689.17 -957.848 1211882802
3684.74 -963.43 1211882868
3689.17 -960.081 1211882923
3689.17 -958.964 1211882984
3690.06 -956.732 1211883044
3689.17 -956.732 1211883105
3689.17 -957.848 1211883165
3689.17 -958.964 1211883226
3689.17 -957.848 1211883287
3689.17 -958.964 1211883348
3688.29 -957.848 1211883408
3688.29 -958.964 1211883469
3688.29 -958.964 1211883502
3688.29 -957.848 1211883557
3688.29 -956.732 1211883617
3690.06 -954.499 1211883677
3690.06 -954.499 1211883737
3689.17 -954.499 1211883797
3689.17 -954.499 1211883857
3686.51 -956.732 1211883917
3688.29 -955.615 1211883979
3687.4 -957.848 1211884039
3687.4 -956.732 1211884100
3687.4 -955.615 1211884160
3688.29 -956.732 1211884220
3688.29 -956.732 1211884281
3688.29 -954.499 1211884342
3686.51 -955.615 1211884407
3687.4 -956.732 1211884463
3687.4 -957.848 1211884523
3687.4 -957.848 1211884583
3688.29 -957.848 1211884644
3688.29 -958.964 1211884704
3688.29 -958.964 1211884764
3687.4 -957.848 1211884797
3688.29 -957.848 1211884857
3687.4 -957.848 1211884917
3687.4 -957.848 1211884978
3687.4 -957.848 1211885038
3686.51 -955.615 1211885098
3686.51 -955.615 1211885159
3686.51 -955.615 1211885219
3686.51 -956.732 1211885281
3687.4 -956.732 1211885341
3688.29 -956.732 1211885402
3687.4 -956.732 1211885467
3689.17 -956.732 1211885522
3689.17 -956.732 1211885582
3689.17 -957.848 1211885647
3688.29 -957.848 1211885708
3687.4 -957.848 1211885767
3688.29 -957.848 1211885822
3688.29 -958.964 1211885883
3688.29 -957.848 1211885943
3688.29 -957.848 1211886003
3687.4 -956.732 1211886063
3687.4 -956.732 1211886123
3687.4 -956.732 1211886183
3686.51 -956.732 1211886244
3686.51 -957.848 1211886304
3687.4 -957.848 1211886365
3687.4 -957.848 1211886425
3686.51 -956.732 1211886469
3691.83 -936.638 1211886530
3682.08 -975.709 1211886591
3593.44 -984.639 1211886651
3577.49 -1135.34 1211886712
3823.02 -1143.15 1211886751
3902.79 -590.575 1211886806
3502.14 869.752 1211886866
3682.97 1790.96 1211886926
3875.32 1985.27 1211886987
3672.33 2218.66 1211887048
3177.72 2716.74 1211887109
2879.9 3023.87 1211887165
2735.41 3327.66 1211887226
2677.8 3372.34 1211887256
2520.91 3485.15 1211887316
2278.92 3553.28 1211887376
2210.67 3563.33 1211887436
2211.55 3562.21 1211887496
2209.78 3559.98 1211887556
2206.24 3555.51 1211887616
2207.12 3562.21 1211887676
2209.78 3562.21 1211887736
2210.67 3563.33 1211887796
2198.26 3562.21 1211887857
2205.35 3563.33 1211887908
2210.67 3562.21 1211887967
2200.92 3547.69 1211888027
2189.39 3546.58 1211888089
2198.26 3548.81 1211888149
2200.92 3547.69 1211888210
2201.8 3547.69 1211888270
2205.35 3548.81 1211888331
2207.12 3548.81 1211888391
2202.69 3547.69 1211888452
2208.01 3534.29 1211888512
2202.69 3530.94 1211888573
2203.58 3530.94 1211888617
2232.83 3405.84 1211888677
2254.99 3190.29 1211888707
2005.02 3199.22 1211888827
1995.27 3190.29 1211888887
1992.61 3188.05 1211888907
2098.98 3110.99 1211888968
2729.21 3171.3 1211889028
2954.35 3213.74 1211889088
3256.61 3329.9 1211889148
3768.95 2916.66 1211889208
4362.83 3346.65 1211889268
5334.32 4485.96 1211889313
6067.37 5317.09 1211889378
7246.27 6226.51 1211889413
8172.56 6569.53 1211889464
9690.06 6873.45 1211889495
11138.4 7157.26 1211889542
12113.5 6266.73 1211889604
11953 4771.93 1211889658
13392.5 4690.38 1211889706
14728.3 4039.15 1211889745
15992.3 3264 1211889790
17290 2616.23 1211889838
18297 1498.4 1211889891
19380.1 433.189 1211889941
20224.9 -785.935 1211889992
21055.4 -2012.69 1211890042
21098 -2819.64 1211890106
20741.6 -3793.89 1211890162
20183.2 -4831.64 1211890223
19663.8 -5233.31 1211890283
19676.2 -5244.46 1211890344
19677.1 -5248.93 1211890346
20105.2 -5342.65 1211890407
20795.7 -4387.54 1211890467
21412.6 -3436.79 1211890532
21720.2 -3291.71 1211890587
21488.9 -2567.41 1211890656
20604.2 -1302.78 1211890692
19751.5 -80.3832 1211890736
18936.9 1181.28 1211890779
17624.2 1938.37 1211890825
16631.4 3058.5 1211890880
15280.6 3680.61 1211890921
13997.1 4417.82 1211890973
12523.9 4708.26 1211891020
11938.8 6022.05 1211891080
11479.7 7279.06 1211891140
10874.3 7260.07 1211891200
10822.9 7253.36 1211891272
10336.2 7095.81 1211891322
8912.7 6741.6 1211891376
7519.28 6323.72 1211891436
6258.83 5571.81 1211891496
5290 4441.28 1211891554
4393.86 3387.97 1211891614
4119.07 3062.96 1211891639
3621.81 3118.81 1211891694
3339.05 2983.67 1211891754
2916.24 2973.61 1211891814
2460.63 2676.54 1211891874
2158.37 2838.48 1211891934
2138.87 3049.56 1211891994
2077.71 3451.64 1211892054
2201.8 3539.87 1211892081
2022.75 3774.43 1211892141
1992.61 3906.23 1211892165
1896 3902.88 1211892226
1879.16 3897.3 1211892275
2076.82 3523.12 1211892362
2533.32 3591.25 1211892423
2804.55 3669.44 1211892483
3164.43 3701.83 1211892543
3254.84 3584.55 1211892603
3448.96 3663.85 1211892663
3714.88 3583.43 1211892723
3715.77 3586.79 1211892730
3694.49 3568.91 1211892791
3804.4 3484.03 1211892851
3699.81 3400.26 1211892922
3304.48 2954.63 1211892971
3094.4 2782.64 1211893031
2772.64 2984.78 1211893097
2421.63 2695.53 1211893152
2181.42 2865.28 1211893212
2101.64 3181.35 1211893272
2148.62 3527.59 1211893332
2181.42 3639.28 1211893392
1942.09 3601.31 1211893453
1646.03 3554.39 1211893513
1612.35 3549.93 1211893562
1568.92 3737.57 1211893623
1531.69 4001.18 1211893683
1471.41 4337.39 1211893739
1749.74 4402.18 1211893792
1740.88 4568.62 1211893863
1755.95 4617.77 1211893865
2137.1 4588.73 1211893926
2338.31 4411.12 1211893987
2466.84 4307.24 1211894047
2694.64 4069.31 1211894117
2861.28 3948.68 1211894167
3113.9 3552.16 1211894231
3366.53 3373.45 1211894292
3427.69 3366.75 1211894299
3621.81 3257.3 1211894363
3341.71 2976.97 1211894424
2873.69 3012.7 1211894479
2771.76 2930.06 1211894541
2410.99 2725.68 1211894599
2410.99 2726.8 1211894607
2332.99 2591.66 1211894668
1717.83 2484.45 1211894738
1205.5 2423.03 1211894788
790.664 2348.21 1211894849
58.502 2228.71 1211894909
-811.051 2095.82 1211894969
-980.352 1887 1211895039
-916.532 1459.31 1211895089
-1745.31 1116.51 1211895149
-2424.29 665.424 1211895219
-3047.42 628.579 1211895269
-3495.05 576.102 1211895329
-3472.89 193.146 1211895389
-3626.24 -33.4931 1211895449
-3637.76 -372.882 1211895542
-3637.76 -371.765 1211895543
-3720.2 -505.731 1211895603
-3636.88 -74.801 1211895678
-3358.55 186.447 1211895725
-2716.8 221.058 1211895816
-2360.47 245.62 1211895866
-1526.37 483.432 1211895992
-1521.05 681.056 1211896056
-1459.89 1027.19 1211896106
-936.033 1110.93 1211896166
-897.918 1402.37 1211896247
-1547.64 1336.49 1211896331
-1548.53 1333.14 1211896344
-291.624 1432.52 1211896494
411.287 1546.41 1211896554
1200.18 1672.6 1211896610
1648.69 1799.9 1211896671
2127.35 1492.81 1211896730
2128.23 1491.7 1211896734
1984.64 1683.76 1211896809
1827.75 2029.94 1211896856
1833.95 2038.87 1211896873
1919.04 1862.43 1211896944
1736.45 1930.55 1211896993
1261.34 1968.52 1211897053
1112.43 2085.77 1211897114
444.084 1974.1 1211897174
-46.9789 1895.93 1211897233
-640.863 1797.66 1211897294
-973.261 1748.53 1211897355
-1416.46 1675.95 1211897415
-1419.12 1681.53 1211897476
-1420 1680.41 1211897499
-1420.89 1675.95 1211897511
-1087.61 1736.25 1211897534
-818.142 1771.98 1211897585
-447.629 1832.28 1211897646
-85.9803 1888.11 1211897706
359.876 1976.33 1211897767
299.601 2364.96 1211897827
300.488 2424.15 1211897892
304.92 2428.61 1211897938
296.056 2430.85 1211898004
293.397 2436.43 1211898064
300.488 2426.38 1211898120
304.033 2409.63 1211898180
301.374 2409.63 1211898244
294.283 2409.63 1211898300
301.374 2406.28 1211898360
295.169 2416.33 1211898421
290.737 2424.15 1211898481
294.283 2424.15 1211898557
299.601 2417.45 1211898608
298.715 2416.33 1211898663
299.601 2415.21 1211898724
286.305 2415.21 1211898784
288.078 2410.75 1211898850
288.965 2408.51 1211898868
169.301 2344.86 1211898925
251.736 2659.79 1211898986
308.465 2804.97 1211899047
911.213 2899.9 1211899107
1092.04 2916.66 1211899167
1296.8 2955.75 1211899227
1705.42 3024.99 1211899282
2454.43 3135.56 1211899342
2789.48 3195.87 1211899365
3194.57 3424.83 1211899496
3304.48 3676.14 1211899551
3523.42 3500.78 1211899589
3565.08 3437.12 1211899590
3601.42 3250.6 1211899651
3458.71 3371.22 1211899707
3442.76 3376.81 1211899759
3043.88 2937.88 1211899824
2846.21 2720.1 1211899875
2416.31 2339.27 1211899935
2014.77 1948.42 1211899995
1878.27 1820 1211900056
1731.13 1920.5 1211900116
1369.48 1909.33 1211900176
1135.47 1833.4 1211900240
1157.63 1716.15 1211900296
1195.75 1717.26 1211900340
1222.34 1720.61 1211900357
1234.75 1728.43 1211900374
1283.5 1732.9 1211900430
1269.32 1873.6 1211900501
1175.36 2487.8 1211900550
1254.25 2742.43 1211900614
1553.85 2793.81 1211900670
2106.96 2875.33 1211900730
2336.54 2707.81 1211900790
2420.74 2702.23 1211900850
2422.52 2702.23 1211900910
2364.01 2724.56 1211900968
2360.47 2847.41 1211901015
2449.99 2965.8 1211901083
2394.15 3146.73 1211901117
2396.81 3295.27 1211901178
2356.92 3540.99 1211901243
2331.22 3694.01 1211901299
2275.37 4017.93 1211901364
2250.56 4179.9 1211901418
2207.12 4465.85 1211901478
2218.65 4521.71 1211901539
2128.23 4941.73 1211901599
2105.19 5081.37 1211901659
2137.1 5214.31 1211901725
2329.44 5377.42 1211901780
2276.26 5386.35 1211901822
2271.83 5386.35 1211901823
2262.08 5385.24 1211901825
2059.09 5340.55 1211901885
2083.91 5215.43 1211901945
2144.19 4844.54 1211902005
2173.44 4582.03 1211902065
2215.99 4385.43 1211902125
2249.67 4177.66 1211902201
2264.74 4070.43 1211902246
2309.94 3782.25 1211902307
2356.04 3494.08 1211902368
1944.75 3301.97 1211902428
1961.59 3095.35 1211902494
2005.91 2866.4 1211902549
2226.62 2841.83 1211902596
2227.51 2839.59 1211902601
2313.49 2863.05 1211902657
2317.04 2849.65 1211902717
2323.24 2820.61 1211902777
2325.9 2823.96 1211902837
2332.99 2830.66 1211902897
2317.92 2840.71 1211902957
2320.58 2839.59 1211903017
2313.49 2830.66 1211903077
2339.19 2822.84 1211903137
2378.2 2816.14 1211903198
2318.81 2813.91 1211903259
2337.42 2812.79 1211903320
2326.79 2803.86 1211903381
2331.22 2818.38 1211903442
2317.04 2803.86 1211903502
2312.6 2800.51 1211903563
2315.26 2811.67 1211903623
2293.99 2813.91 1211903684
2322.35 2840.71 1211903746
2327.67 2842.95 1211903810
2348.95 2874.22 1211903880
2347.17 2828.43 1211903935
2294.88 2823.96 1211903986
2352.49 2825.08 1211904046
2356.92 2825.08 1211904106
2354.26 2817.26 1211904167
2338.31 2822.84 1211904233
2319.69 2832.89 1211904287
2311.72 2845.18 1211904348
2309.06 2846.3 1211904359
2457.97 2650.85 1211904483
2802.78 2304.65 1211904548
3084.65 2016.54 1211904599
3112.13 1579.91 1211904662
3807.95 236.688 1211904717
3789.34 -1289.38 1211904776
2966.76 -2542.85 1211904818
3044.76 -4042.74 1211904878
3342.59 -5041.4 1211904939
3595.22 -5710.82 1211905014
3821.25 -6997.08 1211905065
4083.62 -8460.47 1211905112
2574.98 -12544.7 1211905271
3130.75 -15507.2 1211905390
4456.79 -15878.2 1211905568
3843.41 -16217 1211905648
