3640.42 -1030.41 1211179500
3640.42 -1027.06 1211179561
3642.19 -1022.59 1211179620
3644.85 -1015.9 1211179686
3647.51 -1009.2 1211179745
3651.06 -989.105 1211179811
3638.65 -1037.11 1211179862
3641.31 -1028.18 1211179923
3643.97 -1019.24 1211179983
3649.29 -995.802 1211180044
3650.17 -995.802 1211180109
3645.74 -1015.9 1211180164
3640.42 -1029.29 1211180224
3642.19 -1015.9 1211180285
3644.85 -1013.66 1211180344
3644.85 -1013.66 1211180386
3659.92 -966.778 1211180632
3659.04 -958.964 1211180633
3658.15 -958.964 1211180686
3659.04 -955.615 1211180746
3657.26 -967.895 1211180810
3656.38 -980.174 1211180866
3649.29 -987.988 1211180926
3648.4 -991.337 1211180986
3651.06 -983.523 1211181047
3651.95 -979.058 1211181106
3651.95 -982.407 1211181171
3653.72 -980.174 1211181227
3655.49 -984.639 1211181287
3655.49 -984.639 1211181347
3648.4 -983.523 1211181414
3647.51 -985.756 1211181469
3649.29 -985.756 1211181530
3652.83 -981.29 1211181590
3653.72 -981.29 1211181651
3653.72 -982.407 1211181711
3655.49 -984.639 1211181772
3656.38 -991.337 1211181832
3650.17 -987.988 1211181893
3650.17 -986.872 1211181923
3649.29 -984.639 1211181979
3647.51 -985.756 1211182044
3651.06 -994.686 1211182109
3649.29 -989.105 1211182159
3650.17 -992.453 1211182219
3646.63 -989.105 1211182279
3651.06 -994.686 1211182340
3651.06 -994.686 1211182399
3651.06 -995.802 1211182465
3651.06 -992.453 1211182520
3651.06 -984.639 1211182581
3650.17 -983.523 1211182642
3649.29 -992.453 1211182702
3648.4 -998.035 1211182762
3651.06 -993.57 1211182827
3650.17 -995.802 1211182893
3650.17 -995.802 1211182942
3650.17 -995.802 1211183007
3650.17 -996.919 1211183062
3650.17 -996.919 1211183122
3651.06 -996.919 1211183183
3651.95 -996.919 1211183253
3651.95 -996.919 1211183303
3652.83 -995.802 1211183363
3652.83 -995.802 1211183428
3653.72 -996.919 1211183483
3651.95 -990.221 1211183552
3648.4 -991.337 1211183603
3648.4 -992.453 1211183663
3648.4 -993.57 1211183723
3649.29 -994.686 1211183784
3649.29 -995.802 1211183843
3650.17 -996.919 1211183904
3650.17 -998.035 1211183963
3650.17 -1000.27 1211184023
3644.85 -1005.85 1211184068
3640.42 -1012.55 1211184143
3653.72 -985.756 1211184188
3654.6 -982.407 1211184249
3655.49 -982.407 1211184309
3656.38 -979.058 1211184369
3652.83 -983.523 1211184430
3651.06 -984.639 1211184490
3647.51 -989.105 1211184550
3647.51 -990.221 1211184610
3648.4 -990.221 1211184670
3647.51 -991.337 1211184731
3646.63 -990.221 1211184791
3653.72 -980.174 1211184852
3654.6 -979.058 1211184912
3649.29 -980.174 1211184973
3649.29 -972.36 1211185033
3652.83 -974.593 1211185094
3653.72 -972.36 1211185154
3653.72 -976.825 1211185216
3653.72 -977.942 1211185276
3654.6 -981.29 1211185337
3655.49 -983.523 1211185402
3656.38 -982.407 1211185457
3655.49 -981.29 1211185517
3659.04 -981.29 1211185577
3659.04 -981.29 1211185637
3659.04 -981.29 1211185697
3655.49 -973.476 1211185757
3652.83 -977.942 1211185817
3647.51 -975.709 1211185882
3651.95 -979.058 1211185937
3652.83 -981.29 1211185997
3652.83 -985.756 1211186058
3655.49 -981.29 1211186118
3655.49 -979.058 1211186178
3655.49 -980.174 1211186238
3654.6 -979.058 1211186299
3655.49 -980.174 1211186359
3656.38 -980.174 1211186423
3655.49 -981.29 1211186479
3656.38 -982.407 1211186540
3655.49 -980.174 1211186600
3656.38 -982.407 1211186661
3654.6 -981.29 1211186721
3655.49 -984.639 1211186782
3646.63 -980.174 1211186842
3651.95 -980.174 1211186903
3653.72 -980.174 1211186963
3643.97 -977.942 1211187025
3652.83 -985.756 1211187086
3657.26 -984.639 1211187147
3648.4 -981.29 1211187207
3656.38 -991.337 1211187268
3656.38 -985.756 1211187328
3651.95 -985.756 1211187389
3651.95 -986.872 1211187449
3662.58 -990.221 1211187510
3654.6 -989.105 1211187570
3653.72 -989.105 1211187630
3655.49 -982.407 1211187690
3650.17 -982.407 1211187750
3651.95 -983.523 1211187810
3651.06 -984.639 1211187876
3655.49 -985.756 1211187930
3647.51 -981.29 1211187991
3654.6 -982.407 1211188051
3647.51 -982.407 1211188111
3652.83 -983.523 1211188171
3647.51 -984.639 1211188231
3662.58 -986.872 1211188296
3644.85 -983.523 1211188351
3659.04 -981.29 1211188411
3648.4 -986.872 1211188476
3645.74 -987.988 1211188531
3659.04 -984.639 1211188591
3636.88 -983.523 1211188651
3639.54 -989.105 1211188711
3646.63 -972.36 1211188772
3652.83 -979.058 1211188832
3654.6 -985.756 1211188892
3653.72 -984.639 1211188952
3652.83 -981.29 1211189012
3651.95 -984.639 1211189073
3651.06 -983.523 1211189113
3651.06 -977.942 1211189154
3651.95 -981.29 1211189214
3652.83 -977.942 1211189274
3649.29 -967.895 1211189334
3649.29 -974.593 1211189394
3650.17 -976.825 1211189454
3653.72 -977.942 1211189514
3651.95 -973.476 1211189574
3655.49 -982.407 1211189635
3654.6 -982.407 1211189695
3654.6 -981.29 1211189756
3654.6 -980.174 1211189820
3651.95 -977.942 1211189876
3652.83 -985.756 1211189937
3651.06 -982.407 1211189997
3650.17 -975.709 1211190058
3652.83 -984.639 1211190122
3649.29 -972.36 1211190181
3648.4 -970.127 1211190238
3652.83 -986.872 1211190302
3654.6 -991.337 1211190363
3650.17 -979.058 1211190418
3649.29 -979.058 1211190478
3651.95 -984.639 1211190538
3651.06 -984.639 1211190598
3652.83 -985.756 1211190659
3652.83 -985.756 1211190719
3649.29 -982.407 1211190779
3649.29 -981.29 1211190840
3649.29 -977.942 1211190900
3649.29 -977.942 1211190961
3650.17 -977.942 1211191021
3653.72 -989.105 1211191082
3652.83 -982.407 1211191142
3651.06 -977.942 1211191203
3645.74 -982.407 1211191263
3645.74 -973.476 1211191324
3648.4 -975.709 1211191356
3651.06 -987.988 1211191416
3650.17 -981.29 1211191476
3650.17 -975.709 1211191537
3652.83 -977.942 1211191597
3648.4 -980.174 1211191657
3651.95 -980.174 1211191731
3651.95 -977.942 1211191777
3650.17 -982.407 1211191837
3651.06 -983.523 1211191898
3651.06 -982.407 1211191958
3651.95 -982.407 1211192018
3651.95 -982.407 1211192078
3651.95 -982.407 1211192138
3651.95 -982.407 1211192198
3651.95 -982.407 1211192258
3651.95 -982.407 1211192318
3651.06 -982.407 1211192378
3651.95 -982.407 1211192449
3651.95 -982.407 1211192500
3650.17 -981.29 1211192560
3649.29 -982.407 1211192625
3649.29 -981.29 1211192680
3650.17 -982.407 1211192740
3650.17 -981.29 1211192800
3650.17 -981.29 1211192834
3651.06 -981.29 1211192894
3651.06 -981.29 1211192954
3650.17 -981.29 1211193014
3650.17 -981.29 1211193075
3650.17 -981.29 1211193135
3651.06 -981.29 1211193194
3651.95 -980.174 1211193256
3651.95 -980.174 1211193317
3650.17 -980.174 1211193378
3651.95 -982.407 1211193438
3652.83 -981.29 1211193499
3651.95 -981.29 1211193559
3651.95 -981.29 1211193620
3651.95 -979.058 1211193673
3652.83 -979.058 1211193733
3652.83 -979.058 1211193793
3652.83 -979.058 1211193853
3655.49 -976.825 1211193913
3653.72 -979.058 1211193973
3656.38 -976.825 1211194033
3651.95 -976.825 1211194094
3654.6 -976.825 1211194155
3658.15 -970.127 1211194216
3653.72 -979.058 1211194276
3651.95 -983.523 1211194303
3651.95 -983.523 1211194368
3651.06 -981.29 1211194423
3659.92 -969.011 1211194483
3657.26 -976.825 1211194543
3655.49 -979.058 1211194567
3654.6 -979.058 1211194627
3655.49 -980.174 1211194687
3655.49 -979.058 1211194747
3659.04 -974.593 1211194807
3659.04 -973.476 1211194867
3657.26 -977.942 1211194927
3657.26 -977.942 1211194988
3655.49 -979.058 1211195048
3656.38 -979.058 1211195110
3654.6 -980.174 1211195170
3656.38 -976.825 1211195231
3653.72 -979.058 1211195291
3655.49 -979.058 1211195352
3656.38 -979.058 1211195412
3656.38 -980.174 1211195473
3659.92 -977.942 1211195533
3655.49 -979.058 1211195594
3653.72 -981.29 1211195654
3654.6 -981.29 1211195715
3650.17 -981.29 1211195775
3654.6 -980.174 1211195837
3648.4 -982.407 1211195896
3656.38 -979.058 1211195958
3653.72 -980.174 1211196018
3649.29 -981.29 1211196079
3649.29 -981.29 1211196139
3651.95 -981.29 1211196200
3652.83 -982.407 1211196265
3652.83 -982.407 1211196322
3652.83 -982.407 1211196382
3652.83 -982.407 1211196442
3652.83 -981.29 1211196502
3653.72 -982.407 1211196562
3653.72 -981.29 1211196584
3653.72 -981.29 1211196650
3653.72 -981.29 1211196705
3653.72 -981.29 1211196765
3654.6 -984.639 1211196826
3651.95 -980.174 1211196886
3651.95 -981.29 1211196947
3654.6 -983.523 1211197008
3653.72 -979.058 1211197068
3651.95 -975.709 1211197189
3653.72 -979.058 1211197253
3652.83 -979.058 1211197309
3651.06 -973.476 1211197370
3651.06 -974.593 1211197430
3653.72 -981.29 1211197491
3654.6 -981.29 1211197552
3654.6 -982.407 1211197612
3654.6 -982.407 1211197673
3653.72 -982.407 1211197734
3651.95 -977.942 1211197794
3651.06 -982.407 1211197830
3651.95 -982.407 1211197890
3656.38 -983.523 1211197950
3655.49 -983.523 1211198010
3651.95 -979.058 1211198070
3651.95 -979.058 1211198130
3653.72 -984.639 1211198190
3651.95 -981.29 1211198251
3651.95 -977.942 1211198293
3651.06 -976.825 1211198353
3651.95 -980.174 1211198413
3655.49 -984.639 1211198473
3654.6 -984.639 1211198533
3652.83 -983.523 1211198594
3653.72 -984.639 1211198654
3655.49 -984.639 1211198720
3655.49 -985.756 1211198775
3655.49 -985.756 1211198836
3656.38 -985.756 1211198896
3656.38 -985.756 1211198958
3654.6 -983.523 1211199018
3654.6 -984.639 1211199079
3653.72 -982.407 1211199139
3650.17 -983.523 1211199200
3651.06 -983.523 1211199260
3650.17 -982.407 1211199322
3650.17 -980.174 1211199387
3647.51 -974.593 1211199442
3651.95 -981.29 1211199507
3652.83 -981.29 1211199562
3651.95 -981.29 1211199622
3651.06 -981.29 1211199682
3651.95 -982.407 1211199747
3652.83 -983.523 1211199802
3646.63 -973.476 1211199863
3651.06 -977.942 1211199928
3653.72 -987.988 1211199983
3651.95 -984.639 1211200044
3648.4 -975.709 1211200114
3650.17 -977.942 1211200165
3655.49 -984.639 1211200225
3666.13 -947.801 1211200285
3667.9 -946.685 1211200345
3668.79 -947.801 1211200405
3669.67 -948.918 1211200460
3671.45 -948.918 1211200520
3671.45 -950.034 1211200581
3671.45 -950.034 1211200641
3672.33 -947.801 1211200707
3670.56 -947.801 1211200762
3667.01 -948.918 1211200823
3667.01 -948.918 1211200884
3667.01 -948.918 1211200898
3668.79 -948.918 1211200949
3668.79 -948.918 1211201009
3668.79 -948.918 1211201065
3670.56 -948.918 1211201126
3672.33 -950.034 1211201191
3673.22 -952.266 1211201253
3671.45 -948.918 1211201374
3671.45 -948.918 1211201434
3671.45 -947.801 1211201494
3666.13 -943.336 1211201551
3670.56 -947.801 1211201610
3670.56 -948.918 1211201675
3670.56 -950.034 1211201732
3670.56 -950.034 1211201792
3670.56 -950.034 1211201867
3670.56 -950.034 1211201914
3668.79 -948.918 1211201974
3668.79 -948.918 1211202034
3669.67 -950.034 1211202094
3669.67 -948.918 1211202160
3669.67 -948.918 1211202215
3670.56 -948.918 1211202276
3670.56 -950.034 1211202336
3669.67 -950.034 1211202397
3669.67 -951.15 1211202454
3669.67 -951.15 1211202525
3669.67 -950.034 1211202575
3670.56 -950.034 1211202635
3669.67 -947.801 1211202695
3669.67 -947.801 1211202755
3669.67 -948.918 1211202816
3670.56 -950.034 1211202876
3669.67 -950.034 1211202929
3670.56 -950.034 1211202989
3666.13 -951.15 1211203049
3667.9 -952.266 1211203110
3668.79 -951.15 1211203170
3668.79 -950.034 1211203230
3669.67 -950.034 1211203290
3669.67 -948.918 1211203350
3669.67 -948.918 1211203410
3669.67 -950.034 1211203471
3669.67 -950.034 1211203531
3669.67 -947.801 1211203591
3671.45 -948.918 1211203653
3670.56 -948.918 1211203713
3670.56 -950.034 1211203774
3670.56 -948.918 1211203835
3670.56 -952.266 1211203896
3667.9 -947.801 1211203956
3668.79 -947.801 1211204017
3668.79 -946.685 1211204077
3669.67 -946.685 1211204138
3669.67 -946.685 1211204182
3669.67 -946.685 1211204242
3667.9 -947.801 1211204303
3667.9 -948.918 1211204363
3668.79 -950.034 1211204424
3668.79 -950.034 1211204451
3670.56 -950.034 1211204507
3667.01 -948.918 1211204568
3666.13 -948.918 1211204619
3666.13 -948.918 1211204679
3666.13 -948.918 1211204739
3666.13 -948.918 1211204799
3667.01 -948.918 1211204859
3668.79 -948.918 1211204920
3665.24 -946.685 1211204980
3668.79 -946.685 1211205041
3669.67 -946.685 1211205101
3670.56 -948.918 1211205162
3662.58 -947.801 1211205222
3667.9 -948.918 1211205288
3667.01 -950.034 1211205344
3669.67 -947.801 1211205405
3668.79 -947.801 1211205471
3667.9 -950.034 1211205518
3668.79 -947.801 1211205578
3668.79 -948.918 1211205637
3667.9 -948.918 1211205697
3667.9 -948.918 1211205758
3667.01 -952.266 1211205817
3667.9 -950.034 1211205877
3665.24 -953.383 1211205938
3669.67 -950.034 1211205998
3667.01 -950.034 1211206065
3667.01 -948.918 1211206120
3667.01 -948.918 1211206182
3665.24 -952.266 1211206242
3666.13 -952.266 1211206303
3669.67 -948.918 1211206363
3670.56 -948.918 1211206424
3667.01 -951.15 1211206484
3669.67 -947.801 1211206545
3668.79 -948.918 1211206605
3670.56 -946.685 1211206667
3664.35 -950.034 1211206726
3668.79 -947.801 1211206787
3668.79 -948.918 1211206847
3669.67 -948.918 1211206908
3670.56 -947.801 1211206968
3670.56 -948.918 1211207029
3670.56 -948.918 1211207089
3669.67 -947.801 1211207150
3667.9 -947.801 1211207211
3669.67 -947.801 1211207272
3667.01 -947.801 1211207332
3668.79 -946.685 1211207393
3669.67 -947.801 1211207453
3669.67 -947.801 1211207514
3665.24 -948.918 1211207574
3667.01 -946.685 1211207635
3667.9 -947.801 1211207695
3667.01 -947.801 1211207761
3667.9 -947.801 1211207821
3667.9 -948.918 1211207876
3667.9 -948.918 1211207936
3667.9 -948.918 1211207964
3668.79 -950.034 1211208017
3668.79 -950.034 1211208072
3667.01 -947.801 1211208133
3666.13 -947.801 1211208193
3667.01 -947.801 1211208253
3667.9 -947.801 1211208313
3667.01 -947.801 1211208373
3667.01 -947.801 1211208433
3667.9 -948.918 1211208494
3667.9 -948.918 1211208554
3668.79 -948.918 1211208615
3667.9 -947.801 1211208647
3667.9 -948.918 1211208707
3667.9 -947.801 1211208818
3667.9 -948.918 1211208873
3667.9 -948.918 1211208937
3667.01 -947.801 1211208998
3665.24 -948.918 1211209053
3667.01 -950.034 1211209113
3665.24 -950.034 1211209174
3665.24 -950.034 1211209234
3666.13 -950.034 1211209294
3668.79 -950.034 1211209358
3668.79 -950.034 1211209414
3668.79 -950.034 1211209475
3668.79 -950.034 1211209535
3667.9 -948.918 1211209596
3668.79 -948.918 1211209656
3667.9 -948.918 1211209718
3667.9 -948.918 1211209778
3668.79 -957.848 1211209839
3668.79 -951.15 1211209904
3667.01 -952.266 1211209959
3667.01 -952.266 1211210020
3667.9 -955.615 1211210079
3668.79 -956.732 1211210139
3670.56 -951.15 1211210205
3667.9 -943.336 1211210265
3668.79 -947.801 1211210326
3669.67 -950.034 1211210380
3667.9 -953.383 1211210442
3667.9 -951.15 1211210506
3672.33 -952.266 1211210567
3670.56 -947.801 1211210627
3667.01 -951.15 1211210691
3667.9 -946.685 1211210742
3667.9 -950.034 1211210863
3667.9 -952.266 1211210933
3671.45 -946.685 1211210983
3667.01 -951.15 1211211053
3668.79 -952.266 1211211108
3667.9 -951.15 1211211173
3672.33 -935.522 1211211229
3670.56 -952.266 1211211288
3669.67 -953.383 1211211344
3668.79 -951.15 1211211408
3669.67 -948.918 1211211473
3668.79 -947.801 1211211524
3668.79 -947.801 1211211565
3668.79 -947.801 1211211620
3668.79 -946.685 1211211686
3668.79 -946.685 1211211741
3668.79 -947.801 1211211800
3668.79 -947.801 1211211861
3667.01 -946.685 1211211921
3667.9 -945.569 1211211982
3669.67 -946.685 1211212042
3667.01 -945.569 1211212102
3667.9 -946.685 1211212164
3668.79 -946.685 1211212225
3644.85 -953.383 1211212286
3642.19 -954.499 1211212346
3643.08 -954.499 1211212406
3643.08 -954.499 1211212466
3643.97 -954.499 1211212531
3643.97 -953.383 1211212587
3644.85 -954.499 1211212647
3644.85 -954.499 1211212693
3644.85 -953.383 1211212753
3644.85 -955.615 1211212796
3644.85 -955.615 1211212856
3644.85 -956.732 1211212916
3643.97 -955.615 1211212977
3644.85 -954.499 1211213037
3645.74 -955.615 1211213103
3645.74 -955.615 1211213163
3640.42 -955.615 1211213222
3642.19 -956.732 1211213278
3644.85 -956.732 1211213344
3646.63 -955.615 1211213398
3646.63 -954.499 1211213463
3645.74 -954.499 1211213523
3646.63 -953.383 1211213583
3646.63 -954.499 1211213644
3647.51 -953.383 1211213698
3646.63 -954.499 1211213758
3645.74 -954.499 1211213819
3645.74 -954.499 1211213893
3643.97 -953.383 1211213939
3644.85 -954.499 1211214013
3644.85 -954.499 1211214060
3644.85 -954.499 1211214120
3644.85 -955.615 1211214182
3645.74 -955.615 1211214242
3643.97 -955.615 1211214318
3647.51 -956.732 1211214364
3647.51 -955.615 1211214424
3645.74 -954.499 1211214486
3647.51 -955.615 1211214546
3650.17 -957.848 1211214607
3646.63 -955.615 1211214667
3645.74 -955.615 1211214728
3644.85 -954.499 1211214788
3645.74 -954.499 1211214847
3648.4 -954.499 1211214907
3649.29 -954.499 1211214967
3646.63 -954.499 1211215029
3647.51 -956.732 1211215093
3645.74 -956.732 1211215148
3646.63 -955.615 1211215213
3645.74 -953.383 1211215274
3645.74 -953.383 1211215334
3645.74 -954.499 1211215389
3645.74 -953.383 1211215449
3646.63 -955.615 1211215524
3645.74 -955.615 1211215579
3645.74 -955.615 1211215630
3645.74 -955.615 1211215690
3645.74 -954.499 1211215750
3647.51 -956.732 1211215810
3646.63 -955.615 1211215872
3645.74 -954.499 1211215932
3644.85 -955.615 1211215993
3644.85 -955.615 1211216053
3645.74 -955.615 1211216123
3644.85 -953.383 1211216183
3646.63 -957.848 1211216234
3645.74 -955.615 1211216294
3643.97 -951.15 1211216354
3643.97 -951.15 1211216415
3644.85 -952.266 1211216474
3643.08 -950.034 1211216535
3643.08 -948.918 1211216595
3643.97 -951.15 1211216655
3643.97 -951.15 1211216683
3644.85 -952.266 1211216743
3643.97 -953.383 1211216797
3643.08 -952.266 1211216852
3643.97 -953.383 1211216912
3641.31 -951.15 1211216984
3642.19 -951.15 1211217033
3643.97 -952.266 1211217097
3643.08 -951.15 1211217158
3643.08 -953.383 1211217213
3645.74 -955.615 1211217273
3645.74 -960.081 1211217333
3647.51 -960.081 1211217393
3646.63 -958.964 1211217458
3642.19 -953.383 1211217513
3644.85 -955.615 1211217573
3642.19 -951.15 1211217634
3644.85 -953.383 1211217693
3646.63 -956.732 1211217754
3643.97 -951.15 1211217823
3645.74 -955.615 1211217874
3645.74 -955.615 1211217934
3645.74 -955.615 1211217994
3645.74 -955.615 1211218054
3645.74 -956.732 1211218120
3645.74 -956.732 1211218175
3645.74 -955.615 1211218244
3645.74 -954.499 1211218295
3645.74 -954.499 1211218355
3646.63 -954.499 1211218415
3645.74 -954.499 1211218475
3644.85 -953.383 1211218536
3645.74 -953.383 1211218600
3645.74 -953.383 1211218656
3644.85 -954.499 1211218716
3645.74 -954.499 1211218776
3645.74 -953.383 1211218836
3645.74 -953.383 1211218896
3644.85 -953.383 1211218956
3645.74 -953.383 1211219016
3644.85 -954.499 1211219077
3649.29 -955.615 1211219137
3642.19 -955.615 1211219198
3645.74 -955.615 1211219258
3648.4 -957.848 1211219319
3648.4 -953.383 1211219379
3650.17 -961.197 1211219440
3648.4 -958.964 1211219501
3647.51 -962.313 1211219562
3647.51 -952.266 1211219622
3647.51 -964.546 1211219698
3647.51 -956.732 1211219744
3648.4 -966.778 1211219804
3643.97 -960.081 1211219865
3644.85 -957.848 1211219931
3646.63 -947.801 1211219991
3644.85 -950.034 1211220045
3645.74 -951.15 1211220105
3645.74 -952.266 1211220165
3645.74 -952.266 1211220186
3646.63 -952.266 1211220246
3644.85 -950.034 1211220311
3644.85 -952.266 1211220367
3644.85 -952.266 1211220427
3647.51 -945.569 1211220487
3648.4 -946.685 1211220551
3648.4 -945.569 1211220608
3646.63 -951.15 1211220668
3643.97 -961.197 1211220728
3646.63 -947.801 1211220794
3647.51 -943.336 1211220849
3643.08 -957.848 1211220916
3644.85 -953.383 1211220971
3643.08 -956.732 1211221045
3645.74 -948.918 1211221092
3645.74 -948.918 1211221152
3642.19 -953.383 1211221212
3643.08 -953.383 1211221272
3645.74 -948.918 1211221333
3643.97 -951.15 1211221394
3643.97 -950.034 1211221454
3643.08 -952.266 1211221514
3650.17 -947.801 1211221575
3651.06 -947.801 1211221635
3635.1 -958.964 1211221696
3650.17 -950.034 1211221756
3647.51 -952.266 1211221817
3641.31 -954.499 1211221877
3642.19 -954.499 1211221938
3644.85 -953.383 1211221998
3643.08 -953.383 1211222060
3642.19 -952.266 1211222120
3643.08 -951.15 1211222187
3642.19 -953.383 1211222247
3643.08 -953.383 1211222302
3643.97 -953.383 1211222362
3643.97 -952.266 1211222427
3643.97 -951.15 1211222492
3649.29 -948.918 1211222542
3646.63 -955.615 1211222602
3645.74 -954.499 1211222662
3645.74 -954.499 1211222722
3648.4 -952.266 1211222783
3648.4 -952.266 1211222843
3648.4 -952.266 1211222914
3646.63 -953.383 1211222964
3647.51 -952.266 1211223024
3646.63 -952.266 1211223084
3667.9 -969.011 1211223144
3669.67 -966.778 1211223204
3669.67 -966.778 1211223264
3669.67 -966.778 1211223334
3669.67 -966.778 1211223384
3669.67 -965.662 1211223448
3669.67 -965.662 1211223504
3669.67 -965.662 1211223564
3669.67 -965.662 1211223630
3669.67 -964.546 1211223684
3669.67 -964.546 1211223749
3668.79 -965.662 1211223781
3667.9 -966.778 1211223843
3668.79 -966.778 1211223903
3669.67 -966.778 1211223964
3669.67 -966.778 1211224025
3669.67 -963.43 1211224086
3667.9 -964.546 1211224151
3643.97 -953.383 1211224206
3644.85 -954.499 1211224266
3644.85 -954.499 1211224326
3644.85 -954.499 1211224387
3645.74 -953.383 1211224461
3648.4 -952.266 1211224507
3649.29 -951.15 1211224567
3649.29 -951.15 1211224628
3647.51 -951.15 1211224688
3646.63 -953.383 1211224749
3644.85 -952.266 1211224810
3645.74 -951.15 1211224871
3644.85 -952.266 1211224931
3647.51 -952.266 1211224992
3643.08 -953.383 1211225053
3644.85 -953.383 1211225117
3643.97 -953.383 1211225173
3651.06 -952.266 1211225234
3647.51 -952.266 1211225294
3643.97 -953.383 1211225362
3643.97 -953.383 1211225415
3643.97 -954.499 1211225463
3648.4 -953.383 1211225530
3651.06 -953.383 1211225579
3646.63 -953.383 1211225640
3644.85 -952.266 1211225709
3644.85 -952.266 1211225765
3644.85 -953.383 1211225820
3645.74 -953.383 1211225881
3647.51 -957.848 1211225941
3646.63 -956.732 1211226001
3646.63 -951.15 1211226061
3641.31 -951.15 1211226121
3639.54 -952.266 1211226181
3642.19 -948.918 1211226242
3677.65 -927.708 1211226302
3628.01 -982.407 1211226363
3600.53 -985.756 1211226423
3599.65 -985.756 1211226466
3601.42 -985.756 1211226585
3604.08 -986.872 1211226645
3603.19 -989.105 1211226710
3595.22 -985.756 1211226775
3596.99 -982.407 1211226835
3603.19 -995.802 1211226885
3604.08 -996.919 1211226945
3602.31 -989.105 1211226966
3634.22 -933.289 1211227027
3635.1 -935.522 1211227071
3653.72 -977.942 1211227130
3696.26 -987.988 1211227190
3695.38 -987.988 1211227255
3694.49 -987.988 1211227310
3690.06 -992.453 1211227371
3683.86 -994.686 1211227431
3682.08 -996.919 1211227491
3682.08 -996.919 1211227540
3691.83 -992.453 1211227589
3698.92 -985.756 1211227651
3699.81 -985.756 1211227720
3670.56 -1012.55 1211227772
3678.54 -1008.08 1211227833
3679.42 -1009.2 1211227897
3678.54 -1009.2 1211227947
3670.56 -1017.01 1211228007
3667.01 -1018.13 1211228068
3671.45 -1009.2 1211228199
3670.56 -1009.2 1211228258
3679.42 -998.035 1211228308
3657.26 -1032.64 1211228373
3679.42 -990.221 1211228429
3615.6 -979.058 1211228489
3612.06 -929.94 1211228550
3611.17 -928.824 1211228621
3612.06 -931.057 1211228671
3608.51 -922.126 1211228731
3607.63 -918.777 1211228791
3612.94 -931.057 1211228851
3607.63 -915.428 1211228916
3605.85 -912.079 1211228971
3611.17 -932.173 1211229032
3612.06 -933.289 1211229093
3612.94 -934.405 1211229158
3612.94 -934.405 1211229217
3610.28 -921.01 1211229273
3612.06 -923.242 1211229343
3614.72 -931.057 1211229394
3614.72 -931.057 1211229460
3613.83 -929.94 1211229515
3612.94 -935.522 1211229577
3613.83 -927.708 1211229637
3613.83 -922.126 1211229698
3612.94 -919.893 1211229772
3612.06 -925.475 1211229818
3612.06 -927.708 1211229878
3612.94 -928.824 1211229939
3612.06 -928.824 1211230009
3611.17 -928.824 1211230059
3612.94 -933.289 1211230124
3611.17 -933.289 1211230185
3612.94 -936.638 1211230240
3612.94 -927.708 1211230300
3613.83 -923.242 1211230360
3612.06 -929.94 1211230420
3612.06 -928.824 1211230480
3612.06 -927.708 1211230545
3612.06 -927.708 1211230600
3611.17 -936.638 1211230665
3610.28 -935.522 1211230687
3611.17 -934.405 1211230746
3609.4 -937.754 1211230812
3612.94 -935.522 1211230868
3612.94 -933.289 1211230922
3612.94 -933.289 1211230993
3611.17 -934.405 1211231052
3610.28 -934.405 1211231117
3610.28 -934.405 1211231169
3611.17 -934.405 1211231224
3611.17 -934.405 1211231285
3613.83 -933.289 1211231350
3613.83 -932.173 1211231382
3615.6 -932.173 1211231446
3613.83 -931.057 1211231507
3613.83 -931.057 1211231562
3612.94 -931.057 1211231623
3612.94 -931.057 1211231689
3614.72 -932.173 1211231743
3612.94 -934.405 1211231791
3616.49 -934.405 1211231846
3612.94 -932.173 1211231906
3612.94 -932.173 1211231965
3610.28 -931.057 1211232030
3610.28 -928.824 1211232206
3610.28 -928.824 1211232266
3611.17 -928.824 1211232326
3613.83 -931.057 1211232387
3611.17 -931.057 1211232447
3615.6 -931.057 1211232495
3614.72 -929.94 1211232558
3614.72 -931.057 1211232610
3613.83 -932.173 1211232670
3612.94 -932.173 1211232699
3612.06 -931.057 1211232753
3610.28 -931.057 1211232814
3611.17 -933.289 1211232875
3610.28 -932.173 1211232935
3610.28 -931.057 1211232995
3611.17 -929.94 1211233060
3609.4 -928.824 1211233120
3610.28 -929.94 1211233175
3610.28 -931.057 1211233235
3612.06 -931.057 1211233300
3612.94 -932.173 1211233360
3612.06 -932.173 1211233415
3612.06 -932.173 1211233475
3612.06 -932.173 1211233535
3612.06 -933.289 1211233597
3612.06 -933.289 1211233658
3612.94 -934.405 1211233718
3612.94 -933.289 1211233779
3611.17 -931.057 1211233853
3611.17 -931.057 1211233905
3611.17 -931.057 1211233941
3611.17 -931.057 1211234001
3611.17 -931.057 1211234066
3614.72 -933.289 1211234126
3613.83 -932.173 1211234181
3612.94 -931.057 1211234241
3612.94 -931.057 1211234301
3612.06 -929.94 1211234367
3612.06 -931.057 1211234421
3614.72 -932.173 1211234491
3616.49 -932.173 1211234541
3612.94 -931.057 1211234662
3612.94 -931.057 1211234722
3612.94 -929.94 1211234782
3614.72 -929.94 1211234843
3613.83 -928.824 1211234918
3613.83 -929.94 1211234973
3612.94 -929.94 1211235023
3612.94 -929.94 1211235088
3612.94 -928.824 1211235144
3612.94 -931.057 1211235208
3612.06 -931.057 1211235263
3612.94 -929.94 1211235334
3612.94 -929.94 1211235390
3612.94 -929.94 1211235444
3612.94 -929.94 1211235505
3612.94 -929.94 1211235565
3612.06 -928.824 1211235627
3611.17 -928.824 1211235687
3611.17 -928.824 1211235752
3611.17 -928.824 1211235813
3611.17 -928.824 1211235868
3612.06 -928.824 1211235933
3612.06 -929.94 1211235993
3612.06 -929.94 1211236048
3612.06 -931.057 1211236108
3612.06 -931.057 1211236168
3611.17 -929.94 1211236234
3610.28 -931.057 1211236288
3611.17 -926.591 1211236348
3609.4 -932.173 1211236414
3609.4 -929.94 1211236455
3609.4 -929.94 1211236515
3609.4 -931.057 1211236576
3608.51 -931.057 1211236635
3609.4 -931.057 1211236695
3609.4 -931.057 1211236755
3609.4 -929.94 1211236815
3611.17 -931.057 1211236875
3611.17 -931.057 1211236936
3612.06 -931.057 1211236996
3611.17 -931.057 1211237063
3611.17 -931.057 1211237122
3611.17 -931.057 1211237177
3610.28 -931.057 1211237237
3612.06 -931.057 1211237297
3612.06 -931.057 1211237358
3612.06 -929.94 1211237419
3612.06 -931.057 1211237482
3611.17 -929.94 1211237538
3613.83 -928.824 1211237599
3612.94 -928.824 1211237664
3610.28 -929.94 1211237719
3611.17 -929.94 1211237784
3610.28 -929.94 1211237839
3611.17 -929.94 1211237899
3611.17 -929.94 1211237959
3611.17 -929.94 1211238019
3612.94 -932.173 1211238080
3614.72 -932.173 1211238151
3609.4 -929.94 1211238210
3611.17 -926.591 1211238321
3609.4 -927.708 1211238395
3609.4 -927.708 1211238425
3611.17 -929.94 1211238480
3611.17 -929.94 1211238540
3609.4 -928.824 1211238607
3608.51 -929.94 1211238661
3611.17 -929.94 1211238731
3605.85 -927.708 1211238840
3605.85 -927.708 1211238911
3609.4 -929.94 1211238975
3611.17 -931.057 1211239027
3610.28 -931.057 1211239091
3609.4 -929.94 1211239142
3608.51 -928.824 1211239212
3611.17 -931.057 1211239262
3612.06 -929.94 1211239323
3628.9 -980.174 1211239384
3609.4 -928.824 1211239443
3608.51 -928.824 1211239509
3607.63 -928.824 1211239626
3607.63 -928.824 1211239691
3608.51 -927.708 1211239747
3607.63 -927.708 1211239807
3607.63 -928.824 1211239871
3612.06 -931.057 1211239927
3612.94 -929.94 1211239991
3612.06 -929.94 1211240052
3612.06 -928.824 1211240107
3612.94 -929.94 1211240167
3616.49 -925.475 1211240227
3646.63 -916.544 1211240287
3677.65 -932.173 1211240357
3707.79 -939.987 1211240407
3708.67 -974.593 1211240473
3664.35 -960.081 1211240528
3637.76 -980.174 1211240589
3619.15 -967.895 1211240649
3649.29 -992.453 1211240713
3646.63 -989.105 1211240775
3642.19 -933.289 1211240829
3643.08 -932.173 1211240889
3643.08 -932.173 1211240949
3643.08 -932.173 1211241015
3643.08 -932.173 1211241074
3647.51 -939.987 1211241146
3651.95 -972.36 1211241190
3610.28 -990.221 1211241250
3610.28 -992.453 1211241291
3607.63 -992.453 1211241335
3607.63 -992.453 1211241393
3572.17 -1110.78 1211241448
3572.17 -1109.66 1211241513
3578.37 -1142.04 1211241569
3994.09 -972.36 1211241640
3854.93 -148.485 1211241691
3387.8 1249.39 1211241744
3144.04 1698.28 1211241805
3432.12 1718.38 1211241866
3567.74 1840.1 1211241926
3575.72 1846.8 1211241991
3568.62 1838.98 1211242051
3573.06 1851.26 1211242095
3603.19 1884.76 1211242149
3645.74 1842.33 1211242215
3511.01 1652.5 1211242270
3659.92 663.191 1211242330
3686.51 145.138 1211242390
3755.65 -113.876 1211242434
3755.65 -113.876 1211242443
3755.65 -113.876 1211242450
3756.54 -112.759 1211242510
3747.68 66.9866 1211242570
3751.22 599.549 1211242630
3220.27 1476.06 1211242690
3346.14 1757.46 1211242755
3545.58 1831.16 1211242810
3546.46 1832.28 1211242881
3545.58 1831.16 1211242935
3550.01 1833.4 1211242991
3563.31 1854.61 1211243056
3562.42 1860.2 1211243098
3370.96 1665.9 1211243159
2960.56 1358.82 1211243219
2520.91 1794.31 1211243280
2098.98 2224.25 1211243345
1935.89 2405.16 1211243405
1864.09 2869.75 1211243465
1821.54 3192.52 1211243508
1763.04 3551.04 1211243577
1736.45 3801.24 1211243630
1672.63 4128.51 1211243693
1672.63 4129.63 1211243696
1672.63 4129.63 1211243698
1671.74 4129.63 1211243769
1642.49 4243.56 1211243859
1644.26 4244.68 1211243919
1646.03 4245.8 1211243979
1650.47 4253.62 1211244024
1788.74 4256.97 1211244084
1864.09 3826.93 1211244149
1883.59 3644.87 1211244204
1919.04 3433.77 1211244264
1950.95 3192.52 1211244324
1984.64 2863.05 1211244385
2031.62 2711.16 1211244445
2305.51 2695.53 1211244510
2383.51 2716.74 1211244569
2456.2 2832.89 1211244683
2572.32 2870.87 1211244748
2575.86 2887.62 1211244776
2606.89 2839.59 1211244836
2463.29 2684.36 1211244896
2406.56 2703.34 1211244956
2451.77 2942.34 1211245025
2366.67 3454.99 1211245128
2364.9 3465.04 1211245139
2598.02 3596.84 1211245195
2833.8 3611.36 1211245315
2879.9 3631.46 1211245446
2886.1 3628.11 1211245495
2864.83 3616.94 1211245561
2890.53 3649.33 1211245622
2898.51 3644.87 1211245691
2894.08 3628.11 1211245702
2885.21 3632.58 1211245758
2876.35 3606.89 1211245811
2983.6 3658.27 1211245871
3027.04 3756.56 1211245933
2962.33 4242.45 1211245993
2933.08 4277.08 1211246053
2661.84 4227.93 1211246113
2427.83 4188.83 1211246173
2159.26 4140.8 1211246233
1370.37 4097.24 1211246298
1320.73 4351.92 1211246350
1320.73 4351.92 1211246357
1320.73 4351.92 1211246372
1320.73 4350.8 1211246375
1320.73 4349.68 1211246381
1315.41 4377.61 1211246441
1317.18 4378.73 1211246501
1157.63 4459.15 1211246567
1084.06 4927.21 1211246626
1075.2 4976.36 1211246681
1068.11 5038.92 1211246741
1277.29 5183.03 1211246802
1498.01 5145.05 1211246862
1498.01 5146.16 1211246873
1900.43 4796.51 1211246933
2210.67 4523.94 1211246993
2442.02 4325.11 1211247063
2555.48 4224.58 1211247125
2684.89 4112.87 1211247178
2847.1 3972.13 1211247233
3008.42 3876.07 1211247293
3008.42 4010.11 1211247335
2881.67 4786.45 1211247390
2855.08 4997.59 1211247450
2669.82 5190.85 1211247510
2564.34 5248.94 1211247571
2007.68 5181.91 1211247631
1532.58 5112.65 1211247691
1225 5169.62 1211247751
1258.68 5179.68 1211247811
1392.53 5209.84 1211247871
1392.53 5209.84 1211247886
1886.25 5284.69 1211247931
2186.74 5333.85 1211247991
2340.08 5352.84 1211248053
2613.09 5204.26 1211248114
2919.78 4950.67 1211248180
3014.63 4681.45 1211248235
3091.74 4170.96 1211248305
3214.07 3917.4 1211248356
3456.94 3935.27 1211248426
3467.58 3849.27 1211248470
3467.58 3849.27 1211248478
3465.8 3861.55 1211248544
3431.23 4022.4 1211248565
3531.4 4179.9 1211248615
3027.92 4879.17 1211248675
3014.63 4893.69 1211248730
2672.48 5197.55 1211248791
2370.22 5357.31 1211248850
2316.15 5384.12 1211248910
2316.15 5384.12 1211248971
2316.15 5383 1211249030
2311.72 5384.12 1211249091
2309.06 5381.88 1211249132
2308.17 5380.77 1211249188
2302.85 5383 1211249248
2301.97 5384.12 1211249323
2302.85 5385.24 1211249368
2295.76 5389.7 1211249404
2296.65 5380.77 1211249464
2291.33 5386.35 1211249525
2285.12 5389.7 1211249590
2285.12 5388.59 1211249645
2277.15 5385.24 1211249705
2272.72 5386.35 1211249765
2271.83 5387.47 1211249826
2272.72 5387.47 1211249886
2273.6 5387.47 1211249945
2272.72 5387.47 1211250006
2270.06 5388.59 1211250030
2297.53 5366.24 1211250087
2795.69 5073.55 1211250161
3066.92 4786.45 1211250207
3393.12 4313.94 1211250272
3447.19 3963.2 1211250332
3467.58 3753.21 1211250392
3357.66 3602.42 1211250447
3178.61 3412.55 1211250508
2822.28 3358.94 1211250568
2542.18 3200.34 1211250634
2558.13 3191.4 1211250693
2589.16 3157.9 1211250721
2589.16 3157.9 1211250729
2575.86 3180.23 1211250783
2590.04 3156.78 1211250849
2612.2 3165.71 1211250904
2829.37 3204.8 1211250964
2800.12 3470.63 1211251029
2789.48 3622.53 1211251089
2832.03 3590.14 1211251151
2840.89 3586.79 1211251205
2829.37 3638.16 1211251265
2771.76 3449.4 1211251330
2813.42 3480.68 1211251385
2861.28 3609.12 1211251446
2863.05 3606.89 1211251517
2864.83 3609.12 1211251566
2856.85 3622.53 1211251627
2878.12 3567.8 1211251676
2972.08 3458.34 1211251737
2457.09 3410.31 1211251797
2158.37 3412.55 1211251867
1276.41 3284.1 1211251977
813.71 3204.8 1211252037
187.029 3100.94 1211252097
183.484 3078.6 1211252113
192.348 3030.57 1211252159
210.075 2909.96 1211252220
235.781 2758.07 1211252272
238.44 2571.56 1211252317
297.829 2347.09 1211252372
513.222 2195.21 1211252432
1026.44 2281.2 1211252498
1192.2 2309.12 1211252553
1480.28 2352.67 1211252613
1898.66 2424.15 1211252684
2211.55 2475.52 1211252734
2481.02 2223.13 1211252793
2730.09 1980.8 1211252853
2819.62 1878.06 1211252897
2820.51 1878.06 1211252903
2925.1 1785.38 1211252958
3171.52 1928.32 1211253018
3400.21 1706.1 1211253078
3569.51 1847.91 1211253139
3570.4 1840.1 1211253199
3570.4 1838.98 1211253251
3568.62 1853.5 1211253274
3572.17 1847.91 1211253301
3568.62 1841.21 1211253356
3566.85 1840.1 1211253442
3573.06 1835.63 1211253502
3569.51 1834.51 1211253562
3574.83 1847.91 1211253627
3573.06 1850.15 1211253692
3575.72 1849.03 1211253743
3581.03 1842.33 1211253803
3581.03 1840.1 1211253810
3176.84 1467.13 1211253871
2698.18 1623.46 1211253926
2364.01 1960.7 1211253990
1941.2 2411.86 1211254046
1685.92 2517.96 1211254110
1370.37 2461 1211254181
987.443 2399.58 1211254228
328.852 2289.02 1211254289
297.829 2392.88 1211254350
248.19 2681.01 1211254424
250.85 2669.84 1211254426
237.554 2693.29 1211254492
187.916 3058.5 1211254542
174.62 3180.23 1211254601
435.22 3255.06 1211254651
866.007 3312.03 1211254716
1158.52 3362.29 1211254772
1163.84 3374.57 1211254796
1186.88 3441.59 1211254863
1097.36 3953.15 1211254917
1045.06 4297.18 1211254984
982.125 4690.38 1211255043
974.147 4746.24 1211255061
941.351 4890.34 1211255121
1048.6 5032.22 1211255181
1341.11 5088.07 1211255242
1388.09 5091.42 1211255301
1899.54 5168.51 1211255366
1953.61 5093.66 1211255422
1927.02 5073.55 1211255480
1927.02 5072.43 1211255486
1927.91 5070.2 1211255492
1932.34 5080.25 1211255562
1935.89 5069.08 1211255613
1933.23 5072.43 1211255625
1690.35 5037.8 1211255685
1698.33 4835.61 1211255722
1756.83 4426.76 1211255788
1831.29 3994.47 1211255842
1879.16 3704.06 1211255902
1888.91 3467.27 1211255962
1799.38 3371.22 1211256022
1601.71 3317.61 1211256070
1601.71 3317.61 1211256072
1599.94 3319.84 1211256106
1595.51 3328.78 1211256204
1349.98 3333.25 1211256270
1602.6 3441.59 1211256326
1760.38 3471.74 1211256395
2178.76 3664.97 1211256446
2632.59 3484.03 1211256517
2878.12 3562.21 1211256566
2807.21 3441.59 1211256626
2842.67 3549.93 1211256696
2821.39 3477.33 1211256751
2863.05 3576.73 1211256797
2782.39 3338.83 1211256862
2043.14 3400.26 1211256978
1255.13 3236.08 1211257043
616.931 3180.23 1211257102
342.148 3131.09 1211257158
-361.649 3013.82 1211257218
-1053.92 2807.21 1211257278
-1034.42 2217.55 1211257338
-930.714 1557.58 1211257398
-1084.06 1403.48 1211257453
-1748.86 1134.38 1211257518
-2333.88 669.89 1211257573
-2746.05 645.327 1211257635
-3550.01 604.015 1211257695
-3666.13 593.967 1211257756
-4341.56 554.889 1211257815
-5266.07 507.995 1211257877
-5850.2 471.15 1211257937
-6531.84 396.345 1211257998
-6503.48 -181.977 1211258062
-6483.98 -197.607 1211258123
-6483.98 -197.607 1211258142
-6483.98 -196.491 1211258234
-6484.86 -195.374 1211258281
-6517.66 144.022 1211258346
-6530.07 347.22 1211258368
-6528.3 415.326 1211258479
-6528.3 414.209 1211258495
-6527.41 414.209 1211258554
-6528.3 413.093 1211258607
-6699.37 1683.76 1211258742
-6776.49 2112.57 1211258789
-6101.94 2187.39 1211258858
-5499.19 2156.13 1211258914
-4779.44 2195.21 1211258969
-4542.77 2207.5 1211259030
-3986.12 2242.11 1211259090
-3507.46 2268.92 1211259161
-3265.48 2282.32 1211259217
-2831.14 2286.78 1211259271
-2817.85 2259.98 1211259332
-2818.73 2259.98 1211259401
-2817.85 2258.87 1211259453
-2817.85 2259.98 1211259514
-2822.28 2257.75 1211259575
-2821.39 2258.87 1211259635
-2819.62 2257.75 1211259696
-2819.62 2258.87 1211259756
-2817.85 2261.1 1211259818
-2820.51 2255.52 1211259877
-2821.39 2249.93 1211259946
-2821.39 2256.63 1211259997
-2816.08 2254.4 1211260067
-2814.3 2257.75 1211260117
-2817.85 2256.63 1211260178
-2818.73 2256.63 1211260238
-2819.62 2256.63 1211260299
-2818.73 2258.87 1211260359
-2816.08 2258.87 1211260428
-2816.96 2255.52 1211260485
-2818.73 2258.87 1211260552
-2805.44 2096.94 1211260601
-2773.53 1493.93 1211260661
-2457.97 1510.68 1211260726
-1812.68 1611.18 1211260781
-1643.38 1374.45 1211260847
-1527.26 679.939 1211260899
-1396.07 151.837 1211260956
-958.192 122.809 1211261016
-920.077 -159.649 1211261081
-537.155 -584.993 1211261137
-750.776 -1384.27 1211261198
-987.443 -1500.36 1211261258
-1402.28 -1620.91 1211261325
-930.714 -2031.67 1211261385
-704.684 -2634.37 1211261450
-238.44 -2883.25 1211261500
128.527 -2994.86 1211261561
-345.694 -3185.7 1211261620
-924.509 -3187.93 1211261677
-1168.27 -3363.14 1211261733
-1168.27 -3363.14 1211261748
-1465.21 -3470.27 1211261798
-1184.22 -3377.65 1211261864
-842.075 -3192.39 1211261914
-241.986 -3192.39 1211261979
270.35 -3158.91 1211262034
1186 -3196.86 1211262079
2492.54 -2508.25 1211262125
2717.69 367.316 1211262240
2401.24 1222.59 1211262301
2280.69 1372.22 1211262360
1868.52 1788.73 1211262422
1632.74 2375.01 1211262482
1596.4 2663.14 1211262543
1842.81 2849.65 1211262608
2194.71 2908.84 1211262660
2498.75 2964.68 1211262721
2613.98 2947.93 1211262781
2805.44 3276.29 1211262841
2809.87 3290.8 1211262869
2785.05 3470.63 1211262929
2813.42 3622.53 1211262990
2831.14 3614.71 1211263050
2872.8 3571.15 1211263112
2865.71 3587.9 1211263205
2777.96 3706.3 1211263269
2785.94 3701.83 1211263325
2793.92 3685.08 1211263402
2808.98 3656.03 1211263457
2807.21 3664.97 1211263524
2820.51 3668.32 1211263574
2811.64 3679.49 1211263634
2812.53 3677.26 1211263666
2821.39 3668.32 1211263786
2827.6 3653.8 1211263847
2869.26 3599.07 1211263907
2855.08 3614.71 1211263968
2853.3 3618.06 1211264035
2851.53 3619.18 1211264099
2863.05 3605.77 1211264150
2883.44 3576.73 1211264194
2883.44 3577.85 1211264200
3117.45 3062.96 1211264320
3510.12 3448.29 1211264380
3779.59 3204.8 1211264412
4061.46 2936.76 1211264472
4070.32 2907.72 1211264497
4070.32 2908.84 1211264499
4103.12 2911.07 1211264560
3905.45 3251.71 1211264619
3769.84 3395.79 1211264680
3811.5 3653.8 1211264739
3649.29 3297.51 1211264813
3388.69 3000.42 1211264865
3170.63 2767 1211264920
3167.09 2768.12 1211264980
3160 2778.17 1211265041
3166.2 2770.35 1211265102
3166.2 2770.35 1211265134
3164.43 2772.59 1211265164
3156.45 2782.64 1211265193
3163.54 2773.7 1211265254
3187.47 3246.13 1211265340
3432.12 3110.99 1211265400
3610.28 2888.74 1211265520
3617.38 2978.08 1211265580
3688.29 2874.22 1211265646
3617.38 2892.09 1211265700
3606.74 2877.57 1211265761
3679.42 2846.3 1211265821
3608.51 2842.95 1211265881
3655.49 2842.95 1211265941
3667.01 2844.06 1211265953
3601.42 2717.86 1211266014
3225.59 2335.92 1211266074
3099.72 2210.85 1211266134
2492.54 1601.13 1211266194
2179.64 1291.82 1211266254
1983.75 844.071 1211266314
1992.61 519.16 1211266375
2054.66 -111.643 1211266441
1912.84 -494.567 1211266495
1708.08 -506.847 1211266556
1706.31 -506.847 1211266565
1706.31 -506.847 1211266575
1674.4 -511.313 1211266640
1672.63 -513.545 1211266696
1671.74 -507.964 1211266761
1675.29 -513.545 1211267046
1676.17 -512.429 1211267055
1509.53 -699.977 1211267056
1412.03 -888.637 1211267116
1303 -470.007 1211267176
1268.43 -34.6095 1211267236
1263.11 2.23288 1211267274
1235.63 414.209 1211267335
1185.11 1057.34 1211267395
797.755 1151.13 1211267455
726.843 1566.51 1211267516
706.456 1797.66 1211267575
967.943 1843.45 1211267611
968.829 1836.75 1211267629
848.279 1736.25 1211267689
858.03 1731.78 1211267697
909.441 1363.28 1211267757
839.416 1079.67 1211267821
418.378 656.492 1211267877
46.9789 446.587 1211267938
46.9789 446.587 1211267945
36.3422 355.035 1211268005
39.0014 361.734 1211268065
41.6605 308.143 1211268125
54.0701 185.331 1211268185
59.3884 44.6577 1211268246
53.1837 181.981 1211268312
105.481 321.541 1211268366
210.075 419.792 1211268426
479.539 692.221 1211268487
864.235 1076.32 1211268547
1323.39 1540.83 1211268607
1576.01 1787.61 1211268667
1771.02 1997.55 1211268727
2016.55 1948.42 1211268788
2043.14 1968.52 1211268848
2051.12 1983.03 1211268909
2243.46 2177.34 1211268969
2569.66 2502.32 1211269030
2419.86 2743.55 1211269088
2473.93 3019.41 1211269149
2437.58 3165.71 1211269209
2262.08 3083.07 1211269483
