3689.17 -960.081 1212060032
3604.08 -984.639 1212060092
3577.49 -1123.06 1212060153
3975.48 -1123.06 1212060213
3984.34 -1123.06 1212060215
3899.25 -588.342 1212060276
3488.85 883.15 1212060336
3809.72 1903.75 1212060401
3666.13 2220.9 1212060461
3155.56 2739.08 1212060516
2905.6 2956.86 1212060560
2779.73 3317.61 1212060615
2665.39 3414.78 1212060676
2504.06 3537.64 1212060736
2351.6 3575.62 1212060771
2179.64 3724.17 1212060831
2327.67 3683.96 1212060891
2337.42 3683.96 1212060951
2335.65 3683.96 1212060955
2498.75 3620.29 1212061015
2660.96 2830.66 1212061075
3081.99 2380.59 1212061135
2559.91 1522.96 1212061195
2595.36 2.23288 1212061251
2766.44 -1467.98 1212061304
2642.34 -2966.96 1212061358
3146.7 -4376.39 1212061405
3608.51 -5809 1212061452
3869.11 -7287.1 1212061499
4138.58 -8780.55 1212061553
2691.09 -11314 1212061658
2589.16 -12808.9 1212061701
2868.37 -14312.5 1212061767
3187.47 -15750.1 1212061809
4454.13 -15880.5 1212061930
4443.5 -15872.7 1212061983
4428.43 -15867.1 1212061999
2932.19 -14325.9 1212062151
2616.64 -12881.4 1212062201
2680.46 -11369.7 1212062255
3682.08 -10258.1 1212062302
4163.39 -8830.73 1212062352
3897.48 -7313.87 1212062399
3632.44 -5811.23 1212062452
3161.77 -4366.34 1212062498
2936.62 -3578.52 1212062523
2713.25 -2964.72 1212062585
3569.51 -1749.27 1212062599
3851.38 -285.803 1212062649
3805.29 444.354 1212062674
3608.51 1709.45 1212062739
3852.27 1965.17 1212062794
3674.1 2219.78 1212062854
3156.45 2742.43 1212062914
2858.62 3032.81 1212062974
2562.57 2779.29 1212063039
2278.92 2804.97 1212063094
2160.14 2968.03 1212063159
2085.69 3377.92 1212063219
2199.14 3537.64 1212063275
1908.41 3620.29 1212063336
1896 3651.57 1212063396
1585.76 3852.62 1212063456
1490.03 4258.09 1212063516
1460.78 4441.28 1212063574
1494.46 4778.63 1212063639
1845.47 4834.49 1212063694
1877.38 4622.24 1212063759
1880.93 4618.89 1212063784
1932.34 4242.45 1212063844
1995.27 3928.57 1212063887
1995.27 3511.95 1212063947
1929.68 3395.79 1212064007
1994.39 3022.76 1212064068
2164.58 2883.15 1212064129
2205.35 2898.79 1212064165
2207.12 2898.79 1212064166
2307.28 2846.3 1212064196
2471.27 2622.93 1212064251
2399.47 2338.16 1212064285
2278.92 2203.03 1212064346
2282.47 2208.61 1212064366
2541.29 2160.59 1212064431
2992.47 1721.73 1212064486
3343.48 1088.6 1212064548
3828.34 -342.739 1212064597
3503.03 -1824.06 1212064653
2769.98 -3128.78 1212064714
3190.13 -4556.03 1212064746
3642.19 -6005.35 1212064789
3902.79 -7462.22 1212064832
4174.92 -8967.9 1212064882
2615.75 -11499.1 1212064979
2605.11 -12998.4 1212065028
4197.96 -16156.8 1212065179
4536.57 -16131.2 1212065239
4536.57 -16131.2 1212065254
3292.07 -15905 1212065385
2936.62 -14416.2 1212065415
2647.66 -11451.1 1212065507
3637.76 -10331.7 1212065562
4182.01 -8938.91 1212065612
3930.27 -7464.45 1212065654
3662.58 -5983.04 1212065697
3208.75 -4544.88 1212065750
2723.89 -2949.1 1212065811
3608.51 -1694.58 1212065868
3854.04 -174.163 1212065912
3351.46 1276.19 1212065963
3871.77 1991.97 1212066024
3261.93 2626.28 1212066084
3262.82 2626.28 1212066139
2922.44 2989.25 1212066203
2816.96 3403.61 1212066254
2955.24 3465.04 1212066288
2962.33 3469.51 1212066290
2976.51 3513.07 1212066351
2507.61 3562.21 1212066412
2231.94 3547.69 1212066471
1885.36 3625.88 1212066531
1835.72 3984.42 1212066593
1521.05 4073.78 1212066653
1431.53 4605.49 1212066714
1123.95 4702.67 1212066784
918.305 4699.32 1212066834
375.831 4612.19 1212066925
-48.7517 4545.17 1212066976
-166.642 4332.93 1212067031
-119.663 4006.76 1212067096
-23.9326 3689.54 1212067156
134.732 3398.03 1212067212
242.872 2718.98 1212067315
293.397 2406.28 1212067370
290.737 2405.16 1212067429
297.829 2406.28 1212067490
295.169 2405.16 1212067550
288.965 2401.81 1212067610
285.419 2393.99 1212067670
287.192 2396.23 1212067730
292.51 2400.69 1212067796
295.169 2402.93 1212067851
301.374 2399.58 1212067912
296.942 2393.99 1212067976
292.51 2386.18 1212068034
294.283 2389.53 1212068086
155.119 2349.32 1212068161
247.304 2697.76 1212068214
663.909 2866.4 1212068273
1166.5 2931.17 1212068328
1503.32 2997.07 1212068388
1962.48 3075.25 1212068437
2100.75 3250.6 1212068497
2180.53 3540.99 1212068557
2143.3 3631.46 1212068618
1880.04 3592.37 1212068687
1615.9 3548.81 1212068735
1559.17 3835.86 1212068788
1623.87 3409.2 1212068874
1640.72 3309.79 1212068895
1716.06 3238.31 1212069005
1716.06 3237.19 1212069066
1715.17 3234.96 1212069126
1713.4 3239.43 1212069133
2197.37 3320.96 1212069193
2279.81 3108.75 1212069254
2317.04 3064.08 1212069282
2412.77 2743.55 1212069337
2407.45 2702.23 1212069357
2357.81 2769.24 1212069417
2151.28 2935.64 1212069477
2305.51 2925.59 1212069538
2283.35 2923.36 1212069604
2286.9 2925.59 1212069658
2286.9 2936.76 1212069723
2290.44 2932.29 1212069778
2293.99 2936.76 1212069838
2291.33 2936.76 1212069898
2286.01 2930.06 1212069959
2301.97 2944.58 1212070020
2286.9 2917.77 1212070084
2288.67 2930.06 1212070140
2271.83 2914.42 1212070200
2285.12 2924.47 1212070261
2286.01 2902.14 1212070322
2283.35 2896.55 1212070382
2291.33 2940.11 1212070443
2301.97 2944.58 1212070503
2289.56 2935.64 1212070564
2285.12 2932.29 1212070624
2284.24 2931.17 1212070719
2244.35 2825.08 1212070779
2269.17 2854.11 1212070839
2285.12 2890.97 1212070909
2275.37 2871.98 1212070959
2306.4 2912.19 1212071019
2340.08 2924.47 1212071089
2313.49 2934.53 1212071145
2295.76 2937.88 1212071199
2313.49 2931.17 1212071264
2299.31 2902.14 1212071325
2311.72 2901.02 1212071386
2303.74 2893.2 1212071440
2296.65 2827.31 1212071511
2305.51 2902.14 1212071572
2292.22 2941.23 1212071632
2284.24 2896.55 1212071692
2291.33 2944.58 1212071752
2290.44 2951.28 1212071812
2286.9 2947.93 1212071874
2282.47 2956.86 1212071933
2283.35 2968.03 1212071999
2283.35 2964.68 1212072055
2293.99 2944.58 1212072116
2294.88 2952.39 1212072186
2292.22 2952.39 1212072237
2275.37 2943.46 1212072298
2317.04 2890.97 1212072357
2320.58 2850.76 1212072417
2342.74 2840.71 1212072478
2422.52 2792.69 1212072539
2364.01 2767 1212072600
2353.38 2774.82 1212072643
2353.38 2774.82 1212072728
2346.29 2762.53 1212072797
2332.1 2755.83 1212072848
2321.47 2778.17 1212072920
2330.33 2799.39 1212072969
2330.33 2799.39 1212072980
2170.78 2860.81 1212073040
2129.12 3071.9 1212073101
2233.71 3323.19 1212073161
2304.63 3334.36 1212073226
2653.86 3390.21 1212073281
2796.57 3404.73 1212073341
2796.57 3586.79 1212073406
2734.53 3860.44 1212073462
2747.82 3893.95 1212073511
2747.82 3893.95 1212073512
2716.8 4004.53 1212073551
2427.83 4340.75 1212073612
2093.66 4633.41 1212073672
1864.09 4833.37 1212073733
2162.8 4559.69 1212073793
2442.9 4321.76 1212073848
2651.21 4140.8 1212073908
2899.4 3688.43 1212073968
3049.2 3537.64 1212074028
3120.99 3503.02 1212074088
3189.25 3425.95 1212074148
3298.27 3265.12 1212074213
3326.64 3228.26 1212074255
3306.25 3203.69 1212074257
3000.45 2954.63 1212074318
2881.67 3008.24 1212074378
2668.05 2875.33 1212074448
2426.95 2691.06 1212074508
2418.08 2876.45 1212074558
2600.68 2849.65 1212074618
2685.78 2848.53 1212074690
2650.32 2846.3 1212074756
2656.52 2842.95 1212074790
2668.05 2858.58 1212074856
2684.89 2844.06 1212074910
2685.78 2845.18 1212074970
2706.16 2825.08 1212075030
2722.12 2819.49 1212075090
2720.34 2811.67 1212075150
2721.23 2831.78 1212075211
2744.28 2808.32 1212075272
2739.85 2804.97 1212075275
2673.37 2610.65 1212075339
2465.95 2649.74 1212075395
2349.83 2815.02 1212075465
2126.46 2781.52 1212075520
1958.93 2748.02 1212075561
1513.96 2672.07 1212075622
1146.11 2684.36 1212075687
1102.67 2942.34 1212075742
1060.13 3228.26 1212075807
989.216 3623.64 1212075862
445.856 4510.54 1212075989
1.77279 4439.05 1212076045
-449.402 4366.44 1212076120
-750.776 4318.41 1212076175
-1219.68 4217.87 1212076295
-1295.02 4280.43 1212076344
-1309.2 4251.38 1212076345
-1029.99 4279.31 1212076415
-499.926 4353.03 1212076492
-18.6143 4229.04 1212076574
135.618 4252.5 1212076604
380.263 4298.3 1212076657
-297.829 4182.13 1212076785
-390.014 3859.32 1212076835
-322.648 3457.22 1212076896
-259.714 3057.38 1212076961
-238.44 2933.41 1212077016
-219.826 2837.36 1212077041
-217.167 2835.13 1212077044
-214.507 2829.54 1212077128
-189.688 2753.6 1212077157
32.7966 3069.66 1212077307
-274.782 3030.57 1212077362
-760.526 2957.98 1212077443
-765.845 2957.98 1212077528
-764.958 2957.98 1212077558
-828.779 2851.88 1212077629
-553.11 2880.92 1212077684
-36.3422 2964.68 1212077744
585.907 3064.08 1212077800
928.055 3088.65 1212077860
967.056 2886.5 1212077925
1029.99 2466.58 1212077996
1050.38 2341.51 1212078045
1083.17 2134.91 1212078100
1100.02 2014.3 1212078160
1159.4 1671.48 1212078273
1159.4 1671.48 1212078291
1110.65 1539.71 1212078319
1043.29 1435.87 1212078399
975.034 1204.73 1212078459
976.807 1087.48 1212078523
998.08 761.446 1212078636
1008.72 762.563 1212078701
1006.94 762.563 1212078714
984.784 1031.65 1212078784
901.463 1074.08 1212078838
771.163 1305.22 1212078904
755.208 1400.13 1212079020
755.208 1403.48 1212079074
753.435 1403.48 1212079134
752.549 1404.6 1212079195
791.55 1181.28 1212079254
939.578 1186.86 1212079314
1001.63 733.533 1212079380
1006.94 725.717 1212079393
606.294 789.36 1212079509
799.528 698.92 1212079569
381.15 932.279 1212079690
406.855 681.056 1212079750
421.037 497.947 1212079820
433.447 309.259 1212079875
450.288 29.0274 1212079919
400.65 24.5617 1212079953
246.418 257.901 1212080013
227.803 417.559 1212080079
423.697 644.21 1212080138
608.953 831.789 1212080198
962.624 1181.28 1212080253
1314.52 1624.58 1212080318
1283.5 1814.41 1212080384
1254.25 2018.77 1212080434
1225.88 2180.69 1212080494
1138.13 2797.16 1212080554
1225 2920.01 1212080614
1648.69 3027.22 1212080674
2074.16 3096.47 1212080734
2698.18 3176.88 1212080794
2486.34 3249.48 1212080843
2479.25 3286.34 1212080889
2479.25 3286.34 1212080891
2255.87 3211.51 1212080951
2328.56 2904.37 1212081021
2387.06 2721.21 1212081077
2401.24 2675.42 1212081131
2403.02 2672.07 1212081182
