3609.4 -951.15 1212619223
3608.51 -950.034 1212619284
3608.51 -950.034 1212619339
3609.4 -950.034 1212619400
3609.4 -950.034 1212619465
3609.4 -950.034 1212619506
3650.17 -947.801 1212619595
3651.95 -966.778 1212619621
3695.38 -946.685 1212619682
3620.03 -965.662 1212619742
3577.49 -1114.13 1212619802
3579.26 -1135.34 1212619818
3998.53 -1129.76 1212619878
4000.3 -836.17 1212619938
3816.81 -804.912 1212620003
3775.15 -259.01 1212620064
3732.61 277.998 1212620118
3708.67 435.422 1212620178
3619.15 593.967 1212620244
3598.76 719.018 1212620299
3405.53 914.414 1212620359
3124.54 1196.91 1212620419
3080.22 1368.87 1212620480
3510.12 1794.31 1212620540
3654.6 1937.25 1212620592
3698.92 1981.92 1212620653
3838.09 2119.27 1212620709
3837.2 2119.27 1212620728
3885.95 2410.75 1212620788
3505.69 2790.45 1212620848
3110.36 2758.07 1212620908
2887.87 2541.41 1212620973
2535.97 2211.96 1212621028
2207.12 2114.81 1212621089
2084.8 2314.7 1212621149
2087.46 2297.95 1212621163
2088.35 2295.72 1212621188
2192.05 2452.07 1212621253
2312.6 2405.16 1212621308
2374.65 2333.69 1212621369
2278.92 1937.25 1212621429
2232.83 1703.86 1212621489
2268.28 1855.73 1212621546
2184.96 1748.53 1212621609
2366.67 1566.51 1212621656
2387.06 1546.41 1212621678
2198.26 1309.69 1212621734
2177.87 1298.52 1212621751
2083.03 1205.84 1212621813
2008.57 1123.21 1212621839
1945.64 761.446 1212621899
1618.56 767.029 1212621959
1140.79 719.018 1212622019
624.908 666.541 1212622079
636.431 400.811 1212622139
310.238 103.829 1212622209
135.618 89.3155 1212622233
135.618 89.3155 1212622234
62.934 83.7333 1212622257
73.5707 -16.7466 1212622317
54.9565 280.231 1212622377
381.15 593.967 1212622437
562.86 771.495 1212622498
631.113 842.954 1212622558
631.113 842.954 1212622559
927.169 1136.61 1212622619
1070.76 1287.35 1212622679
1338.46 1548.65 1212622739
1501.55 1481.65 1212622800
1698.33 1330.9 1212622856
1696.56 1333.14 1212622858
1773.68 1435.87 1212622906
1857 1371.1 1212622933
1486.48 1607.83 1212623064
1411.14 1997.55 1212623114
1402.28 2012.07 1212623174
1225.88 2203.03 1212623234
1131.93 2813.91 1212623299
1081.4 3131.09 1212623355
1050.38 3337.71 1212623404
1052.15 3339.95 1212623406
1157.63 3366.75 1212623467
1338.46 3398.03 1212623528
1754.17 3462.81 1212623588
2205.35 3567.8 1212623648
2202.69 3573.38 1212623709
2203.58 3576.73 1212623769
2206.24 3585.67 1212623791
2325.9 3555.51 1212623852
2531.54 3593.49 1212623913
2814.3 3619.18 1212623973
3063.38 3654.92 1212624033
3174.18 3685.08 1212624101
3226.48 3566.68 1212624159
3426.8 3344.42 1212624215
3422.37 3337.71 1212624231
3388.69 3463.92 1212624291
3324.87 3514.19 1212624351
3357.66 3566.68 1212624375
3437.44 3697.36 1212624435
3622.69 3839.21 1212624495
3724.63 3666.09 1212624555
3789.34 3726.4 1212624615
3775.15 3713 1212624675
3755.65 3704.06 1212624736
3541.15 3774.43 1212624797
3452.51 3969.9 1212624857
3435.66 3986.66 1212624923
3433.89 3975.49 1212624978
3439.21 3953.15 1212625016
3378.94 4071.55 1212625072
3128.97 4020.16 1212625136
2594.48 4184.36 1212625252
2395.04 4365.32 1212625293
2277.15 4465.85 1212625353
1803.81 4627.83 1212625413
1558.28 4771.93 1212625473
1278.18 4649.05 1212625533
1297.68 4529.53 1212625556
1348.21 4335.16 1212625616
1618.56 4379.84 1212625682
2043.14 4452.45 1212625736
2313.49 4426.76 1212625796
2505.84 4261.44 1212625866
2562.57 4213.41 1212625917
2679.57 4113.99 1212625977
2882.55 3889.48 1212626042
3122.77 3889.48 1212626099
3205.2 3758.79 1212626159
3334.62 3755.44 1212626224
3335.5 3755.44 1212626226
3473.78 3997.82 1212626286
3200.77 4078.25 1212626346
3007.54 4007.88 1212626406
2703.5 4069.31 1212626466
2685.78 4174.31 1212626526
2621.95 4221.22 1212626591
2273.6 4168.73 1212626646
2274.49 4168.73 1212626680
1395.18 4020.16 1212626762
936.033 4007.88 1212626832
886.394 4327.34 1212626883
833.211 4369.79 1212626904
832.324 4364.2 1212626911
740.139 4267.02 1212626991
1005.17 4287.13 1212627062
1133.7 3625.88 1212627176
1146.99 3481.79 1212627215
1208.16 3100.94 1212627275
1254.25 2889.85 1212627336
1284.39 2664.26 1212627395
1346.43 2461 1212627455
1389.87 2058.97 1212627515
1424.44 1868.01 1212627576
1468.76 1410.18 1212627636
1378.34 1156.71 1212627697
1431.53 343.87 1212627762
1478.51 -286.92 1212627819
1499.78 -536.989 1212627877
1504.21 -590.575 1212627893
1524.6 -873.008 1212627953
1473.19 -887.52 1212628014
1529.92 -873.008 1212628078
1482.05 -240.031 1212628139
1443.05 221.058 1212628199
1419.12 516.927 1212628254
1409.37 618.53 1212628314
1416.46 572.753 1212628354
1225.88 459.985 1212628474
1249.82 156.303 1212628534
1234.75 -6.69863 1212628565
1013.15 -32.3766 1212628631
1014.04 -10.0479 1212628714
1011.38 -12.2808 1212628784
854.484 128.391 1212628830
577.043 121.693 1212628891
272.123 99.3636 1212628957
64.7068 117.227 1212629017
56.7292 205.427 1212629058
56.7292 206.544 1212629065
54.0701 237.805 1212629093
35.4558 424.258 1212629157
9.75034 760.33 1212629213
-56.7292 1093.07 1212629273
-148.914 1401.25 1212629334
-173.733 1608.95 1212629393
-175.506 1619 1212629417
-241.099 2028.82 1212629471
-335.057 2599.48 1212629531
-375.831 2878.68 1212629591
-411.287 3112.1 1212629651
-28.3646 3181.35 1212629716
722.411 3299.74 1212629771
1143.45 3370.1 1212629831
1203.72 3379.04 1212629891
1474.07 3427.07 1212629951
1762.15 3467.27 1212630011
2152.17 3530.94 1212630071
2395.92 3567.8 1212630126
2528.88 3395.79 1212630186
2706.16 3403.61 1212630247
2706.16 3405.84 1212630260
2789.48 3503.02 1212630321
2664.5 3523.12 1212630370
2264.74 3442.7 1212630430
1942.09 3414.78 1212630490
1507.76 3315.38 1212630551
1261.34 3270.7 1212630610
935.146 3215.97 1212630671
775.595 3113.22 1212630731
772.936 3106.52 1212630759
772.936 3106.52 1212630766
653.273 2943.46 1212630831
631.999 2855.23 1212630881
1072.54 2928.94 1212630951
1214.36 2950.16 1212631002
1653.13 3022.76 1212631062
1841.93 3056.26 1212631095
1990.84 3027.22 1212631155
1732.01 2924.47 1212631215
1420 2880.92 1212631279
1429.75 2994.84 1212631320
1429.75 2993.72 1212631322
1528.14 3011.59 1212631392
1882.7 3056.26 1212631442
2409.22 3127.74 1212631502
2406.56 3200.34 1212631563
2423.4 3241.66 1212631631
1794.06 3161.25 1212631691
1661.99 3151.2 1212631752
1274.64 3066.31 1212631812
1100.9 3138.91 1212631874
680.751 2970.26 1212631934
680.751 2969.15 1212631957
605.407 2861.93 1212632018
409.514 2828.43 1212632074
238.44 2781.52 1212632140
469.789 2724.56 1212632193
774.709 2770.35 1212632253
1262.23 2737.96 1212632314
1440.39 2781.52 1212632369
1917.27 2844.06 1212632430
2189.39 2851.88 1212632481
2445.56 2913.31 1212632545
2430.49 3028.34 1212632601
2418.97 3148.96 1212632661
2336.54 3332.13 1212632721
2288.67 3780.02 1212632781
2259.42 4136.33 1212632841
2231.94 4477.02 1212632903
2162.8 4574.21 1212632963
1192.2 5166.27 1212633142
1082.29 5118.24 1212633185
1085.83 5035.57 1212633252
1334.02 5074.67 1212633319
2364.9 5248.94 1212633433
2293.99 5383 1212633494
2294.88 5383 1212633521
2057.32 5370.71 1212633588
1850.79 5061.26 1212633651
1682.38 5031.1 1212633702
1319.84 4976.36 1212633764
531.837 4852.36 1212633823
191.461 5016.58 1212633885
-241.986 5153.98 1212633949
-875.758 5052.33 1212634005
-1821.54 4784.22 1212634065
-3032.36 4863.53 1212634125
-3281.43 2942.34 1212634245
-3546.46 2280.08 1212634376
-4086.28 2249.93 1212634425
-4680.16 2215.31 1212634485
-5068.4 2195.21 1212634550
-5392.82 2173.99 1212634605
-6046.1 2188.51 1212634671
-6854.49 2114.81 1212634730
-6920.08 2061.2 1212634779
-6920.08 2061.2 1212634800
-6892.6 2004.25 1212634912
-6891.72 1990.85 1212634962
-6891.72 1990.85 1212635022
-6892.6 1991.97 1212635082
-6892.6 1991.97 1212635142
-6891.72 1990.85 1212635202
-6891.72 1991.97 1212635262
-6891.72 1991.97 1212635322
-6891.72 1991.97 1212635382
-6891.72 1990.85 1212635443
-6891.72 1990.85 1212635503
-6891.72 1990.85 1212635564
-6891.72 1990.85 1212635591
-6891.72 1990.85 1212635651
-6706.46 1684.88 1212635716
-6565.52 1673.71 1212635734
-6406.86 1519.61 1212635858
-6406.86 1520.73 1212635912
-6406.86 1519.61 1212635972
-6406.86 1519.61 1212636032
-6405.97 1520.73 1212636108
-6412.18 1520.73 1212636153
-6412.18 1521.85 1212636214
-6409.52 1520.73 1212636249
-6139.17 1279.54 1212636309
-5258.98 1334.25 1212636380
-4598.61 1376.68 1212636430
-3661.7 1422.47 1212636490
-3133.4 1450.38 1212636550
-2579.41 1490.58 1212636610
-2007.68 1577.68 1212636670
-1636.28 1338.72 1212636796
-1052.15 1306.34 1212636850
-438.765 1405.72 1212636911
201.212 1509.56 1212636971
437.879 1329.79 1212637035
382.036 1337.6 1212637087
382.922 1334.25 1212637131
382.036 1327.55 1212637133
362.535 1327.55 1212637215
343.921 1323.09 1212637279
598.316 1460.43 1212637335
1038.85 1514.03 1212637406
1366.82 1105.35 1212637461
2660.96 857.469 1212637517
2886.99 -560.433 1212637592
2854.19 -3471.39 1212637685
3292.07 -4949.91 1212637737
3709.56 -6381.31 1212637782
4164.28 -9360.45 1212637872
2944.6 -14894.3 1212638055
