3635.1 -971.244 1212444505
3575.72 -1017.01 1212444559
3578.37 -1142.04 1212444615
3505.69 -873.008 1212444681
3882.41 -842.867 1212444736
3842.52 91.5484 1212444797
3338.16 1352.12 1212444857
2905.6 1812.18 1212444923
2689.32 2027.7 1212444980
2421.63 2302.42 1212445045
2212.44 2550.34 1212445100
2192.94 2779.29 1212445166
2152.17 3079.72 1212445230
2256.76 3087.53 1212445255
2256.76 3087.53 1212445269
2569.66 3106.52 1212445305
2574.09 3021.64 1212445332
2608.66 2969.15 1212445387
2704.39 2756.95 1212445516
2824.05 2818.38 1212445530
2814.3 2793.81 1212445603
2802.78 2779.29 1212445611
2919.78 2607.3 1212445670
3145.81 2526.89 1212445726
3107.7 2762.53 1212445791
3023.49 2476.63 1212445846
3164.43 2335.92 1212445910
2579.41 1349.89 1212445966
2598.02 8.93151 1212446027
2774.41 -1441.19 1212446087
2645.89 -2959.14 1212446150
3144.04 -4387.54 1212446194
3604.97 -5795.61 1212446241
3868.23 -7278.18 1212446288
4137.69 -8782.78 1212446340
3687.4 -10221.3 1212446394
2686.66 -11311.8 1212446452
2527.11 -12423.2 1212446513
2505.84 -12510.2 1212446568
2504.95 -12508 1212446628
2504.95 -12508 1212446688
2506.72 -12508 1212446749
2504.95 -12505.7 1212446820
2504.95 -12506.8 1212446869
2503.18 -12508 1212446935
2504.06 -12509.1 1212447000
2585.61 -12871.4 1212447111
2869.26 -14348.2 1212447173
3200.77 -15801.3 1212447223
4039.3 -16164.6 1212447285
