4269.76 -15962.9 1211219462
3854.93 -16073.2 1211219531
3095.29 -15171.7 1211219588
2775.3 -13683.9 1211219638
2562.57 -12160.2 1211219690
4112.87 -9541.11 1211219783
4033.09 -8068.99 1211219827
3761.86 -6548.64 1211219875
3383.37 -5078.22 1211219944
2960.56 -3649.94 1211219992
2717.69 -2843.07 1211220053
3660.81 -1638.77 1211220074
3857.59 -148.485 1211220125
3384.25 1272.84 1211220178
2932.19 1790.96 1211220239
2693.75 2024.35 1211220306
2509.38 2208.61 1211220370
2222.19 2472.17 1211220423
2152.17 2912.19 1211220488
2415.42 2970.26 1211220542
2388.83 3121.04 1211220635
2549.27 3146.73 1211220696
2552.82 3141.14 1211220698
2835.58 3096.47 1211220758
2822.28 3285.22 1211220824
2731.87 3641.51 1211220878
3512.78 3589.02 1211220939
3748.56 3717.47 1211220998
3783.13 3691.78 1211221056
3783.13 3692.89 1211221057
