3730.83 -971.244 1211982559
3729.06 -967.895 1211982633
3729.06 -967.895 1211982681
3665.24 -908.73 1211982762
3620.03 -979.058 1211982807
3580.15 -1088.45 1211982893
3476.44 -899.8 1211982954
3804.4 -849.565 1211983015
3857.59 -121.691 1211983068
3380.71 1289.59 1211983126
3371.84 1926.08 1211983186
3502.14 2053.39 1211983246
3498.6 2058.97 1211983249
3165.31 1730.66 1211983316
2756.69 1565.4 1211983376
2676.02 1644.68 1211983428
2412.77 1895.93 1211983489
2410.11 1900.4 1211983496
2111.39 2162.83 1211983569
2103.41 2284.55 1211983616
1917.27 2528.01 1211983676
1842.81 2964.68 1211983736
1788.74 3234.96 1211983794
1771.02 3454.99 1211983856
1923.48 3480.68 1211983880
2077.71 3509.72 1211983940
2077.71 3509.72 1211984003
2077.71 3509.72 1211984061
2078.59 3510.83 1211984123
2077.71 3510.83 1211984183
2077.71 3510.83 1211984243
2078.59 3509.72 1211984304
2079.48 3509.72 1211984365
2079.48 3508.6 1211984425
2078.59 3507.48 1211984490
2078.59 3503.02 1211984545
2077.71 3504.13 1211984605
2073.28 3513.07 1211984665
2077.71 3509.72 1211984858
2088.35 3515.3 1211984920
2063.53 3596.84 1211984979
1949.18 3471.74 1211985042
1949.18 3470.63 1211985068
2191.17 3552.16 1211985111
2495.2 3587.9 1211985168
2804.55 3656.03 1211985236
2955.24 3604.66 1211985289
3254.84 3714.12 1211985354
3429.46 3710.77 1211985436
3429.46 3711.88 1211985437
3217.61 3797.89 1211985502
3206.09 3945.33 1211985571
2988.92 3558.86 1211985623
2941.06 3522 1211985678
3054.52 3449.4 1211985743
3058.06 3543.23 1211985803
2933.08 3548.81 1211985924
3014.63 3675.02 1211985985
3016.4 3640.4 1211986049
3025.26 3637.05 1211986110
3027.04 3633.7 1211986178
3038.56 3603.54 1211986234
3039.45 3614.71 1211986282
3043.88 3619.18 1211986356
3048.31 3625.88 1211986412
3060.72 3605.77 1211986462
3024.38 3653.8 1211986529
3015.51 3657.15 1211986588
3023.49 3664.97 1211986605
3030.58 3657.15 1211986666
3040.33 3642.63 1211986725
3065.15 3578.97 1211986851
2996.01 3725.29 1211986943
3024.38 3668.32 1211987015
3060.72 3603.54 1211987063
3059.83 3606.89 1211987252
3037.67 3671.67 1211987371
3046.54 3630.35 1211987436
3043.88 3632.58 1211987482
3056.29 3673.91 1211987619
3027.04 3880.54 1211987680
2934.85 4465.85 1211987755
2865.71 4893.69 1211987815
2676.02 5183.03 1211987861
2056.44 5104.83 1211987921
1120.4 4950.67 1211988046
535.382 4854.6 1211988109
313.784 5036.69 1211988162
-895.258 5051.21 1211988291
-1349.98 4898.16 1211988343
-2703.5 4736.18 1211988411
-3449.85 5187.5 1211988474
-3472.89 5311.5 1211988598
-3465.8 5312.62 1211988659
-3466.69 5312.62 1211988705
-3461.37 5318.21 1211988775
-3464.03 5315.97 1211988839
-3469.35 5312.62 1211988880
