3331.96 3691.78 1212612577
3498.6 3890.6 1212612632
3420.6 3804.59 1212612704
3404.64 3807.94 1212612821
3479.98 3885.01 1212612882
3480.87 3904 1212612898
3369.19 3716.35 1212612966
3647.51 3432.65 1212613025
3431.23 3077.48 1212613079
3605.85 2685.47 1212613144
3964.84 2330.34 1212613202
3898.36 2178.46 1212613253
3894.82 2182.93 1212613267
3892.16 2185.16 1212613326
3892.16 2182.93 1212613372
3885.95 2175.11 1212613388
3615.6 2294.6 1212613451
3507.46 2903.25 1212613587
3689.17 3086.42 1212613633
3440.1 3404.73 1212613753
3340.82 3653.8 1212613808
2951.69 3418.13 1212613877
2957.01 3468.39 1212613906
2957.01 3468.39 1212613909
2945.49 3553.28 1212613968
2945.49 3526.47 1212614032
2980.94 3805.71 1212614090
3315.12 3912.93 1212614149
3436.55 3755.44 1212614210
3451.62 3814.64 1212614270
3423.26 3706.3 1212614342
3510.12 3871.61 1212614396
3394.89 3867.14 1212614452
3188.36 3806.82 1212614512
3179.5 3563.33 1212614576
2863.05 3524.24 1212614635
2760.23 3772.2 1212614695
2715.91 4078.25 1212614751
2815.19 4250.27 1212614811
2701.73 4454.68 1212614882
2617.52 4546.28 1212614931
2774.41 4664.69 1212614991
2772.64 4665.81 1212614993
2735.41 4733.95 1212615052
2639.68 4545.17 1212615112
2363.13 4516.12 1212615172
2409.22 4353.03 1212615232
2621.07 4164.26 1212615305
2677.8 4118.46 1212615355
2901.17 3870.49 1212615413
2904.71 3525.35 1212615482
3105.93 3592.37 1212615534
3062.49 3592.37 1212615660
3065.15 3602.42 1212615714
2632.59 3532.06 1212615774
3073.13 3600.19 1212615840
3090.86 3602.42 1212615904
3075.79 3610.24 1212615956
3090.86 3611.36 1212616020
3097.06 3605.77 1212616044
3144.93 3608.01 1212616099
3073.13 3594.6 1212616225
3152.02 3604.66 1212616290
3135.18 3604.66 1212616347
3130.75 3604.66 1212616421
3103.27 3599.07 1212616481
3115.68 3597.95 1212616621
3120.11 3597.95 1212616700
3126.31 3599.07 1212616723
3047.42 3651.57 1212616783
2962.33 3630.35 1212616843
2799.23 3603.54 1212616907
2756.69 3778.9 1212616964
2758.46 4033.57 1212617012
2826.71 3987.77 1212617032
2889.65 3861.55 1212617078
2964.99 3820.23 1212617088
3144.04 3876.07 1212617145
3242.43 3806.82 1212617205
3224.7 3589.02 1212617265
3298.27 3462.81 1212617326
3336.39 3358.94 1212617387
3724.63 2947.93 1212617447
3495.05 2596.13 1212617507
3213.18 2308 1212617573
2565.23 1443.68 1212617627
2704.39 657.609 1212617689
2880.78 -487.869 1212617748
2883.44 -1003.62 1212617773
2452.65 -2472.54 1212617824
2988.04 -3883.17 1212617882
3499.49 -5320.33 1212617932
3785.79 -6811.91 1212617982
4056.14 -8325.51 1212618033
3949.77 -9849.99 1212618084
2994.24 -10976.2 1212618131
2820.51 -13959.2 1212618241
3105.93 -15433.6 1212618292
3846.95 -16224.8 1212618351
4563.16 -16010.8 1212618427
4383.22 -15853.7 1212618474
4259.13 -15935.1 1212618577
4219.24 -16004.1 1212618578
3295.61 -15902.7 1212618643
2945.49 -14447.4 1212618702
2626.39 -12998.4 1212618751
2627.27 -11501.3 1212618810
3596.1 -10365.2 1212618844
4188.21 -8954.52 1212618891
3926.73 -7470.03 1212618944
3661.7 -5991.97 1212619000
3204.32 -4521.44 1212619056
2727.44 -2953.56 1212619116
3641.31 -1722.48 1212619181
3846.07 -1161.01 1212619209
3775.15 -1142.04 1212619270
3674.1 -905.381 1212619331
3579.26 -973.476 1212619362
3584.58 -974.593 1212619425
