1391.64 -1636.53 1211452683
1560.05 -1293.85 1211452743
1509.53 -631.88 1211452803
1414.69 -162.998 1211452863
1240.07 344.987 1211452924
1219.68 538.141 1211452984
848.279 512.461 1211453044
613.385 622.996 1211453104
584.134 998.157 1211453165
358.99 1110.93 1211453224
48.7517 1272.84 1211453285
-134.732 1530.78 1211453345
-132.073 1552 1211453405
-133.846 1557.58 1211453466
-132.959 1552 1211453526
-137.391 1559.81 1211453586
-148.914 1546.41 1211453646
-151.573 1543.06 1211453707
-150.687 1543.06 1211453767
-164.869 1543.06 1211453805
-31.9102 1473.83 1211453865
287.192 1522.96 1211453905
1000.74 1635.75 1211453971
1139.9 1233.76 1211454029
1550.3 1088.6 1211454046
