4407.15 -16016.4 1212720839
4317.63 -16160.1 1212720856
4544.54 -15959.6 1212720916
4262.67 -15956.2 1212721045
3731.72 -16221.4 1212721100
3379.82 -16143.4 1212721120
2963.22 -14659.1 1212721194
2640.57 -13181.2 1212721226
2571.43 -11689.7 1212721278
3488.85 -10515.7 1212721329
4205.06 -9165.3 1212721380
3964.84 -7695.34 1212721431
3696.26 -6226.24 1212721482
3247.75 -4787 1212721542
2815.19 -3328.54 1212721589
2635.25 -1854.19 1212721649
2839.12 -337.157 1212721705
2582.07 963.543 1212721766
1568.92 1088.6 1212721827
1310.98 1119.86 1212721892
1147.88 1218.12 1212721947
1101.79 1652.5 1212722008
1220.57 2201.91 1212722068
1115.97 2894.32 1212722129
1053.92 3213.74 1212722189
1053.92 3213.74 1212722202
961.738 3730.87 1212722249
841.188 3727.52 1212722286
790.664 3718.58 1212722314
790.664 3717.47 1212722316
685.183 3700.71 1212722377
834.984 3625.88 1212722436
959.965 2932.29 1212722496
1066.33 2249.93 1212722567
1115.97 1904.87 1212722617
1015.81 1661.43 1212722682
1068.99 1343.19 1212722741
2221.3 1020.49 1212722799
2598.02 -27.9109 1212722862
2738.96 -1540.54 1212722927
2676.02 -3028.34 1212722976
2879.9 -3553.97 1212723003
3312.46 -5005.7 1212723056
3720.2 -6471.67 1212723101
3991.43 -7956.34 1212723152
4132.37 -9447.43 1212723204
2535.97 -11975.1 1212723311
2681.34 -13507.8 1212723358
2970.31 -14976.7 1212723416
3455.17 -16319.5 1212723476
4186.44 -16144.5 1212723544
4388.54 -16044.3 1212723607
4387.65 -16044.3 1212723657
4387.65 -16042 1212723718
4388.54 -16043.1 1212723784
4388.54 -16043.1 1212723839
4388.54 -16044.3 1212723907
4389.43 -16043.1 1212723960
4388.54 -16043.1 1212724042
4388.54 -16042 1212724080
4392.08 -16039.8 1212724144
