2021.87 1622.35 1212020433
2014.77 1939.48 1212020494
2375.54 2316.94 1212020554
2485.45 2424.15 1212020580
2515.59 2572.68 1212020640
2466.84 2628.52 1212020674
2415.42 2737.96 1212020731
2379.97 2734.61 1212020740
2292.22 2804.97 1212020800
1603.49 2693.29 1212020865
1288.82 2735.73 1212020925
1201.95 3256.18 1212020981
1116.86 3708.53 1212021108
1102.67 3800.12 1212021109
1264.88 3765.5 1212021169
1350.87 3395.79 1212021232
2297.53 3564.45 1212021350
2778.85 3554.39 1212021420
2931.31 3538.76 1212021471
2947.26 3375.69 1212021541
2968.53 3138.91 1212021626
3243.32 2944.58 1212021689
3137.84 2792.69 1212021755
2965.88 2617.35 1212021807
2627.27 2280.08 1212021879
2005.02 1671.48 1212021928
1715.17 1358.82 1212021988
1716.06 1359.93 1212021998
1987.3 1376.68 1212022070
2055.55 1448.15 1212022122
2291.33 1684.88 1212022178
2640.57 2031.05 1212022238
2758.46 2352.67 1212022299
2411.88 2704.46 1212022419
2362.24 2809.44 1212022479
2189.39 2949.04 1212022540
2181.42 2987.02 1212022607
