3637.76 -932.173 1212884783
3637.76 -932.173 1212884817
3638.65 -933.289 1212884831
3639.54 -932.173 1212884891
3641.31 -933.289 1212884954
3641.31 -933.289 1212885012
3642.19 -933.289 1212885078
3607.63 -983.523 1212885133
3666.13 -1149.85 1212885202
4001.18 -1004.73 1212885253
3846.95 40.1919 1212885324
3354.12 1329.79 1212885374
3089.97 1625.7 1212885434
2953.47 1767.51 1212885494
2684 2038.87 1212885560
2684 2038.87 1212885566
2384.4 2244.35 1212885635
2208.01 2109.22 1212885693
2006.8 1952.88 1212885746
1568.92 1507.33 1212885810
1534.35 1473.83 1212885871
1397.84 818.39 1212885928
1421.78 497.947 1212885988
1505.1 -606.204 1212886113
1522.83 -871.892 1212886175
1522.83 -871.892 1212886180
1248.93 -903.149 1212886239
983.011 -923.242 1212886299
743.685 -941.103 1212886363
546.905 -957.848 1212886440
165.756 -983.523 1212886480
115.231 -619.6 1212886546
75.3435 -117.225 1212886601
61.1612 34.6097 1212886650
51.4109 232.222 1212886701
368.74 589.501 1212886770
582.361 800.525 1212886821
730.389 950.144 1212886877
880.19 1088.6 1212886943
923.623 1133.26 1212887002
1131.04 887.617 1212887068
1201.06 721.251 1212887127
1219.68 608.481 1212887183
1181.56 1103.12 1212887238
1197.52 1415.77 1212887301
1310.98 1668.13 1212887377
1244.5 2034.4 1212887423
1152.31 2635.22 1212887484
1073.42 3116.57 1212887538
1022.01 3444.94 1212887598
812.824 4783.1 1212887730
997.194 4922.74 1212887785
1361.5 4984.18 1212887849
1792.29 5052.33 1212887901
2075.05 5202.02 1212887961
2357.81 5336.08 1212888025
2316.15 5378.53 1212888081
2282.47 5383 1212888104
2226.62 5387.47 1212888160
2067.96 5405.35 1212888225
2003.25 5406.46 1212888280
1911.95 5387.47 1212888343
1743.54 5157.34 1212888399
1743.54 5149.52 1212888466
1741.77 5151.75 1212888525
1740.88 5153.98 1212888587
1658.44 5148.4 1212888637
1700.1 4962.96 1212888712
1983.75 4718.31 1212888772
2195.6 4536.23 1212888829
2226.62 4316.17 1212888878
2247.9 4181.01 1212888938
2582.95 4201.12 1212889002
2922.44 3850.38 1212889124
3148.47 3813.52 1212889183
3205.2 3466.16 1212889239
2885.21 3316.49 1212889301
2708.82 3290.8 1212889361
2418.97 3140.03 1212889421
2418.97 3099.82 1212889481
2419.86 3083.07 1212889541
2422.52 3070.78 1212889561
2428.72 3056.26 1212889621
2364.01 3027.22 1212889685
1909.29 2953.51 1212889745
1708.08 2879.8 1212889808
1729.36 2698.88 1212889860
1604.37 2694.41 1212889903
1446.6 2595.01 1212889962
1287.93 2559.28 1212890022
1209.93 2515.72 1212890046
1209.93 2515.72 1212890070
1148.77 2634.1 1212890107
908.554 2822.84 1212890168
665.682 2840.71 1212890237
931.601 2903.25 1212890290
1366.82 2974.73 1212890348
1816.22 3046.21 1212890408
1924.36 3051.79 1212890426
1867.63 2945.69 1212890486
1482.94 2890.97 1212890546
1292.36 2870.87 1212890609
1016.69 2821.73 1212890671
677.205 2825.08 1212890715
503.472 2839.59 1212890767
374.058 2820.61 1212890801
218.053 2856.35 1212890858
200.325 2975.85 1212890912
177.279 3100.94 1212890986
167.529 3199.22 1212891036
2.65918 3162.36 1212891108
-7.09116 3140.03 1212891168
-3.54558 3148.96 1212891221
-9.75034 3152.31 1212891286
-2.65918 3145.61 1212891373
79.7755 3726.4 1212891545
15.0687 4119.58 1212891648
177.279 4025.75 1212891688
1444.82 3723.05 1212891938
1867.63 3764.38 1212891986
1879.16 3715.23 1212892031
1878.27 3710.77 1212892033
1940.32 3507.48 1212892095
2083.91 3519.77 1212892125
2085.69 3629.23 1212892185
1683.26 3554.39 1212892255
1443.05 3637.05 1212892306
1245.38 3960.96 1212892372
1229.43 4024.63 1212892425
1229.43 4024.63 1212892426
1194.86 4236.86 1212892490
1182.45 4325.11 1212892546
1296.8 4423.41 1212892618
1469.64 4373.14 1212892649
1513.08 4090.54 1212892713
1539.67 3986.66 1212892787
1545.87 3863.79 1212892829
1601.71 3538.76 1212892891
1714.29 3450.52 1212892949
1893.34 3486.26 1212892998
1895.11 3497.43 1212892999
2071.5 3524.24 1212893060
2232.83 3529.82 1212893113
2190.28 3540.99 1212893168
1736.45 3661.62 1212893228
1616.78 3956.5 1212893290
1269.32 3899.53 1212893348
1135.47 3883.89 1212893382
1134.58 3883.89 1212893394
1201.95 4111.76 1212893450
1172.7 4298.3 1212893510
1012.26 4287.13 1212893565
1012.26 4288.25 1212893575
855.371 4494.9 1212893633
563.747 4536.23 1212893686
54.0701 4453.57 1212893762
-483.971 4454.68 1212893819
-482.199 4459.15 1212893846
-471.562 4460.27 1212893877
-304.92 4288.25 1212893932
126.754 4357.5 1212893988
443.197 4243.56 1212894048
455.607 4162.02 1212894115
520.314 3806.82 1212894168
568.179 3471.74 1212894228
577.929 3390.21 1212894279
460.925 3365.64 1212894313
312.011 3211.51 1212894318
403.309 2634.1 1212894393
459.152 2293.49 1212894435
522.973 1887 1212894496
569.952 1575.45 1212894561
605.407 1374.45 1212894616
578.816 1031.65 1212894685
585.02 866.402 1212894753
593.884 783.777 1212894768
594.771 783.777 1212894770
603.635 792.71 1212894842
761.413 973.592 1212894891
957.306 1170.11 1212894964
1311.86 1644.68 1212895011
1241.84 2054.5 1212895078
1142.56 2749.13 1212895140
1204.61 2960.21 1212895194
1241.84 2917.77 1212895253
1244.5 2913.31 1212895313
1247.16 2907.72 1212895374
1273.75 2957.98 1212895441
1806.47 3049.56 1212895494
2203.58 3118.81 1212895560
2325.9 3127.74 1212895619
2401.24 3099.82 1212895677
2370.22 3092 1212895742
2395.04 3088.65 1212895796
2437.58 3088.65 1212895856
2453.54 3074.13 1212895916
2455.31 3075.25 1212895921
2361.35 3033.92 1212895981
2153.94 2974.73 1212896046
2136.21 3142.26 1212896102
2229.28 3326.55 1212896172
2773.53 3419.25 1212896223
2782.39 3603.54 1212896284
2849.76 3631.46 1212896359
3123.65 3735.34 1212896405
3225.59 3780.02 1212896456
3242.43 3781.13 1212896464
3409.96 3753.21 1212896527
3359.43 3660.5 1212896592
3422.37 3728.64 1212896639
3422.37 3862.67 1212896710
3422.37 3864.9 1212896774
3427.69 3862.67 1212896828
3427.69 3863.79 1212896830
3172.41 3853.74 1212896891
2924.22 3810.17 1212896951
2769.1 3743.16 1212897011
2484.56 3677.26 1212897071
2168.12 3637.05 1212897132
1743.54 3611.36 1212897193
1691.24 3953.15 1212897252
1677.94 4019.05 1212897292
1677.94 4019.05 1212897296
1598.17 4380.96 1212897353
1270.2 4327.34 1212897424
1066.33 4291.6 1212897479
1037.08 4222.34 1212897533
1120.4 3667.2 1212897603
1033.54 3468.39 1212897669
884.622 3365.64 1212897716
1107.11 1999.79 1212897839
954.647 1732.9 1212897896
449.402 1650.26 1212897970
284.533 1526.31 1212898016
311.124 1315.27 1212898075
310.238 1316.39 1212898106
-1069.88 1090.83 1212898309
-1388.98 1038.35 1212898372
-1614.12 1234.87 1212898432
-1670.85 1557.58 1212898489
-1678.83 1613.41 1212898550
-3923.18 1473.83 1212898794
-3922.3 1472.71 1212898801
-3922.3 1471.6 1212898816
-3921.41 1471.6 1212898821
-3914.32 1615.65 1212898938
-3859.36 2009.84 1212898984
-3605.85 2256.63 1212899054
-3604.08 2255.52 1212899061
-3296.5 2274.5 1212899119
-2696.41 2312.47 1212899227
-2073.28 2351.56 1212899283
-1841.04 2363.84 1212899343
-1143.45 2469.93 1212899403
-363.422 2578.26 1212899463
271.237 2504.55 1212899595
303.147 2284.55 1212899651
318.216 2067.9 1212899708
319.102 2069.02 1212899712
319.988 2069.02 1212899731
454.72 1981.92 1212899782
766.731 2025.47 1212899845
1093.81 2061.2 1212899903
1241.84 1995.32 1212899977
1396.07 2018.77 1212900027
1788.74 2085.77 1212900085
1806.47 2091.36 1212900111
1945.64 1994.2 1212900141
2230.17 2264.45 1212900210
2563.45 2524.66 1212900264
2767.32 2792.69 1212900380
2913.58 2951.28 1212900443
2978.29 2898.79 1212900509
2980.94 2943.46 1212900566
2987.15 2951.28 1212900622
2974.74 2936.76 1212900687
2972.08 2935.64 1212900742
3067.81 2988.13 1212900802
2976.51 2944.58 1212900877
2995.13 2960.21 1212900923
3008.42 2957.98 1212900988
2972.08 2954.63 1212901063
2959.67 3198.1 1212901139
3075.79 3079.72 1212901186
3245.98 3107.64 1212901245
3160 3443.82 1212901316
3558.87 2740.2 1212901366
3339.93 2448.72 1212901429
3333.73 2161.71 1212901486
3343.48 2148.31 1212901536
3386.91 2114.81 1212901538
3439.21 2061.2 1212901598
3590.78 1911.57 1212901660
3768.06 2038.87 1212901718
3820.36 2148.31 1212901779
3853.16 2114.81 1212901802
3831.88 2130.44 1212901874
3628.9 2281.2 1212901921
3358.55 2545.87 1212901981
3102.38 2802.74 1212902042
2980.06 2802.74 1212902108
2980.06 2801.62 1212902118
2931.31 3012.7 1212902170
2844.44 3079.72 1212902235
2761.12 3822.46 1212902292
2600.68 4189.95 1212902352
2591.82 4194.42 1212902379
2480.13 4284.89 1212902435
2381.74 4375.37 1212902502
2405.67 4111.76 1212902558
2456.2 3783.37 1212902618
2502.29 3633.7 1212902687
2565.23 3098.7 1212902739
2587.39 2921.12 1212902802
2798.35 2706.69 1212902870
2591.82 2549.23 1212902938
2479.25 2495.62 1212902978
2492.54 2474.4 1212902983
2684 2614 1212903040
2838.23 2731.26 1212903109
2957.01 2895.44 1212903166
2912.69 3350 1212903285
2771.76 3516.42 1212903341
2784.16 3771.08 1212903401
2784.16 3769.96 1212903404
2885.21 3813.52 1212903471
2498.75 3696.24 1212903527
2542.18 3065.2 1212903584
2355.15 3075.25 1212903648
2355.15 3084.18 1212903673
2355.15 3084.18 1212903674
2317.92 3047.33 1212903734
2215.1 3013.82 1212903779
2002.37 2950.16 1212903835
2072.39 2468.82 1212903895
2278.03 2453.18 1212903960
2693.75 2088.01 1212904015
2787.71 2161.71 1212904082
2817.85 2197.45 1212904108
2845.33 2228.71 1212904111
3131.63 2533.59 1212904183
3077.56 2844.06 1212904244
3051.86 2998.19 1212904298
2827.6 3165.71 1212904339
2738.07 3202.57 1212904386
2679.57 3887.24 1212904450
2629.93 4158.67 1212904515
2566.11 4232.39 1212904575
2572.32 4236.86 1212904577
2577.64 4241.33 1212904589
2406.56 4294.95 1212904669
2401.24 4164.26 1212904710
2474.81 3715.23 1212904771
2512.04 3275.17 1212904835
2517.36 3277.4 1212904851
2518.25 3277.4 1212904853
2738.96 3215.97 1212904919
2741.62 3398.03 1212905029
2631.71 3477.33 1212905084
2259.42 3439.35 1212905144
1638.94 3343.3 1212905213
1037.97 3336.6 1212905264
807.505 4480.38 1212905395
316.443 4387.66 1212905451
0 4194.42 1212905574
6.20476 4172.08 1212905614
169.301 4147.5 1212905684
593.884 4216.76 1212905713
865.121 4366.44 1212905776
951.101 4382.08 1212905847
944.896 4385.43 1212905903
936.033 4399.95 1212905967
882.849 4374.26 1212906076
753.435 4195.53 1212906154
638.204 3976.6 1212906197
637.318 3974.37 1212906238
468.016 4198.88 1212906323
500.813 3917.4 1212906363
762.299 3814.64 1212906425
755.208 4162.02 1212906490
712.661 4449.1 1212906526
648.841 4862.42 1212906580
328.852 4818.85 1212906640
-98.3898 4793.16 1212906703
-101.935 4790.92 1212906733
-74.4571 4612.19 1212906768
-55.8428 4551.87 1212906792
-185.256 4443.51 1212906842
-65.5932 3699.6 1212906976
0.886394 3281.87 1212907037
-144.482 3054.03 1212907083
-853.598 2942.34 1212907149
-1013.15 2523.54 1212907204
-1022.01 2157.24 1212907277
-901.463 1110.93 1212907396
-975.92 1107.58 1212907426
-980.352 1106.47 1212907473
-1098.24 1086.37 1212907508
-972.375 1323.09 1212907548
455.607 1556.46 1212907656
1221.45 1690.46 1212907724
1171.81 2465.47 1212907792
1160.29 3162.36 1212907836
1797.61 3298.62 1212907896
1755.95 3572.27 1212907962
2036.93 3719.7 1212908017
2320.58 3769.96 1212908094
2197.37 3950.91 1212908128
2196.49 3950.91 1212908130
2259.42 4061.49 1212908190
2488.11 4021.28 1212908256
2639.68 4020.16 1212908297
2748.71 4041.39 1212908360
2856.85 3958.73 1212908392
2846.21 3729.75 1212908485
2499.63 3668.32 1212908516
2454.43 3242.78 1212908572
2102.53 3188.05 1212908634
1989.96 2991.48 1212908694
2159.26 2923.36 1212908758
2355.15 2938.99 1212908815
2396.81 3043.98 1212908876
2391.49 3041.74 1212908880
2143.3 3006 1212908943
2070.62 3404.73 1212909000
1768.36 3451.64 1212909066
1703.65 3869.37 1212909120
2187.62 4475.91 1212909254
2455.31 4518.36 1212909280
2474.81 4521.71 1212909303
2474.81 4521.71 1212909305
2496.97 4527.29 1212909341
2398.58 4510.54 1212909405
1238.29 4000.06 1212909588
956.42 3959.85 1212909646
841.188 3643.75 1212909763
779.141 3199.22 1212909825
161.324 3102.05 1212909895
-607.18 2975.85 1212909955
-1023.79 2555.93 1212910012
-2403.9 2342.62 1212910138
-2758.46 2321.4 1212910187
-3231.79 2296.84 1212910246
-5036.49 2192.98 1212910410
-6602.75 1651.38 1212910709
-6602.75 1652.5 1212910740
-6602.75 1652.5 1212910748
-6602.75 1652.5 1212910752
