3448.07 -16233.7 1211766025
2059.98 -14038.3 1211766127
647.954 -14561 1211766176
-469.789 -13544.6 1211766234
-1428.87 -12361.9 1211766292
-2448.22 -11219.2 1211766343
-2853.3 -9696.11 1211766388
-3150.25 -8197.25 1211766440
-3166.2 -6666.89 1211766475
-3094.4 -5258.97 1211766534
-4361.95 -5061.48 1211766642
-4369.04 -4042.74 1211766699
-4586.2 -3376.53 1211766763
-5138.43 -3115.39 1211766817
-5173.88 -2482.58 1211766860
-5205.79 -1875.4 1211766923
-5265.18 -799.331 1211766999
-4873.4 -732.351 1211767048
-4497.57 -710.024 1211767112
-4296.35 -350.554 1211767167
-4139.46 -273.523 1211767207
-3719.31 -251.195 1211767265
-3646.63 83.7333 1211767326
-3390.46 604.015 1211767385
-3117.45 618.53 1211767416
-2441.13 633.045 1211767476
-2432.27 600.666 1211767559
-2432.27 599.549 1211767612
-2427.83 602.899 1211767672
-2431.38 596.2 1211767693
-2409.22 93.7813 1211767737
-2333.88 -288.036 1211767808
-1961.59 -729.002 1211767859
-1542.33 -237.798 1211767917
-998.08 -400.792 1211767978
-799.528 -806.029 1211768038
-828.779 -1287.15 1211768102
-816.369 -1459.05 1211768161
-452.061 -1453.47 1211768220
-391.786 -1563.98 1211768280
-391.786 -1565.1 1211768333
-391.786 -1565.1 1211768338
-403.309 -1593 1211768417
-299.601 -1768.25 1211768478
-275.669 -1761.55 1211768509
-703.797 -1511.52 1211768566
-678.092 -1143.15 1211768621
-593.884 -368.416 1211768681
-547.792 102.713 1211768741
-100.163 206.544 1211768802
51.4109 283.58 1211768861
186.143 403.044 1211768922
202.098 683.289 1211768981
358.103 1074.08 1211769052
312.897 1357.7 1211769104
267.691 1605.6 1211769164
224.258 1883.65 1211769224
498.154 1980.8 1211769289
790.664 2027.7 1211769345
756.981 2320.29 1211769415
936.919 2579.38 1211769464
997.194 2588.31 1211769481
1096.47 2502.32 1211769517
1318.07 2626.28 1211769574
1297.68 2714.51 1211769642
1248.04 3041.74 1211769695
1267.54 3116.57 1211769767
1357.96 3127.74 1211769771
1235.63 2978.08 1211769833
1257.79 2836.24 1211769904
1295.02 2601.71 1211769949
1351.75 2256.63 1211770010
1401.39 1951.77 1211770070
1287.93 1889.23 1211770133
1263.11 1930.55 1211770200
1264 1929.43 1211770202
1169.15 2487.8 1211770264
1021.13 2818.38 1211770322
667.455 2856.35 1211770382
402.423 2835.13 1211770443
387.354 2846.3 1211770478
456.493 3248.36 1211770553
416.605 3467.27 1211770613
419.265 3490.73 1211770684
418.378 3488.5 1211770733
419.265 3484.03 1211770797
418.378 3495.2 1211770836
848.279 3595.72 1211770902
920.964 3087.53 1211770956
1057.47 2338.16 1211771018
1169.15 1600.01 1211771076
1167.38 1162.29 1211771132
1192.2 892.083 1211771192
1207.27 630.812 1211771230
1227.66 404.161 1211771282
1256.02 43.5412 1211771343
1263.11 -77.0339 1211771403
1266.66 -84.8489 1211771449
1270.2 -108.294 1211771453
1297.68 -519.127 1211771516
1318.95 -801.563 1211771572
1010.49 -914.312 1211771622
746.344 -936.638 1211771683
525.632 -903.149 1211771743
526.518 -899.8 1211771803
527.405 -900.916 1211771834
479.539 -955.615 1211771866
352.785 -1182.22 1211771925
382.036 -1629.84 1211771985
393.559 -1699.04 1211772046
321.761 -1963.58 1211772122
321.761 -1961.35 1211772167
318.216 -1964.7 1211772214
399.764 -1783.87 1211772274
361.649 -1277.11 1211772336
529.177 -1046.04 1211772407
928.055 -1019.24 1211772458
904.122 -491.218 1211772516
877.53 -117.225 1211772576
829.665 486.782 1211772636
791.55 949.027 1211772697
790.664 975.825 1211772757
1053.92 1271.72 1211772818
1323.39 1579.91 1211772881
1227.66 2191.86 1211772939
1516.62 2155.01 1211772999
1516.62 2155.01 1211773015
1535.24 2081.31 1211773077
1421.78 2031.05 1211773135
1122.18 1909.33 1211773201
1173.59 1489.46 1211773256
1173.59 1065.15 1211773308
1173.59 1065.15 1211773342
1193.97 1026.07 1211773403
1202.84 740.232 1211773464
1224.11 417.559 1211773526
1242.73 203.194 1211773588
1252.48 66.9866 1211773606
1283.5 -347.205 1211773667
1319.84 -818.308 1211773727
1373.91 -1543.89 1211773788
1450.14 -1994.83 1211773848
1698.33 -2199.09 1211773909
1934.11 -2088.59 1211773973
1932.34 -2087.47 1211774000
1932.34 -2087.47 1211774002
1971.34 -2333.02 1211774067
1654.01 -2346.42 1211774124
1171.81 -2151.09 1211774184
1184.22 -2049.52 1211774219
1272.86 -1876.52 1211774279
1418.23 -1590.77 1211774329
1352.64 -1157.66 1211774389
1314.52 -663.137 1211774449
1276.41 -206.538 1211774509
1254.25 135.09 1211774569
1205.5 754.747 1211774629
1188.65 1003.74 1211774689
1176.25 1100.88 1211774746
1176.25 1102 1211774751
1175.36 1116.51 1211774812
1170.04 1167.88 1211774813
1376.57 1129.91 1211774873
1387.21 1112.05 1211774938
2090.12 1038.35 1211774994
2409.22 1011.56 1211775054
2429.61 1008.21 1211775115
3006.65 1292.94 1211775174
3226.48 1509.56 1211775234
3651.06 1841.21 1211775294
3736.15 1740.71 1211775354
3358.55 1352.12 1211775415
3215.84 1212.54 1211775476
3374.5 1376.68 1211775532
3397.55 1400.13 1211775538
3711.33 1728.43 1211775594
3628.9 1885.88 1211775654
3868.23 2149.43 1211775714
4050.82 2342.62 1211775775
4060.57 2354.91 1211775788
3809.72 2099.17 1211775849
3601.42 1889.23 1211775909
3063.38 1357.7 1211775970
2805.44 1100.88 1211776030
2488.11 1026.07 1211776091
2014.77 997.04 1211776151
1791.4 1031.65 1211776212
1592.85 1067.38 1211776272
1574.24 971.359 1211776338
1623.87 403.044 1211776392
1476.73 12.2808 1211776452
1459.01 13.3973 1211776497
1427.1 8.93151 1211776498
1404.05 6.69863 1211776500
1241.84 291.396 1211776560
1225.88 526.976 1211776620
738.367 499.063 1211776680
285.419 464.451 1211776743
199.439 823.973 1211776802
48.7517 1135.5 1211776861
15.0687 1336.49 1211776927
-20.3871 1562.05 1211776983
-156.892 2196.33 1211777114
-442.311 2153.89 1211777164
-444.97 2157.24 1211777225
-445.856 2160.59 1211777286
-445.856 2158.36 1211777346
-490.176 2148.31 1211777365
-990.989 2088.01 1211777421
-997.194 1936.13 1211777481
-996.307 1935.02 1211777483
-930.714 1568.75 1211777522
-849.166 1064.03 1211777586
-645.295 665.424 1211777647
-228.69 829.556 1211777702
228.69 820.623 1211777768
507.904 841.838 1211777822
532.723 847.42 1211777825
772.936 861.936 1211777862
1352.64 903.248 1211777931
1551.19 922.23 1211777960
1626.53 1560.93 1211778021
2184.96 2113.69 1211778081
1938.54 2411.86 1211778143
1912.84 2538.06 1211778203
1919.93 2539.17 1211778236
1916.38 2597.25 1211778238
1888.02 2678.77 1211778247
1888.02 2678.77 1211778265
1855.22 2902.14 1211778306
1811.79 3291.92 1211778368
1376.57 3304.21 1211778430
1027.33 3362.29 1211778488
936.919 4033.57 1211778563
819.028 4578.68 1211778609
463.584 4520.59 1211778635
39.8877 4453.57 1211778695
15.0687 4445.75 1211778717
-551.337 4357.5 1211778782
-500.813 4466.97 1211778843
-485.744 4455.8 1211778845
277.441 4479.26 1211778964
967.943 4578.68 1211779028
1100.02 3902.88 1211779090
1129.27 3708.53 1211779146
1266.66 3600.19 1211779206
1602.6 3570.03 1211779266
1637.17 3351.12 1211779327
1640.72 3355.58 1211779348
1770.13 3270.7 1211779410
2223.96 3337.71 1211779476
2266.51 3096.47 1211779523
2274.49 3046.21 1211779556
2087.46 2890.97 1211779639
2153.05 2985.9 1211779697
2243.46 3232.73 1211779829
1737.33 3154.55 1211779875
1440.39 3100.94 1211779904
1235.63 2970.26 1211779959
1341.11 2289.02 1211780087
1358.84 2238.76 1211780106
1653.13 2276.73 1211780144
1541.44 3251.71 1211780260
1743.54 3461.69 1211780315
2166.35 3543.23 1211780384
2215.99 3602.42 1211780440
2216.87 3602.42 1211780451
2226.62 3552.16 1211780499
2237.26 3540.99 1211780560
2379.97 3443.82 1211780621
2422.52 3246.13 1211780695
2242.58 3215.97 1211780741
1662.88 3148.96 1211780801
1379.23 3092 1211780861
1246.27 3057.38 1211780928
1329.59 3170.18 1211780954
1646.03 3218.21 1211781012
1728.47 3040.63 1211781073
2346.29 3131.09 1211781134
2482.79 3115.46 1211781195
2747.82 2767 1211781319
2382.63 2348.21 1211781374
2185.85 2705.58 1211781434
2060.87 3159.01 1211781495
1965.14 3182.47 1211781554
1965.14 3183.58 1211781560
1959.82 3180.23 1211781585
1406.71 3086.42 1211781645
1111.54 3041.74 1211781709
962.624 3014.94 1211781765
963.511 2903.25 1211781835
1062.79 2264.45 1211781892
1194.86 1554.23 1211781948
1375.68 1135.5 1211782021
1429.75 365.083 1211782070
1475.85 12.2808 1211782134
1474.96 13.3973 1211782136
1526.37 -164.115 1211782196
1490.92 -165.231 1211782221
1486.48 -166.348 1211782231
1258.68 152.953 1211782291
1219.68 640.861 1211782358
1167.38 1268.37 1211782411
1262.23 1485 1211782474
1309.2 1670.36 1211782532
1240.07 2092.47 1211782592
1126.61 2796.04 1211782652
1242.73 2953.51 1211782713
1655.78 3023.87 1211782783
1827.75 3134.44 1211782825
1810.9 3117.69 1211782875
1696.56 3100.94 1211782919
1661.1 3125.51 1211782937
1384.55 3018.29 1211783001
1382.78 3002.65 1211783024
1396.07 2877.57 1211783078
1263.11 2942.34 1211783139
1248.04 3096.47 1211783195
1186.88 3419.25 1211783259
1096.47 3958.73 1211783317
1165.61 4198.88 1211783377
1626.53 4288.25 1211783438
1869.41 4418.94 1211783498
2015.66 4483.73 1211783560
2013.89 4485.96 1211783622
2013.89 4485.96 1211783629
2015.66 4487.08 1211783694
2029.84 4488.2 1211783760
2052 4461.39 1211783804
2174.33 4662.46 1211783864
2076.82 5202.02 1211783945
1878.27 5279.11 1211784001
1556.51 5240 1211784062
1678.83 5233.3 1211784114
1702.76 5146.16 1211784174
1510.42 5118.24 1211784234
1389.87 4893.69 1211784294
1396.96 4844.54 1211784312
1309.2 4454.68 1211784366
1373.91 4025.75 1211784426
1433.3 3690.66 1211784486
1477.62 3425.95 1211784523
1632.74 3442.7 1211784583
1820.65 3492.96 1211784647
1864.09 3159.01 1211784710
1806.47 3159.01 1211784726
1267.54 3069.66 1211784776
1217.91 3209.27 1211784836
1165.61 3566.68 1211784896
1126.61 3715.23 1211784954
1226.77 3889.48 1211785008
1532.58 3736.45 1211785083
1626.53 3412.55 1211785128
1663.76 3156.78 1211785194
1817.11 3058.5 1211785269
2175.21 3105.4 1211785322
2442.02 2991.48 1211785381
2448.22 2828.43 1211785432
2505.84 2848.53 1211785492
2427.83 3106.52 1211785552
2396.81 3256.18 1211785617
2614.86 3605.77 1211785676
2748.71 3755.44 1211785732
2699.96 4090.54 1211785792
2515.59 4265.91 1211785852
2395.92 4377.61 1211785917
2507.61 4421.17 1211785972
2413.65 4406.65 1211786033
2410.99 4414.47 1211786093
2380.86 4402.18 1211786108
2398.58 4355.27 1211786152
2103.41 4250.27 1211786213
1950.95 4000.06 1211786283
1823.31 3752.09 1211786337
1649.58 3391.33 1211786393
1689.47 3061.85 1211786455
1748.86 2666.49 1211786513
1830.4 2619.58 1211786573
1831.29 2620.7 1211786574
1900.43 2635.22 1211786621
1748.86 2935.64 1211786681
1579.55 2899.9 1211786741
1576.01 2899.9 1211786745
1446.6 2679.89 1211786806
1443.94 2348.21 1211786867
1668.19 1744.06 1211786934
1612.35 1545.3 1211786985
1368.59 1908.22 1211787026
1230.32 2152.78 1211787099
1124.83 2782.64 1211787151
1022.9 3470.63 1211787207
881.962 4338.51 1211787267
348.353 4299.42 1211787327
4.43197 4344.1 1211787388
-2.65918 4342.98 1211787444
-14.1823 4347.45 1211787454
372.286 4498.25 1211787530
422.81 4544.05 1211787635
424.583 4555.22 1211787668
426.356 4537.35 1211787729
495.494 4509.42 1211787789
739.253 4248.03 1211787849
811.937 3776.67 1211787910
923.623 3134.44 1211787969
1026.44 2486.69 1211788020
1143.45 1751.88 1211788085
1081.4 1433.63 1211788150
1443.94 1102 1211788199
2652.98 1209.19 1211788260
2878.12 1723.96 1211788319
3348.8 1060.69 1211788379
3825.68 -363.951 1211788442
