3698.04 -944.452 1212797251
3628.9 -981.29 1212797313
3629.79 -980.174 1212797337
3630.67 -977.942 1212797391
3632.44 -976.825 1212797455
3630.67 -976.825 1212797512
3630.67 -976.825 1212797572
3589.9 -990.221 1212797632
3579.26 -1143.15 1212797692
4006.5 -1033.76 1212797752
3862.02 -118.342 1212797812
3351.46 1295.17 1212797873
3494.17 1591.08 1212797934
3587.24 1682.65 1212797994
3676.76 1768.63 1212798062
3899.25 2022.12 1212798116
3548.24 2354.91 1212798178
3389.57 2516.84 1212798219
3277.89 2639.69 1212798276
3520.76 2913.31 1212798339
3792 3186.93 1212798397
3691.83 3453.87 1212798456
3665.24 3447.17 1212798521
3612.06 3485.15 1212798580
3637.76 3559.98 1212798637
3731.72 3670.56 1212798698
3758.31 3717.47 1212798731
3707.79 3757.68 1212798751
3483.53 3710.77 1212798835
3464.03 3654.92 1212798862
3345.25 3507.48 1212798910
3291.18 3490.73 1212798970
3073.13 3256.18 1212799034
2838.23 3059.61 1212799107
2628.16 2849.65 1212799151
2469.49 2687.71 1212799220
2268.28 2491.15 1212799271
2063.53 2293.49 1212799331
1876.5 2096.94 1212799392
1738.22 1956.23 1212799452
1676.17 1875.83 1212799513
1579.55 1825.58 1212799574
1438.62 1660.31 1212799634
1379.23 1602.25 1212799699
1120.4 1352.12 1212799762
1103.56 1333.14 1212799826
955.533 1186.86 1212799876
690.501 928.929 1212799936
376.718 831.789 1212799998
194.12 989.224 1212800040
194.12 989.224 1212800046
397.991 846.304 1212800105
676.319 893.199 1212800162
923.623 1135.5 1212800234
1028.22 1240.46 1212800282
1187.77 1396.78 1212800347
1341.11 1556.46 1212800402
1567.15 1779.8 1212800471
1707.2 1912.68 1212800519
1810.02 2008.72 1212800579
1823.31 1996.43 1212800639
1842.81 2048.92 1212800699
1984.64 1956.23 1212800759
2189.39 2115.92 1212800820
2466.84 2398.46 1212800880
2635.25 2462.12 1212800941
2720.34 2408.51 1212800973
3072.24 2029.94 1212801022
3127.2 1690.46 1212801086
3342.59 1072.97 1212801137
3975.48 308.143 1212801212
4176.69 -51.356 1212801259
4186.44 -243.38 1212801302
4186.44 -243.38 1212801303
4095.14 64.7537 1212801363
3792 515.811 1212801423
3440.1 1544.18 1212801485
3646.63 1739.6 1212801547
3641.31 1745.18 1212801604
3871.77 1979.68 1212801664
3827.45 2071.25 1212801725
3407.3 2485.57 1212801785
3407.3 2485.57 1212801797
3045.65 2848.53 1212801845
2998.67 2895.44 1212801905
2907.37 3007.12 1212801974
2794.8 3165.71 1212802027
2730.98 3530.94 1212802086
2782.39 3662.74 1212802146
2927.76 3639.28 1212802207
2983.6 3519.77 1212802273
2928.65 3446.05 1212802327
2561.68 3278.52 1212802387
2422.52 3232.73 1212802447
1941.2 3399.14 1212802572
1388.98 3303.09 1212802629
1137.24 3267.35 1212802694
689.615 3190.29 1212802749
497.267 3157.9 1212802813
-60.2748 3067.43 1212802871
-60.2748 3067.43 1212802886
-401.537 3019.41 1212802904
-971.488 2960.21 1212802958
-1008.72 3188.05 1212803019
-1045.06 3415.9 1212803079
-1481.17 3352.23 1212803145
-2059.09 3265.12 1212803210
-2111.39 3221.56 1212803230
-2111.39 3219.32 1212803234
-2093.66 2988.13 1212803292
-2077.71 2670.96 1212803361
-2052 2388.41 1212803425
-2033.39 2344.86 1212803465
-1273.75 2445.36 1212803582
-538.928 2543.64 1212803646
-124.982 2632.98 1212803698
571.724 2746.9 1212803774
863.348 2797.16 1212803783
1061.01 2756.95 1212803844
1091.15 3009.35 1212803919
1739.99 3257.3 1212804031
1746.2 3585.67 1212804096
1724.04 3755.44 1212804121
1724.04 3756.56 1212804136
1615.01 3848.15 1212804185
1581.33 3676.14 1212804249
1815.34 3471.74 1212804312
2056.44 3507.48 1212804377
2373.76 3558.86 1212804428
2744.28 3615.83 1212804489
2850.64 3582.32 1212804552
2851.53 3647.1 1212804608
2918.9 3572.27 1212804677
2834.69 3477.33 1212804714
2422.52 3477.33 1212804770
1709.85 3371.22 1212804832
1227.66 3298.62 1212804896
980.352 3232.73 1212804955
952.874 2917.77 1212805012
1062.79 2259.98 1212805072
1100.9 2004.25 1212805136
988.33 1847.91 1212805258
850.052 1828.93 1212805283
849.166 1830.05 1212805287
543.36 1783.15 1212805347
210.962 1941.72 1212805408
-238.44 1872.48 1212805476
-799.528 1782.03 1212805528
-1162.06 1723.96 1212805563
-1162.06 1723.96 1212805567
-1161.18 1722.85 1212805570
-961.738 1748.53 1212805645
-1045.95 2305.77 1212805694
-1047.72 2752.48 1212805756
-842.075 2836.24 1212805829
-251.736 2930.06 1212805878
468.016 3050.68 1212805931
912.986 3109.87 1212805995
912.986 3109.87 1212806010
1189.54 3155.66 1212806051
1563.6 3236.08 1212806120
2300.19 3338.83 1212806171
2787.71 3413.66 1212806231
2787.71 3413.66 1212806247
2814.3 4015.7 1212806368
2842.67 4116.23 1212806391
2755.8 4141.92 1212806460
2767.32 4149.74 1212806467
2703.5 4127.4 1212806522
2571.43 4119.58 1212806593
2176.1 4046.97 1212806643
1695.67 3977.72 1212806703
1568.92 3739.81 1212806768
1633.62 3360.05 1212806832
1763.04 3245.01 1212806873
1790.52 3247.25 1212806892
2082.14 3387.97 1212806945
2191.17 3544.34 1212807005
2196.49 3594.6 1212807072
2217.76 3746.51 1212807117
2457.09 3794.54 1212807177
2724.78 3826.93 1212807238
2877.24 3843.68 1212807301
2964.1 4000.06 1212807360
2939.28 3967.67 1212807415
2937.51 3966.55 1212807417
2902.94 3906.23 1212807500
2851.53 4151.97 1212807559
2742.5 4132.98 1212807626
2704.39 4126.28 1212807685
2563.45 4110.64 1212807746
2426.95 3993.36 1212807802
2447.34 3891.71 1212807859
2551.93 3405.84 1212807919
2551.93 3405.84 1212807934
2572.32 3060.73 1212807979
2642.34 2868.63 1212808039
2784.16 2717.86 1212808101
2832.92 2789.34 1212808119
2952.58 2962.45 1212808173
2952.58 2962.45 1212808179
2862.17 3030.57 1212808244
2808.98 3476.21 1212808311
2441.13 3471.74 1212808363
2292.22 3451.64 1212808417
1776.33 3362.29 1212808478
1236.52 3282.99 1212808537
1038.85 3319.84 1212808597
957.306 3824.69 1212808657
749.89 4136.33 1212808736
228.69 4053.67 1212808784
-125.868 4089.42 1212808865
-125.868 4089.42 1212808868
-146.255 4192.18 1212808978
152.46 4253.62 1212809032
584.134 4323.99 1212809098
759.64 4140.8 1212809156
862.462 3639.28 1212809212
976.807 3647.1 1212809280
1123.06 3680.61 1212809332
1442.16 3727.52 1212809393
1720.49 3765.5 1212809456
1870.29 3662.74 1212809513
1927.91 3382.39 1212809574
2107.85 3310.91 1212809637
2484.56 3372.34 1212809699
2784.16 3422.6 1212809755
2803.67 3606.89 1212809821
3165.31 3634.81 1212809876
3276.11 3769.96 1212809918
3275.23 3768.85 1212809920
3235.34 3896.18 1212809980
3454.28 3867.14 1212810045
3493.28 3762.14 1212810100
3424.14 3749.86 1212810165
3385.14 3726.4 1212810221
3343.48 3678.37 1212810282
3381.59 3713 1212810346
3362.98 3696.24 1212810386
3270.8 3764.38 1212810451
3066.92 3772.2 1212810507
2884.33 3714.12 1212810571
2525.34 3695.13 1212810614
2546.61 3294.16 1212810677
2388.83 3317.61 1212810735
2419.86 3347.77 1212810789
2419.86 3346.65 1212810791
2421.63 3344.42 1212810809
2622.84 3409.2 1212810891
2768.21 3651.57 1212810963
2547.5 3699.6 1212811016
2480.13 3658.27 1212811079
2404.79 3205.92 1212811132
2410.11 3236.08 1212811213
2426.06 3267.35 1212811289
2423.4 3251.71 1212811333
2424.29 3256.18 1212811399
2396.81 3131.09 1212811457
2699.96 3182.47 1212811516
2699.96 3182.47 1212811536
2839.12 3415.9 1212811577
2839.12 3415.9 1212811585
2808.1 3470.63 1212811644
2775.3 3860.44 1212811710
2637.02 4155.32 1212811759
2492.54 4281.54 1212811819
2430.49 4342.98 1212811887
2402.13 4366.44 1212811890
2359.58 4422.29 1212811955
2354.26 4404.42 1212812027
2528 4248.03 1212812080
2730.98 4061.49 1212812130
2900.28 3840.33 1212812191
2904.71 3794.54 1212812251
2774.41 3602.42 1212812292
2392.38 3574.5 1212812361
2231.05 3510.83 1212812414
2236.37 3513.07 1212812438
2205.35 3589.02 1212812493
2185.85 3657.15 1212812543
2123.8 4054.79 1212812603
2059.98 4423.41 1212812663
1576.9 4379.84 1212812724
1235.63 4341.86 1212812789
1154.09 4500.48 1212812827
1154.97 4500.48 1212812833
1087.61 4919.39 1212812896
1206.38 5174.09 1212812950
1353.52 5189.73 1212813003
1380.12 5107.06 1212813069
1005.17 5037.8 1212813127
976.807 4522.82 1212813186
1084.95 3934.16 1212813246
1146.99 3496.31 1212813325
1247.16 2937.88 1212813366
1246.27 2877.57 1212813433
1199.29 2903.25 1212813464
1265.77 2924.47 1212813489
1261.34 2926.71 1212813497
1259.57 2927.82 1212813499
1524.6 3011.59 1212813565
1958.93 3076.37 1212813625
2586.5 3003.77 1212813747
2756.69 2749.13 1212813807
2932.19 2647.5 1212813874
3182.16 2328.1 1212813924
3382.48 2139.38 1212813984
3382.48 2119.27 1212814017
3662.58 2208.61 1212814075
3854.93 2409.63 1212814133
3860.25 2438.66 1212814154
3718.42 2586.08 1212814215
3572.17 2722.33 1212814259
3262.82 3027.22 1212814303
2881.67 3011.59 1212814431
2803.67 3193.64 1212814494
2258.53 3144.49 1212814542
1524.6 3093.12 1212814602
1420.89 3098.7 1212814629
1374.8 3147.84 1212814688
1372.14 3152.31 1212814697
1225 3274.05 1212814757
936.033 3255.06 1212814817
545.133 3162.36 1212814877
-138.278 3058.5 1212814942
-923.623 2933.41 1212815003
-976.807 3003.77 1212815060
-1182.45 3102.05 1212815121
-1320.73 3079.72 1212815194
-1320.73 3077.48 1212815203
-1424.44 3060.73 1212815258
-1415.57 2952.39 1212815317
-986.557 3022.76 1212815377
-367.854 3127.74 1212815451
291.624 3241.66 1212815497
878.417 3335.48 1212815572
1042.4 2286.78 1212815678
1313.64 2337.04 1212815738
1525.48 2286.78 1212815787
1504.21 2263.33 1212815820
1404.94 2233.18 1212815824
1392.53 2012.07 1212815867
1290.59 1898.17 1212815928
1201.06 2388.41 1212815992
1083.17 3131.09 1212816061
1038.85 3391.33 1212816108
1020.24 3964.32 1212816176
1271.09 4017.93 1212816229
2397.7 4185.48 1212816289
2603.34 4231.28 1212816350
3053.63 4297.18 1212816410
3103.27 4296.06 1212816449
3112.13 4183.25 1212816509
3113.9 4187.71 1212816518
3111.24 4188.83 1212816555
3095.29 4125.16 1212816614
3089.08 3540.99 1212816689
2236.37 3459.46 1212816743
1488.26 3318.73 1212816792
538.928 3163.48 1212816910
-187.029 3049.56 1212816974
-937.805 2923.36 1212817037
-1056.58 2369.42 1212817096
-965.284 1789.85 1212817155
-997.194 1418 1212817215
-1602.6 1280.65 1212817274
-2358.7 674.356 1212817392
-2953.47 635.278 1212817451
-3668.79 597.316 1212817511
-3877.98 562.704 1212817577
-3872.66 512.461 1212817586
-3725.52 372.899 1212817660
-3724.63 376.248 1212817707
-3726.4 377.365 1212817769
-3721.97 372.899 1212817893
-3722.86 372.899 1212817953
-3721.97 376.248 1212818011
-3721.97 371.782 1212818071
-3725.52 370.666 1212818196
-3726.4 371.782 1212818252
-3724.63 371.782 1212818313
-3724.63 370.666 1212818373
-3728.18 367.316 1212818498
-3725.52 362.85 1212818557
-3723.74 377.365 1212818623
-3726.4 372.899 1212818647
-3726.4 371.782 1212818710
-3724.63 371.782 1212818767
-3723.74 374.015 1212818836
-3722.86 371.782 1212818889
-3723.74 370.666 1212818961
-3723.74 371.782 1212819008
-3723.74 370.666 1212819068
-3721.97 374.015 1212819134
-3721.97 379.598 1212819194
-3726.4 371.782 1212819262
-3660.81 378.481 1212819309
-3517.21 382.947 1212819356
-3385.14 397.462 1212819381
-3219.38 403.044 1212819401
-2848.87 427.607 1212819476
-2819.62 505.762 1212819527
-2812.53 502.413 1212819582
-2709.71 446.587 1212819696
-2713.25 444.354 1212819758
-2713.25 444.354 1212819775
-2691.09 432.073 1212819792
-2769.1 229.99 1212819852
-3261.05 200.961 1212819910
-3571.28 308.143 1212819975
-3573.94 355.035 1212820032
-3321.32 398.578 1212820045
-3110.36 411.976 1212820094
-2728.32 434.306 1212820179
-2540.41 443.238 1212820260
-2456.2 658.725 1212820325
-1720.49 906.598 1212820380
-1329.59 1265.02 1212820441
-521.2 1395.67 1212820510
45.2061 1486.11 1212820567
681.637 1586.61 1212820614
1257.79 1682.65 1212820683
1256.02 1997.55 1212820737
1149.65 2605.06 1212820809
1236.52 2964.68 1212820855
1396.96 2998.19 1212820914
1397.84 2998.19 1212820920
1377.46 3051.79 1212820961
2617.52 3413.66 1212821151
3073.13 3479.56 1212821208
3073.13 3699.6 1212821267
3082.88 3802.36 1212821320
3083.77 3802.36 1212821327
3150.25 3754.33 1212821384
2775.3 3707.41 1212821502
2708.82 4065.96 1212821568
2465.95 4315.05 1212821694
2396.81 4205.59 1212821803
2453.54 3844.8 1212821869
2480.13 3262.88 1212821923
2276.26 3080.83 1212822081
2296.65 3017.17 1212822130
2302.85 2999.3 1212822158
2299.31 3001.54 1212822170
2299.31 3001.54 1212822200
2187.62 2974.73 1212822218
2125.57 2964.68 1212822226
2083.03 2931.17 1212822236
1884.47 2923.36 1212822296
1857.88 2954.63 1212822325
1708.97 3138.91 1212822371
1210.81 3061.85 1212822437
952.874 3017.17 1212822491
721.525 2800.51 1212822556
-170.188 2641.92 1212822612
-1193.97 2464.35 1212822673
-1752.4 2382.83 1212822736
-2781.51 2325.87 1212822859
-3861.13 2263.33 1212822979
-4146.55 2246.58 1212823043
-4529.48 2224.25 1212823110
-5227.07 2180.69 1212823153
-5383.96 1914.92 1212823215
-5374.21 1873.6 1212823261
-5381.3 1995.32 1212823273
-4899.1 2189.63 1212823323
-4423.99 2214.2 1212823375
-3710.45 2263.33 1212823435
-3318.66 2286.78 1212823495
-3116.56 2296.84 1212823555
-2640.57 2320.29 1212823616
-2444.68 2326.99 1212823659
-2412.77 2331.45 1212823663
-2058.21 2350.44 1212823739
-1371.25 2433.08 1212823781
-1069.88 2479.98 1212823841
-970.602 2817.26 1212823905
-960.852 2908.84 1212823974
-730.389 3058.5 1212824040
-421.037 3096.47 1212824083
-284.533 2925.59 1212824144
195.007 3007.12 1212824210
187.029 3095.35 1212824258
168.415 3201.45 1212824326
870.439 3326.55 1212824373
1021.13 3347.77 1212824437
1027.33 3446.05 1212824497
1107.99 3976.6 1212824620
2266.51 4165.37 1212824680
2653.86 4224.58 1212824749
2710.59 4231.28 1212824763
2708.82 4233.51 1212824773
2711.48 4234.63 1212824804
2828.48 4188.83 1212824865
2883.44 3960.96 1212824925
2821.39 3495.2 1212825046
2395.92 3486.26 1212825106
1631.85 3344.42 1212825166
937.805 3230.49 1212825226
227.803 3115.46 1212825297
-675.433 2970.26 1212825346
-1025.56 2521.31 1212825407
-1864.97 2378.36 1212825468
-3075.79 2310.24 1212825590
-3468.46 2287.9 1212825654
-3955.98 2261.1 1212825710
-4241.4 2244.35 1212825779
-4636.73 2290.14 1212825830
-4640.27 2419.68 1212825851
-4640.27 2419.68 1212825853
-4356.63 2318.05 1212825922
-3846.95 2253.28 1212825978
-3198.11 2286.78 1212826033
-2736.3 2313.59 1212826098
-2166.35 2344.86 1212826154
-1839.27 2362.72 1212826215
-1209.93 2454.3 1212826287
-954.647 2821.73 1212826348
-809.278 3054.03 1212826399
-582.361 3093.12 1212826455
-390.9 2917.77 1212826531
-111.686 2955.75 1212826577
168.415 3174.65 1212826643
132.959 3409.2 1212826706
71.7979 3810.17 1212826759
19.5007 4111.76 1212826822
-11.5231 4309.47 1212826893
149.801 4215.64 1212826954
341.262 4178.78 1212827027
795.096 3901.76 1212827119
901.463 3259.53 1212827180
940.465 3065.2 1212827239
1053.92 2315.82 1212827312
1063.67 1756.35 1212827363
1014.04 1677.06 1212827428
1068.11 1347.65 1212827480
1986.41 1037.24 1212827545
2583.84 59.1714 1212827609
2755.8 -1456.82 1212827667
2228.4 -2875.44 1212827727
798.641 -3171.19 1212827773
-628.454 -3502.63 1212827824
-1201.06 -4886.31 1212827875
-3192.79 -6865.45 1212827986
-3601.42 -9882.33 1212828091
-4134.14 -10445.4 1212828165
-3567.74 -11110 1212828211
-3167.97 -11917.1 1212828258
-3534.05 -12278.3 1212828383
-3534.05 -12278.3 1212828384
-3534.05 -12278.3 1212828389
-3534.05 -12277.2 1212828477
-3185.7 -12271.6 1212828608
-3483.53 -11257.1 1212828667
-4126.17 -10390.8 1212828714
-3069.58 -7916.19 1212828825
-3175.95 -6394.69 1212828882
-3211.41 -4999 1212828944
-3259.27 -4717.83 1212828986
-3218.5 -3735.87 1212829049
-3169.75 -2868.74 1212829107
-2576.75 -2272.75 1212829168
-1898.66 -2114.26 1212829222
-1466.1 -1662.21 1212829285
-936.919 -1494.77 1212829342
-835.87 -1480.26 1212829413
-561.974 -657.556 1212829463
-811.051 -107.177 1212829523
-227.803 61.4043 1212829587
-28.3646 73.6853 1212829617
-27.4782 74.8017 1212829678
-321.761 54.7057 1212829737
-816.369 -83.7324 1212829798
-506.131 -516.895 1212829858
-636.431 -836.17 1212829918
-612.499 -800.447 1212829978
-585.02 -379.58 1212830044
-785.345 -199.84 1212830064
-949.328 81.5004 1212830124
-750.776 199.845 1212830185
-376.718 229.99 1212830245
-635.545 212.126 1212830305
-701.138 280.231 1212830366
-664.796 274.648 1212830426
-663.909 274.648 1212830430
-359.876 231.106 1212830490
-237.554 192.03 1212830550
74.4571 298.094 1212830610
337.716 557.122 1212830671
356.331 831.789 1212830734
-8.86394 983.641 1212830795
-163.097 1521.85 1212830851
-140.937 1534.13 1212830974
-144.482 1526.31 1212831046
-142.71 1525.2 1212831111
-141.823 1538.6 1212831151
-153.346 1474.95 1212831212
104.595 1500.63 1212831278
715.32 1602.25 1212831332
1068.99 1380.03 1212831393
2215.99 1018.25 1212831453
2599.79 -68.1024 1212831515
2809.87 -1269.29 1212831575
3385.14 -1171.06 1212831645
3744.13 -1000.27 1212831695
3602.31 -923.242 1212831766
3591.67 -932.173 1212831815
3591.67 -932.173 1212831875
3590.78 -932.173 1212831940
3587.24 -951.15 1212832000
3588.12 -952.266 1212832059
3587.24 -951.15 1212832095
3589.01 -955.615 1212832148
3592.56 -951.15 1212832208
3591.67 -962.313 1212832268
3591.67 -961.197 1212832338
