2437.58 3118.81 1212781303
2443.79 3068.55 1212781337
2309.06 2997.07 1212781406
2245.24 3124.39 1212781463
2520.91 3181.35 1212781518
2619.3 3270.7 1212781578
2559.02 3290.8 1212781613
2559.02 3290.8 1212781614
2561.68 3300.86 1212781688
2566.11 3288.57 1212781734
2565.23 3286.34 1212781799
2565.23 3287.45 1212781854
2557.25 3286.34 1212781921
2546.61 3272.93 1212782036
2547.5 3267.35 1212782094
2565.23 3096.47 1212782145
2453.54 3046.21 1212782205
2100.75 2985.9 1212782270
1739.99 2934.53 1212782325
1308.32 2858.58 1212782385
1299.45 2662.02 1212782449
1224.11 2424.15 1212782505
1062.79 2395.11 1212782565
1115.08 1986.38 1212782625
1128.38 1971.87 1212782654
1240.95 1991.97 1212782713
1237.41 2075.72 1212782778
1211.7 2207.5 1212782814
1120.4 2866.4 1212782869
1100.9 3040.63 1212782930
928.941 3224.91 1212782990
778.254 3193.64 1212783053
160.437 3102.05 1212783115
-585.907 2985.9 1212783170
-1198.41 2760.3 1212783238
-1547.64 2863.05 1212783283
-1547.64 2863.05 1212783302
-1563.6 2922.24 1212783345
-1437.73 2953.51 1212783407
-1318.07 2971.38 1212783434
-888.167 3045.09 1212783496
-586.793 3089.77 1212783555
-32.7966 3182.47 1212783616
753.435 3310.91 1212783676
1022.01 3348.88 1212783737
1022.01 3348.88 1212783750
1223.22 3399.14 1212783798
1553.85 3434.88 1212783862
1932.34 3420.36 1212783923
1952.73 3272.93 1212783978
2013 2940.11 1212784038
2025.41 2874.22 1212784098
2015.66 2875.33 1212784160
2020.09 2871.98 1212784218
2028.96 2866.4 1212784278
2011.23 2870.87 1212784343
2021.87 2777.05 1212784399
2153.05 2672.07 1212784459
2366.67 2743.55 1212784519
2559.91 2614 1212784579
2628.16 2473.28 1212784639
2443.79 2283.43 1212784701
2438.47 2314.7 1212784727
2438.47 2314.7 1212784728
2498.75 2429.73 1212784793
2578.52 2506.79 1212784829
2847.99 2257.75 1212784888
2996.01 2111.46 1212784949
3120.99 1987.5 1212784975
3256.61 1845.68 1212785040
3093.52 1655.85 1212785103
3663.47 666.541 1212785156
3862.91 -731.234 1212785221
3817.7 -960.081 1212785276
3744.13 -1002.5 1212785337
3586.35 -962.313 1212785404
3583.69 -976.825 1212785457
3581.92 -975.709 1212785532
3628.9 -975.709 1212785587
3628.01 -974.593 1212785603
