15113.9 8154.06 1211413258
10495.8 4475.91 1211413260
9025.27 3304.21 1211413267
7807.36 2331.45 1211413271
6478.66 1272.84 1211413274
5143.75 206.544 1211413284
3947.11 -750.212 1211413315
3612.94 -979.058 1211413370
3534.94 -1150.97 1211413430
3699.81 -858.496 1211413493
3792 -516.895 1211413560
3734.38 147.371 1211413610
3734.38 147.371 1211413627
3710.45 291.396 1211413670
3383.37 1278.42 1211413733
3282.32 1415.77 1211413756
3102.38 1620.11 1211413785
3387.8 1716.15 1211413848
3594.33 1880.3 1211413908
3796.43 2072.37 1211413968
3993.21 2282.32 1211414028
4166.05 2415.21 1211414088
4247.6 2990.37 1211414148
4218.35 3256.18 1211414196
3744.13 3872.72 1211414256
3054.52 4834.49 1211414390
