2511.16 3498.55 1212676024
2512.93 3496.31 1212676084
2512.04 3498.55 1212676144
2506.72 3494.08 1212676208
2515.59 3503.02 1212676264
2516.47 3503.02 1212676324
2516.47 3499.67 1212676385
2516.47 3499.67 1212676446
2512.93 3501.9 1212676506
2509.38 3511.95 1212676574
2507.61 3508.6 1212676627
2510.27 3499.67 1212676688
2507.61 3500.78 1212676748
2508.5 3503.02 1212676809
2507.61 3500.78 1212676869
2507.61 3499.67 1212676930
2509.38 3504.13 1212676990
2509.38 3501.9 1212677034
2509.38 3503.02 1212677054
2508.5 3505.25 1212677115
2507.61 3505.25 1212677176
2507.61 3505.25 1212677240
2510.27 3505.25 1212677301
2510.27 3495.2 1212677361
2508.5 3501.9 1212677416
2509.38 3500.78 1212677466
2511.16 3501.9 1212677524
2510.27 3500.78 1212677584
2511.16 3501.9 1212677644
2510.27 3504.13 1212677705
2510.27 3504.13 1212677744
2510.27 3497.43 1212677775
2510.27 3498.55 1212677831
2511.16 3498.55 1212677892
2513.81 3498.55 1212677953
2513.81 3500.78 1212678014
2512.93 3509.72 1212678074
2512.04 3514.19 1212678135
2509.38 3501.9 1212678195
2510.27 3505.25 1212678255
2512.93 3504.13 1212678316
2512.93 3505.25 1212678376
2514.7 3505.25 1212678440
2511.16 3508.6 1212678501
2512.93 3508.6 1212678538
2758.46 3624.76 1212678598
2861.28 3850.38 1212678658
3084.65 3885.01 1212678723
3203.43 3866.02 1212678780
3215.84 3880.54 1212678789
3339.05 3838.1 1212678849
3225.59 3707.41 1212678900
2941.94 3635.93 1212678960
2718.57 3602.42 1212679003
2457.09 3575.62 1212679063
2222.19 3551.04 1212679118
