3023.49 3573.38 1211221358
2881.67 3534.29 1211221421
2418.08 3525.35 1211221479
2208.01 3592.37 1211221539
2206.24 3602.42 1211221558
2219.53 3505.25 1211221625
2223.96 3432.65 1211221648
2228.4 3432.65 1211221661
2237.26 3318.73 1211221723
2284.24 3032.81 1211221782
2336.54 2734.61 1211221842
2261.19 2464.35 1211221899
2045.8 2241 1211221955
1874.72 2085.77 1211222015
1770.13 1995.32 1211222050
1662.88 1873.6 1211222111
1474.96 1742.95 1211222176
1245.38 1473.83 1211222294
987.443 1212.54 1211222352
682.524 911.064 1211222412
444.084 676.59 1211222484
266.805 502.413 1211222533
-141.823 -835.053 1211222719
-141.823 -833.937 1211222725
127.641 -821.657 1211222787
159.551 -993.57 1211222846
378.49 -969.011 1211222882
520.314 -962.313 1211222916
947.556 -925.475 1211222969
1203.72 -909.847 1211223041
1509.53 -886.404 1211223103
1510.42 -884.171 1211223121
1511.3 -885.288 1211223132
1730.24 -1022.59 1211223188
