1338.46 4340.75 1212938213
1237.41 4321.76 1212938232
953.76 4278.19 1212938301
415.719 4837.84 1212938418
155.119 5027.75 1212938479
-139.164 5175.21 1212938536
-139.164 5175.21 1212938562
-139.164 5176.33 1212938573
-569.065 5100.36 1212938637
-678.978 4869.12 1212938690
-641.75 4477.02 1212938744
-353.671 4491.55 1212938804
-48.7517 4541.81 1212938878
381.15 4609.95 1212938937
956.42 4703.79 1212939054
1178.02 4443.51 1212939110
1194.86 4232.39 1212939165
1194.86 4232.39 1212939172
863.348 4434.58 1212939236
795.096 4876.94 1212939301
423.697 4837.84 1212939356
183.484 5021.05 1212939414
356.331 5084.72 1212939481
500.813 5275.75 1212939534
498.154 5285.81 1212939578
498.154 5285.81 1212939580
322.648 5213.19 1212939643
256.168 5066.85 1212939700
171.074 5028.87 1212939760
205.644 4804.33 1212939797
381.15 4628.94 1212939861
769.39 4672.51 1212939925
948.442 4702.67 1212939939
1159.4 4441.28 1212940000
1211.7 4112.87 1212940060
1237.41 3956.5 1212940130
1308.32 3423.72 1212940184
1329.59 3294.16 1212940240
1318.07 3382.39 1212940301
1626.53 3443.82 1212940352
1758.61 3467.27 1212940416
1638.94 3556.63 1212940472
1618.56 3551.04 1212940532
1616.78 3559.98 1212940592
1620.33 3554.39 1212940652
1622.99 3555.51 1212940768
1622.99 3554.39 1212940800
1653.13 3355.58 1212940860
1675.29 3075.25 1212940920
1769.24 2449.83 1212940980
1778.11 2012.07 1212941040
1660.22 1888.11 1212941107
1380.12 1610.06 1212941172
843.848 1074.08 1212941282
592.998 695.571 1212941352
595.657 691.104 1212941373
597.43 684.405 1212941383
577.043 789.36 1212941439
624.022 837.371 1212941500
624.022 842.954 1212941505
949.328 1165.64 1212941562
1309.2 1660.31 1212941626
1302.11 1778.68 1212941700
1185.11 2478.87 1212941750
1232.09 2930.06 1212941807
1382.78 2983.67 1212941866
1700.1 3032.81 1212941920
2196.49 3109.87 1212941980
2270.06 3094.23 1212942007
2270.06 3095.35 1212942025
2271.83 3121.04 1212942070
2275.37 3070.78 1212942141
2340.08 2755.83 1212942201
2389.72 2717.86 1212942265
2393.26 2726.8 1212942307
2393.26 2726.8 1212942310
2393.26 2726.8 1212942320
2580.29 2530.24 1212942375
2988.92 2109.22 1212942432
2808.98 1907.1 1212942492
2893.19 1764.16 1212942533
2893.19 1765.28 1212942536
2925.99 1764.16 1212942599
3316 2148.31 1212942658
3715.77 2598.36 1212942722
3511.89 2711.16 1212942784
3133.4 3150.08 1212942844
3068.7 3275.17 1212942876
3076.68 3271.82 1212942878
3155.56 3367.87 1212942916
3102.38 3576.73 1212942979
3097.06 3591.25 1212943036
3057.17 3677.26 1212943122
2920.67 4575.33 1212943235
2855.08 4995.35 1212943295
2860.39 5012.11 1212943360
2738.96 5156.22 1212943416
2738.96 5157.34 1212943418
2543.07 5082.49 1212943478
2847.99 4892.58 1212943538
3018.17 4574.21 1212943598
3145.81 3916.29 1212943665
3096.18 3527.59 1212943718
3139.61 3670.56 1212943983
3243.32 3528.71 1212944048
3461.37 3140.03 1212944108
3225.59 2886.5 1212944163
3143.15 2782.64 1212944228
3136.06 2778.17 1212944234
2916.24 3016.06 1212944293
2821.39 3255.06 1212944353
3004.88 3374.57 1212944423
2933.08 3429.3 1212944536
2926.87 3427.07 1212944602
2746.94 3299.74 1212944665
3105.04 3544.34 1212944725
