3577.49 -1126.41 1212327543
3970.16 -780.353 1212327636
3737.93 618.53 1212327701
3114.79 1604.48 1212327756
3317.77 1870.25 1212327816
3514.55 2056.74 1212327876
3849.61 2395.11 1212327940
3669.67 2626.28 1212327996
3319.55 2978.08 1212328056
3440.98 3428.18 1212328116
3224.7 3524.24 1212328176
3078.45 3637.05 1212328237
2981.83 3874.96 1212328298
2833.8 3982.19 1212328358
2483.68 4287.13 1212328419
2397.7 4369.79 1212328492
1965.14 4441.28 1212328544
1551.19 4374.26 1212328610
1175.36 4369.79 1212328665
1026.44 4714.96 1212328723
257.941 4588.73 1212328846
-153.346 4517.24 1212328899
-473.335 4471.44 1212328954
-691.388 4336.28 1212329022
-587.68 4455.8 1212329071
-195.893 4516.12 1212329132
-37.2286 4452.45 1212329177
-36.3422 4453.57 1212329199
-17.7279 4425.64 1212329243
-3.54558 4430.11 1212329252
894.372 4576.44 1212329337
1016.69 4342.98 1212329374
1178.02 3398.03 1212329434
1201.95 3261.77 1212329486
1796.72 3255.06 1212329548
1986.41 3279.64 1212329589
1986.41 3279.64 1212329590
2077.71 3396.91 1212329652
1920.82 3511.95 1212329710
1473.19 3424.83 1212329775
1299.45 3584.55 1212329831
1156.74 3881.66 1212329892
826.12 3828.05 1212329952
612.499 3792.3 1212329998
165.756 3715.23 1212330052
125.868 3433.77 1212330117
169.301 3236.08 1212330173
131.186 3215.97 1212330191
53.1837 2947.93 1212330264
88.6394 2707.81 1212330311
189.688 2117.04 1212330371
223.371 1900.4 1212330443
279.214 1531.9 1212330492
345.694 1128.8 1212330563
587.68 863.052 1212330622
614.271 501.296 1212330691
662.137 -61.4039 1212330738
700.252 -582.76 1212330797
720.639 -932.173 1212330859
719.752 -938.871 1212330861
442.311 -964.546 1212330909
142.71 -970.127 1212330979
109.027 -551.502 1212331030
71.7979 -45.7738 1212331091
54.0701 180.865 1212331151
19.5007 614.064 1212331212
-7.09116 960.193 1212331272
-114.345 1225.94 1212331338
-133.846 1333.14 1212331393
-152.46 1441.45 1212331421
-357.217 1632.4 1212331485
-455.607 1422.47 1212331546
-686.069 1155.6 1212331602
-875.758 1131.03 1212331662
-897.918 1124.33 1212331682
-910.327 1324.2 1212331737
-540.701 1395.67 1212331797
139.164 1503.98 1212331860
819.915 1620.11 1212331921
1302.11 1711.68 1212331977
1255.13 2012.07 1212332038
1665.54 2189.63 1212332098
1805.59 2085.77 1212332184
1705.42 2000.9 1212332245
1653.13 2258.87 1212332284
1342 2418.56 1212332336
1290.59 2739.08 1212332413
1240.95 3036.16 1212332464
1195.75 3368.99 1212332519
1606.15 3440.47 1212332580
2006.8 3497.43 1212332640
2072.39 3513.07 1212332911
2074.16 3510.83 1212332970
2070.62 3519.77 1212333030
2067.96 3526.47 1212333090
2088.35 3517.54 1212333150
2092.78 3514.19 1212333211
2091.89 3517.54 1212333271
2083.91 3535.41 1212333312
2215.1 3466.16 1212333372
2260.31 3170.18 1212333437
2309.06 2906.6 1212333492
2335.65 2712.28 1212333562
2621.95 2477.75 1212333618
3044.76 2054.5 1212333682
3097.95 1597.78 1212333734
3803.52 276.881 1212333793
3807.95 -1238.04 1212333851
3033.24 -4013.73 1212333947
3535.83 -5431.9 1212333995
3807.06 -6950.23 1212334045
4073.87 -8434.81 1212334090
2568.77 -12514.6 1212334244
2825.83 -14027.2 1212334308
3125.43 -15502.7 1212334341
3944.46 -16205.8 1212334402
4470.97 -16205.8 1212334466
4470.09 -16204.7 1212334499
4470.09 -16202.5 1212334552
4470.97 -16202.5 1212334590
4472.75 -16201.4 1212334595
4342.45 -15880.5 1212334652
3850.5 -16217 1212334720
4182.01 -16120 1212334737
4397.4 -16022 1212334799
4398.29 -16022 1212334826
4398.29 -16023.1 1212334884
4398.29 -16022 1212334954
4399.18 -16022 1212335005
4398.29 -16018.6 1212335066
4399.18 -16022 1212335126
4399.18 -16022 1212335190
4399.18 -16023.1 1212335246
4399.18 -16022 1212335299
4398.29 -16020.9 1212335432
4397.4 -16020.9 1212335487
4398.29 -16020.9 1212335539
4399.18 -16026.4 1212335604
4399.18 -16026.4 1212335660
4399.18 -16026.4 1212335721
4399.18 -16025.3 1212335782
4399.18 -16024.2 1212335842
4399.18 -16024.2 1212335902
4399.18 -16024.2 1212335970
4399.18 -16024.2 1212336024
4398.29 -16024.2 1212336088
4397.4 -16024.2 1212336206
4398.29 -16025.3 1212336269
4398.29 -16025.3 1212336326
4398.29 -16025.3 1212336387
4398.29 -16025.3 1212336418
4398.29 -16023.1 1212336477
4399.18 -16023.1 1212336536
4399.18 -16023.1 1212336571
4399.18 -16022 1212336634
4398.29 -16023.1 1212336697
4397.4 -16025.3 1212336756
4397.4 -16025.3 1212336812
