2948.15 -14429.5 1212687956
2629.05 -11489 1212688045
3601.42 -10356.2 1212688097
4183.78 -8983.52 1212688142
3916.98 -7462.22 1212688189
3215.84 -4570.54 1212688286
2844.44 -3307.34 1212688351
3596.1 -1725.83 1212688415
3848.72 -256.777 1212688473
3362.98 1170.11 1212688531
3597.88 1697.16 1212688591
4154.53 2253.28 1212688650
4248.49 2941.23 1212688712
4080.96 3405.84 1212688771
3990.55 3583.43 1212688832
3764.52 3852.62 1212688892
3605.85 4068.2 1212688942
3011.97 4885.88 1212689062
2977.4 4859.06 1212689095
2758.46 4995.35 1212689155
2686.66 5078.02 1212689216
2686.66 5078.02 1212689234
2697.3 5043.39 1212689284
2734.53 4904.87 1212689344
2923.33 4913.8 1212689414
2996.9 4691.5 1212689475
