883.735 3133.33 1212990796
877.53 3117.69 1212990910
1045.06 3161.25 1212990971
1088.49 3331.01 1212991038
936.033 4046.97 1212991097
866.007 4796.51 1212991212
957.306 4826.67 1212991258
957.306 4826.67 1212991262
957.306 4826.67 1212991299
1033.54 5036.69 1212991351
1349.09 5174.09 1212991411
1580.44 5236.65 1212991471
1788.74 5186.38 1212991546
1925.25 5183.03 1212991592
1927.02 5183.03 1212991594
1997.93 4740.65 1212991654
2046.68 4525.06 1212991714
1786.97 4395.48 1212991774
1747.97 3861.55 1212991835
1782.54 3443.82 1212991908
1679.72 3179.12 1212991955
1413.8 3084.18 1212992018
1406.71 2983.67 1212992041
1406.71 2984.78 1212992055
1591.96 2815.02 1212992174
2691.98 3180.23 1212992374
2682.23 3193.64 1212992443
2323.24 2931.17 1212992562
2407.45 2699.99 1212992623
2819.62 2275.62 1212992683
2982.72 2120.39 1212992707
3145.81 1956.23 1212992774
3372.73 1730.66 1212992828
3550.9 1831.16 1212992856
3552.67 1831.16 1212992879
3753.88 2055.62 1212992944
3466.69 2425.26 1212993010
2942.83 2941.23 1212993063
2749.6 3155.66 1212993141
2813.42 3191.4 1212993201
2569.66 3279.64 1212993248
2569.66 3279.64 1212993268
2582.95 3067.43 1212993310
2891.42 2611.77 1212993370
2910.92 2595.01 1212993409
3248.64 2272.27 1212993470
3457.82 2034.4 1212993535
3454.28 2038.87 1212993548
3147.59 1959.58 1212993608
2918.01 2198.56 1212993684
2738.07 2369.42 1212993734
2601.57 2503.44 1212993777
2529.77 2573.79 1212993837
2540.41 2578.26 1212993919
2540.41 2578.26 1212993957
2456.2 2660.9 1212994017
2072.39 2769.24 1212994078
1484.71 2675.42 1212994144
1313.64 2641.92 1212994204
1068.99 3097.59 1212994259
1004.28 3562.21 1212994318
902.35 4169.84 1212994378
534.496 4325.11 1212994448
530.064 4323.99 1212994477
506.131 4317.29 1212994484
743.685 4242.45 1212994544
1004.28 4280.43 1212994606
1338.46 4330.69 1212994670
1738.22 4395.48 1212994724
2081.25 4461.39 1212994790
2195.6 4466.97 1212994950
2189.39 4464.74 1212994951
1657.56 4379.84 1212994997
1123.95 4302.77 1212995060
971.488 4280.43 1212995091
761.413 4245.8 1212995140
263.259 4169.84 1212995199
-12.4095 4318.41 1212995264
-31.0238 4455.8 1212995319
-361.649 4497.13 1212995379
-764.958 4372.02 1212995439
-804.846 4319.52 1212995499
-1131.93 4201.12 1212995564
-1147.88 3810.17 1212995619
-1022.9 3286.34 1212995682
-1045.06 2799.39 1212995742
-1334.02 2442.01 1212995807
-2027.18 2358.26 1212995863
-2278.03 2351.56 1212995924
-2278.03 2351.56 1212995932
-2302.85 2348.21 1212995948
-3001.33 2112.57 1212996011
-3209.63 1490.58 1212996066
-3630.67 1367.75 1212996122
-3709.56 686.638 1212996182
-4165.17 567.17 1212996242
-4517.07 106.062 1212996302
-4509.09 6.69863 1212996362
-4509.09 6.69863 1212996382
-4322.95 109.412 1212996436
-4031.32 360.617 1212996506
-3700.7 371.782 1212996557
-3354.12 387.413 1212996617
-2971.19 410.86 1212996656
-2736.3 423.141 1212996689
-2426.95 436.539 1212996749
-1882.7 513.578 1212996809
-1546.76 793.826 1212996869
-1557.4 848.537 1212996892
-1483.82 1222.59 1212996952
-848.279 1334.25 1212997012
-149.801 1455.96 1212997077
270.35 1601.13 1212997133
303.147 1731.78 1212997193
304.033 1734.01 1212997206
370.513 1958.47 1212997266
257.941 2514.61 1212997388
211.848 2902.14 1212997448
164.869 3221.56 1212997508
164.869 3221.56 1212997509
396.218 2775.94 1212997629
444.97 2437.55 1212997690
1176.25 2328.1 1212997750
1330.48 2342.62 1212997810
1379.23 2352.67 1212997847
1920.82 2439.78 1212997907
2240.81 2435.31 1212997971
2616.64 2127.09 1212998028
2962.33 1764.16 1212998087
3357.66 1018.25 1212998147
3752.99 442.121 1212998209
4132.37 471.15 1212998268
4235.19 467.801 1212998329
4264.44 120.576 1212998388
4264.44 120.576 1212998389
4264.44 120.576 1212998404
4264.44 118.343 1212998462
4245.83 347.22 1212998522
4446.15 892.083 1212998583
4283.94 1497.28 1212998641
4066.78 1808.83 1212998701
4060.57 1809.95 1212998703
3813.27 2072.37 1212998763
3375.39 2502.32 1212998823
2912.69 2580.5 1212998883
2766.44 2467.7 1212998943
2776.19 2450.95 1212998985
2777.07 2450.95 1212998986
2769.98 2697.76 1212999047
2977.4 2901.02 1212999105
3279.66 3011.59 1212999166
3695.38 2579.38 1212999226
3985.23 2294.6 1212999286
3968.39 2102.52 1212999347
3891.27 2027.7 1212999368
3283.21 2609.53 1212999427
2842.67 3028.34 1212999487
2780.62 3496.31 1212999547
2715.91 3990.01 1212999610
2679.57 4210.05 1212999672
2188.51 4149.74 1212999730
2169.01 4146.39 1212999757
1107.99 3974.37 1212999812
894.372 4270.37 1212999872
286.305 4382.08 1212999932
-337.716 4280.43 1212999992
-444.97 4262.55 1213000053
-323.534 4294.95 1213000113
4.43197 4141.92 1213000173
574.384 4212.29 1213000234
1006.94 4286.01 1213000294
1495.35 4358.62 1213000354
1951.84 4449.1 1213000414
2284.24 4289.36 1213000478
2300.19 4279.31 1213000540
2301.08 4280.43 1213000594
2302.85 4273.72 1213000654
2212.44 4445.75 1213000719
1462.55 4355.27 1213000776
1462.55 4355.27 1213000789
983.898 4280.43 1213000836
422.81 4403.3 1213000897
-261.486 4296.06 1213000958
-331.512 4283.78 1213000999
-332.398 4283.78 1213001001
-153.346 4201.12 1213001068
54.9565 3895.06 1213001128
145.369 3354.47 1213001182
175.506 3117.69 1213001243
174.62 3107.64 1213001260
-368.74 2717.86 1213001320
-280.987 2182.93 1213001386
-679.865 1909.33 1213001440
-680.751 1910.45 1213001479
-680.751 1910.45 1213001480
-231.349 1900.4 1213001540
-191.461 1670.36 1213001601
-185.256 1525.2 1213001668
-195.893 1547.53 1213001805
-142.71 1338.72 1213001865
-140.937 1328.67 1213001868
-122.322 1228.17 1213001928
2.65918 831.789 1213001988
42.5469 314.842 1213002048
57.6156 101.597 1213002108
108.14 -558.2 1213002168
141.823 -1002.5 1213002229
537.155 -1227.99 1213002289
582.361 -1661.09 1213002350
584.134 -1659.98 1213002410
585.907 -1659.98 1213002418
659.477 -1665.56 1213002478
1144.34 -1540.54 1213002544
1186 -1442.31 1213002598
1352.64 -1350.78 1213002659
1669.97 -1339.62 1213002724
2123.8 -1323.99 1213002779
2983.6 -1195.62 1213002839
3589.9 -1152.08 1213002899
3675.88 -905.381 1213002959
3587.24 -960.081 1213003020
