2743.39 -13263.7 1212358612
2564.34 -11772.2 1212358651
3450.73 -10549.1 1212358693
3901.02 -7366.3 1212358799
3699.81 -6199.47 1212358828
3242.43 -4747.95 1212358884
2789.48 -3258.24 1212358915
2691.09 -1772.71 1212358966
2622.84 -962.313 1212359026
2598.02 -675.417 1212359086
2497.86 -447.679 1212359146
2176.1 -473.356 1212359206
1816.22 -501.265 1212359266
1634.51 -513.545 1212359333
1582.21 -276.872 1212359394
1579.55 -274.639 1212359449
1781.65 -140.67 1212359507
1980.21 -309.248 1212359567
2078.59 -500.149 1212359628
2077.71 -500.149 1212359688
2092.78 -647.509 1212359765
2119.37 -1080.64 1212359809
2190.28 -1325.1 1212359881
2755.8 -1305.01 1212359929
3104.15 -4236.9 1212360048
3588.12 -5682.93 1212360079
3854.93 -7196.75 1212360121
4123.51 -8716.98 1212360167
2599.79 -12845.7 1212360305
2867.49 -14318.1 1212360361
