3764.52 3467.27 1211379339
3778.7 3459.46 1211379372
3774.27 3463.92 1211379385
3879.75 3268.47 1211379433
3720.2 3421.48 1211379499
3550.01 3618.06 1211379555
2754.91 3739.81 1211379730
3094.4 3866.02 1211379787
3115.68 3858.2 1211379858
3115.68 3858.2 1211379859
3352.34 3925.22 1211379919
3750.33 3882.78 1211380042
3722.86 3901.76 1211380092
3722.86 3900.65 1211380095
3434.78 4050.32 1211380155
3261.93 4008.99 1211380186
3032.36 3985.54 1211380252
3058.06 3753.21 1211380308
3050.97 3585.67 1211380367
2737.19 3497.43 1211380436
1824.2 3387.97 1211380487
1643.38 3313.14 1211380547
