3182.16 -15502.7 1211227628
3887.73 -9972.65 1211227811
4098.69 -8473.85 1211227870
3804.4 -6833.1 1211227923
2996.01 -3847.46 1211228010
2897.62 -990.221 1211228120
2738.96 497.947 1211228173
2546.61 1767.51 1211228234
2152.17 2177.34 1211228273
2214.21 2430.85 1211228333
2425.18 2645.27 1211228394
2530.66 2749.13 1211228465
2621.95 2818.38 1211228536
2683.12 2832.89 1211228596
2718.57 2902.14 1211228655
2718.57 2903.25 1211228659
2808.1 2695.53 1211228727
2341.85 2294.6 1211228777
2117.6 2070.14 1211228852
1865.86 1823.35 1211228897
1711.63 1640.21 1211228962
1536.12 1474.95 1211228995
1409.37 1342.07 1211229056
1373.91 1128.8 1211229111
1371.25 937.862 1211229171
1365.93 923.346 1211229256
1366.82 935.629 1211229349
1367.71 934.512 1211229455
1405.82 676.59 1211229507
1435.07 388.53 1211229582
1457.23 29.0274 1211229624
1490.03 -394.093 1211229671
1522.83 -862.961 1211229731
1552.96 -1271.52 1211229780
1556.51 -1310.59 1211229813
1978.43 -1329.57 1211229864
2824.94 -1214.59 1211229930
3311.57 -1178.87 1211229965
3714.88 -1148.73 1211230028
3675.88 -981.29 1211230084
3585.47 -952.266 1211230150
3586.35 -953.383 1211230204
