2906.49 3341.06 1212453100
3044.76 3223.79 1212453171
3276.11 2998.19 1212453225
3560.65 2722.33 1212453282
3707.79 2562.63 1212453342
4021.57 2249.93 1212453402
4019.8 2249.93 1212453407
4052.6 2238.76 1212453467
4066.78 2222.01 1212453526
4056.14 2213.08 1212453565
4057.03 2213.08 1212453591
4057.91 2197.45 1212453644
4016.25 2153.89 1212453701
3824.79 2071.25 1212453822
3495.94 2435.31 1212453888
3127.2 2765.88 1212453942
2790.37 2458.77 1212454040
2573.2 2545.87 1212454105
2404.79 2741.31 1212454165
1934.11 2752.48 1212454221
1459.01 2770.35 1212454281
1439.5 2764.77 1212454307
1553.85 2875.33 1212454356
1389.87 3089.77 1212454416
1353.52 3265.12 1212454487
1336.68 3411.43 1212454537
1336.68 3418.13 1212454545
1263.11 3496.31 1212454605
1167.38 3477.33 1212454665
1226.77 3090.88 1212454732
1261.34 2880.92 1212454787
1310.98 2577.14 1212454847
1394.3 2067.9 1212454908
1401.39 2031.05 1212454967
1675.29 2064.55 1212455027
1806.47 2082.42 1212455074
1805.59 2083.54 1212455076
1824.2 2086.89 1212455142
1732.9 1968.52 1212455196
1677.94 2156.13 1212455257
1602.6 2473.28 1212455296
1350.87 2440.9 1212455354
1334.91 2514.61 1212455409
1295.02 2712.28 1212455473
1234.75 3122.16 1212455528
1217.02 3248.36 1212455588
1081.4 4210.05 1212455663
966.17 4770.81 1212455721
932.487 5004.29 1212455770
909.441 5038.92 1212455850
1288.82 5078.02 1212455898
1533.46 5118.24 1212455948
1908.41 5284.69 1212456073
2060.87 5397.53 1212456145
1921.7 5394.17 1212456194
