3593.44 3089.77 1211312007
3841.63 2819.49 1211312062
9592.56 6843.28 1211312326
11083.5 7146.09 1211312366
12156.9 6322.6 1211312431
11856.4 4844.54 1211312487
13361.5 4709.37 1211312535
14706.2 4048.09 1211312571
16018 3260.65 1211312626
17330.8 2576.03 1211312682
18336.8 1480.53 1211312735
19410.3 389.646 1211312799
20263.9 -842.867 1211312845
20862.2 -1712.44 1211312873
21135.2 -2302.89 1211312916
21169.8 -2538.39 1211312991
21172.4 -2554.01 1211313030
20793.9 -4335.1 1211313212
19757.7 -4978.92 1211313271
19774.6 -5352.69 1211313341
19838.4 -5406.24 1211313365
19839.3 -5406.24 1211313367
19922.6 -5429.67 1211313433
20567.9 -4668.73 1211313487
21094.4 -3603.07 1211313547
21365.7 -3466.92 1211313607
22011.8 -3203.55 1211313669
21088.2 -1987.02 1211313729
20214.2 -740.165 1211313783
19353.5 497.947 1211313835
18258 1528.55 1211313889
17251.9 2658.67 1211313944
15917.9 3291.92 1211313998
14653 4091.65 1211314045
13345.6 4732.83 1211314091
11894.5 4847.89 1211314140
12293.4 6324.83 1211314198
11227.1 7222.07 1211314258
10549 7137.15 1211314324
9116.57 6772.88 1211314372
7683.27 6392.99 1211314426
6363.43 5691.35 1211314494
5390.16 4549.63 1211314541
4423.99 3410.31 1211314598
3385.14 2377.24 1211314656
2815.19 1922.73 1211314733
2685.78 1798.78 1211314765
2442.9 1555.35 1211314799
2183.19 1467.13 1211314859
1974 1637.98 1211314923
1694.79 1540.83 1211314991
1572.46 1524.08 1211315039
1395.18 1330.9 1211315106
1367.71 933.396 1211315229
1367.71 936.745 1211315359
1370.37 942.328 1211315480
1369.48 928.929 1211315519
1372.14 923.346 1211315579
1426.21 438.772 1211315654
1442.16 234.455 1211315699
1446.6 129.508 1211315753
1462.55 -66.986 1211315787
1484.71 -327.11 1211315861
1514.85 -662.021 1211315922
1516.62 -723.42 1211315965
1538.78 -1031.52 1211316013
1552.08 -1315.06 1211316090
1410.25 -1605.28 1211316149
1271.98 -1876.52 1211316199
1152.31 -2113.14 1211316224
1069.88 -2261.59 1211316284
506.131 -2886.6 1211316354
-1117.74 -4330.64 1211316502
-507.018 -4834.98 1211316620
-591.225 -5044.75 1211316672
-1013.15 -5516.7 1211316727
-1118.63 -5553.51 1211316788
-1211.7 -5682.93 1211316856
-1213.47 -5682.93 1211316867
-1215.25 -5681.82 1211316927
-1132.81 -5444.18 1211316992
-858.916 -4991.19 1211317048
-602.748 -4737.91 1211317108
-865.121 -4443.34 1211317174
-1051.26 -4191.15 1211317241
101.935 -3210.25 1211317281
1591.08 -3170.07 1211317323
2793.92 -2664.5 1211317387
3752.99 -1558.4 1211317422
3910.77 -1146.5 1211317483
3581.92 -946.685 1211317567
3580.15 -969.011 1211317627
3567.74 -946.685 1211317698
3569.51 -955.615 1211317747
3648.4 -972.36 1211317812
