3629.79 -967.895 1212351182
3629.79 -967.895 1212351303
3629.79 -967.895 1212351372
3630.67 -972.36 1212351423
3630.67 -971.244 1212351484
3631.56 -970.127 1212351544
3631.56 -970.127 1212351611
3631.56 -970.127 1212351664
3631.56 -969.011 1212351734
3632.44 -969.011 1212351852
3631.56 -964.546 1212351910
3629.79 -963.43 1212351966
3629.79 -964.546 1212352070
3631.56 -966.778 1212352130
3628.9 -963.43 1212352194
3632.44 -961.197 1212352240
3631.56 -961.197 1212352322
3630.67 -966.778 1212352382
3630.67 -966.778 1212352432
3629.79 -962.313 1212352492
3628.9 -962.313 1212352561
3628.9 -961.197 1212352677
3631.56 -961.197 1212352732
3630.67 -963.43 1212352792
3628.9 -963.43 1212352852
3624.47 -961.197 1212352918
3630.67 -970.127 1212352983
3629.79 -965.662 1212353039
3629.79 -967.895 1212353092
3629.79 -966.778 1212353219
3630.67 -965.662 1212353332
3630.67 -962.313 1212353393
3635.1 -969.011 1212353513
3683.86 -976.825 1212353634
3672.33 -977.942 1212353695
3620.03 -962.313 1212353771
3649.29 -952.266 1212353819
3649.29 -956.732 1212353882
3651.06 -955.615 1212353956
3651.06 -956.732 1212354016
3650.17 -956.732 1212354076
3650.17 -958.964 1212354136
3649.29 -957.848 1212354202
3644.85 -966.778 1212354257
3644.85 -966.778 1212354319
3643.97 -965.662 1212354383
3643.97 -966.778 1212354406
3650.17 -955.615 1212354537
3648.4 -960.081 1212354586
3649.29 -956.732 1212354647
3646.63 -964.546 1212354835
3647.51 -962.313 1212354886
3646.63 -963.43 1212354946
3644.85 -965.662 1212355010
3645.74 -964.546 1212355072
3646.63 -963.43 1212355122
3645.74 -963.43 1212355192
3651.06 -972.36 1212355247
3578.37 -1092.92 1212355529
3493.28 -1140.92 1212355544
3598.76 -867.427 1212355600
3229.13 -2211.37 1212355698
