2173.44 3534.29 1212762802
2227.51 3540.99 1212762866
2232.83 3525.35 1212762922
2231.05 3535.41 1212762982
2231.05 3537.64 1212763042
2231.05 3536.52 1212763097
2222.19 3533.17 1212763159
2215.99 3534.29 1212763219
2215.99 3532.06 1212763279
2216.87 3530.94 1212763313
2637.02 3600.19 1212763379
3254.84 3683.96 1212763435
3477.33 3755.44 1212763496
3542.92 3735.34 1212763555
3699.81 3616.94 1212763719
4125.28 3205.92 1212763783
4125.28 3205.92 1212763794
4127.05 3250.6 1212763860
3993.21 3146.73 1212763913
3637.76 3391.33 1212763975
3400.21 3643.75 1212764035
2626.39 3602.42 1212764229
2501.41 3604.66 1212764264
2350.72 3587.9 1212764324
2162.8 3869.37 1212764397
2119.37 4048.09 1212764445
2067.07 4430.11 1212764515
1825.09 4426.76 1212764562
1505.98 4379.84 1212764622
1102.67 4407.77 1212764682
342.148 4286.01 1212764802
21.2735 4234.63 1212764840
22.1599 4233.51 1212764849
46.9789 4556.34 1212764952
63.8204 4786.45 1212765025
60.2748 4807.68 1212765145
60.2748 4807.68 1212765198
60.2748 4807.68 1212765240
304.92 4805.44 1212765291
471.562 4840.07 1212765362
634.658 4865.77 1212765416
988.33 4918.27 1212765480
1280.84 4965.19 1212765543
1616.78 5016.58 1212765665
2472.15 5162.92 1212765720
2827.6 5042.27 1212765780
2941.06 4938.38 1212765846
3208.75 4570.86 1212765900
3518.99 4140.8 1212765955
4193.53 2420.8 1212766183
3995.87 2125.97 1212766256
3330.18 1298.52 1212766316
2721.23 -2856.47 1212766456
3596.1 -5728.67 1212766575
2715.03 -11271.6 1212766781
3186.59 -15756.8 1212766951
4039.3 -16182.4 1212767000
4307.88 -16173.5 1212767011
4557.84 -16054.3 1212767045
4465.66 -15869.3 1212767098
4271.53 -15920.6 1212767156
3467.58 -16244.8 1212767216
3010.2 -14836.3 1212767264
1998.82 -14022.7 1212767325
605.407 -14559.9 1212767378
-477.767 -13539 1212767435
-1420.89 -12384.2 1212767484
-2388.83 -11280.5 1212767532
-2794.8 -9789.78 1212767580
-3153.79 -8319.94 1212767628
-3154.68 -6804.1 1212767678
-3167.97 -6238.51 1212767698
-3214.07 -4971.11 1212767758
-3395.78 -4605.13 1212767818
-3479.98 -4182.23 1212767878
-3447.19 -3513.79 1212767938
-3479.1 -2939.05 1212767999
-3486.19 -2799.55 1212768060
-3505.69 -2333.02 1212768120
-3444.53 -1920.05 1212768180
-3519.87 -1902.19 1212768242
-3898.36 -1921.16 1212768302
-4408.04 -1915.58 1212768365
-4429.31 -1364.17 1212768423
-4455.02 -932.173 1212768484
-4487.82 -339.39 1212768544
-4240.51 551.539 1212768738
-1876.5 626.346 1212768985
-1547.64 825.089 1212769051
-1470.53 1218.12 1212769117
-1467.87 1215.89 1212769143
