3655.49 -939.987 1212025112
3610.28 -983.523 1212025183
3611.17 -982.407 1212025234
3610.28 -984.639 1212025294
3612.06 -985.756 1212025332
3979.02 -1124.18 1212025457
3927.61 -679.883 1212025513
3590.78 780.428 1212025568
3672.33 1758.58 1212025628
3803.52 1905.98 1212025692
3790.22 2102.52 1212025748
3789.34 2119.27 1212025754
3452.51 2444.25 1212025813
3220.27 2694.41 1212025873
2999.56 2917.77 1212025933
3185.7 2978.08 1212025993
3222.04 2921.12 1212026072
3154.68 2819.49 1212026133
3015.51 2861.93 1212026194
2866.6 3064.08 1212026257
2799.23 3465.04 1212026318
2799.23 3465.04 1212026338
2593.59 3500.78 1212026378
2488.11 3479.56 1212026438
2327.67 3462.81 1212026498
1825.97 3357.82 1212026567
1477.62 3436 1212026631
1417.34 3795.65 1212026685
1415.57 3811.29 1212026740
1415.57 3809.06 1212026775
1416.46 3807.94 1212026780
1550.3 4065.96 1212026856
2228.4 4141.92 1212026864
2500.52 4188.83 1212026924
2710.59 4080.48 1212026984
2753.14 4032.45 1212027049
3081.11 3859.32 1212027118
3362.98 3841.45 1212027165
3463.14 3695.13 1212027226
3503.03 3787.83 1212027287
3517.21 3659.39 1212027413
3520.76 3716.35 1212027462
3388.69 3692.89 1212027547
3403.75 3547.69 1212027607
3643.97 3337.71 1212027672
3659.04 3334.36 1212027727
3300.93 2940.11 1212027791
3121.88 2753.6 1212027852
2738.96 2433.08 1212027912
2218.65 1880.3 1212027967
2019.21 1669.25 1212028022
2018.32 1669.25 1212028036
2019.21 1668.13 1212028084
2019.21 1664.78 1212028140
2019.21 1664.78 1212028142
1906.63 1558.7 1212028203
2148.62 1537.48 1212028264
2676.02 2062.32 1212028325
3231.79 2617.35 1212028386
3050.97 2853 1212028447
2865.71 3090.88 1212028551
