3259.27 -1201.2 1212751382
2995.13 -1197.85 1212751443
2409.22 -1310.59 1212751503
2407.45 -1307.24 1212751532
1811.79 -1326.22 1212751592
1189.54 -1345.2 1212751657
932.487 -1373.1 1212751719
585.907 -1486.96 1212751779
426.356 -1239.15 1212751833
-33.683 -1272.64 1212751893
-700.252 -1466.87 1212751953
-1187.77 -1556.17 1212752013
-1546.76 -1610.86 1212752077
-1551.19 -1609.75 1212752133
-1994.39 -1492.54 1212752193
-2151.28 -1499.24 1212752258
-2699.96 -1851.96 1212752313
-3298.27 -1895.49 1212752373
-3678.54 -1925.63 1212752433
-4282.17 -1950.19 1212752493
-4798.05 -1984.79 1212752553
-5210.23 -1869.82 1212752613
-5238.59 -1210.13 1212752674
-5270.5 -771.422 1212752733
-5317.48 71.4524 1212752794
-4737.78 110.528 1212752868
-4180.24 138.44 1212752919
-3688.29 161.885 1212752979
-3592.56 167.467 1212753040
-2987.15 199.845 1212753110
-2718.57 214.359 1212753182
-2504.06 226.64 1212753230
-1979.32 344.987 1212753290
-1419.12 489.015 1212753350
-1278.18 700.037 1212753410
-1200.18 1058.45 1212753473
-1102.67 788.243 1212753537
-1102.67 788.243 1212753571
-1415.57 491.248 1212753647
-1622.99 417.559 1212753725
-1562.71 687.755 1212753785
-1486.48 1225.94 1212753845
-529.177 1387.85 1212753912
196.78 1503.98 1212753965
850.939 1616.76 1212754025
1459.01 1814.41 1212754085
2171.67 2104.76 1212754146
2532.43 2466.58 1212754206
2763.78 2668.72 1212754268
3054.52 2888.74 1212754328
3362.09 3304.21 1212754372
3450.73 3404.73 1212754432
3450.73 3404.73 1212754434
2744.28 3787.83 1212754731
2699.07 4077.13 1212754791
2614.86 4183.25 1212754852
2481.9 4296.06 1212754913
2354.26 4478.14 1212754973
2284.24 4905.98 1212755033
1954.5 5189.73 1212755093
1664.65 5143.93 1212755151
1796.72 4874.7 1212755211
2132.67 4584.26 1212755272
2239.03 4210.05 1212755332
2018.32 4019.05 1212755393
1881.82 3633.7 1212755453
1928.79 3341.06 1212755515
1991.73 2994.84 1212755576
2095.44 2356.02 1212755637
1635.4 2276.73 1212755697
1673.51 2393.99 1212755724
1675.29 2393.99 1212755726
1903.09 2617.35 1212755786
1825.97 3073.01 1212755857
1817.11 3471.74 1212755907
2203.58 3663.85 1212755958
2317.92 3718.58 1212755993
2309.94 3680.61 1212756042
2362.24 3484.03 1212756102
2591.82 3118.81 1212756162
2645.89 2863.05 1212756223
3146.7 2363.84 1212756283
2570.54 1401.25 1212756345
2616.64 -72.5682 1212756397
2741.62 -1567.33 1212756448
2680.46 -3065.17 1212756500
3168.86 -4466.77 1212756544
3623.58 -5877.06 1212756596
3881.52 -7367.41 1212756634
4150.1 -8853.04 1212756691
2597.14 -12941.6 1212756827
2879.01 -14450.7 1212756872
3222.04 -15897.2 1212756930
4029.55 -16189.1 1212756980
4225.44 -15983 1212757144
4217.46 -16003 1212757146
3265.48 -15825.9 1212757215
4159.85 -8829.62 1212757445
3847.84 -7074.05 1212757494
3588.12 -5564.67 1212757536
3099.72 -4161.02 1212757590
2834.69 -3297.29 1212757643
3606.74 -1709.09 1212757673
3360.32 1198.03 1212757772
3677.65 1782.03 1212757832
3638.65 1880.3 1212757892
3980.8 2319.17 1212758013
3700.7 2620.7 1212758082
3339.93 2961.33 1212758148
3181.27 3107.64 1212758193
2971.19 2981.43 1212758253
2840.89 3107.64 1212758314
2613.09 3218.21 1212758338
2613.09 3522 1212758399
2291.33 3610.24 1212758459
2278.03 3580.08 1212758519
2150.39 3858.2 1212758579
2042.25 4359.74 1212758640
2036.05 4652.4 1212758699
1990.84 4872.47 1212758759
1730.24 5145.05 1212758820
1730.24 5147.28 1212758887
1728.47 5153.98 1212758942
1650.47 5226.6 1212759002
1397.84 5317.09 1212759062
1357.07 5103.71 1212759123
1404.05 4821.08 1212759184
1310.09 4334.04 1212759255
1163.84 4508.3 1212759315
1002.51 4480.38 1212759377
971.488 4681.45 1212759431
971.488 4681.45 1212759446
852.711 4556.34 1212759506
1024.67 4339.63 1212759559
1225.88 3997.82 1212759619
1394.3 4014.58 1212759679
2540.41 4196.65 1212759741
2684 4110.64 1212759813
