3463.14 3806.82 1212293544
3501.26 3906.23 1212293663
3484.42 3839.21 1212293723
3474.67 3834.75 1212293784
3474.67 3834.75 1212293787
3370.07 3839.21 1212293847
3379.82 3700.71 1212293907
2982.72 3564.45 1212293968
2647.66 3497.43 1212294034
2500.52 3470.63 1212294088
2275.37 3432.65 1212294148
1935 3376.81 1212294209
1261.34 3288.57 1212294269
802.187 3201.45 1212294330
383.809 3137.79 1212294400
-359.876 3023.87 1212294454
-942.237 2924.47 1212294492
-1302.11 2461 1212294558
-2194.71 2362.72 1212294612
-2514.7 2345.97 1212294672
-3097.95 2313.59 1212294745
-3661.7 2278.97 1212294793
-4022.46 2259.98 1212294853
-4150.99 2255.52 1212294880
-4150.99 2255.52 1212294907
-4172.26 2318.05 1212294921
-4008.28 2237.65 1212295009
-3525.19 2263.33 1212295069
-3277 2275.62 1212295129
-2934.85 2300.19 1212295190
-2904.71 2293.49 1212295245
-1902.2 2353.79 1212295358
-1779.88 2194.1 1212295418
-1674.4 1630.16 1212295483
-1633.62 1347.65 1212295539
-1137.24 1286.24 1212295600
-438.765 1404.6 1212295660
204.757 1495.05 1212295721
954.647 1616.76 1212295787
1341.11 1746.3 1212295846
1998.82 1443.68 1212295903
2386.17 1531.9 1212295963
2660.96 1253.86 1212296024
2705.28 1206.96 1212296064
2822.28 1066.27 1212296075
3015.51 554.889 1212296135
3239.77 238.921 1212296195
3370.07 255.668 1212296217
3661.7 88.1991 1212296277
3283.21 -26.7945 1212296344
3288.52 -547.036 1212296402
3287.64 -547.036 1212296408
3301.82 -550.386 1212296435
3282.32 -358.369 1212296474
3008.42 -333.808 1212296534
2987.15 -72.5682 1212296615
2898.51 -81.4996 1212296669
2894.08 -35.7259 1212296729
3081.11 223.291 1212296789
3464.92 405.277 1212296850
3778.7 406.394 1212296910
3831 -1097.39 1212296958
3084.65 -2397.76 1212297018
1836.61 -3108.69 1212297083
385.582 -3113.15 1212297135
-909.441 -3750.37 1212297206
-1082.29 -4145.4 1212297256
-516.768 -4095.19 1212297316
-127.641 -4065.06 1212297377
-140.05 -4322.82 1212297426
-452.061 -4834.98 1212297488
-768.504 -5273.47 1212297548
-1373.91 -5672.89 1212297615
-1858.77 -5868.13 1212297669
-1782.54 -5871.48 1212297731
-1781.65 -5871.48 1212297736
-1460.78 -5710.82 1212297923
-959.079 -5440.83 1212297986
-489.29 -4799.28 1212298069
-659.477 -4649.76 1212298123
-772.05 -4896.35 1212298183
-857.143 -4972.22 1212298234
-684.297 -4829.4 1212298280
-224.258 -4219.05 1212298350
-40.7741 -3769.34 1212298400
479.539 -3220.29 1212298460
1257.79 -3204.67 1212298526
2628.16 -2758.25 1212298588
3585.47 -1732.53 1212298641
3847.84 -256.777 1212298685
3356.78 1196.91 1212298751
3346.14 1311.92 1212298794
4002.96 2297.95 1212298848
3525.19 2772.59 1212298908
3349.68 2956.86 1212298979
3349.68 2956.86 1212298991
3332.84 3180.23 1212299051
3332.84 3180.23 1212299056
3233.57 3070.78 1212299115
2980.06 2932.29 1212299196
