2116.71 3076.37 1211747763
2216.87 3328.78 1211747823
2381.74 3354.47 1211747884
2747.82 3413.66 1211747934
2789.48 3523.12 1211748000
2718.57 3911.82 1211748056
2715.91 3925.22 1211748093
2715.91 3925.22 1211748094
2696.41 4073.78 1211748154
2599.79 4195.53 1211748224
2524.45 4427.87 1211748274
2517.36 4417.82 1211748344
2489 4415.59 1211748396
2403.02 4353.03 1211748457
2466.84 4303.88 1211748519
2466.84 4306.12 1211748583
2465.95 4299.42 1211748639
2465.06 4296.06 1211748700
2464.18 4297.18 1211748760
2468.61 4305 1211748821
2469.49 4305 1211748881
2469.49 4303.88 1211748944
2467.72 4302.77 1211749011
2466.84 4298.3 1211749065
2466.84 4296.06 1211749127
2466.84 4292.71 1211749182
2465.95 4296.06 1211749242
2465.95 4297.18 1211749307
2465.06 4305 1211749363
2467.72 4296.06 1211749427
2469.49 4294.95 1211749488
2467.72 4294.95 1211749547
2465.95 4296.06 1211749612
2465.95 4298.3 1211749668
2464.18 4301.65 1211749724
2516.47 4316.17 1211749800
2393.26 4391.01 1211749843
2318.81 4502.72 1211749895
1601.71 5029.98 1211750070
1290.59 4983.06 1211750136
752.549 4891.46 1211750191
78.8891 4778.63 1211750258
-143.596 5120.47 1211750313
-199.439 5167.39 1211750345
-245.531 5160.69 1211750379
-599.203 5103.71 1211750392
-716.207 4939.5 1211750436
-793.323 4749.59 1211750499
-1146.11 4641.23 1211750557
-1188.65 4871.35 1211750617
-1143.45 4930.56 1211750641
-1129.27 4913.8 1211750701
-1107.99 4977.48 1211750761
-677.205 5081.37 1211750821
-201.212 4828.9 1211750881
224.258 4789.8 1211750942
754.322 4885.88 1211751002
1317.18 4978.6 1211751062
1575.12 5017.69 1211751122
1677.06 5036.69 1211751153
1677.06 5036.69 1211751154
1899.54 5063.5 1211751215
2247.01 5141.7 1211751275
2240.81 5198.67 1211751335
2377.31 5271.29 1211751395
2108.73 5395.29 1211751455
1965.14 5401.99 1211751515
1955.39 5400.88 1211751576
1923.48 5394.17 1211751636
1910.18 5366.24 1211751685
1847.25 5276.87 1211751750
1795.84 5271.29 1211751808
1700.1 5257.88 1211751854
1682.38 5256.76 1211751914
1670.85 5253.41 1211751917
1645.15 5169.62 1211751977
1422.66 4995.35 1211752038
1342.89 4979.71 1211752099
1013.15 4924.97 1211752159
817.256 4895.93 1211752220
684.297 4567.51 1211752285
734.821 4250.27 1211752340
776.482 4014.58 1211752400
852.711 3659.39 1211752460
686.956 3189.17 1211752520
-198.552 3047.33 1211752580
-959.079 2909.96 1211752640
-1019.35 2543.64 1211752700
-1180.68 2319.17 1211752761
-1952.73 2162.83 1211752821
-2018.32 1598.9 1211752882
-2371.99 1534.13 1211752942
-2668.05 1501.75 1211753004
-2681.34 1673.71 1211753060
-2715.03 2252.17 1211753121
-2792.14 2330.34 1211753180
-2891.42 2325.87 1211753202
-2864.83 2528.01 1211753262
-2870.15 2530.24 1211753354
-2870.15 2530.24 1211753413
-2868.37 2530.24 1211753473
-2869.26 2530.24 1211753533
-2860.39 2531.36 1211753553
-2756.69 2536.94 1211753574
-2563.45 2545.87 1211753635
-2528 2542.52 1211753678
-2461.52 2774.82 1211753748
-2036.93 2856.35 1211753802
-1521.05 2941.23 1211753862
-1134.58 3051.79 1211753925
-1128.38 3055.14 1211753985
-1138.13 3090.88 1211753988
-1280.84 2964.68 1211754048
-1280.84 2963.56 1211754108
-1281.73 2964.68 1211754168
-1281.73 2964.68 1211754240
-1282.61 2964.68 1211754292
-1281.73 2964.68 1211754315
-1210.81 2844.06 1211754376
-1210.81 2841.83 1211754436
-1210.81 2840.71 1211754496
-1210.81 2840.71 1211754556
-1384.55 2884.27 1211754605
-1201.06 2737.96 1211754686
-1049.49 2568.21 1211754751
-1053.92 2571.56 1211754809
-1054.81 2571.56 1211754815
-1021.13 2551.46 1211754876
-733.048 2421.91 1211754935
-457.38 2383.94 1211754995
-456.493 2383.94 1211755055
-456.493 2371.66 1211755078
-322.648 2381.71 1211755098
-303.147 2399.58 1211755158
-342.148 2650.85 1211755223
-382.036 2894.32 1211755270
366.967 3024.99 1211755330
658.591 2903.25 1211755401
674.546 2819.49 1211755440
725.957 2464.35 1211755500
801.301 2045.57 1211755562
840.302 1833.4 1211755627
874.871 1567.63 1211755682
883.735 1525.2 1211755710
930.714 1195.79 1211755765
993.648 933.396 1211755829
1025.56 543.723 1211755887
1039.74 340.521 1211755945
1030.88 161.885 1211755987
1030.88 161.885 1211755989
805.733 141.789 1211756028
477.767 118.343 1211756088
-24.819 82.6168 1211756169
-136.505 167.467 1211756229
-381.15 232.222 1211756294
-873.985 176.399 1211756349
-877.53 169.7 1211756371
-561.974 215.475 1211756431
-244.645 217.708 1211756491
-226.917 34.6097 1211756551
-183.484 -558.2 1211756612
108.14 -811.61 1211756672
601.862 -774.771 1211756732
733.048 -764.724 1211756793
936.919 -1052.73 1211756855
961.738 -1351.9 1211756914
1142.56 -1361.94 1211756974
1492.69 -1344.08 1211757035
1882.7 -1334.04 1211757095
2528 -1284.92 1211757156
3402.87 -1168.83 1211757216
3745.9 -994.686 1211757277
3580.15 -964.546 1211757338
3582.81 -969.011 1211757404
3634.22 -951.15 1211757460
3644.85 -942.22 1211757522
3644.85 -942.22 1211757541
3644.85 -942.22 1211757602
3645.74 -942.22 1211757662
3644.85 -941.103 1211757722
3644.85 -941.103 1211757782
3643.08 -941.103 1211757842
3642.19 -941.103 1211757902
3643.97 -941.103 1211757959
3643.97 -939.987 1211758019
3643.97 -937.754 1211758079
3643.08 -937.754 1211758144
3645.74 -939.987 1211758199
3645.74 -939.987 1211758264
3643.97 -938.871 1211758319
3644.85 -938.871 1211758380
3645.74 -939.987 1211758440
3646.63 -939.987 1211758501
3645.74 -943.336 1211758562
3646.63 -944.452 1211758623
3646.63 -943.336 1211758684
3646.63 -942.22 1211758744
3645.74 -941.103 1211758804
3643.08 -939.987 1211758865
3645.74 -939.987 1211758925
3646.63 -939.987 1211758987
3646.63 -941.103 1211759048
3647.51 -939.987 1211759108
3647.51 -941.103 1211759168
3646.63 -939.987 1211759229
3620.03 -983.523 1211759294
3609.4 -982.407 1211759327
3608.51 -982.407 1211759382
3609.4 -983.523 1211759442
3604.08 -972.36 1211759512
3608.51 -983.523 1211759562
3610.28 -980.174 1211759627
3609.4 -974.593 1211759692
3608.51 -986.872 1211759743
3607.63 -984.639 1211759747
3603.19 -983.523 1211759808
3601.42 -981.29 1211759868
3573.94 -1136.46 1211759928
2403.9 -1309.48 1211760048
1843.7 -1320.64 1211760117
1669.97 -1325.1 1211760163
1558.28 -1201.2 1211760223
1525.48 -820.541 1211760288
1501.55 -502.382 1211760344
1500.67 -501.265 1211760345
1260.45 -367.3 1211760405
1063.67 43.5412 1211760501
862.462 324.89 1211760561
623.135 483.432 1211760630
273.896 465.568 1211760682
53.1837 446.587 1211760748
0 962.426 1211760807
-103.708 1196.91 1211760863
-171.961 1589.96 1211760923
-330.625 1966.28 1211760983
-511.45 1932.78 1211761004
-511.45 1933.9 1211761006
-253.509 1958.47 1211761089
-226.031 1965.17 1211761115
-165.756 1975.22 1211761119
234.008 2134.91 1211761180
884.622 2237.65 1211761240
1057.47 2287.9 1211761300
1201.95 2313.59 1211761361
1143.45 2777.05 1211761428
1042.4 3358.94 1211761486
1057.47 3964.32 1211761541
1219.68 3990.01 1211761584
1218.79 3991.12 1211761586
1259.57 3809.06 1211761646
1274.64 3721.93 1211761675
1307.43 3529.82 1211761736
1322.5 3443.82 1211761787
1335.8 3410.31 1211761816
1319.84 3485.15 1211761933
1319.84 3485.15 1211761943
1302.11 3585.67 1211762004
1728.47 3675.02 1211762071
1721.38 3663.85 1211762124
1720.49 3663.85 1211762185
1719.61 3662.74 1211762234
1719.61 3662.74 1211762235
1719.61 3662.74 1211762261
1720.49 3662.74 1211762321
1731.13 3659.39 1211762396
2228.4 3742.04 1211762443
2305.51 3763.26 1211762504
2381.74 3689.54 1211762566
2382.63 3688.43 1211762629
2406.56 3694.01 1211762690
2388.83 3675.02 1211762745
2340.97 3590.14 1211762805
2224.85 3404.73 1211762865
2267.4 3164.6 1211762925
2278.03 3155.66 1211762985
2278.03 3155.66 1211762987
2256.76 3013.82 1211763051
2123.8 3081.95 1211763107
2065.3 3431.53 1211763167
2015.66 3803.47 1211763227
2008.57 3917.4 1211763263
1956.27 4195.53 1211763323
1912.84 4425.64 1211763384
1857.88 4725.01 1211763439
1958.93 4967.42 1211763499
2110.51 5073.55 1211763559
2108.73 5094.78 1211763606
2073.28 5206.49 1211763619
1946.52 5187.5 1211763679
1561.83 5123.82 1211763743
1549.42 5102.6 1211763771
1677.06 4952.9 1211763832
1701.88 4784.22 1211763858
1751.52 4451.33 1211763931
1764.81 4297.18 1211763964
1847.25 3857.09 1211764024
1901.32 3490.73 1211764084
1930.57 3317.61 1211764141
2161.92 3316.49 1211764201
2545.72 3373.45 1211764262
2546.61 3373.45 1211764266
2676.02 3309.79 1211764325
2559.91 3285.22 1211764385
2572.32 3086.42 1211764446
2503.18 3049.56 1211764502
2440.24 3040.63 1211764562
2122.03 3099.82 1211764624
2225.74 3327.66 1211764682
2511.16 3467.27 1211764743
2504.06 3518.65 1211764757
2504.95 3518.65 1211764787
2363.13 3567.8 1211764845
2232.83 3382.39 1211764905
2270.06 3138.91 1211764972
2286.01 3085.3 1211765026
2186.74 2973.61 1211765094
2187.62 2971.38 1211765096
2181.42 2952.39 1211765114
2031.62 2813.91 1211765183
2312.6 2684.36 1211765239
2387.06 2605.06 1211765296
2614.86 2829.54 1211765356
2899.4 2609.53 1211765417
2935.74 2571.56 1211765477
3625.35 3011.59 1211765561
3656.38 3047.33 1211765563
3628.9 3272.93 1211765603
3633.33 3275.17 1211765615
3527.85 3624.76 1211765669
3534.94 3728.64 1211765726
3534.94 3729.75 1211765727
3635.1 3294.16 1211765792
3085.54 2730.15 1211765848
3045.65 2463.23 1211765908
3305.36 2192.98 1211765969
3559.76 1851.26 1211766033
3561.53 1851.26 1211766047
3554.44 1827.81 1211766106
3568.62 1834.51 1211766166
3565.96 1836.75 1211766229
3566.85 1836.75 1211766288
3569.51 1834.51 1211766356
3567.74 1834.51 1211766408
3568.62 1834.51 1211766411
3291.18 1821.11 1211766471
3076.68 1642.45 1211766531
2628.16 1687.11 1211766591
2242.58 1414.65 1211766651
2018.32 1642.45 1211766711
2013.89 1645.8 1211766803
1747.97 1905.98 1211766867
1842.81 2050.04 1211766922
1929.68 2153.89 1211766987
1928.79 2151.66 1211767027
1726.7 1968.52 1211767072
1444.82 1914.92 1211767132
1136.36 1827.81 1211767192
803.96 1709.45 1211767255
-46.9789 1569.86 1211767323
-827.006 1442.57 1211767377
-1595.51 1279.54 1211767433
-2098.98 739.115 1211767498
-2432.27 503.529 1211767553
-2434.04 497.947 1211767596
-2432.27 458.869 1211767608
-2621.07 429.84 1211767683
-2628.16 617.414 1211767743
-2552.82 650.909 1211767803
-1786.97 877.567 1211767864
-1497.12 1242.69 1211767924
-986.557 1320.85 1211767985
-324.42 1426.93 1211768045
350.126 1531.9 1211768107
836.756 1605.6 1211768166
998.967 1636.86 1211768238
1142.56 1653.61 1211768288
1376.57 1173.46 1211768351
1402.28 781.544 1211768375
1428.87 420.908 1211768435
1469.64 -138.437 1211768496
1471.41 -212.121 1211768528
1471.41 -212.121 1211768530
1489.14 -371.765 1211768602
1524.6 -860.729 1211768651
1552.08 -1328.45 1211768711
1522.83 -1375.34 1211768733
1385.43 -1557.28 1211768788
1147.88 -1542.77 1211768851
770.277 -1407.71 1211768912
537.155 -1225.76 1211768968
-12.4095 -1267.06 1211769028
-636.431 -1368.64 1211769089
-403.309 -1607.51 1211769150
-325.307 -1798.38 1211769182
-325.307 -1798.38 1211769184
-310.238 -1752.62 1211769254
-566.406 -1470.22 1211769305
-251.736 -1300.55 1211769365
164.869 -1214.59 1211769425
438.765 -971.244 1211769485
654.159 -954.499 1211769510
984.784 -929.94 1211769570
1160.29 -1258.13 1211769635
1483.82 -1342.97 1211769690
1722.26 -1341.85 1211769750
2312.6 -1325.1 1211769810
3278.77 -1175.53 1211769870
3639.54 -1075.06 1211769930
3725.52 -1068.36 1211769990
3766.29 -1143.15 1211770036
3815.93 -840.635 1211770095
3776.93 -288.036 1211770156
3744.13 75.9182 1211770198
3488.85 263.484 1211770248
3362.98 541.49 1211770308
2970.31 664.308 1211770371
2528 627.462 1211770431
2036.93 587.268 1211770494
2020.09 596.2 1211770517
1807.36 641.977 1211770552
1784.31 969.126 1211770586
2014.77 1397.9 1211770652
2077.71 1453.73 1211770667
2436.7 1833.4 1211770721
2207.12 2118.16 1211770782
1903.98 2553.69 1211770842
1799.38 3143.38 1211770902
1639.83 3372.34 1211770968
1197.52 3318.73 1211771028
1197.52 3318.73 1211771030
1178.02 3404.73 1211771140
1427.98 3440.47 1211771200
1635.4 3307.56 1211771260
1810.02 3070.78 1211771320
2196.49 3112.1 1211771380
2137.1 3004.89 1211771440
2137.1 3004.89 1211771473
1808.24 3141.14 1211771529
1952.73 3312.03 1211771590
2586.5 3395.79 1211771650
2800.12 3587.9 1211771721
2711.48 3984.42 1211771770
2694.64 4059.26 1211771802
2694.64 4059.26 1211771803
2672.48 4131.86 1211771866
2553.7 4233.51 1211771924
2392.38 4375.37 1211771993
2013 4709.37 1211772044
1567.15 5100.36 1211772104
1358.84 5207.61 1211772195
1264.88 5186.38 1211772255
1264.88 5186.38 1211772258
1349.09 5128.29 1211772321
1387.21 4844.54 1211772379
1350.87 4183.25 1211772488
1527.26 3990.01 1211772546
1587.53 3585.67 1211772607
1617.67 3427.07 1211772667
1576.9 3109.87 1211772727
1579.55 3108.75 1211772729
1388.98 3078.6 1211772786
1468.76 2985.9 1211772820
1602.6 3002.65 1211772856
1700.1 2924.47 1211772917
1755.95 2568.21 1211772963
1823.31 2115.92 1211773024
1825.09 2035.52 1211773053
1662.88 1933.9 1211773112
1008.72 1237.11 1211773237
700.252 932.279 1211773297
309.352 526.976 1211773352
49.6381 196.495 1211773416
65.5932 43.5412 1211773533
66.4796 51.3563 1211773539
71.7979 46.8905 1211773603
70.9116 48.007 1211773659
59.3884 120.576 1211773741
66.4796 283.58 1211773801
532.723 749.164 1211773862
904.122 1125.45 1211773921
1192.2 1416.88 1211773977
1306.55 1634.63 1211774041
1271.09 1853.5 1211774100
1175.36 2511.25 1211774158
1055.7 3239.43 1211774218
1126.61 3568.91 1211774278
1271.09 3586.79 1211774312
1271.09 3587.9 1211774325
1253.36 3874.96 1211774375
1458.12 4019.05 1211774433
2234.6 4149.74 1211774493
2640.57 4148.62 1211774554
2639.68 4147.5 1211774582
2723 4062.61 1211774638
2863.05 3916.29 1211774689
2993.35 3262.88 1211774839
3139.61 3133.33 1211774906
3464.03 2713.39 1211774959
3746.79 2513.49 1211775022
3815.93 2103.64 1211775080
3629.79 1859.08 1211775127
3629.79 1859.08 1211775135
3621.81 1884.76 1211775190
3425.91 1718.38 1211775251
3225.59 1884.76 1211775318
3060.72 2046.69 1211775370
2741.62 2371.66 1211775436
2579.41 2538.06 1211775497
2576.75 2540.29 1211775531
2550.16 2569.33 1211775795
2504.06 2703.34 1211775848
2529.77 2734.61 1211775909
2821.39 3038.39 1211775968
3191.91 3432.65 1211776033
3737.04 3715.23 1211776100
3804.4 3735.34 1211776164
3779.59 3831.4 1211776193
3779.59 3831.4 1211776195
3684.74 3947.56 1211776245
3639.54 4013.46 1211776279
3421.48 4316.17 1211776280
3059.83 4824.43 1211776341
2129.12 5216.54 1211776461
1998.82 5304.8 1211776539
1997.93 5311.5 1211776549
1910.18 5366.24 1211776607
1825.97 5383 1211776642
1363.27 5016.58 1211776775
1401.39 4769.7 1211776819
1492.69 4244.68 1211776878
1574.24 3673.91 1211776938
1632.74 3350 1211776999
1693.01 3011.59 1211777058
1792.29 2380.59 1211777122
1982.86 1945.07 1211777184
1555.62 1499.51 1211777244
1526.37 1471.6 1211777300
1373.91 1233.76 1211777361
1400.5 727.95 1211777425
1455.46 29.0274 1211777488
1460.78 -35.7259 1211777512
1459.89 -35.7259 1211777513
1473.19 -248.962 1211777573
1502.44 -654.207 1211777633
1524.6 -864.078 1211777674
1553.85 -1246.97 1211777734
1480.28 -1469.1 1211777810
1353.52 -1700.16 1211777862
1355.3 -1701.28 1211777869
1353.52 -1705.74 1211777885
1081.4 -2239.27 1211777934
994.535 -2671.2 1211777992
583.248 -3252.66 1211778064
301.374 -3604.19 1211778119
16.8415 -4048.32 1211778159
-91.2986 -4227.98 1211778189
-91.2986 -4229.09 1211778226
-153.346 -4330.64 1211778257
-461.812 -4850.6 1211778287
166.642 -5250.04 1211778407
850.052 -5507.77 1211778487
850.052 -5506.66 1211778489
850.052 -5506.66 1211778491
258.827 -5262.32 1211778551
-436.992 -4900.81 1211778620
-453.834 -4887.42 1211778626
-173.733 -4358.53 1211778693
66.4796 -3970.21 1211778744
66.4796 -3970.21 1211778755
376.718 -3516.03 1211778817
390.9 -3468.04 1211778870
395.332 -3470.27 1211779044
394.446 -3469.16 1211779118
396.218 -3464.69 1211779169
392.673 -3479.2 1211779224
393.559 -3470.27 1211779285
397.105 -3490.36 1211779346
396.218 -3511.56 1211779378
863.348 -3522.72 1211779438
1556.51 -3485.89 1211779503
2116.71 -3303.99 1211779563
2687.55 -3177.88 1211779618
2726.55 -3279.44 1211779652
2722.12 -3250.42 1211779708
2617.52 -2981.46 1211779745
2519.13 -2792.85 1211779779
2654.75 -3076.33 1211779849
2722.12 -3254.89 1211779924
2676.91 -3114.27 1211779978
2491.65 -2721.42 1211780034
2467.72 -2249.31 1211780096
2757.57 -1245.85 1211780145
2263.85 -1309.48 1211780195
1969.57 -1316.17 1211780245
1564.49 -1284.92 1211780295
1547.64 -1066.13 1211780366
1474.07 -880.822 1211780428
1474.96 -877.473 1211780429
1648.69 -871.892 1211780496
1738.22 -1105.2 1211780556
2338.31 -1255.9 1211780614
2785.05 -1664.44 1211780677
2705.28 -1889.91 1211780732
3591.67 -2554.01 1211780869
3557.99 -2511.6 1211780916
3557.1 -2512.72 1211780928
2966.76 -2098.63 1211781007
2738.07 -1934.56 1211781045
1975.77 -2345.3 1211781129
1545.87 -2329.68 1211781188
1187.77 -2042.83 1211781252
1364.16 -1712.44 1211781309
1463.44 -1512.63 1211781355
1525.48 -1376.45 1211781377
1543.21 -1083.99 1211781425
1507.76 -697.744 1211781477
1492.69 -339.39 1211781543
1494.46 -339.39 1211781544
1466.98 -16.7466 1211781604
1431.53 181.981 1211781665
1227.66 484.549 1211781725
1184.22 1045.05 1211781786
1182.45 1147.78 1211781864
1196.63 1414.65 1211781905
1292.36 1746.3 1211781977
1188.65 2454.3 1211782039
1095.58 3003.77 1211782094
1331.36 3492.96 1211782147
1308.32 3585.67 1211782193
1308.32 3585.67 1211782195
1300.34 3606.89 1211782221
1352.64 4005.64 1211782281
2503.18 4206.7 1211782419
2503.18 4206.7 1211782420
2661.84 4132.98 1211782495
2431.38 3955.38 1211782542
2532.43 3279.64 1211782666
1725.81 3143.38 1211782723
1739.99 2761.42 1211782781
1819.77 2166.18 1211782841
1719.61 1966.28 1211782902
1493.57 1761.93 1211782976
1232.97 1455.96 1211783022
1115.97 1346.54 1211783082
990.103 1227.06 1211783148
901.463 1132.15 1211783169
903.236 1131.03 1211783205
779.141 1010.44 1211783218
587.68 820.623 1211783300
587.68 820.623 1211783306
446.743 674.356 1211783364
210.962 442.121 1211783424
52.2973 155.186 1211783485
48.7517 135.09 1211783517
51.4109 125.042 1211783536
52.2973 126.158 1211783558
37.2286 68.103 1211783668
51.4109 228.873 1211783734
50.5245 228.873 1211783758
410.401 285.813 1211783804
842.075 330.472 1211783874
990.989 683.289 1211783928
1182.45 897.666 1211783990
1387.21 914.414 1211784046
1401.39 1084.13 1211784105
1880.93 1040.59 1211784159
2668.05 280.231 1211784230
2889.65 -685.464 1211784275
2474.81 -2122.07 1211784321
2881.67 -3568.48 1211784377
3304.48 -5002.35 1211784426
3713.11 -6459.4 1211784471
4028.66 -9691.65 1211784581
