1276.41 908.831 1212839632
1399.62 1083.02 1212839696
1518.39 1067.38 1212839744
2693.75 684.405 1212839804
2888.76 -716.722 1212839864
3114.79 -1187.8 1212839935
3466.69 -1162.13 1212839984
3723.74 -977.942 1212840048
3585.47 -954.499 1212840104
3586.35 -956.732 1212840165
3586.35 -956.732 1212840225
3596.99 -987.988 1212840363
3664.35 -980.174 1212840423
3664.35 -975.709 1212840478
3667.01 -973.476 1212840537
3666.13 -973.476 1212840597
3664.35 -972.36 1212840657
3666.13 -973.476 1212840717
3667.01 -975.709 1212840777
3668.79 -972.36 1212840837
3666.13 -973.476 1212840902
3666.13 -973.476 1212840959
3665.24 -973.476 1212841021
3666.13 -973.476 1212841080
3666.13 -971.244 1212841141
3664.35 -971.244 1212841201
3664.35 -973.476 1212841262
3662.58 -973.476 1212841323
3662.58 -976.825 1212841382
3663.47 -975.709 1212841443
3663.47 -973.476 1212841503
3660.81 -967.895 1212841563
3660.81 -969.011 1212841623
3659.92 -971.244 1212841683
3659.04 -966.778 1212841743
3659.92 -967.895 1212841806
3659.04 -969.011 1212841869
3659.92 -969.011 1212841928
3659.92 -967.895 1212841984
3659.92 -966.778 1212842045
3660.81 -966.778 1212842097
3660.81 -970.127 1212842223
3661.7 -971.244 1212842277
3661.7 -972.36 1212842337
3660.81 -972.36 1212842397
3662.58 -972.36 1212842459
3663.47 -973.476 1212842517
3663.47 -973.476 1212842545
3661.7 -970.127 1212842605
3660.81 -969.011 1212842666
3661.7 -970.127 1212842727
3661.7 -969.011 1212842788
3663.47 -971.244 1212842848
3664.35 -972.36 1212842902
3664.35 -972.36 1212842930
3614.72 -984.639 1212842990
3440.98 -1156.55 1212843050
2946.38 -1190.04 1212843089
2241.69 -1310.59 1212843184
2012.12 -1316.17 1212843211
1561.83 -1255.9 1212843276
1532.58 -907.614 1212843326
1492.69 -360.602 1212843387
1449.25 179.749 1212843447
1434.19 408.627 1212843508
1425.32 574.986 1212843533
1390.75 1084.13 1212843591
1482.94 1347.65 1212843658
1411.14 2005.37 1212843718
1351.75 2514.61 1212843773
1270.2 2937.88 1212843833
1227.66 3155.66 1212843899
1115.97 3248.36 1212843953
1115.97 3248.36 1212843966
1081.4 3243.9 1212844028
1051.26 3142.26 1212844086
1658.44 3236.08 1212844146
2222.19 3318.73 1212844206
2299.31 3142.26 1212844270
2315.26 2864.16 1212844331
2308.17 2920.01 1212844391
2313.49 2904.37 1212844461
2309.94 2902.14 1212844521
2310.83 2934.53 1212844582
2304.63 2944.58 1212844642
2309.06 2916.66 1212844702
2307.28 2916.66 1212844762
2305.51 2912.19 1212844826
2308.17 2908.84 1212844882
2309.06 2907.72 1212844942
2311.72 2899.9 1212845007
2310.83 2901.02 1212845113
2310.83 2901.02 1212845135
2307.28 2907.72 1212845196
2309.06 2908.84 1212845256
2309.94 2913.31 1212845317
2308.17 2914.42 1212845377
