9658.15 6857.8 1211939869
11142 7151.68 1211939931
12148.9 6302.49 1211939982
13356.2 4709.37 1211940089
15971.9 3272.93 1211940203
17291.8 2619.58 1211940258
20221.3 -773.655 1211940405
21098.8 -2040.59 1211940458
21770.7 -3226.99 1211940514
21272.6 -3488.13 1211940578
20807.2 -3974.67 1211940618
20159.3 -4847.26 1211940678
19818.9 -5388.39 1211940773
19818 -5381.7 1211940835
19812.7 -5389.51 1211940862
19911.1 -5420.75 1211940903
20455.3 -4724.52 1211940974
20959.7 -3667.79 1211941025
21935.6 -3166.72 1211941146
21074.9 -1969.16 1211941202
18288.1 1512.91 1211941358
17251.9 2660.9 1211941414
15908.1 3290.8 1211941458
14654.8 4089.42 1211941504
11853.8 4879.17 1211941612
12273.9 6313.66 1211941660
10636.7 7204.2 1211941777
9161.77 6807.52 1211941852
6390.02 5770.67 1211941953
5413.21 4595.43 1211942006
4442.61 3448.29 1211942055
3516.33 2963.56 1211942115
3300.05 2938.99 1211942236
3200.77 2842.95 1211942254
2960.56 2612.88 1211942327
2814.3 2471.05 1211942373
2494.31 2152.78 1211942433
1907.52 1569.86 1211942497
1786.08 1459.31 1211942569
1536.12 1464.9 1211942622
1381 1310.8 1211942687
1072.54 1079.67 1211942742
965.284 1059.57 1211942798
1043.29 217.708 1211942933
1084.06 -351.67 1211942988
545.133 -407.49 1211943038
321.761 -848.449 1211943159
329.739 -942.22 1211943166
130.3 -812.727 1211943222
74.4571 -261.242 1211943282
67.366 70.3359 1211943342
77.1163 78.151 1211943386
522.973 103.829 1211943446
905.009 126.158 1211943506
1287.04 155.186 1211943567
1479.39 166.351 1211943627
2023.64 204.311 1211943687
2058.21 -170.813 1211943734
2059.98 -177.512 1211943743
2071.5 -309.248 1211943757
2189.39 -309.248 1211943779
2189.39 -309.248 1211943792
2290.44 -55.8217 1211943839
2389.72 318.191 1211943903
2254.99 405.277 1211943987
2515.59 185.331 1211944042
2549.27 -136.204 1211944102
2593.59 -751.328 1211944165
2656.52 -1788.34 1211944223
2790.37 -3290.6 1211944278
3216.73 -4705.55 1211944337
3668.79 -6180.5 1211944379
3929.39 -7644.03 1211944434
4184.67 -9146.34 1211944483
2573.2 -11594.9 1211944582
2607.77 -13112.1 1211944637
2889.65 -14575.5 1211944692
3267.25 -16053.2 1211944759
4034.87 -16179.1 1211944815
4459.45 -15873.8 1211944869
4386.77 -15855.9 1211944940
3857.59 -16087.7 1211945005
3123.65 -15245.3 1211945060
2821.39 -13740.8 1211945107
2578.52 -12286.1 1211945174
3103.27 -10874.7 1211945214
4057.03 -9674.92 1211945266
4042.85 -8152.64 1211945317
3776.04 -6657.96 1211945370
3437.44 -5159.67 1211945431
2964.99 -3729.17 1211945479
2458.86 -2315.17 1211945531
2912.69 -889.753 1211945591
2640.57 176.399 1211945653
2724.78 390.763 1211945659
2711.48 1578.8 1211945758
2954.35 1355.47 1211945804
2996.01 1307.45 1211945837
3471.12 1756.35 1211945892
3644.85 1929.43 1211945967
3700.7 2188.51 1211946012
3356.78 2544.76 1211946072
3437.44 2694.41 1211946138
3506.58 2600.6 1211946161
3279.66 2627.4 1211946217
3137.84 2764.77 1211946277
3143.15 3074.13 1211946337
3436.55 3366.75 1211946397
3463.14 3460.57 1211946442
3479.98 3386.86 1211946502
3581.03 3217.09 1211946567
3221.16 2880.92 1211946625
3124.54 2792.69 1211946730
2907.37 3084.18 1211946790
3204.32 3135.56 1211946857
3206.09 3125.51 1211946910
3601.42 3499.67 1211947034
3914.32 3564.45 1211947093
3602.31 4055.91 1211947157
3154.68 4682.56 1211947226
3008.42 4881.41 1211947276
2995.13 4737.3 1211947346
3007.54 4621.13 1211947370
3122.77 3940.86 1211947430
3370.96 3622.53 1211947592
3690.06 3625.88 1211947681
3815.93 3642.63 1211947741
3812.38 3635.93 1211947790
3799.09 3443.82 1211947810
3618.26 3443.82 1211947870
3271.68 3685.08 1211947943
2746.94 3756.56 1211948090
2732.75 3889.48 1211948129
2732.75 3889.48 1211948131
2751.37 4036.92 1211948191
3025.26 4080.48 1211948251
3205.2 4177.66 1211948311
3117.45 4008.99 1211948371
3448.96 3728.64 1211948471
