3238.89 2884.27 1211929688
3394.89 2696.64 1211929738
3375.39 2475.52 1211929798
3306.25 2195.21 1211929864
3619.15 1870.25 1211929924
3619.15 1870.25 1211929927
3615.6 1748.53 1211929988
3774.27 454.403 1211930047
3872.66 -1039.34 1211930102
3177.72 -2272.75 1211930163
564.633 -3126.55 1211930286
-46.9789 -3185.7 1211930352
95.7306 -3096.41 1211930403
156.005 -2891.06 1211930463
105.481 -2410.04 1211930523
142.71 -2317.4 1211930583
140.05 -2316.28 1211930605
140.05 -2316.28 1211930608
94.8442 -2293.96 1211930620
79.7755 -2356.46 1211930654
146.255 -2879.9 1211930735
146.255 -2879.9 1211930737
140.05 -2929.01 1211930798
-332.398 -2828.57 1211930867
-633.772 -2724.77 1211930927
-892.599 -2118.73 1211930978
-1395.18 -1653.28 1211931044
-1396.96 -1651.05 1211931099
-1630.08 -1600.82 1211931165
-2032.5 -1476.91 1211931225
-2311.72 -948.918 1211931281
-2462.4 -271.29 1211931364
-2434.04 522.51 1211931466
-2080.37 754.747 1211931522
-1703.65 937.862 1211931582
-1530.8 1252.74 1211931625
-600.975 1372.22 1211931676
-464.471 1539.71 1211931744
-532.723 1604.48 1211931779
-532.723 1604.48 1211931781
-507.904 1605.6 1211931833
-195.893 1650.26 1211931877
-329.739 2560.39 1211931973
121.436 2666.49 1211932033
407.741 2715.63 1211932103
983.011 2800.51 1211932148
1173.59 2753.6 1211932222
1465.21 2763.65 1211932274
1834.84 2815.02 1211932329
2370.22 2878.68 1211932390
2445.56 2906.6 1211932437
2445.56 2906.6 1211932459
2453.54 2907.72 1211932460
2613.98 2850.76 1211932564
2637.02 2844.06 1211932594
3175.95 3372.34 1211932775
3173.29 3371.22 1211932835
3352.34 3581.2 1211933053
3437.44 3697.36 1211933186
3597.88 3705.18 1211933246
3597.88 3705.18 1211933251
3648.4 3567.8 1211933335
3798.2 3706.3 1211933392
3753.88 3860.44 1211933451
3592.56 4064.84 1211933519
3444.53 3943.09 1211933579
3365.64 3697.36 1211933630
3315.12 3534.29 1211933689
3263.7 3482.91 1211933750
3092.63 3301.97 1211933792
3092.63 3301.97 1211933820
2687.55 2888.74 1211933887
2285.12 2503.44 1211933943
2083.91 2312.47 1211934000
1875.61 2110.34 1211934065
1733.79 1954 1211934134
1568.03 1909.33 1211934181
1817.99 1483.88 1211934241
1724.92 1393.43 1211934272
1724.92 1393.43 1211934274
1685.92 1325.32 1211934333
1981.09 1060.69 1211934414
2016.55 954.61 1211934473
1814.45 934.512 1211934533
1964.25 1348.77 1211934603
2098.98 1485 1211934655
2581.18 1962.93 1211934720
2847.99 2237.65 1211934777
3035.9 2424.15 1211934813
3035.9 2420.8 1211934835
3143.15 2744.67 1211934895
2887.87 2819.49 1211934955
2859.51 2793.81 1211935014
2781.51 2731.26 1211935069
2954.35 2878.68 1211935118
2893.19 2982.55 1211935183
2845.33 3193.64 1211935233
2925.99 3208.16 1211935293
2989.81 3171.3 1211935395
3212.29 3144.49 1211935456
3212.29 3144.49 1211935468
2831.14 3092 1211935556
2779.73 3553.28 1211935616
2749.6 3836.98 1211935682
2722.12 3943.09 1211935770
2870.15 3935.27 1211935833
2913.58 3771.08 1211935871
3102.38 3406.96 1211935991
3073.13 3335.48 1211936024
3078.45 3361.17 1211936088
2844.44 3318.73 1211936151
2793.03 3469.51 1211936205
2672.48 3638.16 1211936294
2534.2 3574.5 1211936354
2278.03 3558.86 1211936415
2231.94 3589.02 1211936454
2231.94 3589.02 1211936455
2215.1 3561.1 1211936515
2374.65 3564.45 1211936578
2487.22 3492.96 1211936636
2660.07 3389.09 1211936697
2601.57 3280.75 1211936734
2187.62 3210.39 1211936794
1568.03 3118.81 1211936855
1019.35 3024.99 1211936915
1079.63 2132.67 1211937040
1116.86 1899.28 1211937095
1162.06 1637.98 1211937171
1052.15 1540.83 1211937219
551.337 1463.78 1211937275
451.175 1512.91 1211937320
446.743 1525.2 1211937364
452.948 1339.84 1211937431
149.801 1287.35 1211937498
31.0238 1145.55 1211937551
28.3646 955.727 1211937612
27.4782 956.843 1211937636
26.5918 956.843 1211937638
27.4782 954.61 1211937698
31.9102 953.494 1211937762
33.683 953.494 1211937827
41.6605 992.574 1211937881
33.683 955.727 1211937940
56.7292 986.991 1211938008
151.573 1279.54 1211938071
274.782 1301.87 1211938119
273.896 1301.87 1211938184
273.896 1301.87 1211938216
273.896 1301.87 1211938217
273.896 1298.52 1211938287
273.896 1298.52 1211938306
309.352 1306.34 1211938331
452.061 1328.67 1211938358
685.183 1157.83 1211938440
983.898 1096.42 1211938491
1152.31 1081.9 1211938552
1316.3 1100.88 1211938628
1795.84 1106.47 1211938677
2111.39 1507.33 1211938737
2280.69 1673.71 1211938782
2280.69 1673.71 1211938786
2489 1881.41 1211938844
2723 2397.34 1211938904
2559.91 2582.73 1211938981
2658.3 2851.88 1211939025
3007.54 2934.53 1211939093
3308.91 3224.91 1211939145
3353.23 3275.17 1211939213
3460.48 3218.21 1211939272
3646.63 2921.12 1211939328
3752.11 2934.53 1211939388
3841.63 2821.73 1211939450
