2285.12 -1298.31 1212492210
2095.44 -1317.29 1212492237
1580.44 -1331.8 1212492268
1068.99 -1365.29 1212492327
756.981 -1272.64 1212492388
650.614 -939.987 1212492450
173.733 -972.36 1212492510
129.414 -558.2 1212492571
71.7979 -30.1438 1212492631
44.3197 374.015 1212492692
18.6143 793.826 1212492752
-107.254 1223.71 1212492813
-110.799 1227.06 1212492866
-671.887 1166.76 1212492908
-1318.07 1036.12 1212492968
-1259.57 654.259 1212493018
-1021.13 423.141 1212493083
-697.592 365.083 1212493138
-632.886 427.607 1212493154
-715.32 359.501 1212493215
-986.557 248.97 1212493274
-1089.38 752.514 1212493339
-1259.57 559.355 1212493395
-1659.33 475.616 1212493454
-2162.8 308.143 1212493519
-2434.04 245.62 1212493575
-2689.32 231.106 1212493635
-2585.61 442.121 1212493695
-2632.59 234.455 1212493755
-2902.06 216.592 1212493819
-3532.28 180.865 1212493876
-3720.2 168.584 1212493919
-4219.24 141.789 1212493974
-4783.87 112.761 1212494034
-5305.96 82.6168 1212494094
-5320.14 -119.458 1212494129
-5242.14 -1574.03 1212494249
-5202.25 -2410.04 1212494310
-5051.56 -2934.59 1212494370
-4161.62 -2883.25 1212494430
-3489.73 -3042.85 1212494490
-3471.12 -3464.69 1212494550
-3511.89 -4393.12 1212494610
-3293.84 -4772.5 1212494673
-3235.34 -4846.14 1212494705
-2627.27 -5117.27 1212494765
-2373.76 -4863.99 1212494821
-2298.42 -4865.11 1212494881
-2299.31 -4865.11 1212494917
-1810.02 -4996.77 1212494977
-1424.44 -5090.49 1212495037
-985.671 -4429.95 1212495098
-685.183 -3566.24 1212495158
768.504 -3184.58 1212495217
1936.77 -3028.34 1212495267
2528.88 -2495.98 1212495323
2707.94 -1990.37 1212495383
2572.32 -2106.45 1212495443
2543.07 -2485.93 1212495503
2746.94 -3029.45 1212495563
2743.39 -3040.61 1212495623
2828.48 -3582.98 1212495683
2991.58 -4005.92 1212495744
2990.69 -4022.66 1212495804
2853.3 -3641.01 1212495864
2721.23 -3247.08 1212495925
2626.39 -3088.6 1212495985
2619.3 -3125.43 1212496051
2182.3 -3281.67 1212496106
1447.48 -3466.92 1212496167
620.476 -3524.95 1212496232
64.7068 -3970.21 1212496287
26.5918 -4028.23 1212496347
26.5918 -4029.35 1212496408
27.4782 -4027.12 1212496468
25.7054 -4028.23 1212496527
25.7054 -4030.47 1212496587
23.9326 -4030.47 1212496647
353.671 -3886.52 1212496708
778.254 -4145.4 1212496768
908.554 -4456.73 1212496830
1240.07 -4668.73 1212496890
2334.76 -4557.15 1212496952
3071.36 -4283.77 1212497012
2855.96 -3648.82 1212497073
2682.23 -3108.69 1212497133
3149.36 -2748.21 1212497194
3199 -2754.91 1212497254
3199.88 -2754.91 1212497321
3199.88 -2754.91 1212497375
3199.88 -2754.91 1212497436
3199.88 -2754.91 1212497496
3199 -2754.91 1212497563
3199.88 -2754.91 1212497618
3200.77 -2754.91 1212497678
3199.88 -2754.91 1212497741
3199.88 -2756.02 1212497805
3200.77 -2754.91 1212497864
3199.88 -2754.91 1212497920
3199.88 -2756.02 1212497981
3199.88 -2754.91 1212497988
3292.07 -2648.88 1212498047
2765.55 -3020.52 1212498107
2232.83 -3256 1212498167
1530.8 -3466.92 1212498227
1215.25 -3489.24 1212498278
528.291 -3526.07 1212498324
812.824 -2968.07 1212498384
418.378 -3001.55 1212498456
162.21 -2876.56 1212498515
717.093 -2554.01 1212498566
828.779 -2011.57 1212498632
397.105 -1234.69 1212498775
338.603 -1240.27 1212498798
132.073 -860.729 1212498862
102.822 -348.321 1212498918
-32.7966 78.151 1212498978
-319.102 238.921 1212499038
-1033.54 188.68 1212499103
-1256.02 531.442 1212499163
-1330.48 1032.77 1212499218
-1064.56 1089.72 1212499264
-571.724 1258.32 1212499327
-588.566 1332.02 1212499382
-592.111 1342.07 1212499442
-587.68 1333.14 1212499525
-589.452 1319.74 1212499549
-174.62 1439.22 1212499610
630.226 1572.1 1212499667
1050.38 1470.48 1212499711
2176.1 1027.19 1212499771
2610.43 -53.5889 1212499831
2748.71 -1534.96 1212499881
2675.14 -3027.22 1212499942
3161.77 -4462.3 1212499979
3876.2 -7355.14 1212500071
3653.72 -10272.6 1212500178
2879.01 -14369.4 1212500333
3210.52 -15855.9 1212500382
4386.77 -15877.1 1212500536
4379.67 -15886 1212500592
4377.9 -15886 1212500594
3938.25 -16175.7 1212500654
3189.25 -15550.6 1212500714
2901.17 -14027.2 1212500767
2596.25 -12536.9 1212500818
3927.61 -9920.25 1212500920
4095.14 -8415.85 1212500968
3833.66 -6951.34 1212501020
3560.65 -5475.42 1212501071
3043.88 -4026 1212501119
2475.7 -2594.19 1212501169
2701.73 299.211 1212501294
2677.8 1172.34 1212501318
2449.99 1876.95 1212501378
1997.93 2329.22 1212501438
1866.75 2711.16 1212501498
1732.9 2696.64 1212501564
1724.04 2701.11 1212501618
1588.42 2770.35 1212501684
1545.87 3045.09 1212501739
1505.1 3295.27 1212501800
1454.57 3595.72 1212501854
1403.16 3898.41 1212501904
1355.3 4223.46 1212501958
1165.61 4375.37 1212502018
1063.67 4727.25 1212502083
543.36 4645.7 1212502144
82.4347 4571.97 1212502200
-319.102 4504.95 1212502260
-528.291 4744 1212502320
-656.818 4566.39 1212502380
-301.374 4074.9 1212502508
-198.552 3642.63 1212502562
-486.631 3117.69 1212502668
-604.521 3096.47 1212502701
-858.03 3052.91 1212502725
-1010.49 3231.61 1212502769
-1119.52 3314.26 1212502834
-1117.74 3313.14 1212502864
-796.869 3363.4 1212502935
-590.339 3096.47 1212502984
-54.9565 3180.23 1212503049
648.841 3276.29 1212503110
1151.43 3348.88 1212503166
1592.85 3438.24 1212503226
2037.82 3504.13 1212503291
2183.19 3526.47 1212503351
2625.5 3597.95 1212503406
3053.63 3650.45 1212503493
3019.06 3863.79 1212503558
3019.06 3863.79 1212503559
2971.19 4208.94 1212503625
2462.4 4335.16 1212503686
2272.72 4507.19 1212503741
2304.63 4757.41 1212503800
2242.58 5113.77 1212503874
1638.94 5203.14 1212503981
1528.14 5234.42 1212504101
1693.9 5143.93 1212504157
2368.45 5245.59 1212504205
2677.8 5161.8 1212504265
2983.6 4899.28 1212504325
3302.71 4434.58 1212504385
3574.83 4044.74 1212504445
3985.23 3470.63 1212504565
4168.71 3121.04 1212504634
4168.71 3119.92 1212504646
4168.71 3119.92 1212504654
4050.82 3148.96 1212504702
4138.58 3012.7 1212504735
4208.6 2762.53 1212504792
4038.41 2324.75 1212504853
4038.41 2324.75 1212504870
3794.65 2502.32 1212504925
4058.8 2897.67 1212504986
4133.26 2968.03 1212505046
4053.48 3096.47 1212505107
3760.09 3387.97 1212505167
3505.69 3651.57 1212505233
3459.6 3853.74 1212505293
3160.88 3797.89 1212505354
3006.65 3767.73 1212505411
2979.17 3762.14 1212505424
2687.55 3621.41 1212505500
2512.04 3475.09 1212505555
2401.24 3276.29 1212505615
2406.56 3146.73 1212505675
2406.56 3146.73 1212505677
