-148.028 4526.18 1212835808
-12.4095 4317.29 1212835868
3.54558 4168.73 1212835930
159.551 4168.73 1212835989
583.248 4226.81 1212836053
993.648 4289.36 1212836115
1204.61 4156.44 1212836171
1406.71 4029.1 1212836258
2668.05 4201.12 1212836313
2681.34 4175.43 1212836373
2676.91 4175.43 1212836433
2678.68 4177.66 1212836493
2678.68 4179.9 1212836555
2677.8 4179.9 1212836600
2366.67 4078.25 1212836655
2471.27 3692.89 1212836715
2480.13 3487.38 1212836777
2504.95 3470.63 1212836836
2526.22 3306.44 1212836871
2526.22 3306.44 1212836873
2777.07 3635.93 1212836933
3395.78 3721.93 1212837005
3459.6 3823.58 1212837065
3458.71 3754.33 1212837295
3248.64 3676.14 1212837361
3238.89 3666.09 1212837395
3309.8 3933.04 1212837455
3438.32 4040.27 1212837515
3444.53 4082.72 1212837575
3446.3 4083.83 1212837635
3189.25 4211.17 1212837695
2980.06 4280.43 1212837728
2691.09 4236.86 1212837770
2533.32 4252.5 1212837803
2379.08 4289.36 1212837863
2251.44 4181.01 1212837897
2278.92 4036.92 1212837933
2355.15 3745.39 1212837993
2331.22 3596.84 1212838059
2220.42 3539.87 1212838119
1740.88 3460.57 1212838179
1335.8 3376.81 1212838239
1388.09 3032.81 1212838299
1407.59 2826.19 1212838359
1539.67 2889.85 1212838419
1304.77 2846.3 1212838479
1334.91 2607.3 1212838540
1336.68 2595.01 1212838542
1381.89 2077.96 1212838603
1472.3 1576.56 1212838668
1364.16 1266.14 1212838723
1363.27 940.095 1212838783
1361.5 937.862 1212838843
1358.84 936.745 1212838906
1358.84 934.512 1212838964
1358.84 935.629 1212839024
