3122.77 2847.41 1211148901
3135.18 2834.01 1211148964
3178.61 2796.04 1211149105
2886.99 3017.17 1211149165
2856.85 3251.71 1211149225
2566.11 3252.83 1211149304
2404.79 3165.71 1211149390
2364.01 3137.79 1211149398
2413.65 3059.61 1211149457
2268.28 3012.7 1211149525
1587.53 2907.72 1211149589
1310.98 2859.7 1211149640
1302.11 2858.58 1211149699
1068.11 3042.86 1211149759
972.375 3658.27 1211149820
853.598 4535.11 1211149914
823.46 4660.22 1211149966
798.641 4870.24 1211150021
514.109 4849.01 1211150081
503.472 4851.24 1211150102
399.764 4828.9 1211150166
334.171 4821.08 1211150207
-220.712 4844.54 1211150268
-451.175 5004.29 1211150328
-929.828 5051.21 1211150406
-1600.83 4849.01 1211150449
-2943.72 4808.8 1211150510
-3277 2637.45 1211150633
-3257.5 2267.8 1211150684
-3229.13 1693.81 1211150761
-3214.07 1503.98 1211150803
-3585.47 1431.4 1211150869
-4143.01 1397.9 1211150944
-5332.55 1332.02 1211151045
-6307.58 1276.19 1211151109
-6593.89 1265.02 1211151172
-6593.89 1263.91 1211151187
-6593.89 1265.02 1211151256
-4843.26 1351 1211151381
-4392.08 1381.15 1211151438
-4026.89 1401.25 1211151498
-3504.8 1432.52 1211151558
-3196.34 1451.5 1211151632
-2582.07 1485 1211151679
-1829.52 1603.36 1211151804
-1750.63 1615.65 1211151868
-1648.69 1409.07 1211151981
-1631.85 1316.39 1211152039
-1630.97 1302.99 1211152115
-1096.47 1287.35 1211152171
-400.65 1405.72 1211152221
-283.646 1277.3 1211152268
-283.646 1277.3 1211152269
-380.263 1407.95 1211152354
-244.645 1431.4 1211152386
316.443 1526.31 1211152447
810.165 1614.53 1211152502
983.898 1632.4 1211152573
1142.56 1658.08 1211152640
1394.3 1817.76 1211152683
1966.91 1479.41 1211152748
2579.41 1970.75 1211152804
3144.93 2523.54 1211152926
3504.8 2875.33 1211152997
3776.04 3151.2 1211153049
4032.21 3428.18 1211153110
4221.01 3093.12 1211153147
4220.12 2935.64 1211153198
4205.06 2778.17 1211153239
4205.94 2778.17 1211153298
4205.94 2778.17 1211153326
4197.08 2574.91 1211153328
4046.39 2176.23 1211153393
4046.39 2171.76 1211153447
3979.02 2111.46 1211153500
3747.68 1890.35 1211153566
3430.35 1547.53 1211153621
3814.16 98.2472 1211153676
3807.06 -827.239 1211153741
3748.56 -1017.01 1211153801
3742.36 -974.593 1211153820
3610.28 -916.544 1211153880
3610.28 -914.312 1211153940
3592.56 -926.591 1211154000
3583.69 -936.638 1211154066
3586.35 -937.754 1211154130
3586.35 -938.871 1211154150
3587.24 -943.336 1211154222
3582.81 -947.801 1211154330
3583.69 -954.499 1211154437
3581.92 -958.964 1211154599
3582.81 -958.964 1211154654
3583.69 -951.15 1211154716
3579.26 -926.591 1211154773
3576.6 -957.848 1211154915
3629.79 -971.244 1211154985
3630.67 -971.244 1211155062
3629.79 -970.127 1211155117
