9722.86 6867.86 1212631351
11177.4 7177.38 1212631410
12570.8 7647.82 1212631468
12287.2 9148.74 1212631523
12772.1 10121.2 1212631583
12822.6 10146.9 1212631644
13476.7 10343.6 1212631704
14144.2 10452.1 1212631769
14566.1 10519.1 1212631825
14614 10948.4 1212631887
14622.8 10950.7 1212631928
14622.8 10950.7 1212631929
14754.9 10873.5 1212631999
14571.4 10698 1212632049
14477.5 10505.7 1212632109
13884.5 10406.2 1212632169
13248.1 10287.7 1212632229
13013.2 10230.7 1212632291
12827 10177.1 1212632350
12553.1 10036.2 1212632417
12220.7 9273.92 1212632470
12522.1 7705.93 1212632525
11092.3 7253.36 1212632577
10204.2 7041.05 1212632637
8787.71 6705.84 1212632693
7392.53 6234.33 1212632742
6047.87 5341.67 1212632807
5087.02 4207.82 1212632857
4137.69 3087.53 1212632911
3667.01 3152.31 1212632971
3550.9 3276.29 1212633031
3393.12 3715.23 1212633113
3487.96 3735.34 1212633173
