1222.34 2416.33 1212131193
156.005 2249.93 1212131194
-992.762 1972.98 1212131195
-897.031 1352.12 1212131196
-805.733 825.089 1212131197
-1125.72 657.609 1212131234
-1242.73 637.511 1212131289
-1307.43 941.212 1212131351
-1312.75 961.31 1212131360
-975.92 1106.47 1212131419
-417.492 1194.68 1212131481
-165.756 1248.27 1212131507
214.507 1315.27 1212131567
621.363 1374.45 1212131627
612.499 1368.87 1212131687
448.516 1332.02 1212131723
292.51 1521.85 1212131781
923.623 1639.1 1212131841
1075.2 1665.9 1212131901
1210.81 2270.03 1212131961
1066.33 3027.22 1212132023
965.284 3024.99 1212132083
956.42 3020.52 1212132109
1063.67 2927.82 1212132163
1200.18 2950.16 1212132224
1556.51 3011.59 1212132285
1947.41 3079.72 1212132351
2542.18 3403.61 1212132411
3295.61 3705.18 1212132535
3316 3835.86 1212132595
3267.25 3825.81 1212132620
2743.39 4248.03 1212132761
2267.4 4169.84 1212132821
1368.59 4097.24 1212132882
1498.01 4357.5 1212132942
1597.28 4369.79 1212133003
2046.68 4453.57 1212133063
2194.71 4480.38 1212133100
2206.24 4481.49 1212133101
2402.13 4356.38 1212133167
2623.73 4158.67 1212133222
2871.03 3922.99 1212133294
2895.85 3708.53 1212133343
3482.64 3790.07 1212133403
2902.94 3749.86 1212133529
3024.38 3291.92 1212133611
3120.11 3076.37 1212133671
2793.92 2743.55 1212133731
2444.68 2386.18 1212133791
1893.34 1837.86 1212133851
1693.9 1642.45 1212133912
1374.8 1308.57 1212133973
1369.48 1118.75 1212134033
1365.93 1112.05 1212134055
1469.64 1631.28 1212134126
1420.89 1917.15 1212134176
1369.48 2241 1212134236
1310.98 2617.35 1212134296
1243.61 3039.51 1212134357
1196.63 3354.47 1212134417
1134.58 3719.7 1212134478
1061.01 4187.71 1212134539
920.077 4590.96 1212134600
286.305 4493.78 1212134660
-50.5245 4521.71 1212134721
-75.3435 4544.05 1212134754
-82.4347 4550.75 1212134755
-82.4347 4551.87 1212134781
-334.171 4401.07 1212134841
-808.392 4321.76 1212134909
-945.783 4292.71 1212134958
-1381 4129.63 1212135018
-1064.56 3683.96 1212135078
-1018.47 3222.67 1212135138
-920.077 2972.5 1212135198
-984.784 2915.54 1212135258
-1053.92 2425.26 1212135325
-1084.06 2052.27 1212135385
-1577.78 1977.45 1212135450
-1758.61 1951.77 1212135500
-1757.72 1951.77 1212135508
-1758.61 1951.77 1212135519
-1794.06 1940.6 1212135580
-2050.23 2333.69 1212135640
-1498.89 2409.63 1212135705
-627.567 2533.59 1212135761
-367.854 2579.38 1212135786
226.917 2692.18 1212135846
226.917 2692.18 1212135859
377.604 2708.93 1212135907
994.535 2696.64 1212135966
1063.67 2259.98 1212136026
1150.54 1640.21 1212136086
1166.5 1194.68 1212136151
1206.38 727.95 1212136206
1149.65 531.442 1212136269
1007.83 514.694 1212136328
1243.61 350.569 1212136389
1500.67 372.899 1212136449
1644.26 404.161 1212136510
1646.03 404.161 1212136570
1646.03 407.51 1212136631
1641.6 406.394 1212136691
1639.83 405.277 1212136752
1640.72 406.394 1212136813
1641.6 406.394 1212136873
1639.83 405.277 1212136933
1639.83 405.277 1212136994
1646.92 417.559 1212137054
1643.38 407.51 1212137120
1643.38 404.161 1212137175
1643.38 404.161 1212137237
1642.49 405.277 1212137297
1642.49 405.277 1212137358
1643.38 405.277 1212137418
1642.49 406.394 1212137479
1641.6 406.394 1212137540
1677.06 389.646 1212137601
1365.93 357.268 1212137661
1116.86 519.16 1212137722
1081.4 515.811 1212137726
839.416 495.714 1212137753
490.176 471.15 1212137815
272.123 459.985 1212137873
39.8877 451.053 1212137933
0 858.586 1212137993
-381.15 1177.93 1212138053
-832.324 1122.1 1212138113
-1126.61 973.592 1212138178
-959.079 990.341 1212138212
-942.237 992.574 1212138214
-849.166 1134.38 1212138274
-753.435 1377.8 1212138334
-194.12 1467.13 1212138394
443.197 1563.16 1212138454
1038.85 1534.13 1212138514
1236.52 1134.38 1212138574
2644.11 873.101 1212138637
2869.26 -490.102 1212138700
3009.31 -1207.9 1212138757
3715.77 -1145.39 1212138815
3633.33 -941.103 1212138875
3587.24 -973.476 1212138942
3565.08 -950.034 1212139060
3678.54 -951.15 1212139120
3696.26 -921.01 1212139177
3695.38 -922.126 1212139238
3696.26 -922.126 1212139299
3698.04 -922.126 1212139359
3696.26 -922.126 1212139425
3695.38 -922.126 1212139486
3695.38 -922.126 1212139541
3694.49 -922.126 1212139601
