10858.3 7123.74 1212165882
12288.1 7453.38 1212165940
12571.7 8137.3 1212165976
12207.4 9577.94 1212166035
11922 10979.7 1212166105
11951.3 11971.4 1212166156
12499.9 12116.7 1212166278
12982.1 12217.4 1212166338
13053.9 12712.7 1212166399
13233.9 12766.4 1212166459
13233.9 12767.5 1212166508
13233 12767.5 1212166509
13291.5 12534.9 1212166569
13085.8 12261 1212166629
12685.2 12167.1 1212166694
12066.5 12007.2 1212166749
11704.8 11765.7 1212166814
11930.9 10796.4 1212166856
12226 9320.87 1212166920
12567.3 7867.97 1212166968
11207.6 7250.01 1212167026
10592.4 7180.73 1212167088
9170.64 6776.23 1212167146
8643.23 6670.09 1212167167
8513.82 6643.27 1212167172
7510.42 6267.85 1212167233
5958.34 5171.86 1212167279
4996.61 4042.5 1212167332
3984.34 2926.71 1212167392
3549.12 3046.21 1212167440
3526.08 3172.42 1212167497
3435.66 3085.3 1212167557
3435.66 3089.77 1212167622
3437.44 3088.65 1212167684
3440.1 3081.95 1212167742
3440.1 3081.95 1212167798
3441.87 3077.48 1212167855
3437.44 3085.3 1212167915
3440.1 3071.9 1212167976
3195.45 3110.99 1212168050
3300.93 3290.8 1212168108
2536.86 3484.03 1212168333
2235.49 3554.39 1212168587
2211.55 3667.2 1212168648
2227.51 3871.61 1212168709
