2587.39 3073.01 1212161742
2432.27 3038.39 1212161802
2033.39 2984.78 1212161862
1528.14 2905.49 1212161922
1102.67 2836.24 1212161988
717.093 2787.1 1212162048
-170.188 2636.34 1212162102
-797.755 2514.61 1212162224
-1563.6 2415.21 1212162295
-2361.35 2347.09 1212162414
-3252.18 2295.72 1212162535
-3527.85 2280.08 1212162590
-3821.25 2048.92 1212162650
-3866.45 2146.08 1212162673
-3866.45 2146.08 1212162687
-3869.11 2233.18 1212162699
-3510.12 2267.8 1212162781
-456.493 2557.04 1212163073
182.597 2683.24 1212163123
800.414 2783.75 1212163188
953.76 2803.86 1212163238
1117.74 2723.45 1212163299
1538.78 2781.52 1212163359
1726.7 2730.15 1212163419
1768.36 2501.2 1212163479
1967.8 2431.96 1212163536
1968.68 2430.85 1212163538
1948.29 2330.34 1212163598
1717.83 2706.69 1212163684
1718.72 2698.88 1212163739
1609.69 2696.64 1212163812
1292.36 2617.35 1212163862
1333.14 2386.18 1212163921
1341.11 2271.15 1212164026
1342 2271.15 1212164063
1209.93 2271.15 1212164226
1200.18 2334.81 1212164234
1118.63 2855.23 1212164288
1045.06 3374.57 1212164335
959.079 3892.83 1212164393
850.939 4526.18 1212164450
818.142 4730.6 1212164517
795.982 4878.06 1212164588
719.752 4881.41 1212164604
714.434 4876.94 1212164661
714.434 4876.94 1212164673
658.591 4740.65 1212164737
710.888 4350.8 1212164792
785.345 4015.7 1212164858
821.688 3829.16 1212164914
1052.15 3248.36 1212164978
983.011 2933.41 1212165042
1060.13 2239.88 1212165165
1108.88 1922.73 1212165219
1014.04 1661.43 1212165283
1039.74 1506.21 1212165334
2590.04 1521.85 1212165456
3454.28 2405.16 1212165516
3910.77 2841.83 1212165577
