1225 3792.3 1212472892
942.237 3920.75 1212472955
771.163 4246.92 1212473025
410.401 4189.95 1212473075
410.401 4189.95 1212473089
52.2973 4132.98 1212473152
-95.7306 3920.75 1212473210
-3.54558 3487.38 1212473276
144.482 3350 1212473336
197.666 2975.85 1212473396
249.963 2681.01 1212473457
323.534 2199.68 1212473515
364.308 1939.48 1212473571
270.35 1668.13 1212473616
342.148 1630.16 1212473676
-111.686 1554.23 1212473736
-139.164 1536.36 1212473797
-148.028 1531.9 1212473916
-148.914 1529.66 1212474044
-147.141 1530.78 1212474102
-140.05 1557.58 1212474156
-155.119 1464.9 1212474216
104.595 1489.46 1212474281
766.731 1596.66 1212474339
1046.83 1448.15 1212474400
1382.78 1099.77 1212474464
2658.3 783.777 1212474517
2602.45 145.138 1212474550
2832.03 -1048.27 1212474611
2961.44 -1200.08 1212474672
3634.22 -1145.39 1212474738
3585.47 -942.22 1212474792
3586.35 -954.499 1212474853
3588.12 -952.266 1212474980
