-3215.84 -4967.76 1211090792
-3476.44 -2978.12 1211090967
-3395.78 -2853.12 1211091034
-3146.7 -2760.49 1211091080
-2779.73 -2296.19 1211091135
-2772.64 -2291.73 1211091170
-3236.23 -2098.63 1211091253
-3561.53 -1497.01 1211091385
-3623.58 -395.21 1211091476
-3679.42 541.49 1211091522
-3595.22 1371.1 1211091591
-3211.41 1648.03 1211091637
-3259.27 2568.21 1211091697
-2770.87 4747.36 1211091820
-1382.78 4828.9 1211091881
-514.109 4346.33 1211091951
-87.753 4317.29 1211091997
-37.2286 4328.46 1211092039
-30.1374 4329.58 1211092050
-30.1374 4325.11 1211092073
-288.078 4193.3 1211092128
-1250.7 4165.37 1211092248
-1404.05 3993.36 1211092313
-1554.74 3432.65 1211092368
-2114.05 3280.75 1211092428
-2214.21 2868.63 1211092507
-2213.33 2830.66 1211092540
-2213.33 2830.66 1211092567
-2372.88 2555.93 1211092629
-2493.43 2552.58 1211092663
-2095.44 2568.21 1211092717
-1652.24 2664.26 1211092789
-1071.65 2777.05 1211092842
-836.756 2836.24 1211092874
-156.892 2947.93 1211092940
616.044 3073.01 1211092994
920.077 3125.51 1211093054
1587.53 3226.03 1211093118
1813.56 3266.23 1211093176
2390.61 3341.06 1211093243
2705.28 3365.64 1211093282
2736.3 3379.04 1211093285
2759.35 3555.51 1211093358
2863.05 3905.12 1211093410
3478.21 3739.81 1211093702
3197.22 3574.5 1211093762
2231.05 3460.57 1211093823
2231.05 3460.57 1211093838
1971.34 3299.74 1211093898
1825.97 3160.13 1211093947
1399.62 3094.23 1211094008
1402.28 3092 1211094015
1370.37 3152.31 1211094076
1322.5 3466.16 1211094137
1295.02 3570.03 1211094209
1287.04 3656.03 1211094252
1554.74 3739.81 1211094289
2039.59 3540.99 1211094350
2111.39 3517.54 1211094410
2151.28 3525.35 1211094449
2370.22 3557.75 1211094536
2441.13 3562.21 1211094539
2403.9 3449.4 1211094610
2403.9 3449.4 1211094614
2579.41 3581.2 1211094672
2699.07 3611.36 1211094710
2814.3 4033.57 1211094781
2867.49 3864.9 1211094907
2947.26 3214.86 1211095094
2951.69 3217.09 1211095150
3170.63 2987.02 1211095217
3194.57 2869.75 1211095276
3127.2 2793.81 1211095339
2900.28 3019.41 1211095404
2935.74 2970.26 1211095521
2764.66 2978.08 1211095582
2478.36 2699.99 1211095633
2301.97 2519.07 1211095694
2214.21 2437.55 1211095756
1854.34 2303.54 1211095820
1978.43 1914.92 1211095885
1547.64 1480.53 1211095940
1396.07 836.255 1211096000
1461.66 2.23288 1211096117
1487.37 -439.865 1211096186
1490.92 -440.981 1211096194
1508.64 -672.068 1211096246
1326.93 -715.606 1211096295
1117.74 -571.596 1211096367
1081.4 -42.4245 1211096414
1020.24 660.958 1211096480
477.767 660.958 1211096539
112.572 1000.39 1211096656
163.097 1376.68 1211096776
41.6605 1374.45 1211096830
-414.833 1304.1 1211096838
-857.143 1240.46 1211096903
-1377.46 1148.9 1211096951
-2295.76 679.939 1211097137
-2622.84 660.958 1211097200
-4067.66 560.471 1211097352
-4053.48 376.248 1211097438
-4135.92 361.734 1211097455
-3950.66 222.174 1211097504
-3927.61 -196.491 1211097545
-4174.92 -477.822 1211097610
-4168.71 -899.8 1211097709
-3931.16 -887.52 1211097729
-3623.58 -265.708 1211097851
-3670.56 482.316 1211097901
-2911.81 633.045 1211097972
-1860.54 850.77 1211098023
-1171.81 1294.05 1211098084
-972.375 1802.13 1211098164
-1031.76 2418.56 1211098209
-648.841 2532.47 1211098275
-205.644 2628.52 1211098327
341.262 2722.33 1211098391
1129.27 2732.38 1211098512
1233.86 2953.51 1211098568
1240.07 3117.69 1211098615
1240.07 3117.69 1211098617
1363.27 3199.22 1211098677
1348.21 3399.14 1211098737
1903.09 3476.21 1211098791
2195.6 3528.71 1211098852
2512.93 3486.26 1211098912
2534.2 3405.84 1211098943
2075.94 3226.03 1211099044
2083.03 3304.21 1211099073
2083.03 3304.21 1211099075
2083.03 3304.21 1211099091
1802.93 3343.3 1211099160
1669.08 3166.83 1211099223
1751.52 2663.14 1211099277
1831.29 2102.52 1211099342
1387.21 1625.7 1211099453
1125.72 2854.11 1211099640
1215.25 3253.95 1211099694
1186.88 3362.29 1211099754
1178.02 3370.1 1211099814
1299.45 3293.04 1211099878
1309.2 3281.87 1211099910
1301.23 3282.99 1211099913
1209.93 3341.06 1211099941
1170.93 3476.21 1211099957
796.869 3415.9 1211100018
759.64 3219.32 1211100059
767.618 3163.48 1211100125
763.186 3185.82 1211100191
765.845 3109.87 1211100260
492.835 2845.18 1211100301
234.895 2812.79 1211100339
226.917 2764.77 1211100389
421.037 2519.07 1211100455
472.448 2213.08 1211100524
535.382 1813.3 1211100570
568.179 1583.26 1211100631
607.18 1366.63 1211100693
973.261 1129.91 1211100753
1010.49 650.909 1211100814
1031.76 315.958 1211100891
1090.27 -375.115 1211100937
1112.43 -716.722 1211101001
1160.29 -1323.99 1211101078
1173.59 -1441.19 1211101099
1045.06 -2145.51 1211101154
326.193 -2982.58 1211101214
-150.687 -3202.44 1211101279
-65.5932 -3181.23 1211101324
3.54558 -3143.29 1211101334
386.468 -3013.83 1211101385
602.748 -2979.23 1211101410
1020.24 -2625.44 1211101471
1022.9 -2616.51 1211101493
587.68 -3253.77 1211101558
300.488 -3614.23 1211101617
-72.6843 -4207.89 1211101679
-461.812 -4855.07 1211101737
-887.281 -5389.51 1211101794
-1434.19 -5696.32 1211101854
-1504.21 -6038.82 1211101915
-1444.82 -6199.47 1211101953
-1587.53 -6277.56 1211102014
-1588.42 -6277.56 1211102024
-1734.67 -6177.16 1211102100
-1823.31 -5875.94 1211102142
-1770.13 -5855.86 1211102205
-1771.02 -5856.97 1211102262
-1768.36 -5856.97 1211102321
-1768.36 -5855.86 1211102351
-1767.47 -5855.86 1211102426
-1769.24 -5849.16 1211102450
-1768.36 -5851.4 1211102510
-1768.36 -5854.74 1211102571
-1767.47 -5854.74 1211102631
-1767.47 -5853.63 1211102697
-1767.47 -5853.63 1211102757
-1766.58 -5858.09 1211102813
-1768.36 -5859.2 1211102873
-1767.47 -5859.2 1211102938
-1766.58 -5855.86 1211102993
-1767.47 -5851.4 1211103053
-1769.24 -5854.74 1211103125
-1712.51 -5826.85 1211103162
-1053.04 -5516.7 1211103222
-675.433 -5163.02 1211103282
-451.175 -4859.53 1211103323
-31.0238 -4146.52 1211103383
342.148 -3575.17 1211103443
907.668 -3521.61 1211103503
1006.06 -3523.84 1211103543
1006.06 -3523.84 1211103544
657.705 -3521.61 1211103601
544.246 -3317.38 1211103653
990.103 -2716.96 1211103713
1068.11 -2295.08 1211103773
1295.91 -1838.57 1211103845
1498.89 -1447.89 1211103899
1557.4 -1196.73 1211103929
1546.76 -1082.87 1211103950
1724.04 -884.171 1211104016
1685.92 -348.321 1211104070
1623.87 418.675 1211104130
1592.85 883.15 1211104192
1602.6 917.764 1211104219
1602.6 917.764 1211104221
1758.61 940.095 1211104282
1954.5 1325.32 1211104342
2167.23 1056.22 1211104403
2411.88 1007.09 1211104461
2582.95 923.346 1211104522
2427.83 1231.52 1211104582
2192.05 1477.18 1211104642
2272.72 1655.85 1211104691
2149.51 1805.48 1211104745
2181.42 1766.4 1211104867
2178.76 1761.93 1211104926
2180.53 1763.05 1211104975
2543.95 1933.9 1211105030
2521.79 2196.33 1211105095
2262.08 2462.12 1211105150
2137.98 2870.87 1211105211
2144.19 2876.45 1211105249
2140.64 2878.68 1211105256
2126.46 2956.86 1211105316
1942.09 2960.21 1211105372
2156.6 3104.29 1211105432
2416.31 3042.86 1211105492
2151.28 3019.41 1211105557
2398.58 3148.96 1211105613
2263.85 3228.26 1211105673
2425.18 3357.82 1211105733
2778.85 3518.65 1211105793
2623.73 4165.37 1211105853
2317.92 4690.38 1211105965
2508.5 4738.42 1211106026
2464.18 4735.07 1211106077
2421.63 4725.01 1211106107
2569.66 4745.12 1211106207
2342.74 4542.93 1211106267
2227.51 4258.09 1211106327
1407.59 4021.28 1211106387
889.94 3943.09 1211106448
821.688 3823.58 1211106512
878.417 3422.6 1211106568
468.016 3264 1211106627
-8.86394 3186.93 1211106687
-954.647 3036.16 1211106747
-1429.75 2960.21 1211106799
-1679.72 2920.01 1211106864
-2177.87 2840.71 1211106922
-2470.38 2770.35 1211106973
-2472.15 2769.24 1211107003
-2472.15 2769.24 1211107004
-2247.01 2820.61 1211107068
-1535.24 2879.8 1211107129
-1552.96 2885.38 1211107188
-989.216 3023.87 1211107244
-413.06 3026.11 1211107305
-397.991 2926.71 1211107324
-345.694 2620.7 1211107385
-324.42 2475.52 1211107445
-216.28 1799.9 1211107506
-174.62 1574.33 1211107571
-146.255 1535.25 1211107627
-148.028 1537.48 1211107688
-148.914 1536.36 1211107742
-148.914 1534.13 1211107804
-144.482 1525.2 1211107899
-149.801 1399.02 1211107960
-125.868 1257.21 1211108027
-22.1599 1007.09 1211108080
81.5483 541.49 1211108146
102.822 543.723 1211108148
156.892 399.695 1211108205
-103.708 273.532 1211108263
-714.434 138.44 1211108323
-894.372 -232.216 1211108366
-695.82 -774.771 1211108494
-792.437 -276.872 1211108556
-705.57 136.207 1211108615
-221.599 174.166 1211108686
454.72 676.59 1211108736
853.598 1070.73 1211108796
1347.32 1557.58 1211108856
1638.06 1617.88 1211108916
1861.43 1793.2 1211108976
2133.55 1827.81 1211109037
2659.18 1231.52 1211109097
2321.47 1029.42 1211109161
2209.78 986.991 1211109222
2247.01 485.665 1211109283
2247.01 485.665 1211109285
2212.44 473.383 1211109308
2106.07 141.789 1211109359
2156.6 -245.613 1211109420
2155.71 -253.428 1211109480
2156.6 -257.893 1211109483
2123.8 -651.974 1211109548
1718.72 -686.581 1211109603
1627.42 -820.541 1211109644
1627.42 -820.541 1211109649
1444.82 -708.908 1211109706
1156.74 -907.614 1211109766
959.965 -921.01 1211109832
608.953 -951.15 1211109893
176.392 -982.407 1211109949
105.481 -558.2 1211110016
75.3435 -22.3287 1211110072
69.1388 237.805 1211110108
-2.65918 797.176 1211110162
-247.304 981.408 1211110207
-794.209 1136.61 1211110267
-1334.91 1037.24 1211110327
-1334.91 1036.12 1211110332
-1144.34 1075.2 1211110416
-731.275 1145.55 1211110475
-124.095 1222.59 1211110535
23.0463 466.684 1211110602
48.7517 175.283 1211110660
423.697 110.528 1211110716
856.257 139.556 1211110780
1447.48 111.645 1211110842
1505.98 -653.09 1211110896
1698.33 -867.427 1211110956
2102.53 -840.635 1211111016
2381.74 -1245.85 1211111076
2802.78 -1216.83 1211111136
3721.97 -1144.27 1211111203
3582.81 -971.244 1211111257
3589.9 -975.709 1211111379
3617.38 -981.29 1211111439
3659.92 -991.337 1211111504
3603.19 -936.638 1211111564
3603.19 -939.987 1211111625
3604.08 -939.987 1211111680
3603.19 -941.103 1211111740
3601.42 -935.522 1211111800
3604.08 -935.522 1211111860
3603.19 -935.522 1211111930
3602.31 -934.405 1211111982
3604.08 -934.405 1211112040
3603.19 -937.754 1211112077
3604.08 -937.754 1211112143
3601.42 -939.987 1211112198
3602.31 -939.987 1211112263
3602.31 -939.987 1211112323
