-4824.64 113.877 1212413246
-5331.66 32.3768 1212413307
-5258.98 -1215.71 1212413417
-5469.94 -1629.84 1212413477
-5260.75 -2009.34 1212413544
-4792.73 -1980.32 1212413598
-4244.94 -1950.19 1212413659
-3853.16 -1924.51 1212413720
-3557.99 -1918.93 1212413781
-3396.66 -1905.54 1212413841
-2727.44 -1855.31 1212413902
-2215.1 -1569.56 1212413967
-2066.19 -1472.45 1212414027
-1560.05 -1721.37 1212414129
-1359.73 -1917.82 1212414187
-1491.8 -2008.23 1212414245
-1494.46 -2011.57 1212414300
-1494.46 -2010.46 1212414326
-1619.44 -1788.34 1212414394
-1252.48 -1880.98 1212414441
-599.203 -2490.4 1212414507
-268.578 -2914.5 1212414561
147.141 -3096.41 1212414622
6.20476 -3137.71 1212414682
-48.7517 -3166.72 1212414742
153.346 -3205.78 1212414802
2884.33 -3507.1 1212414917
3353.23 -5069.29 1212414969
3735.27 -6533.02 1212415017
4007.39 -8057.84 1212415066
4099.57 -9539.99 1212415112
2539.52 -12056.5 1212415206
2698.18 -13553.5 1212415253
2974.74 -14999 1212415313
3597.88 -16297.2 1212415379
4041.96 -16180.2 1212415435
4533.02 -16146.8 1212415467
4533.02 -16149 1212415473
4563.16 -16028.7 1212415529
3109.47 -15246.4 1212415649
2823.17 -13757.5 1212415699
2571.43 -12295 1212415746
3089.08 -10881.4 1212415795
4033.09 -9712.84 1212415847
4051.71 -8218.44 1212415886
3790.22 -6752.78 1212415933
3483.53 -5252.27 1212415979
2983.6 -3799.47 1212416027
2473.93 -2152.21 1212416097
2918.9 -831.704 1212416150
2651.21 1229.29 1212416265
2629.05 1696.05 1212416325
2098.98 2232.06 1212416386
1929.68 2428.61 1212416450
1756.83 2711.16 1212416506
1721.38 2703.34 1212416566
1716.95 2702.23 1212416626
1562.71 2844.06 1212416686
1445.71 3084.18 1212416753
1338.46 3374.57 1212416807
1300.34 3609.12 1212416867
1258.68 3855.97 1212416928
1193.97 4244.68 1212416987
1115.08 4730.6 1212417047
991.875 4723.9 1212417107
678.978 4682.56 1212417168
321.761 4626.71 1212417234
-166.642 4549.63 1212417288
-297.829 4680.33 1212417350
-241.099 4528.41 1212417440
-366.967 4519.47 1212417470
-513.222 4577.56 1212417484
-621.363 5002.05 1212417550
-787.118 4986.42 1212417593
-801.301 4536.23 1212417654
-753.435 4213.41 1212417708
-328.852 3467.27 1212417828
-265.032 3088.65 1212417888
206.53 2995.95 1212418020
865.121 3102.05 1212418068
924.509 3099.82 1212418129
985.671 2723.45 1212418189
1045.06 2368.31 1212418249
1077.86 2115.92 1212418309
1114.2 1926.08 1212418375
1077.86 1547.53 1212418430
1022.9 1491.7 1212418490
1107.11 1252.74 1212418561
2144.19 1018.25 1212418612
2682.23 298.094 1212418671
2832.03 -1203.43 1212418730
2526.22 -2719.19 1212418799
3074.9 -4146.52 1212418852
3550.9 -5494.38 1212418889
3802.63 -6922.34 1212418955
4065.89 -8390.2 1212418998
2923.33 -11011.8 1212419105
2559.91 -12417.7 1212419160
2798.35 -13880.1 1212419218
3071.36 -15322.2 1212419273
3472.89 -16331.7 1212419333
4322.95 -16184.6 1212419404
4400.95 -15861.5 1212419453
4401.83 -15861.5 1212419461
4184.67 -16055.4 1212419533
4046.39 -16178 1212419588
