3236.23 2906.6 1212018218
2957.01 2593.9 1212018285
3037.67 2457.65 1212018355
3176.84 2316.94 1212018400
3550.01 1932.78 1212018465
3619.15 1855.73 1212018513
3632.44 1872.48 1212018526
3764.52 2044.45 1212018588
3684.74 2189.63 1212018642
3501.26 2379.48 1212018700
3330.18 2553.69 1212018772
2996.01 2893.2 1212018803
2858.62 3050.68 1212018879
2821.39 3298.62 1212018940
2775.3 3578.97 1212019000
2770.87 3642.63 1212019037
3253.07 3687.31 1212019125
3280.55 3689.54 1212019151
3497.71 3708.53 1212019212
3628.9 3833.63 1212019337
3496.83 3719.7 1212019392
3487.96 3775.55 1212019456
3479.1 3781.13 1212019526
3408.19 4053.67 1212019784
3393.12 3831.4 1212019807
3355.89 3765.5 1212019882
3589.01 3236.08 1212020054
3164.43 2818.38 1212020174
2948.15 2600.6 1212020233
2953.47 2541.41 1212020290
3048.31 2463.23 1212020364
3189.25 2244.35 1212020410
3069.58 2098.06 1212020470
2809.87 1861.31 1212020530
2561.68 1439.22 1212020590
2684.89 840.721 1212020650
2668.93 -1769.36 1212020767
3206.98 -4640.84 1212020883
3650.17 -6105.76 1212020929
3920.52 -7608.34 1212020982
4186.44 -9089.46 1212021035
