1200.18 3071.9 1211576662
1086.72 3083.07 1211576714
1101.79 3147.84 1211576725
1218.79 3267.35 1211576782
1319.84 3391.33 1211576842
1603.49 3439.35 1211576910
1872.07 3486.26 1211576949
1868.52 3780.02 1211577091
1868.52 3780.02 1211577114
1903.98 3535.41 1211577174
1924.36 3387.97 1211577234
1525.48 3327.66 1211577294
1242.73 3282.99 1211577354
920.964 3138.91 1211577414
968.829 2756.95 1211577475
634.658 2326.99 1211577535
-228.69 2187.39 1211577595
-858.03 2056.74 1211577655
-857.143 2056.74 1211577691
-857.143 2056.74 1211577693
-803.073 1745.18 1211577754
-883.735 1440.33 1211577814
-1243.61 1385.62 1211577879
-2043.14 1246.04 1211577958
-2379.08 1317.5 1211578018
-2754.03 1327.55 1211578079
-2976.51 1117.63 1211578138
-2872.8 1010.44 1211578198
-2702.62 1387.85 1211578258
-2195.6 1439.22 1211578319
-2005.02 1567.63 1211578363
-2084.8 1584.38 1211578403
-1888.91 1595.55 1211578469
-1661.1 1480.53 1211578538
-1604.37 1118.75 1211578584
-1539.67 725.717 1211578644
-1487.37 372.899 1211578704
-1205.5 164.118 1211578771
-840.302 190.913 1211578824
-257.941 233.339 1211578884
-241.099 185.331 1211578944
-315.556 61.4043 1211578994
-315.556 62.5208 1211578995
-78.8891 72.5688 1211579056
85.9803 299.211 1211579117
94.8442 301.444 1211579141
202.984 408.627 1211579203
411.287 625.229 1211579268
578.816 774.845 1211579324
797.755 1001.51 1211579384
962.624 1062.92 1211579444
1362.39 1084.13 1211579504
1529.03 769.262 1211579570
1513.08 1045.05 1211579624
1815.34 1042.82 1211579685
1988.18 1037.24 1211579745
2180.53 1024.95 1211579805
2360.47 983.641 1211579865
2570.54 931.162 1211579925
2707.05 515.811 1211579985
2902.06 -821.657 1211580046
2446.45 -2268.29 1211580099
2937.51 -3730.29 1211580149
3413.5 -5169.71 1211580201
3745.9 -6623.38 1211580249
4013.59 -8112.49 1211580300
4057.03 -9640.35 1211580352
3091.74 -10873.6 1211580403
2555.48 -12315.1 1211580451
2785.94 -13822.1 1211580516
3066.04 -15305.5 1211580565
3734.38 -16262.6 1211580620
4555.18 -16065.4 1211580680
4379.67 -15843.7 1211580740
4377.02 -15860.4 1211580778
4377.02 -15860.4 1211580779
4150.1 -16064.3 1211580839
3261.05 -15791.3 1211580899
3081.11 -15148.3 1211580928
2778.85 -13666.1 1211580973
2564.34 -12174.6 1211581025
3182.16 -10810 1211581078
4096.92 -9582.37 1211581123
4022.46 -8038.88 1211581175
3760.09 -6558.68 1211581228
3397.55 -5088.26 1211581275
3082.88 -4019.31 1211581335
2930.42 -3307.34 1211581396
2910.92 -3305.11 1211581462
2914.46 -3306.22 1211581531
