3639.54 -931.057 1211763112
3639.54 -931.057 1211763144
3644.85 -936.638 1211763232
3578.37 -1002.5 1211763294
3664.35 -1154.32 1211763348
4002.96 -1022.59 1211763387
3865.57 -242.264 1211763438
3835.43 432.073 1211763475
3624.47 538.141 1211763535
3180.38 543.723 1211763607
2989.81 528.092 1211763621
2956.13 236.688 1211763681
3409.96 263.484 1211763741
3631.56 496.83 1211763801
3627.13 585.035 1211763838
3614.72 698.92 1211763898
3219.38 1118.75 1211763958
2895.85 1434.75 1211764019
2575.86 1749.65 1211764084
2093.66 2235.41 1211764148
1697.45 2292.37 1211764205
1255.13 2216.43 1211764261
1213.47 2319.17 1211764292
1135.47 2802.74 1211764356
1035.31 3401.38 1211764412
889.054 3750.98 1211764469
887.281 3750.98 1211764477
974.147 3652.68 1211764532
1272.86 3692.89 1211764591
1229.43 4048.09 1211764651
1207.27 4200 1211764711
1192.2 4299.42 1211764739
1303.89 4435.69 1211764804
1651.35 4490.43 1211764866
1713.4 4761.88 1211764915
1810.9 4836.72 1211764979
1874.72 4845.66 1211765002
1884.47 4847.89 1211765004
2091.89 5097.01 1211765068
2242.58 5170.74 1211765124
2312.6 5388.59 1211765189
2293.1 5387.47 1211765234
2219.53 5394.17 1211765264
2208.89 5377.42 1211765326
2234.6 5368.48 1211765381
2274.49 5362.89 1211765441
2301.08 5357.31 1211765502
2444.68 5309.27 1211765571
2534.2 5254.53 1211765626
2600.68 5218.78 1211765684
2713.25 5148.4 1211765742
2830.26 5042.27 1211765803
2909.15 4971.89 1211765864
3089.97 4750.71 1211765925
3148.47 4671.39 1211765985
3214.95 4575.33 1211766045
3295.61 4454.68 1211766107
3347.03 4378.73 1211766168
3440.98 4249.15 1211766231
3471.12 4194.42 1211766289
3470.23 4194.42 1211766302
3472.89 4057.03 1211766364
3456.94 3833.63 1211766417
3391.35 3901.76 1211766482
3461.37 3754.33 1211766542
3396.66 3838.1 1211766602
3349.68 3858.2 1211766661
3407.3 3609.12 1211766733
3498.6 3549.93 1211766779
3706.9 3675.02 1211766839
3698.04 3681.72 1211766893
3916.09 3637.05 1211766965
4030.44 3434.88 1211767014
4227.22 3021.64 1211767077
4176.69 2332.57 1211767140
3750.33 1888.11 1211767195
3403.75 952.377 1211767259
3831 -471.123 1211767305
3416.16 -1941.26 1211767361
2237.26 -2886.6 1211767411
-639.977 -3498.17 1211767526
-1131.04 -4302.74 1211767581
-1278.18 -4254.76 1211767657
-1408.48 -4641.95 1211767710
-1454.57 -4696.63 1211767744
-1455.46 -4696.63 1211767747
-1233.86 -4810.44 1211767827
-1490.03 -4477.93 1211767887
-1794.06 -4473.46 1211767932
-1903.98 -4435.52 1211767951
-2002.37 -4668.73 1211768032
-1991.73 -4203.43 1211768092
-2010.34 -3837.42 1211768146
-2076.82 -3791.66 1211768222
-2076.82 -3793.89 1211768298
-2076.82 -3795.01 1211768338
-2059.98 -3812.87 1211768382
-1831.29 -4048.32 1211768450
-1487.37 -4147.63 1211768505
-1161.18 -4312.78 1211768570
-1066.33 -4320.59 1211768638
-87.753 -3277.21 1211768690
1404.94 -3165.61 1211768731
2784.16 -2681.25 1211768786
3729.95 -1517.1 1211768831
3852.27 -27.9109 1211768887
3360.32 1410.18 1211768941
3733.49 1895.93 1211769003
4130.6 2224.25 1211769062
4258.24 2994.84 1211769124
4103.12 3401.38 1211769186
4090.71 3412.55 1211769245
3652.83 4005.64 1211769304
3454.28 4280.43 1211769327
3187.47 4654.64 1211769387
2773.53 5131.64 1211769447
2355.15 5368.48 1211769508
2284.24 5387.47 1211769567
2247.01 5388.59 1211769628
2071.5 5403.11 1211769693
1927.02 5393.06 1211769748
1952.73 5111.53 1211769809
1977.55 4941.73 1211769874
2008.57 4741.77 1211769934
2013 4718.31 1211769960
2011.23 4714.96 1211770020
2116.71 4602.14 1211770086
2237.26 4494.9 1211770201
2292.22 4474.79 1211770228
2292.22 4474.79 1211770242
2342.74 4396.6 1211770289
2363.13 4382.08 1211770349
2400.36 4144.15 1211770409
2430.49 3954.26 1211770469
2445.56 3867.14 1211770533
2457.97 3764.38 1211770589
2472.15 3647.1 1211770656
2558.13 3239.43 1211770716
2547.5 3256.18 1211770741
2547.5 3255.06 1211770743
2567 3096.47 1211770808
2787.71 2985.9 1211770871
2864.83 3307.56 1211770932
2988.92 3848.15 1211770984
3331.96 3892.83 1211771048
3401.1 3899.53 1211771121
3409.07 3874.96 1211771126
3397.55 3621.41 1211771186
3595.22 3361.17 1211771247
3521.65 3211.51 1211771307
3075.79 2740.2 1211771372
2934.85 2588.31 1211771427
3048.31 2454.3 1211771487
3304.48 2190.74 1211771547
3627.13 1874.71 1211771608
3694.49 1680.41 1211771669
3352.34 1348.77 1211771732
3267.25 1260.56 1211771792
3269.02 1261.67 1211771838
3268.14 1261.67 1211771842
3394 1384.5 1211771909
3708.67 1701.63 1211771959
3882.41 2013.19 1211772019
3682.08 2216.43 1211772086
3262.82 2637.45 1211772139
2879.9 3021.64 1211772204
2832.03 3121.04 1211772237
2788.6 3540.99 1211772294
2744.28 3843.68 1211772322
2880.78 3930.81 1211772439
3190.13 4323.99 1211772499
3343.48 4182.13 1211772559
3479.98 3848.15 1211772626
