3615.6 -983.523 1212880270
3614.72 -982.407 1212880379
3617.38 -973.476 1212880419
3617.38 -990.221 1212880469
3615.6 -982.407 1212880533
3614.72 -984.639 1212880589
3613.83 -1001.38 1212880657
3613.83 -986.872 1212880704
3612.94 -990.221 1212880764
3612.06 -996.919 1212880830
3612.94 -996.919 1212880886
3615.6 -992.453 1212880946
3616.49 -993.57 1212881011
3615.6 -987.988 1212881066
3617.38 -984.639 1212881132
3616.49 -989.105 1212881187
3616.49 -987.988 1212881248
3615.6 -990.221 1212881330
3615.6 -984.639 1212881365
3615.6 -983.523 1212881450
3613.83 -1003.62 1212881510
3613.83 -1002.5 1212881556
3612.94 -1002.5 1212881611
3612.06 -1002.5 1212881671
3611.17 -1002.5 1212881736
3612.06 -1002.5 1212881791
3616.49 -995.802 1212881930
3613.83 -994.686 1212881974
3616.49 -993.57 1212882038
3616.49 -994.686 1212882068
3618.26 -976.825 1212882118
3617.38 -976.825 1212882243
3615.6 -981.29 1212882308
3615.6 -982.407 1212882363
3615.6 -982.407 1212882428
3619.15 -971.244 1212882545
3618.26 -972.36 1212882613
3614.72 -980.174 1212882848
3615.6 -980.174 1212882977
3615.6 -980.174 1212882991
3615.6 -981.29 1212883106
3615.6 -981.29 1212883227
3609.4 -983.523 1212883289
3610.28 -982.407 1212883343
3612.06 -982.407 1212883403
3614.72 -982.407 1212883529
3614.72 -982.407 1212883646
3616.49 -982.407 1212883705
3616.49 -982.407 1212883775
3616.49 -981.29 1212883830
3617.38 -981.29 1212883885
3618.26 -979.058 1212883947
3613.83 -980.174 1212884010
3614.72 -980.174 1212884075
3614.72 -984.639 1212884135
3614.72 -983.523 1212884185
3613.83 -979.058 1212884259
3612.94 -987.988 1212884325
3614.72 -981.29 1212884377
3617.38 -977.942 1212884427
3615.6 -980.174 1212884501
3612.94 -984.639 1212884552
3612.94 -982.407 1212884607
3613.83 -985.756 1212884672
3617.38 -980.174 1212884740
3610.28 -982.407 1212884918
3611.17 -986.872 1212885038
3618.26 -979.058 1212885103
