4382.33 -15853.7 1211397872
3219.38 1483.88 1211397879
3141.38 1570.98 1211397890
3104.15 1625.7 1211397922
3235.34 1785.38 1211397943
3557.99 1828.93 1211397989
3584.58 1828.93 1211398056
3581.03 1834.51 1211398109
3580.15 1844.56 1211398168
3184.82 1477.18 1211398223
2835.58 1126.56 1211398283
2818.73 822.856 1211398347
2603.34 634.161 1211398404
2320.58 617.414 1211398464
2145.07 591.734 1211398485
2145.07 561.588 1211398513
2145.07 561.588 1211398519
2151.28 562.704 1211398567
2153.05 552.656 1211398586
2153.94 551.539 1211398654
2153.05 593.967 1211398690
1828.63 580.568 1211398750
1632.74 564.937 1211398810
1526.37 360.617 1211398870
1550.3 78.151 1211398930
1552.08 75.9182 1211398972
1552.96 80.3839 1211399035
1574.24 -328.226 1211399090
1606.15 -686.581 1211399169
1622.1 -885.288 1211399173
1537.01 -1079.52 1211399243
1466.98 -1485.84 1211399292
1345.55 -1729.18 1211399335
1264 -1889.91 1211399389
1217.91 -1975.86 1211399417
1036.2 -2346.42 1211399475
1003.4 -2641.07 1211399526
559.315 -2989.28 1211399644
561.088 -2982.58 1211399704
562.86 -2979.23 1211399712
552.224 -2980.35 1211399773
936.033 -2819.64 1211399832
1037.08 -2499.32 1211399893
1134.58 -2149.98 1211399953
1335.8 -1752.62 1211400017
1526.37 -1380.92 1211400073
1549.42 -1075.06 1211400133
1513.08 -626.298 1211400196
1482.94 -405.257 1211400458
1479.39 -173.046 1211400521
1449.25 177.516 1211400575
1432.41 423.141 1211400635
1417.34 640.861 1211400696
1389.87 1075.2 1211400756
1508.64 1371.1 1211400807
1504.21 1397.9 1211400867
1475.85 1620.11 1211400927
1466.1 1655.85 1211400989
1452.8 1744.06 1211401047
1125.72 1861.31 1211401108
1186.88 1483.88 1211401169
1132.81 1384.5 1211401231
1093.81 1337.6 1211401291
1059.24 1501.75 1211401371
991.875 1887 1211401432
1029.99 1956.23 1211401492
1034.42 1956.23 1211401509
859.803 1939.48 1211401569
419.265 1977.45 1211401630
-74.4571 1894.81 1211401684
-502.586 1831.16 1211401749
-938.692 1763.05 1211401795
-1165.61 1721.73 1211401831
-1540.55 1662.55 1211401891
-1543.21 1653.61 1211401924
-1543.21 1652.5 1211401925
-1240.07 1595.55 1211401994
-1518.39 1452.61 1211402048
-1651.35 1422.47 1211402107
-1853.45 1212.54 1211402175
-2314.38 1302.99 1211402227
-2710.59 1399.02 1211402288
-2890.53 1225.94 1211402349
-2889.65 1220.36 1211402409
-2889.65 1222.59 1211402474
-2891.42 1232.64 1211402529
-2892.31 1231.52 1211402590
-2894.08 1233.76 1211402654
-2963.22 1152.25 1211402710
-3003.1 1004.86 1211402770
-2727.44 707.852 1211402830
-2717.69 458.869 1211402870
-2706.16 247.853 1211402926
-2599.79 227.757 1211403001
-2604.23 224.407 1211403049
-2605.11 223.291 1211403123
-2524.45 229.99 1211403170
-2094.55 322.657 1211403234
-1946.52 372.899 1211403285
-1551.19 475.616 1211403369
-1479.39 482.316 1211403429
-1484.71 481.199 1211403484
-1484.71 478.966 1211403544
-1484.71 480.083 1211403610
-1485.6 478.966 1211403665
-1640.72 465.568 1211403731
-1942.09 395.229 1211403787
-2382.63 253.435 1211403848
-2456.2 -120.574 1211403908
-2335.65 -245.613 1211403973
-2356.04 -205.422 1211403989
-2365.79 -207.655 1211404050
-2364.01 -203.189 1211404111
-2364.01 -200.956 1211404181
-2410.99 -156.3 1211404237
-2426.95 -60.2874 1211404252
-2420.74 -56.9382 1211404254
-2408.33 -48.0067 1211404265
-2262.97 266.833 1211404320
-2063.53 404.161 1211404383
-1817.11 427.607 1211404438
-1900.43 405.277 1211404501
-1898.66 400.811 1211404559
-1904.86 401.928 1211404625
-1903.09 392.996 1211404680
-1903.09 405.277 1211404748
-1896 411.976 1211404760
-1812.68 425.374 1211404823
-1502.44 548.19 1211404878
-1557.4 877.567 1211404938
-1625.65 1323.09 1211404999
-1673.51 1624.58 1211405049
-1986.41 1593.31 1211405119
-2495.2 1697.16 1211405170
-2515.59 2109.22 1211405231
-2522.68 2321.4 1211405259
-2522.68 2320.29 1211405261
-2489.88 2332.57 1211405291
-2417.2 1933.9 1211405351
-2590.93 1693.81 1211405411
-2585.61 1538.6 1211405465
-2584.73 1637.98 1211405512
-2599.79 1924.97 1211405578
-2621.95 2303.54 1211405633
-2635.25 2520.19 1211405693
-2645.89 2697.76 1211405753
-2650.32 2754.72 1211405779
-2657.41 2949.04 1211405826
-2657.41 2949.04 1211405833
-2587.39 2954.63 1211405870
-2310.83 2983.67 1211405988
-2311.72 2984.78 1211406001
-2327.67 2981.43 1211406068
-2095.44 3124.39 1211406162
-1622.1 3229.38 1211406224
-1116.86 3309.79 1211406274
-920.077 3424.83 1211406334
-555.769 3505.25 1211406383
-421.037 3516.42 1211406411
-56.7292 3582.32 1211406475
358.103 3647.1 1211406526
327.966 4043.62 1211406585
318.216 4158.67 1211406615
318.216 4160.91 1211406617
451.175 4193.3 1211406678
1193.09 4256.97 1211406872
1229.43 4013.46 1211406942
1242.73 3902.88 1211406987
1264.88 3710.77 1211407039
1583.1 3668.32 1211407110
1600.83 3554.39 1211407169
1615.01 3467.27 1211407220
1650.47 3309.79 1211407290
1674.4 3125.51 1211407341
1853.45 3040.63 1211407401
2355.15 3166.83 1211407461
2563.45 3165.71 1211407521
2563.45 3165.71 1211407540
2918.9 3281.87 1211407581
3050.97 3257.3 1211407646
3317.77 2991.48 1211407718
3443.64 2911.07 1211407752
3442.76 2911.07 1211407771
3467.58 2834.01 1211407832
3724.63 3117.69 1211407892
3581.92 3256.18 1211407957
3386.91 3554.39 1211408017
3374.5 3592.37 1211408083
3398.44 3768.85 1211408132
3579.26 3689.54 1211408202
3627.13 3572.27 1211408252
3682.08 3587.9 1211408312
3772.49 3421.48 1211408373
3626.24 3272.93 1211408434
3577.49 3267.35 1211408494
3147.59 2819.49 1211408554
2948.15 2609.53 1211408614
3016.4 2481.1 1211408681
3028.81 2434.2 1211408735
3031.47 2459.88 1211408795
3037.67 2456.53 1211408855
3047.42 2459.88 1211408920
3046.54 2456.53 1211408943
3032.36 2473.28 1211408989
3300.93 2200.8 1211409051
3664.35 1822.23 1211409111
3482.64 1614.53 1211409172
3482.64 1614.53 1211409187
3760.97 489.015 1211409232
3823.02 -250.078 1211409266
3803.52 -841.751 1211409334
3476.44 -961.197 1211409389
3492.39 -1065.01 1211409448
3489.73 -1145.39 1211409504
3716.65 -1046.04 1211409568
3577.49 -973.476 1211409696
3576.6 -983.523 1211409750
3631.56 -976.825 1211409805
3663.47 -989.105 1211409926
