3146.7 3632.58 1212516773
3151.13 3626.99 1212516781
3176.84 3590.14 1212516856
3097.95 3558.86 1212516916
2814.3 3791.19 1212516977
2400.36 3585.67 1212517036
2213.33 3511.95 1212517098
2137.98 3520.89 1212517162
2233.71 3522 1212517224
2234.6 3530.94 1212517285
2232.83 3520.89 1212517337
2239.03 3492.96 1212517401
2239.03 3495.2 1212517457
2233.71 3504.13 1212517523
2228.4 3522 1212517561
2223.96 3533.17 1212517629
2231.94 3516.42 1212517682
2231.94 3517.54 1212517742
2231.94 3520.89 1212517795
2231.05 3520.89 1212517855
2227.51 3525.35 1212517928
2231.94 3527.59 1212517976
2189.39 3591.25 1212518037
2189.39 3591.25 1212518057
2236.37 3620.29 1212518117
1922.59 3612.47 1212518178
1873.84 3745.39 1212518246
1862.31 3729.75 1212518367
1856.11 3724.17 1212518427
1872.07 3648.22 1212518515
2044.03 3586.79 1212518557
2341.85 3589.02 1212518622
2377.31 3315.38 1212518677
2445.56 3079.72 1212518738
1459.89 2876.45 1212518864
1453.69 2578.26 1212518931
1368.59 2275.62 1212519056
1457.23 2357.14 1212519103
1616.78 2444.25 1212519171
1537.89 2469.93 1212519197
1517.51 2274.5 1212519257
1521.94 2292.37 1212519312
1518.39 2287.9 1212519382
1530.8 2296.84 1212519433
1537.01 2300.19 1212519497
1555.62 2314.7 1212519553
1542.33 2303.54 1212519605
1628.31 2387.29 1212519677
1565.37 2330.34 1212519724
1567.15 2331.45 1212519744
1281.73 2219.78 1212519804
1183.34 2448.72 1212519864
994.535 2823.96 1212519924
699.365 2790.45 1212519984
668.341 2841.83 1212520040
668.341 2845.18 1212520046
608.953 2840.71 1212520101
608.953 2838.48 1212520115
268.578 2806.09 1212520182
69.1388 2848.53 1212520237
35.4558 3102.05 1212520297
-21.2735 3490.73 1212520366
-85.9803 3880.54 1212520423
-140.05 4164.26 1212520477
-292.51 4294.95 1212520542
-292.51 4297.18 1212520571
-292.51 4297.18 1212520573
-269.464 4090.54 1212520633
31.0238 4119.58 1212520693
37.2286 4120.69 1212520701
251.736 4159.79 1212520732
370.513 3871.61 1212520802
815.483 3853.74 1212520857
872.212 3501.9 1212520923
972.375 2893.2 1212520973
1080.51 2275.62 1212521033
1433.3 2337.04 1212521093
1510.42 2361.61 1212521153
1538.78 2367.19 1212521184
1493.57 2463.23 1212521245
1499.78 2393.99 1212521304
1581.33 1957.35 1212521364
1778.11 2007.6 1212521424
1817.99 2017.65 1212521484
1818.88 2017.65 1212521550
1817.99 2015.42 1212521606
1811.79 2019.89 1212521667
1811.79 2018.77 1212521732
1809.13 2021 1212521789
1825.09 2013.19 1212521839
1822.43 2012.07 1212521874
1919.04 1999.79 1212521934
2274.49 1644.68 1212521994
2664.5 1257.21 1212522054
2995.13 1323.09 1212522119
3416.16 1692.7 1212522175
3422.37 1701.63 1212522210
3547.35 1824.46 1212522270
3565.08 1833.4 1212522330
3552.67 1846.8 1212522396
3563.31 1844.56 1212522455
3565.08 1843.45 1212522510
3551.78 1840.1 1212522573
3562.42 1849.03 1212522634
3570.4 1840.1 1212522695
3562.42 1845.68 1212522756
3561.53 1840.1 1212522815
3555.33 1835.63 1212522875
3557.99 1837.86 1212522930
3557.99 1837.86 1212522944
3570.4 1840.1 1212522991
3565.08 1837.86 1212523051
3563.31 1846.8 1212523111
3573.94 1857.96 1212523171
3573.06 1853.5 1212523232
3573.94 1859.08 1212523292
3580.15 1843.45 1212523365
3579.26 1843.45 1212523376
3575.72 1846.8 1212523475
3575.72 1842.33 1212523529
3532.28 1818.88 1212523590
3056.29 1348.77 1212523656
2769.98 1603.36 1212523719
3012.85 1794.31 1212523772
3027.92 1790.96 1212523879
2854.19 1949.53 1212523941
2657.41 1771.98 1212524001
2356.04 1967.4 1212524071
2029.84 2338.16 1212524112
1740.88 2290.14 1212524184
1728.47 2276.73 1212524208
1678.83 2251.05 1212524216
1568.92 2209.73 1212524238
1362.39 2313.59 1212524304
1331.36 2520.19 1212524358
1295.91 2731.26 1212524418
1584.87 3008.24 1212524480
2094.55 3085.3 1212524539
2538.63 3141.14 1212524593
2816.96 3190.29 1212524660
2797.46 3446.05 1212524718
3232.68 4144.15 1212524817
3180.38 4057.03 1212524829
3254.84 3988.89 1212524851
3372.73 3909.58 1212524911
3455.17 3298.62 1212524941
3585.47 3357.82 1212525001
3362.09 3028.34 1212525061
3128.97 2800.51 1212525122
2936.62 2587.2 1212525182
3052.74 2456.53 1212525245
3096.18 2467.7 1212525287
3102.38 2461 1212525333
3101.49 2458.77 1212525381
3097.06 2467.7 1212525449
3097.06 2465.47 1212525510
3168.86 2558.16 1212525533
3175.95 2577.14 1212525535
3195.45 2567.09 1212525566
3189.25 2557.04 1212525582
3250.41 2625.17 1212525637
2972.08 2882.03 1212525697
2836.46 3033.92 1212525757
2686.66 3117.69 1212525818
2509.38 3124.39 1212525855
1825.09 3000.42 1212525915
1389.87 2906.6 1212525975
916.532 2819.49 1212526036
601.862 2767 1212526096
-301.374 2607.3 1212526165
-304.92 2605.06 1212526172
-247.304 2706.69 1212526236
189.688 2781.52 1212526292
354.558 3026.11 1212526352
326.193 3211.51 1212526412
300.488 3307.56 1212526478
295.169 3432.65 1212526532
199.439 3629.23 1212526593
114.345 3621.41 1212526654
113.458 3616.94 1212526775
116.118 3707.41 1212526840
-134.732 3272.93 1212527085
146.255 3202.57 1212527132
221.599 2850.76 1212527258
480.426 2829.54 1212527319
925.396 2898.79 1212527372
1097.36 2908.84 1212527433
1374.8 2980.32 1212527493
1627.42 3013.82 1212527560
1732.9 3043.98 1212527626
2123.8 3089.77 1212527674
2411.88 3198.1 1212527734
2392.38 3193.64 1212527795
2391.49 3193.64 1212527837
2396.81 3217.09 1212527898
2410.11 3229.38 1212527958
2414.54 3229.38 1212528017
2410.99 3221.56 1212528078
2407.45 3211.51 1212528138
2408.33 3210.39 1212528198
2407.45 3209.27 1212528258
2399.47 3210.39 1212528319
2403.02 3212.62 1212528380
2402.13 3240.54 1212528453
2519.13 3384.62 1212528505
2502.29 3564.45 1212528560
2213.33 3517.54 1212528621
2191.17 3572.27 1212528681
2187.62 3571.15 1212528742
2177.87 3570.03 1212528803
2166.35 3567.8 1212528863
2167.23 3567.8 1212528886
2180.53 3575.62 1212528950
2182.3 3584.55 1212529004
2184.08 3593.49 1212529026
2038.71 3613.59 1212529087
1861.43 3816.88 1212529147
1788.74 4290.48 1212529217
1844.59 4317.29 1212529256
1844.59 4318.41 1212529264
1806.47 4138.57 1212529313
1861.43 3792.3 1212529372
2272.72 3755.44 1212529433
2431.38 3759.91 1212529491
2449.99 3785.6 1212529515
2689.32 3823.58 1212529576
2739.85 3881.66 1212529641
2740.73 3881.66 1212529704
2748.71 3898.41 1212529757
2722.12 4019.05 1212529817
2902.06 3863.79 1212529884
2965.88 3868.26 1212529890
3160 3851.5 1212529946
3239.77 3559.98 1212530011
3343.48 3325.43 1212530075
3429.46 3032.81 1212530126
3495.94 2785.99 1212530188
3352.34 2469.93 1212530247
2918.9 1942.83 1212530308
2681.34 897.666 1212530369
2654.75 242.271 1212530405
2509.38 -2689.06 1212530526
2852.42 -3480.31 1212530544
3266.36 -4918.67 1212530592
3690.95 -6365.69 1212530656
4033.98 -8278.67 1212530705
3974.59 -9793.12 1212530772
2752.25 -13712.9 1212530913
3025.26 -15170.6 1212530953
3664.35 -16288.3 1212531019
4502.88 -16183.5 1212531085
4533.91 -16143.4 1212531098
4536.57 -16143.4 1212531154
4549.86 -16116.7 1212531161
4232.53 -15993 1212531221
3362.09 -16089.9 1212531291
2968.53 -14637.9 1212531335
2893.19 -13984.8 1212531362
2663.62 -13288.2 1212531381
2558.13 -11790 1212531432
3417.05 -10597.1 1212531485
4188.21 -9291.31 1212531538
3979.02 -7794.61 1212531585
3825.68 -6917.88 1212531612
3564.19 -5433.02 1212531660
3087.31 -4031.58 1212531731
2918.01 -3345.28 1212531782
2915.35 -3310.69 1212531842
2918.9 -3315.15 1212531907
2915.35 -3317.38 1212531962
2913.58 -3316.27 1212532022
2916.24 -3321.85 1212532082
2919.78 -3329.66 1212532142
2805.44 -3164.49 1212532202
2563.45 -2530.57 1212532263
2578.52 -2145.51 1212532323
2837.35 -1513.75 1212532384
2860.39 -1227.99 1212532449
3328.41 -1176.64 1212532509
3495.05 -1080.64 1212532564
3491.51 -1076.18 1212532625
3490.62 -1077.29 1212532695
3748.56 -1129.76 1212532746
3635.1 -908.73 1212532806
3573.94 -970.127 1212532866
3572.17 -974.593 1212532926
3615.6 -985.756 1212532987
3651.95 -912.079 1212533038
