-6029.25 2166.18 1211823264
-6031.03 2185.16 1211823318
-5904.27 2161.71 1211823378
-5219.09 2169.53 1211823438
-4699.66 2195.21 1211823505
-4423.11 2215.31 1211823520
-4018.03 2458.77 1211823624
-3956.86 2461 1211823678
-3901.02 2462.12 1211823735
-3878.86 2325.87 1211823785
-3884.18 1841.21 1211823845
-4470.09 1809.95 1211823905
-4797.17 1690.46 1211823955
-4797.17 1682.65 1211824023
-4796.28 1681.53 1211824035
-4790.96 1611.18 1211824095
-4821.1 2169.53 1211824160
-4548.98 2203.03 1211824221
-4160.74 2223.13 1211824275
-3659.92 2258.87 1211824336
-3329.3 2273.38 1211824396
-2941.06 2294.6 1211824454
-2721.23 2309.12 1211824506
-2172.55 2339.27 1211824566
-1848.13 2360.49 1211824626
-1285.27 2438.66 1211824686
-933.373 2475.52 1211824724
-619.59 2504.55 1211824816
-841.188 2920.01 1211824876
-918.305 3031.69 1211824937
-896.145 3031.69 1211824984
-687.842 2869.75 1211825054
-288.965 2955.75 1211825105
450.288 3055.14 1211825169
943.124 3054.03 1211825224
1008.72 2576.03 1211825286
1119.52 1911.57 1211825351
1373.91 1162.29 1211825411
1686.81 1047.29 1211825468
2686.66 338.288 1211825526
2828.48 -1168.83 1211825583
2502.29 -2660.04 1211825637
3047.42 -4082.91 1211825684
3550.9 -5515.58 1211825734
3814.16 -6978.12 1211825775
4029.55 -8186.1 1211825818
4029.55 -9700.57 1211825859
3101.49 -10863.6 1211825904
2556.36 -12269.4 1211825959
2766.44 -13760.8 1211826013
3034.13 -15233 1211826073
3381.59 -16298.3 1211826109
4377.02 -16196.9 1211826176
4348.65 -15845.9 1211826230
4348.65 -15845.9 1211826240
4361.06 -15859.3 1211826305
4353.08 -15851.5 1211826339
4372.58 -15877.1 1211826345
4163.39 -16065.4 1211826411
3135.18 -15328.9 1211826469
2854.19 -13848.9 1211826519
2588.27 -12379.8 1211826573
3065.15 -10912.6 1211826631
4009.16 -9778.63 1211826678
4072.1 -8286.48 1211826728
3807.06 -6806.33 1211826775
3529.62 -5325.91 1211826823
3029.7 -3912.18 1211826872
2801.89 -2689.06 1211826933
3730.83 -1499.24 1211826980
3851.38 -13.3972 1211827035
3344.37 1356.58 1211827095
3398.44 1704.98 1211827155
3566.85 1832.28 1211827216
3572.17 1846.8 1211827259
3639.54 2246.58 1211827320
3455.17 2459.88 1211827380
3027.04 2874.22 1211827441
2845.33 3132.21 1211827501
2660.07 3503.02 1211827563
2199.14 3428.18 1211827622
2186.74 3439.35 1211827652
2186.74 3439.35 1211827654
1944.75 3286.34 1211827714
2347.17 3344.42 1211827779
2395.92 3217.09 1211827855
2494.31 3259.53 1211827915
2507.61 3269.58 1211827984
2457.97 3227.14 1211828035
2439.36 3205.92 1211828095
2451.77 3218.21 1211828155
2362.24 3159.01 1211828265
2376.42 3166.83 1211828324
2364.01 3037.28 1211828385
2488.11 3057.38 1211828441
2174.33 2966.91 1211828502
2127.35 2957.98 1211828563
2127.35 2976.97 1211828624
2136.21 2918.89 1211828688
2129.12 2960.21 1211828744
2125.57 2953.51 1211828804
2118.48 2985.9 1211828865
2160.14 2779.29 1211828924
2149.51 2851.88 1211828985
2103.41 3027.22 1211829045
2119.37 2990.37 1211829114
2130.01 2971.38 1211829170
2123.8 2976.97 1211829230
1894.22 2944.58 1211829292
2181.42 3096.47 1211829351
2264.74 3027.22 1211829406
2283.35 3002.65 1211829440
2305.51 2845.18 1211829501
2482.79 2592.78 1211829561
2669.82 2409.63 1211829622
3000.45 2103.64 1211829677
3097.95 1663.66 1211829730
3776.93 452.17 1211829791
3880.63 -1037.11 1211829844
3131.63 -2344.18 1211829895
2979.17 -3837.42 1211829956
3478.21 -5263.43 1211830002
3773.38 -6733.82 1211830049
4038.41 -8217.33 1211830093
4010.93 -9747.4 1211830146
3052.74 -10905.9 1211830195
2555.48 -12310.6 1211830242
2781.51 -13813.2 1211830293
3066.04 -15279.8 1211830347
3843.41 -16233.7 1211830413
4476.29 -16201.4 1211830472
4464.77 -16213.6 1211830497
4464.77 -16211.4 1211830557
4463 -16211.4 1211830582
4286.6 -15902.7 1211830638
3417.94 -16202.5 1211830698
2975.63 -14722.6 1211830760
2658.3 -13288.2 1211830803
2557.25 -11744.3 1211830861
3455.17 -10549.1 1211830906
4197.08 -9205.44 1211830964
3967.5 -7731.04 1211830993
3711.33 -6244.09 1211831037
3261.05 -4759.11 1211831090
2832.92 -3289.48 1211831138
2785.05 -2705.8 1211831197
3712.22 -1542.77 1211831210
3856.7 -56.9382 1211831259
3377.16 1294.05 1211831319
3331.07 1768.63 1211831379
3555.33 1868.01 1211831440
3551.78 1869.13 1211831602
3565.96 1838.98 1211831723
3563.31 1840.1 1211831843
3553.56 1865.78 1211831921
3556.21 1859.08 1211831966
3583.69 1845.68 1211832025
3577.49 1857.96 1211832099
3582.81 1869.13 1211832103
3794.65 2052.27 1211832161
3661.7 2222.01 1211832221
3108.59 2783.75 1211832282
2932.19 2931.17 1211832303
2918.01 2934.53 1211832305
2855.08 3127.74 1211832365
2828.48 3262.88 1211832425
2504.06 3265.12 1211832485
2439.36 3156.78 1211832545
2437.58 3143.38 1211832605
2371.11 3153.43 1211832666
