-39.8877 4471.44 1212547106
-37.2286 4454.68 1212547113
-38.115 4455.8 1212547158
-37.2286 4455.8 1212547160
-28.3646 4392.13 1212547171
11.5231 4144.15 1212547237
97.5034 4139.68 1212547271
187.029 3987.77 1212547321
495.494 3867.14 1212547382
820.801 3758.79 1212547442
879.303 3353.35 1212547506
1031.76 2459.88 1212547568
1243.61 1985.27 1212547630
1388.09 1991.97 1212547682
1674.4 2062.32 1212547753
1823.31 2100.29 1212547777
1823.31 2101.41 1212547784
2203.58 1731.78 1212547839
2665.39 1258.32 1212547900
3040.33 1588.85 1212547960
3745.02 551.539 1212548020
3897.48 -981.29 1212548069
3182.16 -2273.87 1212548117
2949.92 -3744.79 1212548176
3196.34 -4587.28 1212548198
3239.77 -4794.82 1212548216
3239.77 -4794.82 1212548233
3239.77 -4794.82 1212548245
3652.83 -6074.52 1212548248
3893.04 -7410.91 1212548293
3967.5 -7826.96 1212548307
4035.75 -8207.29 1212548320
4016.25 -9732.91 1212548367
2933.97 -10990.7 1212548420
2565.23 -12504.6 1212548466
2817.85 -14000.5 1212548521
3122.77 -15506 1212548566
4007.39 -16176.8 1212548636
4225.44 -16115.6 1212548686
