3680.31 -973.476 1211457431
3603.19 -919.893 1211457491
3572.17 -1143.15 1211457551
2734.53 -1222.41 1211457611
2407.45 -1320.64 1211457671
2451.77 -1336.27 1211457731
2768.21 -1724.72 1211457792
2334.76 -2274.99 1211457852
1871.18 -2388.83 1211457913
1825.09 -2826.33 1211457973
1674.4 -2853.12 1211458034
1677.06 -2852 1211458065
1677.94 -2852 1211458141
1677.94 -2854.24 1211458246
1677.94 -2854.24 1211458316
1677.94 -2854.24 1211458385
1681.49 -2846.42 1211458426
1677.94 -2853.12 1211458496
1677.94 -2853.12 1211458612
1678.83 -2852 1211458793
