19771.9 -5339.3 1212175653
19775.5 -5343.76 1212175657
19839.3 -5408.47 1212175716
19846.4 -5398.43 1212175776
20174.3 -4967.76 1212175836
20810.8 -3905.49 1212175896
21675 -3316.27 1212175956
21919.6 -3101.99 1212176016
21486.2 -2536.15 1212176041
20624.6 -1332.92 1212176088
20121.2 -616.251 1212176116
19280.9 606.248 1212176167
18148 1573.21 1212176220
17154.4 2729.03 1212176273
15788.5 3323.19 1212176322
14483.7 4177.66 1212176369
13107.1 4787.57 1212176415
11680 5124.94 1212176463
12365.2 6476.79 1212176512
11093.2 7217.61 1212176564
10809.6 7179.61 1212176624
9838.09 6927.08 1212176684
8384.41 6637.68 1212176743
6269.47 5588.56 1212176832
5300.64 4443.51 1212176883
4315.85 3307.56 1212176932
3542.92 3045.09 1212176993
3564.19 3285.22 1212177053
3316 3507.48 1212177113
3360.32 3509.72 1212177177
3300.05 3495.2 1212177283
3305.36 3553.28 1212177343
3627.13 3656.03 1212177444
3814.16 3492.96 1212177499
3727.29 3354.47 1212177559
3244.2 2974.73 1212177619
3073.13 2837.36 1212177680
2946.38 2972.5 1212177745
2746.05 3093.12 1212177800
2573.2 3086.42 1212177836
2162.8 3007.12 1212177896
1869.41 2946.81 1212177957
2268.28 3110.99 1212178017
2392.38 3132.21 1212178077
2574.09 3071.9 1212178137
2625.5 2857.46 1212178183
2701.73 2779.29 1212178243
2863.05 2944.58 1212178304
2804.55 2859.7 1212178365
2799.23 2853 1212178424
2801.01 2857.46 1212178484
2795.69 2846.3 1212178544
2788.6 2847.41 1212178605
2788.6 2847.41 1212178611
2921.56 2588.31 1212178672
2898.51 1926.08 1212178731
2709.71 513.578 1212178792
2873.69 -935.522 1212178862
2416.31 -1302.78 1212178912
1858.77 -1315.06 1212178972
1825.97 -866.31 1212179033
1831.29 -849.565 1212179058
1833.95 -852.914 1212179105
1833.95 -852.914 1212179106
1738.22 -1155.43 1212179167
1753.29 -1328.45 1212179226
1961.59 -1551.7 1212179286
2130.89 -1980.32 1212179346
1872.07 -2193.51 1212179416
1845.47 -2718.08 1212179467
1610.58 -2817.41 1212179527
1730.24 -2810.71 1212179592
1729.36 -2812.94 1212179647
1727.58 -2815.17 1212179693
1727.58 -2815.17 1212179753
1727.58 -2815.17 1212179813
1727.58 -2815.17 1212179877
1727.58 -2814.06 1212179933
1726.7 -2810.71 1212179993
1727.58 -2814.06 1212180052
1727.58 -2815.17 1212180112
1728.47 -2814.06 1212180172
1729.36 -2814.06 1212180232
1729.36 -2814.06 1212180293
1727.58 -2814.06 1212180353
1730.24 -2817.41 1212180414
1729.36 -2816.29 1212180431
1618.56 -2817.41 1212180493
1695.67 -2825.22 1212180553
1694.79 -2818.52 1212180613
1697.45 -2822.99 1212180674
1697.45 -2820.75 1212180739
1698.33 -2827.45 1212180794
1693.01 -2811.83 1212180856
1693.9 -2811.83 1212180916
1695.67 -2819.64 1212180981
1696.56 -2825.22 1212181038
1696.56 -2822.99 1212181098
1700.1 -2821.87 1212181161
2133.55 -2834.15 1212181219
2407.45 -2713.61 1212181279
2620.18 -1903.31 1212181340
2770.87 -1523.8 1212181401
2869.26 -1134.22 1212181460
2922.44 -833.937 1212181526
2914.46 -670.952 1212181548
2661.84 -120.574 1212181582
2704.39 502.413 1212181642
2609.55 253.435 1212181704
2521.79 61.4043 1212181763
2613.98 270.183 1212181823
2818.73 510.228 1212181888
2874.58 90.432 1212181943
2652.98 70.3359 1212182004
2649.43 70.3359 1212182035
2655.64 65.8701 1212182159
2659.18 66.9866 1212182191
2879.9 247.853 1212182249
2989.81 509.112 1212182315
3505.69 704.503 1212182369
3365.64 573.869 1212182429
3001.33 818.39 1212182490
2818.73 994.807 1212182553
2988.04 1259.44 1212182621
2982.72 1266.14 1212182676
2984.49 1263.91 1212182711
3199 1485 1212182771
3399.32 1671.48 1212182831
3609.4 1876.95 1212182897
3689.17 1812.18 1212182949
3984.34 2076.84 1212183015
4088.05 2143.84 1212183040
4081.85 2180.69 1212183093
4000.3 2304.65 1212183152
3623.58 2674.31 1212183217
3446.3 2832.89 1212183274
3429.46 2828.43 1212183332
3195.45 2841.83 1212183393
3183.93 2812.79 1212183404
3002.22 2930.06 1212183464
3195.45 3112.1 1212183525
3468.46 3395.79 1212183585
3590.78 3517.54 1212183645
3505.69 3704.06 1212183707
3505.69 3791.19 1212183727
3477.33 3792.3 1212183787
3558.87 3912.93 1212183847
3338.16 3806.82 1212183907
3205.2 3888.36 1212183968
3305.36 3902.88 1212184027
3378.94 3630.35 1212184095
3620.03 3650.45 1212184148
3799.97 3443.82 1212184208
3615.6 3320.96 1212184271
3329.3 2982.55 1212184332
3163.54 2801.62 1212184367
3158.22 2789.34 1212184427
3166.2 2780.4 1212184429
2830.26 2445.36 1212184490
2535.97 2219.78 1212184555
2342.74 2007.6 1212184610
1730.24 1394.55 1212184675
1659.33 1200.26 1212184730
1710.74 1157.83 1212184790
1718.72 1167.88 1212184850
1717.83 1168.99 1212184913
1716.06 1166.76 1212184973
1708.97 1203.61 1212185034
1830.4 1211.43 1212185094
2016.55 1397.9 1212185159
2151.28 1286.24 1212185215
2408.33 1091.95 1212185281
2467.72 1043.94 1212185336
2509.38 1005.97 1212185397
2552.82 959.077 1212185458
2632.59 889.85 1212185518
2699.96 550.423 1212185579
2878.12 -657.556 1212185640
2481.9 -2104.22 1212185692
2723.89 -3137.71 1212185752
3190.13 -4583.93 1212185804
3638.65 -6033.24 1212185853
3913.43 -7544.76 1212185908
4182.9 -9057.12 1212185958
3513.67 -10453.2 1212186009
2559.02 -11649.6 1212186055
2608.66 -13143.3 1212186117
2890.53 -14612.3 1212186163
3278.77 -16073.2 1212186209
4225.44 -16152.3 1212186277
4563.16 -15961.8 1212186342
4322.06 -15890.5 1212186398
4194.42 -16049.8 1212186518
3282.32 -15872.7 1212186582
2630.82 -12949.4 1212186682
2657.41 -11448.9 1212186753
2993.35 -10976.2 1212186761
3967.5 -9868.95 1212186808
4088.94 -8364.55 1212186862
3657.26 -5937.3 1212186943
3234.45 -4508.05 1212186995
2981.83 -3612 1212187058
2918.9 -3341.93 1212187114
2910.92 -3308.45 1212187178
2907.37 -3298.41 1212187239
2904.71 -3300.64 1212187299
2900.28 -3299.53 1212187423
2907.37 -3306.22 1212187479
2903.83 -3310.69 1212187539
2569.66 -2591.96 1212187605
2561.68 -2489.28 1212187654
2679.57 -1960.23 1212187714
2844.44 -1452.36 1212187775
3376.28 -1172.18 1212187896
3737.04 -981.29 1212188027
3566.85 -961.197 1212188152
3567.74 -955.615 1212188197
3620.03 -931.057 1212188257
3621.81 -932.173 1212188283
3623.58 -934.405 1212188353
3621.81 -932.173 1212188403
3625.35 -933.289 1212188463
3623.58 -929.94 1212188531
3623.58 -932.173 1212188584
3622.69 -932.173 1212188652
3623.58 -933.289 1212188704
3623.58 -933.289 1212188760
3623.58 -934.405 1212188815
3625.35 -939.987 1212188870
3622.69 -934.405 1212188932
3622.69 -934.405 1212188981
3623.58 -935.522 1212189022
3624.47 -937.754 1212189091
3624.47 -937.754 1212189126
3623.58 -936.638 1212189168
3601.42 -985.756 1212189225
3572.17 -1140.92 1212189287
3655.49 -861.845 1212189347
3850.5 206.544 1212189450
4284.83 518.044 1212189509
4339.79 1302.99 1212189566
4080.07 1488.35 1212189626
3916.09 1983.03 1212189687
4214.81 2377.24 1212189765
4256.47 3052.91 1212189817
4101.35 3392.44 1212189868
3914.32 3307.56 1212189927
3670.56 3564.45 1212189990
3542.92 3766.61 1212190031
3479.98 4045.86 1212190091
3347.91 4425.64 1212190151
3105.04 4769.7 1212190189
3103.27 4770.81 1212190192
2980.94 4878.06 1212190253
3070.47 4265.91 1212190312
3134.29 3901.76 1212190373
3310.68 3920.75 1212190407
3367.41 3820.23 1212190473
3188.36 3287.45 1212190528
2827.6 3142.26 1212190588
2484.56 3047.33 1212190648
2345.4 3028.34 1212190709
1885.36 2928.94 1212190772
1427.98 2880.92 1212190833
777.368 2803.86 1212190891
286.305 2724.56 1212190951
279.214 2804.97 1212191018
278.328 2806.09 1212191036
278.328 2806.09 1212191038
608.067 2857.46 1212191098
919.191 2928.94 1212191169
1006.94 2593.9 1212191218
1143.45 2494.5 1212191278
1267.54 2552.58 1212191343
1300.34 2558.16 1212191436
1185.11 2522.42 1212191507
1152.31 2634.1 1212191556
1129.27 2789.34 1212191631
1180.68 3152.31 1212191669
1353.52 3175.77 1212191729
1902.2 3264 1212191789
2319.69 3333.25 1212191849
2777.07 3408.08 1212191920
2801.89 3520.89 1212191971
2788.6 3603.54 1212191992
2864.83 3566.68 1212192056
2863.05 3525.35 1212192111
2449.11 3481.79 1212192172
1808.24 3371.22 1212192238
1446.6 3306.44 1212192266
1141.68 3256.18 1212192328
925.396 3228.26 1212192388
398.877 3141.14 1212192452
225.144 2809.44 1212192560
224.258 2809.44 1212192563
226.917 2791.57 1212192609
442.311 2827.31 1212192657
850.052 2889.85 1212192717
944.01 2925.59 1212192759
968.829 2909.96 1212192787
1098.24 2943.46 1212192834
1105.33 3134.44 1212192920
1343.77 3179.12 1212192979
1799.38 3253.95 1212193038
2211.55 3318.73 1212193098
2721.23 3409.2 1212193158
2744.28 3408.08 1212193180
2780.62 3532.06 1212193240
2771.76 3685.08 1212193277
2496.09 3691.78 1212193339
2492.54 3641.51 1212193399
2520.91 3278.52 1212193455
2547.5 3106.52 1212193515
2566.11 3020.52 1212193575
2570.54 2970.26 1212193635
2719.46 2759.18 1212193696
2732.75 2744.67 1212193761
2754.91 2721.21 1212193773
2754.91 2722.33 1212193775
2935.74 2866.4 1212193842
2952.58 2970.26 1212193895
2894.08 3003.77 1212193965
2886.99 3148.96 1212194028
2800.12 3465.04 1212194084
2766.44 3566.68 1212194136
2959.67 3864.9 1212194196
2909.15 4618.89 1212194257
2946.38 4916.04 1212194317
2964.99 4951.78 1212194377
2739.85 5165.16 1212194434
2739.85 5165.16 1212194446
2694.64 5187.5 1212194465
2825.83 5038.92 1212194529
3003.99 4814.38 1212194586
3052.74 4431.23 1212194620
3134.29 3991.12 1212194674
3222.04 3538.76 1212194736
3132.52 3056.26 1212194798
3048.31 2971.38 1212194857
2965.88 2955.75 1212194899
2963.22 2963.56 1212194904
2899.4 3023.87 1212194960
2871.03 3132.21 1212195000
2633.48 3056.26 1212195066
2542.18 3057.38 1212195122
2167.23 3018.29 1212195184
2014.77 2972.5 1212195222
2046.68 2621.82 1212195282
1782.54 2516.84 1212195342
1397.84 2447.6 1212195409
1295.91 2426.38 1212195464
1107.99 2398.46 1212195528
762.299 2352.67 1212195589
106.367 2239.88 1212195645
-792.437 2103.64 1212195709
-981.239 2071.25 1212195779
-947.556 1639.1 1212195830
-1707.2 1230.41 1212195927
-1707.2 1230.41 1212195954
-2176.98 691.104 1212195997
-2824.05 615.181 1212196071
-2912.69 597.316 1212196204
-2912.69 606.248 1212196205
-1817.11 866.402 1212196358
-1817.11 866.402 1212196372
-1666.42 1227.06 1212196417
-1392.53 1252.74 1212196488
-903.236 1404.6 1212196544
-976.807 1930.55 1212196604
-1041.51 2314.7 1212196660
-1043.29 2753.6 1212196720
-639.09 2866.4 1212196779
759.64 3088.65 1212196901
1038.85 3150.08 1212196972
1178.9 3199.22 1212197021
1398.73 3213.74 1212197097
1958.05 3282.99 1212197142
2297.53 3337.71 1212197215
2530.66 3379.04 1212197262
2785.05 3439.35 1212197322
2791.26 3576.73 1212197392
2914.46 3632.58 1212197444
2394.15 3466.16 1212197562
2267.4 3329.9 1212197638
2312.6 3382.39 1212197682
2309.06 3364.52 1212197737
2314.38 3376.81 1212197798
2310.83 3365.64 1212197858
2307.28 3348.88 1212197918
2366.67 3496.31 1212197999
2320.58 3749.86 1212198044
2284.24 3958.73 1212198099
1848.13 3896.18 1212198159
1582.21 3852.62 1212198219
1416.46 3920.75 1212198299
1448.37 3925.22 1212198313
1448.37 3925.22 1212198328
1513.96 3941.98 1212198332
1513.96 3941.98 1212198346
1596.4 3575.62 1212198453
1917.27 3490.73 1212198515
2168.12 3528.71 1212198576
2605.11 3599.07 1212198634
2832.92 3613.59 1212198686
2866.6 3610.24 1212198744
2953.47 3400.26 1212198867
2953.47 3422.6 1212198932
2925.99 3312.03 1212198987
2925.99 3312.03 1212199001
3081.11 3086.42 1212199053
3228.25 2947.93 1212199114
3325.75 2762.53 1212199168
3417.94 2522.42 1212199238
2825.83 1876.95 1212199289
2529.77 1391.2 1212199349
2803.67 1105.35 1212199409
2857.74 1083.02 1212199461
2849.76 1085.25 1212199467
3026.15 1302.99 1212199523
3385.14 1668.13 1212199584
3288.52 1835.63 1212199650
3433.01 1984.15 1212199704
3481.76 2013.19 1212199766
3503.92 1988.62 1212199828
3503.92 1988.62 1212199845
3336.39 1771.98 1212199888
3107.7 1671.48 1212199947
3107.7 1671.48 1212199965
3631.56 696.687 1212200008
3827.45 -773.655 1212200073
3747.68 -1039.34 1212200128
3602.31 -977.942 1212200188
3601.42 -979.058 1212200254
3596.1 -972.36 1212200309
3599.65 -981.29 1212200374
3598.76 -981.29 1212200430
3603.19 -977.942 1212200495
3824.79 -1133.11 1212200556
3823.02 -861.845 1212200611
3851.38 22.3288 1212200671
3305.36 1394.55 1212200731
3355 1910.45 1212200795
3664.35 2210.85 1212200851
3866.45 2406.28 1212200911
4019.8 2608.42 1212200968
4201.51 2739.08 1212201033
4066.78 3423.72 1212201149
4059.69 3429.3 1212201209
3658.15 3274.05 1212201269
3461.37 3528.71 1212201333
3433.89 3885.01 1212201394
3509.24 3753.21 1212201465
3479.1 3756.56 1212201525
3728.18 3795.65 1212201590
3856.7 3689.54 1212201646
4163.39 3314.26 1212201705
4226.33 2937.88 1212201768
4043.73 2348.21 1212201831
4029.55 2246.58 1212201859
4031.32 2238.76 1212201861
4060.57 2232.06 1212201922
4245.83 2879.8 1212201982
4162.51 3327.66 1212202043
4065.89 3413.66 1212202103
3963.07 3357.82 1212202168
3518.99 3660.5 1212202224
3444.53 3959.85 1212202289
3395.78 3974.37 1212202344
3393.12 3981.07 1212202404
3393.12 3981.07 1212202419
3428.57 3840.33 1212202520
3428.57 3854.85 1212202572
3514.55 4032.45 1212202625
3580.15 4079.37 1212202689
3038.56 4860.18 1212202748
2521.79 5175.21 1212202806
2026.3 5090.31 1212202866
1462.55 5003.17 1212202927
819.028 4902.63 1212202987
305.806 5042.27 1212203064
286.305 5034.45 1212203087
178.165 4961.84 1212203100
288.965 4795.39 1212203143
940.465 4914.92 1212203230
1094.7 4862.42 1212203273
1126.61 4663.57 1212203301
1155.86 4449.1 1212203324
1196.63 4192.18 1212203384
1218.79 4068.2 1212203415
1365.93 4011.23 1212203502
2257.65 4151.97 1212203557
2671.59 4245.8 1212203615
3100.61 4109.52 1212203675
3457.82 3898.41 1212203730
3345.25 3812.41 1212203763
3046.54 3930.81 1212203823
2972.08 4249.15 1212203892
2858.62 4261.44 1212203943
2476.59 4197.77 1212203985
2141.53 4145.27 1212204076
1257.79 4010.11 1212204109
1107.11 3979.95 1212204174
813.71 3934.16 1212204225
810.165 3844.8 1212204290
757.867 3821.34 1212204323
756.981 3822.46 1212204327
1075.2 3948.68 1212204452
1141.68 3590.14 1212204511
1247.16 3159.01 1212204565
1839.27 3262.88 1212204625
2331.22 3341.06 1212204690
2507.61 3389.09 1212204747
3135.18 3960.96 1212204827
2984.49 3841.45 1212204868
3075.79 3675.02 1212204929
3138.72 3261.77 1212204965
3502.14 3834.75 1212205025
3565.08 3205.92 1212205085
3316.89 2955.75 1212205146
3474.67 2605.06 1212205205
3209.63 2324.75 1212205281
2576.75 1605.6 1212205336
2652.98 237.805 1212205386
2804.55 -1263.71 1212205445
2398.58 -2679.01 1212205506
2109.62 -2841.96 1212205566
1620.33 -2811.83 1212205641
1549.42 -2916.73 1212205670
1550.3 -2920.08 1212205684
1829.52 -2834.15 1212205743
2497.86 -2104.22 1212205860
2875.46 -1081.76 1212205901
2674.25 240.038 1212205972
2676.91 1684.88 1212206022
3523.42 2348.21 1212206092
3752.11 2578.26 1212206144
3860.25 2679.89 1212206175
4052.6 3112.1 1212206230
3889.5 3260.65 1212206275
3737.93 3387.97 1212206335
3519.87 3847.03 1212206395
3192.79 3998.94 1212206455
2855.96 4077.13 1212206510
2906.49 4080.48 1212206542
2906.49 4078.25 1212206544
3085.54 4090.54 1212206605
3290.3 4115.11 1212206681
3457.82 3849.27 1212206723
3448.96 3764.38 1212206793
3467.58 3833.63 1212206844
3432.12 3838.1 1212206905
3418.82 3822.46 1212206933
3466.69 3710.77 1212206993
3361.21 3500.78 1212207061
3007.54 3242.78 1212207114
2521.79 3054.03 1212207179
2131.78 3023.87 1212207236
1991.73 3011.59 1212207288
1868.52 2955.75 1212207320
1808.24 3271.82 1212207375
1827.75 3282.99 1212207385
1973.11 3131.09 1212207445
2020.98 2790.45 1212207505
2071.5 2555.93 1212207572
2361.35 2290.14 1212207633
2031.62 1965.17 1212207688
1888.91 1681.53 1212207810
1891.57 1680.41 1212207919
1909.29 1654.73 1212207921
2195.6 1582.15 1212208001
2789.48 2176.23 1212208047
3226.48 2616.23 1212208108
3614.72 3026.11 1212208173
3838.97 3219.32 1212208223
3473.78 3761.03 1212208343
3475.55 3758.79 1212208366
3331.96 3562.21 1212208418
2794.8 2945.69 1212208542
2564.34 2736.85 1212208603
2317.04 2541.41 1212208667
2068.84 2295.72 1212208717
1612.35 1545.3 1212208849
1262.23 1483.88 1212208902
724.184 1383.38 1212208963
475.994 1343.19 1212209005
476.88 1342.07 1212209039
464.471 1348.77 1212209059
566.406 1559.81 1212209101
928.055 1620.11 1212209171
1149.65 1642.45 1212209231
1479.39 1815.53 1212209281
1984.64 1917.15 1212209341
2181.42 2150.54 1212209405
2526.22 2437.55 1212209467
2713.25 2381.71 1212209527
2738.07 2381.71 1212209584
2585.61 2206.38 1212209643
2849.76 2229.83 1212209715
3049.2 2419.68 1212209763
3464.03 2839.59 1212209823
3610.28 3427.07 1212209943
3495.05 3688.43 1212210004
3438.32 3934.16 1212210069
3448.07 3916.29 1212210130
3456.05 3887.24 1212210185
3440.1 3924.1 1212210245
3205.2 4125.16 1212210312
2661.84 4138.57 1212210363
2551.93 4236.86 1212210424
2542.18 4243.56 1212210486
2535.97 4270.37 1212210488
2514.7 4387.66 1212210554
2416.31 4401.07 1212210613
2379.97 4410 1212210682
2586.5 4189.95 1212210732
2839.12 3986.66 1212210794
2945.49 3863.79 1212210868
2994.24 3902.88 1212210877
3077.56 3564.45 1212210945
3164.43 3432.65 1212210992
3079.33 3079.72 1212211056
3174.18 2938.99 1212211112
2964.99 2620.7 1212211172
3300.05 2191.86 1212211293
3613.83 1866.9 1212211362
3634.22 1891.46 1212211425
3628.9 1885.88 1212211448
3753.88 2044.45 1212211512
3732.61 1999.79 1212211521
3618.26 1908.22 1212211579
3635.1 1874.71 1212211639
3413.5 1548.65 1212211695
3978.14 -591.691 1212211947
3974.59 -639.694 1212211957
3857.59 -120.574 1212212078
3375.39 1300.75 1212212155
2991.58 1732.9 1212212202
2746.94 1971.87 1212212257
3074.9 2462.12 1212212327
3298.27 2675.42 1212212383
3642.19 3030.57 1212212446
3543.8 3613.59 1212212558
3487.96 3948.68 1212212623
3574.83 3868.26 1212212750
3386.91 3747.62 1212212757
3127.2 3616.94 1212212817
2579.41 3571.15 1212212906
2215.1 3485.15 1212212938
1631.85 3443.82 1212212998
1050.38 3363.4 1212213058
762.299 3326.55 1212213119
105.481 3201.45 1212213239
-663.909 2989.25 1212213365
-910.327 1457.08 1212213540
-898.804 1361.05 1212213617
-919.191 1010.44 1212213672
-1316.3 521.393 1212213827
-1318.07 521.393 1212213878
-1507.76 541.49 1212213891
-1552.96 839.605 1212213950
-1337.57 1039.47 1212214022
-998.967 1090.83 1212214100
-1084.06 769.262 1212214155
-2502.29 456.636 1212214412
-2540.41 452.17 1212214485
-2624.61 641.977 1212214498
-2130.01 708.969 1212214553
-1743.54 1145.55 1212214608
-1346.43 1263.91 1212214668
-966.17 1846.8 1212214798
-741.912 2849.65 1212214945
-149.801 2945.69 1212215002
564.633 3057.38 1212215062
902.35 3117.69 1212215128
1073.42 3219.32 1212215183
976.807 3685.08 1212215247
1106.22 3886.13 1212215306
1308.32 3895.06 1212215366
1537.89 3940.86 1212215426
1537.89 3940.86 1212215442
1265.77 3815.76 1212215490
1217.02 4092.77 1212215552
1209.93 4159.79 1212215583
1095.58 3834.75 1212215649
1141.68 3509.72 1212215698
877.53 3418.13 1212215759
-9.75034 3294.16 1212215899
-428.129 3224.91 1212215945
-518.541 3211.51 1212216002
-519.427 3212.62 1212216004
-559.315 3013.82 1212216080
362.535 3022.76 1212216200
663.909 3074.13 1212216213
1007.83 3127.74 1212216273
1266.66 3169.06 1212216296
1771.9 3257.3 1212216377
2245.24 3334.36 1212216429
2570.54 3393.56 1212216489
3439.21 3718.58 1212216682
3498.6 3835.86 1212216735
3495.94 3839.21 1212216796
3465.8 3845.92 1212216846
3377.16 3640.4 1212216898
3019.06 3303.09 1212217017
2636.14 3039.51 1212217074
2213.33 2981.43 1212217140
2141.53 2984.78 1212217195
2091 3228.26 1212217305
2217.76 3523.12 1212217346
2218.65 3508.6 1212217389
2226.62 3532.06 1212217390
2632.59 3609.12 1212217452
2768.21 3648.22 1212217527
3155.56 3836.98 1212217579
3464.03 3850.38 1212217632
3487.96 3699.6 1212217748
3871.77 3596.84 1212217853
3932.05 3585.67 1212217911
4161.62 3313.14 1212217926
4156.3 3282.99 1212217986
3966.62 3058.5 1212218046
4192.65 3152.31 1212218106
5142.86 4268.14 1212218166
6038.12 5315.97 1212218231
7138.13 6159.47 1212218286
8485.45 6677.91 1212218343
9931.16 6925.96 1212218393
11366.2 7215.37 1212218450
12616.9 7922.73 1212218510
12239.3 9403.58 1212218571
11946.8 10874.6 1212218629
11989.4 11982.6 1212218689
12546 12119 1212218753
12707.4 12161.5 1212218815
13442.2 12276.6 1212218870
14392.4 12439.9 1212218979
14650.3 12475.7 1212219044
14864.8 12510.3 1212219099
15048.3 12211.8 1212219160
15243.3 11950.1 1212219223
15639.5 12018.3 1212219284
15854.9 12048.5 1212219347
15894.8 12060.8 1212219405
15891.3 12066.4 1212219411
15890.4 12072 1212219489
15913.4 12078.7 1212219501
15913.4 12078.7 1212219520
16055.3 12180.5 1212219555
15652 12132.4 1212219622
15064.3 12037.4 1212219676
14878.1 11973.6 1212219736
14903.8 11676.2 1212219799
14929.5 11118.3 1212219857
14649.4 10530.3 1212219918
14298.4 10477.8 1212219981
13590.2 10380.5 1212220038
12835 10167 1212220104
12009.8 9894.27 1212220159
12296.1 8794.44 1212220220
12313.8 7509.26 1212220280
10871.6 7255.6 1212220341
9940.91 6956.13 1212220402
8463.29 6657.8 1212220458
7080.52 6156.12 1212220516
5956.57 5231.07 1212220570
5024.97 4136.33 1212220631
4097.8 3045.09 1212220691
3615.6 3227.14 1212220751
3702.47 3621.41 1212220811
4015.37 3429.3 1212220872
4103.12 3219.32 1212220932
3780.47 3375.69 1212220999
3558.87 3595.72 1212221066
3448.07 3840.33 1212221102
3193.68 4201.12 1212221196
3085.54 4183.25 1212221249
3091.74 4140.8 1212221255
3219.38 3577.85 1212221311
2806.32 3586.79 1212221375
1959.82 3440.47 1212221437
1223.22 3275.17 1212221507
930.714 3274.05 1212221553
269.464 3123.27 1212221624
-445.856 3010.47 1212221675
-1034.42 2656.44 1212221734
-981.239 1857.96 1212221794
-931.601 1426.93 1212221854
-1451.91 1348.77 1212221915
-1981.98 811.691 1212221974
-2622.84 658.725 1212222035
-3199.88 622.996 1212222095
-3693.61 597.316 1212222123
-4299.01 561.588 1212222181
-5360.91 496.83 1212222241
-5315.71 -200.956 1212222301
-5262.52 -1147.62 1212222366
-5459.3 -1589.65 1212222426
-5458.42 -1802.85 1212222505
-5234.16 -1796.15 1212222518
-5204.91 -1795.04 1212222521
-5204.91 -1795.04 1212222536
-4597.73 -1838.57 1212222581
-3698.04 -1918.93 1212222683
-3559.76 -1914.47 1212222716
-3211.41 -1893.26 1212222792
-2508.5 -1840.8 1212222842
-1995.27 -1489.19 1212222909
-1190.43 -1579.61 1212222958
-364.308 -1290.5 1212223018
297.829 -1250.32 1212223078
753.435 -1318.41 1212223138
1311.86 -1350.78 1212223202
1733.79 -1337.38 1212223259
1738.22 -980.174 1212223318
1734.67 -751.328 1212223378
1735.56 -746.863 1212223445
1734.67 -746.863 1212223499
1733.79 -749.096 1212223559
1733.79 -750.212 1212223603
1735.56 -750.212 1212223660
1732.01 -752.445 1212223719
1732.01 -756.91 1212223779
1733.79 -756.91 1212223839
1733.79 -756.91 1212223899
1749.74 -1281.57 1212223960
2022.75 -1332.92 1212224041
2368.45 -1321.76 1212224083
3196.34 -1186.69 1212224143
3747.68 -1004.73 1212224204
3614.72 -983.523 1212224268
3614.72 -982.407 1212224295
3615.6 -981.29 1212224351
3607.63 -979.058 1212224406
3589.01 -955.615 1212224471
3586.35 -956.732 1212224526
3586.35 -996.919 1212224581
3583.69 -999.151 1212224636
3635.1 -935.522 1212224707
