4210.37 -16063.2 1212520668
3316 -15984.1 1212520714
2620.18 -12960.5 1212520828
2657.41 -11416.6 1212520854
4155.42 -8798.39 1212520960
3890.39 -7311.64 1212520998
3625.35 -5802.31 1212521042
3174.18 -4435.52 1212521099
2684.89 -3008.25 1212521145
2413.65 -1312.83 1212521267
2002.37 -1322.87 1212521326
1466.98 -1328.45 1212521396
1352.64 -1153.2 1212521447
1355.3 -1196.73 1212521484
1356.18 -1177.76 1212521548
1358.84 -1200.08 1212521555
1784.31 -1342.97 1212521640
2350.72 -1330.69 1212521696
2702.62 -1662.21 1212521761
2740.73 -3163.38 1212521816
3195.45 -4601.78 1212521859
3643.08 -6026.55 1212521920
3916.98 -7542.53 1212521954
4183.78 -9025.9 1212522003
3572.17 -10378.5 1212522044
2603.34 -11535.8 1212522095
2613.09 -13037.4 1212522144
2886.99 -14548.8 1212522199
3259.27 -16004.1 1212522260
4186.44 -16116.7 1212522317
4414.24 -16055.4 1212522379
4412.47 -16054.3 1212522495
4303.45 -16146.8 1212522748
4516.18 -16095.5 1212522809
4196.19 -16076.6 1212523033
3273.45 -15958.5 1212523110
2949.03 -14510.9 1212523141
2625.5 -13053 1212523201
4191.76 -9030.36 1212523327
4191.76 -9030.36 1212523349
3931.16 -7542.53 1212523375
3205.2 -4595.09 1212523477
2716.8 -1681.18 1212523581
2688.43 -175.279 1212523640
2633.48 1252.74 1212523694
3382.48 2325.87 1212523753
4181.12 3140.03 1212523816
5053.33 4189.95 1212523872
5515.15 4707.14 1212523937
9598.77 6867.86 1212524088
11079.9 7168.44 1212524125
12534.5 7527.14 1212524177
13991.7 7401.98 1212524233
14914.5 7329.35 1212524273
15166.2 8789.97 1212524322
15651.1 9039.21 1212524383
15910.8 9427.05 1212524443
16237.9 9924.45 1212524508
16443.5 10249.7 1212524577
16874.3 10924.9 1212524624
17151.7 10880.2 1212524684
17202.3 11024.4 1212524748
17204 11033.4 1212524804
17207.6 11034.5 1212524825
17201.4 11023.3 1212524887
17199.6 11012.1 1212524894
16929.2 10940.6 1212524961
16838.8 10883.6 1212525027
16499.3 10351.5 1212525090
15317.8 9028.03 1212525201
14871.9 7570.72 1212525253
13580.4 7528.25 1212525313
10811.4 7197.49 1212525424
9623.58 6879.03 1212525484
8200.92 6596.34 1212525539
6841.19 6049.98 1212525586
5762.45 4989.77 1212525647
4783.87 3848.15 1212525695
3766.29 2781.52 1212525761
3562.42 3278.52 1212525816
3574.83 3299.74 1212525832
3362.98 3324.31 1212525890
3277.89 3885.01 1212525947
3433.01 4051.44 1212526013
3189.25 4215.64 1212526077
3143.15 4519.47 1212526128
3128.97 4569.74 1212526313
3128.09 4567.51 1212526368
3129.86 4569.74 1212526438
3193.68 4527.29 1212526494
3615.6 3995.59 1212526611
3666.13 3904 1212526670
3811.5 3761.03 1212526740
4009.16 3444.94 1212526797
4149.21 3305.32 1212526852
4201.51 2563.74 1212526916
4109.32 2239.88 1212526977
3547.35 1687.11 1212527043
3800.86 339.404 1212527096
3062.49 -2439.05 1212527204
2995.13 -3882.05 1212527266
3512.78 -5337.07 1212527317
3795.54 -6864.34 1212527358
3955.09 -9847.76 1212527462
2986.26 -10956.1 1212527503
2570.54 -12388.7 1212527557
2801.89 -13873.4 1212527599
2960.56 -14965.6 1212527642
4533.02 -16143.4 1212527757
4389.43 -15847 1212527888
4273.31 -15909.4 1212527914
3512.78 -16261.5 1212527984
2686.66 -13370.7 1212528084
3884.18 -7260.33 1212528298
3619.15 -5779.99 1212528355
3388.69 -4622.98 1212528415
3721.08 -3762.65 1212528477
3981.68 -3254.89 1212528536
4262.67 -3135.47 1212528596
4859.21 -3565.13 1212528731
4462.11 -3269.4 1212528806
4010.05 -2951.33 1212528857
3995.87 -2939.05 1212528921
3833.66 -2815.17 1212528977
3507.46 -2587.5 1212529042
3170.63 -2291.73 1212529107
2807.21 -1978.09 1212529167
2752.25 -1941.26 1212529216
2844.44 -1441.19 1212529338
2665.39 -142.903 1212529397
2405.67 1085.25 1212529458
1461.66 1319.74 1212529579
1492.69 1382.27 1212529644
1451.03 1493.93 1212529828
1451.91 1493.93 1212529871
1451.91 1495.05 1212529877
1451.91 1496.16 1212529938
1369.48 1151.13 1212530058
1536.12 984.758 1212530118
2426.06 969.126 1212530179
2838.23 -1086.22 1212530299
2963.22 -1195.62 1212530363
3747.68 -1012.55 1212530473
3589.01 -962.313 1212530564
3581.92 -970.127 1212530625
3584.58 -977.942 1212530680
