3690.95 -966.778 1212245081
3621.81 -982.407 1212245255
3613.83 -976.825 1212245302
3427.69 -1155.43 1212245384
2583.84 -1255.9 1212245439
1797.61 -1325.1 1212245500
1238.29 -1341.85 1212245559
317.329 -1241.39 1212245753
98.3898 -391.86 1212245876
78.0027 -107.177 1212245910
62.934 103.829 1212245955
606.294 480.083 1212246092
806.619 490.131 1212246153
1396.96 542.607 1212246287
1420.89 417.559 1212246316
1421.78 411.976 1212246343
1444.82 188.68 1212246361
1482.05 -304.782 1212246417
1521.94 -866.31 1212246487
1389.87 -715.606 1212246552
940.465 -742.398 1212246615
847.393 139.556 1212246731
411.287 113.877 1212246777
