3451.62 3949.79 1211955142
3078.45 4291.6 1211955346
2687.55 4233.51 1211955381
2261.19 4168.73 1211955459
1227.66 3971.02 1211955602
1222.34 3969.9 1211955604
1223.22 3969.9 1211955640
1233.86 3976.6 1211955728
1247.16 3973.25 1211955788
1251.59 3908.47 1211955850
1287.93 3427.07 1211955896
1351.75 3210.39 1211955957
1416.46 2848.53 1211956017
1443.94 2560.39 1211956091
1527.26 2176.23 1211956148
1129.27 1831.16 1211956198
602.748 1681.53 1211956263
-93.9578 1570.98 1211956323
-135.618 1533.01 1211956393
-145.369 1535.25 1211956439
-146.255 1536.36 1211956503
-146.255 1537.48 1211956558
-147.141 1538.6 1211956624
-39.8877 1470.48 1211956679
202.984 1510.68 1211956726
871.326 1606.71 1211956782
1745.31 1049.52 1211956908
2691.09 355.035 1211956968
2851.53 -1046.04 1211957024
3206.09 -1185.57 1211957079
3737.93 -972.36 1211957142
3574.83 -961.197 1211957261
