3005.76 -10960.6 1212257431
4002.07 -7905.03 1212257488
3321.32 -4993.42 1212257597
3057.17 -4069.52 1212257626
2848.87 -1172.18 1212257753
2211.55 1046.17 1212257853
1291.48 1127.68 1212257926
1147.88 1223.71 1212257973
1056.58 1471.6 1212258033
1031.76 1625.7 1212258102
491.949 1662.55 1212258163
-180.824 1552 1212258213
-401.537 1517.38 1212258278
-905.895 1420.23 1212258339
-868.667 1189.09 1212258396
-933.373 794.943 1212258461
-1060.13 779.311 1212258492
-1061.01 780.428 1212258526
-1081.4 775.961 1212258558
-1226.77 1020.49 1212258628
-1426.21 1039.47 1212258681
-1118.63 1298.52 1212258783
-948.442 1694.93 1212258832
-1017.58 2157.24 1212258901
-821.688 2494.5 1212258950
-405.969 2562.63 1212259020
-234.008 2616.23 1212259065
143.596 2663.14 1212259116
240.213 2684.36 1212259183
-222.485 2187.39 1212259321
-342.148 2066.79 1212259365
-353.671 2066.79 1212259410
-355.444 2066.79 1212259443
1022.9 2278.97 1212259629
1127.49 2292.37 1212259685
1191.31 2418.56 1212259745
1146.99 2658.67 1212259815
1035.31 3361.17 1212259862
905.009 4116.23 1212259927
847.393 4555.22 1212259998
981.239 4676.98 1212260053
1029.1 5029.98 1212260109
1305.66 5079.14 1212260168
1658.44 5132.76 1212260228
1699.22 5134.99 1212260255
1708.97 5158.45 1212260288
1810.9 5164.04 1212260353
1903.98 5175.21 1212260409
1998.82 4760.76 1212260525
2006.8 4713.84 1212260579
2103.41 4093.89 1212260697
2134.44 3933.04 1212260762
2270.94 3857.09 1212260822
2331.22 3794.54 1212260884
2350.72 3553.28 1212260943
1648.69 3295.27 1212261059
1699.22 3074.13 1212261134
1492.69 2873.1 1212261188
1440.39 2752.48 1212261291
1550.3 2777.05 1212261311
1822.43 2823.96 1212261371
1822.43 2823.96 1212261387
2191.17 2832.89 1212261432
2175.21 2871.98 1212261525
2169.01 2867.52 1212261593
2173.44 2879.8 1212261645
2181.42 2856.35 1212261701
2167.23 2887.62 1212261761
2170.78 2875.33 1212261821
2171.67 2867.52 1212261942
2171.67 2867.52 1212261958
2178.76 2864.16 1212261991
2178.76 2864.16 1212262051
2183.19 2857.46 1212262084
2425.18 2905.49 1212262150
2562.57 2931.17 1212262204
2645.89 2896.55 1212262268
2852.42 2705.58 1212262325
3036.79 2505.67 1212262380
3406.41 2772.59 1212262456
3671.45 2535.82 1212262503
3960.41 2341.51 1212262577
3936.48 2326.99 1212262587
3937.36 2326.99 1212262590
3808.84 2127.09 1212262656
3682.08 2217.55 1212262715
3157.34 2740.2 1212262775
3000.45 2903.25 1212262832
2897.62 3089.77 1212262920
2830.26 3390.21 1212262959
3141.38 3442.7 1212263021
3523.42 2993.72 1212263083
4148.33 3136.68 1212263135
5173 4291.6 1212263204
6049.64 5428.81 1212263250
5688.88 6262.26 1212263311
5309.5 6919.26 1212263381
5384.85 7215.37 1212263448
5348.5 7205.31 1212263467
5455.76 6643.27 1212263527
5664.95 6249.97 1212263591
5905.16 5457.85 1212263662
5510.71 4709.37 1212263712
4595.07 3632.58 1212263777
3918.75 2876.45 1212263831
3684.74 3129.97 1212263893
3683.86 3482.91 1212263959
3430.35 3642.63 1212264012
3193.68 3448.29 1212264067
3193.68 3448.29 1212264084
2581.18 3052.91 1212264188
2799.23 2793.81 1212264300
3050.97 2972.5 1212264347
3177.72 2954.63 1212264411
3059.83 2847.41 1212264470
2855.96 3097.59 1212264587
2715.03 3077.48 1212264617
2589.16 2999.3 1212264678
2754.03 2765.88 1212264732
2866.6 2636.34 1212264792
3238.89 2620.7 1212264845
3451.62 2816.14 1212264900
3711.33 2577.14 1212264965
3992.32 2311.35 1212265026
4063.23 2224.25 1212265087
4057.91 2219.78 1212265098
3912.55 2056.74 1212265158
3850.5 2051.15 1212265211
3728.18 2009.84 1212265316
3717.54 1777.56 1212265360
3717.54 1777.56 1212265375
3798.2 1801.01 1212265400
3939.14 1923.85 1212265461
3933.82 1962.93 1212265532
3685.63 2214.2 1212265582
3027.04 2870.87 1212265714
2917.12 3014.94 1212265762
2917.12 3014.94 1212265776
2853.3 3309.79 1212265833
2445.56 3247.25 1212265888
2449.11 3223.79 1212265910
2441.13 3214.86 1212266016
2449.99 3234.96 1212266087
2411.88 3126.62 1212266145
2416.31 3122.16 1212266201
2489 3115.46 1212266253
2716.8 3109.87 1212266318
2566.11 3104.29 1212266374
2628.16 3077.48 1212266434
2907.37 3080.83 1212266494
2676.91 3061.85 1212266573
2707.05 3061.85 1212266670
2708.82 3051.79 1212266671
2708.82 3050.68 1212266677
2449.11 3132.21 1212266734
2240.81 2961.33 1212266798
2088.35 3325.43 1212266857
2031.62 3638.16 1212266913
1986.41 3907.35 1212266974
1949.18 4229.04 1212267044
1890.68 4576.44 1212267098
1937.66 4964.07 1212267155
1946.52 5170.74 1212267224
1914.61 5377.42 1212267285
1791.4 5372.95 1212267332
1789.63 5374.06 1212267340
1647.81 5157.34 1212267454
2020.98 5204.26 1212267514
2610.43 5205.37 1212267649
2949.03 4932.79 1212267770
3109.47 4059.26 1212267884
3280.55 3898.41 1212267943
3352.34 3900.65 1212267983
3450.73 3907.35 1212268001
3463.14 3678.37 1212268046
3385.14 3661.62 1212268172
3145.81 3649.33 1212268231
2796.57 3533.17 1212268294
2513.81 3587.9 1212268358
2378.2 3574.5 1212268414
2235.49 3547.69 1212268471
1825.97 3365.64 1212268530
1765.7 3354.47 1212268585
1765.7 3354.47 1212268588
1681.49 3022.76 1212268654
1821.54 2829.54 1212268708
2007.68 2867.52 1212268769
2182.3 2917.77 1212268830
2163.69 2918.89 1212268892
2145.96 2896.55 1212268950
2176.98 2904.37 1212269014
2187.62 2915.54 1212269071
2193.83 2924.47 1212269134
2190.28 2918.89 1212269193
2192.05 2915.54 1212269254
2169.01 2898.79 1212269319
2192.05 2943.46 1212269379
2188.51 2943.46 1212269395
2386.17 2922.24 1212269451
2434.93 3032.81 1212269511
2423.4 3213.74 1212269577
2489.88 3432.65 1212269641
2361.35 3643.75 1212269692
2284.24 3900.65 1212269758
2283.35 3948.68 1212269814
2049.34 4535.11 1212269935
1561.83 5108.18 1212270070
1978.43 5179.68 1212270220
2292.22 5385.24 1212270340
2291.33 5384.12 1212270344
2208.89 5386.35 1212270404
1917.27 5318.21 1212270539
1393.41 5089.19 1212270661
1064.56 5044.51 1212270715
1014.92 4354.15 1212270888
1014.92 4350.8 1212270930
1022.9 4313.94 1212270932
1071.65 4001.18 1212270997
1249.82 3696.24 1212271053
1870.29 3761.03 1212271195
2153.05 3739.81 1212271255
2333.88 3766.61 1212271321
2424.29 3781.13 1212271376
2689.32 3824.69 1212271455
3082.88 3877.19 1212271560
3162.66 4110.64 1212271619
3163.54 4127.4 1212271685
3177.72 4112.87 1212271763
3177.72 4116.23 1212271819
