38.115 329.356 1212247276
16.8415 676.59 1212247341
-2.65918 973.592 1212247396
-113.458 1235.99 1212247468
-179.052 1627.93 1212247517
-246.418 2065.67 1212247585
-481.312 3501.9 1212247757
-607.18 4298.3 1212247908
-609.839 4318.41 1212247951
-551.337 4339.63 1212248014
-282.76 4384.31 1212248023
195.893 4465.85 1212248084
761.413 4129.63 1212248213
811.051 3833.63 1212248242
902.35 3269.58 1212248307
1042.4 2410.75 1212248363
1139.9 1784.26 1212248423
1487.37 1040.59 1212248543
2688.43 712.319 1212248603
2902.06 -782.586 1212248667
3988.77 -7989.8 1212248912
3379.82 -16313.9 1212249200
3673.22 -16307.2 1212249364
3685.63 -16306.1 1212249370
4395.63 -16018.6 1212249564
4396.52 -16019.7 1212249680
4396.52 -16020.9 1212249920
4396.52 -16020.9 1212250107
4396.52 -16020.9 1212250160
