4394.74 -16037.6 1212526117
4392.08 -16040.9 1212526149
4392.97 -16039.8 1212526209
4392.97 -16038.7 1212526271
4393.86 -16038.7 1212526334
4393.86 -16037.6 1212526389
4396.52 -16037.6 1212526449
4393.86 -16038.7 1212526509
4392.97 -16038.7 1212526569
4393.86 -16038.7 1212526630
4395.63 -16033.1 1212526690
4396.52 -16036.5 1212526753
4394.74 -16038.7 1212526811
4394.74 -16038.7 1212526871
4394.74 -16039.8 1212526921
4393.86 -16040.9 1212526981
4393.86 -16040.9 1212527047
4392.97 -16038.7 1212527102
4393.86 -16039.8 1212527163
4392.97 -16045.4 1212527223
4391.2 -16040.9 1212527290
4393.86 -16036.5 1212527344
4394.74 -16033.1 1212527405
4394.74 -16035.3 1212527461
4390.31 -16040.9 1212527521
4385.88 -16048.7 1212527581
4385.88 -16042 1212527641
4392.08 -16035.3 1212527702
4392.97 -16036.5 1212527763
4379.67 -16056.5 1212527830
4380.56 -16055.4 1212527884
4384.11 -16048.7 1212527953
4405.38 -16023.1 1212528005
