1619.44 1554.23 1212187538
1626.53 1541.95 1212187593
1628.31 1541.95 1212187704
1628.31 1541.95 1212187759
1638.94 1554.23 1212187820
1638.06 1553.11 1212187881
1638.94 1554.23 1212187940
1640.72 1553.11 1212187985
1636.28 1548.65 1212188059
1733.79 1664.78 1212188105
1818.88 1748.53 1212188157
1979.32 1911.57 1212188212
2223.08 1702.75 1212188274
2378.2 1540.83 1212188340
2181.42 1291.82 1212188393
2324.13 1132.15 1212188453
2456.2 1053.99 1212188518
2481.02 1032.77 1212188541
2536.86 976.942 1212188601
2557.25 960.193 1212188671
2640.57 888.733 1212188723
2695.53 362.85 1212188784
2847.1 -1137.57 1212188841
2473.93 -2585.26 1212188897
3009.31 -3979.14 1212188953
3149.36 -4712.25 1212189010
2881.67 -5097.19 1212189069
2881.67 -5097.19 1212189088
2782.39 -5086.03 1212189095
2782.39 -5086.03 1212189097
2782.39 -5086.03 1212189102
2574.98 -5120.62 1212189156
2943.72 -5328.14 1212189277
3171.52 -4810.44 1212189337
3021.72 -4159.91 1212189403
3019.06 -4059.48 1212189426
3142.27 -3972.44 1212189487
3062.49 -4001.45 1212189582
2943.72 -3923.34 1212189637
2808.1 -3518.26 1212189697
2676.02 -3117.62 1212189832
2388.83 -3195.74 1212189893
2054.66 -3350.86 1212189953
2055.55 -3350.86 1212190021
2054.66 -3348.63 1212190042
2069.73 -3336.35 1212190068
1861.43 -3432.33 1212190111
1017.58 -3505.98 1212190177
990.989 -3505.98 1212190199
630.226 -3524.95 1212190244
310.238 -3598.61 1212190299
90.4122 -3928.92 1212190364
-23.9326 -4116.39 1212190431
-429.015 -4785.89 1212190480
-483.085 -4880.73 1212190519
-485.744 -4882.96 1212190535
-789.777 -5281.28 1212190582
-1037.97 -5493.27 1212190641
-1521.05 -5732.02 1212190707
-2045.8 -5957.38 1212190823
-2158.37 -6174.93 1212190884
-2356.04 -6556.45 1212190957
-2332.1 -7082.97 1212191014
-2313.49 -7470.03 1212191073
-2582.95 -7480.07 1212191135
-2520.02 -6884.41 1212191414
-2386.17 -6269.75 1212191465
-2383.51 -6231.82 1212191534
-3548.24 -6307.68 1212191759
-3547.35 -6312.14 1212191819
-3542.92 -6322.18 1212191879
-3542.92 -6322.18 1212191939
-3472.01 -6344.49 1212191999
-3349.68 -6332.22 1212192060
-3350.57 -6340.03 1212192120
-3350.57 -6341.15 1212192180
-3348.8 -6334.45 1212192241
-3349.68 -6334.45 1212192293
-3345.25 -6328.88 1212192353
-3338.16 -6333.34 1212192413
-3347.91 -6329.99 1212192483
-3348.8 -6334.45 1212192537
