-3450.73 -6338.92 1212599324
-3512.78 -6285.37 1212599385
-3519.87 -6268.63 1212599421
-3464.03 -6237.4 1212599430
-2493.43 -5562.44 1212599490
-1191.31 -4922.01 1212599538
-617.817 -3514.91 1212599588
614.271 -2835.26 1212599648
999.853 -2689.06 1212599708
1020.24 -2623.21 1212599736
1018.47 -2622.09 1212599743
1014.04 -2631.02 1212599859
1036.2 -2520.53 1212599864
1099.13 -2002.65 1212599949
1191.31 -1589.65 1212600004
1153.2 -1433.38 1212600094
1147.88 -1427.8 1212600210
1147.88 -1430.03 1212600255
1182.45 -1384.27 1212600322
1704.54 -1336.27 1212600437
1751.52 -1240.27 1212600492
1719.61 -762.492 1212600555
1685.04 -304.782 1212600613
1679.72 -146.252 1212600672
1680.6 -146.252 1212600698
1680.6 -146.252 1212600700
1760.38 -149.601 1212600761
1699.22 -328.226 1212600797
1534.35 -348.321 1212600858
1494.46 -334.925 1212600896
1466.1 -40.1917 1212600957
1276.41 2.23288 1212601018
1060.13 140.672 1212601083
886.394 327.123 1212601143
900.577 380.714 1212601198
921.85 404.161 1212601215
921.85 424.258 1212601275
897.918 457.752 1212601307
766.731 496.83 1212601344
604.521 764.796 1212601422
606.294 825.089 1212601464
748.117 964.659 1212601501
922.737 1158.94 1212601574
691.388 961.31 1212601620
635.545 957.96 1212601698
635.545 956.843 1212601708
585.907 864.169 1212601760
594.771 773.728 1212601825
620.476 497.947 1212601888
819.028 611.831 1212601942
811.937 514.694 1212602018
704.684 499.063 1212602020
694.047 491.248 1212602044
594.771 769.262 1212602130
616.931 830.672 1212602190
819.915 1037.24 1212602252
960.852 1413.53 1212602315
1557.4 1072.97 1212602370
2691.09 672.123 1212602425
2454.43 -2228.11 1212602554
2917.12 -3671.14 1212602604
3736.15 -6564.26 1212602713
4002.07 -8045.57 1212602738
4097.8 -9543.34 1212602787
2735.41 -13656.1 1212602942
3024.38 -15157.3 1212603005
4324.72 -15889.4 1212603260
