4030.44 -16160.1 1211167905
4030.44 -16160.1 1211167932
3462.26 -16188 1211167949
3029.7 -14848.6 1211168019
2705.28 -13479.9 1211168065
3384.25 -10626.1 1211168173
4174.03 -9340.38 1211168208
3987.89 -7864.88 1211168249
3722.86 -6382.42 1211168293
3300.93 -4956.6 1211168336
2879.9 -3475.85 1211168391
2893.19 -550.386 1211168494
2703.5 999.273 1211168540
3233.57 2132.67 1211168608
3281.43 2622.93 1211168663
2860.39 2798.27 1211168724
2854.19 2793.81 1211168745
2837.35 2763.65 1211168829
3058.06 2533.59 1211168890
2565.23 1644.68 1211168959
2605.11 132.857 1211169006
2789.48 -1353.01 1211169050
2587.39 -2855.35 1211169103
3107.7 -4254.76 1211169145
3584.58 -5677.35 1211169188
3845.18 -7151.01 1211169244
4104.89 -8622.18 1211169275
2602.45 -12918.2 1211169441
2684 -13525.6 1211169477
2879.9 -14470.8 1211169478
3242.43 -15949.5 1211169529
