-3296.5 -6119.14 1211267724
-2999.56 -5544.59 1211267785
-3189.25 -5900.48 1211267819
-3513.67 -6314.37 1211267879
-3321.32 -6423.7 1211267949
-3336.39 -6412.54 1211267999
-3344.37 -6421.47 1211268059
-3514.55 -6292.06 1211268119
-3369.19 -6210.62 1211268179
-2996.9 -5916.1 1211268239
-1603.49 -5387.28 1211268297
-994.535 -4389.78 1211268358
-554.883 -4118.62 1211268419
-64.7068 -4061.71 1211268481
210.962 -3745.91 1211268541
542.473 -3317.38 1211268601
997.194 -2695.75 1211268661
1084.06 -2254.89 1211268722
1339.34 -1752.62 1211268782
1545.87 -1346.31 1211268843
1536.12 -891.986 1211268903
1515.73 -536.989 1211268964
1494.46 -361.718 1211268989
1355.3 -1.11644 1211269049
1257.79 184.214 1211269114
1228.54 516.927 1211269169
1204.61 798.292 1211269229
1183.34 1125.45 1211269290
1209.04 1420.23 1211269349
1340.23 1552 1211269409
1577.78 1811.06 1211269469
1695.67 1970.75 1211269530
1912.84 2280.08 1211269590
2158.37 2505.67 1211269651
2366.67 2703.34 1211269711
2540.41 2886.5 1211269771
2789.48 3077.48 1211269832
2984.49 3220.44 1211269892
3214.95 3469.51 1211269953
3329.3 3389.09 1211270014
3475.55 3425.95 1211270074
3784.02 3743.16 1211270134
3709.56 3823.58 1211270190
3547.35 3759.91 1211270251
3401.1 3752.09 1211270311
3074.9 3601.31 1211270372
2779.73 3658.27 1211270438
2822.28 4014.58 1211270493
2880.78 3918.52 1211270553
3160.88 3777.78 1211270613
3383.37 3601.31 1211270673
3421.48 3584.55 1211270696
3394 3354.47 1211270756
3228.25 3155.66 1211270816
2901.17 3058.5 1211270876
2800.12 2980.32 1211270936
2668.05 2901.02 1211271001
2412.77 2762.53 1211271058
2548.38 2894.32 1211271117
2719.46 2932.29 1211271177
2817.85 3010.47 1211271237
2960.56 3176.88 1211271297
3177.72 3201.45 1211271358
3412.62 3811.29 1211271418
3520.76 3776.67 1211271479
3518.1 3800.12 1211271541
3564.19 3748.74 1211271600
3565.96 3749.86 1211271660
3496.83 3577.85 1211271721
3281.43 3500.78 1211271782
3029.7 3336.6 1211271849
2855.96 3143.38 1211271876
2648.55 2932.29 1211271936
2454.43 2774.82 1211271997
2415.42 2710.04 1211272057
2445.56 2913.31 1211272118
2402.13 2838.48 1211272178
2435.81 2930.06 1211272239
2597.14 2960.21 1211272299
2612.2 2867.52 1211272364
2823.17 3036.16 1211272420
2996.01 3201.45 1211272481
3063.38 3375.69 1211272543
3319.55 3335.48 1211272604
3422.37 3441.59 1211272664
3322.21 3522 1211272725
3338.16 3475.09 1211272785
3310.68 3481.79 1211272846
3321.32 3470.63 1211272906
3509.24 3590.14 1211272968
3673.22 3688.43 1211273027
3524.3 3696.24 1211273088
3408.19 3823.58 1211273148
3455.17 3676.14 1211273211
3417.94 3742.04 1211273269
3271.68 3672.79 1211273330
3284.98 3381.27 1211273392
2963.22 3341.06 1211273452
2806.32 3400.26 1211273486
3074.02 3427.07 1211273546
3172.41 3110.99 1211273606
2996.9 2912.19 1211273666
3011.08 3219.32 1211273727
3167.97 3143.38 1211273787
3145.81 2809.44 1211273849
2955.24 2599.48 1211273908
2723 2416.33 1211273949
2403.02 2312.47 1211274009
2206.24 2664.26 1211274070
2110.51 3057.38 1211274129
1888.91 3385.74 1211274192
1247.16 3277.4 1211274250
923.623 3233.84 1211274311
422.81 3150.08 1211274371
-340.375 3023.87 1211274437
-970.602 2982.55 1211274493
-992.762 3118.81 1211274553
-1071.65 3603.54 1211274613
-1404.94 4057.03 1211274684
-1644.26 4050.32 1211274734
-1638.06 3733.1 1211274797
-1607.92 3746.51 1211274819
-1655.78 4048.09 1211274882
-1474.07 4374.26 1211274933
-1102.67 4241.33 1211274993
-689.615 4327.34 1211275057
-165.756 4406.65 1211275114
7.09116 4192.18 1211275176
100.163 4124.04 1211275199
536.269 4210.05 1211275255
850.939 4259.2 1211275315
1169.15 4308.35 1211275375
1169.15 4309.47 1211275379
1071.65 4081.6 1211275440
1138.13 3614.71 1211275500
1217.91 3238.31 1211275563
1180.68 3484.03 1211275620
1111.54 3830.28 1211275682
1089.38 3994.47 1211275741
1171.81 4303.88 1211275798
1171.81 4303.88 1211275799
1223.22 4048.09 1211275859
1228.54 4004.53 1211275883
1302.11 3542.11 1211275943
1335.8 3310.91 1211276003
1498.89 3210.39 1211276063
1887.13 3281.87 1211276123
2493.43 3395.79 1211276184
2500.52 3400.26 1211276195
2496.97 3392.44 1211276224
2500.52 3389.09 1211276284
2660.96 3313.14 1211276345
2412.77 3252.83 1211276410
2308.17 3002.65 1211276470
1763.04 2894.32 1211276530
1433.3 2892.09 1211276589
1366.82 3087.53 1211276646
1243.61 2980.32 1211276705
1240.07 2906.6 1211276765
1407.59 2889.85 1211276825
1465.21 2581.61 1211276886
1553.85 2079.07 1211276946
1809.13 2015.42 1211277006
2036.05 2286.78 1211277068
2230.17 2467.7 1211277128
2434.04 2660.9 1211277189
2639.68 2853 1211277249
2910.92 3095.35 1211277310
2916.24 2979.2 1211277370
3042.99 3247.25 1211277431
3476.44 3423.72 1211277491
3604.08 3534.29 1211277552
3440.98 3542.11 1211277612
3433.89 3909.58 1211277673
3410.85 3702.95 1211277735
2983.6 3198.1 1211277795
2771.76 2973.61 1211277855
2610.43 2807.21 1211277916
2399.47 2699.99 1211277976
2426.06 2772.59 1211278037
2449.99 2830.66 1211278098
2601.57 2857.46 1211278118
2824.05 2488.92 1211278178
2578.52 2150.54 1211278243
2918.9 1785.38 1211278298
3317.77 1319.74 1211278358
3829.22 -93.7803 1211278412
3659.92 -1586.31 1211278466
2690.21 -2722.54 1211278521
1269.32 -3162.26 1211278577
-177.279 -3283.9 1211278629
-1123.95 -4509.17 1211278686
-2201.8 -5525.62 1211278745
-3139.61 -6139.23 1211278805
-3558.87 -6313.26 1211278865
-3554.44 -6319.95 1211278925
-3552.67 -6317.72 1211278986
-3545.58 -6316.6 1211279046
-3528.74 -6319.95 1211279098
-3351.46 -6353.42 1211279158
-3359.43 -6346.73 1211279219
-3356.78 -6352.3 1211279260
