4538.34 -16048.7 1212422578
4143.01 -16077.7 1212422638
3929.39 -16240.4 1212422698
4043.73 -16195.8 1212422758
4044.62 -16194.7 1212422820
4042.85 -16194.7 1212422880
4041.96 -16193.6 1212422940
4040.19 -16192.4 1212422974
4040.19 -16193.6 1212423034
4038.41 -16185.8 1212423094
4035.75 -16181.3 1212423159
4034.87 -16181.3 1212423214
4036.64 -16182.4 1212423274
4038.41 -16183.5 1212423335
4041.96 -16183.5 1212423395
4041.96 -16184.6 1212423455
4041.96 -16185.8 1212423516
4034.87 -16166.8 1212423576
4033.98 -16166.8 1212423637
4033.98 -16166.8 1212423641
3571.28 -16515.6 1212423701
4636.73 -17372.3 1212423767
5188.07 -17836.9 1212423826
5841.34 -18361.6 1212423882
6984.79 -19213.7 1212423942
8442.91 -19329.5 1212423995
9782.25 -19951 1212424055
10747.5 -21100.3 1212424111
11050.7 -20837.5 1212424169
11353.8 -20702.8 1212424230
12313.8 -21066.9 1212424286
13396.1 -21297.4 1212424347
13610.6 -21523.5 1212424396
13633.6 -21542.4 1212424400
13407.6 -21173.8 1212424466
12276.6 -21032.4 1212424520
11400.8 -20713.9 1212424581
10525 -20785.2 1212424645
9679.43 -19815.1 1212424701
8276.26 -19313.9 1212424765
6831.44 -19132.4 1212424804
5679.13 -18206.7 1212424863
4540.11 -17254.2 1212424910
3600.53 -16312.8 1212424970
4234.31 -16135.6 1212425047
4276.85 -16133.4 1212425148
4451.47 -15912.8 1212425203
3629.79 -16188 1212425268
4024.23 -16206.9 1212425333
4042.85 -16204.7 1212425383
4040.19 -16206.9 1212425443
4044.62 -16206.9 1212425504
4044.62 -16206.9 1212425577
4043.73 -16206.9 1212425634
4043.73 -16206.9 1212425684
4042.85 -16205.8 1212425744
4042.85 -16205.8 1212425805
4041.96 -16204.7 1212425865
4041.96 -16204.7 1212425925
4041.96 -16204.7 1212425985
4036.64 -16183.5 1212426045
4036.64 -16183.5 1212426110
4040.19 -16184.6 1212426179
4039.3 -16184.6 1212426231
4039.3 -16184.6 1212426286
4039.3 -16183.5 1212426347
4039.3 -16183.5 1212426407
4039.3 -16184.6 1212426468
4038.41 -16185.8 1212426529
4028.66 -16167.9 1212426590
4025.12 -16176.8 1212426650
4031.32 -16165.7 1212426713
4031.32 -16166.8 1212426771
4032.21 -16161.2 1212426832
4027.78 -16165.7 1212426892
4026 -16172.4 1212426957
4032.21 -16169 1212427013
4033.98 -16167.9 1212427074
4035.75 -16167.9 1212427108
3292.96 -15850.4 1212427175
2978.29 -14373.8 1212427223
2614.86 -12932.7 1212427281
2653.86 -11427.7 1212427329
3649.29 -10292.7 1212427378
4173.15 -8899.88 1212427435
3909.89 -7419.84 1212427467
3657.26 -5955.15 1212427510
3202.54 -4527.02 1212427560
2709.71 -2917.85 1212427612
3633.33 -1677.83 1212427660
3849.61 -179.745 1212427710
3391.35 1241.57 1212427758
2979.17 1738.48 1212427819
2726.55 1991.97 1212427880
2439.36 2312.47 1212427940
2197.37 2653.09 1212428000
2270.06 2848.53 1212428059
2270.06 2848.53 1212428061
2270.06 2848.53 1212428072
2405.67 2937.88 1212428132
2384.4 2687.71 1212428193
2408.33 2702.23 1212428253
2381.74 2694.41 1212428301
2380.86 2699.99 1212428361
2388.83 2698.88 1212428421
2389.72 2698.88 1212428481
2378.2 2794.92 1212428541
2654.75 2853 1212428602
2668.93 2785.99 1212428662
2787.71 2850.76 1212428722
2669.82 2759.18 1212428788
2837.35 2887.62 1212428843
2753.14 2799.39 1212428942
2738.96 2790.45 1212428957
2884.33 2584.96 1212429017
3187.47 2237.65 1212429077
2681.34 951.261 1212429138
2884.33 -570.48 1212429193
2517.36 -2021.62 1212429241
2860.39 -3481.43 1212429283
3282.32 -4928.71 1212429331
3709.56 -6384.65 1212429377
3974.59 -7862.65 1212429419
4155.42 -9388.33 1212429465
3370.07 -10629.4 1212429511
2534.2 -11907.1 1212429562
2651.21 -13407.5 1212429613
2947.26 -14912.1 1212429675
3435.66 -16322.8 1212429730
4419.56 -16211.4 1212429790
4437.29 -16214.7 1212429818
4437.29 -16214.7 1212429825
4543.66 -16086.6 1212429880
4147.44 -16072.1 1212429945
4194.42 -16135.6 1212430000
