2692.87 3742.04 1212112059
2690.21 3733.1 1212112061
2690.21 3731.99 1212112070
2684 3716.35 1212112071
2684.89 3716.35 1212112082
2267.4 3557.75 1212112132
1789.63 3463.92 1212112192
1608.81 3119.92 1212112252
1324.27 3076.37 1212112312
1096.47 3056.26 1212112375
951.988 2924.47 1212112433
696.706 2782.64 1212112499
258.827 2714.51 1212112564
-573.497 2557.04 1212112614
-1454.57 2433.08 1212112680
-2125.57 2364.96 1212112736
-3011.08 2310.24 1212112796
-3214.95 2303.54 1212112823
-3360.32 2295.72 1212112883
-3480.87 2290.14 1212112905
-3480.87 2291.25 1212112923
-3288.52 2278.97 1212112958
-2739.85 2311.35 1212113018
-2681.34 2312.47 1212113045
-2622.84 2209.73 1212113069
-2613.98 2029.94 1212113137
-2613.09 2029.94 1212113190
-2613.98 2029.94 1212113246
-2624.61 2277.85 1212113306
-2551.93 2323.64 1212113366
-1898.66 2361.61 1212113426
-1196.63 2461 1212113487
-414.833 2600.6 1212113548
77.1163 2669.84 1212113608
364.308 2707.81 1212113669
944.01 2810.56 1212113729
1105.33 2730.15 1212113790
1126.61 2808.32 1212113850
1076.97 3093.12 1212113898
996.307 3659.39 1212113953
1223.22 3991.12 1212114014
2552.82 4204.47 1212114139
2598.91 4185.48 1212114162
2598.91 4184.36 1212114164
2612.2 4169.84 1212114229
2738.96 4034.69 1212114279
2876.35 3719.7 1212114339
2910.92 3522 1212114404
2949.03 3252.83 1212114465
3107.7 3090.88 1212114520
2894.96 2836.24 1212114585
2581.18 2534.71 1212114640
2078.59 2008.72 1212114700
1876.5 1821.11 1212114760
1876.5 1823.35 1212114781
1831.29 2044.45 1212114839
1838.38 2057.85 1212114857
2041.37 2236.53 1212114917
