4400.06 -16037.6 1211046187
4400.95 -16047.6 1211046247
4400.95 -16047.6 1211046307
4401.83 -16047.6 1211046368
4400.95 -16047.6 1211046427
4401.83 -16048.7 1211046488
4402.72 -16049.8 1211046548
4402.72 -16049.8 1211046608
4403.61 -16049.8 1211046668
4405.38 -16050.9 1211046728
4406.27 -16052.1 1211046788
4408.04 -16050.9 1211046848
4407.15 -16049.8 1211046908
4407.15 -16048.7 1211046973
4406.27 -16048.7 1211047033
4405.38 -16048.7 1211047089
4404.49 -16048.7 1211047158
4404.49 -16049.8 1211047209
4403.61 -16049.8 1211047274
4404.49 -16050.9 1211047330
4406.27 -16052.1 1211047394
4405.38 -16050.9 1211047464
4404.49 -16042 1211047511
4406.27 -16045.4 1211047571
4406.27 -16049.8 1211047637
4406.27 -16050.9 1211047702
4407.15 -16050.9 1211047758
4406.27 -16047.6 1211047821
4406.27 -16047.6 1211047872
4405.38 -16047.6 1211047933
4405.38 -16046.5 1211047993
4405.38 -16046.5 1211048057
4404.49 -16045.4 1211048113
