4416.02 -15882.7 1212875619
3723.74 -16342.9 1212875680
4056.14 -16228.1 1212875793
4054.37 -16191.3 1212875854
4053.48 -16192.4 1212875915
4045.5 -16165.7 1212875980
4043.73 -16164.6 1212876031
3666.13 -16179.1 1212876076
3022.61 -14814 1212876137
2672.48 -13366.3 1212876186
2544.84 -11870.3 1212876230
3408.19 -10606 1212876278
4183.78 -9299.12 1212876326
3977.25 -7802.42 1212876383
3709.56 -6311.03 1212876420
3280.55 -4885.19 1212876468
2887.87 -3433.44 1212876512
3385.14 -2008.23 1212876566
3893.93 -603.971 1212876612
3485.3 882.034 1212876661
3735.27 1836.75 1212876721
3871.77 1984.15 1212876782
3503.03 2409.63 1212876842
3151.13 2753.6 1212876875
3003.1 2895.44 1212876930
3003.99 2895.44 1212876932
2949.03 2959.1 1212876992
2930.42 2985.9 1212877058
2841.78 2944.58 1212877112
2792.14 2732.38 1212877172
2909.15 2597.25 1212877233
3145.81 2189.63 1212877293
2908.26 1938.37 1212877313
2699.96 773.728 1212877374
2698.18 -1711.32 1212877464
2758.46 -3216.94 1212877514
3204.32 -4668.73 1212877562
3653.72 -6100.18 1212877608
3923.18 -7592.73 1212877663
4184.67 -9054.89 1212877698
3553.56 -10405.3 1212877750
2606 -11528 1212877798
2597.14 -13039.7 1212877852
2897.62 -14502 1212877894
3249.52 -15978.5 1212877943
4182.9 -16125.6 1212878003
