12252.6 14408 1211803382
12250 14149.7 1211803439
11550.6 14224.6 1211803499
11272.3 13695.6 1211803559
11595.8 12249.8 1211803609
11932.6 10789.7 1211803656
12220.7 9309.69 1211803702
12554 7831.09 1211803750
11184.5 7239.95 1211803802
9743.25 6904.73 1211803856
8221.31 6597.46 1211803909
6828.78 6039.93 1211803959
5747.38 4970.78 1211804010
4753.73 3802.36 1211804060
3628.01 2834.01 1211804115
3909 3110.99 1211804175
4046.39 2898.79 1211804235
4008.28 2702.23 1211804296
3979.91 2503.44 1211804356
4082.73 2324.75 1211804416
3890.39 2206.38 1211804448
3788.45 2080.19 1211804472
3736.15 1967.4 1211804533
3737.04 1960.7 1211804597
3725.52 1955.12 1211804653
3725.52 1955.12 1211804654
3554.44 2341.51 1211804714
3177.72 2701.11 1211804774
2691.98 2366.07 1211804834
2109.62 1769.75 1211804894
1806.47 1148.9 1211804947
1451.91 1135.5 1211805007
1007.83 1074.08 1211805044
1007.83 1075.2 1211805045
1000.74 809.458 1211805105
1017.58 535.908 1211805165
1381.89 543.723 1211805226
1417.34 599.549 1211805286
1387.21 1075.2 1211805343
1432.41 1108.7 1211805403
1433.3 1880.3 1211805463
1403.16 1995.32 1211805485
1267.54 1998.67 1211805545
1119.52 1891.46 1211805590
893.486 1825.58 1211805651
913.873 1836.75 1211805695
933.373 1732.9 1211805728
575.27 1673.71 1211805788
-187.029 1549.76 1211805849
-870.439 1447.03 1211805909
-1654.01 1251.62 1211805970
-2350.72 669.89 1211806031
-2997.79 630.812 1211806091
-3581.03 369.549 1211806151
-3626.24 -32.3766 1211806213
-3649.29 -110.527 1211806236
-3630.67 -432.05 1211806277
-3630.67 -437.632 1211806279
-3613.83 -721.187 1211806303
-3609.4 -850.682 1211806326
-3698.04 -781.469 1211806387
-3611.17 -558.2 1211806452
-3636.88 -72.5682 1211806507
-3767.18 858.586 1211806567
-4180.24 1321.97 1211806638
-4325.6 1883.65 1211806688
-4185.55 2229.83 1211806748
-3547.35 2264.45 1211806808
-3345.25 2276.73 1211806870
-3045.65 2290.14 1211806929
-2706.16 2315.82 1211806989
-2262.08 2347.09 1211807050
-1961.59 2514.61 1211807110
-1802.93 2892.09 1211807170
-1110.65 3003.77 1211807230
-583.248 3089.77 1211807291
-460.925 3373.45 1211807351
-516.768 3733.1 1211807413
-579.702 4108.41 1211807473
-635.545 4490.43 1211807533
-693.16 4838.96 1211807594
-692.274 4785.34 1211807654
-646.182 4504.95 1211807715
-351.899 4489.31 1211807776
-48.7517 4556.34 1211807836
-166.642 4930.56 1211807896
-556.656 4885.88 1211807956
-666.569 4623.36 1211808016
-481.312 4469.21 1211808076
-167.529 4519.47 1211808141
-31.9102 4417.82 1211808196
100.163 4135.21 1211808257
527.405 4204.47 1211808322
550.451 4507.19 1211808377
536.269 4618.89 1211808438
67.366 4561.92 1211808498
-110.799 4533.99 1211808529
-179.052 4760.76 1211808609
187.029 4901.51 1211808670
173.733 4893.69 1211808706
264.146 4909.33 1211808766
265.032 4908.22 1211808821
949.328 4912.69 1211808881
1728.47 4937.26 1211808942
2340.97 4413.35 1211809002
2446.45 4316.17 1211809062
2624.61 4156.44 1211809122
2884.33 3832.51 1211809182
2843.55 3310.91 1211809292
2375.54 3240.54 1211809353
1825.97 3156.78 1211809413
1659.33 3132.21 1211809474
1497.12 2993.72 1211809535
1992.61 3074.13 1211809595
2574.09 3045.09 1211809656
2729.21 2861.93 1211809716
2702.62 2832.89 1211809777
2709.71 2840.71 1211809797
2704.39 2836.24 1211809857
2743.39 2865.28 1211809917
2732.75 2855.23 1211809977
2729.21 2801.62 1211810037
2740.73 2815.02 1211810097
2730.98 2806.09 1211810157
2736.3 2807.21 1211810217
2729.21 2801.62 1211810277
2728.32 2799.39 1211810327
2722.12 2796.04 1211810387
2739.85 2798.27 1211810439
2736.3 2793.81 1211810500
2755.8 2751.37 1211810560
2753.14 2746.9 1211810621
2757.57 2761.42 1211810633
2815.19 2711.16 1211810693
3005.76 2501.2 1211810753
2778.85 1831.16 1211810813
2709.71 382.947 1211810874
2850.64 -1128.64 1211810927
2477.47 -2580.8 1211810976
3024.38 -3992.53 1211811028
3541.15 -5437.48 1211811077
3801.75 -6921.23 1211811123
4065 -8390.2 1211811171
3903.68 -9925.82 1211811224
2894.08 -11031.9 1211811271
2546.61 -12121.1 1211811331
2635.25 -13354 1211811391
2927.76 -14844.1 1211811447
3300.05 -16137.9 1211811507
4021.57 -16188 1211811567
4501.11 -16175.7 1211811628
4559.61 -16066.5 1211811693
4155.42 -16065.4 1211811751
4032.21 -16253.7 1211811808
4080.96 -16188 1211811868
4073.87 -16203.6 1211811905
4073.87 -16203.6 1211811906
3625.35 -16271.6 1211811967
4019.8 -16180.2 1211812003
4384.11 -16026.4 1211812063
4389.43 -16022 1211812123
4390.31 -16034.2 1211812183
4390.31 -16026.4 1211812244
4388.54 -16020.9 1211812314
4388.54 -16018.6 1211812364
4390.31 -16039.8 1211812424
4389.43 -16025.3 1211812484
