189.688 1289.59 1211785713
478.653 1248.27 1211785759
591.225 884.267 1211785837
642.636 486.782 1211785900
1044.17 279.114 1211785955
1079.63 -183.094 1211786016
1102.67 -465.542 1211786077
1153.2 -1076.18 1211786137
1511.3 -1242.5 1211786197
1731.13 -1232.46 1211786258
1911.07 -1213.48 1211786521
1307.43 -496.8 1211786522
1305.66 -477.822 1211786524
1272.86 -78.1503 1211786584
1244.5 302.56 1211786645
1232.97 456.636 1211786697
1221.45 526.976 1211786759
583.248 485.665 1211786820
50.5245 446.587 1211786955
10.6367 799.409 1211787001
