3015.51 2133.79 1212610314
2920.67 2194.1 1212610374
2743.39 2367.19 1212610434
2449.11 2640.8 1212610494
2317.92 2804.97 1212610555
2293.1 2827.31 1212610615
2331.22 2717.86 1212610674
2359.58 2697.76 1212610735
2353.38 2710.04 1212610795
2348.95 2694.41 1212610855
2365.79 2693.29 1212610915
2358.7 2706.69 1212610975
2364.9 2701.11 1212611082
2356.04 2702.23 1212611138
2332.1 2677.66 1212611208
2344.51 2692.18 1212611258
2360.47 2703.34 1212611318
2367.56 2708.93 1212611378
2366.67 2703.34 1212611440
2364.01 2706.69 1212611499
2370.22 2705.58 1212611559
2373.76 2711.16 1212611619
2369.33 2704.46 1212611680
2370.22 2706.69 1212611741
2358.7 2714.51 1212611804
2370.22 2721.21 1212611864
2369.33 2715.63 1212611919
2360.47 2706.69 1212611984
2366.67 2718.98 1212612044
2364.9 2715.63 1212612103
2375.54 2737.96 1212612159
2374.65 2737.96 1212612219
2390.61 2765.88 1212612279
2398.58 2781.52 1212612340
2392.38 2768.12 1212612399
2392.38 2765.88 1212612438
2442.9 2883.15 1212612498
2429.61 2802.74 1212612558
2390.61 2759.18 1212612623
2403.02 2772.59 1212612678
2393.26 2756.95 1212612748
2398.58 2761.42 1212612804
2395.92 2753.6 1212612869
2387.95 2722.33 1212612920
2395.92 2750.25 1212612980
2379.97 2662.02 1212613045
2401.24 2720.1 1212613101
2450.88 2836.24 1212613164
2461.52 3059.61 1212613222
2412.77 3214.86 1212613282
2412.77 3214.86 1212613284
2109.62 3288.57 1212613335
2352.49 3352.23 1212613369
2355.15 3357.82 1212613371
2646.77 3386.86 1212613431
2571.43 3266.23 1212613492
2081.25 3204.8 1212613551
1970.45 3061.85 1212613615
2118.48 3183.58 1212613673
1880.04 3176.88 1212613733
1237.41 3061.85 1212613794
1084.95 3035.04 1212613854
933.373 3019.41 1212613916
388.241 2928.94 1212613976
226.917 2840.71 1212614041
260.6 2794.92 1212614097
262.373 2797.16 1212614111
688.728 2868.63 1212614171
1068.99 2926.71 1212614231
1406.71 2999.3 1212614291
1329.59 3375.69 1212614352
1751.52 3459.46 1212614391
2197.37 3543.23 1212614451
2200.03 3568.91 1212614511
2188.51 3564.45 1212614571
2184.08 3562.21 1212614631
2186.74 3564.45 1212614691
2185.85 3564.45 1212614751
2187.62 3562.21 1212614811
2187.62 3585.67 1212614841
2210.67 3452.75 1212614903
2263.85 3135.56 1212614963
2565.23 3133.33 1212615024
2578.52 2957.98 1212615084
2754.03 2733.5 1212615144
2980.06 2902.14 1212615205
3135.18 3017.17 1212615265
3202.54 2952.39 1212615326
3150.25 2813.91 1212615386
3160.88 2804.97 1212615415
3160.88 2804.97 1212615423
2945.49 2960.21 1212615477
2856.85 2927.82 1212615485
2864.83 3020.52 1212615545
2933.97 3142.26 1212615610
2925.1 3126.62 1212615665
3292.96 2991.48 1212615726
3468.46 2856.35 1212615791
3716.65 2586.08 1212615847
3996.75 2308 1212615901
3996.75 2308 1212615913
3997.64 2311.35 1212615915
3997.64 2311.35 1212615917
3825.68 2114.81 1212615977
3553.56 2338.16 1212616037
3303.59 2589.43 1212616097
2879.01 2821.73 1212616157
2831.14 2744.67 1212616173
2756.69 2606.18 1212616233
2500.52 2611.77 1212616288
2555.48 2765.88 1212616348
2738.96 2922.24 1212616408
2922.44 3119.92 1212616468
2957.9 3245.01 1212616528
3080.22 3391.33 1212616588
3356.78 3663.85 1212616619
3622.69 3849.27 1212616679
3626.24 3854.85 1212616698
3547.35 3706.3 1212616749
3353.23 3592.37 1212616809
3266.36 3585.67 1212616847
2931.31 3438.24 1212616907
2738.96 3319.84 1212616967
2009.46 3174.65 1212617032
1520.17 3102.05 1212617087
1268.43 3061.85 1212617148
1101.79 3043.98 1212617208
1080.51 3043.98 1212617234
959.079 3021.64 1212617291
1078.74 2932.29 1212617351
1232.97 2938.99 1212617412
1244.5 3019.41 1212617467
1381 3119.92 1212617528
1381.89 3050.68 1212617581
1382.78 3048.44 1212617587
1409.37 2858.58 1212617644
1413.8 2866.4 1212617666
1333.14 2867.52 1212617722
1193.97 3332.13 1212617782
1085.83 4032.45 1212617842
1083.17 4402.18 1212617902
1087.61 4398.83 1212617927
1087.61 4397.71 1212617929
1176.25 4325.11 1212617966
831.438 4259.2 1212618026
772.936 4054.79 1212618086
860.689 3552.16 1212618146
516.768 3372.34 1212618207
450.288 3380.16 1212618226
449.402 3381.27 1212618233
252.622 3336.6 1212618289
249.077 3329.9 1212618297
42.5469 3298.62 1212618358
35.4558 3057.38 1212618460
37.2286 2871.98 1212618514
22.1599 2870.87 1212618545
22.1599 2870.87 1212618547
71.7979 2850.76 1212618607
216.28 2789.34 1212618668
499.04 2834.01 1212618723
657.705 2938.99 1212618784
390.014 2926.71 1212618843
401.537 3038.39 1212618899
398.877 3027.22 1212618957
399.764 3030.57 1212618984
613.385 3066.31 1212619044
1006.06 3127.74 1212619104
1192.2 3161.25 1212619164
1680.6 3238.31 1212619224
1977.55 3201.45 1212619284
2098.1 3110.99 1212619345
2592.7 3174.65 1212619405
2850.64 3215.97 1212619466
2977.4 3223.79 1212619527
3064.27 3237.19 1212619588
3270.8 3029.46 1212619648
3554.44 2951.28 1212619708
3636.88 2832.89 1212619769
3668.79 2803.86 1212619829
3802.63 2798.27 1212619889
4179.35 3262.88 1212619949
4873.4 3629.23 1212620009
6046.98 5315.97 1212620058
5709.27 5798.6 1212620119
5687.99 6406.4 1212620180
6343.93 6800.82 1212620241
6270.35 7033.23 1212620301
6289.85 6752.77 1212620363
5640.13 6407.51 1212620423
5690.65 5761.73 1212620484
6042.55 5336.08 1212620544
5087.02 4187.71 1212620602
4166.94 3113.22 1212620662
3224.7 2208.61 1212620722
3053.63 2112.57 1212620782
2881.67 2237.65 1212620814
2629.93 2500.09 1212620873
2446.45 2659.79 1212620933
2191.17 2772.59 1212620994
1874.72 2830.66 1212621052
1874.72 2830.66 1212621053
2274.49 2901.02 1212621114
2416.31 2936.76 1212621154
2451.77 2969.15 1212621214
2405.67 3231.61 1212621274
2416.31 3316.49 1212621334
2370.22 3477.33 1212621394
2325.01 3742.04 1212621454
2442.9 3782.25 1212621514
2447.34 3896.18 1212621578
2457.97 3878.31 1212621589
2435.81 3973.25 1212621650
2535.09 3992.24 1212621663
2741.62 4021.28 1212621724
