4247.6 -16001.9 1211050157
3478.21 -16110 1211050217
2972.08 -14673.6 1211050278
2635.25 -13142.2 1211050331
2586.5 -11611.7 1211050384
3547.35 -10430.9 1211050430
4197.96 -9037.05 1211050478
3939.14 -7558.15 1211050527
3674.99 -6058.9 1211050582
3214.95 -4616.29 1211050630
2782.39 -3160.03 1211050684
3505.69 -1829.64 1211050742
3858.47 -348.321 1211050798
3398.44 1109.81 1211050862
3090.86 1626.81 1211050919
2971.19 1750.76 1211050977
2802.78 1913.8 1211051037
2551.04 2169.53 1211051100
2335.65 2389.53 1211051158
2241.69 2487.8 1211051221
2250.56 3056.26 1211051279
2122.91 3264 1211051340
2194.71 3316.49 1211051383
2462.4 3351.12 1211051443
2496.09 3381.27 1211051465
2498.75 3383.51 1211051472
2691.98 3296.39 1211051527
2542.18 3253.95 1211051590
2541.29 3252.83 1211051624
2451.77 3036.16 1211051688
2138.87 2999.3 1211051749
1755.95 2951.28 1211051806
1171.81 2847.41 1211051866
711.775 2790.45 1211051926
431.674 2742.43 1211051993
-133.846 2646.39 1211052048
-398.877 2583.85 1211052106
-1206.38 2465.47 1211052166
-1341.11 2286.78 1211052227
-1283.5 2293.49 1211052288
-1283.5 2293.49 1211052296
-937.805 1637.98 1211052409
-905.009 1387.85 1211052469
-862.462 1174.58 1211052529
-949.328 1110.93 1211052581
-1060.13 1095.3 1211052638
-1194.86 1071.85 1211052701
-1319.84 1050.64 1211052764
-1345.55 1039.47 1211052820
-1187.77 1067.38 1211052866
-990.989 1097.53 1211052928
-830.552 1122.1 1211052986
-827.006 1123.21 1211052988
-735.707 1347.65 1211053050
-313.784 1422.47 1211053108
-142.71 1449.27 1211053173
418.378 1539.71 1211053231
536.269 1558.7 1211053288
913.873 1623.46 1211053351
1285.27 1865.78 1211053409
1430.64 2027.7 1211053463
1682.38 2065.67 1211053521
1696.56 2086.89 1211053541
1696.56 2086.89 1211053543
1695.67 2089.12 1211053551
1655.78 2357.14 1211053611
1567.15 2865.28 1211053733
1612.35 3013.82 1211053793
2331.22 3117.69 1211053853
2397.7 3153.43 1211053893
2397.7 3153.43 1211053898
2790.37 3173.53 1211053955
3139.61 3337.71 1211054006
2842.67 3033.92 1211054063
2754.91 3030.57 1211054104
2755.8 3083.07 1211054162
2694.64 3194.75 1211054222
2645 3495.2 1211054284
2111.39 3414.78 1211054342
1414.69 3298.62 1211054402
1103.56 3245.01 1211054462
691.388 3186.93 1211054523
144.482 3380.16 1211054643
143.596 3391.33 1211054645
148.028 3277.4 1211054770
156.892 3211.51 1211054832
677.205 3290.8 1211054888
872.212 3310.91 1211054938
1026.44 3338.83 1211054995
1273.75 3382.39 1211055055
1341.11 3243.9 1211055118
1393.41 2973.61 1211055181
1820.65 3048.44 1211055236
1886.25 3055.14 1211055261
2398.58 3116.57 1211055321
2621.95 3169.06 1211055383
2766.44 3296.39 1211055441
2707.94 3299.74 1211055506
2699.07 3287.45 1211055564
2660.07 3387.97 1211055624
2920.67 3415.9 1211055686
2847.99 3281.87 1211055719
2847.1 3286.34 1211055720
2539.52 3251.71 1211055777
2121.14 3192.52 1211055838
1374.8 3079.72 1211055898
1246.27 3073.01 1211055956
967.056 3022.76 1211056024
732.162 2885.38 1211056077
671.887 2873.1 1211056109
658.591 2911.07 1211056155
655.045 2930.06 1211056160
655.045 2930.06 1211056173
941.351 2993.72 1211056219
1232.97 2979.2 1211056283
1351.75 3006 1211056308
2091.89 3094.23 1211056410
2286.01 2992.6 1211056470
2321.47 2913.31 1211056521
2433.15 2940.11 1211056578
2402.13 3089.77 1211056636
2404.79 3276.29 1211056701
2483.68 3364.52 1211056756
2769.1 3715.23 1211056817
2699.96 4105.06 1211056879
2514.7 4383.19 1211056937
2367.56 4506.07 1211057004
2336.54 4592.08 1211057062
2281.58 4936.14 1211057123
2252.33 5121.59 1211057177
2365.79 5359.54 1211057239
2261.19 5391.94 1211057302
2261.19 5393.06 1211057308
2234.6 5389.7 1211057348
2067.07 5410.93 1211057412
1919.04 5395.29 1211057469
1739.11 5367.36 1211057536
1638.94 5350.6 1211057555
1437.73 5315.97 1211057614
1326.05 5283.57 1211057642
1508.64 5133.88 1211057702
2137.98 4582.03 1211057839
2137.98 4576.44 1211057844
1716.95 4966.31 1211057904
1607.03 5029.98 1211057968
1249.82 4967.42 1211058026
913.873 4916.04 1211058086
805.733 4800.98 1211058152
881.962 4798.74 1211058155
973.261 4659.11 1211058223
985.671 4598.78 1211058276
2535.09 4204.47 1211058464
2582.07 4202.24 1211058496
2708.82 4101.7 1211058554
2872.8 3933.04 1211058614
2907.37 3727.52 1211058674
3002.22 3309.79 1211058739
2877.24 3092 1211058794
2740.73 3013.82 1211058847
2738.96 3010.47 1211058849
2738.96 3010.47 1211058853
2631.71 2861.93 1211058919
2290.44 2456.53 1211058974
1894.22 2120.39 1211059035
1608.81 1864.66 1211059095
1404.05 1651.38 1211059153
1234.75 1461.55 1211059216
989.216 1228.17 1211059275
741.912 972.475 1211059338
466.243 707.852 1211059397
315.556 543.723 1211059459
-32.7966 256.785 1211059517
-227.803 247.853 1211059550
-228.69 247.853 1211059551
-226.031 176.399 1211059572
-233.122 59.1714 1211059634
-138.278 68.103 1211059658
61.1612 111.645 1211059715
76.2299 301.444 1211059738
434.333 654.259 1211059798
545.133 764.796 1211059830
656.818 873.101 1211059890
691.388 898.782 1211059904
951.988 1161.18 1211059967
1071.65 1280.65 1211060027
1296.8 1508.45 1211060088
1575.12 1786.5 1211060146
1703.65 1901.52 1211060209
2039.59 2251.05 1211060267
2216.87 2430.85 1211060336
2500.52 2715.63 1211060392
2808.1 3069.66 1211060452
2808.98 3067.43 1211060465
2918.9 3186.93 1211060525
3012.85 3106.52 1211060585
3035.9 2980.32 1211060645
3039.45 2926.71 1211060705
3039.45 2926.71 1211060707
2925.99 3020.52 1211060769
2954.35 3333.25 1211060828
2900.28 3376.81 1211060888
2663.62 3296.39 1211060951
2177.87 3188.05 1211061014
2172.55 3219.32 1211061064
2170.78 3226.03 1211061066
1896.88 3180.23 1211061126
1767.47 3157.9 1211061137
1279.95 3077.48 1211061199
1102.67 3037.28 1211061261
973.261 3023.87 1211061318
951.101 2936.76 1211061379
888.167 2369.42 1211061442
31.9102 2227.6 1211061501
-248.19 2181.81 1211061522
-984.784 2066.79 1211061584
-1003.4 2061.2 1211061646
-921.85 1489.46 1211061704
-903.236 1423.58 1211061764
-865.121 1154.48 1211061826
-899.69 1127.68 1211061882
-898.804 1126.56 1211061899
-898.804 1126.56 1211061919
-932.487 1115.4 1211061979
-1026.44 1296.29 1211062043
-898.804 1338.72 1211062098
-974.147 1874.71 1211062159
-1035.31 2263.33 1211062219
-1043.29 2352.67 1211062260
-1013.15 2799.39 1211062320
-544.246 2970.26 1211062381
-671.001 3594.6 1211062497
-673.66 3595.72 1211062501
-608.067 3704.06 1211062561
-452.061 3728.64 1211062581
-138.278 3776.67 1211062634
-184.37 3992.24 1211062692
-413.946 3949.79 1211062765
-524.746 3731.99 1211062825
-467.13 3420.36 1211062885
-480.426 3112.1 1211062945
-991.875 3031.69 1211063008
-1521.05 2954.63 1211063068
-1539.67 2953.51 1211063094
-1547.64 2952.39 1211063099
-1425.32 2979.2 1211063188
-1426.21 2963.56 1211063213
-986.557 3024.99 1211063288
-604.521 3093.12 1211063350
-488.403 3109.87 1211063379
116.118 3202.57 1211063444
301.374 3236.08 1211063494
263.259 3578.97 1211063554
80.6619 3821.34 1211063616
-234.895 3853.74 1211063679
-268.578 4073.78 1211063706
-334.171 4446.86 1211063765
-342.148 4462.5 1211063833
-357.217 4608.84 1211063891
-118.777 4767.46 1211063946
44.3197 4764.11 1211063986
330.625 4806.56 1211064024
329.739 4805.44 1211064027
469.789 4840.07 1211064086
689.615 4872.47 1211064151
920.077 4802.09 1211064210
984.784 4625.59 1211064268
988.33 4512.77 1211064332
1000.74 4489.31 1211064348
769.39 4144.15 1211064396
791.55 3931.92 1211064456
814.596 3834.75 1211064517
850.939 3572.27 1211064577
880.19 3343.3 1211064644
924.509 3108.75 1211064677
1017.58 2548.11 1211064740
1087.61 2137.14 1211064798
1106.22 2022.12 1211064861
1112.43 1940.6 1211064907
1112.43 1939.48 1211064909
1183.34 1508.45 1211064972
1388.09 918.88 1211065031
1412.03 799.409 1211065059
1405.82 807.225 1211065107
1408.48 812.807 1211065166
1411.14 809.458 1211065229
1408.48 810.574 1211065285
1405.82 811.691 1211065344
1407.59 810.574 1211065405
1405.82 811.691 1211065467
1404.05 815.04 1211065527
1404.05 812.807 1211065586
1403.16 810.574 1211065647
1397.84 808.341 1211065675
1401.39 808.341 1211065703
1403.16 809.458 1211065758
1401.39 809.458 1211065818
1410.25 812.807 1211065883
1417.34 608.481 1211065943
1428.87 470.034 1211065969
1423.55 470.034 1211066029
1424.44 434.306 1211066088
1446.6 160.769 1211066126
1482.05 -330.459 1211066189
1497.12 -452.145 1211066255
1494.46 -495.684 1211066278
1519.28 -810.494 1211066338
1547.64 -1185.57 1211066398
1630.97 -1339.62 1211066443
1738.22 -1338.5 1211066457
1943.86 -1331.8 1211066501
2806.32 -1212.36 1211066566
3344.37 -1171.06 1211066626
3746.79 -1075.06 1211066686
3604.97 -918.777 1211066744
3583.69 -935.522 1211066806
3581.92 -946.685 1211067101
