4322.06 -16127.8 1212963523
4269.76 -15941.7 1212963589
3735.27 -16307.2 1212963644
4029.55 -16250.4 1212963787
4040.19 -16228.1 1212963848
4041.96 -16221.4 1212963908
4045.5 -16208 1212963977
4045.5 -16199.1 1212964034
4041.96 -16186.9 1212964150
4041.07 -16188 1212964212
4041.96 -16186.9 1212964271
4042.85 -16185.8 1212964334
4043.73 -16185.8 1212964391
4045.5 -16184.6 1212964455
4047.28 -16184.6 1212964515
4047.28 -16184.6 1212964573
4047.28 -16185.8 1212964636
4046.39 -16184.6 1212964695
4047.28 -16186.9 1212964755
4047.28 -16185.8 1212964816
4046.39 -16186.9 1212964876
4045.5 -16186.9 1212964937
4045.5 -16188 1212964999
4045.5 -16189.1 1212965059
4044.62 -16189.1 1212965117
4043.73 -16189.1 1212965152
3980.8 -16076.6 1212965212
3239.77 -15629.7 1212965272
2964.1 -14216.7 1212965332
2632.59 -12973.9 1212965392
2582.95 -11647.3 1212965453
3504.8 -10495.6 1212965506
4205.06 -9180.91 1212965558
3970.16 -7712.07 1212965610
3703.36 -6218.43 1212965665
3262.82 -4793.7 1212965723
2863.05 -3363.14 1212965776
2834.69 -2652.23 1212965837
3752.99 -1456.82 1212965856
3841.63 55.8221 1212965911
3366.53 1440.33 1212965971
3655.49 1744.06 1212966035
3690.06 1786.5 1212966092
4013.59 2163.94 1212966152
4047.28 2168.41 1212966217
4214.81 2396.23 1212966275
4233.42 2703.34 1212966335
4244.06 3159.01 1212966396
3801.75 3809.06 1212966457
3456.94 4277.08 1212966519
3182.16 4660.22 1212966578
3046.54 4851.24 1212966638
2807.21 5098.13 1212966699
2644.11 5212.08 1212966745
2557.25 5264.58 1212966794
2387.95 5348.37 1212966852
2287.78 5389.7 1212966910
2287.78 5389.7 1212966911
2287.78 5391.94 1212966971
2234.6 5394.17 1212967034
2121.14 5399.76 1212967091
2083.03 5234.42 1212967152
2012.12 4751.82 1212967273
2098.1 4237.98 1212967394
2135.32 3982.19 1212967454
2024.52 3746.51 1212967514
1911.07 3600.19 1212967574
1912.84 3451.64 1212967634
1948.29 3293.04 1212967694
1917.27 2964.68 1212967758
1720.49 2841.83 1212967818
1788.74 2376.13 1212967878
1924.36 2139.38 1212967938
2031.62 2275.62 1212967996
2095.44 2352.67 1212968056
2095.44 2347.09 1212968065
2203.58 2406.28 1212968127
2406.56 2304.65 1212968185
2570.54 2127.09 1212968214
2977.4 1737.36 1212968274
3319.55 1316.39 1212968335
3851.38 -626.298 1212968418
3712.22 -903.149 1212968517
3621.81 -914.312 1212968575
3620.92 -913.196 1212968635
3612.94 -914.312 1212968696
3612.94 -915.428 1212968759
3597.88 -924.359 1212968817
3596.1 -927.708 1212968878
3586.35 -937.754 1212968939
3585.47 -938.871 1212968999
3589.01 -935.522 1212969060
3587.24 -935.522 1212969122
3588.12 -948.918 1212969183
3588.12 -946.685 1212969241
3588.12 -954.499 1212969302
3588.12 -955.615 1212969364
3588.12 -971.244 1212969423
3590.78 -973.476 1212969484
3589.9 -971.244 1212969544
3592.56 -964.546 1212969607
3585.47 -973.476 1212969671
3581.03 -990.221 1212969726
3634.22 -994.686 1212969786
3672.33 -969.011 1212969814
