4213.92 -16058.7 1212357580
3833.66 -10050.7 1212357854
3851.38 -7101.93 1212357922
3851.38 -7101.93 1212357938
3110.36 -4188.92 1212358009
2754.91 -2742.63 1212358067
3691.83 -1571.79 1212358115
3851.38 -58.0546 1212358160
3346.14 1347.65 1212358218
3667.01 1770.86 1212358269
3687.4 2101.41 1212358338
3391.35 2517.96 1212358399
3176.84 2735.73 1212358410
2869.26 3057.38 1212358470
2810.76 3456.11 1212358530
2734.53 3880.54 1212358590
2738.96 3907.35 1212358616
2730.09 3922.99 1212358681
2710.59 3998.94 1212358693
2918.9 3707.41 1212358759
3070.47 3117.69 1212358892
3094.4 2731.26 1212358949
3047.42 2464.35 1212358997
3197.22 2252.17 1212359057
2592.7 1627.93 1212359094
2696.41 743.582 1212359130
2793.92 -1312.83 1212359208
2374.65 -2734.82 1212359259
944.896 -3192.39 1212359311
