3105.04 -15245.3 1211399656
2551.04 -11859.2 1211399725
3406.41 -10618.3 1211399767
3743.24 -6483.94 1211399891
3353.23 -5049.21 1211399943
2936.62 -3625.39 1211399999
2480.13 -2143.28 1211400035
2907.37 -715.606 1211400091
2729.21 781.544 1211400143
3192.79 2118.16 1211400204
4214.81 3180.23 1211400274
5182.75 4319.52 1211400334
6077.12 5381.88 1211400383
7125.72 6198.58 1211400449
11161.5 7188.55 1211400551
12554 8701.68 1211400724
12550.5 8708.38 1211400812
12507.9 8728.5 1211400873
12503.5 8727.38 1211400932
12186.2 9648.36 1211400993
11875.9 11142.9 1211401045
11539.1 12617.7 1211401099
11474.4 13208.1 1211401167
11772.2 12808.9 1211401271
11774.9 12804.4 1211401451
11773.1 12802.2 1211401521
11774 12804.4 1211401572
11774.9 12791 1211401649
11774 12793.2 1211401752
11777.5 12795.5 1211401812
11783.7 13011.3 1211401872
11724.3 13243.9 1211401943
11429.2 13198 1211401989
11483.2 12665.7 1211402030
11847.5 11224.5 1211402077
12338.6 8656.97 1211402197
11949.5 7399.75 1211402268
9383.37 6826.52 1211402370
7931.46 6493.55 1211402425
5608.22 4822.2 1211402537
4646.48 3685.08 1211402587
3574.83 2878.68 1211402641
3247.75 2894.32 1211402792
3117.45 2815.02 1211402840
3133.4 2790.45 1211402900
3129.86 2800.51 1211402954
2551.04 2205.26 1211403217
2793.92 1917.15 1211403282
3105.93 1593.31 1211403331
3490.62 839.605 1211403368
3830.11 -302.549 1211403410
3545.58 -1766.01 1211403464
2744.28 -3057.35 1211403515
3183.93 -4522.56 1211403577
3635.1 -5958.5 1211403613
4177.58 -8979.06 1211403703
2610.43 -13083.1 1211403858
2894.96 -14572.2 1211403904
3273.45 -16049.8 1211403952
