3176.84 -15402.4 1212184309
3955.98 -9858.92 1212184508
4073.87 -8342.24 1212184559
3807.95 -6853.18 1212184605
3024.38 -3914.41 1212184697
3872.66 -1175.53 1212184804
3816.81 308.143 1212184853
3396.66 1114.28 1212184916
3282.32 1414.65 1212184975
3312.46 1871.36 1212185042
3650.17 2207.5 1212185097
3410.85 2484.45 1212185174
3088.2 2828.43 1212185218
3147.59 3134.44 1212185278
3164.43 3205.92 1212185331
3105.04 3176.88 1212185369
3123.65 3152.31 1212185442
3127.2 3146.73 1212185479
3178.61 2980.32 1212185481
3122.77 2736.85 1212185541
2945.49 2595.01 1212185601
3050.08 2463.23 1212185661
3180.38 2222.01 1212185727
2707.94 1773.1 1212185782
2658.3 1125.45 1212185847
2703.5 368.433 1212185908
2879.01 -567.131 1212185943
2744.28 -1514.87 1212185973
1665.54 -3135.47 1212186064
-868.667 -3721.36 1212186144
-1286.16 -5026.9 1212186178
-2031.62 -5522.27 1212186209
-3126.31 -6110.22 1212186269
-3136.06 -6140.34 1212186329
-3560.65 -6237.4 1212186389
-3553.56 -6297.64 1212186450
-3559.76 -6290.95 1212186510
-3562.42 -6284.25 1212186570
-3560.65 -6285.37 1212186637
-3573.94 -6287.6 1212186691
-3779.59 -6534.14 1212186752
-3960.41 -7027.2 1212186812
-3943.57 -7190.06 1212186873
-3944.46 -7191.17 1212186933
-3943.57 -7192.29 1212186994
-3943.57 -7191.17 1212187055
-3944.46 -7190.06 1212187116
-3943.57 -7191.17 1212187176
-3922.3 -7471.15 1212187237
-3441.87 -7621.73 1212187297
-3424.14 -8182.75 1212187358
-3243.32 -8319.94 1212187393
-3241.54 -8422.55 1212187416
-3252.18 -8638.91 1212187476
-3074.02 -9399.48 1212187537
-2668.05 -10837.9 1212187599
-2283.35 -11422.1 1212187620
-1350.87 -12601.6 1212187666
-395.332 -13716.2 1212187717
631.113 -14705.9 1212187778
1928.79 -14055.1 1212187826
2912.69 -14680.3 1212187886
3308.91 -16149 1212187937
