4213.03 -16062.1 1212345674
3343.48 -16053.2 1212345745
2957.9 -14549.9 1212345784
2625.5 -13048.6 1212345828
2620.18 -11511.3 1212345878
3605.85 -10352.9 1212345922
4180.24 -8941.14 1212345966
3911.66 -7427.64 1212346004
3639.54 -5910.52 1212346053
3191.91 -4438.87 1212346097
2723.89 -2985.93 1212346151
3594.33 -1728.06 1212346199
3853.16 -217.703 1212346247
3358.55 1224.82 1212346297
3699.81 1803.25 1212346358
3860.25 1993.08 1212346419
3665.24 2236.53 1212346478
3121.88 2764.77 1212346539
2888.76 3008.24 1212346600
2732.75 3115.46 1212346660
2468.61 3150.08 1212346716
2468.61 3150.08 1212346730
2333.88 3023.87 1212346818
2130.01 3102.05 1212346867
2244.35 3318.73 1212346922
2520.02 3400.26 1212346982
2654.75 3664.97 1212347042
2941.94 3536.52 1212347118
3019.06 3173.53 1212347168
3102.38 3066.31 1212347188
3101.49 3066.31 1212347189
3242.43 2907.72 1212347220
3153.79 2820.61 1212347281
2962.33 2936.76 1212347341
2892.31 3153.43 1212347402
2676.91 3488.5 1212347468
2505.84 3479.56 1212347528
2509.38 3479.56 1212347588
2507.61 3490.73 1212347643
2507.61 3488.5 1212347702
2504.95 3489.61 1212347763
2502.29 3487.38 1212347800
2506.72 3494.08 1212347860
2506.72 3479.56 1212347926
2503.18 3484.03 1212347981
2503.18 3484.03 1212348042
2505.84 3489.61 1212348102
2513.81 3514.19 1212348169
2514.7 3499.67 1212348223
2510.27 3490.73 1212348284
2506.72 3492.96 1212348344
2509.38 3495.2 1212348405
2514.7 3485.15 1212348465
2512.93 3519.77 1212348526
2512.04 3516.42 1212348587
2504.95 3501.9 1212348647
2512.04 3481.79 1212348708
2513.81 3480.68 1212348770
2516.47 3472.86 1212348830
2516.47 3468.39 1212348891
2512.93 3468.39 1212348951
2506.72 3477.33 1212349012
2512.93 3462.81 1212349072
2512.93 3510.83 1212349133
2892.31 3678.37 1212349193
2959.67 3392.44 1212349255
3118.34 3061.85 1212349314
3241.54 2913.31 1212349381
2947.26 2555.93 1212349435
3048.31 2452.07 1212349496
2589.16 1315.27 1212349556
2607.77 -45.7738 1212349623
2740.73 -1553.93 1212349684
2678.68 -3030.57 1212349729
