-3507.46 -3718.01 1211495689
-3503.92 -4000.34 1211495690
-3519.87 -4373.04 1211495750
-3159.11 -5349.34 1211495810
-3477.33 -6229.59 1211495870
-3539.37 -6304.33 1211495930
-3557.1 -6284.25 1211495990
-3556.21 -6288.72 1211496050
-3564.19 -6296.52 1211496111
-3568.62 -6292.06 1211496171
-3972.82 -6434.86 1211496232
-4040.19 -6709.28 1211496292
-4023.34 -6784.02 1211496353
-4024.23 -6784.02 1211496414
-4025.12 -6784.02 1211496474
-4025.12 -6785.13 1211496534
-4024.23 -6785.13 1211496596
-4022.46 -6780.67 1211496656
-3955.98 -6927.92 1211496723
-3938.25 -7212.36 1211496778
-3938.25 -7209.02 1211496839
-3938.25 -7207.9 1211496899
-3938.25 -7207.9 1211496960
-3938.25 -7207.9 1211497002
-3938.25 -7207.9 1211497009
-3939.14 -7206.79 1211497093
-3940.02 -7206.79 1211497153
-3940.02 -7206.79 1211497213
-3940.02 -7206.79 1211497239
-3939.14 -7183.36 1211497294
-3947.11 -6980.35 1211497318
-4083.62 -6568.72 1211497378
-4109.32 -6499.56 1211497438
-4453.25 -6278.67 1211497504
-4384.99 -5113.92 1211497558
-3942.68 -5110.58 1211497612
-3889.5 -5117.27 1211497668
-3884.18 -5117.27 1211497728
-3884.18 -5117.27 1211497748
-3877.09 -5097.19 1211497808
-2900.28 -5329.26 1211497868
-2502.29 -5416.28 1211497928
-1905.75 -5563.55 1211497988
-1131.93 -4705.55 1211498048
-397.991 -3389.92 1211498096
1043.29 -3210.25 1211498141
2462.4 -2715.84 1211498190
2465.95 -2271.64 1211498250
2528.88 -2035.01 1211498311
2691.98 -1777.18 1211498372
2827.6 -1320.64 1211498434
2615.75 -936.638 1211498494
2591.82 -667.603 1211498555
2551.93 -112.759 1211498615
2527.11 224.407 1211498700
2473.04 911.064 1211498778
2505.84 1077.43 1211498848
2422.52 1221.47 1211498897
2188.51 1463.78 1211498957
1761.27 1887 1211499017
1761.27 1887 1211499053
1440.39 1919.38 1211499082
1443.94 1845.68 1211499142
1448.37 1737.36 1211499197
1462.55 1722.85 1211499221
1279.07 1815.53 1211499313
1138.13 1871.36 1211499367
882.849 1832.28 1211499428
719.752 1816.65 1211499469
522.086 1972.98 1211499529
934.26 2161.71 1211499605
1059.24 2178.46 1211499654
1186.88 2200.8 1211499699
1494.46 2241 1211499759
1658.44 2299.07 1211499831
1659.33 2300.19 1211499845
1646.03 2370.54 1211499866
1763.04 2402.93 1211499926
1839.27 2101.41 1211499987
1938.54 2160.59 1211500047
2127.35 2345.97 1211500107
2525.34 2740.2 1211500167
2635.25 2861.93 1211500227
2652.98 2857.46 1211500294
2660.07 2868.63 1211500349
2660.07 2868.63 1211500352
2890.53 2617.35 1211500412
2580.29 2261.1 1211500472
2405.67 2074.61 1211500538
2254.1 1667.01 1211500597
2636.14 1277.3 1211500652
2632.59 1199.14 1211500712
2549.27 1127.68 1211500772
2431.38 1219.24 1211500832
2198.26 1452.61 1211500892
2020.98 1623.46 1211500958
1746.2 1911.57 1211501018
1845.47 2058.97 1211501049
1845.47 2058.97 1211501051
1846.36 2057.85 1211501052
2024.52 1893.7 1211501113
2372.88 1480.53 1211501178
2292.22 1148.9 1211501243
2332.1 1132.15 1211501265
2384.4 1113.16 1211501341
2449.99 1061.8 1211501391
2506.72 1017.14 1211501445
2560.79 962.426 1211501505
2636.14 892.083 1211501565
2708.82 472.267 1211501626
2889.65 -962.313 1211501686
2444.68 -2379.9 1211501748
2972.08 -3827.37 1211501796
3466.69 -5243.35 1211501855
3769.84 -6719.32 1211501889
4036.64 -8205.06 1211501954
4024.23 -9720.64 1211502002
2692.87 -13537.9 1211502165
4539.23 -16096.6 1211502340
4358.4 -15853.7 1211502396
4357.52 -15853.7 1211502414
4148.33 -16063.2 1211502475
