2913.58 -14145.3 1211408003
3805.29 -10086.4 1211408183
4128.83 -8641.14 1211408213
3863.79 -7135.4 1211408278
3595.22 -5637.19 1211408317
3108.59 -4188.92 1211408363
2789.48 -2706.92 1211408429
3845.18 1.11644 1211408521
3386.03 1257.21 1211408587
3097.95 1631.28 1211408641
3258.39 1821.11 1211408703
3150.25 1951.77 1211408768
2829.37 2274.5 1211408828
2635.25 2491.15 1211408884
2424.29 2735.73 1211408944
2362.24 2812.79 1211409009
2315.26 2882.03 1211409013
2534.2 2603.95 1211409073
2639.68 2468.82 1211409133
2981.83 2124.86 1211409194
2981.83 2124.86 1211409224
3216.73 1783.15 1211409295
3333.73 1180.16 1211409341
3654.6 673.24 1211409363
3822.13 56.9385 1211409391
3721.97 -1455.71 1211409440
2824.05 -2644.42 1211409493
1442.16 -3142.17 1211409553
-34.5694 -3231.45 1211409611
-1102.67 -4279.31 1211409651
-3125.43 -6122.49 1211409763
-3553.56 -6312.14 1211409975
-3555.33 -6313.26 1211409996
-3561.53 -6316.6 1211410056
-3539.37 -6314.37 1211410116
-3589.9 -6293.18 1211410176
-3878.86 -6781.79 1211410238
-3933.82 -7222.4 1211410298
-3935.59 -7217.94 1211410358
-3936.48 -7217.94 1211410418
-3935.59 -7216.83 1211410478
-3934.7 -7217.94 1211410539
-3934.7 -7216.83 1211410599
-3934.7 -7216.83 1211410660
-3934.7 -7216.83 1211410726
-3925.84 -7227.98 1211410780
-4026 -6726.01 1211410840
-4110.21 -6496.21 1211410900
-4314.08 -6525.22 1211410960
-4447.93 -6239.63 1211411020
-4391.2 -5198.72 1211411082
-4377.02 -4807.09 1211411107
-4385.88 -4126.43 1211411167
-4456.79 -3425.63 1211411227
-5133.11 -3273.86 1211411287
-5177.43 -2465.84 1211411347
-5211.11 -1883.21 1211411407
-5254.55 -1054.97 1211411467
-5303.3 -233.332 1211411527
-5753.59 525.859 1211411618
-5923.77 1488.35 1211411738
-5957.46 2061.2 1211411798
-6029.25 2420.8 1211411859
-5967.21 2195.21 1211411972
-5422.96 2160.59 1211412032
-5196.93 2172.88 1211412075
-4680.16 2199.68 1211412135
-4166.05 2233.18 1211412195
-3610.28 2263.33 1211412255
-3272.57 2281.2 1211412315
-2990.69 2296.84 1211412347
-2726.55 2312.47 1211412412
-2437.58 2329.22 1211412472
-1970.45 2362.72 1211412549
-1978.43 2858.58 1211412610
-1870.29 2886.5 1211412639
-1903.98 2982.55 1211412678
-1730.24 2979.2 1211412739
-1595.51 2931.17 1211412799
-1295.91 2973.61 1211412825
-1076.97 2780.4 1211412885
-520.314 2889.85 1211412946
249.963 3011.59 1211413012
874.871 3117.69 1211413067
1143.45 3155.66 1211413138
1337.57 3184.7 1211413193
1932.34 3277.4 1211413248
2254.1 3248.36 1211413309
2286.9 3033.92 1211413369
2295.76 2930.06 1211413429
2447.34 2922.24 1211413489
2555.48 2937.88 1211413549
2578.52 2920.01 1211413609
2614.86 2869.75 1211413670
2741.62 2772.59 1211413731
2742.5 2774.82 1211413732
2791.26 2716.74 1211413792
3011.08 2893.2 1211413852
2866.6 3109.87 1211413918
2853.3 3298.62 1211413967
2793.03 3440.47 1211414007
2779.73 3510.83 1211414030
2793.92 3716.35 1211414096
2601.57 4175.43 1211414155
2482.79 4535.11 1211414221
2489 4838.96 1211414271
2584.73 4821.08 1211414333
2582.95 4816.61 1211414334
2606.89 4841.19 1211414351
2302.85 4811.03 1211414412
2232.83 4592.08 1211414472
2164.58 4570.86 1211414532
2313.49 4431.23 1211414592
2408.33 4366.44 1211414657
2525.34 4243.56 1211414728
2572.32 4200 1211414747
2637.91 4160.91 1211414807
2938.4 3860.44 1211414873
3341.71 3927.46 1211414927
3355 3645.98 1211414988
3314.23 3562.21 1211415039
3314.23 3563.33 1211415041
3284.09 3466.16 1211415101
3247.75 3481.79 1211415134
3033.24 3350 1211415193
2848.87 3271.82 1211415259
2671.59 3325.43 1211415328
2671.59 3327.66 1211415335
2779.73 3438.24 1211415406
2855.96 3582.32 1211415450
2874.58 3564.45 1211415511
2917.12 3570.03 1211415571
2912.69 3538.76 1211415633
2909.15 3471.74 1211415708
2950.81 3303.09 1211415753
2951.69 3274.05 1211415813
2721.23 2897.67 1211415889
2714.14 2896.55 1211415908
2434.04 2761.42 1211415968
2069.73 2580.5 1211416023
1911.95 2526.89 1211416083
1498.01 2464.35 1211416143
1371.25 2444.25 1211416214
1213.47 2415.21 1211416264
908.554 2363.84 1211416324
499.04 2301.3 1211416384
461.812 2383.94 1211416411
461.812 2383.94 1211416413
320.875 2734.61 1211416470
182.597 3096.47 1211416536
163.097 3166.83 1211416596
310.238 3233.84 1211416651
755.208 3305.32 1211416711
879.303 3325.43 1211416771
1147.88 3353.35 1211416831
1241.84 3370.1 1211416891
1570.69 3436 1211416951
1903.09 3505.25 1211417011
2262.08 3532.06 1211417072
2441.13 3572.27 1211417130
2841.78 3602.42 1211417190
2823.17 3603.54 1211417250
2873.69 3647.1 1211417321
2885.21 3666.09 1211417371
2876.35 3648.22 1211417420
2925.1 3653.8 1211417480
2948.15 3680.61 1211417540
2852.42 3552.16 1211417600
2394.15 3466.16 1211417661
2379.97 3460.57 1211417720
1987.3 3399.14 1211417780
1482.05 3315.38 1211417841
1242.73 3282.99 1211417901
1119.52 3252.83 1211417963
929.828 3223.79 1211418023
435.22 3146.73 1211418085
-221.599 3031.69 1211418149
-936.919 2921.12 1211418204
-1027.33 2592.78 1211418269
-1070.76 2500.09 1211418313
-1825.97 2381.71 1211418367
-2432.27 2345.97 1211418438
-2708.82 2325.87 1211418489
-3227.36 2284.55 1211418548
-3246.86 2291.25 1211418608
-3638.65 2266.68 1211418684
-4135.92 2241 1211418740
-4353.08 2282.32 1211418872
-4351.31 2284.55 1211418953
-4351.31 2284.55 1211418955
-4277.74 2218.66 1211419015
-4213.03 2222.01 1211419080
-4213.92 2220.9 1211419135
-4213.03 2223.13 1211419195
-4212.15 2223.13 1211419261
-4188.21 2224.25 1211419327
-4143.89 2224.25 1211419382
-4144.78 2224.25 1211419448
-4143.89 2228.71 1211419468
-2957.9 2299.07 1211419655
-2550.16 2323.64 1211419727
-2180.53 2341.51 1211419770
-1845.47 2361.61 1211419836
-1547.64 2399.58 1211419890
-1196.63 2452.07 1211420096
-1196.63 2448.72 1211420140
-1194.86 2449.83 1211420189
-998.967 2016.54 1211420233
-950.215 1701.63 1211420293
-921.85 1483.88 1211420369
-839.416 1228.17 1211420413
-294.283 1326.44 1211420473
-130.3 1279.54 1211420533
-30.1374 1030.54 1211420599
179.938 1005.97 1211420665
524.746 841.838 1211420714
827.892 436.539 1211420774
860.689 -14.5137 1211420834
898.804 -532.524 1211420894
941.351 -1072.83 1211420954
978.579 -1587.42 1211421014
1024.67 -2170.07 1211421074
997.194 -2321.86 1211421098
-87.753 -3215.83 1211421174
-1087.61 -4094.07 1211421224
-738.367 -4576.12 1211421278
-523.859 -4799.28 1211421339
-488.403 -5148.51 1211421404
-342.148 -5632.73 1211421460
-70.9116 -5913.87 1211421520
-70.9116 -5913.87 1211421570
-51.4109 -5931.72 1211421578
124.982 -5750.99 1211421654
-47.8653 -5240 1211421698
-172.847 -5051.44 1211421758
-426.356 -4909.74 1211421804
-641.75 -4665.38 1211421853
-870.439 -4443.34 1211421913
-951.101 -4400.93 1211421978
-1050.38 -4355.18 1211422033
-893.486 -3792.78 1211422098
-77.1163 -3271.63 1211422125
2062.64 -3026.1 1211422201
3365.64 -1998.18 1211422273
3888.61 -605.087 1211422309
3490.62 877.567 1211422359
3854.93 1949.53 1211422419
3846.95 2075.72 1211422479
3842.52 2072.37 1211422539
3841.63 2062.32 1211422600
3845.18 2066.79 1211422660
3819.47 2081.31 1211422720
3627.13 2270.03 1211422780
3151.13 2759.18 1211422840
2887.87 3013.82 1211422900
2805.44 3343.3 1211422945
2788.6 3515.3 1211423005
2688.43 4035.8 1211423065
2480.13 4275.96 1211423131
2390.61 4373.14 1211423185
1962.48 4748.47 1211423251
1576.01 5027.75 1211423305
1264.88 4971.89 1211423371
757.867 4886.99 1211423426
131.186 4789.8 1211423486
126.754 4787.57 1211423510
126.754 4788.69 1211423516
126.754 4788.69 1211423523
-68.2524 4573.09 1211423584
-67.366 4555.22 1211423644
-68.2524 4551.87 1211423701
-137.391 4529.53 1211423756
-264.146 4509.42 1211423822
-464.471 4477.02 1211423876
-631.113 4395.48 1211423936
-655.932 4386.54 1211424034
-655.932 4383.19 1211424094
-655.932 4383.19 1211424159
-655.932 4384.31 1211424214
-656.818 4384.31 1211424274
-512.336 4465.85 1211424405
-511.45 4469.21 1211424412
-444.084 4361.97 1211424471
-53.1837 4424.52 1211424527
349.239 4487.08 1211424586
436.992 4366.44 1211424647
436.992 4366.44 1211424665
467.13 4197.77 1211424708
773.822 4249.15 1211424774
1007.83 4286.01 1211424829
1053.04 4301.65 1211424861
1339.34 4345.21 1211424916
1737.33 4405.53 1211424981
2287.78 4455.8 1211425038
2465.95 4298.3 1211425102
2512.93 4253.62 1211425121
2512.93 4254.74 1211425123
2553.7 4214.52 1211425191
2738.07 4026.87 1211425256
3039.45 3874.96 1211425306
3088.2 3862.67 1211425367
3316.89 3945.33 1211425487
3308.91 3962.08 1211425500
3185.7 3835.86 1211425571
2910.03 3764.38 1211425616
2765.55 3743.16 1211425675
2753.14 3778.9 1211425712
2753.14 3778.9 1211425715
3003.99 3835.86 1211425774
3328.41 3911.82 1211425834
3388.69 3697.36 1211425894
3388.69 3649.33 1211425917
3378.94 2905.49 1211426047
3708.67 2588.31 1211426114
3989.66 2299.07 1211426169
3606.74 1740.71 1211426246
3509.24 828.439 1211426290
3348.8 -21.2123 1211426410
3248.64 -225.517 1211426463
3248.64 -225.517 1211426464
3228.25 52.4728 1211426524
3554.44 131.741 1211426589
3823.02 298.094 1211426644
3348.8 1349.89 1211426715
3671.45 1777.56 1211426781
3892.16 2045.57 1211426824
3860.25 2054.5 1211426842
3158.22 2729.03 1211426963
2942.83 2614 1211427028
2941.94 2614 1211427035
2942.83 2612.88 1211427056
2884.33 2538.06 1211427106
2481.9 2253.28 1211427176
2243.46 2447.6 1211427226
2149.51 2886.5 1211427287
2147.73 2884.27 1211427299
2146.85 2886.5 1211427350
2145.96 2886.5 1211427354
2144.19 3024.99 1211427412
2481.02 3115.46 1211427474
2827.6 3275.17 1211427533
2808.98 3561.1 1211427593
2878.12 3638.16 1211427659
2874.58 3640.4 1211427714
2868.37 3600.19 1211427739
2893.19 3621.41 1211427804
2972.08 3538.76 1211427870
3077.56 3068.55 1211427920
3136.95 3066.31 1211427961
3136.95 3066.31 1211427985
3212.29 2886.5 1211428023
2959.67 2945.69 1211428084
2837.35 3078.6 1211428160
2827.6 3346.65 1211428210
2795.69 3555.51 1211428275
2869.26 3620.29 1211428324
2873.69 3573.38 1211428445
2871.92 3554.39 1211428505
2874.58 3562.21 1211428565
2861.28 3561.1 1211428625
2856.85 3549.93 1211428702
2862.17 3547.69 1211428767
2751.37 4035.8 1211428833
2615.75 4210.05 1211428892
1190.43 3987.77 1211429013
1110.65 3981.07 1211429074
895.258 4225.69 1211429134
841.188 4550.75 1211429189
299.601 4493.78 1211429249
-475.107 4410 1211429309
-552.224 4907.1 1211429393
-551.337 4905.98 1211429405
-480.426 4426.76 1211429514
-478.653 4406.65 1211429572
-334.171 4373.14 1211429624
174.62 3832.51 1211429816
652.386 3900.65 1211429865
1070.76 3981.07 1211429930
1067.22 3971.02 1211429932
1135.47 3610.24 1211429992
1193.97 3333.25 1211430052
1216.13 3319.84 1211430112
1077.86 3246.13 1211430172
913.873 3195.87 1211430237
1041.51 2387.29 1211430292
1119.52 1882.53 1211430352
1179.79 1490.58 1211430412
1102.67 1333.14 1211430479
861.575 1097.53 1211430544
50.5245 152.953 1211430693
54.0701 98.2472 1211430700
55.8428 71.4524 1211430753
54.0701 69.2195 1211430813
493.722 714.552 1211430933
825.233 1043.94 1211430999
1314.52 1589.96 1211431065
1286.16 1802.13 1211431116
1207.27 2322.52 1211431181
1118.63 2913.31 1211431235
1389.87 2980.32 1211431296
1676.17 3030.57 1211431357
1807.36 3154.55 1211431417
1808.24 3159.01 1211431424
1679.72 3014.94 1211431484
2200.03 3113.22 1211431544
2398.58 3109.87 1211431604
2809.87 3272.93 1211431664
2781.51 3557.75 1211431724
2847.1 3633.7 1211431784
2861.28 3608.01 1211431850
2876.35 3622.53 1211431903
2875.46 3633.7 1211431963
2872.8 3629.23 1211431982
2557.25 3586.79 1211432042
2218.65 3546.58 1211432102
1593.74 3437.12 1211432162
1154.09 3381.27 1211432222
755.208 3309.79 1211432282
323.534 3236.08 1211432342
27.4782 3192.52 1211432403
25.7054 3189.17 1211432433
26.5918 3190.29 1211432471
29.251 3194.75 1211432607
60.2748 3295.27 1211432657
66.4796 3297.51 1211432712
67.366 3296.39 1211432842
66.4796 3296.39 1211432897
65.5932 3297.51 1211432921
155.119 3314.26 1211433031
216.28 3525.35 1211433077
142.71 3511.95 1211433151
143.596 3514.19 1211433236
124.095 3437.12 1211433273
153.346 3224.91 1211433332
290.737 3226.03 1211433377
739.253 3293.04 1211433431
1164.72 3381.27 1211433492
1459.01 3418.13 1211433522
1690.35 3452.75 1211433582
2018.32 3514.19 1211433642
2102.53 3499.67 1211433687
2065.3 3409.2 1211433747
1215.25 3279.64 1211433807
925.396 3133.33 1211433867
1004.28 2621.82 1211433933
1122.18 1895.93 1211433993
1107.99 1335.37 1211434048
983.898 1214.77 1211434109
784.459 1011.56 1211434169
817.256 513.578 1211434229
731.275 -232.216 1211434349
581.475 -228.867 1211434425
451.175 -337.157 1211434480
106.367 -449.912 1211434536
134.732 -942.22 1211434592
173.733 -1401.01 1211434651
124.982 -1585.19 1211434737
156.892 -1546.12 1211434738
165.756 -1206.78 1211434811
139.164 -924.359 1211434910
130.3 -799.331 1211434926
97.5034 -459.96 1211434975
109.913 -505.731 1211435061
116.118 -506.847 1211435124
78.8891 -110.527 1211435202
67.366 46.8905 1211435256
54.9565 58.055 1211435327
57.6156 51.3563 1211435346
63.8204 66.9866 1211435406
63.8204 71.4524 1211435466
66.4796 66.9866 1211435538
62.934 71.4524 1211435587
66.4796 72.5688 1211435677
67.366 71.4524 1211435700
10.6367 782.661 1211435798
-112.572 1190.21 1211435858
-391.786 1192.44 1211435919
-686.069 1147.78 1211435979
-710.002 1134.38 1211435981
-1114.2 1071.85 1211436046
-684.297 1147.78 1211436101
-141.823 1241.57 1211436167
-18.6143 961.31 1211436221
41.6605 312.609 1211436287
13.2959 298.094 1211436342
18.6143 292.512 1211436407
21.2735 295.861 1211436462
26.5918 295.861 1211436523
24.819 291.396 1211436594
16.8415 261.251 1211436649
-510.563 106.062 1211436703
-751.662 -196.491 1211436763
-520.314 -545.92 1211436823
-648.841 -931.057 1211436847
-796.869 -1459.05 1211436907
-1482.94 -1661.09 1211436984
-2632.59 -2286.15 1211437088
-2876.35 -2516.07 1211437109
-3152.02 -2807.36 1211437170
-3198.11 -3186.81 1211437232
-3242.43 -3957.93 1211437297
-3281.43 -4799.28 1211437352
-3194.57 -5962.96 1211437412
-3916.98 -6398.04 1211437463
-3959.52 -6917.88 1211437523
-3920.52 -7275.95 1211437583
