3398.44 -16173.5 1211505743
3071.36 -15142.8 1211505803
2938.4 -14369.4 1211505863
2794.8 -13709.6 1211505978
2685.78 -13430.9 1211506043
2630.82 -13080.9 1211506103
2606.89 -12734.2 1211506169
2564.34 -12132.3 1211506224
2604.23 -11562.6 1211506278
3870.88 -10002.8 1211506410
4114.64 -8520.69 1211506455
3852.27 -7059.55 1211506511
3581.92 -5549.05 1211506571
3084.65 -4115.27 1211506632
2712.37 -2873.21 1211506693
3570.4 -1773.83 1211506744
3848.72 -257.893 1211506796
3355.89 1209.19 1211506852
3779.59 1872.48 1211506912
3655.49 2236.53 1211506983
3487.96 2399.58 1211507032
3091.74 2803.86 1211507097
2957.01 2893.2 1211507158
2811.64 2769.24 1211507223
2738.07 2741.31 1211507278
2776.19 2723.45 1211507324
2957.01 2895.44 1211507368
2847.1 3011.59 1211507434
2771.76 3399.14 1211507505
2724.78 3845.92 1211507554
2753.14 3854.85 1211507594
2753.14 3854.85 1211507644
3016.4 3831.4 1211507661
3136.06 3898.41 1211507732
3167.97 3728.64 1211507771
3444.53 3740.92 1211507836
3458.71 3436 1211507891
3393.12 3316.49 1211507951
3332.84 3170.18 1211508028
3262.82 3089.77 1211508090
3262.82 3090.88 1211508131
3262.82 3090.88 1211508133
3185.7 3079.72 1211508205
3071.36 3201.45 1211508254
3097.95 3362.29 1211508315
3300.05 3557.75 1211508380
3405.53 3755.44 1211508434
3406.41 3901.76 1211508482
3347.03 3900.65 1211508542
3394 3748.74 1211508578
3106.81 3239.43 1211508644
2883.44 3100.94 1211508705
2749.6 2946.81 1211508752
2485.45 2683.24 1211508802
1925.25 2532.47 1211508878
1357.96 2434.2 1211508922
1233.86 2415.21 1211508988
790.664 2349.32 1211509042
147.141 2243.23 1211509102
-694.047 2113.69 1211509162
-933.373 1559.81 1211509228
-1378.34 1467.13 1211509283
-1375.68 1467.13 1211509299
-1632.74 1430.28 1211509358
-1636.28 1333.14 1211509424
-1584.87 1019.37 1211509480
-1342.89 1050.64 1211509540
-1129.27 1079.67 1211509586
-952.874 1105.35 1211509639
-920.077 1514.03 1211509705
-967.943 1956.23 1211509754
-915.645 1505.1 1211509874
-910.327 1115.4 1211510000
-1013.15 1223.71 1211510054
-721.525 1995.32 1211510192
-47.8653 2105.87 1211510235
693.16 2224.25 1211510305
1044.17 2275.62 1211510360
1208.16 2304.65 1211510425
1568.03 2367.19 1211510480
1733.79 2387.29 1211510546
1739.11 2383.94 1211510606
1739.11 2389.53 1211510656
1791.4 2383.94 1211510662
1801.15 2294.6 1211510679
1667.31 2254.4 1211510755
1561.83 2821.73 1211510800
1641.6 3219.32 1211510860
1801.15 3315.38 1211510920
1770.13 3363.4 1211510977
1770.13 3363.4 1211510979
1654.9 3341.06 1211511039
1582.21 3440.47 1211511100
1581.33 3440.47 1211511112
1676.17 3113.22 1211511173
1735.56 2710.04 1211511238
2474.81 2635.22 1211511354
2576.75 2514.61 1211511383
2996.9 2102.52 1211511448
3238 1861.31 1211511497
3255.73 1824.46 1211511541
3256.61 1824.46 1211511587
3257.5 1823.35 1211511594
3112.13 1643.56 1211511648
2816.96 1908.22 1211511714
2562.57 2172.88 1211511768
2286.01 2431.96 1211511834
2517.36 2732.38 1211511889
2840.01 3043.98 1211511948
2957.01 3364.52 1211511999
3120.99 3749.86 1211512059
3365.64 3851.5 1211512114
3437.44 3900.65 1211512184
3403.75 3966.55 1211512262
3327.52 3571.15 1211512318
3149.36 3582.32 1211512383
2816.96 3511.95 1211512438
2381.74 3460.57 1211512498
2368.45 3413.66 1211512558
1494.46 3277.4 1211512618
934.26 3227.14 1211512678
843.848 3211.51 1211512744
599.203 3264 1211512798
553.11 3355.58 1211512899
509.677 3391.33 1211512902
472.448 3360.05 1211513023
154.233 3266.23 1211513155
434.333 3256.18 1211513217
594.771 3280.75 1211513219
1108.88 3366.75 1211513279
1642.49 3449.4 1211513340
2032.5 3504.13 1211513400
2106.07 3504.13 1211513431
2106.07 3506.37 1211513435
2196.49 3414.78 1211513495
1939.43 3379.04 1211513555
1933.23 3156.78 1211513615
1449.25 3066.31 1211513676
1134.58 3039.51 1211513737
971.488 3031.69 1211513808
983.898 2771.47 1211513862
1080.51 2161.71 1211513918
1168.27 1550.88 1211513978
1190.43 1430.28 1211514039
1199.29 646.443 1211514159
1225 377.365 1211514235
1267.54 -112.759 1211514330
1268.43 -112.759 1211514331
1271.09 -181.977 1211514361
1271.98 -37.9588 1211514432
1247.16 283.58 1211514481
1216.13 505.762 1211514558
1042.4 528.092 1211514624
994.535 932.279 1211514685
1014.92 1227.06 1211514729
1307.43 1668.13 1211514854
1252.48 2029.94 1211514909
1170.04 2580.5 1211514974
1463.44 2800.51 1211515029
1466.98 2802.74 1211515076
1527.26 2819.49 1211515089
1578.67 2841.83 1211515092
1777.22 2467.7 1211515152
1958.93 1961.82 1211515212
1987.3 1652.5 1211515272
1789.63 1452.61 1211515338
1969.57 1244.92 1211515390
1969.57 1244.92 1211515397
2028.07 1148.9 1211515443
1833.06 1195.79 1211515533
1547.64 1091.95 1211515594
1547.64 1091.95 1211515633
1178.02 1077.43 1211515692
1390.75 976.942 1211515758
1407.59 1162.29 1211515806
1498.89 1371.1 1211515822
1467.87 1637.98 1211515877
1630.08 1847.91 1211515913
1972.23 1929.43 1211515972
2331.22 1726.2 1211516033
2655.64 2038.87 1211516093
3050.08 2415.21 1211516155
3430.35 2063.44 1211516214
3671.45 1833.4 1211516279
3668.79 1827.81 1211516334
3776.04 1887 1211516391
3776.93 1887 1211516409
3832.77 2067.9 1211516453
3831 2065.67 1211516513
3840.75 2065.67 1211516573
3840.75 2069.02 1211516633
3574.83 2321.4 1211516704
3097.06 2781.52 1211516759
3096.18 2788.22 1211516772
2840.89 3281.87 1211516881
2738.07 3510.83 1211516941
2204.46 3433.77 1211517001
1615.9 3337.71 1211517061
1256.91 3284.1 1211517121
1214.36 3312.03 1211517182
1191.31 3363.4 1211517247
1458.12 3419.25 1211517302
1877.38 3485.15 1211517361
1896 3495.2 1211517373
1936.77 3296.39 1211517434
2003.25 2870.87 1211517494
2076.82 2341.51 1211517555
1945.64 2312.47 1211517599
1946.52 2312.47 1211517601
1834.84 2115.92 1211517667
2029.84 2249.93 1211517722
2214.21 2437.55 1211517782
2420.74 2627.4 1211517842
2492.54 2721.21 1211517902
2492.54 2721.21 1211517907
2610.43 2811.67 1211517974
2767.32 2718.98 1211518034
2168.12 2161.71 1211518132
1907.52 2615.12 1211518204
1831.29 3146.73 1211518253
1780.77 3347.77 1211518313
1777.22 3350 1211518322
1771.02 3432.65 1211518382
2174.33 3526.47 1211518442
2481.02 3584.55 1211518514
2736.3 3638.16 1211518563
2883.44 3624.76 1211518623
3160 3635.93 1211518688
3167.09 3647.1 1211518696
3343.48 3663.85 1211518756
3087.31 3553.28 1211518810
2919.78 3552.16 1211518881
2623.73 3498.55 1211518897
1842.81 3365.64 1211518957
1197.52 3266.23 1211519017
497.267 3156.78 1211519089
-419.265 3001.54 1211519138
-791.55 2942.34 1211519167
-1092.04 2494.5 1211519233
-1749.74 2387.29 1211519288
-2567 2321.4 1211519360
-2929.53 2309.12 1211519413
-3228.25 2292.37 1211519463
-3997.64 2248.82 1211519523
-4521.5 2219.78 1211519582
-4804.26 1845.68 1211519652
-5261.64 1751.88 1211519707
-5281.14 1897.05 1211519732
-5282.02 1914.92 1211519734
-5282.02 1941.72 1211519745
-5029.4 2178.46 1211519800
-4574.68 2210.85 1211519860
-4575.57 2210.85 1211519926
-4572.91 2196.33 1211519980
-4572.91 2197.45 1211520041
-4572.91 2203.03 1211520111
-4571.14 2194.1 1211520172
-4574.68 2204.15 1211520233
-4572.91 2198.56 1211520257
-4363.72 2220.9 1211520334
-4249.37 2223.13 1211520342
-3636.88 2255.52 1211520402
-3227.36 1767.51 1211520506
-3710.45 698.92 1211520610
-3635.1 -232.216 1211520741
-3524.3 -2354.23 1211520911
-3473.78 -3292.83 1211520971
-3514.55 -4371.92 1211521031
-3242.43 -4945.44 1211521091
-3218.5 -6125.84 1211521152
-3104.15 -7341.76 1211521212
-3222.93 -8097.99 1211521273
-3216.73 -8104.68 1211521333
-3217.61 -8103.57 1211521395
-3227.36 -8106.91 1211521455
-3215.84 -8091.3 1211521495
