1441.28 225.524 1211679247
1454.57 33.4932 1211679319
1100.9 160.769 1211679433
375.831 108.295 1211679564
187.916 100.48 1211679603
55.8428 187.564 1211679658
43.4333 300.327 1211679725
20.3871 599.549 1211679780
6.20476 784.894 1211679818
-158.665 1473.83 1211679907
96.617 1594.43 1211679978
59.3884 1602.25 1211680027
54.9565 1597.78 1211680034
-72.6843 1895.93 1211680096
27.4782 2118.16 1211680156
663.023 2224.25 1211680216
1047.72 2284.55 1211680276
1199.29 2330.34 1211680343
1077.86 3157.9 1211680397
993.648 4278.19 1211680518
1209.04 4310.59 1211680578
2027.18 4450.22 1211680715
2231.05 4478.14 1211680759
2231.94 4480.38 1211680819
2385.29 4503.83 1211680879
2419.86 4507.19 1211680900
2419.86 4507.19 1211680918
2322.35 4663.57 1211680967
2266.51 5002.05 1211681028
2311.72 5231.07 1211681094
2418.08 5321.56 1211681148
2452.65 5300.33 1211681203
2451.77 5298.1 1211681263
2359.58 5337.2 1211681323
2340.97 5377.42 1211681385
2325.9 5379.65 1211681450
2325.01 5379.65 1211681505
2324.13 5379.65 1211681571
2325.01 5378.53 1211681626
2292.22 5384.12 1211681691
2293.1 5385.24 1211681746
2284.24 5385.24 1211681817
2282.47 5386.35 1211681866
2281.58 5385.24 1211681904
2230.17 5371.83 1211682024
2256.76 5368.48 1211682085
2287.78 5362.89 1211682150
2530.66 5255.65 1211682204
2602.45 5212.08 1211682266
2843.55 5019.93 1211682326
3008.42 4778.63 1211682381
3088.2 4176.54 1211682441
3212.29 3680.61 1211682511
3308.91 3404.73 1211682590
3316 3402.49 1211682592
3534.05 3565.56 1211682652
3418.82 3677.26 1211682705
3290.3 3682.84 1211682740
3212.29 3642.63 1211682800
2957.01 3601.31 1211682826
2987.15 3425.95 1211682891
2629.93 3475.09 1211682946
2236.37 3534.29 1211683006
1984.64 3503.02 1211683038
1485.6 3432.65 1211683104
1203.72 3379.04 1211683149
949.328 3323.19 1211683209
727.73 3366.75 1211683269
744.571 3344.42 1211683326
766.731 3199.22 1211683386
835.87 3092 1211683447
1342 3189.17 1211683507
1700.99 3242.78 1211683578
2254.1 3326.55 1211683632
2836.46 3424.83 1211683686
2835.58 3433.77 1211683705
3055.4 3443.82 1211683770
2999.56 3522 1211683825
2808.1 3567.8 1211683885
2784.16 3573.38 1211683896
2486.34 3585.67 1211683956
2217.76 3540.99 1211684017
1875.61 3468.39 1211684078
1208.16 3396.91 1211684139
796.869 3315.38 1211684199
466.243 3266.23 1211684270
171.074 3221.56 1211684319
159.551 3231.61 1211684368
305.806 3246.13 1211684381
-122.322 3268.47 1211684479
-454.72 3221.56 1211684551
-546.019 3214.86 1211684612
-546.019 3205.92 1211684642
-339.489 2909.96 1211684762
446.743 3038.39 1211684833
907.668 3108.75 1211684882
1229.43 3253.95 1211684948
1233.86 3243.9 1211684969
1233.86 3243.9 1211684970
1035.31 3466.16 1211685067
886.394 3333.25 1211685127
868.667 3478.44 1211685208
1055.7 3556.63 1211685274
1385.43 3615.83 1211685335
1389.87 3589.02 1211685389
1390.75 3581.2 1211685414
1385.43 3602.42 1211685501
1382.78 3601.31 1211685522
1452.8 3413.66 1211685582
1348.21 3414.78 1211685618
1150.54 3385.74 1211685653
759.64 3308.67 1211685715
445.856 3258.42 1211685774
407.741 3249.48 1211685797
909.441 3326.55 1211685857
1126.61 3356.7 1211685918
1303 3368.99 1211685978
1575.12 3644.87 1211686038
1638.94 3649.33 1211686098
1638.94 3653.8 1211686163
1640.72 3658.27 1211686218
1646.03 3653.8 1211686278
1654.01 3658.27 1211686343
1858.77 3695.13 1211686398
1824.2 4057.03 1211686458
1696.56 4832.25 1211686591
1782.54 4892.58 1211686639
1792.29 4876.94 1211686684
1809.13 4843.43 1211686686
1725.81 4596.55 1211686751
1621.22 4384.31 1211686805
1356.18 4246.92 1211686866
1412.91 3731.99 1211686927
1326.05 3395.79 1211686987
907.668 3334.36 1211687047
-382.036 3126.62 1211687168
-392.673 2914.42 1211687228
-342.148 2564.86 1211687288
165.756 1493.93 1211687470
771.163 1601.13 1211687526
915.645 1217.01 1211687570
988.33 954.61 1211687696
1209.93 549.306 1211687811
1202.84 526.976 1211687846
1224.11 378.481 1211687915
788.891 142.905 1211688024
309.352 103.829 1211688079
-3.54558 80.3839 1211688139
-307.579 58.055 1211688215
-722.411 -3.34931 1211688260
-765.845 -29.0273 1211688298
-817.256 -127.273 1211688365
-676.319 -261.242 1211688408
55.8428 122.809 1211688606
31.9102 458.869 1211688666
-58.502 1084.13 1211688775
-169.301 1232.64 1211688813
-858.916 1144.43 1211688891
-717.093 1163.41 1211688956
-897.918 1380.03 1211689005
-918.305 1517.38 1211689040
-939.578 1667.01 1211689069
-965.284 1744.06 1211689120
-973.261 1874.71 1211689169
-1008.72 2094.71 1211689208
-1031.76 2457.65 1211689269
-644.409 2531.36 1211689334
-351.899 2586.08 1211689383
1092.92 2735.73 1211689510
1236.52 2745.78 1211689564
1262.23 2830.66 1211689629
1256.91 2832.89 1211689636
1241.84 2954.63 1211689707
1412.03 2887.62 1211689756
1209.04 2870.87 1211689816
758.754 2789.34 1211689882
553.997 2755.83 1211689937
-320.875 2595.01 1211689996
-1006.94 2497.85 1211690116
-959.965 1736.25 1211690258
-912.1 1449.27 1211690301
-15.0687 1369.98 1211690472
27.4782 1239.34 1211690492
195.893 840.721 1211690552
218.939 530.325 1211690628
223.371 485.665 1211690630
156.005 453.286 1211690690
6.20476 783.777 1211690750
-50.5245 1094.18 1211690816
-576.156 1165.64 1211690887
-836.756 1128.8 1211690914
-689.615 1373.33 1211690973
-10.6367 1473.83 1211691044
578.816 1567.63 1211691099
695.82 1735.13 1211691159
812.824 1768.63 1211691200
833.211 1771.98 1211691202
-124.982 1560.93 1211691332
-329.739 1530.78 1211691342
-905.895 1461.55 1211691402
-931.601 1623.46 1211691478
-950.215 1964.05 1211691511
-681.637 1789.85 1211691569
-482.199 1930.55 1211691616
-415.719 2141.61 1211691687
-465.357 2438.66 1211691743
-468.016 2446.48 1211691754
-1088.49 2482.22 1211691825
-1546.76 2420.8 1211691875
-1532.58 2280.08 1211691906
-1294.14 2296.84 1211691937
-944.896 1715.03 1211692039
-951.988 1723.96 1211692066
-835.87 1977.45 1211692137
-271.237 2076.84 1211692186
312.011 2166.18 1211692251
997.194 2283.43 1211692306
1322.5 2337.04 1211692366
1456.35 2407.39 1211692426
1607.92 2580.5 1211692517
1600.83 2619.58 1211692518
1380.12 2475.52 1211692578
1366.82 2430.85 1211692605
1309.2 2632.98 1211692660
1242.73 2984.78 1211692715
1176.25 3367.87 1211692776
1121.29 3765.5 1211692835
1084.95 4006.76 1211692897
1326.05 4326.22 1211692962
1885.36 4749.59 1211693093
1864.09 4721.66 1211693114
1872.07 4653.52 1211693143
1608.81 4396.6 1211693187
1508.64 4168.73 1211693243
1553.85 3873.84 1211693302
1577.78 3667.2 1211693363
1620.33 3489.61 1211693428
1623.87 3463.92 1211693446
1324.27 3456.11 1211693501
1282.61 3672.79 1211693556
1257.79 3886.13 1211693626
1240.07 3988.89 1211693646
1240.07 3988.89 1211693648
2241.69 4157.56 1211693768
2590.93 4248.03 1211693828
2899.4 4259.2 1211693893
3331.96 4348.57 1211693959
3265.48 4538.46 1211694025
2894.08 5016.58 1211694073
2672.48 5198.67 1211694146
2377.31 5347.25 1211694197
2279.81 5386.35 1211694232
2146.85 5393.06 1211694298
2068.84 5309.27 1211694363
2135.32 4913.8 1211694418
2167.23 4564.16 1211694478
2245.24 4203.35 1211694533
2289.56 3931.92 1211694598
2457.97 3790.07 1211694665
2571.43 3098.7 1211694726
2623.73 2880.92 1211694774
2762.89 2796.04 1211694855
2765.55 2763.65 1211694862
2884.33 2815.02 1211694916
3096.18 3125.51 1211694977
3202.54 3011.59 1211694998
3204.32 2858.58 1211695119
3012.85 2896.55 1211695200
2909.15 3035.04 1211695214
2855.96 3109.87 1211695269
2761.12 3752.09 1211695329
2690.21 4221.22 1211695384
2676.02 4233.51 1211695444
2638.8 4226.81 1211695473
2474.81 4194.42 1211695489
2324.13 4164.26 1211695555
2162.8 4137.45 1211695614
1190.43 3991.12 1211695669
1096.47 3982.19 1211695734
842.961 3939.74 1211695794
611.612 3897.3 1211695854
519.427 3757.68 1211695912
516.768 3754.33 1211695914
550.451 3888.36 1211695973
552.224 3892.83 1211696026
1100.9 3972.13 1211696115
1258.68 3809.06 1211696185
1258.68 3810.17 1211696193
1093.81 4024.63 1211696248
1345.55 4347.45 1211696308
1903.98 4433.46 1211696368
2043.14 4447.98 1211696428
2015.66 4666.93 1211696488
1700.1 4981.95 1211696560
1919.04 5081.37 1211696621
2013.89 4722.78 1211696665
1790.52 4417.82 1211696725
1908.41 3555.51 1211696839
1644.26 3352.23 1211696910
1681.49 3013.82 1211696961
1578.67 2905.49 1211697025
1691.24 2908.84 1211697142
1794.95 2363.84 1211697197
2577.64 1349.89 1211697323
2806.32 1364.4 1211697388
3580.15 1834.51 1211697502
3586.35 1838.98 1211697545
3651.06 1918.27 1211697546
3679.42 2211.96 1211697608
3414.39 2493.39 1211697668
3580.15 2702.23 1211697727
3773.38 2884.27 1211697788
4156.3 3251.71 1211697864
4093.37 3399.14 1211697954
3613.83 3269.58 1211698088
3128.09 2785.99 1211698203
2938.4 2592.78 1211698258
2728.32 2402.93 1211698331
2302.85 2016.54 1211698389
2020.09 2295.72 1211698451
1931.45 2532.47 1211698500
1871.18 2826.19 1211698559
1802.93 3006 1211698606
1797.61 3003.77 1211698614
2065.3 3513.07 1211698740
1642.49 3451.64 1211698789
1318.95 3527.59 1211698896
1267.54 3819.11 1211698932
1223.22 4074.9 1211698982
1019.35 3966.55 1211699032
812.824 3838.1 1211699152
871.326 3436 1211699212
605.407 3290.8 1211699272
-126.754 3167.95 1211699332
-407.741 3020.52 1211699397
-390.014 2905.49 1211699437
-343.921 2615.12 1211699508
-209.189 1776.45 1211699582
-147.141 1365.52 1211699658
5.31837 803.875 1211699762
28.3646 451.053 1211699822
234.008 453.286 1211699893
1067.22 157.419 1211700043
1456.35 1.11644 1211700103
1467.87 -130.622 1211700134
1467.87 -130.622 1211700136
1300.34 -179.745 1211700196
1273.75 -88.1981 1211700249
1463.44 -34.6095 1211700300
1452.8 -32.3766 1211700418
1459.89 -34.6095 1211700466
1462.55 -35.7259 1211700467
1296.8 -181.977 1211700513
1253.36 174.166 1211700578
1071.65 -112.759 1211700693
1074.31 -128.389 1211700710
894.372 -509.08 1211700781
935.146 -1059.43 1211700830
563.747 -1223.52 1211700895
-728.616 -1484.73 1211701021
-2062.64 -1443.43 1211701206
-2489.88 -669.836 1211701256
-2503.18 -62.5203 1211701360
-2503.18 -62.5203 1211701372
-1995.27 665.424 1211701481
-1546.76 698.92 1211701553
-1361.5 1042.82 1211701602
-550.451 1175.69 1211701727
28.3646 468.917 1211701847
43.4333 233.339 1211701880
66.4796 -32.3766 1211701952
124.095 -541.455 1211701999
327.966 -887.52 1211702064
551.337 -1203.43 1211702118
585.907 -1662.21 1211702178
587.68 -1699.04 1211702205
591.225 -1734.76 1211702212
849.166 -1741.46 1211702249
967.056 -1296.08 1211702304
1530.8 -1239.15 1211702359
1495.35 -434.283 1211702489
1482.05 -336.041 1211702509
1511.3 -704.442 1211702586
1524.6 -864.078 1211702599
1406.71 -1606.4 1211702653
1215.25 -1799.5 1211702719
1216.13 -1800.62 1211702722
1314.52 -1349.66 1211702782
1384.55 -1349.66 1211702833
1417.34 -1355.24 1211702881
1416.46 -1357.48 1211702941
1415.57 -1360.83 1211702990
1413.8 -1355.24 1211703050
1306.55 -555.967 1211703182
1256.02 64.7537 1211703241
1247.16 302.56 1211703291
1229.43 502.413 1211703361
1189.54 907.715 1211703412
1207.27 1431.4 1211703528
1283.5 1804.36 1211703588
1177.13 2495.62 1211703648
1509.53 2563.74 1211703709
1585.76 2558.16 1211703768
1583.1 2558.16 1211703828
1580.44 2559.28 1211703841
1583.1 2558.16 1211703853
1327.82 2546.99 1211703912
1021.13 3439.35 1211704038
957.306 3833.63 1211704093
599.203 3892.83 1211704163
80.6619 3806.82 1211704218
-436.106 3733.1 1211704283
-582.361 3707.41 1211704338
-605.407 3705.18 1211704341
-253.509 3762.14 1211704406
270.35 3843.68 1211704466
795.096 3916.29 1211704521
915.645 3222.67 1211704581
1282.61 3176.88 1211704641
1821.54 3268.47 1211704707
2250.56 3266.23 1211704761
2064.41 3194.75 1211704805
1730.24 3135.56 1211704865
1251.59 3059.61 1211704926
1037.08 3354.47 1211704986
967.056 3771.08 1211705051
908.554 4148.62 1211705106
616.044 4330.69 1211705167
400.65 4286.01 1211705259
385.582 4273.72 1211705266
737.48 4283.78 1211705321
774.709 4045.86 1211705381
862.462 3660.5 1211705441
1057.47 3141.14 1211705501
1377.46 3188.05 1211705561
1957.16 3300.86 1211705621
2165.46 3217.09 1211705681
2059.98 3196.99 1211705736
1500.67 3102.05 1211705791
1077.86 3075.25 1211705851
1014.04 3536.52 1211705911
948.442 3879.43 1211705966
890.826 4262.55 1211706026
601.862 4439.05 1211706086
537.155 4427.87 1211706113
576.156 4360.85 1211706168
709.116 3902.88 1211706233
868.667 3508.6 1211706288
1061.01 3143.38 1211706348
1411.14 3196.99 1211706408
2049.34 3288.57 1211706469
2158.37 3198.1 1211706529
2143.3 3212.62 1211706543
1098.24 3954.26 1211706738
1016.69 4474.79 1211706798
1028.22 4487.08 1211706814
1189.54 4421.17 1211706873
1371.25 4084.95 1211706934
1407.59 3883.89 1211706969
1457.23 3520.89 1211707035
1633.62 3352.23 1211707090
1686.81 3008.24 1211707150
1579.55 2754.72 1211707210
1415.57 2758.07 1211707270
1741.77 2607.3 1211707330
1743.54 2608.42 1211707333
1814.45 2280.08 1211707393
2003.25 1903.75 1211707454
1762.15 1704.98 1211707514
1527.26 1474.95 1211707592
1387.21 919.997 1211707639
1440.39 370.666 1211707699
1459.01 -31.2602 1211707759
1493.57 -488.985 1211707825
1529.92 -873.008 1211707879
1553.85 -1312.83 1211707939
1414.69 -1588.54 1211707994
1211.7 -1797.27 1211708054
1211.7 -1797.27 1211708095
1251.59 -1802.85 1211708133
1380.12 -1665.56 1211708193
1335.8 -912.079 1211708253
1319.84 -686.581 1211708314
1483.82 -295.851 1211708374
1449.25 150.721 1211708434
1445.71 177.516 1211708456
1472.3 -156.3 1211708497
1509.53 -697.744 1211708562
1542.33 -1090.69 1211708617
1325.16 -1768.25 1211708672
1417.34 -1828.52 1211708732
1417.34 -1827.41 1211708763
1417.34 -1827.41 1211708765
1437.73 -1649.93 1211708825
1438.62 -1558.4 1211708885
1759.49 -1340.73 1211708953
2738.07 -1294.97 1211709013
2391.49 -2701.34 1211709073
988.33 -3189.04 1211709125
-462.698 -3411.12 1211709180
-1170.04 -4720.06 1211709238
-2329.44 -5527.85 1211709304
-3170.63 -6144.8 1211709360
-3552.67 -6298.76 1211709421
-3557.99 -6294.29 1211709481
-3560.65 -6286.48 1211709528
-3564.19 -6284.25 1211709588
-3559.76 -6294.29 1211709649
-3568.62 -6299.87 1211709705
-3823.02 -6383.54 1211709748
-4033.09 -6700.35 1211709808
-3927.61 -7231.33 1211709869
-3906.34 -7287.1 1211709929
