4211.26 -16063.2 1211167113
3331.96 -16156.8 1211167180
2994.24 -14695.9 1211167223
1996.16 -14022.7 1211167301
618.703 -14566.6 1211167336
-1433.3 -12359.7 1211167452
-2481.02 -11182.4 1211167502
-2844.44 -9690.53 1211167535
-3131.63 -8524.04 1211167596
-3105.04 -8327.75 1211167670
-3062.49 -8028.84 1211167716
-3131.63 -7476.72 1211167776
-3230.02 -7459.99 1211167845
-3829.22 -7464.45 1211167897
-4406.27 -7335.06 1211167978
-4765.26 -7164.4 1211168018
-4757.28 -7163.28 1211168071
-4693.46 -7163.28 1211168073
-4166.05 -7375.22 1211168133
-3410.85 -7472.26 1211168193
-3071.36 -8004.3 1211168266
-3112.13 -8318.82 1211168313
-3092.63 -9363.8 1211168373
-2672.48 -10785.5 1211168417
-1740.88 -11946.1 1211168459
21.2735 -14446.3 1211168549
1420.89 -14223.4 1211168605
2868.37 -14279.1 1211168675
3188.36 -15761.2 1211168713
4022.46 -16171.3 1211168781
4392.97 -16071 1211168833
4408.93 -16030.9 1211168894
4412.47 -16018.6 1211168960
4277.74 -16137.9 1211169088
4515.29 -15933.9 1211169228
4203.28 -16082.1 1211169280
3398.44 -16181.3 1211169341
2974.74 -14736 1211169397
2974.74 -14736 1211169410
2648.55 -13261.5 1211169447
2561.68 -11744.3 1211169506
3453.39 -10542.4 1211169555
4195.3 -9243.36 1211169597
3972.82 -7764.5 1211169659
3711.33 -6282.02 1211169707
3262.82 -4840.56 1211169762
2866.6 -3377.65 1211169820
3362.98 -2013.81 1211169880
3882.41 -1157.66 1211169916
3820.36 337.171 1211169969
3564.19 1669.25 1211170027
3888.61 1990.85 1211170087
4191.76 2318.05 1211170147
4223.67 3257.3 1211170207
3713.11 3908.47 1211170278
3388.69 4351.92 1211170336
3300.93 4331.81 1211170388
3084.65 4299.42 1211170449
2659.18 4216.76 1211170515
2415.42 4185.48 1211170570
2148.62 4136.33 1211170635
1363.27 4121.81 1211170699
1329.59 4309.47 1211170755
1329.59 4309.47 1211170768
1326.93 4323.99 1211170781
1332.25 4331.81 1211170782
1517.51 4060.38 1211170854
1532.58 3929.69 1211170883
1596.4 3558.86 1211170929
1609.69 3469.51 1211170990
1597.28 3107.64 1211171057
1378.34 3071.9 1211171125
1410.25 2884.27 1211171186
1482.05 2771.47 1211171232
1857 2838.48 1211171292
1830.4 2924.47 1211171342
1832.18 2924.47 1211171350
1981.09 3032.81 1211171417
2078.59 2458.77 1211171467
2203.58 2465.47 1211171520
1888.02 2109.22 1211171580
1738.22 1955.12 1211171641
1402.28 1602.25 1211171700
1141.68 1385.62 1211171751
979.466 1055.1 1211171808
1020.24 534.791 1211171865
1048.6 192.03 1211171926
994.535 -24.5616 1211171987
993.648 -23.4452 1211171995
955.533 -208.771 1211172055
1100.9 -533.64 1211172116
1127.49 -804.912 1211172175
1149.65 -1109.66 1211172202
1350.87 -1349.66 1211172282
1570.69 -1344.08 1211172343
2003.25 -1334.04 1211172403
2615.75 -1264.83 1211172464
2434.93 -2352 1211172525
2891.42 -3604.19 1211172586
3332.84 -5039.17 1211172643
3721.97 -6493.98 1211172700
3987.89 -7976.42 1211172745
4135.03 -9446.32 1211172796
3290.3 -10701.9 1211172846
2663.62 -13462.1 1211172949
2954.35 -14931 1211173016
3362.98 -16278.2 1211173065
4227.22 -16108.9 1211173144
4383.22 -16048.7 1211173252
4395.63 -16028.7 1211173313
4393.86 -16028.7 1211173380
4394.74 -16029.8 1211173445
4396.52 -16026.4 1211173500
4394.74 -16025.3 1211173553
