-3460.48 -3277.21 1211745605
-3466.69 -3156.68 1211745662
-3603.19 -781.469 1211745943
-3617.38 -632.996 1211746003
-3641.31 -170.813 1211746183
-3643.08 -87.0817 1211746243
-3654.6 101.597 1211746311
-3672.33 236.688 1211746370
-3680.31 341.637 1211746424
-3687.4 562.704 1211746491
-3691.83 659.842 1211746558
-3771.61 947.911 1211746604
-3807.06 1078.55 1211746672
-4300.79 1397.9 1211746790
-4346.88 2159.48 1211746858
-4372.58 2617.35 1211746917
-4398.29 3045.09 1211746972
-3792 4332.93 1211747080
-3596.99 4761.88 1211747153
-3542.03 4902.63 1211747200
-3542.03 4966.31 1211747281
-3539.37 4998.7 1211747328
-3525.19 5048.97 1211747389
-3479.98 5111.53 1211747448
-3440.1 5138.34 1211747529
-3389.57 5183.03 1211747542
-3359.43 5185.26 1211747590
-3367.41 5229.95 1211747666
-3462.26 5214.31 1211747722
-3688.29 5515.95 1211747776
-3891.27 7657.88 1211747901
-4512.63 8768.74 1211747950
-4837.94 10174.8 1211748022
-7239.18 13438.4 1211748252
-7414.69 13485.4 1211748354
