3604.97 -985.756 1212847229
3600.53 -984.639 1212847283
3599.65 -985.756 1212847350
3599.65 -985.756 1212847403
3597.88 -984.639 1212847463
3581.92 -992.453 1212847523
3503.92 -1150.97 1212847583
3461.37 -1002.5 1212847643
3454.28 -999.151 1212847703
2751.37 -1211.25 1212847785
2303.74 -1313.94 1212847845
1607.92 -1327.34 1212847905
1137.24 -1354.13 1212847965
778.254 -1380.92 1212848027
733.048 -942.22 1212848085
570.838 -946.685 1212848152
577.929 -945.569 1212848205
579.702 -946.685 1212848266
576.156 -946.685 1212848332
579.702 -943.336 1212848387
577.043 -958.964 1212848447
578.816 -923.242 1212848507
577.043 -905.381 1212848538
577.929 -937.754 1212848613
577.929 -937.754 1212848674
578.816 -943.336 1212848734
566.406 -952.266 1212848795
144.482 -976.825 1212848856
93.0714 -724.536 1212848894
12.4095 -729.002 1212848947
-101.935 -369.533 1212849008
-21.2735 240.038 1212849095
392.673 609.598 1212849155
834.984 1048.4 1212849215
1327.82 1536.36 1212849275
1420 1619 1212849324
1575.12 1797.66 1212849350
1685.92 1959.58 1212849410
2031.62 2243.23 1212849470
2398.58 2611.77 1212849530
2569.66 2834.01 1212849591
2660.96 2830.66 1212849650
2706.16 2810.56 1212849678
2685.78 2800.51 1212849698
2765.55 2745.78 1212849785
2771.76 2729.03 1212849795
2975.63 2901.02 1212849848
2701.73 3087.53 1212849912
2382.63 3038.39 1212849968
1669.97 2894.32 1212850028
1334.91 2857.46 1212850094
1138.13 2819.49 1212850148
928.941 4019.05 1212850296
784.459 4560.8 1212850356
343.921 4502.72 1212850425
-49.6381 4527.29 1212850484
-205.644 4732.83 1212850540
-514.995 4574.21 1212850606
-698.479 4850.13 1212850658
-698.479 4817.73 1212850719
-633.772 4405.53 1212850787
-603.635 4234.63 1212850851
-550.451 3902.88 1212850912
-504.358 3616.94 1212850962
-452.061 3316.49 1212851020
-701.138 3074.13 1212851080
-971.488 3030.57 1212851164
-1404.05 2960.21 1212851200
-1681.49 2915.54 1212851261
-2886.1 2735.73 1212851408
-2738.07 2950.16 1212851498
-2625.5 2964.68 1212851526
-2204.46 2981.43 1212851586
-2092.78 2946.81 1212851647
-1592.85 2924.47 1212851706
-1006.94 3013.82 1212851768
-959.079 2829.54 1212851828
-823.46 2621.82 1212851889
22.1599 2755.83 1212851949
834.984 2888.74 1212852010
1209.93 2952.39 1212852070
1377.46 2971.38 1212852098
1663.76 3020.52 1212852161
2107.85 3098.7 1212852230
2284.24 3020.52 1212852278
2284.24 3020.52 1212852299
2325.01 2826.19 1212852361
2431.38 2682.12 1212852396
2661.84 2627.4 1212852456
2660.96 2631.87 1212852464
2652.09 2640.8 1212852530
2652.09 2639.69 1212852542
2741.62 2717.86 1212852593
2949.03 2892.09 1212852653
2881.67 3013.82 1212852713
2838.23 3294.16 1212852773
2688.43 3538.76 1212852834
2588.27 3498.55 1212852856
2088.35 3410.31 1212852911
1435.96 3303.09 1212852984
1233.86 3279.64 1212853022
1233.86 3279.64 1212853036
1038.85 3370.1 1212853090
944.01 3908.47 1212853136
842.961 4538.46 1212853196
323.534 4494.9 1212853266
127.641 4464.74 1212853335
-78.0027 4689.27 1212853383
-361.649 4620.01 1212853436
-660.364 4607.72 1212853506
-772.05 4850.13 1212853556
-717.979 4932.79 1212853618
-713.548 4856.83 1212853685
-712.661 4866.88 1212853739
-703.797 4859.06 1212853799
-708.229 4859.06 1212853887
-841.188 4522.82 1212854012
-850.939 4533.99 1212854157
-850.052 4535.11 1212854263
-809.278 4521.71 1212854327
-416.605 4369.79 1212854401
21.2735 4435.69 1212854456
365.195 4489.31 1212854481
707.343 4455.8 1212854529
785.345 3969.9 1212854600
846.507 3663.85 1212854651
944.896 2971.38 1212854715
1253.36 2743.55 1212854770
1661.99 2802.74 1212854836
1964.25 2859.7 1212854889
1965.14 2849.65 1212854927
1965.14 2849.65 1212854928
2028.96 2732.38 1212854988
2092.78 2426.38 1212855050
1903.09 2122.62 1212855137
1751.52 1980.8 1212855170
1595.51 1862.43 1212855245
1221.45 1458.2 1212855352
1031.76 1261.67 1212855372
807.505 1029.42 1212855432
798.641 759.213 1212855493
836.756 331.589 1212855552
683.41 310.376 1212855572
444.084 288.046 1212855632
445.856 174.166 1212855664
443.197 163.002 1212855724
436.992 173.05 1212855819
444.97 173.05 1212855839
633.772 309.259 1212855899
610.726 700.037 1212855959
1053.92 1257.21 1212856080
1317.18 1649.15 1212856142
1291.48 1838.98 1212856208
1179.79 2481.1 1212856261
1146.99 3028.34 1212856322
1042.4 3343.3 1212856383
843.848 3625.88 1212856442
831.438 3728.64 1212856500
829.665 3731.99 1212856502
739.253 4231.28 1212856623
629.34 4428.99 1212856695
420.151 4422.29 1212856744
368.74 4623.36 1212856803
-34.5694 4548.52 1212856869
-68.2524 4539.58 1212856884
-189.688 4423.41 1212856947
-166.642 4313.94 1212857005
-93.9578 3887.24 1212857074
-37.2286 3522 1212857132
141.823 3333.25 1212857191
182.597 3215.97 1212857246
194.12 3037.28 1212857326
205.644 2990.37 1212857349
210.962 2937.88 1212857350
83.3211 2873.1 1212857394
-248.19 2825.08 1212857449
-334.171 2610.65 1212857509
-280.987 2204.15 1212857577
-250.85 1994.2 1212857623
-177.279 1669.25 1212857683
-150.687 1367.75 1212857768
-100.163 1123.21 1212857803
18.6143 652.026 1212857866
33.683 401.928 1212857931
40.7741 298.094 1212857997
63.8204 100.48 1212858058
77.1163 -174.163 1212858112
84.2075 -279.105 1212858137
-13.2959 -284.687 1212858221
-166.642 -473.356 1212858282
-282.76 -476.705 1212858342
-375.831 -329.343 1212858386
-384.695 -330.459 1212858447
-377.604 -328.226 1212858508
-379.377 -323.761 1212858574
-379.377 -323.761 1212858583
-285.419 -435.399 1212858646
-184.37 -543.687 1212858707
3.54558 -819.425 1212858768
324.42 -801.563 1212858823
348.353 -1128.64 1212858883
538.928 -1397.66 1212858944
904.122 -1379.8 1212859005
1391.64 -1351.9 1212859059
1693.9 -1336.27 1212859119
2157.48 -1329.57 1212859179
2769.98 -1326.22 1212859240
2485.45 -2635.49 1212859303
3031.47 -4026 1212859352
3535.83 -5434.13 1212859403
3806.18 -6943.54 1212859446
4077.41 -8453.77 1212859494
3892.16 -9948.12 1212859550
2869.26 -11054.2 1212859609
2575.86 -12569.3 1212859655
2830.26 -14062.9 1212859710
3127.2 -15527.2 1212859778
3823.91 -16282.7 1212859832
4068.55 -16235.9 1212859891
4054.37 -16249.3 1212859926
4055.25 -16247 1212859938
4033.09 -16154.6 1212859988
3719.31 -16293.8 1212860048
4179.35 -16098.9 1212860163
4197.08 -16081 1212860175
3279.66 -15862.6 1212860248
2942.83 -14397.2 1212860285
2635.25 -12919.3 1212860339
2652.09 -12710.8 1212860399
2653.86 -12716.4 1212860460
2654.75 -12712 1212860486
2652.98 -12713.1 1212860546
2682.23 -12688.5 1212860621
2566.11 -11751 1212860668
3456.05 -10554.7 1212860723
4197.96 -9254.51 1212860775
3979.02 -7767.84 1212860827
3712.22 -6279.79 1212860879
3556.21 -5425.21 1212860910
2827.6 -3344.17 1212860989
2590.04 -1930.09 1212861050
2819.62 -1474.68 1212861104
2447.34 -1301.66 1212861167
2167.23 -1315.06 1212861226
1976.66 -1319.52 1212861283
1927.91 -952.266 1212861369
1927.91 -952.266 1212861382
1985.52 -670.952 1212861444
2256.76 -649.741 1212861490
2283.35 -646.392 1212861540
2322.35 -818.308 1212861600
2034.28 -843.984 1212861660
1934.11 -843.984 1212861691
1694.79 -869.659 1212861751
1534.35 -989.105 1212861811
1540.55 -1057.2 1212861872
1368.59 -1072.83 1212861915
1323.39 -1075.06 1212861939
1168.27 -1328.45 1212862000
1486.48 -1344.08 1212862060
1339.34 -1744.81 1212862120
1330.48 -1939.02 1212862180
1539.67 -1584.07 1212862241
1699.22 -1528.26 1212862304
1758.61 -1670.02 1212862362
1591.96 -1691.23 1212862403
1521.94 -1826.29 1212862464
1521.05 -1826.29 1212862551
1519.28 -1828.52 1212862577
1288.82 -1916.7 1212862637
1398.73 -1639.88 1212862695
1559.17 -1258.13 1212862754
1528.14 -900.916 1212862816
1502.44 -440.981 1212862887
1459.89 35.7261 1212862944
1437.73 350.569 1212862996
1407.59 751.397 1212863057
1392.53 870.868 1212863117
1394.3 873.101 1212863143
1394.3 874.218 1212863145
1388.09 873.101 1212863211
1470.53 841.838 1212863267
1396.96 726.834 1212863325
1009.6 658.725 1212863387
710.888 495.714 1212863445
637.318 166.351 1212863505
667.455 -136.204 1212863566
508.79 -424.236 1212863626
491.949 -506.847 1212863687
491.949 -506.847 1212863743
701.138 -574.946 1212863803
741.026 -944.452 1212863854
744.571 -938.871 1212863915
743.685 -945.569 1212863975
743.685 -932.173 1212864010
742.799 -939.987 1212864038
826.12 -936.638 1212864098
601.862 -1042.69 1212864169
163.097 -1073.94 1212864221
-38.115 -1241.39 1212864280
-2.65918 -1703.51 1212864339
-7.97755 -2209.13 1212864398
107.254 -2237.04 1212864458
107.254 -2235.92 1212864495
107.254 -2235.92 1212864497
2.65918 -2234.8 1212864557
15.0687 -1924.51 1212864617
-6.20476 -1601.93 1212864678
-39.8877 -1171.06 1212864740
-61.1612 -894.218 1212864800
-83.3211 -488.985 1212864860
-101.049 -484.52 1212864921
-101.049 -485.636 1212864981
-4.43197 -736.816 1212865044
116.118 -629.647 1212865103
76.2299 -159.649 1212865163
64.7068 16.7466 1212865224
53.1837 152.953 1212865278
31.9102 473.383 1212865338
13.2959 720.134 1212865398
-7.09116 981.408 1212865459
-118.777 1215.89 1212865518
-163.097 1486.11 1212865578
-172.847 1553.11 1212865638
-253.509 2037.75 1212865698
-299.601 2369.42 1212865760
-379.377 2865.28 1212865889
-433.447 3186.93 1212865944
-876.644 3151.2 1212866009
-1270.2 3087.53 1212866062
-1672.63 3024.99 1212866123
-1858.77 2916.66 1212866183
-2086.57 2927.82 1212866256
-1887.13 3064.08 1212866364
-1823.31 2909.96 1212866424
-1732.01 2907.72 1212866470
-1587.53 2931.17 1212866503
-1292.36 2836.24 1212866563
-1685.04 2668.72 1212866639
-2044.03 2648.62 1212866684
-2062.64 2425.26 1212866759
-2039.59 2271.15 1212866806
-2063.53 2360.49 1212866854
-2831.14 2406.28 1212866974
-2840.01 2573.79 1212867020
-2840.01 2573.79 1212867041
-2840.01 2574.91 1212867043
-3030.58 2732.38 1212867103
-3651.06 2692.18 1212867163
-4100.46 2665.37 1212867223
-4354.86 2655.32 1212867283
-4660.66 2634.1 1212867331
-4660.66 2634.1 1212867343
-4729.8 2224.25 1212867390
-5206.68 2377.24 1212867444
-5655.2 2802.74 1212867505
-5536.42 2590.55 1212867566
-5218.2 2386.18 1212867640
-5203.14 2199.68 1212867653
-5121.59 2158.36 1212867733
-4516.18 2209.73 1212867801
-4259.13 2229.83 1212867860
-3993.21 2243.23 1212867926
-3945.34 1813.3 1212867974
-3878.86 1616.76 1212868036
-3876.2 1626.81 1212868124
-3872.66 1625.7 1212868131
-3955.98 2018.77 1212868191
-3907.23 2243.23 1212868252
-3739.7 2255.52 1212868320
-3728.18 2258.87 1212868378
-3730.83 2261.1 1212868438
-3731.72 2255.52 1212868504
-3724.63 2272.27 1212868559
-3298.27 2276.73 1212868618
-2960.56 2303.54 1212868681
-2608.66 2326.99 1212868740
-2340.08 2361.61 1212868799
-2228.4 2564.86 1212868853
-2193.83 2564.86 1212868920
-2199.14 2565.98 1212868965
-2205.35 2565.98 1212868973
-2064.41 2465.47 1212869035
-2103.41 2362.72 1212869093
-2233.71 2351.56 1212869153
-2894.08 2320.29 1212869262
-3225.59 2296.84 1212869322
-3682.97 2272.27 1212869403
-3955.98 2255.52 1212869444
-4204.17 2452.07 1212869524
-4242.28 2043.34 1212869622
-4215.69 1578.8 1212869676
-3917.86 1402.37 1212869736
-3273.45 1445.92 1212869796
-2542.18 1497.28 1212869858
-1814.45 1611.18 1212869920
-1677.94 1598.9 1212869979
-1642.49 1372.22 1212870039
-1482.94 1024.95 1212870100
-1346.43 1038.35 1212870160
-1344.66 1039.47 1212870167
-1340.23 1048.4 1212870207
-1314.52 992.574 1212870262
-1549.42 911.064 1212870322
-1638.06 1411.3 1212870382
-1440.39 1469.36 1212870442
-1392.53 1602.25 1212870574
-980.352 1741.83 1212870635
-343.921 1849.03 1212870702
148.028 1924.97 1212870755
751.662 2021 1212870815
1206.38 2096.94 1212870875
1182.45 2316.94 1212870935
1138.13 2772.59 1212871002
1075.2 3128.86 1212871055
1138.13 3364.52 1212871115
1170.04 3392.44 1212871181
1185.11 3358.94 1212871199
1185.11 3358.94 1212871214
1041.51 3327.66 1212871290
1063.67 3635.93 1212871341
845.62 4558.57 1212871466
596.543 4546.28 1212871513
429.015 4558.57 1212871568
425.469 4565.27 1212871634
429.901 4557.45 1212871688
431.674 4556.34 1212871748
428.129 4551.87 1212871808
418.378 4564.16 1212871887
430.788 4559.69 1212871940
352.785 4615.54 1212871995
-54.9565 4567.51 1212872087
-78.0027 4720.55 1212872145
79.7755 4769.7 1212872157
578.816 4856.83 1212872211
1109.77 4940.61 1212872288
1610.58 5026.63 1212872415
1960.7 5076.9 1212872458
2105.19 5089.19 1212872465
2819.62 5045.62 1212872542
3019.95 4508.3 1212872643
3251.29 3906.23 1212872703
3389.57 3682.84 1212872763
3423.26 3710.77 1212872790
3422.37 3705.18 1212872797
3190.13 3621.41 1212872858
2777.07 3654.92 1212872918
2376.42 3575.62 1212872978
2223.96 3547.69 1212873041
1894.22 3484.03 1212873100
1522.83 3430.42 1212873171
1186 3393.56 1212873220
1055.7 3355.58 1212873250
1056.58 3356.7 1212873254
1022.01 3438.24 1212873319
958.192 3832.51 1212873385
861.575 4463.62 1212873438
831.438 4623.36 1212873499
743.685 4560.8 1212873550
730.389 4321.76 1212873618
776.482 4030.22 1212873670
851.825 3595.72 1212873731
843.848 3591.25 1212873740
890.826 3344.42 1212873802
757.867 3308.67 1212873841
833.211 3424.83 1212873901
967.056 3547.69 1212873961
1149.65 3563.33 1212874021
1191.31 3431.53 1212874078
1065.45 3231.61 1212874175
922.737 3131.09 1212874235
982.125 2743.55 1212874312
1086.72 2108.11 1212874364
1122.18 1884.76 1212874421
1176.25 1548.65 1212874493
1083.17 1434.75 1212874536
1274.64 1118.75 1212874596
2598.02 919.997 1212874657
2696.41 -205.422 1212874729
2682.23 -1731.41 1212874793
2740.73 -3170.07 1212874844
3188.36 -4602.9 1212874890
3635.99 -6039.94 1212874941
3905.45 -7542.53 1212875002
4180.24 -9066.04 1212875063
