2455.31 3037.28 1212372313
2369.33 3026.11 1212372343
1837.5 3048.44 1212372476
1966.91 3068.55 1212372509
2401.24 3147.84 1212372613
2810.76 3470.63 1212372760
2702.62 4061.49 1212372796
2591.82 4185.48 1212372797
2579.41 4197.77 1212372805
2447.34 4320.64 1212372869
2380.86 4379.84 1212372919
2378.2 4375.37 1212372929
2237.26 4503.83 1212372988
1717.83 4959.6 1212373048
1490.03 5184.15 1212373113
1368.59 5300.33 1212373168
1368.59 5300.33 1212373231
1367.71 5301.45 1212373292
1243.61 5176.33 1212373354
1184.22 5168.51 1212373397
1031.76 5041.15 1212373457
753.435 4885.88 1212373517
338.603 4942.85 1212373579
-162.21 5167.39 1212373639
-562.86 5102.6 1212373700
-1080.51 5014.34 1212373754
-2140.64 4669.16 1212373814
-3243.32 4937.26 1212373874
-3431.23 5315.97 1212373937
-3431.23 5315.97 1212373996
-3433.89 5317.09 1212374067
-3433.89 5318.21 1212374121
-3432.12 5317.09 1212374174
-3432.12 5317.09 1212374234
-3431.23 5317.09 1212374294
-3432.12 5318.21 1212374355
-3433.01 5318.21 1212374415
-3433.01 5319.32 1212374466
-3432.12 5318.21 1212374525
-3432.12 5318.21 1212374586
-3432.12 5318.21 1212374656
-3515.44 5266.82 1212374707
-2845.33 4765.23 1212374767
-1396.96 4883.64 1212374831
-926.282 5043.39 1212374899
-395.332 5127.17 1212374938
104.595 5057.91 1212374998
348.353 4841.19 1212375058
662.137 4870.24 1212375119
1223.22 4980.83 1212375179
1200.18 5160.69 1212375239
1198.41 5159.57 1212375275
1201.06 5167.39 1212375276
1482.94 5271.29 1212375336
1323.39 5228.83 1212375396
1258.68 5186.38 1212375457
1239.18 5176.33 1212375489
1434.19 5205.37 1212375549
2079.48 4641.23 1212375610
2322.35 4443.51 1212375689
2447.34 4323.99 1212375730
2676.91 4116.23 1212375797
2870.15 3886.13 1212375852
2883.44 3641.51 1212375923
3182.16 3790.07 1212375972
3182.16 3790.07 1212375997
3512.78 3912.93 1212376035
3753.88 3608.01 1212376062
3518.1 3186.93 1212376122
2902.06 2558.16 1212376182
2589.16 2104.76 1212376243
3055.4 1653.61 1212376303
3400.21 942.328 1212376339
3831 -484.52 1212376392
3820.36 -1117.48 1212376454
12414 5930.43 1212376479
10290.2 4407.77 1212376504
8742.51 3191.4 1212376509
7294.14 2029.94 1212376514
6101.05 1045.05 1212376526
4899.1 84.8497 1212376537
3727.29 -852.914 1212376582
3568.62 -981.29 1212376622
3575.72 -974.593 1212376751
3575.72 -1029.29 1212376782
3729.95 -1061.66 1212376872
3729.95 -1061.66 1212376920
3984.34 -1124.18 1212376979
3893.93 -572.713 1212377041
3521.65 859.703 1212377100
3293.84 1808.83 1212377161
3293.84 1808.83 1212377179
3709.56 1989.73 1212377221
3800.86 2091.36 1212377287
4083.62 2371.66 1212377342
4219.24 2463.23 1212377410
4240.51 3169.06 1212377463
4104.01 3394.68 1212377514
4065 3420.36 1212377574
3802.63 3371.22 1212377634
3368.3 3000.42 1212377694
2933.97 2593.9 1212377755
2542.18 2192.98 1212377815
2296.65 1955.12 1212377876
1865.86 1780.91 1212377936
1448.37 1941.72 1212377997
1030.88 1857.96 1212378058
586.793 1780.91 1212378118
411.287 1643.56 1212378178
453.834 1355.47 1212378239
468.903 1248.27 1212378281
468.903 1247.16 1212378283
315.556 1299.64 1212378331
281.873 1507.33 1212378392
217.167 1904.87 1212378452
171.074 2213.08 1212378512
117.004 2567.09 1212378573
107.254 2658.67 1212378634
-336.83 2809.44 1212378695
-585.02 2758.07 1212378743
-584.134 2764.77 1212378756
-510.563 2782.64 1212378804
-227.803 2723.45 1212378883
235.781 2733.5 1212378930
271.237 2601.71 1212378980
430.788 2606.18 1212379055
398.877 2773.7 1212379093
458.266 3039.51 1212379160
911.213 3119.92 1212379227
1001.63 3580.08 1212379275
947.556 4375.37 1212379334
1055.7 4399.95 1212379401
1513.08 4482.61 1212379456
2019.21 4557.45 1212379517
2132.67 4575.33 1212379577
2322.35 4602.14 1212379625
2322.35 4602.14 1212379637
2345.4 4406.65 1212379695
2530.66 4235.75 1212379746
2650.32 4136.33 1212379806
2649.43 4136.33 1212379821
2166.35 4046.97 1212379877
1596.4 3953.15 1212379944
1600.83 3594.6 1212380014
1579.55 3562.21 1212380024
1579.55 3562.21 1212380042
1475.85 3542.11 1212380051
1299.45 3589.02 1212380104
1285.27 3657.15 1212380127
1449.25 3544.34 1212380188
1562.71 3331.01 1212380248
1529.92 3324.31 1212380258
1367.71 3183.58 1212380319
1383.66 3045.09 1212380380
1683.26 3030.57 1212380440
2115.82 3104.29 1212380498
1894.22 2965.8 1212380570
1740.88 2714.51 1212380640
1841.04 2095.82 1212380694
1504.21 1595.55 1212380740
1131.04 1352.12 1212380798
862.462 1090.83 1212380860
315.556 550.423 1212380919
75.3435 317.075 1212380971
-257.941 362.85 1212381033
-293.397 371.782 1212381053
-293.397 371.782 1212381054
35.4558 349.453 1212381103
70.9116 -56.9382 1212381163
64.7068 58.055 1212381198
507.018 116.11 1212381258
874.871 -204.306 1212381319
899.69 -559.316 1212381379
955.533 -1274.87 1212381440
998.967 -1834.1 1212381500
1016.69 -2248.2 1212381561
91.2986 -3132.13 1212381638
54.0701 -3427.86 1212381681
274.782 -3353.09 1212381741
1412.91 -3180.12 1212381804
1939.43 -3093.07 1212381820
3238 -2237.04 1212381869
3932.93 -946.685 1212381910
3766.29 564.937 1212381954
3130.75 1674.83 1212382016
3090.86 1649.15 1212382075
3796.43 336.055 1212382138
3836.32 -1164.36 1212382178
3036.79 -2468.07 1212382222
3019.06 -3974.67 1212382274
3533.17 -5398.43 1212382324
3799.97 -6883.3 1212382361
4063.23 -8355.63 1212382406
3948 -9863.38 1212382449
2933.97 -11005.2 1212382492
2567 -12446.6 1212382547
2743.39 -13689.5 1212382580
3031.47 -15169.5 1212382633
4266.22 -16094.4 1212382774
4400.06 -16053.2 1212382827
4389.43 -16030.9 1212382874
4398.29 -16046.5 1212382940
4400.06 -16049.8 1212382994
4415.13 -16039.8 1212383127
4411.59 -16014.2 1212383175
