-7455.46 24306.3 1211430715
-7455.46 24307.5 1211430728
-7454.58 24307.5 1211430780
-7454.58 24307.5 1211430796
-7388.1 24144 1211430854
-7450.15 24065.6 1211430903
-7355.3 23724.1 1211430970
-7375.69 23580.8 1211431011
-7682.38 23600.9 1211431080
-7348.21 23151.9 1211431132
-6497.27 21988.8 1211431193
-7031.77 20601.9 1211431249
-7118.63 19088.8 1211431305
-6694.94 17618.5 1211431358
-7088.5 16139.5 1211431411
-7182.45 14627.2 1211431461
-6905.9 13142.1 1211431530
-6337.72 11746.7 1211431575
-5896.3 11197.7 1211431608
-4853.01 10172.6 1211431672
-4514.41 8738.56 1211431726
-3890.39 7565.13 1211431793
-3769.84 6282.38 1211431848
-3544.69 5264.58 1211431909
-2653.86 4711.61 1211431969
-1105.33 4545.17 1211432054
-1397.84 4604.37 1211432114
-1601.71 4539.58 1211432151
-1566.26 4604.37 1211432222
-1558.28 4622.24 1211432225
-1543.21 4656.87 1211432285
-1591.96 4556.34 1211432345
-1208.16 4164.26 1211432412
-829.665 4307.24 1211432466
-287.192 4385.43 1211432526
337.716 4483.73 1211432586
819.028 4561.92 1211432657
1023.79 4359.74 1211432706
1141.68 3669.44 1211432768
1554.74 3740.92 1211432826
1722.26 3567.8 1211432886
1659.33 3562.21 1211432914
1650.47 3549.93 1211432974
1642.49 3555.51 1211433034
1619.44 3557.75 1211433094
1623.87 3584.55 1211433155
1618.56 3547.69 1211433215
1627.42 3566.68 1211433276
1629.19 3556.63 1211433336
1622.99 3552.16 1211433371
1622.1 3545.46 1211433431
1626.53 3557.75 1211433491
1615.01 3581.2 1211433551
1618.56 3567.8 1211433600
1618.56 3566.68 1211433607
1629.19 3573.38 1211433661
1624.76 3552.16 1211433721
1626.53 3559.98 1211433781
1625.65 3564.45 1211433848
1623.87 3555.51 1211433903
1624.76 3557.75 1211433962
1623.87 3554.39 1211434022
1624.76 3556.63 1211434083
1622.1 3549.93 1211434143
1595.51 3625.88 1211434175
1869.41 3688.43 1211434235
1853.45 3644.87 1211434307
1930.57 3363.4 1211434367
1978.43 3036.16 1211434427
2030.73 2705.58 1211434473
2377.31 2726.8 1211434532
2344.51 2750.25 1211434571
2344.51 2751.37 1211434572
2381.74 2741.31 1211434632
2390.61 2740.2 1211434671
2340.08 2702.23 1211434731
2490.77 2612.88 1211434791
2843.55 2267.8 1211434851
3321.32 2682.12 1211434911
3655.49 2834.01 1211434972
4417.79 3420.36 1211435032
5362.69 4550.75 1211435083
6075.35 5377.42 1211435148
7543.22 6318.13 1211435188
8943.72 6756.12 1211435245
10388.5 7023.18 1211435306
11854.6 7330.47 1211435360
12525.6 8291.52 1211435420
12546.9 8598.86 1211435482
12599.2 8352.99 1211435541
12594.8 8346.28 1211435569
12599.2 8350.75 1211435629
12600.1 8352.99 1211435642
12598.3 8352.99 1211435702
12634.7 8707.27 1211435762
12378.5 8728.5 1211435822
12346.6 8566.45 1211435882
11953 7394.16 1211435950
10810.5 7246.66 1211436004
9925.84 6946.08 1211436065
8468.61 6652.21 1211436121
7068.11 6141.6 1211436176
5932.64 5183.03 1211436236
4970.01 4059.26 1211436294
4009.16 2942.34 1211436350
3606.74 3230.49 1211436416
3286.75 3497.43 1211436470
3468.46 3457.22 1211436530
3487.96 3750.98 1211436584
3312.46 3925.22 1211436652
2933.08 3962.08 1211436698
2543.95 3850.38 1211436759
2312.6 3577.85 1211436820
2299.31 3615.83 1211436861
2397.7 3376.81 1211436922
2435.81 3068.55 1211436983
2159.26 3000.42 1211437050
2050.23 2875.33 1211437114
2162.8 2917.77 1211437149
2166.35 2921.12 1211437153
2048.46 2947.93 1211437210
1878.27 2949.04 1211437244
1670.85 2896.55 1211437304
1140.79 2844.06 1211437364
694.047 2787.1 1211437445
-117.89 2640.8 1211437486
-1223.22 2456.53 1211437545
-1911.95 2371.66 1211437614
-2801.89 2322.52 1211437678
-3258.39 2292.37 1211437740
-3962.18 2254.4 1211437791
-4248.49 2237.65 1211437859
-4701.44 2215.31 1211437912
-5481.46 2165.06 1211437966
-6156.01 2186.28 1211438030
-6121.44 1607.83 1211438095
-6157.78 1498.4 1211438142
-6172.85 1498.4 1211438192
-6232.24 1897.05 1211438195
-5976.07 2128.21 1211438258
-5409.67 2161.71 1211438315
-4920.38 2187.39 1211438391
-4049.94 2236.53 1211438447
-3345.25 2274.5 1211438503
-2736.3 2318.05 1211438563
-2148.62 2347.09 1211438623
-1851.68 2366.07 1211438689
-1836.61 2369.42 1211438691
-1225 2456.53 1211438751
-346.58 2570.44 1211438812
-224.258 1931.67 1211438883
-153.346 1420.23 1211438941
-270.35 1221.47 1211438993
-834.984 1129.91 1211439067
-1017.58 1102 1211439096
-1312.75 1053.99 1211439162
-1612.35 1238.22 1211439209
-1652.24 1467.13 1211439288
-2298.42 1538.6 1211439355
-2713.25 1476.06 1211439357
-4107.55 1399.02 1211439495
-4595.07 1569.86 1211439548
-4594.18 1569.86 1211439566
-4594.18 1569.86 1211439592
-3892.16 1407.95 1211439719
-3089.08 1455.96 1211439749
-2179.64 1552 1211439811
-1634.51 1321.97 1211439870
-1468.76 1024.95 1211439932
-999.853 1099.77 1211439990
-650.614 1161.18 1211440051
-61.1612 1256.09 1211440116
370.513 1318.62 1211440173
769.39 1386.73 1211440234
1040.63 1428.05 1211440297
1527.26 1084.13 1211440356
2460.63 968.009 1211440393
2699.07 605.132 1211440425
2592.7 106.062 1211440439
2895.85 -794.865 1211440476
2965.88 -1205.66 1211440537
3744.13 -1070.59 1211440603
3583.69 -974.593 1211440656
