1293.25 4651.29 1212261930
1471.41 4384.31 1212261968
1502.44 4154.2 1212262028
1583.1 3654.92 1212262088
1597.28 3559.98 1212262116
1613.24 3498.55 1212262143
1615.01 3497.43 1212262151
2043.14 3514.19 1212262212
2164.58 3763.26 1212262272
2122.91 4029.1 1212262340
2074.16 4347.45 1212262393
2078.59 4511.65 1212262453
2034.28 4668.04 1212262530
2044.03 4665.81 1212262564
2079.48 4639 1212262571
2215.99 4376.49 1212262626
2229.28 4311.7 1212262686
2222.19 4294.95 1212262746
2215.99 4289.36 1212262807
2223.08 4308.35 1212262880
2245.24 4170.96 1212262927
2263.85 4107.29 1212262987
2266.51 4070.43 1212263047
2308.17 3826.93 1212263108
2340.97 3647.1 1212263168
2371.99 3497.43 1212263228
2379.97 3280.75 1212263295
2404.79 3160.13 1212263356
