4212.15 -16058.7 1211864238
4614.57 -17775.6 1211864401
4313.2 -18102 1211864528
4545.43 -18370.5 1211864555
5172.11 -18909.6 1211864602
5616.2 -19229.3 1211864635
5417.64 -19580.1 1211864666
5294.43 -19758.3 1211864790
5303.3 -19746.1 1211864846
5598.47 -19203.7 1211864851
4689.91 -18486.3 1211864918
4370.81 -17978.4 1211864978
4704.98 -17724.4 1211865032
4829.08 -17483.7 1211865092
4391.2 -16045.4 1211865338
4406.27 -16081 1211865422
4397.4 -16064.3 1211865424
4408.04 -16076.6 1211865483
4404.49 -16073.2 1211865543
4402.72 -16068.8 1211865614
4392.97 -16053.2 1211865724
4401.83 -16047.6 1211865796
4419.56 -16026.4 1211865863
4440.84 -15897.2 1211866091
2990.69 -14830.7 1211866213
2660.07 -13320.6 1211866273
3400.21 -10607.1 1211866361
4176.69 -9338.15 1211866401
3988.77 -7849.27 1211866443
3722.86 -6389.12 1211866501
3289.41 -4936.52 1211866553
2882.55 -3479.2 1211866594
2527.11 -2017.16 1211866650
2888.76 -542.571 1211866698
2706.16 779.311 1211866758
2383.51 1272.84 1211866821
1771.9 1890.35 1211866890
1608.81 2541.41 1211866939
1550.3 2869.75 1211866999
1540.55 3166.83 1211867060
1328.71 3491.85 1211867127
1347.32 3604.66 1211867180
1383.66 3591.25 1211867210
1381.89 3601.31 1211867299
1385.43 3600.19 1211867318
1384.55 3600.19 1211867320
1429.75 3702.95 1211867381
2451.77 4196.65 1211867496
2556.36 4191.07 1211867562
2660.96 4129.63 1211867617
2714.14 4082.72 1211867677
2738.07 3939.74 1211867743
2648.55 4155.32 1211867798
2494.31 4294.95 1211867858
2399.47 4361.97 1211867918
2352.49 4460.27 1211867940
2274.49 4500.48 1211867995
2385.29 4320.64 1211868062
2449.11 3897.3 1211868115
2481.9 3624.76 1211868183
2589.16 2944.58 1211868238
2722.12 2748.02 1211868297
3024.38 2494.5 1211868363
3342.59 2150.54 1211868417
3365.64 2153.89 1211868464
3365.64 2153.89 1211868466
3371.84 2144.96 1211868490
3264.59 1844.56 1211868550
2815.19 2308 1211868610
2559.02 2514.61 1211868671
2398.58 2765.88 1211868730
2418.08 2768.12 1211868772
2415.42 2770.35 1211868773
2461.52 2938.99 1211868833
2598.02 2962.45 1211868865
2623.73 2884.27 1211868936
2933.97 2557.04 1211868985
3304.48 2188.51 1211869051
3366.53 2114.81 1211869105
3367.41 2113.69 1211869165
3362.09 2108.11 1211869247
3521.65 1967.4 1211869285
3654.6 1895.93 1211869346
3812.38 2110.34 1211869420
3761.86 2165.06 1211869422
3531.4 2356.02 1211869482
3121.88 2789.34 1211869542
2839.12 3043.98 1211869609
2809.87 3514.19 1211869663
2324.13 3459.46 1211869723
1959.82 3298.62 1211869783
2004.14 3295.27 1211869821
2006.8 3296.39 1211869823
2090.12 3307.56 1211869883
2253.21 3196.99 1211869944
2278.03 3126.62 1211869979
2177.87 2982.55 1211870039
2042.25 2897.67 1211870100
2211.55 2663.14 1211870159
2426.06 2649.74 1211870220
2413.65 2632.98 1211870225
2091 2310.24 1211870285
1859.66 2091.36 1211870345
1630.08 1949.53 1211870405
1158.52 1875.83 1211870465
1107.11 1760.81 1211870527
584.134 1670.36 1211870586
455.607 1362.17 1211870662
463.584 1338.72 1211870685
463.584 1332.02 1211870686
569.952 1076.32 1211870765
578.816 995.923 1211870766
589.452 858.586 1211870836
590.339 829.556 1211870847
325.307 831.789 1211870907
146.255 1008.21 1211870949
10.6367 1371.1 1211871016
-10.6367 1507.33 1211871041
-15.0687 1534.13 1211871069
-151.573 1527.43 1211871102
-145.369 1531.9 1211871163
-145.369 1527.43 1211871223
-164.869 1473.83 1211871280
-12.4095 986.991 1211871342
40.7741 341.637 1211871417
48.7517 198.728 1211871442
51.4109 252.319 1211871495
343.921 464.451 1211871555
