-7210.82 13325.5 1211749380
-6342.15 12266.6 1211749441
-5644.56 10935 1211749505
-4687.25 9822.73 1211749547
-4324.72 8357.46 1211749616
-3859.36 7237.72 1211749667
-3723.74 5872.34 1211749728
-3584.58 5298.1 1211749801
-3564.19 5269.05 1211749871
-3279.66 4956.25 1211749908
-2067.96 4703.79 1211749968
-1054.81 4522.82 1211750029
-772.05 4316.17 1211750093
-437.879 4364.2 1211750146
-68.2524 4423.41 1211750211
11.5231 4439.05 1211750236
804.846 4567.51 1211750296
1059.24 4186.6 1211750372
1412.91 3817.99 1211750418
1600.83 3440.47 1211750478
2107.85 3503.02 1211750540
2218.65 3595.72 1211750572
2223.08 3593.49 1211750594
2223.96 3593.49 1211750598
2193.83 3459.46 1211750663
2314.38 3237.19 1211750722
2159.26 2938.99 1211750776
2025.41 2875.33 1211750836
2276.26 2935.64 1211750897
2571.43 2987.02 1211750956
2627.27 2874.22 1211751016
2727.44 2804.97 1211751083
2720.34 2807.21 1211751137
2733.64 2819.49 1211751198
2746.05 2835.13 1211751264
2751.37 2856.35 1211751325
2762.01 2863.05 1211751378
2764.66 2853 1211751446
2769.98 2861.93 1211751505
2764.66 2857.46 1211751562
2754.03 2841.83 1211751619
2738.96 2813.91 1211751681
2778.85 2880.92 1211751748
2788.6 2882.03 1211751801
2762.01 2840.71 1211751862
2768.21 2840.71 1211751922
2897.62 2823.96 1211751983
2985.38 2909.96 1211752044
2867.49 3032.81 1211752111
2598.91 3066.31 1211752165
2395.92 3041.74 1211752241
2047.57 2965.8 1211752289
1434.19 2885.38 1211752366
1267.54 2838.48 1211752408
1291.48 2683.24 1211752468
1361.5 2292.37 1211752528
1384.55 2053.39 1211752589
1362.39 1910.45 1211752656
1149.65 1865.78 1211752709
1115.08 1866.9 1211752775
1093.81 1862.43 1211752829
1050.38 1856.85 1211752887
1024.67 1853.5 1211752948
1005.17 1846.8 1211753013
989.216 1849.03 1211753076
978.579 1849.03 1211753109
848.279 1764.16 1211753169
988.33 1639.1 1211753229
1146.99 1663.66 1211753273
1300.34 1764.16 1211753341
1715.17 1760.81 1211753395
2097.21 2033.29 1211753456
2405.67 2315.82 1211753524
2760.23 2693.29 1211753581
2975.63 2897.67 1211753635
2960.56 2895.44 1211753696
2960.56 2895.44 1211753697
2853.3 3030.57 1211753769
2753.14 3406.96 1211753817
2960.56 3462.81 1211753878
3101.49 3356.7 1211753947
2986.26 3316.49 1211753997
2590.04 3252.83 1211754058
2176.98 3199.22 1211754120
1941.2 3174.65 1211754146
1523.71 3099.82 1211754206
1260.45 3059.61 1211754268
1067.22 3205.92 1211754328
530.95 3166.83 1211754405
-155.119 3054.03 1211754447
-999.853 2896.55 1211754507
-1186 2750.25 1211754542
-1647.81 2672.07 1211754604
-1979.32 2651.97 1211754669
-2075.94 2622.93 1211754729
-2458.86 2560.39 1211754788
-2524.45 2553.69 1211754825
-2548.38 2523.54 1211754834
-2466.84 2330.34 1211754902
-1953.61 2356.02 1211754938
-1166.5 2465.47 1211754998
-400.65 2568.21 1211755059
179.938 2682.12 1211755119
377.604 2708.93 1211755207
749.003 2768.12 1211755255
1007.83 2577.14 1211755302
1094.7 2057.85 1211755362
1077.86 1758.58 1211755428
1062.79 1368.87 1211755483
1560.94 1075.2 1211755545
2680.46 775.961 1211755608
2848.87 -387.395 1211755690
2974.74 -1198.97 1211755739
3380.71 -1168.83 1211755751
3381.59 -1167.71 1211755776
3748.56 -1095.15 1211755847
3698.92 -900.916 1211755878
3582.81 -982.407 1211755949
3589.9 -986.872 1211756019
3665.24 -971.244 1211756059
3657.26 -946.685 1211756119
