945.783 -1917.82 1212161312
801.301 -1850.85 1212161379
772.936 -1476.91 1212161440
758.754 -1282.69 1212161486
714.434 -1209.01 1212161506
361.649 -1309.48 1212161567
576.156 -1529.38 1212161633
421.924 -1860.89 1212161687
432.56 -2148.86 1212161747
434.333 -2154.44 1212161792
524.746 -2035.01 1212161852
806.619 -2014.92 1212161913
928.055 -2011.57 1212161945
928.055 -2011.57 1212161947
928.055 -2013.81 1212162007
919.191 -2001.53 1212162051
912.1 -1997.06 1212162118
773.822 -1491.43 1212162216
744.571 -1088.45 1212162276
794.209 -936.638 1212162336
852.711 -933.289 1212162409
918.305 -932.173 1212162456
928.941 -928.824 1212162478
1145.22 -1073.94 1212162546
1168.27 -1335.15 1212162598
1283.5 -1354.13 1212162658
1669.97 -1341.85 1212162718
2112.28 -1329.57 1212162780
2340.97 -1323.99 1212162841
2733.64 -1556.17 1212162923
2517.36 -2724.77 1212162963
2823.17 -3396.62 1212163023
3111.24 -4267.03 1212163083
3209.63 -4673.19 1212163143
3430.35 -5192.02 1212163225
3612.94 -5864.78 1212163275
3878.86 -7358.49 1212163325
4154.53 -8864.19 1212163381
3634.22 -10288.2 1212163434
2636.14 -11432.2 1212163493
2600.68 -12928.2 1212163545
2857.74 -14251.2 1212163622
3121.88 -15501.6 1212163665
3688.29 -16279.4 1212163725
4460.34 -16184.6 1212163785
4400.95 -15847 1212163852
4396.52 -15864.9 1212163875
4400.06 -15847 1212163883
4395.63 -15844.8 1212163938
4393.86 -15858.2 1212164004
4281.29 -15900.5 1212164072
3769.84 -16206.9 1212164141
3032.36 -14986.8 1212164180
2715.91 -13523.4 1212164230
2556.36 -12020.8 1212164285
4166.94 -9388.33 1212164390
4002.96 -7901.69 1212164437
3739.7 -6430.39 1212164488
3458.71 -5196.49 1212164533
2991.58 -3789.43 1212164588
1989.96 -3024.99 1212164646
838.529 -2945.75 1212164775
936.919 -2517.18 1212164827
1023.79 -2060.69 1212164906
1019.35 -2008.23 1212164914
933.373 -1920.05 1212164990
933.373 -1913.35 1212165043
934.26 -1910 1212165149
935.146 -1916.7 1212165199
936.919 -1914.47 1212165245
931.601 -1903.31 1212165305
932.487 -1903.31 1212165332
809.278 -1905.54 1212165373
1010.49 -1981.44 1212165433
1013.15 -1971.39 1212165495
1017.58 -1979.21 1212165564
1024.67 -1979.21 1212165620
1021.13 -1971.39 1212165633
989.216 -1584.07 1212165693
958.192 -1153.2 1212165763
907.668 -550.386 1212165814
879.303 -148.485 1212165885
831.438 489.015 1212165935
804.846 854.12 1212165995
962.624 874.218 1212166056
1320.73 895.432 1212166116
1676.17 927.813 1212166176
1826.86 1189.09 1212166257
2002.37 1396.78 1212166296
2107.85 1499.51 1212166356
2057.32 1591.08 1212166416
1981.98 1457.08 1212166476
2403.9 1100.88 1212166536
2518.25 1003.74 1212166543
2789.48 -291.385 1212166603
2656.52 -1786.11 1212166661
2409.22 -2656.69 1212166701
1166.5 -3154.45 1212166756
483.971 -3268.28 1212166820
127.641 -3468.04 1212166878
-73.5707 -3798.36 1212166946
-396.218 -4520.33 1212166999
-447.629 -4575 1212167060
-485.744 -4611.82 1212167119
-408.628 -4721.17 1212167177
-106.367 -4267.03 1212167237
64.7068 -3980.25 1212167297
333.284 -3571.82 1212167357
641.75 -3186.81 1212167426
1034.42 -2538.39 1212167478
1131.93 -2143.28 1212167539
1263.11 -1891.03 1212167599
1301.23 -1807.31 1212167672
1300.34 -1805.08 1212167720
1301.23 -1802.85 1212167780
1298.57 -1806.2 1212167841
1289.7 -1800.62 1212167881
1276.41 -1796.15 1212167883
1276.41 -1796.15 1212167907
988.33 -1901.07 1212167944
947.556 -1913.35 1212167966
947.556 -1921.16 1212168018
946.669 -1905.54 1212168079
946.669 -1914.47 1212168139
947.556 -1916.7 1212168199
944.01 -1902.19 1212168259
942.237 -1903.31 1212168378
943.124 -1904.42 1212168418
946.669 -1896.61 1212168477
941.351 -1894.38 1212168538
824.347 -1914.47 1212168601
792.437 -1703.51 1212168646
762.299 -1330.69 1212168699
756.981 -1200.08 1212168739
720.639 -778.12 1212168799
686.069 -343.856 1212168859
646.182 107.179 1212168926
626.681 515.811 1212168979
615.158 660.958 1212169004
606.294 791.593 1212169064
708.229 917.764 1212169124
903.236 1119.86 1212169184
1311.86 1625.7 1212169244
1260.45 2012.07 1212169304
1212.59 2218.66 1212169364
1138.13 2764.77 1212169425
1016.69 3491.85 1212169491
907.668 4193.3 1212169546
803.96 4794.27 1212169614
725.071 5218.78 1212169668
662.137 5225.48 1212169731
670.114 5187.5 1212169737
707.343 5110.42 1212169747
462.698 4841.19 1212169814
312.011 4804.33 1212169868
-68.2524 4577.56 1212169934
-32.7966 4436.81 1212169990
-3.54558 4258.09 1212170049
19.5007 4150.85 1212170070
281.873 4158.67 1212170130
337.716 3974.37 1212170196
404.196 3638.16 1212170250
320.875 3339.95 1212170310
282.76 3401.38 1212170341
284.533 3415.9 1212170401
270.35 3414.78 1212170465
274.782 3410.31 1212170521
280.101 3413.66 1212170581
283.646 3417.01 1212170648
280.101 3417.01 1212170702
281.873 3436 1212170761
277.441 3419.25 1212170801
152.46 3312.03 1212170862
-179.052 3154.55 1212170921
-417.492 3065.2 1212170981
-360.763 2761.42 1212171041
-343.035 2592.78 1212171102
-633.772 2560.39 1212171214
-474.221 2192.98 1212171282
-689.615 1969.63 1212171328
-680.751 1977.45 1212171388
-681.637 1977.45 1212171405
-336.83 2062.32 1212171465
178.165 2188.51 1212171526
135.618 2445.36 1212171591
163.097 2667.61 1212171646
237.554 2686.59 1212171719
280.987 2501.2 1212171777
309.352 2287.9 1212171826
-289.851 2178.46 1212171886
-681.637 1971.87 1212171947
-682.524 1970.75 1212171968
-682.524 1970.75 1212171971
-669.228 1812.18 1212172006
-935.146 1567.63 1212172067
-895.258 1342.07 1212172129
-1076.97 1089.72 1212172188
-1331.36 1049.52 1212172249
-1577.78 1009.32 1212172308
-1503.32 580.568 1212172368
-1882.7 413.093 1212172428
-1896 401.928 1212172490
-1909.29 395.229 1212172548
-1907.52 397.462 1212172608
-1910.18 396.345 1212172650
-1939.43 380.714 1212172710
-2115.82 315.958 1212172770
-1936.77 132.857 1212172896
-1935.89 261.251 1212172967
-1546.76 474.5 1212173010
-1536.12 715.668 1212173088
-1603.49 1165.64 1212173130
-1176.25 1281.77 1212173190
-892.599 1400.13 1212173236
-980.352 1927.2 1212173291
-1040.63 2314.7 1212173347
-624.022 2435.31 1212173399
-507.018 2463.23 1212173452
-502.586 2476.63 1212173490
-514.995 2473.28 1212173492
-642.636 2637.45 1212173559
-350.126 2712.28 1212173627
-367.854 2741.31 1212173690
-374.945 2717.86 1212173707
-373.172 2748.02 1212173763
-387.354 2732.38 1212173828
-397.105 2763.65 1212173882
-416.605 3119.92 1212173943
-483.971 3507.48 1212174003
-565.52 3500.78 1212174064
-563.747 3491.85 1212174124
-558.428 3491.85 1212174156
-562.86 3499.67 1212174191
-451.175 3285.22 1212174265
-568.179 3103.17 1212174326
-614.271 3080.83 1212174386
-605.407 3080.83 1212174427
-188.802 3150.08 1212174487
281.873 3227.14 1212174547
726.843 3297.51 1212174607
999.853 3336.6 1212174674
1175.36 3366.75 1212174733
1398.73 3412.55 1212174761
1738.22 3458.34 1212174821
2180.53 3505.25 1212174881
2188.51 3518.65 1212174893
2186.74 3518.65 1212174906
2524.45 3584.55 1212174988
2691.98 3484.03 1212175015
2988.04 3628.11 1212175062
3200.77 3715.23 1212175137
3347.91 3716.35 1212175183
3265.48 3585.67 1212175243
2811.64 3556.63 1212175311
2511.16 3555.51 1212175364
2504.95 3577.85 1212175425
2223.96 3544.34 1212175486
1917.27 3461.69 1212175547
1575.12 3317.61 1212175608
957.306 3224.91 1212175669
279.214 3118.81 1212175733
-530.064 2989.25 1212175794
-1026.44 2595.01 1212175849
-1021.13 2504.55 1212175909
-1287.04 2021 1212175975
-1832.18 1933.9 1212176029
-2034.28 1581.03 1212176089
-2550.16 1497.28 1212176158
-3155.56 1455.96 1212176215
-3621.81 1426.93 1212176270
-4277.74 1392.32 1212176330
-4734.23 1362.17 1212176390
-5182.75 1336.49 1212176458
-5436.26 1292.94 1212176519
-5434.48 1290.7 1212176543
-5074.61 1338.72 1212176603
-4342.45 1382.27 1212176663
-3892.16 1247.16 1212176732
-3717.54 729.067 1212176793
-3674.99 237.805 1212176843
-3665.24 -248.962 1212176911
-3370.07 -184.21 1212176965
-3322.21 -96.0131 1212176986
-2888.76 -200.956 1212177046
-2481.02 -370.649 1212177108
-2209.78 -1134.22 1212177174
-1927.91 -1500.36 1212177243
-1466.1 -1619.79 1212177287
-1429.75 -1623.14 1212177347
-686.956 -1576.26 1212177416
-829.665 -1741.46 1212177469
-829.665 -1742.57 1212177529
-522.973 -1728.06 1212177580
-508.79 -1714.67 1212177582
-52.2973 -1620.91 1212177642
202.098 -1887.68 1212177702
754.322 -1839.68 1212177776
935.146 -1917.82 1212177823
934.26 -1916.7 1212177883
934.26 -1916.7 1212177944
936.033 -1920.05 1212178010
936.919 -1921.16 1212178064
936.919 -1920.05 1212178125
936.033 -1915.58 1212178209
935.146 -1914.47 1212178246
935.146 -1914.47 1212178305
774.709 -1542.77 1212178365
745.458 -1129.76 1212178425
702.024 -760.259 1212178486
655.932 -680.999 1212178521
657.705 -678.766 1212178580
658.591 -683.232 1212178586
691.388 -765.841 1212178648
692.274 -444.33 1212178707
660.364 -65.8696 1212178772
638.204 292.512 1212178826
616.044 601.782 1212178886
600.089 788.243 1212178946
580.588 1061.8 1212179007
634.658 1228.17 1212179040
578.816 1606.71 1212179099
496.381 2160.59 1212179169
484.858 2275.62 1212179220
422.81 2619.58 1212179281
400.65 2752.48 1212179341
354.558 3024.99 1212179401
330.625 3102.05 1212179461
289.851 3313.14 1212179529
285.419 3413.66 1212179588
288.078 3413.66 1212179642
288.078 3414.78 1212179712
286.305 3418.13 1212179773
286.305 3419.25 1212179799
282.76 3421.48 1212179865
281.873 3417.01 1212179919
280.101 3415.9 1212179994
285.419 3414.78 1212180040
286.305 3414.78 1212180113
285.419 3413.66 1212180128
285.419 3412.55 1212180141
288.078 3404.73 1212180187
265.032 3520.89 1212180264
420.151 3462.81 1212180306
420.151 3461.69 1212180333
454.72 3267.35 1212180387
663.023 3076.37 1212180463
913.873 3115.46 1212180472
954.647 2949.04 1212180526
1051.26 2339.27 1212180586
1097.36 2017.65 1212180646
1120.4 1902.63 1212180707
1136.36 1825.58 1212180761
1083.17 1761.93 1212180811
1058.35 1763.05 1212180826
1021.13 1756.35 1212180858
594.771 1688.23 1212180891
506.131 2144.96 1212180950
424.583 2597.25 1212181010
378.49 2928.94 1212181070
358.103 3002.65 1212181091
178.165 3223.79 1212181170
150.687 3353.35 1212181231
117.004 3477.33 1212181317
272.123 3436 1212181377
545.133 3581.2 1212181438
932.487 3638.16 1212181505
1136.36 3672.79 1212181558
1414.69 3726.4 1212181624
1906.63 3795.65 1212181678
2225.74 3747.62 1212181739
2231.05 3748.74 1212181799
2400.36 3795.65 1212181860
2507.61 3802.36 1212181920
2696.41 3821.34 1212181992
2723 3782.25 1212182049
2870.15 3834.75 1212182075
2871.92 3835.86 1212182079
2943.72 3736.45 1212182139
2762.89 3700.71 1212182204
2456.2 3639.28 1212182266
2025.41 3526.47 1212182322
1892.45 3389.09 1212182371
1253.36 3279.64 1212182431
967.056 3232.73 1212182496
631.113 3080.83 1212182551
611.612 2868.63 1212182611
597.43 2847.41 1212182624
372.286 2927.82 1212182688
331.512 3110.99 1212182745
280.101 3410.31 1212182805
288.078 3443.82 1212182882
287.192 3425.95 1212182926
294.283 3441.59 1212182987
283.646 3451.64 1212183031
285.419 3391.33 1212183092
319.102 3136.68 1212183157
350.126 2976.97 1212183226
421.037 2544.76 1212183274
479.539 2196.33 1212183332
550.451 1747.41 1212183393
579.702 1552 1212183461
624.908 1266.14 1212183521
582.361 971.359 1212183574
620.476 436.539 1212183636
668.341 -146.252 1212183697
691.388 -522.476 1212183764
731.275 -992.453 1212183822
272.123 -1066.13 1212183877
151.573 -1038.22 1212183938
153.346 -1035.99 1212183998
150.687 -1039.34 1212184058
154.233 -1034.87 1212184118
152.46 -1039.34 1212184178
148.914 -1044.92 1212184246
136.505 -931.057 1212184298
524.746 -859.612 1212184371
658.591 -684.348 1212184419
659.477 -684.348 1212184484
662.137 -713.373 1212184531
664.796 -741.281 1212184534
721.525 -924.359 1212184595
941.351 -1146.5 1212184654
988.33 -1715.79 1212184714
1015.81 -2002.65 1212184775
1170.04 -2012.69 1212184835
1182.45 -2014.92 1212184896
1175.36 -2021.62 1212184963
1193.09 -1686.76 1212185017
1237.41 -1355.24 1212185077
1523.71 -1340.73 1212185138
1978.43 -1326.22 1212185205
2425.18 -1317.29 1212185259
3105.04 -1191.15 1212185318
3748.56 -1133.11 1212185378
3642.19 -937.754 1212185447
3643.08 -937.754 1212185499
3642.19 -937.754 1212185553
3643.08 -937.754 1212185609
3643.08 -938.871 1212185683
3644.85 -938.871 1212185728
3644.85 -938.871 1212185782
3644.85 -939.987 1212185852
3643.08 -941.103 1212185905
3666.13 -944.452 1212185965
3588.12 -947.801 1212186024
3586.35 -953.383 1212186151
3586.35 -953.383 1212186202
3592.56 -954.499 1212186264
