2086.57 5209.84 1211766385
2086.57 5209.84 1211766472
2086.57 5209.84 1211766502
2437.58 4327.34 1211766671
2437.58 4327.34 1211766684
2437.58 4327.34 1211766843
2437.58 4327.34 1211766924
2890.53 3811.29 1211766926
2927.76 3610.24 1211766998
2927.76 3610.24 1211767022
2980.06 3356.7 1211767058
2980.06 3237.19 1211767118
3021.72 2945.69 1211767178
2822.28 2767 1211767238
2816.96 2769.24 1211767287
2759.35 2740.2 1211767347
2970.31 2877.57 1211767407
3225.59 2920.01 1211767474
3069.58 2827.31 1211767528
2671.59 2875.33 1211767599
2483.68 2698.88 1211767659
2270.06 2500.09 1211767719
2270.06 2500.09 1211767735
2218.65 2567.09 1211767752
2218.65 2567.09 1211767824
2218.65 2567.09 1211767909
2701.73 3895.06 1211767992
2701.73 3895.06 1211768019
2701.73 3895.06 1211768041
2701.73 3895.06 1211768085
2701.73 3895.06 1211768138
2257.65 4490.43 1211768232
1942.09 4762.99 1211768238
1939.43 4765.23 1211768239
1939.43 4765.23 1211768283
1939.43 4765.23 1211768331
1939.43 4765.23 1211768356
1672.63 5015.46 1211768375
1871.18 5166.27 1211768436
1974 4968.54 1211768485
2080.37 4637.88 1211768615
2144.19 4873.59 1211768658
2088.35 5193.08 1211768693
2005.91 5305.92 1211768786
1974.89 5292.51 1211768794
1777.22 5244.47 1211768865
1558.28 5118.24 1211768935
1370.37 5104.83 1211768968
1225 5066.85 1211769053
930.714 4931.68 1211769090
971.488 4645.7 1211769150
1008.72 4431.23 1211769211
1096.47 3890.6 1211769271
1131.04 3707.41 1211769332
1142.56 3618.06 1211769369
1034.42 3475.09 1211769428
897.031 3337.71 1211769498
934.26 2903.25 1211769554
609.839 2853 1211769609
608.067 2854.11 1211769646
606.294 2855.23 1211769654
376.718 2913.31 1211769707
688.728 2971.38 1211769778
1240.07 2947.93 1211769827
1217.91 3227.14 1211769867
1294.14 3384.62 1211769927
1591.08 3428.18 1211769987
1864.97 3276.29 1211770049
2494.31 3365.64 1211770108
2491.65 3367.87 1211770117
2793.92 3390.21 1211770186
2709.71 4026.87 1211770238
2402.13 4359.74 1211770299
2394.15 4376.49 1211770323
2393.26 4377.61 1211770331
2394.15 4376.49 1211770339
1759.49 4927.21 1211770405
1693.01 5136.11 1211770460
1724.04 5161.8 1211770507
1724.04 5161.8 1211770528
1647.81 5168.51 1211770530
1880.93 5276.87 1211770607
2361.35 5338.31 1211770710
2301.97 5383 1211770772
2287.78 5384.12 1211770832
2288.67 5383 1211770893
2277.15 5390.82 1211770953
2278.03 5390.82 1211770992
2215.1 5390.82 1211771058
2216.87 5370.71 1211771112
2255.87 5366.24 1211771179
2286.01 5364.01 1211771239
2541.29 5248.94 1211771314
2805.44 5061.26 1211771419
2943.72 4930.56 1211771450
3153.79 3796.77 1211771571
3222.04 3623.64 1211771657
3398.44 3762.14 1211771714
3387.8 3768.85 1211771715
3392.23 3804.59 1211771717
3377.16 3815.76 1211771778
3368.3 3799 1211771842
3370.96 3825.81 1211771958
3366.53 3840.33 1211772035
3440.1 3616.94 1211772137
3458.71 3904 1211772178
3495.05 3889.48 1211772240
2942.83 3537.64 1211772314
2328.56 3460.57 1211772358
1483.82 3323.19 1211772426
838.529 3234.96 1211772482
46.0925 3098.7 1211772546
-573.497 3079.72 1211772601
-585.02 3207.04 1211772675
-816.369 3452.75 1211772736
-816.369 3454.99 1211772770
-849.166 3453.87 1211772772
-723.298 3178 1211772837
-429.015 3141.14 1211772892
-319.988 2914.42 1211772953
-199.439 2920.01 1211772974
101.049 2972.5 1211772998
870.439 3099.82 1211773058
971.488 3104.29 1211773089
1190.43 3353.35 1211773152
1191.31 3355.58 1211773161
1507.76 3421.48 1211773216
2045.8 3527.59 1211773276
2200.92 3516.42 1211773343
2254.1 3138.91 1211773400
2223.96 2973.61 1211773458
2106.07 2987.02 1211773520
2099.87 2985.9 1211773526
2079.48 2994.84 1211773586
2098.1 2990.37 1211773646
2000.59 2966.91 1211773706
2095.44 3027.22 1211773766
2391.49 3180.23 1211773826
2364.9 3107.64 1211773886
2401.24 3129.97 1211773914
2657.41 2811.67 1211773974
3050.08 2454.3 1211774035
3408.19 2096.94 1211774103
3740.58 1735.13 1211774159
4072.1 1340.95 1211774217
4135.03 480.083 1211774284
4140.35 474.5 1211774306
4140.35 475.616 1211774307
3976.37 457.752 1211774328
3097.95 529.209 1211774449
2505.84 487.898 1211774509
2017.43 593.967 1211774571
1450.14 553.772 1211774703
1238.29 539.257 1211774750
1238.29 538.141 1211774769
1209.93 693.337 1211774829
1185.11 1036.12 1211774883
1162.95 1243.81 1211774942
1233.86 1457.08 1211775020
1278.18 1769.75 1211775077
1194.86 2340.39 1211775117
1418.23 2559.28 1211775183
1591.08 2584.96 1211775245
1746.2 2616.23 1211775299
1745.31 2615.12 1211775337
1745.31 2614 1211775339
1816.22 2628.52 1211775399
1880.04 3054.03 1211775460
2240.81 3134.44 1211775527
2588.27 2943.46 1211775580
2773.53 2750.25 1211775646
2908.26 2995.95 1211775703
2582.07 2783.75 1211775762
2526.22 2741.31 1211775789
2270.06 2500.09 1211775846
2074.16 2287.9 1211775912
1917.27 2147.19 1211775943
1503.32 1924.97 1211776005
1250.7 2044.45 1211776063
1238.29 2122.62 1211776139
1235.63 2123.74 1211776144
1156.74 2606.18 1211776209
1233.86 2966.91 1211776266
1226.77 3166.83 1211776324
1360.62 3104.29 1211776391
1530.8 2998.19 1211776444
1673.51 3017.17 1211776471
1825.97 3138.91 1211776531
2254.1 3331.01 1211776591
2488.11 3576.73 1211776659
2491.65 3575.62 1211776711
2442.02 3590.14 1211776749
2434.04 3585.67 1211776750
2743.39 3625.88 1211776811
2771.76 3626.99 1211776845
2518.25 3691.78 1211776905
1947.41 3601.31 1211776966
1618.56 3561.1 1211777026
1327.82 3501.9 1211777086
1042.4 3458.34 1211777146
1008.72 3554.39 1211777206
849.166 3625.88 1211777266
484.858 3755.44 1211777340
384.695 3763.26 1211777374
361.649 3817.99 1211777376
860.689 3936.39 1211777448
2403.02 4185.48 1211777556
2645.89 4136.33 1211777634
2711.48 4077.13 1211777666
2882.55 3869.37 1211777754
2910.92 3737.57 1211777787
2968.53 3701.83 1211777847
2980.06 3339.95 1211777908
2992.47 3229.38 1211777978
3016.4 3055.14 1211778027
3016.4 3052.91 1211778034
2925.99 2959.1 1211778100
2636.14 2877.57 1211778152
2326.79 2568.21 1211778220
1958.05 2322.52 1211778273
1853.45 3002.65 1211778342
1994.39 3085.3 1211778389
2377.31 3146.73 1211778451
2823.17 2625.17 1211778579
3018.17 2122.62 1211778688
2678.68 1789.85 1211778749
2378.2 1491.7 1211778801
2065.3 1183.51 1211778874
2072.39 593.967 1211778921
2473.93 626.346 1211778984
2840.89 654.259 1211779021
2929.53 580.568 1211779053
2930.42 574.986 1211779055
2883.44 660.958 1211779127
2885.21 630.812 1211779182
2493.43 630.812 1211779235
1978.43 586.151 1211779296
1643.38 564.937 1211779356
1443.05 552.656 1211779431
1393.41 562.704 1211779573
273.009 458.869 1211779613
-112.572 247.853 1211779679
-176.392 251.202 1211779740
-195.893 250.086 1211779744
-54.9565 72.5688 1211779802
65.5932 90.432 1211779859
117.89 270.183 1211779916
197.666 433.189 1211779972
201.212 459.985 1211780045
8.86394 748.048 1211780101
-29.251 1040.59 1211780152
-123.209 1238.22 1211780212
-192.348 1694.93 1211780284
-226.917 1914.92 1211780300
-227.803 1913.8 1211780302
-157.778 2093.59 1211780363
-245.531 1978.57 1211780422
-166.642 1496.16 1211780483
-125.868 1351 1211780544
-107.254 1155.6 1211780734
-1.77279 832.905 1211780824
369.626 1530.78 1211780905
776.482 1591.08 1211780967
1264 1950.65 1211781021
1147.88 2662.02 1211781082
1092.04 3361.17 1211781135
1330.48 3394.68 1211781186
1331.36 3395.79 1211781189
1380.12 3234.96 1211781250
1347.32 3204.8 1211781315
1411.14 2886.5 1211781370
1450.14 2681.01 1211781437
1558.28 2210.85 1211781498
1555.62 1882.53 1211781551
1655.78 1594.43 1211781612
1406.71 753.63 1211781747
1454.57 73.6853 1211781793
1482.05 -339.39 1211781861
1481.17 -342.739 1211781879
1454.57 161.885 1211781948
1427.98 486.782 1211782020
1396.07 1090.83 1211782062
1501.55 1394.55 1211782129
1843.7 1760.81 1211782179
1925.25 1860.2 1211782207
1531.69 1464.9 1211782274
1526.37 1472.71 1211782327
1366.82 1294.05 1211782387
1398.73 731.3 1211782448
1390.75 721.251 1211782473
1026.44 707.852 1211782523
678.092 674.356 1211782583
602.748 792.71 1211782644
616.931 838.488 1211782669
748.117 966.893 1211782697
1000.74 1215.89 1211782738
1576.01 1805.48 1211782851
1736.45 1709.45 1211782911
2093.66 1481.65 1211782971
2549.27 1937.25 1211783031
3040.33 2426.38 1211783093
3700.7 3094.23 1211783220
3799.09 3157.9 1211783271
3992.32 3092 1211783332
3994.09 3097.59 1211783354
3872.66 3299.74 1211783396
3397.55 3062.96 1211783457
2902.06 2553.69 1211783543
2539.52 2205.26 1211783587
2281.58 1932.78 1211783641
1668.19 1304.1 1211783703
1527.26 1473.83 1211783767
1366.82 1305.22 1211783823
1402.28 739.115 1211783901
1419.12 510.228 1211783935
1470.53 -146.252 1211783980
1489.14 -353.903 1211784017
1489.14 -363.951 1211784024
1500.67 -639.694 1211784086
1529.03 -896.451 1211784139
1559.17 -1290.5 1211784167
1835.72 -1331.8 1211784250
2518.25 -1290.5 1211784289
3397.55 -1167.71 1211784360
3740.58 -956.732 1211784414
3583.69 -971.244 1211784467
