-627.567 4328.46 1211697638
720.639 4375.37 1211697754
757.867 4154.2 1211697808
880.19 3466.16 1211697868
1158.52 3377.92 1211697931
1320.73 3396.91 1211697989
1744.42 3465.04 1211698050
2167.23 3528.71 1211698110
2697.3 3624.76 1211698170
2980.94 3689.54 1211698231
2980.94 3689.54 1211698243
2548.38 3099.82 1211698498
2543.95 2209.73 1211698671
2194.71 2179.58 1211698896
2533.32 2471.05 1211698937
3019.95 2905.49 1211699059
2972.97 2961.33 1211699108
2857.74 3117.69 1211699173
2783.28 3852.62 1211699233
2642.34 4153.09 1211699288
2512.93 4338.51 1211699348
2675.14 4433.46 1211699413
2680.46 4452.45 1211699471
2703.5 4454.68 1211699485
2801.89 4368.67 1211699527
2944.6 4383.19 1211699570
3112.13 4016.81 1211699631
3160.88 3764.38 1211699699
3042.11 3681.72 1211699746
2531.54 3596.84 1211699812
1950.95 3503.02 1211699882
1647.81 3494.08 1211699890
1214.36 3381.27 1211699951
1225 3030.57 1211700039
1234.75 2532.47 1211700318
1217.02 2522.42 1211700366
1236.52 2534.71 1211700486
1231.2 2532.47 1211700553
1201.06 2513.49 1211700672
1216.13 2525.77 1211700787
1217.91 2528.01 1211700863
1212.59 2524.66 1211700908
1209.93 2523.54 1211700979
782.686 2357.14 1211701104
472.448 2206.38 1211701182
376.718 1794.31 1211701235
339.489 1739.6 1211701258
406.855 1735.13 1211701318
396.218 1718.38 1211701384
397.991 1716.15 1211701446
397.105 1716.15 1211701521
400.65 1710.56 1211701567
394.446 1716.15 1211701623
394.446 1715.03 1211701683
394.446 1713.91 1211701743
395.332 1713.91 1211701805
397.105 1713.91 1211701869
398.877 1710.56 1211701924
392.673 1726.2 1211701988
401.537 1720.61 1211702046
396.218 1716.15 1211702105
395.332 1715.03 1211702145
395.332 1720.61 1211702201
399.764 1723.96 1211702261
399.764 1719.5 1211702337
397.105 1719.5 1211702385
397.105 1720.61 1211702455
536.269 1564.28 1211702630
571.724 1583.26 1211702682
711.775 1585.5 1211702726
1170.93 1577.68 1211702789
1188.65 1470.48 1211702841
1174.47 1115.4 1211702907
1203.72 735.766 1211702962
1209.04 650.909 1211702989
1229.43 376.248 1211703048
