2307.28 3000.42 1212850226
2316.15 2927.82 1212850281
2316.15 2895.44 1212850346
2364.01 2914.42 1212850402
2334.76 2901.02 1212850462
2352.49 2904.37 1212850522
2385.29 2915.54 1212850582
2374.65 2915.54 1212850644
2360.47 2898.79 1212850703
2361.35 2897.67 1212850764
2332.99 2885.38 1212850829
2311.72 2837.36 1212850885
2315.26 2842.95 1212850946
2318.81 2837.36 1212851007
2348.06 2839.59 1212851068
2356.04 2845.18 1212851127
2331.22 2842.95 1212851188
2324.13 2847.41 1212851248
2322.35 2840.71 1212851309
2336.54 2829.54 1212851369
2354.26 2820.61 1212851434
2356.92 2819.49 1212851491
2354.26 2820.61 1212851568
2333.88 2819.49 1212851612
2371.11 2825.08 1212851692
2388.83 2825.08 1212851732
2316.15 2827.31 1212851794
2339.19 2831.78 1212851853
2348.95 2829.54 1212851915
2364.9 2829.54 1212851974
2365.79 2810.56 1212852012
2361.35 2660.9 1212852067
2582.95 2505.67 1212852127
2916.24 2302.42 1212852195
3440.98 2820.61 1212852247
3586.35 2944.58 1212852308
3694.49 2988.13 1212852368
3694.49 2987.02 1212852380
3702.47 2820.61 1212852429
3593.44 2707.81 1212852501
3238.89 2667.61 1212852550
2976.51 2920.01 1212852599
2874.58 3135.56 1212852659
2507.61 3258.42 1212852724
2358.7 3222.67 1212852779
2436.7 3066.31 1212852839
2333.88 3041.74 1212852903
1821.54 2945.69 1212852965
1415.57 2871.98 1212853026
1378.34 3064.08 1212853080
1335.8 3346.65 1212853138
1590.19 3434.88 1212853198
1989.07 3498.55 1212853258
2168.12 3524.24 1212853318
2167.23 3524.24 1212853380
2167.23 3523.12 1212853439
2177.87 3522 1212853469
2176.1 3524.24 1212853529
2193.83 3527.59 1212853589
2103.41 3628.11 1212853654
1997.93 3872.72 1212853709
1996.16 3880.54 1212853721
2012.12 3803.47 1212853773
2301.08 3757.68 1212853848
2479.25 3689.54 1212853957
2583.84 3192.52 1212854019
2570.54 2979.2 1212854075
2610.43 2918.89 1212854126
2612.2 2911.07 1212854128
2774.41 2746.9 1212854190
2960.56 2898.79 1212854252
2928.65 2973.61 1212854311
2924.22 2957.98 1212854372
2933.08 2942.34 1212854431
2927.76 2945.69 1212854500
2929.53 2951.28 1212854552
2938.4 2937.88 1212854617
2953.47 2921.12 1212854673
2944.6 2932.29 1212854734
2941.94 2934.53 1212854794
2945.49 2932.29 1212854862
2947.26 2930.06 1212854915
2938.4 2937.88 1212854976
2949.03 2925.59 1212855037
2947.26 2927.82 1212855108
2946.38 2933.41 1212855175
2947.26 2927.82 1212855228
2949.03 2923.36 1212855297
2944.6 2934.53 1212855321
2949.03 2920.01 1212855381
2944.6 2926.71 1212855443
2949.92 2916.66 1212855509
2971.19 2941.23 1212855563
2965.88 2942.34 1212855618
2973.85 2931.17 1212855678
2970.31 2932.29 1212855710
2970.31 2935.64 1212855769
2967.65 2946.81 1212855835
2962.33 2947.93 1212855890
2969.42 2942.34 1212855952
2745.16 3080.83 1212856040
2286.9 3075.25 1212856100
1966.91 3023.87 1212856169
1965.14 3021.64 1212856176
1661.99 2916.66 1212856233
1421.78 2820.61 1212856296
1676.17 2815.02 1212856364
1864.97 2846.3 1212856415
2136.21 2896.55 1212856475
2132.67 2894.32 1212856537
2136.21 2882.03 1212856598
2133.55 2905.49 1212856656
2134.44 2908.84 1212856716
2143.3 2839.59 1212856785
2130.89 2904.37 1212856837
2131.78 2911.07 1212856898
2137.1 2893.2 1212856963
2134.44 2899.9 1212857018
2144.19 2932.29 1212857088
2145.96 2915.54 1212857207
2153.05 2897.67 1212857259
2168.12 2877.57 1212857319
2220.42 2760.3 1212857384
2239.92 2875.33 1212857478
2476.59 2868.63 1212857538
2457.97 3117.69 1212857600
2354.26 3478.44 1212857664
2230.17 3552.16 1212857719
2214.21 3597.95 1212857786
2167.23 3538.76 1212857835
1595.51 3434.88 1212857895
1309.2 3468.39 1212857956
1198.41 3476.21 1212858021
1183.34 3368.99 1212858079
1275.52 2768.12 1212858148
1712.51 2806.09 1212858202
1762.15 2500.09 1212858267
1354.41 2430.85 1212858323
1178.9 2506.79 1212858378
1035.31 3339.95 1212858435
846.507 3746.51 1212858506
380.263 3675.02 1212858566
96.617 3625.88 1212858623
110.799 3644.87 1212858707
83.3211 3711.88 1212858747
17.7279 4063.73 1212858824
174.62 4146.39 1212858893
543.36 4208.94 1212858937
996.307 4277.08 1212859002
1084.06 3986.66 1212859061
1582.21 4033.57 1212859119
2514.7 4200 1212859184
2606.89 4187.71 1212859240
2707.05 4109.52 1212859299
2877.24 3928.57 1212859362
2877.24 3928.57 1212859364
3047.42 3870.49 1212859473
