2967.65 367.316 1212506460
2556.36 483.432 1212506518
2263.85 467.801 1212506567
2086.57 263.484 1212506627
2036.93 59.1714 1212506687
2052 -132.855 1212506707
2073.28 -451.029 1212506746
2104.3 -832.821 1212506805
1690.35 -869.659 1212506854
1532.58 -869.659 1212506909
1775.45 -685.464 1212506972
1899.54 -616.251 1212507044
1867.63 -168.58 1212507090
1822.43 379.598 1212507150
1988.18 590.617 1212507212
1975.77 953.494 1212507272
2400.36 957.96 1212507332
2464.18 1016.02 1212507392
2690.21 1256.09 1212507455
2839.12 1472.71 1212507517
2839.12 1471.6 1212507577
2838.23 1471.6 1212507632
2836.46 1476.06 1212507670
2760.23 1554.23 1212507737
2534.2 1783.15 1212507801
2378.2 1943.95 1212507853
1985.52 2208.61 1212507915
1794.06 2005.37 1212507975
1814.45 2017.65 1212508036
1824.2 2026.59 1212508069
1958.05 1966.28 1212508118
2220.42 1701.63 1212508178
2358.7 1566.51 1212508240
2496.09 1423.58 1212508299
2665.39 1224.82 1212508363
2563.45 1132.15 1212508381
2444.68 1208.08 1212508441
2226.62 1420.23 1212508502
2091.89 1554.23 1212508568
1966.91 1629.05 1212508624
1794.06 1460.43 1212508684
1691.24 1335.37 1212508737
1529.92 1418 1212508801
1953.61 1888.11 1212508863
2520.02 2446.48 1212508989
2529.77 2463.23 1212509037
2551.93 2479.98 1212509102
2497.86 2668.72 1212509220
2624.61 2830.66 1212509281
2837.35 3021.64 1212509339
2942.83 3162.36 1212509398
3095.29 3343.3 1212509458
3109.47 3361.17 1212509518
3232.68 3540.99 1212509603
3426.8 3632.58 1212509674
3611.17 3830.28 1212509789
3565.08 3773.31 1212509852
3669.67 3643.75 1212509912
3752.99 3858.2 1212509971
3607.63 4048.09 1212510027
3569.51 4073.78 1212510094
3667.01 3886.13 1212510114
3849.61 3508.6 1212510168
3643.97 3339.95 1212510233
3628.01 3259.53 1212510295
3542.03 3166.83 1212510349
2851.53 2505.67 1212510469
2352.49 2014.3 1212510542
1903.09 1563.16 1212510590
2223.96 695.571 1212510716
2239.03 489.015 1212510775
2293.99 322.657 1212510812
2335.65 324.89 1212510877
2128.23 175.283 1212510937
2010.34 224.407 1212510996
1889.79 221.058 1212511031
1711.63 212.126 1212511092
1472.3 185.331 1212511152
1438.62 384.064 1212511212
1424.44 422.025 1212511261
1424.44 518.044 1212511321
1552.96 553.772 1212511381
1975.77 592.85 1212511443
2446.45 620.763 1212511501
2488.11 622.996 1212511561
2845.33 523.626 1212511623
3362.09 497.947 1212511683
3393.12 102.713 1212511744
3392.23 106.062 1212511797
3504.8 -15.6301 1212511857
3526.08 -13.3972 1212511861
3768.06 -284.687 1212511921
3808.84 -840.635 1212511985
3747.68 -1005.85 1212512042
3660.81 -990.221 1212512111
3613.83 -987.988 1212512361
3575.72 -1092.92 1212512398
3000.45 -1195.62 1212512459
2416.31 -1307.24 1212512523
2044.03 -1320.64 1212512588
1715.17 -1332.92 1212512649
1591.08 -1338.5 1212512665
1395.18 -1634.3 1212512725
1253.36 -1901.07 1212512787
1183.34 -2013.81 1212512837
1184.22 -2012.69 1212512898
1187.77 -2013.81 1212512963
1191.31 -2018.27 1212512988
1191.31 -2019.39 1212513047
1145.22 -2122.07 1212513137
1007.83 -2635.49 1212513192
596.543 -3282.79 1212513252
1151.43 -3282.79 1212513312
1465.21 -3319.61 1212513377
1947.41 -3248.19 1212513455
1948.29 -3248.19 1212513487
1721.38 -3329.66 1212513543
1274.64 -3229.22 1212513603
1274.64 -3229.22 1212513616
846.507 -3254.89 1212513668
536.269 -3226.99 1212513723
253.509 -2998.2 1212513783
-555.769 -3461.34 1212513843
-1167.38 -4816.01 1212513899
-2470.38 -5534.55 1212513966
-3190.13 -6855.41 1212514002
-3183.93 -8404.7 1212514053
-2801.01 -9894.6 1212514111
-2504.95 -9849.99 1212514171
-2093.66 -9400.6 1212514232
-2024.52 -9465.28 1212514251
-2025.41 -9466.39 1212514285
-2025.41 -9467.51 1212514287
-2005.91 -9457.47 1212514347
-2009.46 -9459.7 1212514407
-2009.46 -9459.7 1212514474
-2008.57 -9458.59 1212514529
-2006.8 -9450.78 1212514590
-2006.8 -9455.24 1212514650
-2005.91 -9453.01 1212514711
-2006.8 -9453.01 1212514771
-2008.57 -9456.36 1212514832
-2008.57 -9456.36 1212514892
-2006.8 -9454.13 1212514953
-2007.68 -9454.13 1212515013
-2327.67 -9586.83 1212515074
-2460.63 -9703.92 1212515086
-2527.11 -9947.01 1212515146
-2977.4 -9490.93 1212515211
-3098.83 -8012.11 1212515257
-3166.2 -6514.06 1212515307
-3144.93 -5236.65 1212515368
-3771.61 -5086.03 1212515428
-4374.36 -4647.53 1212515488
-4323.83 -3892.1 1212515569
-4473.63 -3281.67 1212515629
-4168.71 -3101.99 1212515689
-3779.59 -3191.28 1212515749
-3779.59 -3190.16 1212515809
-3780.47 -3190.16 1212515869
-3779.59 -3190.16 1212515929
-3778.7 -3191.28 1212515989
-3778.7 -3192.39 1212516050
-3778.7 -3192.39 1212516109
-3778.7 -3192.39 1212516170
-3780.47 -3194.62 1212516230
-3780.47 -3193.51 1212516291
-3780.47 -3193.51 1212516351
-3779.59 -3193.51 1212516396
-3777.81 -3145.52 1212516440
-3644.85 -2856.47 1212516500
-3244.2 -2848.65 1212516560
-3221.16 -2846.42 1212516620
-2844.44 -2499.32 1212516680
-2519.13 -2260.48 1212516740
-1746.2 -1943.49 1212516800
-1509.53 -1695.69 1212516861
-1087.61 -1540.54 1212516921
-637.318 -928.824 1212516987
-791.55 -166.348 1212517065
62.0476 288.046 1212517207
520.314 740.232 1212517271
577.043 799.409 1212517327
795.096 1014.91 1212517387
1311.86 1528.55 1212517447
1286.16 1804.36 1212517507
1195.75 2375.01 1212517567
1149.65 2703.34 1212517627
1272.86 2950.16 1212517731
2131.78 3077.48 1212517870
2452.65 3122.16 1212517930
2452.65 3122.16 1212517951
2644.11 3300.86 1212518000
2640.57 3319.84 1212518041
2640.57 3319.84 1212518044
2405.67 3257.3 1212518257
2434.04 3195.87 1212518323
2437.58 3065.2 1212518378
2043.14 2899.9 1212518453
1747.08 2794.92 1212518499
1556.51 2488.92 1212518559
1484.71 2286.78 1212518621
1522.83 2300.19 1212518682
1516.62 2292.37 1212518722
1460.78 2236.53 1212518783
1528.14 2286.78 1212518843
1531.69 2292.37 1212518873
1526.37 2287.9 1212518934
1523.71 2285.67 1212519045
1523.71 2281.2 1212519100
1520.17 2278.97 1212519160
1486.48 2252.17 1212519221
1440.39 2211.96 1212519280
1417.34 2194.1 1212519346
1526.37 2284.55 1212519401
1519.28 2173.99 1212519450
1574.24 1933.9 1212519506
1840.15 2055.62 1212519566
2097.21 2299.07 1212519638
2292.22 2502.32 1212519687
2393.26 2607.3 1212519757
2420.74 2630.75 1212519795
2418.97 2622.93 1212519808
2574.09 2770.35 1212519861
2682.23 2889.85 1212519930
2998.67 3209.27 1212520051
3147.59 3233.84 1212520097
3284.98 2960.21 1212520146
3450.73 2874.22 1212520206
3699.81 2554.81 1212520272
3690.95 2259.98 1212520340
3456.05 2024.35 1212520375
3455.17 2024.35 1212520377
3620.92 2177.34 1212520437
3675.88 2237.65 1212520503
3562.42 2347.09 1212520563
3610.28 2686.59 1212520623
3293.84 3019.41 1212520694
3218.5 3161.25 1212520751
3418.82 3265.12 1212520799
3625.35 3668.32 1212520873
3541.15 3370.1 1212520918
3364.75 3436 1212520983
2802.78 3415.9 1212521038
3145.81 3148.96 1212521103
3183.04 3131.09 1212521158
3183.04 3131.09 1212521172
3195.45 3144.49 1212521220
3201.66 3161.25 1212521279
3201.66 3163.48 1212521341
3199 3163.48 1212521394
3215.84 3154.55 1212521454
3401.1 3373.45 1212521519
3676.76 3534.29 1212521574
3718.42 3764.38 1212521637
3909 3954.26 1212521705
3904.57 3967.67 1212521755
3903.68 3969.9 1212521820
3865.57 3993.36 1212521879
3942.68 3929.69 1212521937
3939.14 3924.1 1212521997
3948.89 3910.7 1212522058
3963.96 3907.35 1212522128
3760.09 4041.39 1212522183
3756.54 4044.74 1212522186
3941.8 3900.65 1212522256
4083.62 3694.01 1212522305
4260.01 3347.77 1212522365
4197.08 2404.04 1212522425
3853.16 1996.43 1212522485
3367.41 1055.1 1212522547
3831.88 -387.395 1212522600
3492.39 -1846.38 1212522654
2784.16 -3160.03 1212522714
3196.34 -4586.16 1212522768
3643.08 -6036.59 1212522819
3904.57 -7495.69 1212522864
4171.37 -8973.48 1212522918
2613.09 -11491.3 1212523015
2603.34 -13002.9 1212523072
2885.21 -14466.3 1212523136
3237.11 -15949.5 1212523188
4027.78 -16189.1 1212523249
4449.7 -16225.9 1212523286
4448.81 -16222.5 1212523386
4458.56 -16204.7 1212523410
4348.65 -15882.7 1212523470
3497.71 -16262.6 1212523530
2991.58 -14805.1 1212523588
2670.71 -13346.2 1212523651
2551.04 -11844.7 1212523696
3409.07 -10607.1 1212523750
4188.21 -9305.81 1212523815
3989.66 -7822.5 1212523851
3726.4 -6356.77 1212523898
3264.59 -4836.1 1212523953
2819.62 -3326.31 1212524010
2480.13 -2595.31 1212524073
2108.73 -2841.96 1212524129
1687.7 -2817.41 1212524190
1676.17 -2872.09 1212524257
1677.06 -2872.09 1212524315
1677.94 -2878.79 1212524375
1677.94 -2877.67 1212524431
1677.94 -2876.56 1212524491
1677.94 -2874.32 1212524552
1677.06 -2873.21 1212524610
1677.06 -2873.21 1212524671
1677.06 -2873.21 1212524731
1677.06 -2872.09 1212524795
1676.17 -2872.09 1212524851
1676.17 -2870.98 1212524971
1676.17 -2872.09 1212525032
1677.06 -2870.98 1212525103
1677.06 -2873.21 1212525153
1677.06 -2874.32 1212525218
1677.06 -2874.32 1212525273
1677.06 -2874.32 1212525333
1677.06 -2873.21 1212525400
1677.06 -2872.09 1212525453
1677.06 -2870.98 1212525514
1676.17 -2870.98 1212525574
1674.4 -2873.21 1212525639
1678.83 -2875.44 1212525703
1678.83 -2873.21 1212525760
1677.06 -2872.09 1212525814
1676.17 -2872.09 1212525840
1676.17 -2872.09 1212525940
1675.29 -2870.98 1212525981
1675.29 -2873.21 1212526041
1676.17 -2874.32 1212526107
1685.92 -2879.9 1212526166
1680.6 -2877.67 1212526217
1680.6 -2877.67 1212526249
1693.01 -2565.17 1212526305
1849.02 -2370.97 1212526366
2271.83 -2277.22 1212526426
2558.13 -2266.06 1212526486
2682.23 -1947.95 1212526528
2832.03 -1532.73 1212526588
2994.24 -1202.32 1212526654
3383.37 -1174.41 1212526710
3475.55 -1131.99 1212526769
3474.67 -1133.11 1212526839
3485.3 -1142.04 1212526863
3727.29 -936.638 1212526942
3590.78 -950.034 1212527002
3590.78 -958.964 1212527064
3594.33 -955.615 1212527120
3594.33 -956.732 1212527180
3593.44 -971.244 1212527205
3589.9 -964.546 1212527266
3589.9 -964.546 1212527281
3598.76 -973.476 1212527334
3605.85 -979.058 1212527385
3628.01 -990.221 1212527445
3635.99 -937.754 1212527505
3635.99 -938.871 1212527565
3635.99 -938.871 1212527625
