3691.83 -950.034 1211287703
3575.72 -1012.55 1211287764
3577.49 -1012.55 1211287822
3581.03 -1010.31 1211287878
3581.92 -1009.2 1211287938
3581.03 -1003.62 1211287998
3576.6 -1060.55 1211288058
3490.62 -1058.32 1211288118
3482.64 -1056.08 1211288178
3481.76 -1056.08 1211288239
3482.64 -1043.8 1211288299
3481.76 -1034.87 1211288457
3280.55 -1173.29 1211288526
3004.88 -1196.73 1211288536
2292.22 -1315.06 1211288600
2018.32 -1323.99 1211288620
1567.15 -1339.62 1211288677
1317.18 -1784.99 1211288737
1128.38 -2152.21 1211288803
998.08 -2671.2 1211288863
704.684 -2964.72 1211288929
243.758 -2995.97 1211288984
137.391 -2983.7 1211289046
567.292 -2984.81 1211289104
580.588 -3258.24 1211289166
395.332 -3493.71 1211289221
409.514 -3516.03 1211289238
1059.24 -3508.21 1211289296
1164.72 -3824.02 1211289387
1168.27 -3831.84 1211289393
1222.34 -3697.93 1211289452
1174.47 -3552.85 1211289477
1673.51 -3499.29 1211289559
1664.65 -3420.05 1211289650
1665.54 -3421.17 1211289710
1665.54 -3420.05 1211289774
1666.42 -3422.28 1211289830
1669.97 -3421.17 1211289833
1979.32 -3383.23 1211289904
2581.18 -3135.47 1211289965
2738.07 -3292.83 1211290013
2738.96 -3293.95 1211290074
2936.62 -3722.48 1211290134
3394 -5132.89 1211290197
3747.68 -6622.27 1211290229
4012.71 -8099.1 1211290277
4068.55 -9623.63 1211290327
3160 -10817.8 1211290381
2547.5 -12185.8 1211290426
2745.16 -13682.8 1211290492
3036.79 -15198.5 1211290536
3628.9 -16292.7 1211290607
4470.97 -16186.9 1211290657
4442.61 -15869.3 1211290718
4437.29 -15859.3 1211290792
4400.95 -15869.3 1211290810
4282.17 -15902.7 1211290863
3984.34 -16143.4 1211290913
3146.7 -15389 1211290988
2860.39 -13875.6 1211291022
2588.27 -12403.2 1211291074
2988.92 -10972.8 1211291135
3966.62 -9855.57 1211291183
4087.16 -8364.55 1211291230
3820.36 -6892.22 1211291283
3558.87 -5428.56 1211291342
3037.67 -3972.44 1211291392
2543.07 -2666.74 1211291450
2253.21 -2778.34 1211291508
1881.82 -2828.57 1211291568
1685.92 -2665.62 1211291630
1630.08 -2339.72 1211291689
1187.77 -2154.44 1211291750
1259.57 -1923.4 1211291811
1260.45 -1923.4 1211291871
1258.68 -1921.16 1211291931
1252.48 -1918.93 1211291996
1253.36 -1918.93 1211292055
1254.25 -1920.05 1211292116
1256.91 -1921.16 1211292171
1256.91 -1922.28 1211292228
1256.91 -1922.28 1211292288
