4177.58 -16066.5 1212608948
3846.95 -16260.4 1212609008
4037.53 -16185.8 1212609069
4037.53 -16186.9 1212609139
4037.53 -16188 1212609163
3471.12 -16229.2 1212609221
3768.95 -16672.7 1212609251
4915.94 -17609.6 1212609302
6051.41 -18546.5 1212609356
6617.82 -18947.5 1212609416
6646.19 -18849.5 1212609481
7825.09 -18848.4 1212609596
7896 -18763.7 1212609656
7885.36 -18790.4 1212609716
7878.27 -18821.6 1212609741
7638.95 -18898.5 1212609769
6928.95 -18759.2 1212609829
6481.32 -18738.1 1212609891
5942.39 -18406.1 1212609951
4814.89 -17487.1 1212609998
3682.08 -16534.5 1212610054
