4385.88 -16064.3 1211947395
4387.65 -16057.6 1211947455
4387.65 -16057.6 1211947515
4387.65 -16057.6 1211947576
4387.65 -16057.6 1211947636
4386.77 -16058.7 1211947700
4387.65 -16058.7 1211947766
4387.65 -16058.7 1211947821
4386.77 -16058.7 1211947876
4388.54 -16057.6 1211947936
4388.54 -16058.7 1211947996
4387.65 -16058.7 1211948056
4388.54 -16061 1211948116
4387.65 -16059.9 1211948182
4386.77 -16059.9 1211948242
4386.77 -16059.9 1211948298
4386.77 -16059.9 1211948358
4385.88 -16059.9 1211948418
4385.88 -16059.9 1211948478
4384.99 -16059.9 1211948538
4384.99 -16061 1211948598
4384.99 -16061 1211948664
4385.88 -16062.1 1211948719
4385.88 -16061 1211948781
4386.77 -16061 1211948849
4387.65 -16059.9 1211948901
4387.65 -16059.9 1211948978
4386.77 -16059.9 1211949026
4387.65 -16059.9 1211949085
4387.65 -16059.9 1211949150
4387.65 -16059.9 1211949201
4387.65 -16058.7 1211949261
4387.65 -16058.7 1211949321
4387.65 -16059.9 1211949375
4392.97 -16056.5 1211949435
