1165.61 -2067.38 1211703518
400.65 -3479.2 1211703700
372.286 -3511.56 1211703753
134.732 -3857.5 1211703791
-340.375 -4648.65 1211703847
-428.129 -4914.2 1211703912
-91.2986 -5102.77 1211703977
569.065 -5351.57 1211704021
1188.65 -5717.52 1211704098
1783.43 -5879.29 1211704191
1783.43 -5879.29 1211704199
2043.14 -5843.59 1211704263
1959.82 -5970.77 1211704354
2505.84 -6193.89 1211704408
2577.64 -7111.97 1211704466
3268.14 -8287.59 1211704528
3940.02 -9422.9 1211704584
2561.68 -12406.5 1211704775
2847.99 -13949.2 1211704824
3118.34 -15410.2 1211704862
4720.05 -17646.4 1211704981
5251.89 -17367.9 1211705030
5730.54 -17594 1211705091
5750.93 -17564 1211705131
5754.47 -17569.5 1211705194
5754.47 -17569.5 1211705204
5327.23 -17393.5 1211705262
2640.57 -13147.8 1211705457
3046.54 -8051.14 1211705705
2192.94 -6064.48 1211705836
1615.9 -5855.86 1211705893
1560.94 -5838.01 1211705901
795.982 -5460.91 1211706082
206.53 -5247.81 1211706152
-165.756 -5049.21 1211706198
-371.399 -4713.36 1211706277
7.09116 -4084.03 1211706337
382.036 -3520.49 1211706379
797.755 -2994.86 1211706443
1042.4 -2396.64 1211706499
1205.5 -2004.88 1211706564
1406.71 -1620.91 1211706630
1724.04 -1339.62 1211706685
2432.27 -1320.64 1211706750
3494.17 -1113.01 1211706860
3495.05 -1113.01 1211706899
3480.87 -945.569 1211706959
3581.92 -958.964 1211707098
