3417.94 -1202.32 1212575548
3086.43 -1188.92 1212575613
2301.08 -1313.94 1212575669
1586.65 -1330.69 1212575729
1532.58 -918.777 1212575805
1513.08 -651.974 1212575810
1793.18 -504.615 1212575870
1976.66 -409.723 1212575923
1968.68 -245.613 1212575980
2105.19 -823.89 1212576062
2526.22 -812.727 1212576122
2524.45 -812.727 1212576144
2523.56 -813.843 1212576151
2276.26 -823.89 1212576206
2018.32 -840.635 1212576267
2019.21 -839.519 1212576314
2114.94 -655.323 1212576380
2363.13 -984.639 1212576435
2367.56 -969.011 1212576496
2123.8 -833.937 1212576557
1899.54 -607.32 1212576616
1878.27 -280.221 1212576676
1828.63 314.842 1212576736
1779.88 955.727 1212576796
1782.54 1035 1212576823
1809.13 1180.16 1212576868
1809.13 1180.16 1212576870
2014.77 1403.48 1212576930
2407.45 1795.43 1212576991
2956.13 2337.04 1212577051
3425.91 2808.32 1212577133
3690.06 2579.38 1212577193
3731.72 2272.27 1212577253
3479.98 2417.45 1212577314
3446.3 2465.47 1212577330
3490.62 2596.13 1212577388
3796.43 2913.31 1212577449
3762.74 3381.27 1212577509
3811.5 3458.34 1212577530
3615.6 3582.32 1212577590
3461.37 3204.8 1212577650
3128.09 2796.04 1212577710
2857.74 3054.03 1212577770
2674.25 3291.92 1212577830
2410.99 3174.65 1212577894
2048.46 2978.08 1212577951
1789.63 2837.36 1212578011
2184.08 2897.67 1212578071
2429.61 2938.99 1212578132
2435.81 2936.76 1212578199
2427.83 2927.82 1212578267
2429.61 2933.41 1212578319
2390.61 3036.16 1212578380
2003.25 2971.38 1212578440
1538.78 2911.07 1212578490
1280.84 2857.46 1212578550
698.479 2777.05 1212578611
191.461 2705.58 1212578671
-900.577 2504.55 1212578731
-1671.74 2395.11 1212578792
-2648.55 2332.57 1212578852
-3081.11 2303.54 1212578912
-4136.8 2246.58 1212578973
-4619 2220.9 1212579033
-4621.66 2216.43 1212579053
-4658.89 2199.68 1212579114
-3883.29 2242.11 1212579175
-3140.5 2283.43 1212579239
-2645 2329.22 1212579295
-1825.09 2347.09 1212579353
-1737.33 1969.63 1212579413
-1647.81 1418 1212579473
-1188.65 1281.77 1212579534
-477.767 1400.13 1212579594
-183.484 1539.71 1212579654
-187.916 1530.78 1212579720
-191.461 1528.55 1212579775
-179.052 1517.38 1212579836
-150.687 1452.61 1212579896
924.509 1634.63 1212579959
1087.61 1304.1 1212580016
2503.18 959.077 1212580077
2820.51 -340.507 1212580137
3050.97 -1203.43 1212580199
3746.79 -1043.8 1212580259
3584.58 -975.709 1212580320
3593.44 -1003.62 1212580384
3616.49 -986.872 1212580441
3614.72 -986.872 1212580501
3615.6 -986.872 1212580561
3616.49 -987.988 1212580621
3616.49 -989.105 1212580681
3617.38 -986.872 1212580742
3617.38 -983.523 1212580801
3618.26 -990.221 1212580861
3616.49 -991.337 1212580921
3618.26 -957.848 1212580983
3620.03 -974.593 1212581043
3617.38 -986.872 1212581103
3619.15 -985.756 1212581164
3616.49 -975.709 1212581223
3617.38 -984.639 1212581283
3617.38 -986.872 1212581344
3618.26 -989.105 1212581404
3611.17 -992.453 1212581465
3614.72 -984.639 1212581526
3611.17 -992.453 1212581586
3615.6 -990.221 1212581646
3614.72 -991.337 1212581707
3615.6 -990.221 1212581768
3613.83 -996.919 1212581829
3615.6 -990.221 1212581889
3612.94 -987.988 1212581950
3613.83 -989.105 1212582015
3615.6 -993.57 1212582070
3614.72 -989.105 1212582131
3613.83 -985.756 1212582190
3627.13 -996.919 1212582254
3616.49 -986.872 1212582315
3616.49 -984.639 1212582376
3616.49 -985.756 1212582430
3620.03 -991.337 1212582500
3616.49 -985.756 1212582551
3620.92 -986.872 1212582611
3614.72 -989.105 1212582671
3612.94 -991.337 1212582731
3612.06 -985.756 1212582791
3612.94 -986.872 1212582851
3612.94 -985.756 1212582911
3622.69 -987.988 1212582967
3618.26 -985.756 1212583033
3618.26 -986.872 1212583054
3618.26 -986.872 1212583119
3617.38 -989.105 1212583174
3619.15 -986.872 1212583234
3619.15 -987.988 1212583294
3619.15 -987.988 1212583355
3617.38 -989.105 1212583415
3616.49 -989.105 1212583475
3617.38 -985.756 1212583535
3617.38 -985.756 1212583600
3616.49 -990.221 1212583660
3617.38 -990.221 1212583715
3620.03 -987.988 1212583775
3620.92 -990.221 1212583835
3620.92 -989.105 1212583878
3619.15 -985.756 1212583944
3618.26 -987.988 1212583999
3617.38 -990.221 1212584065
3616.49 -990.221 1212584124
3617.38 -989.105 1212584180
3616.49 -989.105 1212584240
3617.38 -982.407 1212584305
3492.39 -1106.32 1212584364
3469.35 -995.802 1212584420
3468.46 -999.151 1212584480
3434.78 -1004.73 1212584540
2912.69 -1100.73 1212584605
2907.37 -1169.94 1212584665
2801.01 -1209.01 1212584725
1976.66 -1322.87 1212584780
1548.53 -1342.97 1212584840
1384.55 -1651.05 1212584897
1225 -1965.81 1212584957
1492.69 -2315.17 1212585026
1605.26 -2337.49 1212585082
1157.63 -2142.16 1212585137
1040.63 -2359.81 1212585197
916.532 -2839.73 1212585257
405.969 -3484.78 1212585317
194.12 -3780.5 1212585377
522.973 -3347.51 1212585437
780.914 -3020.52 1212585497
1039.74 -2444.63 1212585563
1179.79 -2065.15 1212585623
1255.13 -1918.93 1212585683
1249.82 -1913.35 1212585739
1245.38 -1910 1212585799
1250.7 -1913.35 1212585845
1336.68 -2240.39 1212585905
1699.22 -2357.58 1212585965
1655.78 -2345.3 1212586085
1654.9 -2344.18 1212586155
1655.78 -2343.07 1212586201
1942.09 -2367.62 1212586290
2348.06 -2283.91 1212586350
2523.56 -2420.08 1212586411
2420.74 -2702.45 1212586470
2376.42 -3065.17 1212586526
2195.6 -3132.13 1212586572
1622.1 -3331.89 1212586638
1206.38 -3257.12 1212586689
324.42 -3039.5 1212586814
144.482 -2943.52 1212586871
96.617 -2571.87 1212586934
-78.0027 -2464.72 1212587002
23.9326 -2139.93 1212587054
0.886394 -1687.88 1212587124
-85.9803 -539.222 1212587252
-123.209 -66.986 1212587312
-124.982 37.959 1212587361
-124.982 40.1919 1212587365
-125.868 40.1919 1212587389
105.481 -522.476 1212587533
121.436 -761.375 1212587544
133.846 -916.544 1212587578
406.855 -970.127 1212587643
720.639 -948.918 1212587694
396.218 -1146.5 1212587754
396.218 -1146.5 1212587769
-1587.53 -1608.63 1212588012
-1764.81 -1413.29 1212588053
-1763.04 -1414.41 1212588094
-1758.61 -1469.1 1212588115
-836.756 -1491.43 1212588296
-68.2524 -1275.99 1212588384
106.367 -1260.36 1212588397
152.46 -1013.66 1212588516
415.719 -970.127 1212588581
790.664 -942.22 1212588648
926.282 -933.289 1212588660
1311.86 -899.8 1212588734
1544.1 -893.102 1212588780
1542.33 -886.404 1212588856
1543.21 -893.102 1212588902
1544.99 -899.8 1212588966
1544.99 -885.288 1212589025
1684.15 -1048.27 1212589075
1744.42 -1175.53 1212589136
2130.01 -1196.73 1212589210
2392.38 -1284.92 1212589260
2720.34 -1232.46 1212589321
2944.6 -1207.9 1212589359
3430.35 -1245.85 1212589417
3269.91 -1457.94 1212589481
2907.37 -1499.24 1212589531
2863.94 -1415.52 1212589592
2426.95 -1167.71 1212589658
1953.61 -1201.2 1212589708
1751.52 -1033.76 1212589779
1551.19 -888.637 1212589835
1719.61 -1035.99 1212589904
2572.32 -980.174 1212590010
2770.87 -1753.74 1212590071
2814.3 -1976.97 1212590317
1945.64 -2356.46 1212590481
1597.28 -2318.51 1212590546
1171.81 -2158.91 1212590636
1252.48 -1954.65 1212590722
1518.39 -1419.99 1212590783
1755.95 -1236.92 1212590843
2073.28 -414.188 1212591029
2072.39 -414.188 1212591053
2078.59 -458.843 1212591107
2091.89 -667.603 1212591160
1942.98 -825.006 1212591224
1742.65 -868.543 1212591281
1550.3 -1220.18 1212591405
1322.5 -1769.36 1212591469
1160.29 -1984.79 1212591530
1234.75 -1908.89 1212591654
1233.86 -1908.89 1212591720
1233.86 -1910 1212591779
1233.86 -1911.12 1212591828
1234.75 -1912.24 1212591885
1234.75 -1910 1212591956
811.051 -1831.87 1212592153
643.522 -953.383 1212592408
937.805 -1107.43 1212592428
1432.41 -1072.83 1212592532
1537.01 -1238.04 1212592597
1991.73 -1445.66 1212592799
1991.73 -1445.66 1212592812
1642.49 -1453.47 1212592883
1100.9 -1991.48 1212592995
801.301 -1742.57 1212593114
845.62 -1657.74 1212593188
1178.9 -1382.03 1212593363
1152.31 -1079.52 1212593413
1103.56 -394.093 1212593475
1027.33 879.801 1212593654
1178.02 894.316 1212593715
1393.41 1037.24 1212593779
1551.19 1471.6 1212593839
2282.47 2215.31 1212593955
2757.57 2692.18 1212594024
3157.34 3096.47 1212594079
3329.3 3241.66 1212594205
3542.03 3410.31 1212594271
3568.62 3514.19 1212594329
3566.85 3647.1 1212594409
3540.26 3669.44 1212594411
3565.08 3761.03 1212594471
3711.33 3780.02 1212594532
3800.86 3730.87 1212594604
3785.79 3731.99 1212594652
3784.02 3734.22 1212594713
3788.45 3731.99 1212594777
3792 3721.93 1212594838
3783.13 3731.99 1212594865
3558.87 3782.25 1212594921
3459.6 3677.26 1212594981
3321.32 3616.94 1212595041
3216.73 3631.46 1212595106
2838.23 3548.81 1212595157
2843.55 3552.16 1212595159
2379.08 3451.64 1212595219
2382.63 3338.83 1212595279
2399.47 3313.14 1212595313
2615.75 3372.34 1212595368
2876.35 3425.95 1212595428
2980.94 3276.29 1212595489
2682.23 3494.08 1212595549
2393.26 3192.52 1212595609
1715.17 2861.93 1212595809
1714.29 2861.93 1212595831
1503.32 2677.66 1212595871
1505.1 2431.96 1212595948
1536.12 2104.76 1212595993
1819.77 2095.82 1212596064
1828.63 2106.99 1212596087
1637.17 1844.56 1212596142
959.965 1185.74 1212596333
600.089 828.439 1212596453
634.658 141.789 1212596534
195.893 99.3636 1212596585
56.7292 253.435 1212596703
14.1823 724.6 1212596769
39.8877 904.365 1212596818
54.9565 927.813 1212596835
-12.4095 1256.09 1212596888
-693.16 1154.48 1212596998
-742.799 1041.7 1212597038
-846.507 1097.53 1212597098
-476.88 1289.59 1212597158
-124.982 1270.61 1212597224
145.369 1279.54 1212597278
477.767 1336.49 1212597338
892.599 1404.6 1212597412
984.784 1550.88 1212597465
1149.65 1546.41 1212597521
1284.39 1593.31 1212597581
1388.98 1601.13 1212597642
1542.33 1782.03 1212597702
1712.51 1718.38 1212597762
1900.43 1832.28 1212597822
2434.93 2360.49 1212597882
2698.18 2641.92 1212597954
2849.76 2675.42 1212598004
2905.6 2586.08 1212598073
3281.43 2182.93 1212598131
3409.07 2109.22 1212598183
3649.29 1841.21 1212598227
3534.05 1661.43 1212598292
3403.75 1482.76 1212598352
3201.66 1213.66 1212598402
3186.59 1252.74 1212598462
3190.13 1243.81 1212598497
3287.64 1315.27 1212598556
3549.12 1537.48 1212598616
3329.3 1260.56 1212598672
3835.43 -152.951 1212598736
3312.46 -2087.47 1212598804
2086.57 -2972.54 1212598854
596.543 -3116.5 1212598907
-768.504 -3610.88 1212598960
-1290.59 -5004.58 1212599017
-2184.08 -5438.6 1212599072
-3282.32 -5247.81 1212599206
-3280.55 -5152.97 1212599252
-3308.91 -5150.74 1212599271
-3310.68 -5152.97 1212599286
-3283.21 -5244.46 1212599361
-2819.62 -5334.84 1212599417
-2276.26 -5520.04 1212599473
-1868.52 -5566.9 1212599537
-1093.81 -4351.84 1212599587
-64.7068 -3258.24 1212599638
1405.82 -3158.91 1212599688
2469.49 -2273.87 1212599744
2910.92 -871.892 1212599814
2636.14 -100.479 1212599868
2715.03 707.852 1212599944
2496.97 1033.89 1212599984
2313.49 1045.05 1212600044
1724.92 1061.8 1212600116
1421.78 1110.93 1212600170
1251.59 1139.96 1212600225
1151.43 1212.54 1212600285
1093.81 1324.2 1212600350
998.967 1750.76 1212600411
850.052 1744.06 1212600471
784.459 2156.13 1212600533
499.926 2304.65 1212600585
484.858 2302.42 1212600587
198.552 2255.52 1212600623
110.799 2655.32 1212600714
214.507 2784.87 1212600774
250.85 2620.7 1212600839
312.011 2316.94 1212600894
316.443 2216.43 1212600956
359.876 1964.05 1212601021
415.719 1958.47 1212601076
418.378 1961.82 1212601123
668.341 1895.93 1212601183
748.117 1444.8 1212601243
923.623 1187.98 1212601303
989.216 1002.62 1212601367
1179.79 895.432 1212601423
1370.37 890.966 1212601483
1752.4 930.046 1212601543
1997.93 620.763 1212601604
2141.53 312.609 1212601663
2224.85 317.075 1212601697
2254.99 349.453 1212601756
2350.72 616.297 1212601807
2499.63 627.462 1212601877
2509.38 781.544 1212601932
2477.47 664.308 1212601989
2471.27 668.774 1212602059
2387.06 645.327 1212602094
2315.26 622.996 1212602154
2494.31 688.871 1212602215
2640.57 788.243 1212602266
2818.73 999.273 1212602326
3006.65 1288.47 1212602368
2762.89 1566.51 1212602428
2835.58 1679.3 1212602465
2617.52 1735.13 1212602526
2489 1607.83 1212602557
2285.12 1407.95 1212602617
2124.69 1527.43 1212602677
2124.69 1527.43 1212602690
1873.84 1775.33 1212602741
1677.06 1956.23 1212602797
1458.12 1923.85 1212602859
1134.58 1847.91 1212602919
867.78 1718.38 1212602980
774.709 1703.86 1212603040
-7.09116 1582.15 1212603116
-512.336 1496.16 1212603161
-1053.92 1202.49 1212603288
-1053.92 1203.61 1212603289
-1222.34 1069.62 1212603354
-1287.93 779.311 1212603410
-1557.4 697.804 1212603474
-1553.85 691.104 1212603492
-1568.92 946.794 1212603552
-1271.98 1261.67 1212603617
-569.952 1381.15 1212603672
-73.5707 1462.66 1212603736
538.928 1557.58 1212603801
979.466 1631.28 1212603867
1045.95 1457.08 1212603917
1183.34 1163.41 1212603972
2450.88 966.893 1212604032
2644.11 -146.252 1212604092
2746.94 -1524.91 1212604153
2621.07 -2915.62 1212604213
3127.2 -4316.13 1212604265
3595.22 -5749.87 1212604313
3855.82 -7223.52 1212604359
4119.96 -8725.9 1212604409
3721.97 -10180.1 1212604463
2699.96 -11288.3 1212604529
2587.39 -12822.3 1212604578
2860.39 -14281.3 1212604630
3181.27 -15747.9 1212604683
4024.23 -16191.3 1212604753
4511.75 -16189.1 1212604819
4509.97 -16186.9 1212604828
4500.22 -16176.8 1212604888
4500.22 -16174.6 1212604894
4275.97 -15931.7 1212604949
3981.68 -16181.3 1212605014
