3654.6 -942.22 1211804462
3616.49 -989.105 1211804522
3602.31 -990.221 1211804571
3495.05 -1164.36 1211804631
2906.49 -1022.59 1211804691
2725.66 371.782 1211804751
2878.12 1870.25 1211804809
3957.75 2869.75 1211804869
4931.01 4053.67 1211804917
5890.98 5161.8 1211804966
9545.58 6835.46 1211805102
10976.2 7150.56 1211805151
12437 7500.32 1211805201
12302.3 9040.33 1211805256
12021.3 10534.8 1211805303
11959.2 11972.5 1211805362
12671 12153.6 1211805423
13701.9 12324.7 1211805483
14419.9 12605.4 1211805543
14446.5 12848 1211805603
14422.5 12848 1211805636
14407.5 12846.9 1211805637
14389.7 12822.3 1211805697
14396.8 12750.7 1211805757
13865.9 12365 1211805818
13481.2 12303.5 1211805882
12498.2 12124.6 1211805937
11653.4 11940.1 1211806004
12186.2 9516.47 1211806073
12534.5 8032.25 1211806131
11562.1 7298.06 1211806181
10567.6 7176.26 1211806231
9157.34 6782.94 1211806298
7724.04 6403.04 1211806340
6389.13 5724.86 1211806393
5588.72 4778.63 1211806420
4625.21 3654.92 1211806475
3863.79 2826.19 1211806517
3546.46 3293.04 1211806561
3664.35 3670.56 1211806621
3846.07 3515.3 1211806681
3448.07 3852.62 1211806741
3482.64 3714.12 1211806776
3382.48 3539.87 1211806825
3109.47 3351.12 1211806890
2673.37 3288.57 1211806946
2477.47 3264 1211807007
1595.51 3099.82 1211807066
1670.85 3020.52 1211807131
2101.64 3089.77 1211807187
2052.89 2991.48 1211807246
1288.82 2853 1211807306
1240.95 2858.58 1211807350
1240.95 2947.93 1211807410
1388.09 3095.35 1211807470
1769.24 3245.01 1211807531
2378.2 3343.3 1211807592
2439.36 3250.6 1211807653
1728.47 3137.79 1211807713
1365.05 3159.01 1211807774
1319.84 3384.62 1211807834
1115.97 3855.97 1211807895
1090.27 3976.6 1211807955
1051.26 4197.77 1211808021
762.299 4246.92 1211808077
379.377 4184.36 1211808137
-14.1823 4346.33 1211808197
-27.4782 4415.59 1211808259
-195.893 4523.94 1211808320
-275.669 4506.07 1211808390
-278.328 4504.95 1211808446
-282.76 4508.3 1211808505
-281.873 4509.42 1211808572
-280.101 4508.3 1211808625
-280.987 4508.3 1211808681
-279.214 4506.07 1211808741
-374.058 4485.96 1211808801
-530.95 4342.98 1211808861
7.09116 4212.29 1211808921
15.9551 4148.62 1211808942
177.279 4105.06 1211809023
163.097 4096.12 1211809084
164.869 4096.12 1211809144
169.301 4098.35 1211809210
168.415 4098.35 1211809218
476.88 4046.97 1211809272
551.337 3485.15 1211809333
854.484 3429.3 1211809393
907.668 3233.84 1211809453
959.965 2925.59 1211809513
1035.31 1736.25 1211809634
1079.63 1328.67 1211809731
1996.16 1039.47 1211809788
2660.07 240.038 1211809848
2812.53 -1286.04 1211809903
2545.72 -2754.91 1211809953
3080.22 -4165.49 1211810001
3565.08 -5582.52 1211810047
3832.77 -7091.89 1211810089
4094.26 -8568.65 1211810134
3819.47 -10048.5 1211810178
2769.1 -11167.9 1211810226
2574.98 -12645.1 1211810267
2836.46 -14139.8 1211810311
3160.88 -15650.9 1211810360
4034.87 -16184.6 1211810427
4517.07 -15922.8 1211810481
4416.9 -15864.9 1211810547
4410.7 -15866 1211810567
4408.04 -15863.7 1211810569
4407.15 -15862.6 1211810577
4325.6 -15869.3 1211810638
4302.56 -15881.6 1211810702
4252.03 -15939.5 1211810764
3448.96 -16208 1211810818
3012.85 -14778.4 1211810861
1883.59 -14025 1211810917
-506.131 -13493.3 1211811006
-1451.91 -12321.8 1211811056
-2466.84 -11207 1211811092
-2816.96 -9746.29 1211811123
-3525.19 -3704.62 1211811387
-3461.37 -3685.65 1211811435
-3258.39 -3218.06 1211811496
-3167.97 -2864.28 1211811555
-3167.09 -2835.26 1211811615
-2785.94 -2299.54 1211811685
-2738.96 -2099.75 1211811736
-2720.34 -2206.9 1211811796
-2721.23 -2208.02 1211811856
-2727.44 -2204.67 1211811916
-2708.82 -2204.67 1211811976
-3065.15 -1807.31 1211812036
-3534.05 -1695.69 1211812096
-3695.38 -1911.12 1211812157
-3454.28 -1913.35 1211812217
-2972.08 -2089.71 1211812278
-2629.93 -2175.65 1211812318
-2326.79 -1682.3 1211812373
-2442.9 -1126.41 1211812437
-2660.07 -521.36 1211812493
-2691.98 44.6577 1211812553
-2684 323.773 1211812618
-2414.54 242.271 1211812688
-1645.15 462.218 1211812733
-1264.88 648.676 1211812794
-1243.61 1059.57 1211812853
-875.758 1118.75 1211812913
-389.127 1200.26 1211812974
93.9578 1276.19 1211813039
417.492 1115.4 1211813094
560.201 800.525 1211813154
258.827 487.898 1211813214
54.0701 100.48 1211813280
63.8204 70.3359 1211813335
198.552 414.209 1211813396
516.768 730.183 1211813441
596.543 737.999 1211813474
616.931 835.138 1211813496
831.438 1038.35 1211813556
1257.79 1471.6 1211813616
1287.04 1818.88 1211813682
1232.97 2153.89 1211813742
1131.93 2788.22 1211813797
1190.43 3169.06 1211813867
1678.83 3238.31 1211813917
1943.86 3253.95 1211813946
1941.2 3250.6 1211813953
1941.2 3250.6 1211813963
1894.22 3169.06 1211814023
1685.92 3148.96 1211814083
1456.35 2980.32 1211814151
1879.16 3052.91 1211814204
2281.58 3009.35 1211814267
1648.69 2911.07 1211814327
1354.41 2953.51 1211814392
1592.85 3232.73 1211814450
2074.16 3399.14 1211814509
1596.4 3337.71 1211814544
1084.95 3256.18 1211814604
930.714 4181.01 1211814664
847.393 4536.23 1211814724
117.004 4458.04 1211814784
-725.071 4327.34 1211814844
-1122.18 4588.73 1211814911
-1731.13 4907.1 1211814965
-2615.75 4823.32 1211815030
-3043.88 5240 1211815086
-3043.88 5241.12 1211815094
-3042.11 5241.12 1211815115
-3045.65 5243.36 1211815196
-2931.31 5120.47 1211815256
-2196.49 4790.92 1211815316
-1740.88 4900.4 1211815351
-1120.4 5004.29 1211815406
-712.661 4917.15 1211815466
-530.95 4463.62 1211815526
-62.0476 4533.99 1211815591
122.322 4423.41 1211815646
-170.188 4420.06 1211815706
319.988 4599.9 1211815776
701.138 4510.54 1211815828
703.797 4521.71 1211815887
704.684 4521.71 1211815908
130.3 4464.74 1211815967
-131.186 4523.94 1211816025
-36.3422 4453.57 1211816083
-3.54558 4258.09 1211816150
339.489 4175.43 1211816203
723.298 4236.86 1211816264
871.326 4258.09 1211816330
1089.38 3920.75 1211816384
1307.43 3525.35 1211816443
1722.26 3236.08 1211816503
2459.74 3358.94 1211816560
2914.46 3436 1211816616
2874.58 3316.49 1211816676
2135.32 3201.45 1211816736
1687.7 3136.68 1211816796
1526.37 2998.19 1211816856
1673.51 3026.11 1211816896
2294.88 3030.57 1211816976
2303.74 2901.02 1211817021
2571.43 2523.54 1211817082
2610.43 2491.15 1211817118
2609.55 2491.15 1211817135
2611.32 2490.04 1211817144
2590.93 2522.42 1211817205
2435.81 2821.73 1211817265
2457.97 2927.82 1211817325
2599.79 3067.43 1211817385
2181.42 2998.19 1211817446
1730.24 2920.01 1211817513
1724.04 2922.24 1211817519
1523.71 2894.32 1211817574
1136.36 2837.36 1211817636
697.592 2782.64 1211817694
-909.441 2504.55 1211817816
-909.441 2504.55 1211817916
-1040.63 2258.87 1211817929
-1730.24 1210.31 1211818095
-2418.97 663.191 1211818223
-2507.61 79.2675 1211818239
-2485.45 -629.647 1211818290
-2232.83 -1106.32 1211818345
-2328.56 -1674.49 1211818406
-2601.57 -2168.95 1211818466
-3074.9 -2710.26 1211818527
-3351.46 -2831.91 1211818587
-4502 -2886.6 1211818648
-5132.22 -2922.31 1211818718
-5809.43 -3444.6 1211818769
-5607.33 -3851.92 1211818829
-5168.57 -4008.15 1211818889
-5167.68 -4009.26 1211818895
-5168.57 -4007.03 1211818955
-5543.51 -3904.37 1211819015
-5842.23 -3755.95 1211819075
-5547.94 -3127.66 1211819135
-4968.24 -2924.55 1211819196
-4907.97 -2923.43 1211819216
-3577.49 -2855.35 1211819276
-3165.31 -2805.13 1211819337
-2860.39 -2377.67 1211819407
-2713.25 -2124.31 1211819458
-2304.63 -1659.98 1211819518
-2477.47 -1096.27 1211819583
-2644.11 -799.331 1211819629
-2715.03 389.646 1211819836
-2692.87 644.21 1211819898
-2066.19 770.379 1211819945
-1511.3 1248.27 1211820005
-912.986 1525.2 1211820074
-768.504 1778.68 1211820129
-447.629 1825.58 1211820190
-447.629 1825.58 1211820193
-450.288 1827.81 1211820253
-187.029 1611.18 1211820314
-164.869 1482.76 1211820377
-140.05 1323.09 1211820444
-481.312 1184.63 1211820493
-864.235 1124.33 1211820558
-1443.05 1032.77 1211820613
-1564.49 889.85 1211820680
-1313.64 927.813 1211820804
-1088.49 1083.02 1211820871
-842.075 1120.98 1211820920
-82.4347 1246.04 1211820980
367.854 1311.92 1211821047
575.27 1051.75 1211821111
259.714 494.597 1211821213
54.0701 117.227 1211821272
20.3871 254.552 1211821392
383.809 593.967 1211821467
527.405 732.416 1211821530
678.092 960.193 1211821589
681.637 961.31 1211821640
681.637 961.31 1211821666
683.41 962.426 1211821735
681.637 962.426 1211821777
588.566 911.064 1211821837
605.407 794.943 1211821899
621.363 831.789 1211821976
764.958 968.009 1211822018
1107.99 1320.85 1211822083
1313.64 1656.96 1211822154
1254.25 2017.65 1211822199
1131.04 2821.73 1211822263
962.624 3662.74 1211822323
1106.22 3679.49 1211822384
1310.98 3721.93 1211822448
1840.15 3800.12 1211822504
1856.11 3864.9 1211822517
1740.88 3862.67 1211822578
1591.08 3844.8 1211822646
1237.41 3994.47 1211822703
1166.5 4306.12 1211822768
1057.47 4296.06 1211822817
1021.13 4290.48 1211822829
833.211 4646.82 1211822890
916.532 4910.45 1211822951
1796.72 5057.91 1211823138
2245.24 5128.29 1211823198
2271.83 5389.7 1211823260
2266.51 5391.94 1211823272
2265.62 5391.94 1211823285
2193.83 5386.35 1211823350
1829.52 5384.12 1211823424
1359.73 5304.8 1211823466
1335.8 5215.43 1211823541
1632.74 5130.52 1211823599
2087.46 5179.68 1211823657
1682.38 5037.8 1211823709
2098.1 4616.66 1211823770
2309.06 4435.69 1211823813
2428.72 4337.39 1211823873
2626.39 4163.14 1211823934
2751.37 4063.73 1211823999
3042.11 4078.25 1211824053
3502.14 3759.91 1211824125
3423.26 3816.88 1211824179
