3573.94 -983.523 1211027489
3418.82 -1159.9 1211027554
2924.22 -816.076 1211027609
2728.32 716.785 1211027667
2866.6 1866.9 1211027711
3456.05 2436.43 1211027771
3194.57 2707.81 1211027831
2966.76 2955.75 1211027891
2996.9 3162.36 1211027951
3011.08 2954.63 1211028011
2958.78 2956.86 1211028071
2959.67 2949.04 1211028131
2964.99 2954.63 1211028191
2946.38 2982.55 1211028252
2950.81 2976.97 1211028297
2948.15 2979.2 1211028356
2954.35 2971.38 1211028416
2952.58 2976.97 1211028476
2961.44 2969.15 1211028516
2961.44 2972.5 1211028577
2947.26 2983.67 1211028636
2968.53 2971.38 1211028701
2968.53 2966.91 1211028762
2972.08 2960.21 1211028817
2970.31 2952.39 1211028882
2952.58 2969.15 1211028935
2964.99 2966.91 1211028996
2964.99 2965.8 1211029056
2972.08 2964.68 1211029117
2963.22 2955.75 1211029178
2961.44 2956.86 1211029239
2959.67 2965.8 1211029299
2957.01 2957.98 1211029360
2958.78 2961.33 1211029420
2957.01 2965.8 1211029481
2952.58 2968.03 1211029541
2955.24 2966.91 1211029602
2954.35 2972.5 1211029662
2954.35 2972.5 1211029686
2988.92 3037.28 1211029747
2794.8 2736.85 1211029806
2558.13 2565.98 1211029873
2473.04 2673.19 1211029927
2657.41 2832.89 1211029988
2902.94 2596.13 1211030048
3188.36 2266.68 1211030109
2691.98 913.297 1211030169
2888.76 -586.109 1211030237
2514.7 -2030.55 1211030264
2866.6 -3521.61 1211030324
3287.64 -4949.91 1211030355
3711.33 -6418.12 1211030397
4000.3 -8032.18 1211030442
4102.23 -9529.96 1211030486
2556.36 -12324 1211030594
4567.59 -16034.2 1211030861
4400.95 -15858.2 1211030922
4230.76 -15967.4 1211031004
4228.99 -15975.2 1211031005
2575.86 -11655.1 1211031212
3510.12 -10482.2 1211031252
4197.08 -9140.76 1211031298
3952.43 -7644.03 1211031337
3689.17 -6186.08 1211031381
3244.2 -4733.45 1211031431
2815.19 -3306.22 1211031473
2473.04 -2511.6 1211031499
2879.01 -1051.62 1211031545
2730.98 454.403 1211031595
2707.05 1725.08 1211031643
3435.66 2280.08 1211031704
3407.3 2488.92 1211031764
3092.63 2783.75 1211031829
2940.17 2950.16 1211031889
2953.47 2943.46 1211031947
