3293.84 -15908.3 1212712855
2937.51 -14424 1212712913
2621.07 -12934.9 1212712955
2669.82 -11388.7 1212713018
3911.66 -9932.51 1212713136
4193.53 -9223.29 1212713184
4067.66 -8305.44 1212713244
3860.25 -7147.67 1212713305
3593.44 -5660.62 1212713360
3105.04 -4213.47 1212713413
2641.46 -2910.04 1212713473
2481.02 -2560.71 1212713534
2463.29 -2254.89 1212713594
2681.34 -1800.62 1212713654
2814.3 -1514.87 1212713715
2603.34 -760.259 1212713836
2559.02 -133.971 1212713897
2520.02 328.239 1212713967
2561.68 1089.72 1212714029
2420.74 1229.29 1212714117
2049.34 1603.36 1212714177
1460.78 1957.35 1212714237
1377.46 1892.58 1212714323
1252.48 2027.7 1212714358
1158.52 2616.23 1212714418
1080.51 3109.87 1212714489
963.511 3825.81 1212714600
848.279 4548.52 1212714668
744.571 4779.75 1212714709
744.571 4780.87 1212714779
744.571 4780.87 1212714820
743.685 4780.87 1212714899
738.367 4771.93 1212714911
800.414 4882.52 1212714966
1066.33 5050.09 1212715027
1309.2 5185.26 1212715084
1513.96 5216.54 1212715159
1760.38 5259 1212715204
1881.82 5389.7 1212715269
1638.06 5349.49 1212715314
1426.21 5200.9 1212715401
1502.44 5136.11 1212715433
1615.9 5041.15 1212715496
1909.29 4785.34 1212715558
2220.42 4516.12 1212715613
2340.08 4414.47 1212715674
2769.98 4040.27 1212715812
2841.78 4113.99 1212715863
2837.35 4144.15 1212715876
2841.78 4129.63 1212715916
3050.08 3897.3 1212715971
3089.97 3921.87 1212716033
3089.97 3920.75 1212716138
3135.18 3946.44 1212716198
3224.7 4134.1 1212716255
3224.7 4134.1 1212716277
3293.84 4224.58 1212716453
3275.23 4270.37 1212716475
3417.94 4271.49 1212716525
3487.96 4169.84 1212716587
3524.3 4116.23 1212716645
3816.81 3753.21 1212716705
4212.15 2822.84 1212716826
4026.89 2312.47 1212716897
3822.13 2110.34 1212716947
3563.31 1856.85 1212717007
3567.74 1843.45 1212717026
3568.62 1836.75 1212717076
3568.62 1836.75 1212717077
3568.62 1838.98 1212717081
3248.64 1536.36 1212717140
3334.62 974.709 1212717201
3358.55 615.181 1212717265
3351.46 270.183 1212717331
3350.57 271.299 1212717336
3286.75 456.636 1212717401
3448.07 846.304 1212717456
3182.16 1139.96 1212717491
3300.93 1594.43 1212717609
2849.76 1144.43 1212717667
2616.64 783.777 1212717819
2617.52 784.894 1212717866
2616.64 786.01 1212717915
2702.62 933.396 1212717976
2929.53 1214.77 1212718041
3147.59 1434.75 1212718074
3544.69 1824.46 1212718124
3556.21 1864.66 1212718238
3288.52 1824.46 1212718300
3018.17 2091.36 1212718359
2925.99 2187.39 1212718430
2599.79 2163.94 1212718481
2462.4 2270.03 1212718541
2301.97 2412.98 1212718606
2158.37 2903.25 1212718674
2160.14 2918.89 1212718700
2160.14 2918.89 1212718714
2160.14 2918.89 1212718759
2039.59 2993.72 1212718782
1987.3 2953.51 1212718790
1987.3 2953.51 1212718802
2074.16 2455.42 1212718864
1929.68 2155.01 1212718911
1732.9 1961.82 1212718978
1543.21 1774.21 1212719032
1256.91 1496.16 1212719092
992.762 1219.24 1212719153
712.661 949.027 1212719212
619.59 861.936 1212719274
197.666 802.758 1212719334
202.984 736.882 1212719363
202.984 735.766 1212719365
74.4571 721.251 1212719394
-68.2524 1104.23 1212719476
-243.758 1234.87 1212719541
-597.43 1168.99 1212719577
-703.797 1128.8 1212719637
-695.82 1137.73 1212719733
-829.665 1030.54 1212719793
-894.372 1396.78 1212719854
-929.828 1613.41 1212719920
-980.352 1931.67 1212719943
-924.509 1964.05 1212720012
-475.107 2035.52 1212720078
-366.967 2070.14 1212720133
-366.967 2071.25 1212720135
-275.669 2157.24 1212720195
-352.785 2684.36 1212720273
-450.288 3272.93 1212720316
-505.245 3637.05 1212720387
-556.656 3968.78 1212720441
-610.726 4315.05 1212720496
-482.199 4442.4 1212720556
-481.312 4442.4 1212720596
-482.199 4451.33 1212720623
-352.785 4491.55 1212720689
-225.144 4512.77 1212720740
-126.754 4527.29 1212720795
-119.663 4527.29 1212720808
-43.4333 4468.09 1212720868
8.86394 4163.14 1212720928
43.4333 3947.56 1212720988
100.163 3599.07 1212721048
163.097 3227.14 1212721113
181.711 3087.53 1212721168
208.303 2941.23 1212721230
241.099 2702.23 1212721289
241.099 2702.23 1212721306
277.441 2434.2 1212721355
257.054 2354.91 1212721388
265.032 2349.32 1212721390
132.073 2478.87 1212721456
244.645 2578.26 1212721510
248.19 2569.33 1212721571
243.758 2567.09 1212721607
249.963 2569.33 1212721667
247.304 2565.98 1212721719
246.418 2565.98 1212721779
293.397 2469.93 1212721840
246.418 2533.59 1212721899
115.231 2528.01 1212721956
127.641 2243.23 1212722015
-255.282 2039.99 1212722070
-202.984 1698.28 1212722130
-198.552 1668.13 1212722192
-182.597 1568.75 1212722209
-206.53 1652.5 1212722266
-212.735 1840.1 1212722318
42.5469 2122.62 1212722379
304.92 2316.94 1212722440
304.92 2316.94 1212722455
259.714 2597.25 1212722500
236.667 2749.13 1212722542
671.001 2860.81 1212722592
1094.7 2934.53 1212722652
1337.57 2982.55 1212722718
1698.33 3021.64 1212722772
1696.56 3022.76 1212722806
1814.45 3141.14 1212722867
1471.41 3095.35 1212722918
1262.23 3070.78 1212722974
1113.31 3067.43 1212723054
671.001 2971.38 1212723094
600.975 2855.23 1212723140
595.657 2854.11 1212723143
498.154 2841.83 1212723207
942.237 2906.6 1212723262
1352.64 2997.07 1212723315
1482.94 2779.29 1212723373
1769.24 2822.84 1212723438
2180.53 2890.97 1212723503
2310.83 2861.93 1212723553
2294.88 2739.08 1212723619
2441.13 2823.96 1212723686
2455.31 2921.12 1212723722
2181.42 2855.23 1212723780
2128.23 3090.88 1212723839
2201.8 3562.21 1212723901
2199.14 3596.84 1212723935
2198.26 3597.95 1212723941
2198.26 3597.95 1212723943
1851.68 3487.38 1212724003
1208.16 3389.09 1212724063
1038.85 3361.17 1212724133
981.239 3701.83 1212724194
886.394 4298.3 1212724243
850.052 4545.17 1212724316
977.693 4567.51 1212724363
977.693 4566.39 1212724386
986.557 4512.77 1212724447
1050.38 4162.02 1212724498
1086.72 3936.39 1212724515
928.941 3928.57 1212724581
854.484 4154.2 1212724619
469.789 4093.89 1212724689
304.92 4207.82 1212724754
303.147 4217.87 1212724805
297.829 4210.05 1212724874
301.374 4204.47 1212724935
304.92 4218.99 1212724981
304.92 4218.99 1212725052
306.692 4220.11 1212725102
306.692 4220.11 1212725167
306.692 4220.11 1212725218
640.863 4332.93 1212725239
843.848 3664.97 1212725359
959.079 2927.82 1212725419
1061.9 2273.38 1212725491
1123.06 1882.53 1212725549
1354.41 1789.85 1212725609
1520.17 1779.8 1212725660
2707.94 528.092 1212725790
2962.33 -3802.82 1212725951
3444.53 -5210.99 1212726005
3757.43 -6681.39 1212726062
4023.34 -8162.68 1212726101
3113.02 -15464.8 1212726371
4065 -16174.6 1212726487
3569.51 -16208 1212726646
3415.28 -16141.2 1212726658
3320.43 -15920.6 1212726698
3562.42 -10413.1 1212726900
3913.43 -7417.61 1212726996
3651.06 -5942.88 1212727063
3196.34 -4504.71 1212727123
2711.48 -2952.45 1212727163
3851.38 -179.745 1212727269
3357.66 1232.64 1212727333
3774.27 1863.55 1212727380
3691.83 2224.25 1212727440
3485.3 2410.75 1212727501
2941.06 2970.26 1212727563
2889.65 3098.7 1212727626
2777.07 3540.99 1212727686
2627.27 4166.49 1212727746
2478.36 4302.77 1212727802
1675.29 4817.73 1212727922
1552.08 4849.01 1212727982
1788.74 5042.27 1212728145
2299.31 5380.77 1212728234
2278.03 5387.47 1212728250
2219.53 5388.59 1212728310
1814.45 5060.15 1212728439
1713.4 4737.3 1212728504
1764.81 4248.03 1212728554
1832.18 3718.58 1212728618
1909.29 3427.07 1212728679
1997.93 3145.61 1212728746
2090.12 2896.55 1212728795
2187.62 2869.75 1212728856
2180.53 2886.5 1212728867
2259.42 2890.97 1212728877
2259.42 2890.97 1212728911
2358.7 2810.56 1212728953
