3155.56 2593.9 1211642355
2949.03 3138.91 1211642410
2730.98 3861.55 1211642475
2680.46 4217.87 1211642547
2914.46 4608.84 1211642591
3056.29 4376.49 1211642651
3195.45 3633.7 1211642725
3560.65 3081.95 1211642775
4200.62 2589.43 1211642896
4196.19 2437.55 1211642962
4221.01 2410.75 1211643012
4287.49 2389.53 1211643077
4305.22 2407.39 1211643099
4252.92 2933.41 1211643169
3774.27 3834.75 1211643275
3704.24 3933.04 1211643296
3660.81 3979.95 1211643361
3399.32 4336.28 1211643416
3181.27 4315.05 1211643483
2699.96 4235.75 1211643537
2425.18 4197.77 1211643597
2214.21 4158.67 1211643661
1937.66 4010.11 1211643728
1803.81 3993.36 1211643777
1991.73 4013.46 1211643840
2254.99 4052.56 1211643874
2255.87 4052.56 1211643875
2416.31 4177.66 1211643935
3252.18 4311.7 1211644001
3542.92 4099.47 1211644061
3439.21 3964.32 1211644116
3461.37 3753.21 1211644162
3398.44 3738.69 1211644189
2932.19 3908.47 1211644263
2976.51 4169.84 1211644310
2552.82 5267.93 1211644430
2234.6 5376.3 1211644490
1992.61 5441.09 1211644556
1792.29 5454.5 1211644616
1646.03 5347.25 1211644676
1342 5300.33 1211644731
1515.73 5129.41 1211644791
1660.22 5055.68 1211644852
1637.17 5131.64 1211644912
1754.17 5150.63 1211644936
2286.01 5233.3 1211645003
2484.56 5264.58 1211645066
2608.66 5205.37 1211645125
2941.06 4935.03 1211645193
3214.95 4564.16 1211645232
3539.37 4090.54 1211645293
3270.8 3814.64 1211645352
3032.36 3868.26 1211645432
3145.81 3577.85 1211645473
3136.95 3380.16 1211645533
3029.7 3212.62 1211645627
3019.95 3204.8 1211645686
3027.04 3190.29 1211645764
3021.72 3188.05 1211645788
3166.2 3097.59 1211645872
3428.57 2854.11 1211645930
3671.45 3051.79 1211646005
3784.02 3156.78 1211646020
3901.91 3080.83 1211646088
4101.35 2892.09 1211646125
4098.69 2234.3 1211646245
3702.47 1832.28 1211646305
3795.54 2077.96 1211646379
3425.03 2469.93 1211646426
3394.89 2117.04 1211646487
3495.05 2146.08 1211646535
3516.33 2166.18 1211646548
3410.85 2491.15 1211646598
3067.81 2894.32 1211646720
3070.47 2886.5 1211646839
3069.58 2887.62 1211646878
3068.7 2868.63 1211646953
3068.7 2895.44 1211647052
3066.92 2902.14 1211647102
3071.36 2899.9 1211647157
3073.13 2898.79 1211647238
3066.92 2884.27 1211647278
3076.68 2879.8 1211647413
3062.49 2896.55 1211647517
3066.04 2904.37 1211647577
3088.2 2892.09 1211647638
3081.11 2902.14 1211647698
3079.33 2903.25 1211647764
3072.24 2915.54 1211647976
3071.36 2920.01 1211648026
3090.86 2903.25 1211648091
3076.68 2907.72 1211648146
3079.33 2902.14 1211648207
3076.68 2912.19 1211648272
3035.01 2887.62 1211648364
2900.28 3048.44 1211648419
2840.89 3249.48 1211648486
2710.59 3293.04 1211648543
2558.13 3180.23 1211648600
2647.66 3191.4 1211648661
2623.73 3276.29 1211648729
2588.27 3269.58 1211648787
2575.86 3295.27 1211648973
2568.77 3284.1 1211649025
2560.79 3271.82 1211649136
2570.54 3260.65 1211649196
2540.41 3256.18 1211649253
1891.57 3153.43 1211649305
1251.59 3065.2 1211649362
941.351 3008.24 1211649431
386.468 2923.36 1211649494
95.7306 2878.68 1211649541
-104.595 3029.46 1211649607
-33.683 3387.97 1211649717
-53.1837 3615.83 1211649734
-239.326 3877.19 1211649797
-281.873 4150.85 1211649852
-282.76 4164.26 1211649865
-571.724 4048.09 1211649928
-460.039 4044.74 1211649994
274.782 4166.49 1211650115
266.805 4465.85 1211650170
533.609 4521.71 1211650225
539.814 4522.82 1211650259
966.17 4593.2 1211650316
931.601 5002.05 1211650385
1513.08 5139.46 1211650505
1555.62 5124.94 1211650556
1924.36 5176.33 1211650616
2169.01 5206.49 1211650690
2362.24 5338.31 1211650736
2281.58 5385.24 1211650856
2276.26 5385.24 1211650922
2276.26 5385.24 1211650976
2272.72 5391.94 1211651037
2274.49 5386.35 1211651154
2274.49 5383 1211651210
2276.26 5383 1211651276
2272.72 5379.65 1211651336
2273.6 5376.3 1211651404
2275.37 5386.35 1211651465
2272.72 5380.77 1211651501
2235.49 5389.7 1211651562
2128.23 5388.59 1211651626
2076.82 5320.44 1211651681
2118.48 4996.47 1211651743
2429.61 5041.15 1211651803
2076.82 4989.77 1211651869
2526.22 5155.1 1211652015
2698.18 4994.23 1211652045
2832.92 4892.58 1211652090
3057.17 4337.39 1211652149
2716.8 4241.33 1211652214
2491.65 4216.76 1211652248
2111.39 4158.67 1211652311
1975.77 4298.3 1211652367
1975.77 4298.3 1211652410
1974.89 4309.47 1211652418
2194.71 4325.11 1211652472
2239.03 4229.04 1211652524
2262.97 4062.61 1211652579
2289.56 3835.86 1211652648
2373.76 3759.91 1211652706
2421.63 3886.13 1211652766
2431.38 3948.68 1211652833
2467.72 3993.36 1211652883
2583.84 4001.18 1211652947
2677.8 4030.22 1211653003
2700.84 4235.75 1211653065
2910.92 4612.19 1211653123
2853.3 4988.65 1211653184
2555.48 5257.88 1211653244
2553.7 5259 1211653304
2211.55 5229.95 1211653364
1968.68 5224.36 1211653448
1967.8 5295.86 1211653538
1974 5303.68 1211653719
