-5040.04 10358.2 1212373313
-3518.1 5198.67 1212373519
-3220.27 4888.11 1212373552
-3093.52 3352.23 1212373628
-3745.02 2688.82 1212373690
-4068.55 2315.82 1212373744
-4309.65 2016.54 1212373804
-4827.3 1778.68 1212373864
-5345.84 1345.42 1212373959
-5283.8 1112.05 1212373979
-5391.94 1023.84 1212374007
-4836.17 1203.61 1212374074
-3925.84 1177.93 1212374128
-3007.54 1330.9 1212374189
-2371.11 1313.04 1212374249
-1997.93 1579.91 1212374310
-1687.7 1636.86 1212374370
-1590.19 2056.74 1212374432
-1069.88 2337.04 1212374492
-403.309 2565.98 1212374553
106.367 2672.07 1212374614
989.216 2807.21 1212374673
1221.45 2732.38 1212374733
2058.21 2861.93 1212374853
2146.85 2853 1212374889
1716.06 2853 1212374951
2061.75 2551.46 1212375011
2376.42 2337.04 1212375072
2650.32 2063.44 1212375134
3060.72 1650.26 1212375195
3610.28 724.6 1212375245
3900.14 -781.469 1212375284
3237.11 -2186.81 1212375330
2802.78 -3220.29 1212375370
2867.49 -3465.81 1212375383
2867.49 -3465.81 1212375409
3267.25 -4906.39 1212375424
3534.05 -5434.13 1212375448
3534.05 -5434.13 1212375478
3956.86 -7768.96 1212375512
