1950.95 4757.41 1211067339
1950.07 4757.41 1211067345
1950.95 4758.53 1211067367
1863.2 4723.9 1211067372
1936.77 4298.3 1211067432
1990.84 3909.58 1211067492
1905.75 3600.19 1211067561
1905.75 3600.19 1211067608
1905.75 3600.19 1211067775
2149.51 2672.07 1211067781
2332.1 2682.12 1211067841
2473.93 2638.57 1211067902
2901.17 2208.61 1211067962
3113.02 1991.97 1211068022
3277 1827.81 1211068082
3649.29 1844.56 1211068142
3870 1630.16 1211068207
3884.18 1582.15 1211068253
3884.18 1582.15 1211068254
3870.88 1552 1211068315
3779.59 1731.78 1211068375
3746.79 1758.58 1211068435
3538.49 1827.81 1211068496
3284.09 1820 1211068556
3143.15 1954 1211068617
2998.67 2137.14 1211068677
2993.35 2132.67 1211068841
2900.28 2213.08 1211068902
2773.53 2341.51 1211068962
2694.64 2421.91 1211069022
2659.18 2455.42 1211069082
2600.68 2510.14 1211069142
2556.36 2552.58 1211069207
2473.04 2660.9 1211069262
2381.74 2785.99 1211069323
2247.01 2797.16 1211069388
2155.71 2947.93 1211069446
2155.71 2947.93 1211069476
1437.73 2871.98 1211069563
