3651.06 -926.591 1212843248
3646.63 -922.126 1212843311
3620.92 -981.29 1212843367
3512.78 -1154.32 1212843429
2960.56 -1196.73 1212843487
2669.82 -136.204 1212843548
2590.93 1387.85 1212843602
2498.75 1824.46 1212843668
2081.25 2292.37 1212843723
2226.62 2429.73 1212843783
2434.04 2641.92 1212843854
2610.43 2817.26 1212843903
2767.32 2741.31 1212843963
2977.4 2938.99 1212844023
2942.83 2969.15 1212844084
2924.22 2964.68 1212844145
2922.44 2965.8 1212844204
2930.42 2966.91 1212844264
2949.03 2968.03 1212844324
2951.69 2969.15 1212844385
2955.24 2947.93 1212844446
2942.83 2963.56 1212844506
2941.94 2980.32 1212844566
2957.01 2953.51 1212844627
2933.97 2979.2 1212844688
2948.15 2956.86 1212844748
2951.69 2960.21 1212844808
2955.24 2951.28 1212844869
2954.35 2952.39 1212844929
2941.06 2961.33 1212844990
2941.94 2973.61 1212845056
2940.17 2960.21 1212845111
2948.15 2927.82 1212845173
2953.47 2937.88 1212845231
2950.81 2965.8 1212845292
2957.9 2944.58 1212845352
2985.38 2926.71 1212845463
