1982.86 592.85 1212131193
1980.21 1043.94 1212131194
2026.3 1412.42 1212131195
2245.24 2079.07 1212131196
1938.54 2513.49 1212131200
1828.63 3113.22 1212131267
1843.7 3386.86 1212131301
1849.91 3391.33 1212131303
1829.52 3484.03 1212131363
2188.51 3534.29 1212131423
2222.19 3429.3 1212131483
2288.67 3046.21 1212131543
2334.76 2848.53 1212131609
2245.24 2912.19 1212131663
2551.93 2969.15 1212131730
2622.84 2894.32 1212131790
2770.87 2727.91 1212131854
2996.9 2916.66 1212131900
2993.35 2957.98 1212131933
2795.69 2740.2 1212131984
2537.75 2472.17 1212132050
1996.16 1939.48 1212132106
1459.89 1918.27 1212132167
1062.79 1742.95 1212132227
399.764 1632.4 1212132290
-898.804 1349.89 1212132408
-928.941 1214.77 1212132473
-1148.77 1110.93 1212132546
-1148.77 1112.05 1212132550
-1162.06 1069.62 1212132618
-1160.29 1070.73 1212132626
-858.916 1136.61 1212132682
-928.941 1594.43 1212132742
-1006.06 2048.92 1212132808
-1037.08 2452.07 1212132873
-963.511 2902.14 1212132933
-976.807 3010.47 1212132987
-985.671 3078.6 1212133036
-985.671 3078.6 1212133037
-887.281 3147.84 1212133097
-587.68 3094.23 1212133157
-357.217 3234.96 1212133217
47.8653 3188.05 1212133282
186.143 3056.26 1212133338
633.772 3069.66 1212133399
958.192 3131.09 1212133463
1381.89 3059.61 1212133522
1669.08 3021.64 1212133578
2108.73 3089.77 1212133638
2286.9 3017.17 1212133698
2202.69 2994.84 1212133758
2132.67 2889.85 1212133818
2171.67 2887.62 1212133879
2167.23 2856.35 1212133939
2127.35 2698.88 1212134002
2202.69 2981.43 1212134062
2181.42 2903.25 1212134127
2246.12 2751.37 1212134182
2543.07 2804.97 1212134243
2878.12 3103.17 1212134305
3099.72 3286.34 1212134364
3147.59 3224.91 1212134380
2979.17 2954.63 1212134449
2645 2620.7 1212134500
2209.78 2139.38 1212134566
1954.5 1892.58 1212134621
1459.01 1920.5 1212134681
1240.95 1882.53 1212134742
709.116 1693.81 1212134802
124.982 1567.63 1212134862
115.231 1386.73 1212134916
114.345 1387.85 1212134994
11.5231 1363.28 1212135062
10.6367 1353.23 1212135075
382.922 1321.97 1212135134
576.156 1050.64 1212135187
587.68 846.304 1212135252
257.054 491.248 1212135305
55.8428 78.151 1212135373
69.1388 18.9795 1212135429
60.2748 137.323 1212135496
61.1612 136.207 1212135526
110.799 330.472 1212135567
603.635 482.316 1212135642
766.731 497.947 1212135670
1177.13 528.092 1212135725
1282.61 530.325 1212135784
1282.61 530.325 1212135844
1280.84 530.325 1212135860
1539.67 554.889 1212135916
1708.97 570.52 1212135976
2227.51 609.598 1212136029
2817.85 649.793 1212136089
3091.74 529.209 1212136144
3230.02 535.908 1212136172
2936.62 667.657 1212136236
2263.85 614.064 1212136292
1849.02 586.151 1212136354
1437.73 549.306 1212136412
1260.45 541.49 1212136474
1261.34 541.49 1212136475
1197.52 534.791 1212136535
996.307 496.83 1212136602
1139.9 339.404 1212136660
1290.59 349.453 1212136715
1446.6 207.66 1212136762
1082.29 163.002 1212136828
1033.54 449.937 1212136886
993.648 922.23 1212136941
915.645 1316.39 1212137001
853.598 1704.98 1212137061
681.637 1686 1212137126
37.2286 1586.61 1212137181
-613.385 1489.46 1212137246
-1071.65 1568.75 1212137304
-1145.22 1601.13 1212137354
-1145.22 1600.01 1212137361
-1037.97 1739.6 1212137426
-429.901 1836.75 1212137480
-199.439 1710.56 1212137520
-197.666 1651.38 1212137548
-1303.89 1382.27 1212137669
-1634.51 1285.12 1212137730
-1560.94 838.488 1212137794
-1467.87 285.813 1212137849
-1442.16 234.455 1212137911
-1442.16 234.455 1212137913
-1215.25 167.467 1212137977
-738.367 203.194 1212138032
-241.099 192.03 1212138092
-53.1837 78.151 1212138152
56.7292 84.8497 1212138222
62.0476 185.331 1212138243
249.077 467.801 1212138303
751.662 961.31 1212138373
1193.09 1396.78 1212138427
1480.28 1689.35 1212138488
1477.62 1682.65 1212138514
1477.62 1684.88 1212138515
1642.49 1597.78 1212138577
1982.86 1243.81 1212138635
1877.38 1251.62 1212138695
1841.04 1220.36 1212138755
1789.63 762.563 1212138821
1517.51 553.772 1212138876
1230.32 537.024 1212138936
1164.72 167.467 1212139005
669.228 131.741 1212139066
670.114 131.741 1212139082
670.114 130.624 1212139095
669.228 136.207 1212139155
666.569 132.857 1212139220
623.135 468.917 1212139275
605.407 799.409 1212139335
482.199 1228.17 1212139456
308.465 1418 1212139516
-120.55 1353.23 1212139576
-579.702 1279.54 1212139646
-900.577 1225.94 1212139703
-1146.11 1186.86 1212139731
-1146.11 1186.86 1212139733
-1012.26 1098.65 1212139794
-470.675 1185.74 1212139854
-6.20476 928.929 1212139920
45.2061 240.038 1212139980
67.366 74.8017 1212140035
257.054 476.733 1212140102
668.341 884.267 1212140155
1060.13 1272.84 1212140215
1295.91 1503.98 1212140236
1605.26 1811.06 1212140298
2130.01 1814.41 1212140356
2255.87 1674.83 1212140416
2428.72 1816.65 1212140476
2851.53 2247.7 1212140536
2823.17 2664.26 1212140596
2828.48 2488.92 1212140625
2469.49 2650.85 1212140694
2198.26 2822.84 1212140741
2174.33 2860.81 1212140765
2166.35 2933.41 1212140791
1901.32 2949.04 1212140851
1727.58 2790.45 1212140911
1727.58 2790.45 1212140923
1480.28 2888.74 1212140985
1409.37 2859.7 1212141008
1411.14 2861.93 1212141015
1479.39 2548.11 1212141073
1812.68 2289.02 1212141133
2017.43 1941.72 1212141202
2321.47 2254.4 1212141259
2581.18 2504.55 1212141314
2619.3 2529.12 1212141368
2620.18 2528.01 1212141370
2732.75 2672.07 1212141428
2404.79 2342.62 1212141488
2176.98 2724.56 1212141548
2009.46 2961.33 1212141609
1518.39 2890.97 1212141671
1295.02 2857.46 1212141731
1041.51 2812.79 1212141792
524.746 2755.83 1212141852
-531.837 2561.51 1212141918
-1475.85 2427.5 1212141973
-1771.9 2638.57 1212142034
-1783.43 2853 1212142075
-1783.43 2853 1212142110
-1783.43 2853 1212142111
-1760.38 2896.55 1212142143
-1502.44 2935.64 1212142208
-1106.22 3000.42 1212142244
-446.743 3108.75 1212142303
-397.105 2981.43 1212142364
-89.5258 3171.3 1212142425
194.12 3017.17 1212142484
195.007 3017.17 1212142510
329.739 3021.64 1212142539
177.279 3138.91 1212142600
171.074 3137.79 1212142660
170.188 3136.68 1212142671
-71.7979 3066.31 1212142731
-736.594 2957.98 1212142791
-1026.44 2514.61 1212142851
-1016.69 2075.72 1212142911
-921.85 1449.27 1212142971
-1710.74 1218.12 1212143032
-2200.92 675.473 1212143092
-2721.23 645.327 1212143153
-3588.12 596.2 1212143228
-3567.74 -11.1644 1212143274
-3538.49 -627.414 1212143334
-3511.89 -1194.5 1212143395
-3509.24 -1700.16 1212143470
-3526.96 -1690.11 1212143492
-3526.96 -1690.11 1212143499
-3559.76 -1855.31 1212143563
-3630.67 -2058.45 1212143618
-3559.76 -1913.35 1212143678
-3213.18 -1894.38 1212143739
-2883.44 -2081.89 1212143796
-3464.03 -1898.84 1212143924
-4002.96 -1925.63 1212143985
-3980.8 -1941.26 1212144045
-3979.02 -1942.37 1212144111
-3980.8 -1942.37 1212144176
-4083.62 -1942.37 1212144229
-4083.62 -1942.37 1212144281
-3831 -1942.37 1212144329
-3445.42 -2322.98 1212144393
-3183.04 -2516.07 1212144429
-3346.14 -2835.26 1212144489
-3472.89 -2840.84 1212144541
-3484.42 -3070.75 1212144597
-3226.48 -3239.26 1212144657
-3113.02 -3305.11 1212144717
-2824.05 -3589.68 1212144777
-2278.92 -3923.34 1212144837
-1858.77 -4034.93 1212144897
-1510.42 -4139.82 1212144967
-1130.15 -4328.4 1212145018
-640.863 -4676.54 1212145078
-140.05 -5078.22 1212145139
892.599 -5517.81 1212145204
1314.52 -5739.83 1212145261
1312.75 -5590.33 1212145324
1312.75 -5591.45 1212145337
1087.61 -5663.97 1212145397
746.344 -5437.48 1212145427
195.893 -5244.46 1212145492
196.78 -5244.46 1212145499
-296.056 -4976.69 1212145561
-234.895 -4487.97 1212145617
95.7306 -3936.73 1212145682
374.945 -3530.53 1212145747
842.075 -2941.29 1212145801
1088.49 -2235.92 1212145853
1154.97 -2116.49 1212145877
1451.91 -1533.84 1212145947
1538.78 -985.756 1212146002
1492.69 -373.998 1212146057
1451.91 158.536 1212146117
1432.41 355.035 1212146177
1392.53 1061.8 1212146251
1504.21 1386.73 1212146298
1787.86 1719.5 1212146369
2376.42 2304.65 1212146418
2572.32 2519.07 1212146483
2530.66 2598.36 1212146510
2532.43 2598.36 1212146512
2486.34 2705.58 1212146573
2745.16 2749.13 1212146633
2851.53 3241.66 1212146682
2743.39 3334.36 1212146754
1421.78 2998.19 1212146890
1446.6 2609.53 1212146950
1560.94 1936.13 1212147010
1754.17 1938.37 1212147070
1873.84 1809.95 1212147131
1532.58 1462.66 1212147191
1534.35 1461.55 1212147239
1409.37 1343.19 1212147299
1370.37 1263.91 1212147360
1389.87 898.782 1212147423
1431.53 385.18 1212147477
1452.8 51.3563 1212147544
1487.37 -410.839 1212147597
1537.89 -1044.92 1212147660
1440.39 -1538.31 1212147722
1256.02 -1880.98 1212147778
1175.36 -1985.9 1212147838
1177.13 -1995.95 1212147898
1154.09 -1991.48 1212147958
1174.47 -2005.99 1212148011
1176.25 -2013.81 1212148071
1165.61 -2011.57 1212148132
1257.79 -1914.47 1212148192
1363.27 -1696.81 1212148254
1413.8 -1603.05 1212148283
1735.56 -1338.5 1212148361
2496.97 -1303.9 1212148408
3379.82 -1171.06 1212148469
3744.13 -985.756 1212148534
3583.69 -955.615 1212148589
3585.47 -957.848 1212148656
3589.01 -965.662 1212148710
