885.508 3801.24 1211417226
882.849 4315.05 1211417296
950.215 4375.37 1211417301
1034.42 4255.85 1211417347
1054.81 4113.99 1211417363
1076.08 3987.77 1211417365
1076.08 3987.77 1211417401
1076.08 3987.77 1211417419
1121.29 3671.67 1211417432
1159.4 3457.22 1211417482
1174.47 3334.36 1211417542
1183.34 3343.3 1211417602
1072.54 3241.66 1211417663
651.5 3175.77 1211417722
-131.186 3051.79 1211417784
-714.434 2962.45 1211417834
-1240.07 2731.26 1211417896
-1536.12 2416.33 1211417959
-2005.02 2370.54 1211418029
-2733.64 2326.99 1211418077
-3152.02 2301.3 1211418192
-3179.5 2301.3 1211418252
-3440.1 2284.55 1211418312
-3826.56 2262.22 1211418374
-4305.22 2234.3 1211418438
-4519.73 2222.01 1211418506
-4521.5 1888.11 1211418541
-4619 1794.31 1211418587
-4619 1793.2 1211418596
-4719.16 2084.66 1211418662
-4273.31 2223.13 1211418716
-3792.88 2252.17 1211418789
-3292.07 2281.2 1211418836
-3287.64 2281.2 1211418881
-3022.61 2302.42 1211418913
-3327.52 2504.55 1211418999
-3763.63 2481.1 1211419061
-4066.78 2463.23 1211419087
-4073.87 2462.12 1211419102
-4150.99 2457.65 1211419114
-4680.16 2428.61 1211419173
-5019.65 2296.84 1211419238
-4838.83 2191.86 1211419294
-4403.61 2217.55 1211419367
-3896.59 2249.93 1211419414
-3514.55 2265.57 1211419474
-3019.95 2293.49 1211419536
-2660.96 2315.82 1211419601
-2453.54 2326.99 1211419646
-1950.07 2370.54 1211419692
-1921.7 2873.1 1211419755
-1459.89 2945.69 1211419815
-662.137 3078.6 1211419876
-288.078 3133.33 1211419930
4.43197 3179.12 1211419990
119.663 3490.73 1211420060
67.366 3842.57 1211420111
140.937 4145.27 1211420181
510.563 4203.35 1211420242
842.961 4258.09 1211420292
1045.06 4283.78 1211420351
1213.47 4130.75 1211420411
1228.54 4017.93 1211420477
1271.09 3742.04 1211420523
1293.25 3590.14 1211420558
1593.74 3433.77 1211420618
2356.04 3559.98 1211420744
2632.59 3605.77 1211420799
3050.97 3614.71 1211420920
3224.7 3647.1 1211420985
3477.33 3733.1 1211421041
3620.92 3765.5 1211421094
3620.92 3762.14 1211421096
3705.13 3635.93 1211421172
3472.01 3667.2 1211421241
3343.48 3613.59 1211421297
3351.46 3608.01 1211421316
3291.18 3654.92 1211421381
3015.51 3536.52 1211421442
2740.73 3513.07 1211421506
2533.32 3484.03 1211421562
2404.79 3458.34 1211421617
1982.86 3399.14 1211421677
1339.34 3293.04 1211421747
1229.43 3279.64 1211421803
1051.26 3337.71 1211421863
994.535 3705.18 1211421916
994.535 3705.18 1211421918
913.873 4131.86 1211421982
731.275 4561.92 1211422044
468.903 4525.06 1211422104
464.471 4519.47 1211422162
364.308 4775.28 1211422219
186.143 4947.32 1211422284
