4038.41 -16167.9 1212336320
3849.61 -16110 1212336509
3092.63 -15073.7 1212336512
2758.46 -13607 1212336589
4113.76 -9538.88 1212336721
4026 -8063.41 1212336796
3756.54 -6562.03 1212336806
3387.8 -5081.57 1212336869
2948.15 -3608.65 1212336904
2732.75 -3011.6 1212336965
3567.74 -1757.09 1212336975
3850.5 -238.914 1212337032
3363.87 1186.86 1212337083
3858.47 2044.45 1212337143
3432.12 2465.47 1212337203
3052.74 2850.76 1212337263
2852.42 3156.78 1212337329
2792.14 3568.91 1212337383
2653.86 3610.24 1212337443
2229.28 3543.23 1212337506
2212.44 3591.25 1212337565
2207.12 3587.9 1212337608
2207.12 3587.9 1212337609
2205.35 3593.49 1212337631
2226.62 3536.52 1212337683
2503.18 3562.21 1212337743
2444.68 3589.02 1212337803
2447.34 3573.38 1212337810
2211.55 3443.82 1212337871
2243.46 3172.42 1212337934
2270.94 2924.47 1212337992
2552.82 2617.35 1212338053
2668.05 2332.57 1212338113
2668.93 2326.99 1212338150
2668.05 2333.69 1212338152
2417.2 2314.7 1212338212
2543.95 2471.05 1212338280
2457.09 2683.24 1212338332
2179.64 2799.39 1212338393
2148.62 3049.56 1212338454
2107.85 3293.04 1212338486
2172.55 3524.24 1212338535
2168.12 3529.82 1212338556
2169.89 3534.29 1212338616
2170.78 3527.59 1212338669
2173.44 3522 1212338731
2170.78 3527.59 1212338783
2170.78 3530.94 1212338844
2171.67 3523.12 1212338904
2171.67 3528.71 1212338965
2173.44 3528.71 1212339029
2171.67 3533.17 1212339087
2170.78 3530.94 1212339150
2171.67 3528.71 1212339208
2169.89 3540.99 1212339268
2191.17 3533.17 1212339315
2189.39 3530.94 1212339372
2193.83 3517.54 1212339433
2192.94 3515.3 1212339493
2188.51 3553.28 1212339552
2211.55 3537.64 1212339600
2372.88 3535.41 1212339662
2884.33 3677.26 1212339722
2903.83 3682.84 1212339784
2967.65 3322.08 1212339844
2990.69 3214.86 1212339926
3007.54 3162.36 1212339936
3053.63 3122.16 1212339938
3152.02 3089.77 1212339998
3295.61 3421.48 1212340062
3319.55 3456.11 1212340122
3159.11 3334.36 1212340179
3218.5 3530.94 1212340240
3095.29 3419.25 1212340300
2961.44 3363.4 1212340336
2546.61 3461.69 1212340396
2303.74 3526.47 1212340456
2221.3 3549.93 1212340516
2224.85 3554.39 1212340576
2222.19 3558.86 1212340636
2219.53 3566.68 1212340697
2222.19 3574.5 1212340758
2223.08 3558.86 1212340818
2224.85 3553.28 1212340864
2224.85 3548.81 1212340920
2211.55 3544.34 1212340980
2106.07 3632.58 1212341040
2174.33 3535.41 1212341100
2463.29 3563.33 1212341178
2569.66 3580.08 1212341225
2886.1 3600.19 1212341255
2906.49 3594.6 1212341335
2934.85 3562.21 1212341401
2933.08 3544.34 1212341460
2931.31 3540.99 1212341518
2915.35 3620.29 1212341578
2913.58 3624.76 1212341639
2942.83 3645.98 1212341699
3075.79 3433.77 1212341760
3136.95 3495.2 1212341835
2974.74 3879.43 1212341892
3207.86 4215.64 1212342085
3126.31 4170.96 1212342150
3086.43 3675.02 1212342232
3081.99 3726.4 1212342280
3078.45 3723.05 1212342346
3080.22 3734.22 1212342401
3081.11 3726.4 1212342461
3081.11 3742.04 1212342529
3082.88 3756.56 1212342588
3093.52 3752.09 1212342642
3093.52 3752.09 1212342682
3118.34 3809.06 1212342747
3091.74 3424.83 1212342807
3156.45 3370.1 1212342864
2839.12 3033.92 1212342923
2598.02 2831.78 1212342983
2278.92 2500.09 1212343047
2068.84 2262.22 1212343104
1523.71 1682.65 1212343167
1383.66 1605.6 1212343230
993.648 1228.17 1212343286
735.707 970.242 1212343352
443.197 681.056 1212343406
298.715 532.558 1212343466
-748.117 3.34932 1212343600
-647.068 -299.2 1212343666
-681.637 -1097.39 1212343706
-792.437 -1455.71 1212343767
-1403.16 -1616.44 1212343827
-1405.82 -1615.33 1212343894
-1865.86 -2087.47 1212343960
-2035.16 -2181.23 1212344008
