32645.9 -51493.7 1212352136
32583 -51448.2 1212352138
32888.8 -51833.2 1212352198
33163.6 -51730 1212352269
33340 -50246.5 1212352326
33283.2 -49268.9 1212352385
34748.4 -49365.4 1212352430
36193.3 -49359.9 1212352483
38396.8 -48770.6 1212352554
37596.4 -47957 1212352605
36232.3 -47374.3 1212352655
34793.6 -47386.5 1212352704
33357.7 -47072.3 1212352764
33297.4 -45599.2 1212352812
33052.8 -44111.3 1212352867
32625.5 -42684.2 1212352918
32542.2 -41213.5 1212352952
32439.4 -39692.6 1212353000
31381 -38609.3 1212353061
30238.5 -37601.4 1212353103
29232.4 -36475.5 1212353161
28257.4 -35309.5 1212353197
27248.7 -34203.3 1212353250
26072.4 -33334.9 1212353302
24810.2 -32410.9 1212353345
23623.3 -31535.6 1212353386
22807.8 -30947.3 1212353416
21348.8 -30525.7 1212353461
19909.3 -30271 1212353505
18563.8 -29612.5 1212353551
17259.9 -28920.5 1212353597
16266.2 -27818 1212353647
15251.3 -26694.1 1212353697
14315.3 -25654.7 1212353746
13426.2 -24468.2 1212353795
12537.2 -23263.7 1212353867
11632.2 -22075.7 1212353896
10683.7 -20975.6 1212353950
9682.09 -19818.5 1212353990
8303.74 -19307.3 1212354042
6850.94 -19138 1212354089
5699.52 -18207.9 1212354141
4531.25 -17242 1212354196
3703.36 -16258.2 1212354256
4378.79 -16053.2 1212354505
4392.08 -16030.9 1212354571
4391.2 -16029.8 1212354626
4390.31 -16032 1212354687
4391.2 -16029.8 1212354758
4392.08 -16026.4 1212354806
4392.08 -16028.7 1212354866
4392.97 -16025.3 1212354933
4392.08 -16026.4 1212354986
4392.08 -16026.4 1212355046
4392.97 -16027.5 1212355106
4392.97 -16027.5 1212355167
4393.86 -16026.4 1212355227
4393.86 -16026.4 1212355278
4392.97 -16027.5 1212355338
4392.97 -16028.7 1212355414
4392.97 -16027.5 1212355467
4392.97 -16025.3 1212355518
4392.97 -16024.2 1212355579
4393.86 -16026.4 1212355639
4391.2 -16025.3 1212355699
