4197.08 -16037.6 1211661397
3706.02 -16315 1211661466
4041.96 -16193.6 1211661513
4037.53 -16185.8 1211661587
3830.11 -16047.6 1211661618
3170.63 -15389 1211661678
2606 -14012.7 1211661744
1152.31 -14351.5 1211661794
0.886394 -14392.8 1211661845
-788.005 -13133.3 1211661887
-1744.42 -11909.3 1211661944
-2641.46 -10718.6 1211661989
-3100.61 -9305.81 1211662035
-3058.06 -7822.5 1211662084
-3156.45 -6314.37 1211662138
-1857 -5528.97 1211662190
-1068.99 -4200.08 1211662245
60.2748 -3242.61 1211662292
381.15 -3017.18 1211662352
148.028 -2763.83 1211662412
0.886394 -2405.57 1211662472
-2.65918 -2042.83 1211662533
-390.9 -1624.26 1211662594
-389.127 -1622.02 1211662633
-389.127 -1623.14 1211662690
-390.014 -1623.14 1211662798
-390.9 -1556.17 1211662817
-464.471 -1435.61 1211662833
-494.608 -1440.08 1211662856
-851.825 -1471.33 1211662917
-1599.94 -1754.85 1211662988
-2040.48 -2179 1211663037
-2847.1 -2487.05 1211663098
-3143.15 -2788.39 1211663158
-3230.91 -3817.33 1211663231
-3253.07 -4288.23 1211663257
