3731.72 -966.778 1211389136
3585.47 -992.453 1211389194
3692.72 -1148.73 1211389256
3832.77 -1137.57 1211389326
3514.55 -1814.01 1211389371
2743.39 -3057.35 1211389425
3723.74 -6462.74 1211389542
3987.89 -7940.73 1211389591
4126.17 -9478.66 1211389641
3271.68 -10724.2 1211389698
2543.95 -12019.7 1211389744
2696.41 -13517.8 1211389790
3013.74 -15006.8 1211389838
3495.05 -16413.1 1211389899
4581.77 -17343.4 1211389954
5157.93 -17382.4 1211390014
5058.65 -17360.1 1211390084
4330.92 -17009.1 1211390139
4316.74 -16898.8 1211390194
4322.06 -16901.1 1211390260
4319.4 -16900 1211390314
4315.85 -16896.6 1211390374
4315.85 -16897.7 1211390441
4315.85 -16898.8 1211390494
4316.74 -16900 1211390554
4316.74 -16900 1211390614
4317.63 -16900 1211390674
4316.74 -16900 1211390734
4315.85 -16898.8 1211390795
4315.85 -16897.7 1211390855
4315.85 -16896.6 1211390889
4316.74 -16897.7 1211390950
4317.63 -16898.8 1211391010
4314.97 -16898.8 1211391071
4314.08 -16900 1211391136
4314.08 -16900 1211391191
4314.97 -16901.1 1211391251
4315.85 -16900 1211391312
4315.85 -16900 1211391372
4316.74 -16900 1211391432
4315.85 -16900 1211391498
4316.74 -16900 1211391565
4316.74 -16898.8 1211391595
4323.83 -16882.1 1211391659
4306.1 -16893.3 1211391711
4306.1 -16893.3 1211391712
4339.79 -16915.6 1211391755
4305.22 -16897.7 1211391962
4308.76 -16941.2 1211392026
4756.39 -17401.3 1211392087
4878.71 -17419.1 1211392142
3886.84 -16697.2 1211392202
