-1535.24 -11976.2 1212015942
-1552.08 -11781.1 1212016002
-2074.16 -10570.3 1212016085
-2574.09 -9969.31 1212016145
-3178.61 -9001.36 1212016206
-3061.61 -7522.46 1212016258
-3074.9 -5996.43 1212016312
-2062.64 -5544.59 1212016349
-1146.11 -4791.47 1212016389
-477.767 -3442.37 1212016443
1487.37 -3158.91 1212016507
2744.28 -2699.1 1212016574
3683.86 -1576.26 1212016607
3849.61 -88.1981 1212016691
3344.37 1325.32 1212016718
3630.67 1729.55 1212016779
3865.57 1977.45 1212016840
3857.59 1990.85 1212016900
3677.65 2206.38 1212016961
3472.89 2421.91 1212017006
2975.63 2926.71 1212017065
2858.62 3049.56 1212017125
2840.89 3293.04 1212017179
2685.78 3504.13 1212017234
2114.94 3415.9 1212017294
1362.39 3291.92 1212017354
1227.66 3289.69 1212017397
956.42 3230.49 1212017458
177.279 3108.75 1212017517
-382.036 3002.65 1212017577
-380.263 3003.77 1212017587
-397.991 2909.96 1212017647
-225.144 2713.39 1212017707
93.9578 2768.12 1212017767
207.416 2964.68 1212017827
170.188 3190.29 1212017888
163.097 3166.83 1212017910
538.928 3264 1212017970
1115.08 3361.17 1212018030
1314.52 3396.91 1212018090
1338.46 3296.39 1212018150
1287.04 3290.8 1212018202
1287.93 3293.04 1212018204
1206.38 3320.96 1212018264
1214.36 3331.01 1212018311
1179.79 3438.24 1212018371
1100.02 3468.39 1212018432
917.418 3446.05 1212018492
754.322 3414.78 1212018553
570.838 3475.09 1212018613
414.833 3441.59 1212018654
414.833 3441.59 1212018656
430.788 3348.88 1212018685
288.078 3315.38 1212018749
444.97 3299.74 1212018809
858.916 3317.61 1212018865
1152.31 3367.87 1212018925
1380.12 3401.38 1212018985
2109.62 3497.43 1212019046
2295.76 3551.04 1212019108
2584.73 3572.27 1212019166
2826.71 3610.24 1212019226
3013.74 3433.77 1212019289
3378.94 3616.94 1212019347
3421.48 3621.41 1212019408
3425.03 3653.8 1212019425
3348.8 3452.75 1212019485
3086.43 3143.38 1212019549
2796.57 2947.93 1212019606
2863.94 3083.07 1212019636
2457.09 3043.98 1212019693
2013.89 2965.8 1212019756
1739.99 2930.06 1212019811
1289.7 2858.58 1212019872
1144.34 2838.48 1212019932
1065.45 2828.43 1212019962
564.633 2764.77 1212020022
-286.305 2596.13 1212020082
-781.8 2528.01 1212020142
-850.052 2516.84 1212020203
-1015.81 2483.34 1212020264
-1016.69 2481.1 1212020331
-1020.24 2119.27 1212020390
-992.762 1965.17 1212020408
-933.373 1518.5 1212020469
-1014.04 1410.18 1212020529
-1527.26 1317.5 1212020590
-1815.34 878.684 1212020656
-2200.92 679.939 1212020716
-2245.24 573.869 1212020763
-2254.1 566.054 1212020818
-2255.87 563.821 1212020820
-2256.76 558.238 1212020844
-2247.9 409.743 1212020905
-1995.27 358.385 1212020965
-1967.8 340.521 1212021027
-1873.84 410.86 1212021087
-2041.37 348.336 1212021147
-2215.1 289.163 1212021207
-2489.88 242.271 1212021267
-2513.81 37.959 1212021327
-2481.02 -515.778 1212021387
-2465.06 -795.982 1212021447
-2199.14 -1167.71 1212021508
-2047.57 -1383.15 1212021542
-2059.98 -1406.59 1212021604
-1713.4 -1568.45 1212021661
-1467.87 -1623.14 1212021713
-1467.87 -1622.02 1212021774
-1201.95 -1933.44 1212021835
-603.635 -2489.28 1212021896
-221.599 -2891.06 1212021956
-40.7741 -2930.13 1212022017
111.686 -3066.28 1212022077
537.155 -3134.36 1212022138
1989.07 -3068.51 1212022190
2986.26 -3865.31 1212022250
3501.26 -5312.52 1212022299
3781.36 -6807.44 1212022345
3920.52 -7582.69 1212022377
4182.9 -9058.24 1212022421
3542.92 -10416.4 1212022469
2577.64 -11598.3 1212022518
2606.89 -13069.8 1212022573
2894.08 -14470.8 1212022634
3221.16 -15910.5 1212022692
4038.41 -16181.3 1212022747
4512.63 -15919.5 1212022812
4429.31 -15857.1 1212022847
4429.31 -15857.1 1212022849
4223.67 -15983 1212022909
4012.71 -16167.9 1212022969
