2130.01 3041.74 1212131194
2801.01 3361.17 1212131195
3074.9 3621.41 1212131196
3491.51 3658.27 1212131197
3376.28 4131.86 1212131222
3108.59 4204.47 1212131282
3108.59 4205.59 1212131289
2998.67 4179.9 1212131350
2708.82 4235.75 1212131410
2592.7 4218.99 1212131459
2270.94 4165.37 1212131519
2176.1 4145.27 1212131580
958.192 3953.15 1212131640
814.596 3926.34 1212131701
806.619 3828.05 1212131761
899.69 3267.35 1212131822
1022.9 2506.79 1212131882
1154.09 1694.93 1212131943
1365.05 1210.31 1212132004
1412.03 692.221 1212132070
1407.59 574.986 1212132106
1407.59 574.986 1212132107
1439.5 553.772 1212132167
1425.32 375.132 1212132227
1469.64 -140.67 1212132288
1466.1 -187.559 1212132306
1497.12 -523.593 1212132366
1526.37 -852.914 1212132426
1980.21 -842.867 1212132486
2335.65 -823.89 1212132546
2628.16 -791.516 1212132606
2808.1 -785.935 1212132650
2808.1 -784.818 1212132652
2668.05 -792.633 1212132709
2533.32 -803.796 1212132774
2121.14 -842.867 1212132829
1892.45 -483.403 1212132889
1844.59 90.432 1212132949
1607.92 204.311 1212133009
1276.41 174.166 1212133069
979.466 151.837 1212133129
329.739 99.3636 1212133189
77.1163 83.7333 1212133250
76.2299 83.7333 1212133270
57.6156 260.134 1212133329
101.049 317.075 1212133384
101.049 317.075 1212133392
530.064 474.5 1212133452
797.755 495.714 1212133518
1052.15 131.741 1212133573
1083.17 -357.252 1212133633
1100.02 -538.106 1212133672
1100.02 -568.247 1212133732
1100.02 -567.131 1212133771
1100.9 -568.247 1212133773
1292.36 -720.071 1212133833
1300.34 -424.236 1212133893
1266.66 4.46575 1212133958
1231.2 519.16 1212134014
1397.84 544.84 1212134079
1436.85 265.717 1212134135
1465.21 -150.718 1212134195
1503.32 -645.276 1212134255
1531.69 -1020.36 1212134322
1735.56 -1335.15 1212134386
2163.69 -1327.34 1212134439
2964.1 -1203.43 1212134499
3750.33 -1125.29 1212134562
3702.47 -953.383 1212134617
3606.74 -990.221 1212134680
3606.74 -990.221 1212134738
3605.85 -989.105 1212134799
3604.97 -991.337 1212134859
3604.97 -990.221 1212134921
3604.97 -989.105 1212134980
3603.19 -989.105 1212135042
3603.19 -989.105 1212135105
3604.08 -989.105 1212135163
3604.08 -987.988 1212135225
3604.97 -987.988 1212135284
3606.74 -987.988 1212135344
3604.97 -987.988 1212135405
3604.08 -986.872 1212135465
3606.74 -989.105 1212135526
3603.19 -989.105 1212135586
3576.6 -1138.69 1212135647
3864.68 -1038.22 1212135708
3208.75 -2229.22 1212135769
2021.87 -3017.18 1212135829
539.814 -3105.34 1212135885
54.9565 -3195.74 1212135911
-472.448 -3421.17 1212135925
-927.169 -3797.24 1212135955
-1132.81 -4607.36 1212135980
-2291.33 -5532.32 1212136040
-3178.61 -6755.02 1212136101
-3176.84 -8263.06 1212136160
-2863.94 -9732.91 1212136206
-2770.87 -10718.6 1212136266
-3004.88 -10623.8 1212136327
-3005.76 -10617.1 1212136388
-3003.1 -10619.4 1212136448
-3006.65 -10617.1 1212136508
-3000.45 -10614.9 1212136569
-3001.33 -10614.9 1212136629
-2999.56 -10613.8 1212136690
-3007.54 -10618.3 1212136755
-2999.56 -10619.4 1212136810
