4049.05 -16193.6 1211723466
4049.05 -16195.8 1211723486
4050.82 -16199.1 1211723546
4048.16 -16189.1 1211723607
4047.28 -16188 1211723667
4041.07 -16186.9 1211723728
4039.3 -16183.5 1211723789
4041.07 -16189.1 1211723850
4041.96 -16189.1 1211723888
4041.96 -16191.3 1211723949
4041.07 -16191.3 1211724009
4040.19 -16189.1 1211724070
4038.41 -16188 1211724130
4038.41 -16189.1 1211724191
4037.53 -16188 1211724251
4037.53 -16186.9 1211724312
4037.53 -16180.2 1211724372
4037.53 -16175.7 1211724433
4038.41 -16175.7 1211724493
4039.3 -16183.5 1211724554
4039.3 -16181.3 1211724614
4040.19 -16180.2 1211724675
4039.3 -16181.3 1211724735
4040.19 -16182.4 1211724796
4039.3 -16182.4 1211724856
4038.41 -16180.2 1211724917
4038.41 -16171.3 1211724978
4039.3 -16172.4 1211725039
4039.3 -16173.5 1211725099
4040.19 -16175.7 1211725160
4039.3 -16176.8 1211725220
4038.41 -16176.8 1211725281
4038.41 -16170.2 1211725341
4038.41 -16172.4 1211725402
4037.53 -16171.3 1211725462
4037.53 -16170.2 1211725524
4038.41 -16170.2 1211725584
4036.64 -16166.8 1211725645
4036.64 -16166.8 1211725705
4035.75 -16166.8 1211725766
4034.87 -16165.7 1211725826
4033.09 -16165.7 1211725887
4033.98 -16166.8 1211725947
4033.09 -16165.7 1211725973
4032.21 -16162.4 1211726033
4035.75 -16175.7 1211726093
4034.87 -16163.5 1211726153
4033.09 -16161.2 1211726214
4030.44 -16157.9 1211726274
4032.21 -16159 1211726334
4034.87 -16165.7 1211726395
4033.09 -16160.1 1211726455
4033.09 -16161.2 1211726516
4033.98 -16162.4 1211726576
4033.09 -16162.4 1211726637
4033.09 -16162.4 1211726697
4033.98 -16163.5 1211726758
4033.09 -16160.1 1211726818
4029.55 -16155.7 1211726879
4030.44 -16155.7 1211726909
4034.87 -16162.4 1211726969
4033.98 -16163.5 1211727029
4034.87 -16164.6 1211727089
4033.98 -16163.5 1211727149
4033.98 -16163.5 1211727209
4031.32 -16162.4 1211727269
4030.44 -16160.1 1211727330
4031.32 -16161.2 1211727391
4032.21 -16161.2 1211727452
4031.32 -16156.8 1211727512
4027.78 -16151.2 1211727573
4033.98 -16153.4 1211727634
4036.64 -16161.2 1211727695
4033.98 -16162.4 1211727755
4032.21 -16163.5 1211727816
4035.75 -16164.6 1211727876
4037.53 -16166.8 1211727937
4033.98 -16164.6 1211727997
4033.98 -16164.6 1211728058
4033.98 -16163.5 1211728119
4037.53 -16163.5 1211728214
4046.39 -16159 1211728274
4016.25 -16176.8 1211728334
4031.32 -16169 1211728394
4041.07 -16164.6 1211728454
4043.73 -16162.4 1211728514
4041.96 -16155.7 1211728575
4051.71 -16151.2 1211728635
4053.48 -16151.2 1211728696
4051.71 -16152.3 1211728756
4035.75 -16157.9 1211728818
4036.64 -16152.3 1211728858
3379.82 -16094.4 1211728922
3000.45 -14627.9 1211728977
2665.39 -13345.1 1211729038
2553.7 -11810.1 1211729087
3423.26 -10591.5 1211729150
4188.21 -9279.04 1211729181
3968.39 -7745.54 1211729227
3699.81 -6245.21 1211729274
3246.86 -4768.04 1211729319
2816.08 -3340.82 1211729362
2652.98 -1847.5 1211729415
2682.23 -1220.18 1211729475
2113.16 -1320.64 1211729536
1411.14 -1335.15 1211729596
990.103 -1366.41 1211729656
569.952 -1360.83 1211729722
535.382 -922.126 1211729776
524.746 -905.381 1211729835
524.746 -905.381 1211729866
523.859 -905.381 1211729910
524.746 -905.381 1211729912
525.632 -912.079 1211729953
531.837 -917.661 1211730008
535.382 -889.753 1211730031
529.177 -894.218 1211730048
350.126 -969.011 1211730109
304.92 -614.018 1211730176
321.761 -783.702 1211730185
355.444 -1231.34 1211730253
177.279 -1253.66 1211730266
-106.367 -1274.87 1211730326
-109.027 -1277.11 1211730385
140.05 -1260.36 1211730451
738.367 -1212.36 1211730505
1115.08 -1097.39 1211730572
1331.36 -1073.94 1211730625
1721.38 -1048.27 1211730685
2095.44 -1021.48 1211730751
2247.9 -1009.2 1211730806
2269.17 -822.774 1211730866
2248.78 -515.778 1211730926
2231.05 -284.687 1211731003
2232.83 -284.687 1211731010
2220.42 -138.437 1211731065
2192.05 78.151 1211731128
2261.19 293.629 1211731196
2237.26 592.85 1211731251
2194.71 1036.12 1211731305
1995.27 1385.62 1211731377
2121.14 1509.56 1211731419
2452.65 1846.8 1211731480
2749.6 2368.31 1211731540
2872.8 2635.22 1211731600
2787.71 2443.13 1211731665
2789.48 2440.9 1211731730
2466.84 2637.45 1211731780
2325.01 2784.87 1211731840
2376.42 2710.04 1211731885
2699.07 2415.21 1211731950
2982.72 2102.52 1211732013
2666.27 1774.21 1211732078
2312.6 1418 1211732134
2369.33 1211.43 1211732185
2461.52 1296.29 1211732246
2543.07 1380.03 1211732308
2440.24 1882.53 1211732372
2495.2 2427.5 1211732445
2408.33 2739.08 1211732484
2407.45 2739.08 1211732485
2531.54 2775.94 1211732546
2662.73 2837.36 1211732610
2653.86 2847.41 1211732667
2656.52 2838.48 1211732726
2662.73 2840.71 1211732786
2718.57 2884.27 1211732846
2677.8 2840.71 1211732906
2672.48 2834.01 1211732978
2670.71 2832.89 1211733027
2669.82 2832.89 1211733088
2697.3 2857.46 1211733147
2729.21 2888.74 1211733194
2731.87 2888.74 1211733261
2816.08 2979.2 1211733313
2781.51 2943.46 1211733378
2671.59 2825.08 1211733461
2728.32 2851.88 1211733503
2748.71 2864.16 1211733563
2703.5 2827.31 1211733623
2670.71 2777.05 1211733689
2688.43 2779.29 1211733744
2678.68 2788.22 1211733805
2704.39 2785.99 1211733865
2725.66 2782.64 1211733889
2497.86 2428.61 1211733950
2012.12 1948.42 1211734015
1782.54 1729.55 1211734069
1997.93 1441.45 1211734129
2326.79 1104.23 1211734166
2448.22 980.291 1211734227
2493.43 504.646 1211734289
2540.41 -48.0067 1211734353
2587.39 -702.21 1211734411
2524.45 -804.912 1211734459
2525.34 -804.912 1211734460
2548.38 -629.647 1211734520
2563.45 -624.065 1211734585
2554.59 -107.177 1211734640
2602.45 197.612 1211734700
2762.01 496.83 1211734760
2872.8 160.769 1211734820
2901.17 -61.4039 1211734883
3124.54 -46.8903 1211734911
3242.43 -127.273 1211734971
3242.43 -127.273 1211734993
3245.98 -117.225 1211735048
3050.08 224.407 1211735108
3007.54 764.796 1211735174
2732.75 1199.14 1211735233
2757.57 1569.86 1211735289
2480.13 1853.5 1211735349
2020.98 2313.59 1211735411
1870.29 2904.37 1211735471
2057.32 3057.38 1211735530
2489.88 3142.26 1211735590
2606.89 2940.11 1211735655
2715.03 2462.12 1211735710
2491.65 2688.82 1211735770
2498.75 2730.15 1211735799
2498.75 2730.15 1211735811
2648.55 2845.18 1211735872
2619.3 2542.52 1211735920
2411.88 2715.63 1211735981
2320.58 2813.91 1211736041
2361.35 2743.55 1211736101
2375.54 2698.88 1211736168
2364.9 2705.58 1211736221
2361.35 2704.46 1211736282
2365.79 2723.45 1211736342
2407.45 2734.61 1211736386
2302.85 2901.02 1211736445
2207.12 2850.76 1211736511
2174.33 2844.06 1211736565
2128.23 2915.54 1211736625
2174.33 2842.95 1211736686
2049.34 3592.37 1211736746
2073.28 3820.23 1211736806
2100.75 4215.64 1211736866
2050.23 4525.06 1211736937
1986.41 4728.36 1211736987
1584.87 5088.07 1211737059
1781.65 5153.98 1211737120
1779.88 5153.98 1211737141
1781.65 5151.75 1211737143
1937.66 5143.93 1211737197
2004.14 4776.4 1211737253
2067.96 4646.82 1211737318
2286.01 4458.04 1211737372
2513.81 4258.09 1211737432
2639.68 4170.96 1211737493
2763.78 4077.13 1211737553
2870.15 3868.26 1211737619
3024.38 3695.13 1211737678
3042.11 3509.72 1211737957
3052.74 3527.59 1211738175
3081.11 3571.15 1211738229
3073.13 3534.29 1211738290
3091.74 3536.52 1211738350
3089.97 3542.11 1211738441
3087.31 3555.51 1211738472
3189.25 3638.16 1211738515
3469.35 3190.29 1211738597
3707.79 2817.26 1211738647
3600.53 2697.76 1211738707
3029.7 2044.45 1211738767
2699.96 723.484 1211738827
2905.6 -803.796 1211738883
3401.98 -5147.4 1211739046
3747.68 -6598.84 1211739077
4050.82 -8289.82 1211739135
3075.79 -15316.6 1211739373
3901.02 -16212.5 1211739449
4559.61 -15998.6 1211739504
4445.27 -15862.6 1211739558
4422.22 -15861.5 1211739587
4356.63 -15861.5 1211739628
3932.05 -16166.8 1211739661
4231.65 -16114.5 1211739708
4231.65 -16114.5 1211739762
4149.21 -16096.6 1211739780
3261.05 -15783.5 1211739828
2933.08 -14325.9 1211739879
3705.13 -10222.4 1211740041
4156.3 -8806.2 1211740089
3803.52 -6823.06 1211740151
3803.52 -6823.06 1211740166
3515.44 -5321.45 1211740213
3012.85 -3903.25 1211740253
3004.88 -3874.24 1211740254
2460.63 -2477 1211740305
2460.63 -2477 1211740320
2887.87 -1006.97 1211740369
2739.85 -222.168 1211740406
2558.13 490.131 1211740486
2512.04 312.609 1211740538
2569.66 -339.39 1211740595
2482.79 -309.248 1211740649
2451.77 37.959 1211740709
2250.56 179.749 1211740775
2095.44 185.331 1211740816
2095.44 185.331 1211740818
2078.59 445.471 1211740887
2235.49 583.918 1211740938
2203.58 1002.62 1211741005
1960.7 1270.61 1211741065
2351.6 1738.48 1211741130
2854.19 2244.35 1211741179
2571.43 2539.17 1211741239
2462.4 2673.19 1211741299
2609.55 2802.74 1211741364
2688.43 2809.44 1211741426
2687.55 2806.09 1211741479
2701.73 2788.22 1211741548
2688.43 2769.24 1211741600
2691.09 2774.82 1211741661
2693.75 2781.52 1211741726
2680.46 2769.24 1211741781
2705.28 2783.75 1211741841
2717.69 2799.39 1211741907
2715.03 2813.91 1211741961
2685.78 2771.47 1211741983
2735.41 2835.13 1211742043
2732.75 2819.49 1211742120
2751.37 2863.05 1211742169
2716.8 2801.62 1211742223
2742.5 2837.36 1211742285
2726.55 2817.26 1211742335
2679.57 2730.15 1211742394
2686.66 2751.37 1211742455
2718.57 2792.69 1211742516
2718.57 2770.35 1211742545
2738.07 2674.31 1211742601
2453.54 2381.71 1211742670
2195.6 2151.66 1211742727
1961.59 1902.63 1211742771
1632.74 1945.07 1211742825
1209.93 1880.3 1211742886
1123.06 1868.01 1211742955
997.194 1869.13 1211743013
823.46 1901.52 1211743079
1225 1986.38 1211743132
1231.2 1986.38 1211743149
1382.78 2022.12 1211743210
1385.43 2185.16 1211743269
1203.72 2405.16 1211743329
1108.88 2389.53 1211743372
548.678 2282.32 1211743489
532.723 2296.84 1211743542
539.814 2295.72 1211743598
-75.3435 2206.38 1211743659
-775.595 2100.29 1211743725
-933.373 1560.93 1211743846
-1036.2 1410.18 1211743903
-1744.42 1183.51 1211743974
-2709.71 643.094 1211744101
-2624.61 466.684 1211744206
-2627.27 480.083 1211744262
-2624.61 487.898 1211744352
-2718.57 554.889 1211744463
-2725.66 627.462 1211744513
-2798.35 897.666 1211744580
-3155.56 1004.86 1211744660
-3344.37 773.728 1211744737
-3659.04 662.075 1211744790
-3345.25 761.446 1211744848
-3123.65 1008.21 1211744907
-2870.15 1017.14 1211744966
-2978.29 1117.63 1211745089
-2859.51 931.162 1211745130
-2723.89 675.473 1211745191
-2712.37 455.519 1211745265
-2106.07 725.717 1211745372
-1731.13 1105.35 1211745432
-1589.31 1040.59 1211745504
-1170.04 1069.62 1211745617
-911.213 1110.93 1211745672
-883.735 1321.97 1211745734
-884.622 1323.09 1211745748
-208.303 1423.58 1211745803
-70.0252 1123.21 1211745858
4.43197 792.71 1211745916
301.374 645.327 1211745981
560.201 660.958 1211746037
814.596 678.823 1211746103
1009.6 528.092 1211746167
1227.66 526.976 1211746223
1303 532.558 1211746276
1341.11 534.791 1211746305
1377.46 538.141 1211746340
1395.18 647.56 1211746400
1396.07 1172.34 1211746464
1608.81 1548.65 1211746532
1969.57 1905.98 1211746583
2140.64 1767.51 1211746647
2139.76 1767.51 1211746648
2443.79 1838.98 1211746708
2848.87 2239.88 1211746769
2588.27 2524.66 1211746830
2494.31 2660.9 1211746889
2392.38 2832.89 1211746954
2329.44 2729.03 1211747021
2208.89 2788.22 1211747070
2145.96 2807.21 1211747130
2115.82 3250.6 1211747190
2198.26 3537.64 1211747250
2217.76 3551.04 1211747277
2216.87 3548.81 1211747335
2176.1 3642.63 1211747395
2186.74 3538.76 1211747456
2480.13 3577.85 1211747516
2503.18 3482.91 1211747574
2395.92 3459.46 1211747632
2405.67 3385.74 1211747692
2434.93 3167.95 1211747759
2582.07 2960.21 1211747813
2653.86 2847.41 1211747881
2699.96 2823.96 1211747940
2616.64 2938.99 1211748008
2681.34 2864.16 1211748065
2740.73 2792.69 1211748170
2713.25 2838.48 1211748214
2709.71 2809.44 1211748274
2674.25 2879.8 1211748334
2663.62 2894.32 1211748381
2703.5 2791.57 1211748461
2709.71 2773.7 1211748507
2707.05 2751.37 1211748562
2711.48 2760.3 1211748622
2714.14 2768.12 1211748682
2728.32 2799.39 1211748754
2716.8 2840.71 1211748803
2742.5 2799.39 1211748850
2869.26 2622.93 1211748917
3149.36 2185.16 1211748971
2613.09 1249.39 1211749032
2754.91 -245.613 1211749091
2691.09 -1732.53 1211749147
2773.53 -3244.84 1211749202
3662.58 -6119.14 1211749291
3931.16 -7615.03 1211749338
2897.62 -14588.9 1211749584
3273.45 -16044.3 1211749635
4034.87 -16182.4 1211749691
4454.13 -15869.3 1211749756
4452.36 -15870.4 1211749796
4236.08 -15962.9 1211749866
4400.95 -16028.7 1211750105
4402.72 -16027.5 1211750340
