-1555.62 -11965.1 1212104425
-1555.62 -11965.1 1212104442
-1558.28 -11783.3 1212104473
-1837.5 -11073.2 1212104527
-2461.52 -10065.2 1212104588
-2742.5 -9839.96 1212104650
-3151.13 -8457.12 1212104709
-3144.93 -6926.8 1212104766
-3152.02 -6375.73 1212104788
-2220.42 -5544.59 1212104840
-1114.2 -4675.43 1212104901
-1333.14 -4352.95 1212104961
-1668.19 -4473.46 1212105022
-1811.79 -4853.95 1212105083
-2301.08 -4837.21 1212105174
-2198.26 -4860.65 1212105233
-2079.48 -4492.43 1212105295
-2080.37 -3991.41 1212105355
-2128.23 -3954.59 1212105394
-2128.23 -3954.59 1212105396
-2296.65 -3905.49 1212105456
-2512.04 -3802.82 1212105516
-2630.82 -3749.26 1212105543
-2946.38 -3377.65 1212105603
-3175.06 -2943.52 1212105663
-3172.41 -2888.83 1212105723
-3172.41 -2888.83 1212105784
-3460.48 -2829.68 1212105844
-3510.12 -2321.86 1212105906
-3547.35 -1601.93 1212105966
-3573.94 -1096.27 1212106026
-3626.24 -277.988 1212106096
-3667.01 240.038 1212106170
-3106.81 617.414 1212106289
-2415.42 655.375 1212106341
-2188.51 671.007 1212106376
-1950.07 543.723 1212106436
-1893.34 520.277 1212106481
-1900.43 400.811 1212106568
-1544.1 478.966 1212106629
-1528.14 684.405 1212106690
-1577.78 1016.02 1212106750
-1522.83 1229.29 1212106811
-1055.7 1302.99 1212106871
-364.308 1416.88 1212106931
164.869 1500.63 1212106991
858.916 1612.3 1212107053
1108.88 1645.8 1212107121
1232.97 1579.91 1212107173
1432.41 1646.91 1212107234
1603.49 1816.65 1212107294
1725.81 1971.87 1212107355
1891.57 2079.07 1212107397
1892.45 2076.84 1212107399
1946.52 2184.04 1212107457
2190.28 2378.36 1212107517
2395.92 2626.28 1212107580
2603.34 2836.24 1212107637
2604.23 2837.36 1212107644
2747.82 2980.32 1212107701
2819.62 3049.56 1212107706
3141.38 3085.3 1212107763
3362.09 2878.68 1212107823
3518.1 2742.43 1212107884
3831.88 2437.55 1212107944
3987.89 2280.08 1212108004
3831.88 2124.86 1212108064
3682.97 1975.22 1212108124
3605.85 1872.48 1212108169
3605.85 1872.48 1212108170
3428.57 1716.15 1212108231
3526.96 1802.13 1212108291
3535.83 1808.83 1212108351
3533.17 1820 1212108412
3550.01 1824.46 1212108471
3556.21 1831.16 1212108531
3596.99 1869.13 1212108593
3667.01 1828.93 1212108640
3617.38 1611.18 1212108705
3401.98 1392.32 1212108779
3708.67 1722.85 1212108839
3904.57 2016.54 1212108899
4222.78 2507.9 1212108959
4259.13 3023.87 1212109019
4008.28 3534.29 1212109079
3882.41 3711.88 1212109139
3724.63 3871.61 1212109185
3726.4 3873.84 1212109186
3674.99 3944.21 1212109248
3674.99 3944.21 1212109253
3353.23 4415.59 1212109310
3076.68 4803.21 1212109370
3014.63 4891.46 1212109432
2872.8 5035.57 1212109492
2270.94 5234.42 1212109560
1849.02 5172.98 1212109596
1568.92 5129.41 1212109656
1403.16 5107.06 1212109716
1242.73 5076.9 1212109777
1209.04 5095.89 1212109805
1209.04 5097.01 1212109808
1209.93 5099.24 1212109830
1500.67 5132.76 1212109889
1874.72 4809.91 1212109949
2218.65 4793.16 1212110009
2565.23 4792.04 1212110070
2642.34 4768.58 1212110119
2642.34 4768.58 1212110121
2613.09 4693.74 1212110181
2598.02 4818.85 1212110201
2465.06 4840.07 1212110227
2415.42 4973.01 1212110287
2415.42 4973.01 1212110344
2141.53 5006.52 1212110404
1833.06 4919.39 1212110467
1905.75 4441.28 1212110525
1967.8 4074.9 1212110585
2019.21 3754.33 1212110645
2018.32 3754.33 1212110651
2018.32 3753.21 1212110674
1859.66 3591.25 1212110734
1723.15 3740.92 1212110794
1713.4 3746.51 1212110854
1717.83 3745.39 1212110914
1614.12 3854.85 1212110978
1471.41 3833.63 1212111034
1275.52 3800.12 1212111099
1127.49 3781.13 1212111159
954.647 3829.16 1212111215
874.871 4394.36 1212111275
799.528 4869.12 1212111339
453.834 4844.54 1212111397
96.617 5075.79 1212111458
-317.329 5149.52 1212111518
-548.678 5111.53 1212111578
-853.598 5061.26 1212111639
-1127.49 5094.78 1212111699
-1126.61 5094.78 1212111707
-1123.95 5093.66 1212111733
-1123.95 5093.66 1212111735
-1134.58 5105.95 1212111795
-1131.04 5070.2 1212111855
-1131.04 5063.5 1212111916
-980.352 5029.98 1212111976
-703.797 4866.88 1212112037
-629.34 4446.86 1212112097
-381.15 4488.2 1212112158
-208.303 4515 1212112224
-39.0014 4468.09 1212112279
-24.819 4336.28 1212112329
-440.538 4269.26 1212112389
-569.952 4032.45 1212112449
-529.177 3766.61 1212112509
-487.517 3519.77 1212112570
-433.447 3117.69 1212112630
-955.533 3040.63 1212112692
-1259.57 2989.25 1212112751
-1677.94 2926.71 1212112812
-1847.25 2894.32 1212112873
-2171.67 2588.31 1212112933
-2165.46 2578.26 1212112976
-2166.35 2578.26 1212112977
-2421.63 2559.28 1212113037
-2386.17 2801.62 1212113104
-2106.07 2858.58 1212113163
-1576.01 2930.06 1212113218
-1291.48 2972.5 1212113257
-577.929 3094.23 1212113323
147.141 3209.27 1212113377
858.03 3312.03 1212113438
1137.24 3373.45 1212113498
1305.66 3408.08 1212113559
1611.47 3444.94 1212113619
1638.06 3656.03 1212113685
1646.03 3663.85 1212113689
1646.03 3662.74 1212113721
1646.03 3662.74 1212113723
1764.81 3473.98 1212113783
2239.92 3547.69 1212113843
2787.71 3613.59 1212113904
2810.76 3624.76 1212113964
2832.03 3577.85 1212114024
2892.31 3491.85 1212114084
2695.53 3538.76 1212114145
2222.19 3528.71 1212114205
1928.79 3500.78 1212114266
1331.36 3408.08 1212114326
1048.6 3364.52 1212114387
990.103 3645.98 1212114448
780.914 3723.05 1212114509
251.736 3637.05 1212114569
120.55 3619.18 1212114596
120.55 3619.18 1212114597
128.527 3411.43 1212114657
166.642 3208.16 1212114717
617.817 3290.8 1212114777
1007.83 3338.83 1212114830
1152.31 3405.84 1212114890
834.984 3224.91 1212114950
702.911 3202.57 1212114974
389.127 3144.49 1212115033
628.454 3288.57 1212115087
1140.79 3381.27 1212115147
1452.8 3413.66 1212115207
1989.96 3442.7 1212115267
2452.65 3575.62 1212115327
2518.25 3527.59 1212115374
2518.25 3527.59 1212115381
2625.5 3586.79 1212115435
2817.85 3594.6 1212115495
2838.23 3582.32 1212115555
2849.76 3563.33 1212115615
2863.94 3554.39 1212115675
2868.37 3554.39 1212115723
2871.03 3567.8 1212115779
2869.26 3584.55 1212115838
2873.69 3552.16 1212115898
2874.58 3558.86 1212115957
2873.69 3578.97 1212116017
2872.8 3602.42 1212116077
2881.67 3597.95 1212116137
2872.8 3584.55 1212116158
2803.67 3813.52 1212116223
2684 4072.66 1212116278
2495.2 4287.13 1212116337
2437.58 4310.59 1212116398
2194.71 4268.14 1212116458
2082.14 4255.85 1212116484
2082.14 4255.85 1212116486
2088.35 4246.92 1212116511
2064.41 4380.96 1212116572
2057.32 4379.84 1212116632
2053.78 4377.61 1212116713
2064.41 4376.49 1212116773
2040.48 4396.6 1212116794
2104.3 4107.29 1212116854
1723.15 3988.89 1212116914
1582.21 3668.32 1212116974
1603.49 3485.15 1212117034
1650.47 3227.14 1212117094
1728.47 2785.99 1212117155
1827.75 2120.39 1212117215
2202.69 1729.55 1212117282
2320.58 1435.87 1212117336
2699.07 637.511 1212117396
2891.42 -686.581 1212117463
2465.95 -2151.09 1212117512
2895.85 -3606.42 1212117561
3343.48 -5062.6 1212117610
3728.18 -6522.98 1212117658
3993.21 -8003.19 1212117706
4111.1 -9502.08 1212117754
3266.36 -10725.3 1212117801
2532.43 -12027.5 1212117851
2680.46 -13517.8 1212117904
2971.19 -15006.8 1212117956
3533.17 -16316.1 1212118017
4410.7 -16218.1 1212118084
4528.59 -16149 1212118114
4530.36 -16153.4 1212118151
4530.36 -16153.4 1212118157
4563.16 -16038.7 1212118222
3984.34 -16134.5 1212118280
4186.44 -16121.1 1212118336
4380.56 -16018.6 1212118398
4384.99 -16023.1 1212118456
4385.88 -16023.1 1212118516
4384.99 -16023.1 1212118582
4384.11 -16023.1 1212118636
4384.11 -16023.1 1212118696
4384.11 -16024.2 1212118768
4384.99 -16022 1212118823
4384.11 -16023.1 1212118876
4383.22 -16023.1 1212118937
4382.33 -16022 1212119008
4382.33 -16022 1212119056
4382.33 -16022 1212119118
4382.33 -16023.1 1212119177
4382.33 -16023.1 1212119237
4381.45 -16022 1212119305
4381.45 -16023.1 1212119363
4407.15 -16023.1 1212119419
