-552.224 -13549.1 1211814862
233.122 -14694.8 1211814920
1640.72 -14107.4 1211814981
2864.83 -14257.9 1211815030
3180.38 -15742.3 1211815090
3346.14 -16253.7 1211815114
4199.74 -16127.8 1211815201
4403.61 -16020.9 1211815241
4404.49 -16022 1211815301
4403.61 -16022 1211815360
4403.61 -16023.1 1211815414
4403.61 -16022 1211815481
4403.61 -16023.1 1211815540
4403.61 -16023.1 1211815599
4403.61 -16022 1211815654
4402.72 -16022 1211815714
4402.72 -16022 1211815774
4402.72 -16022 1211815838
4402.72 -16022 1211815899
4402.72 -16022 1211815954
4402.72 -16020.9 1211816014
4402.72 -16022 1211816074
4404.49 -16019.7 1211816135
4402.72 -16018.6 1211816195
4402.72 -16019.7 1211816255
4401.83 -16019.7 1211816334
4401.83 -16020.9 1211816381
4402.72 -16022 1211816447
4402.72 -16020.9 1211816508
4401.83 -16019.7 1211816560
4401.83 -16020.9 1211816616
4402.72 -16020.9 1211816676
4402.72 -16019.7 1211816752
4402.72 -16020.9 1211816796
4401.83 -16017.5 1211816868
4402.72 -16019.7 1211816916
4403.61 -16023.1 1211816982
4403.61 -16019.7 1211817096
4402.72 -16020.9 1211817162
4401.83 -16022 1211817276
4401.83 -16020.9 1211817342
4401.83 -16022 1211817402
4401.83 -16023.1 1211817471
4401.83 -16022 1211817516
4401.83 -16023.1 1211817576
4400.95 -16024.2 1211817636
4401.83 -16023.1 1211817710
4401.83 -16022 1211817766
4401.83 -16022 1211817814
4401.83 -16020.9 1211817874
4401.83 -16019.7 1211817934
4401.83 -16019.7 1211818001
4401.83 -16019.7 1211818055
4400.95 -16020.9 1211818120
4400.95 -16022 1211818175
4400.95 -16022 1211818239
4400.95 -16022 1211818300
4400.95 -16020.9 1211818355
4401.83 -16020.9 1211818419
4402.72 -16022 1211818488
4401.83 -16020.9 1211818542
4401.83 -16020.9 1211818608
4401.83 -16019.7 1211818665
4402.72 -16020.9 1211818715
4400.95 -16022 1211818912
4400.95 -16020.9 1211818970
4400.95 -16019.7 1211819086
4400.06 -16019.7 1211819142
4400.06 -16019.7 1211819203
4400.95 -16019.7 1211819262
4401.83 -16019.7 1211819323
4402.72 -16019.7 1211819387
4402.72 -16018.6 1211819456
4402.72 -16020.9 1211819557
4403.61 -16022 1211819619
4401.83 -16022 1211819678
4395.63 -16023.1 1211819744
4397.4 -16022 1211819799
4401.83 -16022 1211819860
4400.95 -16020.9 1211819921
4400.95 -16020.9 1211819981
4400.95 -16020.9 1211820048
4400.95 -16020.9 1211820103
4400.06 -16020.9 1211820169
4399.18 -16020.9 1211820240
4399.18 -16020.9 1211820284
4400.06 -16020.9 1211820344
4400.06 -16022 1211820421
4400.06 -16022 1211820464
4400.06 -16022 1211820538
4400.06 -16023.1 1211820589
4396.52 -16017.5 1211820644
4396.52 -16017.5 1211820705
4399.18 -16024.2 1211820765
4399.18 -16024.2 1211820839
4398.29 -16018.6 1211820886
4404.49 -16022 1211820947
4398.29 -16018.6 1211821007
4401.83 -16023.1 1211821067
4401.83 -16022 1211821145
4405.38 -16024.2 1211821187
4403.61 -16025.3 1211821248
