2993.35 -14827.4 1211211889
2549.27 -11813.4 1211212007
3449.85 -10555.8 1211212068
4197.08 -9197.64 1211212097
3899.25 -7360.72 1211212156
3899.25 -7360.72 1211212172
3188.36 -4460.07 1211212261
3198.11 -2252.66 1211212378
3806.18 405.277 1211212503
3514.55 851.887 1211212553
3362.98 1150.01 1211212612
3388.69 1477.18 1211212680
3471.12 1589.96 1211212740
3588.12 1694.93 1211212800
3654.6 1789.85 1211212854
3859.36 1961.82 1211212918
3575.72 2324.75 1211212974
3197.22 2716.74 1211213034
2895.85 3004.89 1211213099
2824.05 3231.61 1211213154
2851.53 3383.51 1211213216
2807.21 3545.46 1211213286
2780.62 3704.06 1211213334
2705.28 4068.2 1211213394
2683.12 4226.81 1211213454
2929.53 4265.91 1211213515
2873.69 4890.34 1211213581
2726.55 4990.88 1211213655
2725.66 4990.88 1211213709
2548.38 5074.67 1211213769
2527.11 5151.75 1211213830
2236.37 5207.61 1211213886
2010.34 5300.33 1211213972
2009.46 5305.92 1211214008
1999.71 5307.03 1211214064
1999.71 5307.03 1211214111
1997.05 5303.68 1211214172
1937.66 5202.02 1211214232
1772.79 5158.45 1211214255
1711.63 5138.34 1211214315
1903.09 5064.61 1211214376
2216.87 5113.77 1211214437
1989.07 4981.95 1211214497
1757.72 4916.04 1211214539
1771.02 4889.23 1211214636
1817.99 4865.77 1211214696
2039.59 4555.22 1211214756
2130.01 3997.82 1211214825
2137.1 3956.5 1211214876
2239.92 3852.62 1211214941
2250.56 3853.74 1211214996
2250.56 3858.2 1211215056
2309.94 3786.72 1211215116
2473.04 3660.5 1211215184
2554.59 3223.79 1211215238
2602.45 2889.85 1211215299
3250.41 2257.75 1211215366
3436.55 2056.74 1211215425
3441.87 2051.15 1211215432
3629.79 1868.01 1211215499
3630.67 1872.48 1211215506
3604.08 1741.83 1211215584
3777.81 465.568 1211215621
3876.2 -1044.92 1211215675
2774.41 -2723.66 1211215742
2934.85 -3692.35 1211215783
3564.19 -5566.9 1211215854
3893.04 -7416.49 1211215932
4160.74 -8890.95 1211215990
2636.14 -11441.1 1211216078
2598.91 -12940.5 1211216133
2876.35 -14430.7 1211216186
2929.53 -14844.1 1211216208
3360.32 -16272.7 1211216253
4021.57 -16167.9 1211216451
