4197.96 -16054.3 1211144059
4323.83 -17133.9 1211144175
4719.16 -17676.5 1211144248
4619.89 -17777.9 1211144294
4720.05 -17955 1211144365
6485.75 -19082.3 1211144488
8190.28 -19328.4 1211144592
9592.56 -19741.6 1211144646
10558.7 -20857.5 1211144684
11513.4 -21965.5 1211144738
11966.3 -23113.4 1211144804
10924.8 -23297.1 1211144858
10591.5 -23090 1211144909
10568.5 -23078.9 1211144994
10572 -23075.5 1211145000
10930.1 -23372.8 1211145056
11904.3 -23146.8 1211145115
12228.7 -22837.3 1211145175
11285.6 -21676 1211145230
10304.3 -20534.6 1211145288
9277.89 -19408.6 1211145327
6404.2 -18801.6 1211145421
5250.11 -17849.2 1211145469
4123.51 -16894.4 1211145524
4010.93 -16163.5 1211145584
4280.4 -16146.8 1211145745
4503.77 -16122.3 1211145783
4280.4 -15945.1 1211145976
2996.01 -14839.7 1211146092
2548.38 -11842.4 1211146179
3423.26 -10588.2 1211146228
4190.87 -9266.78 1211146271
3978.14 -7770.07 1211146323
3711.33 -6283.14 1211146366
3272.57 -4846.14 1211146420
2877.24 -3393.27 1211146460
3420.6 -1952.42 1211146525
3866.45 -518.011 1211146563
3430.35 949.027 1211146617
3605.85 1710.56 1211146678
3869.11 2024.35 1211146739
3869.11 2024.35 1211146756
3605.85 2294.6 1211146800
3153.79 2755.83 1211146860
2928.65 3069.66 1211146920
2801.01 3294.16 1211146981
2511.16 3486.26 1211147042
2506.72 3497.43 1211147078
2506.72 3497.43 1211147080
2484.56 3542.11 1211147142
2301.08 3454.99 1211147202
2231.05 3324.31 1211147262
2229.28 3237.19 1211147322
2331.22 2774.82 1211147388
2385.29 2722.33 1211147442
2730.98 2382.83 1211147502
2866.6 1979.68 1211147563
2751.37 1928.32 1211147623
2747.82 1899.28 1211147687
2750.48 1905.98 1211147746
2660.96 1767.51 1211147805
2704.39 647.56 1211147865
2892.31 -751.328 1211147941
2461.52 -2184.58 1211147983
2904.71 -3625.39 1211148029
3730.83 -6508.48 1211148129
4036.64 -8208.41 1211148190
4006.5 -9750.75 1211148239
3071.36 -15313.3 1211148430
4408.93 -16219.2 1211148562
4516.18 -16167.9 1211148623
4518.84 -16166.8 1211148647
4539.23 -16136.7 1211148653
4401.83 -16033.1 1211148891
4402.72 -16030.9 1211148960
4402.72 -16029.8 1211149024
4401.83 -16029.8 1211149073
4400.95 -16029.8 1211149146
4404.49 -16019.7 1211149193
