3608.51 -984.639 1211679242
3581.92 -993.57 1211679292
3573.06 -1033.76 1211679322
2399.47 -1313.94 1211679499
1546.76 -1090.69 1211679625
1518.39 -746.863 1211679680
1517.51 -746.863 1211679682
1513.96 -734.583 1211679719
1313.64 -617.367 1211679786
1293.25 -349.438 1211679846
1240.95 357.268 1211679960
1232.09 455.519 1211680023
1232.97 455.519 1211680024
883.735 510.228 1211680084
619.59 559.355 1211680160
614.271 597.316 1211680170
999.853 695.571 1211680224
994.535 999.273 1211680284
1129.27 1074.08 1211680351
1451.03 1107.58 1211680405
1763.04 1041.7 1211680465
2015.66 1399.02 1211680525
2383.51 1763.05 1211680586
2723.89 2102.52 1211680635
3164.43 2557.04 1211680705
3276.11 2644.15 1211680727
3272.57 2639.69 1211680729
3401.1 2775.94 1211680755
3519.87 2760.3 1211680812
3172.41 2826.19 1211680872
2812.53 2461 1211680933
2781.51 2449.83 1211680957
2605.11 2516.84 1211681019
2849.76 2794.92 1211681079
2959.67 2927.82 1211681150
2888.76 2965.8 1211681210
2888.76 2965.8 1211681233
2802.78 2938.99 1211681311
2870.15 3004.89 1211681375
2998.67 3135.56 1211681432
3034.13 3135.56 1211681474
2963.22 3018.29 1211681545
2893.19 3051.79 1211681579
2798.35 3380.16 1211681631
2782.39 3530.94 1211681708
2788.6 3726.4 1211681759
2706.16 4030.22 1211681795
2705.28 4068.2 1211681854
2683.12 4170.96 1211681907
2684 4170.96 1211681919
2664.5 4229.04 1211681949
2432.27 4296.06 1211682009
2389.72 4231.28 1211682069
2444.68 3927.46 1211682130
2463.29 3794.54 1211682190
2516.47 3280.75 1211682251
2574.98 3088.65 1211682308
2604.23 2864.16 1211682362
2695.53 2636.34 1211682474
2697.3 2631.87 1211682486
2636.14 2590.55 1211682504
2548.38 2565.98 1211682564
2523.56 2721.21 1211682620
2648.55 2838.48 1211682688
2726.55 2751.37 1211682777
2903.83 2810.56 1211682849
2942.83 2950.16 1211682890
2883.44 3006 1211682924
2791.26 3315.38 1211682983
2564.34 3492.96 1211683043
2375.54 3438.24 1211683104
2066.19 3412.55 1211683169
1290.59 3285.22 1211683229
1044.17 3319.84 1211683295
972.375 3757.68 1211683352
770.277 4236.86 1211683410
464.471 4197.77 1211683464
352.785 4201.12 1211683508
352.785 4200 1211683513
156.892 4176.54 1211683612
560.201 4320.64 1211683659
861.575 4360.85 1211683730
1154.97 4405.53 1211683780
1178.9 4319.52 1211683855
782.686 4144.15 1211683905
796.869 3897.3 1211683962
873.985 3412.55 1211684026
1036.2 2464.35 1211684081
1156.74 1660.31 1211684172
1126.61 1365.52 1211684202
903.236 1135.5 1211684268
797.755 653.142 1211684323
842.961 163.002 1211684384
881.076 -371.765 1211684482
911.213 -926.591 1211684546
531.837 -954.499 1211684602
230.463 -982.407 1211684661
202.098 -993.57 1211684684
202.098 -992.453 1211684701
140.937 -955.615 1211684719
123.209 -818.308 1211684749
143.596 -1081.76 1211684803
-23.0463 -1437.85 1211684891
-169.301 -1728.06 1211684963
-174.62 -1731.41 1211685023
-38.115 -1736.99 1211685083
184.37 -1714.67 1211685112
358.99 -1701.28 1211685138
287.192 -1249.2 1211685195
132.959 -989.105 1211685250
-78.0027 -1271.52 1211685315
-335.943 -1277.11 1211685331
-635.545 -1511.52 1211685401
-416.605 -1475.8 1211685473
-310.238 -1739.23 1211685500
-577.929 -1473.57 1211685574
-678.092 -1150.97 1211685620
-475.107 -459.96 1211685692
18.6143 263.484 1211685866
444.97 664.308 1211685921
567.292 793.826 1211685981
803.96 1019.37 1211686047
1217.02 1439.22 1211686107
1306.55 1677.06 1211686167
1242.73 2070.14 1211686222
1130.15 2748.02 1211686282
1020.24 3478.44 1211686342
928.941 4264.79 1211686402
1292.36 4330.69 1211686473
1593.74 4538.46 1211686522
1862.31 4721.66 1211686583
1849.91 4794.27 1211686644
1806.47 4879.17 1211686693
1805.59 4878.06 1211686719
1802.93 5057.91 1211686763
1648.69 5153.98 1211686823
1622.99 5314.85 1211686877
1417.34 5313.74 1211686926
1332.25 5246.71 1211686999
1341.11 5217.66 1211687046
1391.64 4825.55 1211687086
1482.94 4688.15 1211687134
1588.42 4699.32 1211687189
2053.78 4656.87 1211687264
2181.42 4544.05 1211687315
2226.62 4497.13 1211687375
2289.56 4455.8 1211687429
2332.1 4417.82 1211687507
2374.65 4319.52 1211687556
2402.13 4118.46 1211687620
2549.27 3297.51 1211687732
2520.02 3228.26 1211687774
2520.02 3228.26 1211687775
2524.45 3186.93 1211687846
2532.43 3162.36 1211687848
2225.74 2979.2 1211687908
2160.14 3001.54 1211687970
2122.03 3066.31 1211687992
2102.53 3178 1211688015
2245.24 3337.71 1211688075
1808.24 3151.2 1211688136
1681.49 2933.41 1211688195
1469.64 2673.19 1211688255
1501.55 2569.33 1211688316
1566.26 2571.56 1211688359
1566.26 2571.56 1211688362
1594.62 2676.54 1211688421
1687.7 2816.14 1211688478
1858.77 2937.88 1211688544
1566.26 2922.24 1211688606
1297.68 2885.38 1211688660
1253.36 2859.7 1211688690
1240.07 2943.46 1211688745
1379.23 3118.81 1211688805
1373.02 3142.26 1211688819
1722.26 3243.9 1211688863
2234.6 3310.91 1211688923
2264.74 3057.38 1211688983
2305.51 2853 1211689052
2299.31 2854.11 1211689055
2293.1 2695.53 1211689115
2299.31 2770.35 1211689152
2223.96 2903.25 1211689201
2405.67 2933.41 1211689262
2553.7 2961.33 1211689287
2613.09 2871.98 1211689347
2743.39 2744.67 1211689404
2748.71 2736.85 1211689411
2969.42 2901.02 1211689471
3222.04 2943.46 1211689532
2949.92 2611.77 1211689652
2589.16 2254.4 1211689711
2208.89 2113.69 1211689759
1965.14 2187.39 1211689814
1684.15 1895.93 1211689897
1496.23 1669.25 1211689930
1224.11 2215.31 1211690050
1125.72 2825.08 1211690110
1076.97 3356.7 1211690156
1454.57 3415.9 1211690216
1688.58 3454.99 1211690278
2191.17 3539.87 1211690337
2464.18 3582.32 1211690398
2481.9 3573.38 1211690415
2509.38 3507.48 1211690472
2514.7 3509.72 1211690532
2509.38 3513.07 1211690594
2513.81 3515.3 1211690653
2499.63 3575.62 1211690678
2348.95 3571.15 1211690707
2080.37 3520.89 1211690767
1943.86 3313.14 1211690833
2007.68 2933.41 1211690890
2015.66 2895.44 1211690936
2024.52 2895.44 1211690937
2138.87 2848.53 1211691001
2020.98 2963.56 1211691071
1752.4 2932.29 1211691130
1515.73 2907.72 1211691153
1427.98 2785.99 1211691217
1524.6 2577.14 1211691272
1797.61 2620.7 1211691332
2045.8 2638.57 1211691392
1754.17 2506.79 1211691459
1492.69 2456.53 1211691513
1440.39 2733.5 1211691575
1386.32 2829.54 1211691630
1391.64 2834.01 1211691631
1380.12 3065.2 1211691665
1339.34 3393.56 1211691726
2019.21 3508.6 1211691787
2196.49 3567.8 1211691827
2206.24 3570.03 1211691865
2161.03 3788.95 1211691909
2005.91 4016.81 1211691969
1583.1 3955.38 1211692035
1283.5 3906.23 1211692089
1132.81 3883.89 1211692154
641.75 3803.47 1211692222
236.667 3737.57 1211692291
97.5034 3715.23 1211692305
97.5034 3715.23 1211692314
30.1374 4015.7 1211692373
-15.0687 4287.13 1211692425
-14.1823 4290.48 1211692429
-294.283 4293.83 1211692505
-418.378 4002.29 1211692561
-339.489 3539.87 1211692609
-258.827 3039.51 1211692669
-183.484 2562.63 1211692734
-128.527 2225.36 1211692801
-105.481 2047.8 1211692857
-46.9789 1704.98 1211692910
6.20476 1363.28 1211692970
55.8428 1071.85 1211693024
-7.97755 918.88 1211693070
29.251 480.083 1211693124
48.7517 163.002 1211693184
39.8877 166.351 1211693236
41.6605 152.953 1211693266
74.4571 49.1234 1211693312
66.4796 82.6168 1211693384
797.755 138.44 1211693495
1018.47 161.885 1211693555
1219.68 169.7 1211693602
1735.56 301.444 1211693657
1801.15 576.102 1211693733
1935.89 751.397 1211693777
1782.54 739.115 1211693827
1789.63 740.232 1211693829
1755.95 578.335 1211693889
1453.69 550.423 1211693949
1453.69 550.423 1211693952
1392.53 1107.58 1211694091
1497.12 1385.62 1211694146
1620.33 1535.25 1211694192
1780.77 1711.68 1211694254
2201.8 2138.26 1211694325
2489 2414.1 1211694374
2720.34 2736.85 1211694441
2951.69 2944.58 1211694510
2854.19 3060.73 1211694554
2739.85 3275.17 1211694614
2687.55 3312.03 1211694676
2726.55 3377.92 1211694732
2774.41 3401.38 1211694746
2752.25 3499.67 1211694757
2737.19 3528.71 1211694816
2707.05 4017.93 1211694902
2420.74 4074.9 1211694962
2447.34 3045.09 1211695124
2565.23 3094.23 1211695184
2476.59 3041.74 1211695244
2425.18 3088.65 1211695313
2420.74 3056.26 1211695365
2305.51 3067.43 1211695425
2190.28 3021.64 1211695480
2190.28 3021.64 1211695481
2191.17 3009.35 1211695495
1938.54 2887.62 1211695557
1592.85 2892.09 1211695621
1172.7 2821.73 1211695675
447.629 2743.55 1211695745
87.753 2751.37 1211695810
11.5231 2762.53 1211695848
-44.3197 2749.13 1211695862
211.848 2869.75 1211695922
211.848 2869.75 1211695941
239.326 2731.26 1211695995
240.213 2730.15 1211696002
96.617 2753.6 1211696056
312.011 3019.41 1211696134
1286.16 3176.88 1211696177
1761.27 3271.82 1211696238
2356.92 3382.39 1211696305
2996.01 3449.4 1211696364
3214.95 3615.83 1211696418
3445.42 3821.34 1211696478
3433.89 3769.96 1211696507
3399.32 3425.95 1211696557
3026.15 3258.42 1211696611
2783.28 3103.17 1211696681
2516.47 2799.39 1211696736
2251.44 2477.75 1211696791
2044.03 2273.38 1211696852
1884.47 2070.14 1211696914
1459.89 1701.63 1211696972
1340.23 1567.63 1211697043
1019.35 1248.27 1211697104
789.777 1014.91 1211697152
484.858 715.668 1211697277
482.199 714.552 1211697321
410.401 695.571 1211697369
578.816 839.605 1211697421
775.595 861.936 1211697494
1107.11 888.733 1211697537
1401.39 1087.48 1211697604
2630.82 1620.11 1211697718
3976.37 2849.65 1211697813
4741.32 3785.6 1211697860
5722.56 4975.24 1211697921
6779.14 6018.7 1211697990
11062.2 7162.85 1211698148
12485.8 7508.14 1211698200
13926.1 7419.86 1211698258
15135.2 8636.86 1211698390
15183.9 8941.97 1211698440
15426.8 8936.38 1211698561
15426.8 8936.38 1211698575
15425.9 8934.15 1211698652
15425.9 8934.15 1211698682
15176 8965.44 1211698719
15024.4 8435.69 1211698783
13089.4 7418.74 1211698896
11609.1 7298.06 1211698944
9754.77 6903.62 1211699077
5851.09 5103.71 1211699242
4877.83 3969.9 1211699283
3902.79 2861.93 1211699337
3598.76 3213.74 1211699406
3293.84 2972.5 1211699459
3214.07 2861.93 1211699500
2985.38 2897.67 1211699558
2839.12 2990.37 1211699631
2442.02 3110.99 1211699680
2396.81 3051.79 1211699740
2403.9 3041.74 1211699780
2524.45 2908.84 1211699787
2561.68 2854.11 1211699861
2640.57 2844.06 1211699887
2701.73 2624.05 1211699969
2511.16 2477.75 1211700064
2397.7 2337.04 1211700117
2045.8 2290.14 1211700171
1887.13 2702.23 1211700248
1802.04 3241.66 1211700291
1639.83 3314.26 1211700357
1648.69 3293.04 1211700361
1790.52 3272.93 1211700406
1630.08 3351.12 1211700461
1086.72 3256.18 1211700522
1014.92 3509.72 1211700583
875.758 4347.45 1211700643
336.83 4496.01 1211700703
260.6 4455.8 1211700749
259.714 4455.8 1211700784
258.827 4455.8 1211700831
267.691 4403.3 1211700854
142.71 4359.74 1211700855
-15.0687 4337.39 1211700915
0 4232.39 1211700996
-12.4095 4311.7 1211701022
343.035 4492.66 1211701082
871.326 4576.44 1211701156
1137.24 4598.78 1211701208
1144.34 4528.41 1211701263
1191.31 4218.99 1211701328
1247.16 3998.94 1211701386
1430.64 3678.37 1211701453
1581.33 3438.24 1211701505
2052 3505.25 1211701566
2282.47 3238.31 1211701629
2298.42 3169.06 1211701650
2290.44 3036.16 1211701711
2099.87 2980.32 1211701771
2049.34 2992.6 1211701828
2049.34 2993.72 1211701830
1938.54 2940.11 1211701891
1710.74 2933.41 1211701951
1443.05 2889.85 1211701992
1376.57 3084.18 1211702037
1328.71 3385.74 1211702097
1279.95 3672.79 1211702157
1278.18 3689.54 1211702172
1234.75 3972.13 1211702232
1366.82 4012.35 1211702292
2327.67 4175.43 1211702352
2873.69 4264.79 1211702413
2790.37 4253.62 1211702456
2790.37 4253.62 1211702457
2789.48 4255.85 1211702518
2781.51 4252.5 1211702578
2595.36 4218.99 1211702638
2595.36 4220.11 1211702657
2416.31 4188.83 1211702716
2154.82 4144.15 1211702791
1240.07 4006.76 1211702839
889.94 4259.2 1211702906
846.507 4556.34 1211702974
820.801 4725.01 1211703019
592.998 4868 1211703079
413.06 4837.84 1211703139
413.06 4837.84 1211703140
-70.0252 4755.17 1211703200
-111.686 4535.11 1211703266
-485.744 4473.67 1211703327
-621.363 4360.85 1211703384
-621.363 4359.74 1211703413
39.8877 4441.28 1211703458
684.297 4541.81 1211703513
983.011 4568.62 1211703579
1092.92 3893.95 1211703633
1282.61 3599.07 1211703693
1846.36 3694.01 1211703769
2304.63 3761.03 1211703813
2482.79 3657.15 1211703876
2519.13 3230.49 1211703927
2582.95 3075.25 1211703994
2706.16 2767 1211704051
2704.39 2765.88 1211704052
2738.96 2803.86 1211704083
2894.96 2823.96 1211704143
2787.71 2972.5 1211704204
2469.49 2696.64 1211704264
2256.76 2513.49 1211704330
2040.48 2333.69 1211704384
2042.25 2314.7 1211704400
1908.41 2626.28 1211704458
1999.71 2868.63 1211704518
2070.62 2953.51 1211704578
1833.06 3046.21 1211704638
1588.42 3119.92 1211704699
1631.85 3226.03 1211704760
2379.08 3355.58 1211704820
2763.78 3419.25 1211704869
2949.03 3442.7 1211704924
3058.95 3198.1 1211704984
3209.63 2965.8 1211705050
3145.81 2781.52 1211705104
2739.85 2390.64 1211705171
2176.98 1834.51 1211705232
1872.07 1531.9 1211705286
1778.99 1059.57 1211705346
1818.88 379.598 1211705406
1843.7 56.9385 1211705435
1850.79 -112.759 1211705532
1855.22 -117.225 1211705533
1849.02 30.1439 1211705574
1809.13 552.656 1211705635
1772.79 924.463 1211705695
1875.61 1248.27 1211705756
2019.21 1397.9 1211705817
2362.24 1967.4 1211705877
2020.09 2312.47 1211705937
1914.61 2549.23 1211705991
1824.2 3166.83 1211706037
1742.65 3615.83 1211706099
1801.15 3984.42 1211706159
1893.34 4051.44 1211706219
1895.11 4051.44 1211706243
1895.11 4051.44 1211706245
1987.3 4030.22 1211706305
2257.65 4063.73 1211706365
2268.28 4155.32 1211706427
2264.74 4082.72 1211706456
1544.1 4052.56 1211706515
962.624 3956.5 1211706580
923.623 4027.98 1211706636
867.78 4399.95 1211706695
845.62 4552.98 1211706732
861.575 4569.74 1211706750
1043.29 4398.83 1211706764
1215.25 4079.37 1211706824
1228.54 4022.4 1211706887
1241.84 3922.99 1211706948
1559.17 3806.82 1211707003
1883.59 3680.61 1211707064
1901.32 3439.35 1211707102
1955.39 3227.14 1211707162
2039.59 2751.37 1211707223
2368.45 2335.92 1211707283
2648.55 2063.44 1211707343
2826.71 1891.46 1211707398
2826.71 1891.46 1211707399
2862.17 1860.2 1211707462
2676.91 2038.87 1211707519
2395.92 2328.1 1211707580
2389.72 2348.21 1211707590
2260.31 2197.45 1211707651
2019.21 1955.12 1211707710
1876.5 1564.28 1211707770
2248.78 1191.33 1211707830
2702.62 386.297 1211707891
2876.35 -990.221 1211707950
2431.38 -2442.4 1211708027
1627.42 -3122.08 1211708076
853.598 -3233.68 1211708130
1892.45 -3079.67 1211708191
2099.87 -2846.42 1211708263
1675.29 -2690.17 1211708311
1615.01 -2654.46 1211708371
1615.01 -2654.46 1211708412
1611.47 -2653.34 1211708425
1510.42 -2340.84 1211708480
1207.27 -2008.23 1211708534
1417.34 -1610.86 1211708597
1546.76 -1108.55 1211708655
1498.89 -531.407 1211708719
1271.09 -50.2396 1211708776
1269.32 -31.2602 1211708779
1256.91 198.728 1211708824
1250.7 244.504 1211708832
1224.11 531.442 1211708887
1170.93 1212.54 1211708948
1205.5 1422.47 1211709008
1281.73 1859.08 1211709069
1165.61 2583.85 1211709137
1108.88 2911.07 1211709160
1539.67 3043.98 1211709218
1539.67 3043.98 1211709219
1537.89 3043.98 1211709279
1374.8 3164.6 1211709341
1352.64 3272.93 1211709386
1313.64 3520.89 1211709451
1244.5 3927.46 1211709506
1576.9 4035.8 1211709564
2236.37 4154.2 1211709597
2247.9 4188.83 1211709624
1968.68 4057.03 1211709729
1960.7 4052.56 1211709851
1957.16 4046.97 1211709911
1958.05 4046.97 1211709913
1574.24 3946.44 1211709974
1119.52 3870.49 1211710034
814.596 3792.3 1211710099
908.554 3236.08 1211710154
980.352 2791.57 1211710219
1102.67 2007.6 1211710278
1173.59 1402.37 1211710335
1087.61 1317.5 1211710380
972.375 1132.15 1211710440
992.762 906.598 1211710489
991.875 906.598 1211710493
1022.9 528.092 1211710550
1201.06 525.859 1211710591
1306.55 534.791 1211710605
1588.42 556.005 1211710667
1975.77 586.151 1211710727
1974.89 583.918 1211710760
2102.53 52.4728 1211710835
2143.3 -264.592 1211710898
2173.44 -646.392 1211710958
2229.28 -285.803 1211711019
2170.78 293.629 1211711086
1957.16 591.734 1211711139
1656.67 566.054 1211711200
1436.85 551.539 1211711269
1175.36 531.442 1211711326
561.088 673.24 1211711439
561.088 674.356 1211711445
494.608 705.619 1211711500
613.385 819.507 1211711554
611.612 818.39 1211711583
815.483 530.325 1211711630
843.848 163.002 1211711671
877.53 -197.607 1211711732
907.668 -626.298 1211711792
957.306 -1301.66 1211711853
1233.86 -1354.13 1211711919
1378.34 -1614.21 1211711973
1378.34 -1614.21 1211712004
1378.34 -1614.21 1211712005
1383.66 -1672.25 1211712061
1390.75 -1661.09 1211712091
1390.75 -1661.09 1211712152
1392.53 -1658.86 1211712212
1392.53 -1657.74 1211712229
1392.53 -1657.74 1211712237
1392.53 -1657.74 1211712239
1418.23 -1606.4 1211712300
1465.21 -1505.94 1211712360
2176.98 -1321.76 1211712431
2880.78 -1152.08 1211712480
2880.78 -1152.08 1211712497
2691.09 279.114 1211712541
2732.75 1766.4 1211712597
3835.43 2775.94 1211712650
4869.85 3962.08 1211712705
5664.06 4885.88 1211712744
6706.46 5986.3 1211712797
6706.46 5986.3 1211712813
8104.3 6573.99 1211712848
9616.49 6851.1 1211712903
11084.4 7169.56 1211712961
12505.3 7517.08 1211713010
13987.3 7407.57 1211713068
15204.3 7016.47 1211713128
15203.4 6910.32 1211713195
14997.8 6899.15 1211713249
15001.3 6895.79 1211713311
14995.1 6898.03 1211713370
15003.1 6902.5 1211713432
15005.8 6896.91 1211713497
15006.7 6896.91 1211713506
15036.8 6947.19 1211713566
15104.2 7347.23 1211713631
14751.4 7496.97 1211713660
13890.7 7641.12 1211713725
12630.2 7705.93 1211713780
12370.5 8700.56 1211713840
12483.1 8877.15 1211713900
12266.8 8871.56 1211713960
12078.9 7436.62 1211714020
10810.5 7261.18 1211714080
10112.9 6997.48 1211714141
8644.12 6691.32 1211714200
7263.12 6224.28 1211714247
6056.73 5341.67 1211714303
5079.93 4189.95 1211714355
4126.17 3067.43 1211714404
3036.79 2051.15 1211714461
2699.96 609.598 1211714520
2589.16 -12.2808 1211714550
2882.55 -626.298 1211714571
2242.58 -1310.59 1211714631
1962.48 -1326.22 1211714693
1737.33 -1286.04 1211714763
1737.33 -1273.76 1211714812
1732.9 -1282.69 1211714860
1733.79 -1281.57 1211714920
1732.01 -1281.57 1211714980
1738.22 -1284.92 1211715041
2028.96 -1331.8 1211715094
2700.84 -1238.04 1211715152
3359.43 -1171.06 1211715212
3696.26 -903.149 1211715279
3582.81 -966.778 1211715332
3582.81 -962.313 1211715399
3584.58 -969.011 1211715465
3574.83 -966.778 1211715514
3574.83 -966.778 1211715575
3562.42 -986.872 1211715635
3690.06 -915.428 1211715695
3697.15 -914.312 1211715756
3695.38 -914.312 1211715815
