2366.67 4355.27 1212278351
2386.17 4214.52 1212278411
2392.38 4206.7 1212278466
2423.4 3986.66 1212278532
2460.63 3914.05 1212278599
2468.61 3738.69 1212278652
2535.09 3069.66 1212278777
2434.04 2838.48 1212278855
2526.22 2998.19 1212278903
2524.45 2997.07 1212278914
2525.34 3030.57 1212278926
2460.63 3046.21 1212278991
2243.46 3004.89 1212279058
2026.3 3405.84 1212279227
1795.84 3367.87 1212279268
1219.68 3274.05 1212279328
1210.81 3310.91 1212279364
1210.81 3310.91 1212279367
1211.7 3310.91 1212279633
1201.06 3334.36 1212279688
1507.76 3425.95 1212279752
1994.39 3500.78 1212279801
1994.39 3500.78 1212279819
1995.27 3503.02 1212279821
1995.27 3503.02 1212279829
2105.19 3524.24 1212279884
2202.69 3538.76 1212279944
2340.97 3562.21 1212279996
2707.05 3403.61 1212280145
2787.71 3427.07 1212280164
2576.75 3488.5 1212280232
1987.3 3394.68 1212280292
1271.98 3281.87 1212280352
1089.38 3256.18 1212280418
368.74 3136.68 1212280483
189.688 3027.22 1212280518
188.802 3027.22 1212280525
191.461 2982.55 1212280562
76.2299 2780.4 1212280634
109.027 2595.01 1212280682
15.9551 2244.35 1212280748
15.9551 2244.35 1212280764
-378.49 1951.77 1212280849
-817.256 1882.53 1212280908
-840.302 1964.05 1212280955
-840.302 1964.05 1212280956
59.3884 2655.32 1212281131
185.256 2675.42 1212281186
694.933 2761.42 1212281230
1014.04 2530.24 1212281279
1067.22 2234.3 1212281340
1497.12 2236.53 1212281459
1538.78 1961.82 1212281519
1552.96 1875.83 1212281593
1688.58 1950.65 1212281646
1798.49 2046.69 1212281662
1798.49 2046.69 1212281664
1805.59 2046.69 1212281670
1903.09 1849.03 1212281733
1676.17 2022.12 1212281791
1494.46 2472.17 1212281851
1252.48 2425.26 1212281915
704.684 2338.16 1212281973
-115.231 2201.91 1212282039
-983.011 2069.02 1212282093
-953.76 1697.16 1212282153
-923.623 1447.03 1212282219
-1300.34 1373.33 1212282274
-1837.5 874.218 1212282334
-2262.08 467.801 1212282394
-2368.45 455.519 1212282429
-2383.51 455.519 1212282449
-2480.13 452.17 1212282464
-2607.77 446.587 1212282545
-2717.69 456.636 1212282611
-2724.78 629.695 1212282648
-2535.09 547.073 1212282698
-2702.62 438.772 1212282767
-2716.8 643.094 1212282808
-2231.94 672.123 1212282868
-1742.65 895.432 1212282929
-1620.33 1253.86 1212282990
-660.364 1371.1 1212283065
-13.2959 1470.48 1212283122
568.179 1567.63 1212283172
936.919 1624.58 1212283232
1216.13 1668.13 1212283291
1281.73 1876.95 1212283352
1208.16 2287.9 1212283415
1115.08 2800.51 1212283479
1312.75 2968.03 1212283534
1380.12 3095.35 1212283594
1379.23 3107.64 1212283614
1334.02 3350 1212283674
1317.18 3404.73 1212283704
1318.07 3384.62 1212283764
1357.96 3209.27 1212283831
1366.82 3123.27 1212283889
1406.71 2896.55 1212283944
1452.8 2557.04 1212284004
1552.96 2081.31 1212284065
1583.1 1847.91 1212284124
1763.92 1664.78 1212284179
1764.81 1664.78 1212284180
1711.63 1524.08 1212284240
1489.14 1557.58 1212284302
1471.41 1669.25 1212284337
1681.49 1920.5 1212284372
1706.31 1942.83 1212284422
1843.7 2051.15 1212284482
1844.59 2045.57 1212284548
1846.36 2050.04 1212284599
1846.36 2050.04 1212284601
1846.36 2051.15 1212284603
1912.84 2121.51 1212284625
2063.53 2272.27 1212284666
2204.46 2423.03 1212284688
2414.54 2634.1 1212284750
2551.93 2755.83 1212284810
2554.59 2765.88 1212284845
2554.59 2764.77 1212284846
2556.36 2749.13 1212284906
2558.13 2765.88 1212284945
2580.29 2789.34 1212285006
2769.1 2721.21 1212285065
2802.78 2704.46 1212285125
2478.36 2645.27 1212285186
2425.18 2928.94 1212285251
2427.83 3067.43 1212285305
2423.4 3121.04 1212285333
2568.77 3169.06 1212285393
2561.68 3185.82 1212285405
2839.12 3212.62 1212285465
2839.12 3212.62 1212285482
2930.42 3470.63 1212285526
3078.45 3519.77 1212285586
3056.29 3652.68 1212285632
3057.17 3699.6 1212285638
3206.98 3711.88 1212285696
3338.16 3548.81 1212285754
3074.9 3327.66 1212285814
3089.08 3262.88 1212285859
3081.11 3252.83 1212285925
2883.44 3107.64 1212285968
2515.59 3040.63 1212286023
1938.54 2961.33 1212286084
1515.73 2892.09 1212286149
1528.14 2997.07 1212286217
1754.17 2631.87 1212286271
1873.84 2826.19 1212286329
2169.89 2895.44 1212286389
2176.98 2884.27 1212286444
2184.08 2895.44 1212286504
2182.3 2878.68 1212286525
2255.87 2884.27 1212286595
2292.22 2897.67 1212286646
2619.3 2875.33 1212286709
2788.6 2722.33 1212286769
2907.37 2600.6 1212286824
3104.15 2476.63 1212286885
3113.02 2504.55 1212286944
3117.45 2500.09 1212286985
3121.88 2502.32 1212286987
3237.11 2626.28 1212287011
3019.95 2869.75 1212287081
2920.67 2953.51 1212287114
2785.05 3007.12 1212287174
2495.2 2730.15 1212287240
2268.28 2496.74 1212287295
2078.59 2308 1212287357
1616.78 1775.33 1212287416
1191.31 1399.02 1212287476
1159.4 1305.22 1212287536
1160.29 1268.37 1212287597
1171.81 1138.85 1212287663
1189.54 926.696 1212287713
1189.54 926.696 1212287716
1208.16 650.909 1212287766
1222.34 504.646 1212287826
1424.44 186.447 1212287886
1458.12 179.749 1212287922
1444.82 350.569 1212287957
1399.62 839.605 1212288016
1396.07 1074.08 1212288061
1497.12 1403.48 1212288121
1504.21 1473.83 1212288181
1517.51 1671.48 1212288241
1516.62 1672.6 1212288253
1699.22 1642.45 1212288304
2371.11 1056.22 1212288364
2529.77 478.966 1212288426
2529.77 478.966 1212288427
2453.54 569.403 1212288513
2481.9 573.869 1212288571
2510.27 279.114 1212288628
2190.28 -8.9315 1212288731
2191.17 -44.6574 1212288791
2194.71 -48.0067 1212288840
2084.8 -121.691 1212288900
2005.02 545.956 1212288961
1975.77 1023.84 1212289037
2040.48 1190.21 1212289081
1733.79 1502.86 1212289140
1577.78 1648.03 1212289206
1750.63 1999.79 1212289261
2052 2246.58 1212289322
2436.7 2649.74 1212289387
2522.68 2760.3 1212289447
2521.79 2777.05 1212289469
2659.18 2842.95 1212289529
2704.39 2616.23 1212289589
2249.67 2467.7 1212289687
2048.46 2754.72 1212289731
1864.97 2834.01 1212289808
1896 3069.66 1212289859
1898.66 3083.07 1212289911
2427.83 3017.17 1212289981
2323.24 2979.2 1212290052
1820.65 2844.06 1212290112
1750.63 2520.19 1212290166
1877.38 2055.62 1212290237
1767.47 1711.68 1212290276
1540.55 1481.65 1212290311
1313.64 1282.89 1212290372
1276.41 1292.94 1212290433
1203.72 1279.54 1212290492
1162.95 1257.21 1212290556
1163.84 1203.61 1212290585
1164.72 1165.64 1212290635
1195.75 734.649 1212290694
1220.57 550.423 1212290759
1236.52 358.385 1212290815
1053.92 340.521 1212290892
816.369 323.773 1212290935
549.565 119.46 1212291002
183.484 94.8978 1212291055
83.3211 80.3839 1212291115
52.2973 236.688 1212291175
375.831 587.268 1212291236
760.526 974.709 1212291296
932.487 1142.2 1212291358
1070.76 1285.12 1212291416
1399.62 1616.76 1212291476
1563.6 1774.21 1212291528
1798.49 2013.19 1212291582
1835.72 1815.53 1212291648
1654.01 1955.12 1212291715
1646.03 1950.65 1212291769
1626.53 1949.53 1212291823
1568.03 1938.37 1212291883
1449.25 1792.08 1212291943
1432.41 1824.46 1212292003
1435.07 1823.35 1212292022
1583.1 1811.06 1212292071
1720.49 1686 1212292103
1994.39 1920.5 1212292185
2049.34 1635.75 1212292298
2054.66 1635.75 1212292307
1975.77 1678.18 1212292367
1648.69 1854.61 1212292427
1319.84 1684.88 1212292487
1167.38 1778.68 1212292560
1033.54 1749.65 1212292609
775.595 1707.21 1212292670
210.075 1617.88 1212292730
-182.597 1649.15 1212292790
-222.485 1892.58 1212292855
-222.485 1892.58 1212292906
-222.485 1892.58 1212292908
-234.895 1991.97 1212293000
-324.42 2536.94 1212293124
136.505 2673.19 1212293178
205.644 2965.8 1212293249
117.89 3501.9 1212293364
58.502 3889.48 1212293435
24.819 4088.3 1212293494
24.819 4089.42 1212293501
17.7279 4108.41 1212293506
-82.4347 3784.48 1212293636
-12.4095 3356.7 1212293703
37.2286 3018.29 1212293757
80.6619 2739.08 1212293811
-146.255 2655.32 1212293867
-920.964 2504.55 1212293926
-1043.29 2237.65 1212294004
-1203.72 1711.68 1212294052
-2204.46 1554.23 1212294107
-3186.59 1452.61 1212294244
-5157.93 1340.95 1212294354
-6408.63 1472.71 1212294564
-6332.4 1986.38 1212294630
-5987.59 2172.88 1212294684
-5436.26 2159.48 1212294750
-5017.88 2188.51 1212294804
-4836.17 2196.33 1212294832
-4377.02 2215.31 1212294895
-4133.26 2232.06 1212294916
-3408.19 2281.2 1212294971
-3012.85 2516.84 1212295034
-3012.85 2516.84 1212295052
-2759.35 2539.17 1212295086
-2371.99 2557.04 1212295146
-2059.98 2410.75 1212295208
-1841.93 2370.54 1212295278
-1068.11 2482.22 1212295333
-371.399 2573.79 1212295387
443.197 2734.61 1212295449
1116.86 2733.5 1212295507
1254.25 2748.02 1212295567
1525.48 2825.08 1212295629
1756.83 2530.24 1212295688
1825.09 2128.21 1212295748
2199.14 2421.91 1212295809
2453.54 2635.22 1212295889
2543.95 2761.42 1212295947
2644.11 2853 1212296012
2905.6 2598.36 1212296066
2873.69 2526.89 1212296121
2595.36 2283.43 1212296185
2269.17 2085.77 1212296241
2269.17 2086.89 1212296278
2239.92 2084.66 1212296333
2270.94 2702.23 1212296449
2424.29 2697.76 1212296514
2801.01 2990.37 1212296664
3025.26 3182.47 1212296724
3281.43 3439.35 1212296784
3485.3 3677.26 1212296844
3378.94 3971.02 1212296904
3024.38 4122.93 1212296964
2707.94 4225.69 1212297027
2575.86 4226.81 1212297069
2440.24 4330.69 1212297106
2028.07 4697.09 1212297166
1654.01 5019.93 1212297237
1505.1 5000.94 1212297289
1102.67 4938.38 1212297346
514.109 4844.54 1212297406
-69.1388 4756.29 1212297466
-304.033 4666.93 1212297527
-650.614 4558.57 1212297587
-582.361 4559.69 1212297635
-583.248 4559.69 1212297641
-491.949 4454.68 1212297678
-476.88 4374.26 1212297738
-566.406 3998.94 1212297832
-524.746 3737.57 1212297890
-461.812 3374.57 1212297946
-409.514 3033.92 1212298005
-320.875 2917.77 1212298066
22.1599 3131.09 1212298126
-44.3197 3578.97 1212298186
-109.027 4011.23 1212298262
-118.777 4412.24 1212298306
256.168 4482.61 1212298366
261.486 4477.02 1212298391
264.146 4475.91 1212298398
349.239 4468.09 1212298400
815.483 4563.04 1212298460
1024.67 4330.69 1212298520
1093.81 3881.66 1212298581
1094.7 3871.61 1212298618
1179.79 3420.36 1212298666
1026.44 3351.12 1212298727
913.873 3164.6 1212298787
1037.97 2424.15 1212298847
1148.77 1811.06 1212298908
1198.41 1300.75 1212298967
1213.47 819.507 1212299027
1006.06 519.16 1212299087
647.068 493.481 1212299150
653.273 168.584 1212299214
662.137 -100.479 1212299268
706.456 -624.065 1212299330
725.071 -938.871 1212299366
657.705 -943.336 1212299426
538.928 -1038.22 1212299492
552.224 -1210.13 1212299526
590.339 -1694.58 1212299567
678.978 -1851.96 1212299625
691.388 -1844.15 1212299628
789.777 -1392.08 1212299744
968.829 -1294.97 1212299805
959.079 -925.475 1212299864
1294.14 -898.683 1212299934
1316.3 -353.903 1212299986
1316.3 -353.903 1212300002
1478.51 -158.533 1212300046
1455.46 170.817 1212300106
1417.34 629.695 1212300167
1385.43 962.426 1212300227
1217.91 731.3 1212300287
1044.17 523.626 1212300351
1013.15 520.277 1212300361
841.188 193.146 1212300423
886.394 -394.093 1212300482
927.169 -994.686 1212300543
896.145 -1378.69 1212300606
381.15 -1415.52 1212300664
232.235 -1433.38 1212300724
284.533 -1419.99 1212300742
241.099 -1411.06 1212300764
191.461 -1428.92 1212300797
566.406 -1389.85 1212300857
530.95 -1580.72 1212300917
531.837 -1580.72 1212300936
582.361 -1515.98 1212300993
546.019 -1054.97 1212301053
704.684 -765.841 1212301115
920.077 -746.863 1212301180
880.19 -117.225 1212301241
817.256 639.744 1212301286
818.142 1033.89 1212301346
1028.22 1243.81 1212301406
1315.41 1639.1 1212301467
1262.23 1958.47 1212301527
1476.73 2443.13 1212301589
1615.01 2545.87 1212301688
1611.47 2584.96 1212301690
1794.95 3058.5 1212301798
2292.22 2982.55 1212302034
2083.03 3448.29 1212302157
2016.55 3727.52 1212302203
2007.68 3720.82 1212302225
2011.23 3725.29 1212302238
2259.42 4057.03 1212302345
2297.53 4163.14 1212302368
2387.95 4178.78 1212302408
2442.9 3893.95 1212302458
2369.33 3570.03 1212302520
2514.7 3523.12 1212302577
2514.7 3484.03 1212302590
2362.24 3456.11 1212302591
1763.92 3485.15 1212302652
1723.15 3771.08 1212302688
1671.74 4074.9 1212302721
1594.62 4539.58 1212302786
1523.71 4987.53 1212302841
1364.16 5084.72 1212302901
1364.16 5083.6 1212302903
1519.28 5111.53 1212302963
1800.27 4890.34 1212303049
2339.19 4414.47 1212303201
2449.99 4317.29 1212303257
2469.49 4296.06 1212303266
2619.3 4164.26 1212303327
2744.28 4040.27 1212303387
2758.46 4034.69 1212303459
2748.71 4027.98 1212303464
2527.11 4210.05 1212303674
2415.42 4192.18 1212303706
1471.41 4051.44 1212303775
1162.95 3993.36 1212303812
435.22 4305 1212303925
-397.991 4169.84 1212304041
-841.188 4101.7 1212304103
-883.735 4146.39 1212304139
-892.599 4194.42 1212304148
-838.529 4306.12 1212304167
-334.171 4378.73 1212304232
-334.171 4378.73 1212304240
394.446 4500.48 1212304302
956.42 4590.96 1212304374
951.101 4897.05 1212304422
1068.99 4936.14 1212304478
1513.08 5007.64 1212304538
2088.35 5102.6 1212304598
2513.81 5167.39 1212304658
2948.15 4931.68 1212304718
3260.16 4508.3 1212304784
3642.19 3930.81 1212304839
3963.96 3515.3 1212304899
4204.17 2764.77 1212304959
4145.67 2713.39 1212305015
4144.78 2711.16 1212305017
3851.38 2421.91 1212305072
3851.38 2421.91 1212305094
3472.01 2036.64 1212305137
2691.98 1263.91 1212305254
2456.2 1032.77 1212305315
2017.43 1058.45 1212305376
1637.17 1059.57 1212305446
1264 1091.95 1212305514
1153.2 711.202 1212305569
1046.83 181.981 1212305629
1061.9 -27.9109 1212305695
1061.9 -27.9109 1212305706
1265.77 -25.678 1212305768
1245.38 261.251 1212305821
1245.38 273.532 1212305834
1037.08 328.239 1212305896
862.462 145.138 1212305954
272.123 99.3636 1212306020
78.0027 78.151 1212306075
78.0027 77.0346 1212306087
145.369 348.336 1212306147
348.353 559.355 1212306177
572.611 780.428 1212306237
726.843 938.978 1212306296
951.988 1062.92 1212306341
963.511 1062.92 1212306363
1184.22 949.027 1212306423
1228.54 512.461 1212306490
1346.43 180.865 1212306543
1477.62 -261.242 1212306603
1481.17 -360.602 1212306632
1490.03 -451.029 1212306653
1322.5 -535.873 1212306713
1256.02 94.8978 1212306773
1227.66 500.18 1212306833
1194.86 886.5 1212306893
1163.84 1361.05 1212306953
1317.18 1616.76 1212307018
1256.02 1928.32 1212307073
1100.02 2401.81 1212307133
1054.81 2294.6 1212307194
1054.81 2294.6 1212307206
1055.7 2294.6 1212307265
1057.47 2297.95 1212307335
1045.95 2295.72 1212307442
1121.29 1873.6 1212307505
1116.86 1863.55 1212307533
1031.76 1746.3 1212307566
500.813 1658.08 1212307633
496.381 1652.5 1212307686
495.494 1651.38 1212307698
1002.51 1633.51 1212307786
2316.15 998.157 1212307894
2681.34 794.943 1212307915
2654.75 -164.115 1212307960
2816.96 -1138.69 1212308015
2392.38 -1311.71 1212308070
1726.7 -1322.87 1212308143
1761.27 -1326.22 1212308190
1765.7 -1321.76 1212308250
1763.04 -1329.57 1212308306
1767.47 -1310.59 1212308388
1743.54 -1299.43 1212308443
1757.72 -1317.29 1212308514
1765.7 -1327.34 1212308569
1767.47 -1315.06 1212308614
