3641.31 -973.476 1212932751
3641.31 -971.244 1212932811
3635.99 -973.476 1212932868
3577.49 -1001.38 1212932924
3829.22 -1136.46 1212932982
3995.87 -922.126 1212933042
3832.77 224.407 1212933108
3144.04 1562.05 1212933161
3439.21 2010.95 1212933231
3534.05 2369.42 1212933281
3079.33 2809.44 1212933341
2886.99 2979.2 1212933375
2859.51 2991.48 1212933436
2865.71 2993.72 1212933496
2856.85 3014.94 1212933556
2879.9 2855.23 1212933616
2918.9 2838.48 1212933676
2837.35 2925.59 1212933736
2901.17 2677.66 1212933799
2888.76 2723.45 1212933816
2849.76 2836.24 1212933881
2886.1 2714.51 1212933936
2894.08 3458.34 1212933996
2871.03 3570.03 1212934056
2933.08 3460.57 1212934116
2864.83 3554.39 1212934176
2892.31 3444.94 1212934229
2893.19 3379.04 1212934291
2879.01 3410.31 1212934349
2871.92 3411.43 1212934415
2922.44 3098.7 1212934469
2910.92 3264 1212934529
3003.1 2979.2 1212934589
2928.65 3022.76 1212934651
2929.53 3045.09 1212934710
2933.08 3029.46 1212934770
2926.87 3026.11 1212934830
2937.51 2981.43 1212934869
2808.1 3345.53 1212934930
3071.36 3473.98 1212934991
3095.29 3563.33 1212935051
3065.15 3649.33 1212935086
3065.15 3647.1 1212935088
3063.38 3599.07 1212935148
2941.06 3577.85 1212935208
2994.24 3587.9 1212935273
2891.42 3606.89 1212935328
2651.21 3628.11 1212935389
2594.48 3601.31 1212935415
2327.67 3538.76 1212935469
2334.76 3552.16 1212935490
2849.76 3633.7 1212935550
3249.52 3694.01 1212935610
3476.44 3745.39 1212935670
3610.28 3825.81 1212935731
3635.1 3835.86 1212935780
3635.99 3834.75 1212935781
3696.26 3603.54 1212935841
3511.89 3327.66 1212935901
3118.34 3029.46 1212935966
2982.72 2924.47 1212936021
2786.82 3247.25 1212936081
2410.99 3236.08 1212936142
1817.99 3134.44 1212936201
1796.72 3138.91 1212936224
1734.67 2733.5 1212936284
1825.09 2089.12 1212936344
1828.63 2089.12 1212936352
1720.49 2072.37 1212936413
1418.23 2035.52 1212936478
1352.64 2368.31 1212936533
1591.96 2576.03 1212936593
1745.31 2610.65 1212936636
1887.13 2828.43 1212936696
1716.95 2934.53 1212936756
1300.34 2863.05 1212936816
839.416 2807.21 1212936876
690.501 2793.81 1212936912
691.388 2793.81 1212936913
672.773 2784.87 1212936973
671.001 2755.83 1212937033
975.034 2801.62 1212937093
1159.4 2725.68 1212937154
1381 2768.12 1212937215
1811.79 2829.54 1212937278
2148.62 2969.15 1212937334
2019.21 2961.33 1212937395
1793.18 2934.53 1212937427
1303 2861.93 1212937487
1292.36 2668.72 1212937547
1314.52 2516.84 1212937608
1353.52 2341.51 1212937668
1115.08 2185.16 1212937728
1100.9 2000.9 1212937789
845.62 1728.43 1212937849
582.361 1674.83 1212937910
-76.2299 1568.75 1212937970
-777.368 1451.5 1212938031
-855.371 1084.13 1212938092
-1124.83 976.942 1212938151
-1385.43 933.396 1212938213
-1610.58 1198.03 1212938273
-1317.18 1476.06 1212938334
-938.692 1536.36 1212938394
-951.988 1742.95 1212938469
-1040.63 2303.54 1212938516
-1017.58 2598.36 1212938576
-975.92 2987.02 1212938637
-691.388 3074.13 1212938697
-220.712 3150.08 1212938758
176.392 3122.16 1212938819
209.189 2901.02 1212938879
211.848 2885.38 1212938906
429.901 2717.86 1212938971
1008.72 2595.01 1212939021
1126.61 1854.61 1212939080
1368.59 1228.17 1212939145
1761.27 1026.07 1212939200
2410.11 1007.09 1212939325
2765.55 1065.15 1212939371
2765.55 1066.27 1212939399
3007.54 1291.82 1212939435
3443.64 1734.01 1212939493
3532.28 1805.48 1212939553
3535.83 1802.13 1212939615
3534.94 1806.6 1212939686
3545.58 1798.78 1212939739
3545.58 1795.43 1212939799
3596.1 1874.71 1212939850
3727.29 2176.23 1212939911
3728.18 2175.11 1212939928
3151.13 2755.83 1212939989
2871.03 3028.34 1212940049
2312.6 3020.52 1212940111
2320.58 3031.69 1212940136
2319.69 3030.57 1212940152
2157.48 2995.95 1212940207
1718.72 2927.82 1212940267
1409.37 2882.03 1212940327
1120.4 2850.76 1212940387
1057.47 3221.56 1212940447
1316.3 3391.33 1212940507
1459.89 3419.25 1212940567
1636.28 3370.1 1212940628
2039.59 3301.97 1212940688
2653.86 3394.68 1212940749
2373.76 3272.93 1212940809
1787.86 3171.3 1212940887
1256.02 3062.96 1212940922
1217.91 3011.59 1212940958
1408.48 2714.51 1212941018
1385.43 2458.77 1212941079
1385.43 2457.65 1212941093
1345.55 2437.55 1212941153
1400.5 1951.77 1212941218
1514.85 1404.6 1212941279
1497.12 1058.45 1212941338
2668.05 845.187 1212941399
2886.99 -576.062 1212941459
2501.41 -2052.87 1212941517
2866.6 -3517.14 1212941559
3297.39 -4969.99 1212941606
3709.56 -6409.2 1212941652
3981.68 -7922.88 1212941699
4144.78 -9421.79 1212941745
3343.48 -10660.6 1212941789
2538.63 -11928.3 1212941836
2652.09 -13407.5 1212941884
2949.92 -14923.2 1212941936
3465.8 -16320.6 1212941984
4362.83 -16192.4 1212942044
4458.56 -15881.6 1212942094
4360.17 -15850.4 1212942154
4361.06 -15850.4 1212942165
4242.28 -15968.5 1212942219
3904.57 -16254.8 1212942286
4264.44 -16087.7 1212942339
