3699.81 -948.918 1212845697
3698.04 -965.662 1212845759
3594.33 -984.639 1212845819
3555.33 -1147.62 1212845884
2993.35 -1191.15 1212845940
2231.05 -1317.29 1212845999
1986.41 -1316.17 1212846059
1727.58 -914.312 1212846130
1513.08 -666.487 1212846180
1464.32 -54.7053 1212846239
1433.3 326.006 1212846299
1430.64 406.394 1212846326
1393.41 1087.48 1212846386
1483.82 1413.53 1212846446
1504.21 1402.37 1212846506
1474.07 1665.9 1212846567
1394.3 2152.78 1212846627
1339.34 2453.18 1212846691
1238.29 2869.75 1212846748
1212.59 2908.84 1212846794
1443.05 2985.9 1212846847
1987.3 3069.66 1212846917
2567.88 3134.44 1212846969
2802.78 3451.64 1212847028
2930.42 3604.66 1212847088
2930.42 3604.66 1212847101
3000.45 3613.59 1212847119
2990.69 3621.41 1212847174
2990.69 3624.76 1212847175
3055.4 3663.85 1212847236
2981.83 3459.46 1212847297
2777.96 3315.38 1212847357
2462.4 3230.49 1212847417
2447.34 3242.78 1212847483
2444.68 3298.62 1212847538
2449.11 3268.47 1212847605
2452.65 3228.26 1212847665
2430.49 3258.42 1212847719
2432.27 3269.58 1212847779
2442.02 3251.71 1212847839
2442.9 3260.65 1212847900
2434.93 3299.74 1212847959
2446.45 3240.54 1212848025
2441.13 3280.75 1212848080
2442.02 3280.75 1212848148
2450.88 3335.48 1212848201
2449.11 3316.49 1212848262
2444.68 3286.34 1212848321
2444.68 3286.34 1212848338
2448.22 3293.04 1212848381
2448.22 3293.04 1212848395
2445.56 3278.52 1212848452
2447.34 3260.65 1212848502
2446.45 3279.64 1212848567
2456.2 3237.19 1212848621
2455.31 3267.35 1212848681
2451.77 3288.57 1212848741
2449.11 3286.34 1212848807
