4220.12 -16054.3 1212596634
3345.25 -16058.7 1212596695
2950.81 -14554.4 1212596744
2625.5 -13051.9 1212596797
2606.89 -11544.8 1212596844
3593.44 -10367.4 1212596887
4176.69 -8927.76 1212596935
3911.66 -7432.11 1212596980
3638.65 -5913.87 1212597032
3189.25 -4505.82 1212597074
2713.25 -3088.6 1212597124
2736.3 -1611.98 1212597182
2873.69 -1061.66 1212597242
2895.85 -601.738 1212597313
2618.41 145.138 1212597362
2713.25 719.018 1212597422
2599.79 944.561 1212597483
2465.06 1067.38 1212597543
2368.45 1079.67 1212597603
2269.17 1031.65 1212597669
2045.8 1056.22 1212597723
1874.72 1058.45 1212597784
1722.26 1065.15 1212597844
1560.94 1091.95 1212597904
1443.05 1112.05 1212597964
1295.91 1127.68 1212598025
1199.29 1173.46 1212598095
1123.95 1257.21 1212598145
1064.56 1469.36 1212598205
1038.85 1588.85 1212598265
1022.9 1687.11 1212598326
849.166 1722.85 1212598386
162.21 1610.06 1212598453
234.895 1872.48 1212598507
69.1388 2024.35 1212598576
-2.65918 2000.9 1212598629
-2.65918 1999.79 1212598642
-2.65918 1988.62 1212598696
-2.65918 1988.62 1212598699
201.212 2035.52 1212598765
333.284 2070.14 1212598789
462.698 2373.89 1212598855
405.082 2696.64 1212598910
395.332 2773.7 1212598937
74.4571 2779.29 1212598998
69.1388 2780.4 1212599020
359.876 2816.14 1212599092
935.146 2927.82 1212599141
1379.23 2988.13 1212599201
1660.22 3038.39 1212599262
2200.92 3107.64 1212599322
2339.19 2946.81 1212599382
2566.11 2954.63 1212599442
2613.09 2914.42 1212599502
2704.39 2846.3 1212599551
2704.39 2845.18 1212599553
2713.25 2847.41 1212599618
2707.94 2831.78 1212599673
2691.98 2829.54 1212599735
2746.94 2834.01 1212599793
2734.53 2836.24 1212599854
2930.42 2971.38 1212599914
2949.03 2975.85 1212599975
2948.15 2976.97 1212599983
2947.26 2965.8 1212600047
2926.87 2946.81 1212600114
2973.85 2981.43 1212600175
2983.6 2989.25 1212600224
2936.62 2953.51 1212600285
2905.6 2935.64 1212600345
2911.81 2949.04 1212600405
2882.55 2922.24 1212600466
2872.8 2913.31 1212600526
2865.71 2907.72 1212600587
2905.6 2935.64 1212600647
2872.8 2904.37 1212600707
2825.83 2885.38 1212600767
2820.51 2871.98 1212600827
2848.87 2895.44 1212600887
2861.28 2885.38 1212600934
2921.56 2617.35 1212600994
3059.83 2471.05 1212601054
3262.82 2640.8 1212601114
3584.58 2714.51 1212601174
3866.45 2414.1 1212601235
3999.41 2313.59 1212601268
4054.37 2227.6 1212601315
4054.37 2227.6 1212601317
3918.75 2053.39 1212601378
3815.04 2071.25 1212601414
3542.92 2352.67 1212601474
3145.81 2772.59 1212601534
3060.72 2922.24 1212601594
3058.95 2925.59 1212601654
3056.29 2928.94 1212601715
3057.17 2931.17 1212601775
3041.22 2935.64 1212601841
3051.86 2923.36 1212601897
3052.74 2922.24 1212601956
3054.52 2915.54 1212602017
3044.76 2926.71 1212602077
3042.99 2931.17 1212602137
3043.88 2930.06 1212602301
3044.76 2928.94 1212602366
3045.65 2928.94 1212602431
3052.74 2922.24 1212602491
3054.52 2921.12 1212602551
3055.4 2921.12 1212602611
3057.17 2928.94 1212602671
3059.83 2925.59 1212602731
3050.08 2935.64 1212602791
3049.2 2935.64 1212602857
3050.08 2933.41 1212602911
3048.31 2933.41 1212602971
3046.54 2930.06 1212603031
3031.47 2922.24 1212603091
2992.47 2903.25 1212603152
2879.9 3014.94 1212603213
2660.07 2883.15 1212603273
2452.65 2696.64 1212603333
2332.1 2785.99 1212603394
2216.87 3020.52 1212603455
2038.71 2961.33 1212603503
1821.54 3146.73 1212603563
1822.43 3486.26 1212603628
2196.49 3539.87 1212603683
2518.25 3584.55 1212603744
2800.12 3715.23 1212603803
2826.71 3857.09 1212603863
3089.08 3979.95 1212603924
3089.08 3981.07 1212604019
3088.2 3892.83 1212604071
3098.83 3863.79 1212604132
3106.81 3843.68 1212604192
3107.7 3843.68 1212604249
3120.99 3834.75 1212604300
3323.98 3908.47 1212604354
3203.43 3600.19 1212604414
3470.23 3453.87 1212604475
3807.06 3460.57 1212604534
3936.48 3584.55 1212604598
4117.3 3328.78 1212604656
4208.6 2759.18 1212604717
4182.01 2356.02 1212604778
4121.73 2258.87 1212604838
4069.44 2169.53 1212604899
3899.25 2045.57 1212604959
3724.63 1830.05 1212605020
3454.28 1581.03 1212605080
3810.61 236.688 1212605141
3789.34 -1283.8 1212605190
2957.9 -2548.43 1212605235
3053.63 -4087.38 1212605295
3556.21 -5537.89 1212605344
3815.04 -6991.5 1212605382
4085.39 -8490.58 1212605430
3871.77 -9973.77 1212605477
2832.92 -11091 1212605525
2576.75 -12557 1212605572
2816.08 -14036.1 1212605621
3128.09 -15511.6 1212605677
3778.7 -16247 1212605721
4554.29 -15984.1 1212605781
4486.04 -15892.7 1212605817
4484.27 -15897.2 1212605820
4485.16 -15890.5 1212605894
4485.16 -15890.5 1212605897
4202.4 -16015.3 1212605957
4115.53 -16121.1 1212606018
