3654.6 -937.754 1212015744
3640.42 -981.29 1212015804
3602.31 -989.105 1212015864
3555.33 -1152.08 1212015924
3490.62 -1101.85 1212015945
2980.94 -1068.36 1212016005
2819.62 -635.229 1212016066
2696.41 -366.184 1212016169
2567 -288.036 1212016235
2529.77 245.62 1212016302
2476.59 913.297 1212016350
2801.01 1074.08 1212016410
3019.06 1300.75 1212016471
3429.46 1713.91 1212016530
3786.68 2055.62 1212016591
3901.91 2392.88 1212016651
3607.63 2686.59 1212016711
3338.16 2931.17 1212016771
3128.97 3147.84 1212016832
3223.82 3440.47 1212016908
3462.26 3638.16 1212016958
3498.6 3702.95 1212017012
3447.19 3859.32 1212017095
3269.02 3800.12 1212017115
2902.94 3689.54 1212017170
2413.65 3661.62 1212017230
2153.05 3634.81 1212017290
1700.1 3523.12 1212017351
1456.35 3513.07 1212017411
1456.35 3513.07 1212017425
1048.6 3470.63 1212017471
1053.92 3600.19 1212017553
1131.04 3738.69 1212017578
1016.69 4478.14 1212017643
1092.92 4871.35 1212017703
1074.31 5025.51 1212017759
1094.7 5140.58 1212017844
1322.5 5189.73 1212017884
1516.62 5027.75 1212017935
1532.58 4922.74 1212018003
1576.01 4641.23 1212018058
1634.51 4279.31 1212018112
1701.88 3868.26 1212018181
1757.72 3488.5 1212018232
2101.64 3517.54 1212018293
2103.41 3518.65 1212018327
2104.3 3518.65 1212018328
2205.35 3537.64 1212018388
2684.89 3609.12 1212018448
2834.69 3635.93 1212018508
3019.95 3614.71 1212018571
3339.05 3662.74 1212018629
3472.89 3695.13 1212018690
3081.11 3726.4 1212018752
2794.8 3576.73 1212018811
2638.8 4141.92 1212018872
2491.65 4282.66 1212018932
2348.95 4523.94 1212018993
2284.24 4905.98 1212019053
2245.24 5184.15 1212019114
2356.92 5330.49 1212019164
2226.62 5337.2 1212019212
2097.21 5120.47 1212019278
2097.21 5119.35 1212019295
2162.8 4698.2 1212019356
2157.48 4575.33 1212019433
2208.89 4385.43 1212019460
2238.15 4166.49 1212019522
2279.81 3915.17 1212019580
2332.99 3597.95 1212019641
2235.49 3534.29 1212019700
2219.53 3452.75 1212019760
2225.74 3355.58 1212019821
2348.95 3337.71 1212019888
2376.42 3318.73 1212019942
2398.58 3259.53 1212020002
2390.61 3260.65 1212020044
2403.9 3210.39 1212020045
2403.9 3210.39 1212020046
1911.07 3167.95 1212020107
1387.21 3004.89 1212020174
1405.82 2966.91 1212020215
1405.82 2965.8 1212020218
1554.74 2979.2 1212020277
1865.86 3049.56 1212020342
2257.65 3115.46 1212020397
2392.38 3179.12 1212020463
2425.18 3258.42 1212020518
2530.66 3373.45 1212020578
2830.26 3482.91 1212020639
2816.96 3539.87 1212020697
2958.78 3672.79 1212020762
3161.77 3689.54 1212020823
3158.22 3689.54 1212020824
3293.84 3710.77 1212020885
3439.21 3688.43 1212020951
3504.8 3701.83 1212021006
3741.47 3705.18 1212021066
3801.75 3725.29 1212021133
3777.81 3785.6 1212021192
3728.18 3876.07 1212021230
3728.18 3876.07 1212021231
3591.67 4064.84 1212021294
3394 4355.27 1212021359
3011.08 4893.69 1212021424
2762.01 5137.23 1212021471
2371.99 5356.19 1212021532
2187.62 5388.59 1212021597
1814.45 5378.53 1212021652
1640.72 5350.6 1212021702
1280.84 5189.73 1212021813
1083.17 4929.44 1212021861
1143.45 4516.12 1212021938
1080.51 4397.71 1212021976
1084.06 4398.83 1212022018
1090.27 4407.77 1212022026
1104.45 4804.33 1212022080
1066.33 5010.99 1212022157
1052.15 5128.29 1212022200
1368.59 5195.32 1212022316
1674.4 5255.65 1212022369
1935 5290.28 1212022412
2316.15 5349.49 1212022472
2476.59 5291.39 1212022527
2624.61 5196.44 1212022595
2852.42 5015.46 1212022647
3035.01 4818.85 1212022713
3311.57 4423.41 1212022773
3333.73 4392.13 1212022828
3461.37 4065.96 1212022893
3434.78 3730.87 1212022953
3370.96 3918.52 1212023011
3378.05 3920.75 1212023013
3376.28 3901.76 1212023019
3339.93 3747.62 1212023094
3458.71 3444.94 1212023150
3634.22 3289.69 1212023198
3554.44 3224.91 1212023267
3200.77 2859.7 1212023324
2886.1 2550.34 1212023379
2576.75 2237.65 1212023439
2650.32 2067.9 1212023511
2818.73 1888.11 1212023564
3034.13 1671.48 1212023620
3357.66 1013.79 1212023680
3662.58 288.046 1212023740
3392.23 273.532 1212023801
3392.23 273.532 1212023810
3469.35 703.386 1212023875
3592.56 722.367 1212023922
3055.4 1270.61 1212023993
3249.52 1533.01 1212024043
3560.65 1832.28 1212024103
3571.28 1842.33 1212024172
3573.06 1837.86 1212024223
3573.06 1837.86 1212024283
3570.4 1840.1 1212024345
3569.51 1840.1 1212024403
3573.06 1840.1 1212024490
3642.19 1922.73 1212024571
3964.84 2248.82 1212024616
3600.53 2678.77 1212024670
3457.82 2812.79 1212024741
3285.86 2997.07 1212024807
3323.09 3230.49 1212024852
3284.09 3269.58 1212024916
3412.62 3348.88 1212024971
3269.91 3662.74 1212025031
3201.66 3824.69 1212025091
3258.39 3975.49 1212025164
3253.95 3973.25 1212025173
3253.07 3975.49 1212025196
3179.5 4274.84 1212025304
3105.93 4308.35 1212025355
2790.37 4251.38 1212025416
2721.23 4240.21 1212025455
2504.95 4272.61 1212025520
2389.72 4377.61 1212025575
2167.23 4710.49 1212025641
2140.64 4823.32 1212025695
2141.53 4823.32 1212025740
2135.32 4855.71 1212025742
2136.21 4855.71 1212025754
2233.71 4261.44 1212025872
2249.67 4157.56 1212025923
2296.65 3868.26 1212025984
2463.29 3787.83 1212026056
2535.09 3285.22 1212026105
2575.86 3088.65 1212026183
2559.02 2955.75 1212026236
2721.23 2777.05 1212026285
2765.55 2789.34 1212026345
2762.89 2783.75 1212026347
2762.89 2783.75 1212026349
2726.55 2635.22 1212026408
2476.59 2664.26 1212026486
2338.31 2799.39 1212026528
1985.52 2732.38 1212026588
1671.74 2691.06 1212026663
1459.01 2672.07 1212026713
1182.45 2625.17 1212026771
1129.27 2769.24 1212026838
984.784 2847.41 1212026897
670.114 2855.23 1212026952
596.543 2844.06 1212026995
596.543 2844.06 1212026997
902.35 2892.09 1212027063
1095.58 2921.12 1212027117
1231.2 2944.58 1212027177
1232.09 2942.34 1212027198
1581.33 3014.94 1212027263
2036.05 3087.53 1212027317
2111.39 3233.84 1212027378
2317.04 3329.9 1212027438
2401.24 3360.05 1212027485
2756.69 3414.78 1212027556
2918.9 3429.3 1212027608
3025.26 3633.7 1212027676
3090.86 4071.55 1212027729
3118.34 4004.53 1212027745
3361.21 3832.51 1212027798
3215.84 3682.84 1212027855
3120.99 3551.04 1212027916
2993.35 3267.35 1212027990
2713.25 3268.47 1212028037
2367.56 3247.25 1212028097
1981.09 3078.6 1212028158
2031.62 3108.75 1212028223
2007.68 3135.56 1212028246
2097.21 3078.6 1212028298
2409.22 3219.32 1212028358
2403.02 3376.81 1212028391
2504.95 3564.45 1212028451
2762.01 3577.85 1212028522
2918.9 3509.72 1212028559
3155.56 3664.97 1212028618
3399.32 3710.77 1212028695
3333.73 3823.58 1212028738
3315.12 3834.75 1212028753
3168.86 3603.54 1212028886
3121.88 3331.01 1212028931
2841.78 3301.97 1212028989
2668.05 3286.34 1212029025
2435.81 3242.78 1212029080
2234.6 3227.14 1212029157
1997.05 3087.53 1212029205
2060.87 3124.39 1212029260
2061.75 3122.16 1212029261
1997.93 2982.55 1212029327
1812.68 2722.33 1212029387
1598.17 2698.88 1212029447
1439.5 2865.28 1212029502
1549.42 2734.61 1212029572
1553.85 2716.74 1212029621
1567.15 2748.02 1212029684
1564.49 2756.95 1212029753
1568.03 2754.72 1212029814
1566.26 2727.91 1212029862
1560.05 2722.33 1212029922
1566.26 2739.08 1212029983
1560.94 2711.16 1212030043
1563.6 2714.51 1212030109
1559.17 2726.8 1212030172
1566.26 2748.02 1212030224
1559.17 2735.73 1212030285
1562.71 2745.78 1212030345
1567.15 2756.95 1212030412
1554.74 2739.08 1212030466
1560.05 2742.43 1212030533
1567.15 2759.18 1212030590
1563.6 2740.2 1212030649
1565.37 2744.67 1212030711
1558.28 2734.61 1212030779
1560.05 2735.73 1212030830
1565.37 2749.13 1212030890
1562.71 2745.78 1212030950
1562.71 2755.83 1212031010
1564.49 2751.37 1212031070
1559.17 2737.96 1212031130
1581.33 2755.83 1212031190
1576.01 2998.19 1212031250
2355.15 3143.38 1212031319
2520.91 3446.05 1212031371
2625.5 3593.49 1212031432
2852.42 3619.18 1212031507
2855.96 3623.64 1212031527
2952.58 3649.33 1212031588
2926.87 3228.26 1212031642
2689.32 2979.2 1212031703
2442.02 2676.54 1212031747
2069.73 2292.37 1212031807
1863.2 2082.42 1212031865
1704.54 1936.13 1212031919
1474.96 1699.4 1212031982
1254.25 1478.3 1212032030
1004.28 1233.76 1212032071
739.253 972.475 1212032124
438.765 679.939 1212032184
257.054 494.597 1212032250
-210.962 -241.147 1212032389
-178.165 -662.021 1212032432
-166.642 -753.561 1212032467
-165.756 -755.794 1212032476
-167.529 -754.677 1212032536
-168.415 -752.445 1212032561
-168.415 -752.445 1212032563
-169.301 -754.677 1212032624
-169.301 -753.561 1212032690
-169.301 -754.677 1212032744
-78.0027 -639.694 1212032804
-104.595 -111.643 1212032864
60.2748 65.8701 1212032924
45.2061 251.202 1212032984
39.8877 311.492 1212033004
39.8877 312.609 1212033012
15.0687 682.172 1212033070
-112.572 1220.36 1212033142
-139.164 1317.5 1212033197
-210.075 1828.93 1212033252
-250.85 2044.45 1212033312
-493.722 2354.91 1212033372
-830.552 2323.64 1212033428
-830.552 2326.99 1212033481
-831.438 2323.64 1212033541
-831.438 2324.75 1212033556
-538.928 2455.42 1212033616
-325.307 2561.51 1212033676
125.868 2774.82 1212033736
843.848 2889.85 1212033796
1473.19 3012.7 1212033856
2048.46 3088.65 1212033916
2406.56 3155.66 1212033976
2417.2 3215.97 1212034038
2416.31 3215.97 1212034039
2348.95 3581.2 1212034099
2305.51 3757.68 1212034159
2265.62 4050.32 1212034220
1922.59 4006.76 1212034280
1399.62 3928.57 1212034340
1390.75 3952.03 1212034376
1394.3 3964.32 1212034436
1392.53 3968.78 1212034462
1333.14 4327.34 1212034515
1256.02 4813.26 1212034575
1083.17 4928.33 1212034636
1063.67 5027.75 1212034697
1060.13 5028.87 1212034758
1061.01 5029.98 1212034818
1049.49 5128.29 1212034879
1326.05 5195.32 1212034939
1625.65 5131.64 1212035000
2005.02 5191.97 1212035061
2362.24 5341.67 1212035122
2349.83 5369.6 1212035164
2296.65 5376.3 1212035223
2477.47 5286.93 1212035283
2586.5 5223.25 1212035343
2934.85 4949.55 1212035403
3208.75 4564.16 1212035464
3502.14 4067.08 1212035524
3469.35 3761.03 1212035585
3471.12 3700.71 1212035645
3450.73 3727.52 1212035673
3449.85 3735.34 1212035675
3022.61 3735.34 1212035737
2848.87 3813.52 1212035796
2566.11 3708.53 1212035858
2353.38 3643.75 1212035918
1964.25 3597.95 1212035979
1676.17 3558.86 1212036039
1448.37 3609.12 1212036100
1445.71 3613.59 1212036130
1443.94 3623.64 1212036145
1388.98 3994.47 1212036206
1373.91 4091.65 1212036271
1336.68 4325.11 1212036304
1284.39 4637.88 1212036350
1086.72 4913.8 1212036411
1181.56 5175.21 1212036471
1509.53 5138.34 1212036531
1653.13 5139.46 1212036594
1779.88 5159.57 1212036621
1669.97 4974.13 1212036681
1748.86 4520.59 1212036741
1825.97 4023.52 1212036801
1896.88 3597.95 1212036861
1933.23 3387.97 1212036921
1979.32 3159.01 1212036982
2280.69 2982.55 1212037042
2156.6 3012.7 1212037103
2053.78 3039.51 1212037130
2052.89 3052.91 1212037132
2265.62 3129.97 1212037192
2465.95 3384.62 1212037268
2508.5 3507.48 1212037328
2598.02 3615.83 1212037388
2636.14 3539.87 1212037448
2394.15 3465.04 1212037508
2215.99 3408.08 1212037568
2306.4 3134.44 1212037628
2318.81 2828.43 1212037689
2604.23 2548.11 1212037749
2243.46 2205.26 1212037809
1768.36 1728.43 1212037875
1696.56 1652.5 1212037901
1404.94 1349.89 1212037961
1388.09 957.96 1212038021
1295.91 655.375 1212038081
1319.84 640.861 1212038126
1318.07 640.861 1212038187
1312.75 605.132 1212038204
1238.29 518.044 1212038236
1209.04 847.42 1212038296
1185.11 1118.75 1212038356
1189.54 1413.53 1212038416
1309.2 1660.31 1212038476
1271.09 1778.68 1212038536
1186 2418.56 1212038596
1082.29 3090.88 1212038663
961.738 3032.81 1212038717
1024.67 2914.42 1212038737
1047.72 2916.66 1212038739
1373.02 2944.58 1212038800
1646.03 3030.57 1212038860
2145.07 3073.01 1212038921
2410.99 3166.83 1212038982
2399.47 3318.73 1212039043
2507.61 3465.04 1212039103
2507.61 3480.68 1212039164
2502.29 3489.61 1212039224
2488.11 3519.77 1212039285
2512.93 3488.5 1212039346
2524.45 3463.92 1212039407
2520.02 3472.86 1212039467
2509.38 3484.03 1212039528
2526.22 3468.39 1212039588
2512.04 3495.2 1212039655
2520.91 3475.09 1212039709
2524.45 3470.63 1212039769
2509.38 3482.91 1212039830
2514.7 3565.56 1212039879
2623.73 3593.49 1212039903
2924.22 3574.5 1212039963
3493.28 3599.07 1212040023
3277.89 3804.59 1212040083
2688.43 3715.23 1212040144
2698.18 4048.09 1212040204
2475.7 4281.54 1212040253
2471.27 4306.12 1212040298
2394.15 4377.61 1212040358
2402.13 4204.47 1212040424
2427.83 3990.01 1212040484
2448.22 3711.88 1212040544
2332.1 3575.62 1212040599
2244.35 3596.84 1212040660
2247.9 3589.02 1212040672
2520.91 3595.72 1212040739
2695.53 3644.87 1212040796
2426.95 3626.99 1212040850
2070.62 3516.42 1212040910
1566.26 3440.47 1212040971
1000.74 3345.53 1212041032
928.941 3083.07 1212041092
644.409 2855.23 1212041158
642.636 2854.11 1212041180
642.636 2854.11 1212041181
599.203 2846.3 1212041241
599.203 2850.76 1212041301
600.089 2842.95 1212041361
601.862 2846.3 1212041421
600.089 2845.18 1212041481
686.069 2905.49 1212041541
1088.49 2934.53 1212041603
1602.6 3029.46 1212041663
1896.88 3059.61 1212041699
2309.94 3127.74 1212041759
2475.7 3304.21 1212041819
2528.88 3460.57 1212041879
2790.37 3618.06 1212041939
3266.36 3622.53 1212042003
3349.68 3696.24 1212042065
3261.05 3861.55 1212042119
2840.01 3831.4 1212042179
2612.2 4195.53 1212042239
2416.31 4353.03 1212042300
2317.92 4723.9 1212042360
2259.42 5114.88 1212042420
2312.6 5381.88 1212042480
2279.81 5389.7 1212042492
2295.76 5368.48 1212042553
2534.2 5257.88 1212042613
2612.2 5204.26 1212042639
2948.15 4928.33 1212042699
3230.91 4549.63 1212042759
3620.03 3973.25 1212042819
4119.96 3334.36 1212042879
4193.53 2477.75 1212042940
3851.38 1981.92 1212043000
3413.5 1550.88 1212043060
3768.06 432.073 1212043120
3749.45 2.23288 1212043181
3759.2 -88.1981 1212043216
3760.09 -107.177 1212043218
3802.63 -711.14 1212043278
3821.25 -1123.06 1212043338
2956.13 -1191.15 1212043398
2400.36 -1305.01 1212043463
1739.11 -1320.64 1212043524
1716.06 -1310.59 1212043578
1720.49 -1298.31 1212043644
1713.4 -1309.48 1212043704
1719.61 -1303.9 1212043758
1722.26 -1299.43 1212043819
1715.17 -1307.24 1212043879
1813.56 -1340.73 1212043950
2283.35 -1323.99 1212043999
2949.92 -1202.32 1212044066
3751.22 -1119.71 1212044125
3588.12 -939.987 1212044185
3581.03 -947.801 1212044239
3576.6 -955.615 1212044308
3574.83 -957.848 1212044360
3565.96 -960.081 1212044424
3568.62 -967.895 1212044476
3574.83 -975.709 1212044517
3573.94 -977.942 1212044577
3570.4 -979.058 1212044637
3634.22 -924.359 1212044697
3635.1 -923.242 1212044758
3637.76 -923.242 1212044818
3638.65 -922.126 1212044883
3638.65 -922.126 1212044935
3639.54 -923.242 1212044996
3641.31 -921.01 1212045056
