3725.52 -6364.57 1211421561
3310.68 -4943.21 1211421621
2913.58 -3489.24 1211421685
3227.36 -2237.04 1211421733
3945.34 -937.754 1211421788
3783.13 547.073 1211421848
3112.13 1602.25 1211421915
2707.05 2022.12 1211421968
2465.95 2277.85 1211422027
2223.08 2493.39 1211422084
2163.69 2895.44 1211422142
2171.67 2895.44 1211422184
2183.19 2895.44 1211422251
2183.19 2895.44 1211422287
2309.94 2899.9 1211422303
2558.13 2959.1 1211422363
2607.77 2877.57 1211422397
2635.25 2844.06 1211422424
2528.88 2464.35 1211422485
2235.49 2436.43 1211422546
2149.51 2956.86 1211422605
2066.19 3449.4 1211422665
1765.7 3457.22 1211422725
1219.68 3386.86 1211422785
1158.52 3382.39 1211422846
1055.7 3362.29 1211422867
1061.01 3357.82 1211422897
909.441 3325.43 1211422959
911.213 3322.08 1211422980
813.71 3320.96 1211423008
533.609 3275.17 1211423075
319.102 3243.9 1211423142
27.4782 3195.87 1211423200
140.937 3309.79 1211423252
98.3898 3638.16 1211423307
179.052 3724.17 1211423384
194.12 3031.69 1211423505
229.576 2806.09 1211423608
227.803 2803.86 1211423624
496.381 2836.24 1211423683
1006.06 2918.89 1211423743
1089.38 2913.31 1211423804
1352.64 2972.5 1211423863
1687.7 3028.34 1211423941
2263.85 3121.04 1211423985
2296.65 2984.78 1211424045
2338.31 2717.86 1211424104
2486.34 2689.94 1211424170
2490.77 2699.99 1211424188
2504.95 2715.63 1211424190
2731.87 2942.34 1211424250
2981.83 3262.88 1211424310
3261.93 2998.19 1211424375
3280.55 2988.13 1211424393
3305.36 2965.8 1211424402
3017.29 2880.92 1211424478
2847.99 3096.47 1211424527
2783.28 3443.82 1211424561
2715.91 3988.89 1211424621
3002.22 4072.66 1211424699
3180.38 4112.87 1211424742
3196.34 4113.99 1211424783
3521.65 3815.76 1211424889
3505.69 3806.82 1211424949
3303.59 3742.04 1211425017
3408.19 3769.96 1211425075
3361.21 3708.53 1211425132
3050.08 3662.74 1211425188
2928.65 3668.32 1211425248
2506.72 3587.9 1211425310
2097.21 3526.47 1211425369
1764.81 3517.54 1211425429
1638.06 3561.1 1211425489
1610.58 3485.15 1211425504
1847.25 3473.98 1211425580
2049.34 3508.6 1211425626
2320.58 3549.93 1211425684
2581.18 3594.6 1211425749
2989.81 3564.45 1211425804
3391.35 3708.53 1211425864
3460.48 3815.76 1211425920
3714.88 3840.33 1211425996
3965.73 3519.77 1211426043
4213.92 2744.67 1211426109
4093.37 2222.01 1211426173
3587.24 1725.08 1211426216
3712.22 601.782 1211426276
3909.89 -906.498 1211426347
2955.24 -2551.78 1211426393
3205.2 -4636.37 1211426491
3652.83 -6081.21 1211426525
3854.93 -7201.21 1211426553
4127.05 -8720.32 1211426595
2719.46 -11257.1 1211426702
2590.93 -12746.5 1211426762
3166.2 -15678.8 1211426850
4383.22 -16061 1211426973
4392.97 -16032 1211427066
4392.97 -16032 1211427114
4396.52 -16033.1 1211427158
4395.63 -16033.1 1211427223
