3614.72 -973.476 1212786969
3643.97 -939.987 1212787029
3643.97 -943.336 1212787090
3643.97 -942.22 1212787150
3643.08 -942.22 1212787211
3643.97 -942.22 1212787272
3643.97 -941.103 1212787338
3643.97 -942.22 1212787398
3643.08 -941.103 1212787454
3644.85 -943.336 1212787514
3643.97 -941.103 1212787575
3643.97 -942.22 1212787635
3643.97 -939.987 1212787696
3643.08 -939.987 1212787759
3642.19 -941.103 1212787816
3642.19 -941.103 1212787878
3641.31 -941.103 1212787936
3643.97 -939.987 1212788003
3643.97 -941.103 1212788056
3641.31 -944.452 1212788117
3641.31 -944.452 1212788177
3642.19 -943.336 1212788238
3641.31 -939.987 1212788298
3643.08 -945.569 1212788359
3644.85 -943.336 1212788420
3646.63 -942.22 1212788480
3645.74 -939.987 1212788541
3647.51 -943.336 1212788607
3647.51 -945.569 1212788661
3644.85 -943.336 1212788685
3596.99 -986.872 1212788745
3578.37 -1144.27 1212788791
3964.84 -1125.29 1212788851
3936.48 -699.977 1212788912
3349.68 1340.95 1212789016
3566.85 1663.66 1212789079
3690.95 1779.8 1212789116
3636.88 1914.92 1212789176
3285.86 1824.46 1212789231
3157.34 1958.47 1212789277
2741.62 2378.36 1212789337
2519.13 2601.71 1212789396
2517.36 2600.6 1212789397
2482.79 2621.82 1212789457
2613.98 2812.79 1212789517
2758.46 2928.94 1212789578
2911.81 3115.46 1212789639
2957.01 3258.42 1212789698
2948.15 3252.83 1212789724
3066.92 3498.55 1212789782
3088.2 3530.94 1212789844
2739.85 3564.45 1212789899
2739.85 3547.69 1212789944
2270.94 3540.99 1212790000
2238.15 3552.16 1212790038
2013.89 3533.17 1212790098
1620.33 3462.81 1212790182
1549.42 3901.76 1212790265
1539.67 3952.03 1212790266
1455.46 4484.84 1212790326
1394.3 4863.53 1212790392
