2716.8 2807.21 1212526271
3003.1 3131.09 1212526338
3199 3006 1212526398
3198.11 2842.95 1212526452
3012.85 2902.14 1212526539
2894.08 3007.12 1212526609
3153.79 3367.87 1212526658
3272.57 3524.24 1212526719
3486.19 3630.35 1212526779
3524.3 3697.36 1212526839
3325.75 3582.32 1212526899
3321.32 3603.54 1212526912
3286.75 3561.1 1212526947
3210.52 3622.53 1212527007
3404.64 3239.43 1212527074
3379.82 3031.69 1212527139
3157.34 2817.26 1212527194
2957.01 2610.65 1212527248
3037.67 2447.6 1212527310
3109.47 2396.23 1212527351
3111.24 2395.11 1212527356
2763.78 2354.91 1212527418
2578.52 2557.04 1212527473
2411.88 2721.21 1212527534
2324.13 2772.59 1212527600
2162.8 2866.4 1212527662
2247.01 2873.1 1212527715
2451.77 2987.02 1212527775
2425.18 3029.46 1212527799
2551.93 3156.78 1212527865
2600.68 2949.04 1212527920
2765.55 2725.68 1212527980
2915.35 2580.5 1212528051
2444.68 2099.17 1212528101
2260.31 1670.36 1212528161
2675.14 1259.44 1212528222
2706.16 1259.44 1212528281
2731.87 1287.35 1212528301
3064.27 1621.23 1212528361
3201.66 1755.23 1212528422
3352.34 1742.95 1212528475
3613.83 1897.05 1212528538
3790.22 2067.9 1212528597
3623.58 2278.97 1212528652
3490.62 2402.93 1212528710
3046.54 2850.76 1212528776
2877.24 3027.22 1212528819
2725.66 3358.94 1212528879
2800.12 3389.09 1212528896
2804.55 3390.21 1212528899
3099.72 3551.04 1212528964
3093.52 3676.14 1212529019
3071.36 3670.56 1212529040
2820.51 3592.37 1212529100
2578.52 3486.26 1212529161
2384.4 3459.46 1212529227
2093.66 3411.43 1212529281
1509.53 3316.49 1212529333
1037.08 3240.54 1212529392
920.964 3231.61 1212529452
920.964 3231.61 1212529469
466.243 3152.31 1212529512
-226.031 3038.39 1212529573
-218.939 2783.75 1212529633
-210.962 2746.9 1212529650
-344.807 2705.58 1212529689
-395.332 2998.19 1212529749
-332.398 3131.09 1212529819
175.506 3211.51 1212529856
433.447 3250.6 1212529895
475.107 3259.53 1212529919
475.107 3259.53 1212529920
865.121 3320.96 1212529980
1146.99 3373.45 1212530041
1311.86 3396.91 1212530101
1600.83 3441.59 1212530161
2026.3 3507.48 1212530220
2048.46 3507.48 1212530245
2210.67 3494.08 1212530306
2310.83 3047.33 1212530368
2355.15 2921.12 1212530426
2615.75 2886.5 1212530535
2686.66 2832.89 1212530568
2775.3 2745.78 1212530614
2784.16 2741.31 1212530643
2801.89 2731.26 1212530655
3055.4 2998.19 1212530705
3131.63 3009.35 1212530781
3173.29 3050.68 1212530808
3473.78 3539.87 1212530857
3479.98 3586.79 1212530920
3741.47 3714.12 1212530932
3513.67 3740.92 1212530993
3278.77 3517.54 1212531117
3056.29 3301.97 1212531173
2680.46 2913.31 1212531244
2468.61 2688.82 1212531294
2406.56 2726.8 1212531353
2190.28 2732.38 1212531414
2330.33 3055.14 1212531481
2444.68 3045.09 1212531535
2191.17 2995.95 1212531595
2200.92 2974.73 1212531655
2197.37 2983.67 1212531685
1856.11 3036.16 1212531742
1786.97 3319.84 1212531778
1507.76 3431.53 1212531833
1154.09 3380.16 1212531893
1151.43 3381.27 1212531916
1151.43 3381.27 1212531918
1045.95 3362.29 1212531977
1015.81 3551.04 1212532042
1229.43 3589.02 1212532098
1235.63 3590.14 1212532100
1504.21 3635.93 1212532160
1784.31 3682.84 1212532220
1842.81 3922.99 1212532280
1789.63 4281.54 1212532340
1786.97 4282.66 1212532351
1922.59 4432.34 1212532417
2238.15 4485.96 1212532471
2299.31 4444.63 1212532540
2431.38 4330.69 1212532594
2582.95 4198.88 1212532653
2630.82 4139.68 1212532714
2893.19 3877.19 1212532781
3095.29 3863.79 1212532840
3334.62 3937.51 1212532895
3382.48 3656.03 1212532955
3128.97 3413.66 1212533015
2855.08 3286.34 1212533076
2567 3266.23 1212533136
2421.63 3167.95 1212533196
2524.45 3152.31 1212533250
2699.07 3134.44 1212533310
2980.06 3211.51 1212533370
3038.56 3241.66 1212533405
3236.23 3516.42 1212533465
3277 3580.08 1212533528
3295.61 3577.85 1212533535
3332.84 3652.68 1212533596
3331.07 3649.33 1212533633
3533.17 3552.16 1212533685
3438.32 3525.35 1212533738
3040.33 3382.39 1212533802
2759.35 3289.69 1212533863
2466.84 3242.78 1212533909
2466.84 3242.78 1212533910
2418.97 3132.21 1212533970
2644.11 3175.77 1212534030
2774.41 3207.04 1212534061
2816.08 3390.21 1212534123
2807.21 3595.72 1212534182
2727.44 3908.47 1212534249
2685.78 4216.76 1212534305
3077.56 4213.41 1212534366
3078.45 4212.29 1212534393
3077.56 4212.29 1212534394
3153.79 3804.59 1212534466
3206.98 3499.67 1212534514
3316 3557.75 1212534575
3329.3 3600.19 1212534586
3348.8 3623.64 1212534646
3419.71 3605.77 1212534706
3601.42 3339.95 1212534767
3520.76 3178 1212534832
3600.53 3080.83 1212534863
3627.13 3055.14 1212534923
3698.04 2998.19 1212534983
3759.2 2936.76 1212535055
3789.34 2888.74 1212535115
4163.39 3103.17 1212535164
5020.54 4156.44 1212535224
6033.69 5296.98 1212535278
7092.04 6163.94 1212535338
8485.45 6681.26 1212535397
9941.8 6924.85 1212535467
11369.8 7189.67 1212535500
11958.3 6110.31 1212535565
12299.6 4661.34 1212535619
13241.8 4736.18 1212535679
13370.4 4699.32 1212535745
13533.5 4627.83 1212535800
13923.5 4434.58 1212535861
14409.2 4193.3 1212535921
14980.1 3906.23 1212535982
15251.3 3687.31 1212536041
17231.5 2672.07 1212536163
17500.1 2194.1 1212536215
18228.7 1529.66 1212536275
20832 -1676.72 1212536444
21173.3 -2327.44 1212536499
21100.6 -2812.94 1212536565
20911.8 -3298.41 1212536623
20793 -3982.48 1212536681
19999.7 -4852.84 1212536746
19787.9 -5360.5 1212536806
19800.3 -5414.05 1212536836
19803.8 -5415.17 1212536883
19810 -5406.24 1212536940
19810.9 -5407.36 1212536942
20217.8 -5204.3 1212537003
20835.6 -4178.88 1212537063
21428.6 -3428.98 1212537124
21953.3 -3193.51 1212537184
21061.6 -1966.93 1212537241
20365.8 -966.778 1212537303
19860.6 -241.147 1212537363
19334.9 516.927 1212537423
18234 1531.9 1212537481
17227.1 2678.77 1212537538
15873.6 3298.62 1212537592
14622 4100.59 1212537640
13287.9 4740.65 1212537688
11832.5 4893.69 1212537738
12281.9 6318.13 1212537788
11146.4 7275.71 1212537847
10799.8 7255.6 1212537907
10233.4 7060.05 1212537969
8937.52 6746.07 1212538029
8095.44 6553.88 1212538089
7396.96 6270.09 1212538151
7058.36 6149.42 1212538210
6640.87 5962.83 1212538271
6304.04 5623.2 1212538331
6137.4 5433.27 1212538392
5696.86 4917.15 1212538452
4990.4 4087.18 1212538513
4458.56 3453.87 1212538574
4057.91 2978.08 1212538634
3717.54 2705.58 1212538694
3408.19 2404.04 1212538755
3222.93 2207.5 1212538816
3096.18 2106.99 1212538877
2887.87 1991.97 1212538925
2960.56 1739.6 1212538985
3578.37 750.281 1212539045
3837.2 -553.735 1212539105
3746.79 -1100.73 1212539165
3578.37 -971.244 1212539230
3571.28 -976.825 1212539266
3570.4 -986.872 1212539332
3566.85 -991.337 1212539392
