26.5918 4441.28 1212546828
27.4782 4439.05 1212546843
-44.3197 4525.06 1212546856
-181.711 4428.99 1212546916
15.0687 4136.33 1212547066
920.964 4267.02 1212547217
1202.84 4177.66 1212547337
1276.41 3718.58 1212547401
1321.61 3406.96 1212547457
1642.49 3325.43 1212547517
1796.72 3251.71 1212547577
1963.36 3194.75 1212547637
2120.26 3102.05 1212547697
2434.93 3122.16 1212547757
2437.58 2941.23 1212547869
2512.93 2840.71 1212547924
2686.66 2851.88 1212547977
2779.73 2780.4 1212548025
2831.14 1884.76 1212548148
3328.41 1282.89 1212548205
3828.34 -150.718 1212548262
3828.34 -1088.45 1212548322
