2663.62 -13356.2 1211479676
2550.16 -11794.5 1211479725
4185.55 -9294.66 1211479817
3971.93 -7748.88 1211479863
3713.99 -6255.25 1211479911
3266.36 -4813.78 1211479962
2855.08 -3343.05 1211480019
3370.96 -1994.83 1211480080
3890.39 -589.458 1211480131
3390.46 1258.32 1211480205
3045.65 1677.06 1211480265
2959.67 1750.76 1211480326
2902.06 1817.76 1211480386
2801.89 1902.63 1211480446
2590.93 2127.09 1211480510
2360.47 2364.96 1211480569
2195.6 2659.79 1211480628
2128.23 2923.36 1211480689
2201.8 3318.73 1211480750
2410.11 3354.47 1211480810
2409.22 3351.12 1211480871
2410.11 3353.35 1211480884
2411.88 3355.58 1211480944
2532.43 3395.79 1211481009
2265.62 3224.91 1211481277
2265.62 3224.91 1211481444
2265.62 3224.91 1211481558
1511.3 2434.2 1211481595
1500.67 2395.11 1211481618
1518.39 2388.41 1211481642
1557.4 2046.69 1211481684
1566.26 1970.75 1211481703
1566.26 1970.75 1211481704
1569.8 1930.55 1211481728
1775.45 2004.25 1211481788
1961.59 1962.93 1211481848
2443.79 1480.53 1211481908
2679.57 1247.16 1211481968
3065.15 1608.95 1211482028
3804.4 295.861 1211482088
3808.84 -1234.69 1211482133
3014.63 -2492.63 1211482178
2951.69 -3744.79 1211482228
3751.22 -6616.69 1211482315
4012.71 -8075.68 1211482359
4077.41 -9601.32 1211482403
3167.09 -10813.4 1211482448
2550.16 -12215.9 1211482498
3040.33 -15187.3 1211482590
