85.9803 2768.12 1211092497
187.916 3074.13 1211092557
184.37 3134.44 1211092597
184.37 3134.44 1211092627
-161.324 3163.48 1211092663
-317.329 3450.52 1211092720
-468.903 4437.93 1211092964
-265.918 4388.78 1211093085
239.326 4472.56 1211093142
299.601 3303.09 1211093389
-235.781 2894.32 1211093509
-224.258 2835.13 1211093553
-225.144 2836.24 1211093560
66.4796 2761.42 1211093615
234.008 2729.03 1211093685
366.081 2705.58 1211093736
1109.77 2727.91 1211093856
1144.34 2812.79 1211093914
1016.69 3427.07 1211093974
1206.38 4002.29 1211094074
2226.62 4158.67 1211094157
2355.15 4290.48 1211094215
2417.2 4288.25 1211094276
2451.77 4299.42 1211094336
2513.81 4357.5 1211094366
2512.04 4356.38 1211094371
2507.61 4387.66 1211094397
2774.41 4422.29 1211094498
2774.41 4422.29 1211094503
2820.51 4268.14 1211094562
2829.37 4246.92 1211094596
2749.6 4143.03 1211094659
2715.91 4132.98 1211094719
2578.52 4113.99 1211094776
2291.33 4065.96 1211094837
2131.78 3977.72 1211094897
2112.28 3933.04 1211094937
2112.28 3933.04 1211094942
2257.65 4055.91 1211095001
2272.72 4068.2 1211095013
1123.06 3987.77 1211095135
850.939 3936.39 1211095195
829.665 3851.5 1211095259
998.967 2665.37 1211095376
-163.983 1559.81 1211095557
-169.301 1577.68 1211095588
-177.279 1588.85 1211095592
-165.756 1568.75 1211095627
-26.5918 1030.54 1211095749
55.8428 154.07 1211095902
69.1388 32.3768 1211095973
57.6156 234.455 1211096024
85.9803 296.978 1211096095
621.363 836.255 1211096213
1564.49 924.463 1211096334
1922.59 946.794 1211096395
2493.43 503.529 1211096520
2572.32 -403.024 1211096637
3028.81 -740.165 1211096733
3029.7 -739.049 1211096773
3029.7 -739.049 1211096777
3029.7 -737.932 1211096785
2640.57 177.516 1211097006
2507.61 1040.59 1211097042
2173.44 1292.94 1211097102
1997.05 1234.87 1211097163
1970.45 1266.14 1211097195
1938.54 1314.15 1211097224
2002.37 1386.73 1211097250
2001.48 1386.73 1211097257
2000.59 1383.38 1211097270
2191.17 1246.04 1211097325
2403.9 1036.12 1211097385
2526.22 628.579 1211097445
2866.6 299.211 1211097505
3639.54 346.103 1211097652
3488.85 562.704 1211097700
2945.49 521.393 1211097763
2741.62 906.598 1211097821
2563.45 1099.77 1211097883
1482.94 1924.97 1211098003
1043.29 1749.65 1211098066
-315.556 1526.31 1211098187
-917.418 1651.38 1211098315
-866.894 1766.4 1211098456
-893.486 2820.61 1211098636
-193.234 2941.23 1211098699
559.315 3061.85 1211098757
1350.87 3180.23 1211098821
1453.69 3201.45 1211098850
1777.22 3353.35 1211098907
1735.56 3351.12 1211098962
1735.56 3351.12 1211098974
1334.91 3382.39 1211099023
1256.91 3886.13 1211099147
1232.97 3990.01 1211099190
1566.26 4045.86 1211099251
2419.86 4192.18 1211099313
2820.51 4252.5 1211099371
3058.06 4288.25 1211099432
3136.95 3885.01 1211099496
3240.66 3489.61 1211099554
3893.93 3057.38 1211099674
3885.95 3050.68 1211099685
4025.12 3400.26 1211099749
4147.44 3303.09 1211099762
4209.49 2768.12 1211099806
3472.01 2829.54 1211099952
3243.32 3019.41 1211100016
3009.31 2957.98 1211100076
2401.24 2340.39 1211100137
2286.01 2219.78 1211100198
2200.03 2128.21 1211100258
1886.25 1816.65 1211100322
1622.99 1857.96 1211100381
1330.48 1591.08 1211100440
946.669 1524.08 1211100503
951.988 1182.39 1211100564
989.216 914.414 1211100624
1359.73 906.598 1211100686
1588.42 812.807 1211100746
1591.08 797.176 1211100762
1607.03 570.52 1211100783
1431.53 557.122 1211100825
1387.21 1008.21 1211100875
1466.98 1642.45 1211100933
1395.18 2120.39 1211100993
1356.18 2351.56 1211101054
1323.39 2750.25 1211101114
1548.53 2779.29 1211101141
1549.42 2778.17 1211101143
1576.01 2804.97 1211101162
1238.29 2846.3 1211101222
1090.27 2827.31 1211101245
694.047 2794.92 1211101278
693.16 2794.92 1211101287
671.001 2789.34 1211101309
894.372 3113.22 1211101429
1056.58 3226.03 1211101489
998.08 3584.55 1211101552
1285.27 4003.41 1211101672
2410.99 4186.6 1211101730
2438.47 4192.18 1211101792
2438.47 4192.18 1211101794
2438.47 4192.18 1211101806
2461.52 3699.6 1211101919
2366.67 3500.78 1211101975
2219.53 3437.12 1211102035
1769.24 3456.11 1211102100
1661.99 3664.97 1211102157
1661.99 3661.62 1211102177
1905.75 3622.53 1211102228
2188.51 3572.27 1211102266
1903.09 3412.55 1211102313
1211.7 3276.29 1211102373
1004.28 3551.04 1211102434
944.01 3931.92 1211102497
912.1 4185.48 1211102555
722.411 4559.69 1211102615
-41.6605 4522.82 1211102679
-224.258 4616.66 1211102739
-236.667 4598.78 1211102782
-249.077 4510.54 1211102809
-112.572 4423.41 1211102870
-135.618 4408.89 1211102916
-105.481 4220.11 1211102979
-701.138 4122.93 1211103062
-701.138 4124.04 1211103064
-759.64 4301.65 1211103124
-340.375 4382.08 1211103179
-154.233 4412.24 1211103197
-71.7979 4421.17 1211103213
561.088 4450.22 1211103274
578.816 4339.63 1211103291
581.475 4346.33 1211103311
629.34 4218.99 1211103356
765.845 4135.21 1211103394
527.405 4525.06 1211103485
-168.415 4418.94 1211103546
-858.916 4890.34 1211103682
-863.348 4937.26 1211103703
-782.686 4442.4 1211103766
-627.567 4331.81 1211103843
152.46 4208.94 1211103957
155.119 4186.6 1211103958
626.681 4225.69 1211104045
799.528 4251.38 1211104075
858.916 4497.13 1211104132
847.393 4575.33 1211104155
1168.27 4383.19 1211104238
2205.35 4431.23 1211104357
2145.96 4366.44 1211104419
2146.85 4366.44 1211104424
2147.73 4356.38 1211104452
2133.55 3956.5 1211104512
1621.22 3858.2 1211104572
1274.64 3802.36 1211104632
705.57 3707.41 1211104692
234.895 3645.98 1211104752
-9.75034 3356.7 1211104812
-5.31837 3319.84 1211104850
-4.43197 3318.73 1211104851
14.1823 3293.04 1211104874
102.822 3601.31 1211104935
142.71 3310.91 1211104995
461.812 3258.42 1211105055
699.365 3287.45 1211105099
1312.75 3395.79 1211105160
1334.91 3301.97 1211105203
1516.62 3208.16 1211105264
1963.36 3286.34 1211105324
2503.18 3339.95 1211105385
2980.06 3232.73 1211105506
3202.54 3096.47 1211105566
3683.86 2596.13 1211105628
4008.28 2563.74 1211105688
3994.98 2682.12 1211105740
3994.98 2683.24 1211105741
3998.53 2678.77 1211105756
3872.66 2445.36 1211105816
3355.89 1921.62 1211105876
3284.09 1850.15 1211105894
2961.44 1757.46 1211105954
2890.53 1830.05 1211105975
2844.44 1884.76 1211106035
2852.42 1880.3 1211106095
2852.42 1876.95 1211106160
2847.99 1866.9 1211106216
2660.07 1771.98 1211106252
2417.2 1531.9 1211106312
1818.88 1838.98 1211106372
1851.68 2058.97 1211106432
1942.98 1980.8 1211106459
1839.27 1818.88 1211106520
1732.01 1937.25 1211106535
1810.02 2019.89 1211106578
2169.01 1765.28 1211106641
2279.81 1390.08 1211106699
2661.84 856.353 1211106759
2879.9 -514.662 1211106820
2546.61 -1966.93 1211106870
2831.14 -3428.98 1211106919
3245.09 -4859.53 1211106965
3958.64 -7845.92 1211107059
4160.74 -9334.8 1211107105
3311.57 -16172.4 1211107369
4033.09 -16182.4 1211107427
4433.74 -15870.4 1211107487
4221.01 -16004.1 1211107592
2973.85 -14611.2 1211107697
2639.68 -13150 1211107748
3479.98 -10523.5 1211107848
4203.28 -9189.83 1211107901
4005.62 -7919.53 1211107941
3740.58 -6430.39 1211107993
3327.52 -5001.23 1211108044
2934.85 -3567.36 1211108091
2709.71 -2887.72 1211108151
3627.13 -1724.72 1211108164
3823.02 -1124.18 1211108225
3635.1 -907.614 1211108285
3585.47 -942.22 1211108346
3584.58 -948.918 1211108406
3584.58 -948.918 1211108467
3585.47 -948.918 1211108527
3583.69 -957.848 1211108708
3581.92 -970.127 1211108768
3583.69 -975.709 1211108792
3577.49 -972.36 1211108856
3630.67 -955.615 1211108974
3618.26 -972.36 1211109034
3636.88 -986.872 1211109123
3635.1 -986.872 1211109184
3635.99 -985.756 1211109241
3633.33 -983.523 1211109305
3628.01 -994.686 1211109422
