3635.99 -977.942 1211112037
3622.69 -989.105 1211112097
3621.81 -1025.94 1211112158
3601.42 -986.872 1211112218
3494.17 -1126.41 1211112279
3497.71 -1130.87 1211112339
3497.71 -1130.87 1211112348
2994.24 -1194.5 1211112408
2898.51 -539.222 1211112468
2715.03 969.126 1211112521
2630.82 1673.71 1211112581
2134.44 2195.21 1211112641
1919.93 2622.93 1211112701
1801.15 3232.73 1211112761
1837.5 3475.09 1211112800
1838.38 3475.09 1211112801
1799.38 3563.33 1211112842
1622.99 3413.66 1211112902
1676.17 3027.22 1211112965
1768.36 2562.63 1211113011
1614.12 2571.56 1211113071
1526.37 3107.64 1211113132
1456.35 3520.89 1211113195
1431.53 4015.7 1211113254
2285.12 4271.49 1211113315
2338.31 4268.14 1211113320
2428.72 4003.41 1211113380
2505.84 3284.1 1211113440
2719.46 2788.22 1211113500
3059.83 2445.36 1211113539
3266.36 1838.98 1211113598
3503.03 828.439 1211113658
3852.27 -654.207 1211113706
3494.17 -1138.69 1211113766
3488.85 -1126.41 1211113827
3490.62 -1127.52 1211113887
3491.51 -1127.52 1211113948
3492.39 -1127.52 1211114008
3491.51 -1127.52 1211114069
3492.39 -1127.52 1211114129
3493.28 -1128.64 1211114190
3493.28 -1128.64 1211114251
3494.17 -1129.76 1211114311
3495.05 -1130.87 1211114332
3495.94 -1131.99 1211114392
3495.05 -1131.99 1211114452
3494.17 -1130.87 1211114512
3494.17 -1127.52 1211114572
3494.17 -1127.52 1211114632
3494.17 -1130.87 1211114692
3494.17 -1129.76 1211114752
3496.83 -1126.41 1211114812
3494.17 -1129.76 1211114872
3490.62 -1115.25 1211114895
3347.03 -1168.83 1211114939
2887.87 -1119.71 1211114998
2725.66 336.055 1211115059
2512.93 631.928 1211115120
2043.14 597.316 1211115180
1630.08 566.054 1211115241
1316.3 543.723 1211115302
846.507 507.995 1211115362
608.067 713.435 1211115422
595.657 734.649 1211115453
600.975 794.943 1211115510
631.999 845.187 1211115570
1497.12 1094.18 1211115630
1485.6 994.807 1211115691
2708.82 449.937 1211115751
2847.99 -1040.45 1211115809
3382.48 -1172.18 1211115869
3490.62 -1129.76 1211115929
3489.73 -1131.99 1211115989
3492.39 -1133.11 1211116049
3492.39 -1134.22 1211116109
3485.3 -1134.22 1211116169
3490.62 -1130.87 1211116232
3482.64 -1130.87 1211116289
3483.53 -1131.99 1211116349
3487.96 -1131.99 1211116410
3488.85 -1128.64 1211116470
3488.85 -1128.64 1211116530
3440.98 -1164.36 1211116590
3456.94 -1328.45 1211116615
2900.28 -1675.6 1211116676
2667.16 -2425.66 1211116736
2106.96 -2276.1 1211116796
1519.28 -2328.56 1211116856
1270.2 -1878.75 1211116917
1538.78 -1369.76 1211116977
1544.1 -1145.39 1211117038
1302.11 -898.683 1211117099
972.375 -924.359 1211117159
671.001 -946.685 1211117219
325.307 -973.476 1211117279
121.436 -684.348 1211117340
67.366 60.2879 1211117401
129.414 82.6168 1211117429
553.997 -60.2874 1211117487
872.212 -267.941 1211117547
936.919 -1075.06 1211117608
1003.4 -1915.58 1211117669
499.04 -2876.56 1211117730
-11.5231 -2941.29 1211117790
-10.6367 -2941.29 1211117829
-11.5231 -2941.29 1211117831
117.004 -2971.42 1211117891
374.945 -3308.45 1211117951
383.809 -3503.75 1211118011
769.39 -3028.34 1211118071
1045.06 -2414.5 1211118132
1159.4 -2104.22 1211118193
803.073 -1874.29 1211118256
754.322 -1232.46 1211118313
452.061 -965.662 1211118373
120.55 -694.395 1211118433
63.8204 63.6372 1211118493
52.2973 245.62 1211118556
397.105 608.481 1211118614
617.817 826.206 1211118655
1107.11 885.383 1211118715
1432.41 909.948 1211118762
1757.72 937.862 1211118820
2291.33 1123.21 1211118880
2388.83 1217.01 1211118940
2424.29 1250.51 1211118951
2725.66 1565.4 1211119010
2818.73 1840.1 1211119070
2808.1 1895.93 1211119129
2815.19 1904.87 1211119189
2812.53 1901.52 1211119250
2821.39 1898.17 1211119310
2823.17 1900.4 1211119370
2823.17 1900.4 1211119431
2813.42 1901.52 1211119491
2819.62 1899.28 1211119552
2808.98 1903.75 1211119615
2816.08 1909.33 1211119673
2824.05 1899.28 1211119793
2722.12 1994.2 1211119857
2814.3 1894.81 1211119893
3238.89 1434.75 1211119953
3823.91 44.6577 1211120001
2816.08 -2648.88 1211120097
-41.6605 -3187.93 1211120192
-1012.26 -3185.7 1211120314
-1552.08 -3186.81 1211120375
-1929.68 -2860.93 1211120436
-2152.17 -2560.71 1211120492
-1844.59 -2689.06 1211120614
-1844.59 -2689.06 1211120671
-1843.7 -2689.06 1211120688
-2133.55 -2598.66 1211120746
-2072.39 -2868.74 1211120806
-1708.08 -3181.23 1211120866
-426.356 -3192.39 1211120969
587.68 -3144.4 1211121029
2059.98 -3043.96 1211121080
3058.95 -4106.35 1211121138
3547.35 -5507.77 1211121183
3810.61 -6975.88 1211121229
4080.07 -8480.54 1211121271
3861.13 -9989.38 1211121315
2572.32 -12545.9 1211121404
2816.08 -14021.6 1211121449
3120.99 -15492.7 1211121494
4552.52 -15979.6 1211121614
4444.38 -15874.9 1211121674
4357.52 -15858.2 1211121712
4357.52 -15858.2 1211121714
4353.08 -15854.8 1211121774
4267.99 -15911.7 1211121834
4143.01 -16066.5 1211121895
3214.95 -15645.3 1211121955
2916.24 -14152 1211122005
2599.79 -12645.1 1211122047
2550.16 -11920.5 1211122071
4162.51 -9409.52 1211122158
4005.62 -7919.53 1211122201
3737.93 -6428.16 1211122244
3298.27 -4944.33 1211122288
2880.78 -3458 1211122339
2564.34 -1978.09 1211122387
2416.31 -1306.13 1211122448
1966.91 -1318.41 1211122508
1917.27 -1209.01 1211122532
1703.65 -609.553 1211122593
1674.4 -158.533 1211122653
1619.44 504.646 1211122713
1535.24 1399.02 1211122773
1551.19 1468.25 1211122785
1558.28 1480.53 1211122846
1529.92 1468.25 1211122906
1547.64 990.341 1211122967
2701.73 543.723 1211123028
2617.52 -96.0131 1211123049
2431.38 -1310.59 1211123109
1968.68 -1319.52 1211123169
1381.89 -1332.92 1211123229
987.443 -1360.83 1211123290
787.118 -1566.21 1211123350
787.118 -1566.21 1211123411
787.118 -1565.1 1211123471
787.118 -1566.21 1211123531
790.664 -1569.56 1211123559
794.209 -1576.26 1211123619
582.361 -1632.07 1211123679
592.111 -1706.86 1211123739
593.884 -1706.86 1211123799
593.884 -1706.86 1211123829
570.838 -1441.19 1211123887
1148.77 -1357.48 1211123948
1516.62 -1338.5 1211124009
1733.79 -1337.38 1211124070
2379.97 -1320.64 1211124129
2502.29 -2042.83 1211124190
2869.26 -3513.79 1211124240
3713.11 -6429.28 1211124335
3981.68 -7910.61 1211124375
4135.03 -9445.2 1211124421
2540.41 -12006.3 1211124512
2676.02 -13505.6 1211124555
3504.8 -16356.2 1211124655
4073.87 -16213.6 1211124702
4055.25 -16213.6 1211124704
4086.28 -16211.4 1211124823
3689.17 -16182.4 1211124886
3376.28 -16059.9 1211124904
2988.04 -14613.4 1211124948
1604.37 -14096.3 1211125012
208.303 -14564.4 1211125056
-1579.55 -12092.1 1211125154
-2597.14 -10994 1211125192
-3168.86 -6534.14 1211125322
-3199.88 -5025.78 1211125376
-3487.96 -4332.87 1211125436
-3474.67 -3745.91 1211125497
-3544.69 -3702.39 1211125558
-3480.87 -3713.55 1211125619
-3470.23 -3155.56 1211125653
-3228.25 -3237.03 1211125711
-2772.64 -3182.35 1211125775
-2671.59 -3040.61 1211125829
-2670.71 -3042.85 1211125887
-2669.82 -3038.38 1211125911
-2663.62 -3016.06 1211125971
-2861.28 -3460.23 1211126031
-3161.77 -3266.05 1211126091
-3226.48 -3696.81 1211126151
-3258.39 -4366.34 1211126211
-3148.47 -5720.86 1211126275
-3098.83 -7267.02 1211126321
-3193.68 -8773.85 1211126363
-2690.21 -10181.2 1211126407
-2123.8 -11576 1211126452
-1225.88 -12813.4 1211126493
-288.078 -13986 1211126535
1064.56 -14437.3 1211126596
2478.36 -14106.3 1211126645
3035.9 -15174 1211126701
3527.85 -16318.4 1211126750
4415.13 -16208 1211126813
4445.27 -15882.7 1211126870
4387.65 -15864.9 1211126946
3032.36 -14876.4 1211127062
1897.77 -14023.9 1211127125
539.814 -14571.1 1211127167
-520.314 -13479.9 1211127213
-1447.48 -12326.3 1211127256
-2482.79 -11191.3 1211127301
-2828.48 -9737.37 1211127343
-3162.66 -8266.4 1211127389
-3163.54 -6747.21 1211127438
-3169.75 -6180.5 1211127498
-3446.3 -4537.06 1211127522
-3475.55 -3917.76 1211127583
-3472.89 -3736.98 1211127643
-3506.58 -3713.55 1211127704
-3450.73 -3460.23 1211127764
-3448.07 -3115.39 1211127825
-3230.02 -3240.38 1211127886
-3179.5 -3090.83 1211127947
-3173.29 -2937.94 1211127956
-3103.27 -2662.27 1211128017
-2800.12 -2308.47 1211128077
-2619.3 -2177.88 1211128137
-2571.43 -1024.83 1211128257
-2699.07 197.612 1211128378
-2812.53 474.5 1211128437
-3484.42 605.132 1211128558
-3526.96 601.782 1211128618
-3652.83 598.433 1211128679
-3681.2 605.132 1211128730
-2577.64 689.988 1211128842
-2067.96 800.525 1211128902
