421.924 -2017.16 1212030841
421.924 -2017.16 1212030856
1295.91 -1796.15 1212031022
1331.36 -1770.48 1212031047
1367.71 -1591.89 1212031110
1366.82 -1591.89 1212031168
1366.82 -1591.89 1212031228
1366.82 -1589.65 1212031290
1365.93 -1591.89 1212031349
1384.55 -1614.21 1212031470
1828.63 -1332.92 1212031572
2133.55 -1159.9 1212031635
2171.67 -1015.9 1212031656
2364.9 -1024.83 1212031717
2364.9 -1024.83 1212031755
2085.69 -1197.85 1212031816
1377.46 -1255.9 1212031936
911.213 -583.876 1212032056
878.417 -233.332 1212032116
65.5932 87.0826 1212032296
66.4796 87.0826 1212032322
595.657 816.157 1212032430
1003.4 1217.01 1212032494
1421.78 1630.16 1212032553
1498.89 1721.73 1212032614
1596.4 1809.95 1212032656
1863.2 1805.48 1212032719
1642.49 2368.31 1212032777
1552.96 2639.69 1212032838
1498.89 3245.01 1212032899
1224.11 3272.93 1212032958
897.918 3217.09 1212033020
329.739 3136.68 1212033143
315.556 3121.04 1212033196
315.556 3121.04 1212033197
325.307 3109.87 1212033258
1058.35 2923.36 1212033373
1229.43 2961.33 1212033434
1559.17 3006 1212033494
2073.28 3086.42 1212033555
2970.31 3236.08 1212033677
3016.4 3183.58 1212033736
3020.83 3171.3 1212033858
3032.36 3170.18 1212033916
3030.58 3167.95 1212033976
3026.15 3163.48 1212034036
3027.92 3162.36 1212034096
3035.01 3159.01 1212034216
3042.99 3155.66 1212034276
3035.9 3159.01 1212034327
3041.22 3150.08 1212034387
3035.9 3152.31 1212034445
3032.36 3184.7 1212034673
3040.33 3166.83 1212034734
3033.24 3179.12 1212034794
3031.47 3164.6 1212034854
3035.9 3159.01 1212034905
3035.01 3156.78 1212034930
3041.22 3176.88 1212035050
3033.24 3161.25 1212035173
3031.47 3152.31 1212035295
3038.56 3142.26 1212035329
3038.56 3004.89 1212035450
2980.94 2827.31 1212035485
2832.92 3391.33 1212035605
2819.62 3613.59 1212035665
2444.68 3470.63 1212035726
2008.57 3403.61 1212035785
1240.95 3274.05 1212035845
633.772 3186.93 1212035906
338.603 3137.79 1212035967
-989.216 3026.11 1212036089
-1316.3 3084.18 1212036148
-1612.35 3040.63 1212036218
-1613.24 3040.63 1212036250
-1614.12 3040.63 1212036257
-1696.56 3023.87 1212036314
-1681.49 2909.96 1212036372
-894.372 3039.51 1212036431
-581.475 3087.53 1212036495
1009.6 3347.77 1212036672
1279.07 3399.14 1212036733
1318.07 3415.9 1212036792
1160.29 3591.25 1212036852
1111.54 3861.55 1212036915
1226.77 3896.18 1212036949
1248.04 3926.34 1212036983
2805.44 4248.03 1212037101
3120.99 4080.48 1212037161
3155.56 3841.45 1212037190
2816.96 3792.3 1212037250
2404.79 3709.65 1212037313
1911.95 3602.42 1212037374
1738.22 3647.1 1212037408
1737.33 3643.75 1212037410
2014.77 3721.93 1212037470
2175.21 3544.34 1212037531
2233.71 3365.64 1212037591
2504.95 3399.14 1212037623
2923.33 3461.69 1212037685
3003.99 3157.9 1212037742
3247.75 2941.23 1212037806
3306.25 2732.38 1212037863
3409.96 2516.84 1212037924
2944.6 1968.52 1212037984
2691.98 782.661 1212038045
2886.1 -614.018 1212038109
