3495.05 -1081.76 1211072293
3288.52 -724.536 1211072355
3283.21 -636.345 1211072367
3159.11 -267.941 1211072421
2941.94 384.064 1211072523
2824.05 793.826 1211072577
2827.6 1096.42 1211072616
2840.01 1127.68 1211072681
3059.83 815.04 1211072739
3147.59 769.262 1211072800
3146.7 772.612 1211072861
3001.33 820.623 1211072921
2979.17 1349.89 1211072981
2626.39 1699.4 1211073044
2290.44 2033.29 1211073099
1928.79 2450.95 1211073159
1840.15 3043.98 1211073222
1765.7 3582.32 1211073279
1714.29 3857.09 1211073342
1560.05 4167.61 1211073401
1220.57 4115.11 1211073462
1217.91 4113.99 1211073483
1217.91 4112.87 1211073533
1217.91 4113.99 1211073535
1217.91 4117.34 1211073562
1203.72 4186.6 1211073579
1196.63 4226.81 1211073606
1318.07 4342.98 1211073666
1507.76 4108.41 1211073726
1573.35 3742.04 1211073789
1606.15 3575.62 1211073846
1629.19 3370.1 1211073911
2042.25 3309.79 1211073970
2063.53 3306.44 1211073984
2170.78 3335.48 1211074035
2645.89 3400.26 1211074098
2763.78 3721.93 1211074155
2687.55 3965.43 1211074215
2728.32 4078.25 1211074241
2578.52 4159.79 1211074302
2477.47 4260.32 1211074362
2361.35 4414.47 1211074444
2351.6 4501.6 1211074484
2238.15 5212.08 1211074610
2436.7 5259 1211074733
2606 5208.72 1211074853
2718.57 5139.46 1211074915
2809.87 5053.44 1211074972
2872.8 4988.65 1211075033
2996.01 4739.54 1211075153
3088.2 4182.13 1211075213
3115.68 3735.34 1211075273
3317.77 3765.5 1211075333
3456.05 3737.57 1211075372
3455.17 3724.17 1211075374
3467.58 3706.3 1211075396
3427.69 3993.36 1211075445
3278.77 4298.3 1211075502
3087.31 4316.17 1211075563
2688.43 4241.33 1211075625
2460.63 4311.7 1211075668
2113.16 4616.66 1211075728
1443.94 5190.85 1211075862
1443.94 5190.85 1211075863
1414.69 4722.78 1211075987
1467.87 4406.65 1211076045
1595.51 3568.91 1211076227
1612.35 3448.29 1211076277
1660.22 3208.16 1211076341
1817.11 3047.33 1211076398
2024.52 2887.62 1211076459
2025.41 2887.62 1211076476
2104.3 2667.61 1211076533
2420.74 2730.15 1211076593
2382.63 2720.1 1211076654
2430.49 2735.73 1211076717
2435.81 2749.13 1211076734
2345.4 2701.11 1211076792
1644.26 1852.38 1211076974
1303 1528.55 1211077035
1186.88 1020.49 1211077156
1213.47 568.287 1211077266
1213.47 568.287 1211077270
1002.51 520.277 1211077310
643.522 495.714 1211077369
607.18 793.826 1211077460
579.702 1138.85 1211077512
594.771 1481.65 1211077569
550.451 1761.93 1211077629
480.426 2274.5 1211077690
54.9565 2941.23 1211077870
420.151 3761.03 1211078051
420.151 3766.61 1211078065
420.151 3766.61 1211078075
1141.68 3877.19 1211078193
1299.45 3909.58 1211078253
1524.6 3946.44 1211078316
1846.36 3897.3 1211078387
1846.36 3897.3 1211078392
1389.87 3915.17 1211078478
1240.07 4012.35 1211078522
1521.94 4067.08 1211078575
1993.5 3907.35 1211078695
1991.73 3904 1211078733
1992.61 3901.76 1211078735
1901.32 3564.45 1211078815
1945.64 3505.25 1211078839
2158.37 3535.41 1211078872
2206.24 3571.15 1211078932
2207.12 3564.45 1211078993
2210.67 3549.93 1211079053
2211.55 3548.81 1211079079
1933.23 3577.85 1211079140
1914.61 3468.39 1211079202
1954.5 3238.31 1211079260
1769.24 3162.36 1211079321
1752.4 3147.84 1211079382
1754.17 3142.26 1211079442
1751.52 3150.08 1211079489
1509.53 3193.64 1211079550
1590.19 3443.82 1211079607
1782.54 3471.74 1211079649
2074.16 3514.19 1211079706
2184.08 3535.41 1211079766
2204.46 3563.33 1211079787
2356.04 3519.77 1211079847
2363.13 3461.69 1211079907
2386.17 3323.19 1211079971
2422.52 3212.62 1211080029
2422.52 3215.97 1211080033
2432.27 3065.2 1211080093
2328.56 3023.87 1211080156
1234.75 2420.8 1211080333
768.504 2345.97 1211080396
127.641 2244.35 1211080454
-709.116 2110.34 1211080516
-1285.27 1907.1 1211080634
-1271.09 1904.87 1211080656
-757.867 1878.06 1211080771
-734.821 1891.46 1211080864
-379.377 2053.39 1211080921
444.97 2185.16 1211080978
1191.31 2299.07 1211081101
1604.37 2452.07 1211081219
1578.67 2871.98 1211081280
1576.9 2866.4 1211081302
1576.9 2868.63 1211081303
1892.45 3049.56 1211081378
1847.25 2947.93 1211081438
1447.48 2864.16 1211081498
1191.31 2842.95 1211081559
704.684 2783.75 1211081619
-650.614 2541.41 1211081739
-1334.02 2452.07 1211081800
-2352.49 2531.36 1211081923
-2360.47 2553.69 1211081972
-2504.06 2553.69 1211082006
-2927.76 2488.92 1211082176
-2927.76 2492.27 1211082299
-2955.24 2517.96 1211082404
-3194.57 2506.79 1211082454
-3195.45 2509.02 1211082470
-3192.79 2502.32 1211082525
-3198.11 2497.85 1211082601
