553.11 4211.17 1212510470
-22.1599 4406.65 1212510618
16.8415 4755.17 1212510678
710.888 4876.94 1212510739
1073.42 4936.14 1212510802
2945.49 4932.79 1212511044
3199.88 4590.96 1212511107
3461.37 4216.76 1212511165
3782.25 3710.77 1212511225
3778.7 3692.89 1212511251
3778.7 3691.78 1212511259
3782.25 3673.91 1212511291
3656.38 3498.55 1212511428
3756.54 3480.68 1212511488
3729.06 3514.19 1212511498
3834.54 3461.69 1212511558
3577.49 3313.14 1212511616
3136.06 2789.34 1212511740
3064.27 2431.96 1212511857
3081.11 2439.78 1212511866
3081.99 2449.83 1212511882
3189.25 2593.9 1212511946
3704.24 3090.88 1212512006
3863.79 3245.01 1212512063
3573.06 3203.69 1212512182
3404.64 3373.45 1212512232
3425.91 3539.87 1212512249
3154.68 3347.77 1212512309
2949.92 3004.89 1212512369
2410.99 3274.05 1212512430
2431.38 3132.21 1212512462
2431.38 3123.27 1212512466
2402.13 3096.47 1212512523
2347.17 3042.86 1212512586
2106.07 3002.65 1212512615
1872.07 2992.6 1212512634
1435.07 2851.88 1212512695
1095.58 2940.11 1212512815
1385.43 2975.85 1212512876
1823.31 3057.38 1212512936
2844.44 3021.64 1212513179
3072.24 3033.92 1212513240
2906.49 3022.76 1212513350
2899.4 3153.43 1212513590
2841.78 3303.09 1212513651
2952.58 3613.59 1212513743
3299.16 3632.58 1212513806
3479.98 3686.19 1212513985
3194.57 3788.95 1212514048
3308.02 3825.81 1212514108
2943.72 3704.06 1212514165
2720.34 3557.75 1212514226
2368.45 3533.17 1212514287
2194.71 3533.17 1212514347
1808.24 3486.26 1212514407
1787.86 3475.09 1212514412
1653.13 3265.12 1212514473
1817.99 3038.39 1212514534
2159.26 3105.4 1212514594
2678.68 3145.61 1212514655
2845.33 3209.27 1212514715
2772.64 3513.07 1212514777
2949.03 3596.84 1212514836
3048.31 3518.65 1212514898
3263.7 3559.98 1212514931
3449.85 3462.81 1212514993
3510.12 3467.27 1212514999
3503.03 3480.68 1212515005
3519.87 3478.44 1212515066
3766.29 3704.06 1212515126
3621.81 3540.99 1212515246
3557.99 3315.38 1212515309
2955.24 2906.6 1212515428
2843.55 2924.47 1212515491
2644.11 2808.32 1212515548
2373.76 2592.78 1212515608
2007.68 2521.31 1212515669
1747.97 2516.84 1212515729
1433.3 2829.54 1212515791
1660.22 3027.22 1212515849
1982.86 3045.09 1212515909
2054.66 2695.53 1212515973
2122.03 2448.72 1212516008
1985.52 2562.63 1212516069
825.233 2357.14 1212516190
210.962 2255.52 1212516250
-49.6381 2224.25 1212516280
-49.6381 2225.36 1212516296
-79.7755 2209.73 1212516313
94.8442 2341.51 1212516373
427.242 2396.23 1212516460
685.183 2434.2 1212516494
729.503 2341.51 1212516522
532.723 1806.6 1212516665
1192.2 2408.51 1212516867
1139.9 2932.29 1212516927
1328.71 2966.91 1212516990
1399.62 2979.2 1212517017
1833.95 3049.56 1212517076
2393.26 3011.59 1212517136
2856.85 3102.05 1212517197
3304.48 3472.86 1212517317
3591.67 3834.75 1212517377
3628.9 3735.34 1212517392
3678.54 3622.53 1212517429
3757.43 3809.06 1212517624
