-1455.46 1248.27 1211770922
-983.898 1940.6 1211770996
-1038.85 2407.39 1211771082
-959.079 2898.79 1211771153
-1038.85 3380.16 1211771210
-1034.42 4261.44 1211771342
-756.094 4952.9 1211771586
-755.208 4956.25 1211771635
-755.208 4959.6 1211771640
-835.87 4837.84 1211771700
-694.933 4797.62 1211771726
-626.681 4391.01 1211771787
-643.522 4383.19 1211771849
-646.182 4383.19 1211772027
-647.068 4382.08 1211772089
-644.409 4399.95 1211772108
-629.34 4383.19 1211772148
-566.406 4764.11 1211772289
-562.86 4768.58 1211772349
-567.292 4760.76 1211772410
-567.292 4773.05 1211772472
-569.065 4774.17 1211772645
-326.193 4388.78 1211772940
-16.8415 4230.16 1211773001
155.119 4192.18 1211773046
155.119 4192.18 1211773064
440.538 4204.47 1211773124
740.139 4253.62 1211773184
909.441 4310.59 1211773217
1472.3 4394.36 1211773294
1494.46 4260.32 1211773376
1497.12 4264.79 1211773417
1339.34 4317.29 1211773471
1285.27 4740.65 1211773533
1402.28 4983.06 1211773594
1935 5022.16 1211773675
1943.86 4977.48 1211773679
2486.34 5281.34 1211773978
2902.94 4966.31 1211774180
3064.27 4328.46 1211774206
2669.82 4231.28 1211774268
2566.11 4231.28 1211774329
2559.02 4233.51 1211774349
2559.02 4233.51 1211774350
2387.95 4194.42 1211774472
2436.7 3914.05 1211774533
2483.68 3642.63 1211774654
2520.91 3070.78 1211774713
1846.36 3022.76 1211774833
1837.5 3028.34 1211774845
1833.06 3024.99 1211774878
1833.06 3024.99 1211774880
1684.15 3122.16 1211774941
1735.56 2651.97 1211775004
1823.31 2132.67 1211775061
2262.97 1659.2 1211775126
2383.51 1530.78 1211775148
2143.3 1521.85 1211775233
2219.53 1506.21 1211775359
2286.9 1630.16 1211775420
2254.1 1377.8 1211775480
2251.44 1375.57 1211775485
2168.12 1294.05 1211775530
1950.95 1338.72 1211775593
2494.31 1885.88 1211775653
2495.2 2616.23 1211775771
2683.12 2827.31 1211775895
2689.32 2825.08 1211775953
2710.59 2836.24 1211776015
2702.62 2810.56 1211776074
2706.16 2802.74 1211776137
2423.4 2354.91 1211776198
2237.26 2443.13 1211776258
2167.23 2941.23 1211776316
1764.81 2932.29 1211776376
1428.87 2878.68 1211776437
1290.59 2859.7 1211776469
1137.24 2829.54 1211776532
1147.88 2983.67 1211776590
1151.43 2981.43 1211776624
1147.88 2980.32 1211776657
1146.99 2982.55 1211776662
1235.63 2950.16 1211776722
1296.8 2676.54 1211776781
1342.89 2350.44 1211776831
1344.66 2344.86 1211776858
1476.73 2237.65 1211776918
1808.24 2267.8 1211776978
2269.17 1658.08 1211777039
2423.4 1515.15 1211777099
2645 1280.65 1211777164
2813.42 917.764 1211777221
2856.85 377.365 1211777283
2968.53 -53.5889 1211777345
3238.89 -116.109 1211777406
3238.89 -117.225 1211777418
3256.61 -376.231 1211777521
3666.13 -1.11644 1211777658
3987 305.91 1211777777
4085.39 26.7946 1211777897
4115.53 -262.359 1211777958
4107.55 -259.01 1211777977
4072.98 314.842 1211778037
3523.42 419.792 1211778099
2340.97 624.113 1211778220
1815.34 577.219 1211778282
1476.73 552.656 1211778338
1251.59 540.374 1211778399
293.397 465.568 1211778523
29.251 524.743 1211778583
-12.4095 1010.44 1211778642
-120.55 1248.27 1211778702
-165.756 1578.8 1211778787
-181.711 1646.91 1211778799
-218.053 1847.91 1211778833
-728.616 2005.37 1211778942
-747.231 1991.97 1211779002
-736.594 1998.67 1211779170
-273.009 2076.84 1211779228
724.184 2237.65 1211779347
1187.77 2309.12 1211779406
1084.06 3123.27 1211779466
968.829 3860.44 1211779529
1014.92 4280.43 1211779589
1170.04 4305 1211779651
2020.98 4479.26 1211779771
2323.24 4388.78 1211779832
2336.54 4389.9 1211779889
2286.9 4484.84 1211779950
2500.52 4403.3 1211780010
2496.97 4413.35 1211780029
2270.06 4470.32 1211780089
2385.29 4372.02 1211780114
2239.03 4480.38 1211780237
2305.51 4804.33 1211780298
2549.27 5168.51 1211780418
2685.78 5080.25 1211780481
2676.91 5090.31 1211780527
2582.95 5168.51 1211780580
2861.28 5000.94 1211780623
3058.06 4330.69 1211780683
2682.23 4232.39 1211780743
2464.18 4211.17 1211780803
1342 4015.7 1211780905
1161.18 3985.54 1211780965
847.393 3657.15 1211781089
928.941 3084.18 1211781147
976.807 2379.48 1211781208
-35.4558 2215.31 1211781268
-50.5245 1548.65 1211781398
-24.819 1538.6 1211781427
-24.819 1538.6 1211781441
-23.0463 1538.6 1211781480
-367.854 1220.36 1211781531
-983.898 1106.47 1211781591
-1146.11 1055.1 1211781670
-1027.33 430.956 1211781722
-915.645 185.331 1211781783
-73.5707 69.2195 1211781939
170.188 -52.4724 1211782030
61.1612 61.4043 1211782102
48.7517 290.279 1211782159
23.9326 560.471 1211782217
2.65918 847.42 1211782277
-114.345 1227.06 1211782338
-238.44 2006.49 1211782459
18.6143 2112.57 1211782519
118.777 2146.08 1211782563
117.89 2147.19 1211782578
366.081 2197.45 1211782623
374.058 2215.31 1211782779
343.035 2187.39 1211782837
320.875 1951.77 1211782953
406.855 1691.58 1211783013
420.151 1560.93 1211783073
487.517 1133.26 1211783133
184.37 990.341 1211783193
225.144 491.248 1211783253
243.758 221.058 1211783313
130.3 90.432 1211783374
116.118 89.3155 1211783416
115.231 89.3155 1211783423
63.8204 -101.595 1211783464
-202.098 -114.992 1211783507
-193.234 -417.537 1211783576
-387.354 -456.611 1211783639
-391.786 -481.171 1211783696
-388.241 -485.636 1211783756
-388.241 -488.985 1211783817
-393.559 -490.102 1211783904
-446.743 -899.8 1211783964
28.3646 -998.035 1211784026
223.371 -972.36 1211784119
277.441 -973.476 1211784120
772.05 -938.871 1211784180
1115.08 -577.178 1211784240
1084.95 -158.533 1211784300
1068.99 518.044 1211784363
1140.79 520.277 1211784394
1140.79 520.277 1211784401
1146.11 529.209 1211784436
1202.84 883.15 1211784499
1276.41 1857.96 1211784678
1164.72 2610.65 1211784736
1252.48 2957.98 1211784796
1376.57 3032.81 1211784857
1378.34 3028.34 1211784913
1378.34 3028.34 1211784914
1523.71 3000.42 1211784974
1708.08 2922.24 1211785035
1764.81 2521.31 1211785097
1810.9 2282.32 1211785159
1820.65 2173.99 1211785193
2020.98 1679.3 1211785269
1899.54 1550.88 1211785314
2118.48 1324.2 1211785377
2712.37 475.616 1211785436
2865.71 -1044.92 1211785494
1159.4 -3152.21 1211785610
853.598 -3171.19 1211785630
853.598 -3402.2 1211785690
903.236 -3696.81 1211785751
621.363 -4178.88 1211785851
616.044 -4177.76 1211785904
616.044 -4178.88 1211785909
580.588 -4240.25 1211785946
231.349 -4047.21 1211786006
283.646 -3632.08 1211786093
140.05 -2974.77 1211786210
-700.252 -3104.23 1211786331
-697.592 -3099.76 1211786453
-698.479 -3096.41 1211786511
-698.479 -3099.76 1211786574
-696.706 -3103.11 1211786635
-696.706 -3100.88 1211786692
-695.82 -3101.99 1211786814
-698.479 -3105.34 1211786995
-699.365 -3104.23 1211787115
-700.252 -3104.23 1211787179
-699.365 -3106.46 1211787238
-699.365 -3104.23 1211787416
-701.138 -3104.23 1211787539
-699.365 -3101.99 1211787599
-696.706 -3103.11 1211787659
-698.479 -3103.11 1211787841
-701.138 -3103.11 1211787898
-700.252 -3103.11 1211788130
-700.252 -3101.99 1211788190
-700.252 -3103.11 1211788307
-700.252 -3104.23 1211788370
-699.365 -3106.46 1211788490
-699.365 -3104.23 1211788552
-697.592 -3098.65 1211788673
-698.479 -3098.65 1211788734
-700.252 -3108.69 1211788825
-699.365 -3106.46 1211788944
-698.479 -3107.57 1211789064
-699.365 -3106.46 1211789128
-699.365 -3108.69 1211789185
-699.365 -3108.69 1211789247
-700.252 -3108.69 1211789309
-699.365 -3107.57 1211789428
-700.252 -3103.11 1211789549
-699.365 -3104.23 1211789610
-699.365 -3104.23 1211789670
-699.365 -3105.34 1211789852
-698.479 -3104.23 1211790095
-699.365 -3103.11 1211790154
-701.138 -3104.23 1211790214
-697.592 -3106.46 1211790336
-695.82 -3106.46 1211790396
-699.365 -3104.23 1211790517
-699.365 -3101.99 1211790572
-702.024 -3105.34 1211790633
-700.252 -3104.23 1211790696
-698.479 -3108.69 1211790808
-698.479 -3107.57 1211790865
-698.479 -3104.23 1211790925
-699.365 -3105.34 1211790987
-697.592 -3105.34 1211791107
-696.706 -3104.23 1211791256
-945.783 -3104.23 1211791319
-1028.22 -3156.68 1211791338
-460.925 -3196.86 1211791398
-109.913 -3199.09 1211791458
507.904 -2905.57 1211791521
1031.76 -2225.88 1211791560
1023.79 -2018.27 1211791589
975.034 -1389.85 1211791646
959.079 -1182.22 1211791707
912.1 -580.527 1211791771
882.849 -167.464 1211791829
451.175 111.645 1211791889
120.55 85.9662 1211791941
-305.806 55.8221 1211792003
-670.114 -1053.85 1211792182
-780.914 -1444.54 1211792242
