4218.35 -16092.2 1211393215
3378.94 -16137.9 1211393275
3054.52 -15046.9 1211393318
2732.75 -13564.7 1211393368
3309.8 -10705.2 1211393479
4145.67 -9479.77 1211393526
4016.25 -7941.84 1211393578
3754.77 -6486.17 1211393628
3395.78 -5102.77 1211393688
2957.01 -3636.55 1211393741
3261.05 -2153.33 1211393801
3934.7 -809.378 1211393857
3691.83 669.89 1211393905
3575.72 1673.71 1211393965
3857.59 1961.82 1211394025
3546.46 2341.51 1211394086
3187.47 2705.58 1211394147
3005.76 2903.25 1211394208
2889.65 2999.3 1211394329
2889.65 2999.3 1211394341
2775.3 2921.12 1211394445
2856.85 3119.92 1211394507
2619.3 3099.82 1211394564
