3646.63 -933.289 1211842655
3582.81 -992.453 1211842715
3422.37 -1158.78 1211842776
1611.47 -1330.69 1211842939
1358.84 -1202.32 1211843002
1331.36 -858.496 1211843059
1306.55 -562.666 1211843122
1280.84 -195.374 1211843182
1256.02 133.974 1211843239
1221.45 516.927 1211843300
608.953 763.679 1211843409
590.339 937.862 1211843469
471.562 1286.24 1211843526
323.534 1315.27 1211843587
-303.147 1219.24 1211843712
-1119.52 1083.02 1211843850
-1317.18 1053.99 1211843910
-1533.46 1018.25 1211843971
-1612.35 1233.76 1211844031
-1624.76 1271.72 1211844092
-2111.39 732.416 1211844152
-2529.77 461.102 1211844213
-2717.69 424.258 1211844274
-2717.69 423.141 1211844292
-2448.22 241.154 1211844352
-1821.54 423.141 1211844409
-1259.57 525.859 1211844469
-917.418 184.214 1211844529
-267.691 237.805 1211844590
-117.004 197.612 1211844650
22.1599 256.785 1211844710
236.667 265.717 1211844770
234.008 269.066 1211844781
112.572 94.8978 1211844841
34.5694 457.752 1211844901
10.6367 774.845 1211844940
-109.027 799.409 1211845000
-124.982 799.409 1211845061
-79.7755 789.36 1211845112
540.701 839.605 1211845173
576.156 846.304 1211845233
983.011 877.567 1211845294
1208.16 894.316 1211845355
1568.92 921.113 1211845415
1971.34 959.077 1211845475
2406.56 1017.14 1211845535
2475.7 1032.77 1211845597
2901.17 1459.31 1211845656
3222.93 1780.91 1211845717
3175.95 1940.6 1211845777
3175.06 1938.37 1211845839
3176.84 1938.37 1211845899
3182.16 1940.6 1211845963
3181.27 1939.48 1211845989
3179.5 1938.37 1211846049
3088.2 2023.24 1211846112
2794.8 1916.03 1211846169
2418.08 1537.48 1211846229
2013 1126.56 1211846289
1615.01 1077.43 1211846349
1146.99 1076.32 1211846409
881.076 1068.5 1211846469
620.476 865.285 1211846529
200.325 829.556 1211846591
-105.481 819.507 1211846631
-103.708 823.973 1211846667
-102.822 822.856 1211846668
-265.032 1084.13 1211846728
-687.842 1157.83 1211846788
-1024.67 1099.77 1211846870
-1072.54 1094.18 1211846901
-1173.59 1268.37 1211846961
-910.327 1327.55 1211847021
-958.192 1802.13 1211847084
-974.147 1892.58 1211847144
-973.261 1893.7 1211847201
-974.147 1893.7 1211847262
-976.807 1888.11 1211847348
-982.125 1898.17 1211847391
-534.496 2026.59 1211847451
29.251 2104.76 1211847511
472.448 2277.85 1211847571
408.628 2677.66 1211847635
378.49 2879.8 1211847694
497.267 2940.11 1211847748
496.381 2941.23 1211847750
786.232 2893.2 1211847811
1008.72 2644.15 1211847870
1152.31 2503.44 1211847930
1543.21 2562.63 1211847990
1763.92 2517.96 1211848051
1599.06 2501.2 1211848111
1606.15 2510.14 1211848171
1604.37 2503.44 1211848231
1601.71 2502.32 1211848291
1592.85 2478.87 1211848414
1573.35 2655.32 1211848471
2183.19 3526.47 1211848653
2207.12 3567.8 1211848713
2189.39 3571.15 1211848779
2127.35 3895.06 1211848833
2081.25 4055.91 1211848894
2337.42 4236.86 1211848954
2380.86 4264.79 1211849015
2477.47 4270.37 1211849075
2451.77 4223.46 1211849138
2516.47 4292.71 1211849156
2516.47 4294.95 1211849157
2523.56 4258.09 1211849211
2533.32 4237.98 1211849272
2587.39 4182.13 1211849333
2616.64 4164.26 1211849393
2625.5 4158.67 1211849455
2458.86 4091.65 1211849516
2401.24 3971.02 1211849574
2571.43 3307.56 1211849754
1991.73 3174.65 1211849814
1991.73 2999.3 1211849874
2248.78 2905.49 1211849946
2302.85 2801.62 1211850009
2379.08 2790.45 1211850067
2428.72 2829.54 1211850127
2713.25 2756.95 1211850183
2545.72 2688.82 1211850243
2382.63 2787.1 1211850305
2156.6 2788.22 1211850366
2117.6 3199.22 1211850423
2584.73 3600.19 1211850544
2752.25 3904 1211850604
2509.38 4272.61 1211850666
2308.17 4445.75 1211850729
2155.71 4775.28 1211850790
2215.99 5226.6 1211850847
2356.92 5367.36 1211850908
2336.54 5381.88 1211850969
2332.99 5381.88 1211851029
2328.56 5380.77 1211851090
2327.67 5381.88 1211851150
2309.06 5381.88 1211851211
2304.63 5384.12 1211851334
2296.65 5386.35 1211851392
2289.56 5387.47 1211851453
2276.26 5389.7 1211851513
2260.31 5389.7 1211851544
2141.53 5391.94 1211851583
2081.25 5229.95 1211851643
2056.44 5095.89 1211851703
2151.28 4797.62 1211851763
2245.24 4192.18 1211851883
2279.81 3982.19 1211851943
2187.62 3629.23 1211852003
2225.74 3537.64 1211852036
2225.74 3537.64 1211852041
2208.89 3575.62 1211852099
2137.1 3922.99 1211852159
2057.32 4432.34 1211852220
2028.96 4671.39 1211852281
1978.43 4958.49 1211852342
1949.18 5127.17 1211852403
2213.33 5222.13 1211852464
2359.58 5366.24 1211852524
2358.7 5364.01 1211852587
2343.63 5374.06 1211852645
2342.74 5374.06 1211852707
2332.99 5378.53 1211852766
2332.1 5379.65 1211852828
2332.1 5379.65 1211852864
2332.1 5380.77 1211852923
2332.99 5380.77 1211852983
2325.01 5383 1211853044
2317.04 5386.35 1211853104
2315.26 5384.12 1211853164
2295.76 5387.47 1211853287
2286.01 5388.59 1211853345
2286.9 5387.47 1211853405
2286.9 5387.47 1211853458
2282.47 5387.47 1211853518
2282.47 5388.59 1211853579
2281.58 5390.82 1211853641
2281.58 5390.82 1211853698
2274.49 5390.82 1211853759
2231.05 5391.94 1211853816
2108.73 5052.33 1211853870
2181.42 4588.73 1211853933
2200.03 4491.55 1211853990
2247.01 4188.83 1211854051
2279.81 3991.12 1211854113
2332.99 3676.14 1211854172
2361.35 3477.33 1211854232
2375.54 3332.13 1211854292
2361.35 3239.43 1211854347
2361.35 3239.43 1211854348
2246.12 3114.34 1211854409
2436.7 3004.89 1211854470
2448.22 2819.49 1211854531
2407.45 2714.51 1211854591
2412.77 2735.73 1211854651
2410.11 2733.5 1211854712
2395.92 2731.26 1211854775
2388.83 2761.42 1211854799
2169.01 2869.75 1211854861
2154.82 2945.69 1211854906
2177.87 2887.62 1211854966
2182.3 2885.38 1211855026
2183.19 2882.03 1211855086
2160.14 2941.23 1211855146
2190.28 2944.58 1211855154
2423.4 2921.12 1211855214
2601.57 2931.17 1211855274
2829.37 3195.87 1211855332
2770.87 3609.12 1211855393
2711.48 4043.62 1211855447
2606.89 4179.9 1211855505
2483.68 4291.6 1211855565
2366.67 4418.94 1211855630
2367.56 4420.06 1211855645
2331.22 4580.91 1211855705
2257.65 5090.31 1211855765
2348.95 5364.01 1211855825
2341.85 5379.65 1211855885
2341.85 5379.65 1211855946
2342.74 5378.53 1211856007
2342.74 5378.53 1211856067
2324.13 5384.12 1211856127
2325.9 5384.12 1211856187
2328.56 5381.88 1211856248
2314.38 5385.24 1211856309
2305.51 5388.59 1211856368
2307.28 5389.7 1211856431
2306.4 5384.12 1211856491
2301.08 5387.47 1211856548
2283.35 5391.94 1211856612
2280.69 5391.94 1211856729
2278.03 5393.06 1211856732
2068.84 5403.11 1211856792
2095.44 5117.12 1211856856
2176.98 4645.7 1211856913
2440.24 4311.7 1211857038
2439.36 4311.7 1211857045
2293.99 4870.24 1211857163
2245.24 5162.92 1211857223
2354.26 5370.71 1211857283
2339.19 5383 1211857345
2335.65 5379.65 1211857405
2335.65 5380.77 1211857469
2333.88 5385.24 1211857530
2328.56 5377.42 1211857588
2331.22 5371.83 1211857648
2331.22 5371.83 1211857709
2331.22 5371.83 1211857769
2330.33 5396.41 1211857830
2330.33 5395.29 1211857890
2314.38 5386.35 1211857950
2317.04 5390.82 1211858010
2318.81 5394.17 1211858074
2319.69 5391.94 1211858132
2312.6 5391.94 1211858192
2291.33 5403.11 1211858252
2275.37 5387.47 1211858272
2060.87 5350.6 1211858335
1619.44 5117.12 1211858396
1131.93 5083.6 1211858453
951.101 4860.18 1211858516
986.557 4626.71 1211858574
996.307 4507.19 1211858635
1084.95 3956.5 1211858695
833.211 3777.78 1211858756
408.628 3578.97 1211858816
441.424 3303.09 1211858866
326.193 3271.82 1211858883
171.074 3231.61 1211858918
217.167 2896.55 1211858980
280.101 2501.2 1211859038
278.328 2479.98 1211859043
343.921 2079.07 1211859103
295.169 2060.09 1211859124
295.169 2060.09 1211859126
215.394 1964.05 1211859187
264.146 1842.33 1211859210
351.899 2039.99 1211859254
257.941 2364.96 1211859312
257.054 2401.81 1211859351
339.489 2765.88 1211859411
830.552 2806.09 1211859474
1105.33 2746.9 1211859532
1133.7 2808.32 1211859593
1024.67 3482.91 1211859654
941.351 3654.92 1211859692
768.504 4218.99 1211859753
740.139 4688.15 1211859813
1205.5 4924.97 1211859874
1603.49 5010.99 1211859934
1793.18 5143.93 1211859995
1778.99 5277.99 1211860032
1778.99 5277.99 1211860034
1563.6 5336.08 1211860097
1331.36 5205.37 1211860158
1209.04 5084.72 1211860215
1716.95 5143.93 1211860275
1716.06 5137.23 1211860336
1732.01 5198.67 1211860397
1722.26 5191.97 1211860458
1711.63 5153.98 1211860518
1809.13 5151.75 1211860579
2339.19 5379.65 1211860699
2305.51 5384.12 1211860760
2303.74 5380.77 1211860820
2304.63 5381.88 1211860881
2293.1 5385.24 1211860941
2287.78 5387.47 1211861001
2280.69 5387.47 1211861023
2055.55 5361.78 1211861084
2134.44 4888.11 1211861144
2196.49 4508.3 1211861207
2240.81 4224.58 1211861265
2292.22 3873.84 1211861325
2440.24 3255.06 1211861440
2447.34 3255.06 1211861444
2571.43 3384.62 1211861507
2658.3 3515.3 1211861564
2645.89 3626.99 1211861614
2635.25 3823.58 1211861670
2711.48 3934.16 1211861716
2706.16 3928.57 1211861738
2478.36 3889.48 1211861800
2472.15 3720.82 1211861861
2529.77 3276.29 1211861918
2340.08 3266.23 1211861965
1973.11 3097.59 1211862025
2083.03 2875.33 1211862088
2208.01 2844.06 1211862145
2227.51 2859.7 1211862154
2191.17 2784.87 1211862217
1910.18 2743.55 1211862254
1702.76 2713.39 1211862371
1708.97 2714.51 1211862434
1558.28 2789.34 1211862492
1491.8 3202.57 1211862553
1785.2 3306.44 1211862613
2090.12 3326.55 1211862661
1765.7 3456.11 1211862720
1738.22 3660.5 1211862765
1738.22 3660.5 1211862767
1736.45 3661.62 1211862792
1578.67 3847.03 1211862854
1511.3 4155.32 1211862912
1628.31 4382.08 1211862972
2171.67 4470.32 1211863035
2244.35 4481.49 1211863092
2294.88 4798.74 1211863152
2288.67 5388.59 1211863273
2290.44 5393.06 1211863333
