1563.6 -1012.55 1212147055
1319.84 -502.382 1212147113
1232.09 441.005 1212147173
458.266 475.616 1212147234
384.695 590.617 1212147294
435.22 648.676 1212147328
834.097 1049.52 1212147388
1067.22 1415.77 1212147448
1107.11 1864.66 1212147512
1182.45 2467.7 1212147570
1446.6 2774.82 1212147631
1906.63 2848.53 1212147691
2395.04 2693.29 1212147752
2535.09 2206.38 1212147812
1749.74 1418 1212147873
1602.6 1179.04 1212147933
1540.55 1103.12 1212147994
1201.06 725.717 1212148057
1216.13 522.51 1212148084
1400.5 -177.512 1212148145
1685.92 -427.585 1212148207
2081.25 -651.974 1212148264
2348.06 -806.029 1212148323
2347.17 -806.029 1212148325
2613.98 -795.982 1212148385
2660.96 -777.004 1212148445
2660.96 -775.888 1212148505
2660.96 -775.888 1212148627
2662.73 -773.655 1212148685
2661.84 -777.004 1212148745
2660.96 -777.004 1212148805
2663.62 -774.771 1212148865
2915.35 -631.88 1212148926
3324.87 -1014.78 1212148987
3751.22 -1095.15 1212149108
3583.69 -957.848 1212149229
3580.15 -954.499 1212149289
3579.26 -953.383 1212149349
3581.92 -956.732 1212149412
