3491.51 3852.62 1211617603
3513.67 3815.76 1211617663
3489.73 3834.75 1211617723
3561.53 3814.64 1211617846
3558.87 3816.88 1211617904
3515.44 3824.69 1211617964
3524.3 3847.03 1211617982
3633.33 3420.36 1211618042
3605.85 3261.77 1211618102
3642.19 3047.33 1211618162
3842.52 2819.49 1211618226
5023.2 4090.54 1211618276
6002.66 5256.76 1211618328
9463.15 6842.16 1211618458
10900 7109.22 1211618511
12311.1 6704.72 1211618569
11586.1 5388.59 1211618624
12934.3 4756.29 1211618685
14304.6 4249.15 1211618731
15531.4 3414.78 1211618779
16910.6 2879.8 1211618827
17851.1 1686 1211618885
18258.8 1493.93 1211618947
18258.8 1492.81 1211618986
18258.8 1493.93 1211619011
18265 1491.7 1211619062
18265.9 1490.58 1211619064
17922 1696.05 1211619124
17118.9 2761.42 1211619187
15711.3 3343.3 1211619238
14478.4 4178.78 1211619288
13135.5 4784.22 1211619338
11696 5100.36 1211619394
12362.5 6471.2 1211619450
11174.8 7289.12 1211619510
10387.7 7133.8 1211619570
8942.83 6744.95 1211619628
7509.53 6321.48 1211619681
6126.76 5425.45 1211619740
5156.16 4296.06 1211619789
4197.08 3171.3 1211619844
3646.63 3146.73 1211619904
3336.39 3566.68 1211619965
3459.6 3667.2 1211620025
3465.8 3844.8 1211620087
3464.92 3872.72 1211620147
3452.51 3890.6 1211620208
3448.96 3912.93 1211620268
3511.01 3731.99 1211620329
3520.76 3700.71 1211620361
3505.69 3666.09 1211620421
3743.24 3686.19 1211620481
3846.95 3633.7 1211620532
3846.07 3631.46 1211620566
3782.25 3383.51 1211620627
3247.75 2894.32 1211620688
2668.93 2334.81 1211620749
2203.58 2112.57 1211620810
2114.05 2285.67 1211620871
2128.23 2300.19 1211620892
2304.63 2530.24 1211620952
2519.13 2721.21 1211621012
2613.09 2823.96 1211621048
2889.65 2622.93 1211621108
3242.43 2632.98 1211621169
3635.99 3009.35 1211621229
3816.81 3171.3 1211621290
4087.16 2897.67 1211621349
4081.85 2913.31 1211621411
4081.85 2913.31 1211621412
4020.69 3144.49 1211621473
3768.95 3387.97 1211621533
3583.69 3574.5 1211621593
3455.17 3784.48 1211621653
3478.21 3826.93 1211621713
3465.8 3817.99 1211621756
3497.71 3678.37 1211621816
3261.05 3466.16 1211621876
2889.65 3105.4 1211621936
2528.88 3042.86 1211621996
2507.61 3058.5 1211622056
2495.2 3042.86 1211622084
2496.09 3045.09 1211622085
2243.46 2993.72 1211622145
2156.6 3006 1211622206
2153.94 3006 1211622234
1692.13 2935.64 1211622295
1289.7 2857.46 1211622359
1297.68 2603.95 1211622416
973.261 2377.24 1211622477
337.716 2274.5 1211622537
-469.789 2152.78 1211622597
-998.08 1967.4 1211622657
-932.487 1558.7 1211622717
-846.507 1032.77 1211622781
-966.17 1001.51 1211622830
-974.147 1000.39 1211622832
-1018.47 1105.35 1211622892
-1439.5 1032.77 1211622952
-1028.22 1093.07 1211623013
-865.121 1334.25 1211623074
-282.76 1431.4 1211623137
-181.711 1550.88 1211623195
-188.802 1509.56 1211623256
-187.916 1507.33 1211623316
-229.576 1546.41 1211623377
-226.917 1546.41 1211623412
-195.893 1530.78 1211623475
-197.666 1534.13 1211623480
-1003.4 1418 1211623541
-1632.74 1280.65 1211623600
-1518.39 609.598 1211623656
-1504.21 506.879 1211623685
-1504.21 506.879 1211623686
-1493.57 447.704 1211623731
-1503.32 539.257 1211623791
-1574.24 1000.39 1211623853
-1121.29 1080.78 1211623914
-822.574 1345.42 1211623975
-304.033 1430.28 1211624035
-163.983 1540.83 1211624085
-238.44 1997.55 1211624149
180.824 2146.08 1211624206
294.283 2400.69 1211624267
247.304 2715.63 1211624327
584.134 2849.65 1211624387
740.139 2874.22 1211624407
1178.02 2943.46 1211624467
1428.87 2985.9 1211624527
1905.75 3062.96 1211624589
2475.7 3179.12 1211624650
2801.89 3453.87 1211624710
2902.06 3625.88 1211624770
3388.69 3727.52 1211624830
3391.35 3739.81 1211624890
3429.46 3466.16 1211624950
3521.65 3424.83 1211624992
3419.71 3078.6 1211625052
3336.39 2999.3 1211625113
3143.15 2781.52 1211625173
2862.17 2531.36 1211625233
2857.74 2538.06 1211625294
2866.6 2522.42 1211625310
2542.18 2200.8 1211625371
2925.1 1793.2 1211625431
3343.48 1076.32 1211625492
3827.45 -308.131 1211625552
3539.37 -1770.48 1211625609
2727.44 -3016.06 1211625666
3159.11 -4444.45 1211625718
3612.94 -5861.44 1211625767
3882.41 -7381.91 1211625815
4154.53 -8880.92 1211625863
3620.03 -10310.5 1211625915
2628.16 -11454.5 1211625966
2604.23 -12958.3 1211626015
2917.12 -14425.1 1211626063
3199 -15686.6 1211626104
4057.03 -16897.7 1211626148
5201.36 -17832.4 1211626193
6344.81 -18769.3 1211626239
7779.88 -19306.1 1211626287
9264.59 -19415.3 1211626331
10274.2 -20521.2 1211626379
12211 -22858.4 1211626479
13112.4 -24068.6 1211626526
14021 -25304.1 1211626572
15982.6 -27528.7 1211626662
16989.5 -28645.7 1211626704
18212.7 -29504.6 1211626751
19557.4 -30153.1 1211626797
20979.2 -30480.1 1211626842
22456.8 -30789.4 1211626889
23678.3 -31594.6 1211626934
24866.9 -32467.6 1211626980
26059.1 -33347.2 1211627025
27251.3 -34224.4 1211627071
28268.9 -35351.7 1211627119
29230.6 -36502.2 1211627162
31358 -38616 1211627259
32691.1 -39266 1211627311
32602.5 -39589.3 1211627371
32867.5 -39869.3 1211627431
33215.9 -39821.5 1211627494
33295.6 -39848.2 1211627554
33299.2 -39846 1211627612
33296.5 -39848.2 1211627672
33298.3 -39849.3 1211627737
33298.3 -39850.4 1211627776
33301 -39850.4 1211627779
33308 -39849.3 1211627781
33345.3 -40382.6 1211627841
33038.6 -41470.2 1211627962
33764.5 -41633.4 1211628022
33941.8 -41732.3 1211628077
33946.2 -41734.5 1211628082
33769 -42472.1 1211628143
33496.8 -42937.4 1211628205
32747 -42489.8 1211628264
32542.2 -41262.4 1211628324
32435.8 -39860.4 1211628377
31633.6 -38738.2 1211628437
30706.5 -38495.9 1211628497
31177.2 -38558.2 1211628557
31701.9 -38918.2 1211628617
31374.8 -38551.5 1211628677
30280.1 -37632.5 1211628738
29253.7 -36494.4 1211628792
28268 -35321.7 1211628840
27265.5 -34214.4 1211628887
26079.5 -33339.4 1211628937
24862.5 -32444.2 1211628984
23680.9 -31575.7 1211629030
22560.5 -30814.9 1211629072
19688.6 -30192 1211629165
18367 -29539.1 1211629214
17094.1 -28734.7 1211629263
16081.9 -27613.2 1211629313
15065.2 -26486 1211629363
14076.8 -25345.3 1211629412
13462.6 -24516 1211629445
12584.1 -23324.9 1211629494
11679.1 -22124.7 1211629544
10697.9 -20992.3 1211629593
10276.9 -20503.4 1211629615
9271.69 -19401.9 1211629664
7808.25 -19290.6 1211629711
6415.72 -18804.9 1211629759
5257.21 -17858.1 1211629805
4099.57 -16902.2 1211629854
3216.73 -15673.2 1211629901
2921.56 -14208.9 1211629949
2606 -12743.2 1211629997
2732.75 -11251.6 1211630049
3746.79 -10176.7 1211630098
4148.33 -8730.36 1211630148
3877.09 -7220.17 1211630196
3606.74 -5703.01 1211630244
3214.07 -4583.93 1211630284
2746.94 -3080.79 1211630334
3554.44 -1826.29 1211630390
3827.45 -1139.8 1211630450
3676.76 -904.265 1211630502
3575.72 -977.942 1211630562
3578.37 -975.709 1211630622
3573.94 -973.476 1211630682
3568.62 -976.825 1211630742
3571.28 -961.197 1211630802
3565.96 -975.709 1211630845
3425.03 -1163.25 1211630905
3489.73 -1405.48 1211630965
2904.71 -1667.79 1211631026
2782.39 -2218.06 1211631086
2545.72 -2316.28 1211631149
1876.5 -2372.09 1211631207
1388.98 -2263.82 1211631254
1206.38 -2016.04 1211631314
1395.18 -1644.35 1211631374
1531.69 -1351.9 1211631434
1548.53 -1073.94 1211631495
1500.67 -459.96 1211631555
1460.78 64.7537 1211631616
1438.62 349.453 1211631676
1401.39 856.353 1211631738
1451.03 554.889 1211631798
1242.73 537.024 1211631859
849.166 502.413 1211631919
608.953 826.206 1211631981
585.02 875.334 1211632040
45.2061 225.524 1211632164
70.0252 -35.7259 1211632222
58.502 265.717 1211632282
397.105 606.248 1211632343
624.022 955.727 1211632406
468.903 1314.15 1211632465
-52.2973 1251.62 1211632528
-405.082 1196.91 1211632586
-1097.36 1083.02 1211632648
-1565.37 1007.09 1211632708
-1537.89 722.367 1211632770
-1291.48 788.243 1211632829
-1314.52 930.046 1211632848
-906.782 1109.81 1211632908
-438.765 1185.74 1211632968
97.5034 1269.49 1211633028
479.539 1214.77 1211633088
589.452 842.954 1211633148
247.304 478.966 1211633209
54.0701 94.8978 1211633272
63.8204 69.2195 1211633330
240.213 451.053 1211633391
606.294 817.274 1211633451
594.771 788.243 1211633512
1005.17 515.811 1211633574
1392.53 539.257 1211633633
1445.71 135.09 1211633693
1478.51 -294.734 1211633754
1527.26 -919.893 1211633814
1540.55 -1111.9 1211633841
1253.36 -931.057 1211633901
1191.31 -639.694 1211633957
1191.31 -640.81 1211634018
1191.31 -640.81 1211634047
1187.77 -640.81 1211634143
1313.64 -704.442 1211634203
1373.91 -1348.55 1211634266
2091 -1331.8 1211634326
2770.87 -1367.52 1211634383
2597.14 -2870.98 1211634439
3107.7 -4261.45 1211634487
3589.01 -5714.17 1211634533
3857.59 -7233.56 1211634580
4124.39 -8705.82 1211634624
3713.99 -10182.3 1211634673
2700.84 -11279.4 1211634717
2588.27 -12815.6 1211634766
2702.62 -13569.1 1211634786
2996.9 -15067 1211634843
3706.02 -16277.1 1211634903
4393.86 -16231.4 1211634964
4394.74 -16230.3 1211634965
4404.49 -16224.8 1211634981
4427.54 -16215.8 1211635060
4432.86 -16213.6 1211635120
4544.54 -15960.7 1211635182
3905.45 -16165.7 1211635241
3187.47 -15432.5 1211635300
2707.05 -14030.5 1211635353
1275.52 -14284.7 1211635403
-164.869 -14200 1211635457
-1023.79 -12953.8 1211635500
-1916.38 -11741 1211635543
-2643.23 -10426.5 1211635585
-3184.82 -9008.05 1211635629
-3149.36 -5980.81 1211635719
-3244.2 -4865.11 1211635780
-3473.78 -3726.94 1211635901
-3494.17 -3716.9 1211635964
-3278.77 -3206.9 1211636044
-3230.02 -3240.38 1211636106
-3170.63 -2876.56 1211636166
-3171.52 -2877.67 1211636185
-2921.56 -2441.29 1211636248
-2592.7 -2164.49 1211636307
-2570.54 -1021.48 1211636425
-2666.27 -394.093 1211636487
-2687.55 12.2808 1211636548
-2701.73 285.813 1211636605
-3723.74 382.947 1211636808
-3723.74 381.831 1211636869
-3721.08 388.53 1211636930
-3721.97 382.947 1211636990
-3721.97 380.714 1211637027
-3636.88 -283.57 1211637078
