4434.63 -15872.7 1211343292
4325.6 -15870.4 1211343334
4331.81 -15871.5 1211343359
4311.42 -15877.1 1211343363
3123.65 -15306.6 1211343484
4011.82 -9770.82 1211343699
3850.5 -7069.59 1211343790
3088.2 -4152.1 1211343889
2548.38 -2741.51 1211343945
2824.94 -1453.47 1211344002
2410.11 -1309.48 1211344085
1600.83 -1336.27 1211344177
1579.55 -1340.73 1211344221
1480.28 -1463.52 1211344281
1513.08 -1500.36 1211344330
1513.08 -1500.36 1211344334
1690.35 -1336.27 1211344394
1731.13 -1300.55 1211344454
1730.24 -1301.66 1211344514
1740.88 -1302.78 1211344696
1922.59 -1334.04 1211344739
2587.39 -1264.83 1211344803
3086.43 -1193.39 1211344863
3578.37 -982.407 1211345113
