3654.6 -985.756 1212677905
3655.49 -983.523 1212677965
3650.17 -986.872 1212678025
3649.29 -986.872 1212678085
3576.6 -1086.22 1212678146
3124.54 -1186.69 1212678207
2662.73 -1244.73 1212678270
2379.08 -1312.83 1212678327
1776.33 -1328.45 1212678388
1563.6 -1305.01 1212678448
1550.3 -1148.73 1212678510
1537.89 -1001.38 1212678570
1521.05 -775.888 1212678631
1359.73 -541.455 1212678691
1288.82 -248.962 1212678752
1246.27 265.717 1212678814
1228.54 481.199 1212678874
1354.41 539.257 1212678934
1440.39 232.222 1212678995
1466.1 -97.1296 1212679049
1277.29 -241.147 1212679112
1292.36 -434.283 1212679129
1310.98 -432.05 1212679189
1317.18 -439.865 1212679249
1317.18 -440.981 1212679309
1318.95 -442.098 1212679369
1317.18 -444.33 1212679489
1318.07 -444.33 1212679549
1318.07 -445.447 1212679608
1316.3 -443.214 1212679669
1309.2 -444.33 1212679714
1288.82 -308.131 1212679774
1255.13 173.05 1212679827
696.706 311.492 1212679924
618.703 307.026 1212679982
437.879 282.464 1212680014
436.992 266.833 1212680074
245.531 260.134 1212680137
232.235 417.559 1212680198
53.1837 444.354 1212680258
23.9326 572.753 1212680318
14.1823 703.386 1212680380
-6.20476 946.794 1212680441
-110.799 1196.91 1212680501
-118.777 1227.06 1212680561
-296.942 1384.5 1212680622
-313.784 1505.1 1212680682
-764.958 1455.96 1212680743
-1342.89 1365.52 1212680805
-2216.87 1552 1212680924
-2694.64 1483.88 1212680985
-3452.51 1441.45 1212681045
-4248.49 1392.32 1212681110
-4904.42 1356.58 1212681167
-5404.35 1330.9 1212681228
-5550.6 1650.26 1212681291
-5552.37 1689.35 1212681304
-5555.92 1719.5 1212681360
-5565.67 1894.81 1212681383
-5474.37 1959.58 1212681414
-5118.04 2180.69 1212681475
-4981.54 2405.16 1212681535
-4915.94 2401.81 1212681600
-4919.49 2407.39 1212681657
-4835.28 2452.07 1212681770
-4554.29 2637.45 1212681833
-4474.52 2734.61 1212681891
-4483.38 2743.55 1212681951
-4480.72 2741.31 1212681960
-4457.68 2448.72 1212682020
-4406.27 2219.78 1212682082
-4067.66 2237.65 1212682142
-3325.75 2275.62 1212682200
-3273.45 2277.85 1212682261
-2540.41 2319.17 1212682321
-1753.29 2368.31 1212682385
-1055.7 2481.1 1212682442
8.86394 2648.62 1212682504
869.553 2789.34 1212682564
1147.88 2730.15 1212682625
1236.52 2744.67 1212682685
1780.77 2820.61 1212682746
2466.84 2944.58 1212682806
2652.98 2969.15 1212682867
2824.05 3031.69 1212682930
2962.33 3180.23 1212682989
3011.08 3141.14 1212683040
2928.65 3043.98 1212683062
2928.65 3043.98 1212683066
2962.33 2994.84 1212683084
2908.26 2953.51 1212683144
2825.83 2907.72 1212683204
2663.62 2894.32 1212683313
2484.56 2706.69 1212683373
2196.49 2426.38 1212683433
2057.32 2320.29 1212683461
1771.02 2002.02 1212683521
1595.51 1832.28 1212683581
1948.29 1486.11 1212683641
2395.92 1035 1212683702
2451.77 765.912 1212683762
2481.02 701.153 1212683784
2487.22 696.687 1212683806
2488.11 695.571 1212683808
2452.65 630.812 1212683868
1887.13 588.384 1212683928
1646.92 567.17 1212683988
1648.69 558.238 1212683998
2106.07 597.316 1212684061
2237.26 313.725 1212684103
2239.03 314.842 1212684105
2228.4 483.432 1212684165
2230.17 475.616 1212684225
2227.51 486.782 1212684286
2228.4 485.665 1212684346
2225.74 493.481 1212684406
2230.17 468.917 1212684465
2165.46 602.899 1212684525
2349.83 612.948 1212684586
2579.41 629.695 1212684646
2950.81 499.063 1212684706
2895.85 564.937 1212684743
2925.99 656.492 1212684803
2909.15 978.058 1212684847
2696.41 1231.52 1212684908
2289.56 1359.93 1212684968
1953.61 1694.93 1212685030
1457.23 1949.53 1212685089
1424.44 1928.32 1212685153
1361.5 2316.94 1212685213
1334.91 2514.61 1212685272
1272.86 2815.02 1212685333
1237.41 3004.89 1212685393
1201.95 3342.18 1212685453
1200.18 3350 1212685459
1315.41 3401.38 1212685517
1193.97 3245.01 1212685578
1290.59 2629.63 1212685638
1314.52 2558.16 1212685673
1180.68 2533.59 1212685734
1045.95 2492.27 1212685764
1036.2 2401.81 1212685828
1120.4 1881.41 1212685887
733.048 1807.71 1212685947
723.298 1806.6 1212685951
704.684 1804.36 1212685972
702.911 1803.25 1212686018
540.701 1663.66 1212686070
-106.367 1569.86 1212686130
-413.06 1506.21 1212686220
-242.872 1436.98 1212686278
337.716 1528.55 1212686341
981.239 1631.28 1212686399
1525.48 1825.58 1212686459
1864.97 1619 1212686509
1865.86 1624.58 1212686511
1868.52 1633.51 1212686541
1790.52 1469.36 1212686598
1508.64 1719.5 1212686658
1518.39 1720.61 1212686665
1677.94 1782.03 1212686726
2022.75 1411.3 1212686786
2395.04 1045.05 1212686846
2897.62 1170.11 1212686907
3436.55 1719.5 1212686967
3578.37 1852.38 1212686992
3577.49 1851.26 1212686994
3683.86 1974.1 1212687058
3648.4 2241 1212687114
3064.27 2181.81 1212687174
2501.41 1815.53 1212687234
2150.39 2166.18 1212687295
1821.54 2054.5 1212687356
1733.79 1966.28 1212687415
1474.96 1701.63 1212687478
1172.7 1123.21 1212687600
1203.72 724.6 1212687658
1349.98 538.141 1212687706
1433.3 307.026 1212687768
1471.41 -179.745 1212687828
1511.3 -699.977 1212687891
1543.21 -1091.8 1212687949
1465.21 -1485.84 1212688010
1310.98 -1800.62 1212688071
1100.9 -2019.39 1212688132
1310.09 -1822.94 1212688192
1375.68 -1419.99 1212688252
1371.25 -1370.87 1212688282
1368.59 -1479.15 1212688339
1370.37 -1478.03 1212688449
1377.46 -1480.26 1212688512
1376.57 -1478.03 1212688569
1376.57 -1479.15 1212688581
1694.79 -1339.62 1212688641
2085.69 -1332.92 1212688701
2214.21 -1330.69 1212688761
2486.34 -1313.94 1212688823
2746.94 -1475.8 1212688858
2552.82 -2790.62 1212688917
2681.34 -3119.85 1212688980
2803.67 -3176.77 1212689038
3015.51 -3399.97 1212689098
3333.73 -3465.81 1212689159
3775.15 -3444.6 1212689219
3935.59 -3533.88 1212689280
4232.53 -3609.77 1212689340
4228.99 -3610.88 1212689346
4229.87 -3610.88 1212689406
4213.03 -3626.5 1212689466
3871.77 -3483.66 1212689527
3653.72 -3414.47 1212689588
3274.34 -3343.05 1212689648
3253.95 -3336.35 1212689769
3255.73 -3338.59 1212689799
3667.01 -3420.05 1212689859
3772.49 -3440.14 1212689920
3807.95 -3449.07 1212689979
3911.66 -3112.04 1212690039
4067.66 -2569.64 1212690099
4162.51 -2231.46 1212690159
4233.42 -2045.06 1212690219
4263.56 -2040.59 1212690258
4263.56 -2040.59 1212690259
4218.35 -2137.7 1212690319
4104.01 -2057.34 1212690379
3843.41 -2195.74 1212690440
3296.5 -1789.45 1212690500
2955.24 -1555.05 1212690560
2832.92 -1323.99 1212690620
2164.58 -1318.41 1212690681
1972.23 -1322.87 1212690744
1560.05 -1258.13 1212690802
1560.94 -1221.29 1212690838
1169.15 -1085.11 1212690961
944.896 -1139.8 1212691019
970.602 -1441.19 1212691079
1003.4 -1981.44 1212691143
1012.26 -2106.45 1212691176
1013.15 -2106.45 1212691178
1011.38 -2252.66 1212691239
898.804 -2010.46 1212691299
1194.86 -1990.37 1212691363
1309.2 -1817.36 1212691421
1349.09 -1716.9 1212691482
1383.66 -1645.46 1212691542
1381.89 -1512.63 1212691566
1352.64 -1145.39 1212691626
1311.86 -899.8 1212691754
1312.75 -898.683 1212691759
1303.89 -493.451 1212691819
1270.2 -89.3146 1212691879
1254.25 154.07 1212691939
1226.77 537.024 1212692001
1198.41 866.402 1212692062
1171.81 1230.41 1212692123
1209.04 1413.53 1212692183
1368.59 1587.73 1212692244
1582.21 1795.43 1212692307
1724.92 1717.26 1212692365
2006.8 1430.28 1212692425
2225.74 1606.71 1212692473
2749.6 2141.61 1212692530
3533.17 1941.72 1212692650
3661.7 1830.05 1212692710
3843.41 1830.05 1212692770
3838.97 1873.6 1212692790
3940.91 1938.37 1212692848
3923.18 1985.27 1212692908
3722.86 2007.6 1212692969
3456.94 1742.95 1212693029
3573.06 1843.45 1212693090
3573.06 1843.45 1212693092
3757.43 2128.21 1212693153
3689.17 2197.45 1212693212
3283.21 2632.98 1212693272
3130.75 2764.77 1212693333
2903.83 2999.3 1212693393
2857.74 3052.91 1212693454
2804.55 3341.06 1212693514
2793.92 3601.31 1212693575
2831.14 3836.98 1212693635
3036.79 3836.98 1212693696
3009.31 4112.87 1212693719
3005.76 4111.76 1212693721
2927.76 4150.85 1212693781
3019.06 3810.17 1212693902
3063.38 3816.88 1212693963
2966.76 3599.07 1212694016
2795.69 3442.7 1212694076
2480.13 3563.33 1212694136
2347.17 3559.98 1212694197
1634.51 3450.52 1212694257
1625.65 3365.64 1212694279
1669.97 3211.51 1212694340
1674.4 3208.16 1212694400
1678.83 3205.92 1212694434
1673.51 3211.51 1212694494
1669.08 3207.04 1212694524
1694.79 2942.34 1212694584
1299.45 2853 1212694645
1310.09 2573.79 1212694705
1349.09 2246.58 1212694765
1404.05 1950.65 1212694825
1436.85 1811.06 1212694886
1441.28 1718.38 1212694906
1437.73 1688.23 1212694933
1436.85 1679.3 1212694941
1501.55 1467.13 1212694999
1786.97 1227.06 1212695059
2001.48 1383.38 1212695119
2146.85 1295.17 1212695179
2376.42 1214.77 1212695239
2518.25 1357.7 1212695299
2833.8 1686 1212695359
2843.55 1690.46 1212695374
3185.7 2024.35 1212695434
3512.78 2387.29 1212695494
3347.03 2726.8 1212695554
3636.88 3019.41 1212695615
3959.52 3331.01 1212695675
3981.68 3345.53 1212695736
3976.37 3350 1212695796
3955.98 3326.55 1212695856
3578.37 3506.37 1212695917
3437.44 3446.05 1212695966
3170.63 3133.33 1212696020
3171.52 3134.44 1212696025
3061.61 2878.68 1212696085
2744.28 2694.41 1212696147
2238.15 2162.83 1212696206
1898.66 1838.98 1212696266
1785.2 1727.31 1212696326
2015.66 1424.7 1212696386
2207.12 1230.41 1212696422
2207.12 1230.41 1212696424
2389.72 1262.79 1212696486
2149.51 1502.86 1212696544
1904.86 1757.46 1212696604
1698.33 2060.09 1212696654
1649.58 2337.04 1212696712
1726.7 2609.53 1212696775
1888.02 2632.98 1212696833
1982.86 2646.39 1212696855
2071.5 2582.73 1212696916
2074.16 2580.5 1212696976
2069.73 2582.73 1212697038
2071.5 2580.5 1212697098
2079.48 2578.26 1212697159
2073.28 2578.26 1212697219
2070.62 2582.73 1212697280
2067.07 2583.85 1212697340
2061.75 2584.96 1212697402
2059.98 2595.01 1212697462
2063.53 2587.2 1212697523
2066.19 2581.61 1212697583
2070.62 2581.61 1212697644
2070.62 2580.5 1212697704
2069.73 2581.61 1212697765
2071.5 2583.85 1212697825
2073.28 2583.85 1212697886
2074.16 2583.85 1212697946
2077.71 2582.73 1212698007
2078.59 2582.73 1212698067
2078.59 2588.31 1212698130
2071.5 2589.43 1212698189
2070.62 2588.31 1212698250
2073.28 2590.55 1212698310
2075.05 2586.08 1212698371
2080.37 2583.85 1212698431
2081.25 2584.96 1212698492
2087.46 2586.08 1212698552
2060.87 2589.43 1212698613
2064.41 2587.2 1212698667
2069.73 2586.08 1212698708
2070.62 2581.61 1212698768
2068.84 2577.14 1212698828
2065.3 2588.31 1212698888
2066.19 2590.55 1212698949
2069.73 2588.31 1212699009
2070.62 2589.43 1212699070
2071.5 2584.96 1212699130
2069.73 2589.43 1212699191
2075.05 2597.25 1212699251
2075.05 2591.66 1212699312
2075.05 2590.55 1212699374
2068.84 2583.85 1212699419
2065.3 2581.61 1212699479
2073.28 2586.08 1212699540
2075.94 2586.08 1212699600
2075.94 2587.2 1212699660
2068.84 2587.2 1212699720
2074.16 2583.85 1212699780
2064.41 2589.43 1212699841
2030.73 2634.1 1212699901
2100.75 2583.85 1212699962
2110.51 2576.03 1212700022
2096.32 2588.31 1212700084
2090.12 2586.08 1212700144
2089.23 2586.08 1212700164
2082.14 2587.2 1212700224
2083.91 2582.73 1212700284
2071.5 2583.85 1212700344
2074.16 2581.61 1212700404
2075.94 2578.26 1212700464
2072.39 2580.5 1212700524
2067.96 2583.85 1212700584
2066.19 2582.73 1212700606
2065.3 2580.5 1212700666
2082.14 2584.96 1212700726
2086.57 2589.43 1212700786
2095.44 2602.83 1212700846
2073.28 2579.38 1212700903
2080.37 2583.85 1212700963
2083.03 2582.73 1212701023
2078.59 2586.08 1212701083
2073.28 2584.96 1212701143
2067.07 2580.5 1212701203
2073.28 2582.73 1212701257
2079.48 2586.08 1212701318
2098.1 2600.6 1212701381
2107.85 2603.95 1212701439
2117.6 2600.6 1212701499
2084.8 2582.73 1212701562
2068.84 2584.96 1212701622
2077.71 2582.73 1212701683
2080.37 2584.96 1212701743
2075.94 2581.61 1212701804
2104.3 2583.85 1212701864
2094.55 2580.5 1212701925
2099.87 2582.73 1212701992
2073.28 2584.96 1212702052
2071.5 2579.38 1212702113
2081.25 2582.73 1212702173
2088.35 2586.08 1212702234
2074.16 2577.14 1212702294
2073.28 2577.14 1212702355
2074.16 2572.68 1212702415
2091 2580.5 1212702476
2079.48 2579.38 1212702536
2086.57 2578.26 1212702597
2085.69 2576.03 1212702657
2083.03 2570.44 1212702718
2083.91 2581.61 1212702778
2081.25 2576.03 1212702839
2080.37 2573.79 1212702899
2076.82 2570.44 1212702961
2069.73 2569.33 1212703022
2065.3 2572.68 1212703083
2082.14 2569.33 1212703143
2070.62 2572.68 1212703206
2074.16 2568.21 1212703264
2071.5 2560.39 1212703325
2083.91 2570.44 1212703385
2081.25 2568.21 1212703446
2073.28 2563.74 1212703506
2078.59 2574.91 1212703567
2075.94 2568.21 1212703627
2073.28 2565.98 1212703688
2066.19 2569.33 1212703749
2067.96 2567.09 1212703810
2068.84 2565.98 1212703870
2073.28 2567.09 1212703931
2059.98 2565.98 1212703991
2039.59 2570.44 1212704052
2079.48 2563.74 1212704113
2078.59 2564.86 1212704163
2082.14 2535.82 1212704194
1933.23 2314.7 1212704254
1665.54 2274.5 1212704314
1470.53 2670.96 1212704375
1240.95 2628.52 1212704435
1137.24 2679.89 1212704498
1141.68 2681.01 1212704503
1432.41 2749.13 1212704567
1170.04 2625.17 1212704626
1154.09 2668.72 1212704686
1154.09 2682.12 1212704744
1164.72 2733.5 1212704805
1447.48 2773.7 1212704865
1753.29 2727.91 1212704926
1783.43 2436.43 1212704988
1840.15 2091.36 1212705047
2250.56 1680.41 1212705107
2395.04 1538.6 1212705168
2729.21 1563.16 1212705231
2849.76 1686 1212705277
2851.53 1684.88 1212705282
2831.14 1789.85 1212705344
2483.68 1837.86 1212705401
2132.67 2185.16 1212705462
1886.25 2113.69 1212705522
1736.45 1970.75 1212705583
1640.72 1862.43 1212705612
1487.37 1717.26 1212705637
1461.66 1712.8 1212705678
1380.12 2196.33 1212705738
1345.55 2372.78 1212705798
1271.98 2876.45 1212705860
1515.73 3000.42 1212705920
2076.82 3075.25 1212705981
2278.92 3104.29 1212706040
2279.81 3103.17 1212706042
2279.81 3103.17 1212706066
2400.36 3232.73 1212706128
1832.18 3157.9 1212706214
1270.2 3065.2 1212706272
1081.4 3103.17 1212706332
1068.99 3124.39 1212706349
821.688 3328.78 1212706409
827.006 3422.6 1212706469
889.054 3361.17 1212706502
1022.9 3343.3 1212706558
1160.29 3383.51 1212706618
1216.13 3314.26 1212706642
1243.61 2971.38 1212706719
1290.59 2674.31 1212706779
1396.07 2540.29 1212706899
1472.3 2561.51 1212706938
1472.3 2559.28 1212706940
1580.44 2768.12 1212707003
1649.58 3014.94 1212707060
2058.21 3092 1212707120
2208.01 3109.87 1212707154
2226.62 3113.22 1212707160
2289.56 2992.6 1212707197
2352.49 2906.6 1212707254
2540.41 2933.41 1212707316
2569.66 2937.88 1212707376
2605.11 2895.44 1212707439
2785.05 2740.2 1212707496
3089.08 2424.15 1212707557
3176.84 2343.74 1212707617
3306.25 2199.68 1212707678
3503.92 2296.84 1212707738
3553.56 2246.58 1212707762
3553.56 2245.47 1212707763
3487.96 2054.5 1212707805
3293.84 1859.08 1212707840
3097.06 1659.2 1212707900
3488.85 844.071 1212707962
3848.72 -620.716 1212708012
3819.47 -778.12 1212708033
3747.68 -1046.04 1212708093
3668.79 -904.265 1212708153
3582.81 -990.221 1212708213
3578.37 -999.151 1212708277
3598.76 -1015.9 1212708335
3617.38 -944.452 1212708395
3666.13 -979.058 1212708456
3718.42 -986.872 1212708577
3720.2 -977.942 1212708638
3721.08 -977.942 1212708698
3718.42 -982.407 1212708759
3719.31 -979.058 1212708820
3721.97 -975.709 1212708884
3715.77 -982.407 1212708941
3724.63 -964.546 1212709003
3719.31 -980.174 1212709063
3717.54 -975.709 1212709124
3721.97 -966.778 1212709246
3721.97 -971.244 1212709306
3721.08 -972.36 1212709424
3721.08 -979.058 1212709487
3721.08 -977.942 1212709544
3720.2 -979.058 1212709604
3720.2 -976.825 1212709665
3719.31 -976.825 1212709725
3718.42 -977.942 1212709785
3720.2 -977.942 1212709846
3721.97 -977.942 1212709906
3719.31 -982.407 1212709967
3716.65 -982.407 1212710089
3716.65 -985.756 1212710147
3721.08 -977.942 1212710207
3720.2 -979.058 1212710268
3720.2 -979.058 1212710328
3721.08 -976.825 1212710389
3720.2 -979.058 1212710449
3721.97 -974.593 1212710514
3720.2 -975.709 1212710573
3717.54 -981.29 1212710633
3719.31 -979.058 1212710695
3721.08 -973.476 1212710754
3720.2 -974.593 1212710814
3720.2 -976.825 1212710875
3719.31 -976.825 1212710935
3719.31 -977.942 1212710996
3718.42 -982.407 1212711056
3719.31 -981.29 1212711093
3721.97 -975.709 1212711153
3721.97 -976.825 1212711216
3722.86 -977.942 1212711274
3723.74 -977.942 1212711337
3722.86 -976.825 1212711458
3722.86 -976.825 1212711516
3722.86 -976.825 1212711576
3721.97 -976.825 1212711640
3721.97 -979.058 1212711700
3721.97 -979.058 1212711759
3721.97 -979.058 1212711818
3721.08 -979.058 1212711880
3722.86 -977.942 1212711944
3721.97 -977.942 1212712002
3721.97 -977.942 1212712062
3721.08 -979.058 1212712123
3721.08 -977.942 1212712183
3721.97 -976.825 1212712244
3721.08 -977.942 1212712304
3721.97 -977.942 1212712365
3722.86 -977.942 1212712425
3721.97 -977.942 1212712486
3721.97 -976.825 1212712547
3721.97 -976.825 1212712608
3720.2 -979.058 1212712668
3721.08 -979.058 1212712732
3721.97 -979.058 1212712789
3722.86 -975.709 1212712853
3722.86 -975.709 1212712910
3719.31 -976.825 1212712971
3720.2 -975.709 1212713031
3721.97 -976.825 1212713092
3721.97 -977.942 1212713152
3721.97 -976.825 1212713199
3721.97 -976.825 1212713259
3722.86 -974.593 1212713321
3721.97 -975.709 1212713383
3720.2 -979.058 1212713441
3720.2 -977.942 1212713501
3719.31 -979.058 1212713561
3718.42 -979.058 1212713624
3717.54 -979.058 1212713682
3717.54 -981.29 1212713743
3718.42 -980.174 1212713803
3718.42 -982.407 1212713925
3718.42 -982.407 1212714159
3721.08 -977.942 1212714279
3721.08 -977.942 1212714340
3719.31 -979.058 1212714400
3719.31 -977.942 1212714461
3719.31 -979.058 1212714521
3719.31 -979.058 1212714586
3720.2 -979.058 1212714646
3723.74 -977.942 1212714767
3723.74 -979.058 1212714828
3721.97 -979.058 1212714889
3721.08 -980.174 1212714947
3720.2 -981.29 1212715007
3721.08 -979.058 1212715068
3722.86 -977.942 1212715128
3721.97 -979.058 1212715189
3719.31 -980.174 1212715309
3719.31 -980.174 1212715372
3719.31 -980.174 1212715429
3719.31 -980.174 1212715489
3718.42 -980.174 1212715549
3721.08 -977.942 1212715614
3717.54 -980.174 1212715673
3721.97 -977.942 1212715792
3721.08 -976.825 1212715853
3721.08 -976.825 1212715913
3721.08 -977.942 1212715974
3721.08 -977.942 1212716035
3721.08 -976.825 1212716096
3721.08 -977.942 1212716156
3720.2 -979.058 1212716219
3718.42 -980.174 1212716277
3719.31 -979.058 1212716337
3720.2 -976.825 1212716398
3721.97 -976.825 1212716458
3721.97 -976.825 1212716518
3721.97 -977.942 1212716639
3721.08 -977.942 1212716700
3721.08 -980.174 1212716821
3721.08 -980.174 1212716882
3721.08 -979.058 1212717003
3721.08 -979.058 1212717064
3721.08 -980.174 1212717124
3721.08 -980.174 1212717185
3721.97 -975.709 1212717245
3721.08 -974.593 1212717309
3719.31 -976.825 1212717366
3719.31 -976.825 1212717427
3720.2 -977.942 1212717488
3721.97 -976.825 1212717548
3720.2 -976.825 1212717786
3719.31 -981.29 1212717846
3720.2 -979.058 1212717905
3720.2 -980.174 1212717963
3721.08 -979.058 1212718024
3720.2 -980.174 1212718084
3720.2 -980.174 1212718145
3718.42 -980.174 1212718208
3719.31 -979.058 1212718270
3721.97 -976.825 1212718326
3721.97 -976.825 1212718359
3721.08 -977.942 1212718419
3720.2 -975.709 1212718477
3718.42 -975.709 1212718537
3718.42 -976.825 1212718597
3719.31 -977.942 1212718657
3720.2 -976.825 1212718718
3718.42 -975.709 1212718841
3716.65 -974.593 1212718901
3716.65 -974.593 1212718961
3718.42 -977.942 1212719141
3717.54 -977.942 1212719201
3717.54 -977.942 1212719262
3716.65 -977.942 1212719326
3716.65 -979.058 1212719382
3698.04 -905.381 1212719443
3630.67 -996.919 1212719503
