3670.56 -934.405 1212199753
3672.33 -933.289 1212199935
3671.45 -932.173 1212199989
3670.56 -931.057 1212200054
3670.56 -928.824 1212200109
3671.45 -931.057 1212200169
3672.33 -932.173 1212200300
3671.45 -928.824 1212200350
3671.45 -927.708 1212200420
3671.45 -928.824 1212200483
3670.56 -932.173 1212200540
3670.56 -933.289 1212200591
3670.56 -927.708 1212200778
3673.22 -932.173 1212200834
3671.45 -932.173 1212200894
3671.45 -931.057 1212200971
3672.33 -933.289 1212201134
3671.45 -929.94 1212201205
3671.45 -931.057 1212201255
3672.33 -935.522 1212201387
3672.33 -931.057 1212201504
3668.79 -922.126 1212201677
3668.79 -922.126 1212201691
3669.67 -924.359 1212201740
3672.33 -934.405 1212201961
3668.79 -931.057 1212202037
3670.56 -926.591 1212202077
3669.67 -926.591 1212202148
3670.56 -927.708 1212202298
3667.01 -934.405 1212202424
3667.9 -934.405 1212202479
3668.79 -933.289 1212202550
3668.79 -935.522 1212202600
3670.56 -931.057 1212202727
3669.67 -931.057 1212202785
3668.79 -976.825 1212203021
3606.74 -974.593 1212203086
3605.85 -974.593 1212203156
3606.74 -976.825 1212203262
3606.74 -976.825 1212203321
3606.74 -977.942 1212203448
3620.03 -975.709 1212203612
3573.06 -1022.59 1212203641
3480.87 -1153.2 1212203706
2460.63 -1307.24 1212203820
2073.28 -1321.76 1212203854
1769.24 -1325.1 1212203904
1555.62 -1209.01 1212203992
1531.69 -907.614 1212204047
1490.92 -387.395 1212204096
1476.73 -97.1296 1212204150
1434.19 340.521 1212204193
1503.32 505.762 1212204253
1661.1 397.462 1212204313
1660.22 384.064 1212204375
1845.47 395.229 1212204434
2379.08 688.871 1212204559
2253.21 616.297 1212204605
1821.54 587.268 1212204665
1602.6 567.17 1212204729
1354.41 541.49 1212204790
1061.01 519.16 1212204850
862.462 510.228 1212204919
655.045 487.898 1212204972
601.862 597.316 1212205089
764.072 962.426 1212205267
1177.13 1392.32 1212205329
1259.57 1480.53 1212205385
1249.82 2032.17 1212205438
1098.24 2505.67 1212205494
1110.65 2513.49 1212205559
1110.65 2514.61 1212205561
1118.63 2296.84 1212205626
1342.89 2326.99 1212205692
1310.09 2541.41 1212205746
1302.11 2629.63 1212205760
1238.29 2930.06 1212205825
1216.13 3217.09 1212205880
1047.72 3278.52 1212205940
989.216 3659.39 1212206003
887.281 3843.68 1212206065
891.713 3839.21 1212206082
890.826 3839.21 1212206083
816.369 3929.69 1212206144
1057.47 3966.55 1212206208
1164.72 3979.95 1212206247
1274.64 4011.23 1212206307
2356.92 4174.31 1212206372
2650.32 4127.4 1212206475
2650.32 4127.4 1212206486
2876.35 3777.78 1212206542
2924.22 3566.68 1212206611
2890.53 3403.61 1212206658
2720.34 3116.57 1212206710
2596.25 2870.87 1212206784
2540.41 2732.38 1212206835
2379.08 2609.53 1212206901
2273.6 2476.63 1212206950
2068.84 2296.84 1212207020
1884.47 2103.64 1212207057
1666.42 1960.7 1212207116
1389.87 1912.68 1212207177
1084.95 1756.35 1212207246
1028.22 1742.95 1212207304
523.859 1665.9 1212207368
-333.284 1626.81 1212207502
-209.189 1653.61 1212207517
-209.189 1653.61 1212207536
-208.303 1653.61 1212207588
-59.3884 1806.6 1212207602
351.012 1960.7 1212207674
936.919 2050.04 1212207726
1079.63 2071.25 1212207775
1121.29 2837.36 1212207897
1015.81 3491.85 1212207960
1261.34 3590.14 1212208014
1825.09 3682.84 1212208080
2273.6 3755.44 1212208136
2517.36 3796.77 1212208208
2588.27 3907.35 1212208272
2590.93 3893.95 1212208322
2585.61 3883.89 1212208402
2583.84 3876.07 1212208426
2582.95 3880.54 1212208429
2549.27 4194.42 1212208490
2655.64 4130.75 1212208550
2945.49 3717.47 1212208671
2934.85 3606.89 1212208697
2964.1 3431.53 1212208763
3076.68 3065.2 1212208817
3235.34 2901.02 1212208879
3059.83 2718.98 1212208938
2679.57 2339.27 1212208999
2508.5 2188.51 1212209059
2198.26 1725.08 1212209119
2293.1 1414.65 1212209187
2291.33 1414.65 1212209212
2283.35 1406.83 1212209220
1930.57 1301.87 1212209280
1747.08 573.869 1212209396
1507.76 444.354 1212209456
1420.89 535.908 1212209555
1248.04 533.675 1212209611
1018.47 660.958 1212209671
987.443 1146.66 1212209726
1043.29 1258.32 1212209783
1055.7 1271.72 1212209789
991.875 1152.25 1212209845
981.239 1165.64 1212209865
1541.44 1066.27 1212210036
1505.98 975.825 1212210103
1699.22 1043.94 1212210127
2588.27 1345.42 1212210180
3301.82 2162.83 1212210241
3474.67 2028.82 1212210306
3852.27 2402.93 1212210367
4076.53 2617.35 1212210421
4119.07 2676.54 1212210503
4119.96 2679.89 1212210542
4119.96 2679.89 1212210568
3795.54 2506.79 1212210579
3604.08 2686.59 1212210629
3336.39 2955.75 1212210694
3163.54 2803.86 1212210790
3118.34 2831.78 1212210842
2928.65 2651.97 1212210914
2727.44 2421.91 1212210973
2197.37 1860.2 1212211027
1982.86 1451.5 1212211099
2484.56 768.146 1212211143
2589.16 502.413 1212211204
2589.16 502.413 1212211223
2598.02 413.093 1212211246
2600.68 357.268 1212211247
2512.04 612.948 1212211307
2505.84 634.161 1212211377
2061.75 600.666 1212211428
1817.11 585.035 1212211494
1620.33 571.636 1212211566
1509.53 445.471 1212211642
1512.19 547.073 1212211774
1604.37 567.17 1212211835
1842.81 573.869 1212211895
1842.81 573.869 1212211915
2062.64 547.073 1212211971
2044.91 451.053 1212212028
2415.42 453.286 1212212083
2430.49 451.053 1212212137
2427.83 447.704 1212212197
2426.95 445.471 1212212263
2422.52 442.121 1212212317
2423.4 441.005 1212212377
2426.06 443.238 1212212437
2425.18 443.238 1212212497
2410.99 432.073 1212212557
2414.54 468.917 1212212623
2110.51 458.869 1212212682
1641.6 382.947 1212212802
1439.5 379.598 1212212857
1439.5 379.598 1212212867
1505.1 474.5 1212212945
1238.29 299.211 1212212989
1258.68 -31.2602 1212213060
1262.23 -16.7466 1212213091
1207.27 882.034 1212213204
1321.61 1558.7 1212213319
1303.89 1801.01 1212213398
1184.22 2495.62 1212213452
1247.16 2953.51 1212213504
1556.51 3003.77 1212213564
2042.25 3081.95 1212213622
2237.26 3083.07 1212213680
2292.22 3105.4 1212213707
2425.18 3252.83 1212213775
2426.95 3237.19 1212213795
1888.91 3147.84 1212213855
991.875 3651.57 1212214040
889.054 4253.62 1212214095
694.047 4492.66 1212214155
680.751 4548.52 1212214192
535.382 4527.29 1212214197
388.241 4517.24 1212214243
-79.7755 4430.11 1212214292
-521.2 3746.51 1212214476
-429.901 3094.23 1212214610
-423.697 3092 1212214612
-421.924 3080.83 1212214646
-329.739 2731.26 1212214676
-317.329 2436.43 1212214736
-312.897 2364.96 1212214767
-252.622 2022.12 1212214827
-163.097 1486.11 1212214903
864.235 1594.43 1212215009
896.145 1414.65 1212215032
933.373 1189.09 1212215095
1138.13 1354.35 1212215211
1148.77 1355.47 1212215218
1156.74 1325.32 1212215224
1178.9 1104.23 1212215290
1388.09 884.267 1212215345
1479.39 -296.967 1212215466
1519.28 -804.912 1212215536
1550.3 -1223.52 1212215588
1342.89 -972.36 1212215660
1337.57 -907.614 1212215661
1334.91 -922.126 1212215719
1326.05 -919.893 1212215790
1333.14 -836.17 1212215933
1109.77 -528.058 1212215981
1050.38 224.407 1212216042
919.191 1295.17 1212216127
858.03 1673.71 1212216187
394.446 1862.43 1212216308
351.899 2057.85 1212216381
290.737 2408.51 1212216428
283.646 2423.03 1212216456
277.441 2461 1212216458
277.441 2469.93 1212216463
646.182 2752.48 1212216529
907.668 2797.16 1212216579
1129.27 2806.09 1212216646
1334.91 2964.68 1212216701
1640.72 3017.17 1212216764
2176.98 3113.22 1212216819
2785.05 3202.57 1212216879
2819.62 3290.8 1212216933
2819.62 3290.8 1212216934
2784.16 3504.13 1212216994
2762.89 3752.09 1212217078
2485.45 3901.76 1212217132
2350.72 3578.97 1212217187
2066.19 3530.94 1212217305
1732.01 3480.68 1212217307
1208.16 3385.74 1212217371
1107.99 3381.27 1212217402
541.587 3276.29 1212217462
-413.946 3126.62 1212217582
-965.284 3036.16 1212217646
-1450.14 2959.1 1212217713
-1681.49 2924.47 1212217772
-2798.35 2743.55 1212217897
-3231.79 2511.25 1212218052
-3227.36 2514.61 1212218083
-2945.49 2521.31 1212218142
-2823.17 2531.36 1212218208
-2508.5 2549.23 1212218263
-2209.78 2345.97 1212218357
-1605.26 2393.99 1212218418
-1056.58 2471.05 1212218473
-992.762 2476.63 1212218533
-523.859 2546.99 1212218575
-314.67 2409.63 1212218636
-213.621 1830.05 1212218703
15.0687 1267.26 1212218837
575.27 1051.75 1212218969
588.566 864.169 1212219006
589.452 864.169 1212219071
252.622 496.83 1212219090
-585.02 511.345 1212219304
-662.137 255.668 1212219321
43.4333 226.64 1212219431
8.86394 78.151 1212219530
269.464 484.549 1212219586
803.96 1021.6 1212219646
1084.06 1306.34 1212219706
1019.35 1723.96 1212219766
1004.28 1836.75 1212219832
1005.17 1844.56 1212219879
1006.06 1843.45 1212219880
1141.68 1776.45 1212219954
1169.15 1562.05 1212220000
1180.68 1468.25 1212220019
1183.34 975.825 1212220067
1217.02 557.122 1212220126
1130.15 531.442 1212220191
1037.08 523.626 1212220207
842.075 499.063 1212220252
1263.11 532.558 1212220317
1616.78 470.034 1212220372
1507.76 552.656 1212220432
1054.81 522.51 1212220523
1049.49 515.811 1212220605
1054.81 87.0826 1212220655
1087.61 -482.287 1212220720
1146.11 -1060.55 1212220776
1162.06 -1316.17 1212220846
1101.79 -1966.93 1212220896
-583.248 -3817.33 1212221093
-113.458 -5100.53 1212221362
-36.3422 -5118.39 1212221492
-462.698 -4875.15 1212221494
283.646 -3639.9 1212221618
564.633 -3287.25 1212221674
884.622 -2883.25 1212221749
1044.17 -2394.41 1212221794
1259.57 -1912.24 1212221854
1232.97 -1903.31 1212221938
1096.47 -1988.14 1212221967
1022.01 -2162.26 1212222053
1022.9 -2203.55 1212222054
1052.15 -2272.75 1212222121
1290.59 -1850.85 1212222189
1473.19 -1494.77 1212222241
1513.96 -653.09 1212222371
1505.1 -499.033 1212222392
1689.47 -456.611 1212222453
1716.95 -832.821 1212222517
1880.04 -860.729 1212222576
1908.41 -856.263 1212222622
1837.5 -858.496 1212222623
1837.5 -858.496 1212222639
1522.83 -736.816 1212222689
1501.55 -449.912 1212222762
1503.32 -375.115 1212222764
1503.32 -375.115 1212222783
1117.74 -196.491 1212222825
1034.42 455.519 1212222902
982.125 1125.45 1212222953
873.099 1602.25 1212223010
878.417 1602.25 1212223039
878.417 1603.36 1212223045
1040.63 1471.6 1212223105
989.216 1221.47 1212223161
896.145 1131.03 1212223200
1165.61 1071.85 1212223318
1334.91 1088.6 1212223382
1575.12 1104.23 1212223402
1926.14 1298.52 1212223462
1992.61 1231.52 1212223519
1992.61 1230.41 1212223532
2054.66 1180.16 1212223580
2058.21 1198.03 1212223606
1877.38 1271.72 1212223662
1799.38 698.92 1212223722
1641.6 387.413 1212223782
1362.39 288.046 1212223857
1320.73 289.163 1212223881
1267.54 277.998 1212223904
1260.45 283.58 1212223926
1227.66 494.597 1212223985
1186.88 1176.81 1212224064
1320.73 1536.36 1212224108
1436.85 1649.15 1212224182
1599.94 1821.11 1212224231
1812.68 2010.95 1212224286
1822.43 2038.87 1212224345
1823.31 2039.99 1212224348
1889.79 1833.4 1212224412
1658.44 1588.85 1212224468
1524.6 1472.71 1212224528
1369.48 1175.69 1212224594
1391.64 882.034 1212224660
1223.22 515.811 1212224712
1223.22 514.694 1212224735
1005.17 827.323 1212224792
932.487 1246.04 1212224843
858.916 1697.16 1212224913
798.641 2064.55 1212224965
735.707 2433.08 1212225030
690.501 2749.13 1212225085
652.386 2866.4 1212225141
652.386 2866.4 1212225148
387.354 2811.67 1212225212
965.284 2907.72 1212225268
1386.32 2985.9 1212225338
1383.66 3087.53 1212225388
1349.98 3268.47 1212225448
1310.98 3517.54 1212225512
1308.32 3529.82 1212225543
1184.22 3484.03 1212225603
936.033 3438.24 1212225666
898.804 3229.38 1212225723
1035.31 2440.9 1212225784
1150.54 1741.83 1212225849
1367.71 1107.58 1212225910
1384.55 901.015 1212225965
1231.2 523.626 1212226034
842.961 506.879 1212226090
429.015 471.15 1212226146
423.697 427.607 1212226182
429.901 351.686 1212226193
170.188 94.8978 1212226248
116.118 330.472 1212226303
428.129 640.861 1212226378
579.702 780.428 1212226402
752.549 961.31 1212226463
1053.92 1268.37 1212226531
1315.41 1622.35 1212226576
1295.02 1763.05 1212226634
1214.36 2267.8 1212226700
1092.04 2990.37 1212226752
1650.47 3230.49 1212226812
1866.75 3266.23 1212226853
1884.47 3269.58 1212226856
2585.61 3379.04 1212226921
2504.95 3275.17 1212226983
2272.72 3108.75 1212227038
2311.72 3040.63 1212227083
2174.33 2975.85 1212227143
2179.64 2976.97 1212227208
2176.98 2972.5 1212227264
2175.21 3004.89 1212227324
2181.42 2968.03 1212227384
2161.03 2972.5 1212227444
1962.48 2979.2 1212227503
1416.46 2885.38 1212227564
1280.84 2853 1212227624
1274.64 2752.48 1212227650
1354.41 2296.84 1212227711
1424.44 1807.71 1212227771
1373.91 1133.26 1212227838
1401.39 761.446 1212227892
1454.57 53.5892 1212227954
1451.91 52.4728 1212228018
1452.8 54.7057 1212228068
1452.8 54.7057 1212228070
1438.62 356.152 1212228131
1510.42 468.917 1212228191
1701.88 387.413 1212228257
1908.41 406.394 1212228312
1524.6 381.831 1212228372
1599.94 561.588 1212228426
2291.33 608.481 1212228487
2661.84 724.6 1212228559
2669.82 716.785 1212228607
2666.27 721.251 1212228680
2489 923.346 1212228728
2068.84 1163.41 1212228788
2186.74 1572.1 1212228848
2620.18 2014.3 1212228914
2639.68 2019.89 1212228936
2319.69 2405.16 1212228994
2158.37 2878.68 1212229054
2137.98 2997.07 1212229100
2137.98 2995.95 1212229101
2263.85 3046.21 1212229161
2086.57 2990.37 1212229221
1878.27 2941.23 1212229283
1769.24 2819.49 1212229341
2282.47 2898.79 1212229402
2570.54 2968.03 1212229466
2887.87 3102.05 1212229524
3111.24 3297.51 1212229585
3037.67 3240.54 1212229609
3186.59 3373.45 1212229669
3242.43 3196.99 1212229729
2967.65 2916.66 1212229767
2751.37 2683.24 1212229827
2208.89 2152.78 1212229887
1870.29 1808.83 1212229947
1531.69 1467.13 1212230008
1451.91 1392.32 1212230068
1400.5 794.943 1212230129
1434.19 434.306 1212230177
1403.16 864.169 1212230238
1412.91 1175.69 1212230294
1474.96 1635.75 1212230353
1417.34 2004.25 1212230413
1685.92 2132.67 1212230473
1610.58 2599.48 1212230533
1535.24 3129.97 1212230593
1536.12 3129.97 1212230602
1235.63 3261.77 1212230663
1244.5 2965.8 1212230727
1326.05 2407.39 1212230787
1399.62 1951.77 1212230843
1378.34 1314.15 1212230907
1373.91 1132.15 1212230963
1412.91 585.035 1212231024
1437.73 266.833 1212231080
1156.74 166.351 1212231140
847.393 129.508 1212231201
901.463 -560.433 1212231276
947.556 -1147.62 1212231321
377.604 -1234.69 1212231382
-168.415 -1281.57 1212231442
-153.346 -1282.69 1212231503
-153.346 -1283.8 1212231564
-151.573 -1286.04 1212231641
58.502 -1265.94 1212231659
744.571 -1211.25 1212231715
955.533 -1139.8 1212231780
1337.57 -889.753 1212231840
1512.19 -539.222 1212231896
1498.89 -344.972 1212231946
1460.78 165.235 1212232001
1490.92 366.2 1212232063
1600.83 554.889 1212232122
1428.87 552.656 1212232184
1248.04 531.442 1212232244
1435.96 336.055 1212232305
1466.98 -174.163 1212232365
1515.73 -809.378 1212232426
1532.58 -1008.08 1212232469
1724.92 -1287.15 1212232529
1705.42 -1312.83 1212232589
1708.08 -1316.17 1212232649
1708.08 -1311.71 1212232713
1703.65 -1312.83 1212232773
1709.85 -1312.83 1212232833
1735.56 -1318.41 1212232862
1754.17 -1313.94 1212232897
1911.07 -1337.38 1212232957
2551.04 -1283.8 1212233017
3175.95 -1194.5 1212233077
3747.68 -999.151 1212233137
3584.58 -965.662 1212233197
3570.4 -991.337 1212233218
3583.69 -994.686 1212233279
3637.76 -961.197 1212233338
3640.42 -942.22 1212233363
3639.54 -943.336 1212233488
3640.42 -943.336 1212233543
3639.54 -943.336 1212233603
3639.54 -943.336 1212233634
3638.65 -943.336 1212233679
3640.42 -944.452 1212233740
3639.54 -943.336 1212233801
3636.88 -944.452 1212233862
3638.65 -944.452 1212233924
3639.54 -943.336 1212233983
3639.54 -944.452 1212234044
3640.42 -945.569 1212234104
3640.42 -945.569 1212234165
3640.42 -945.569 1212234225
3638.65 -944.452 1212234286
3638.65 -944.452 1212234346
3638.65 -943.336 1212234407
3639.54 -944.452 1212234467
3638.65 -944.452 1212234529
3638.65 -944.452 1212234589
3637.76 -943.336 1212234661
3637.76 -943.336 1212234715
3638.65 -944.452 1212234770
3638.65 -944.452 1212234831
3638.65 -944.452 1212234891
3638.65 -944.452 1212234950
3638.65 -944.452 1212235015
3638.65 -945.569 1212235070
3638.65 -945.569 1212235135
3643.08 -945.569 1212235191
3642.19 -944.452 1212235256
3641.31 -945.569 1212235311
3640.42 -945.569 1212235371
3640.42 -946.685 1212235431
3639.54 -946.685 1212235491
3637.76 -945.569 1212235551
3637.76 -944.452 1212235612
3638.65 -945.569 1212235676
3638.65 -944.452 1212235732
3639.54 -944.452 1212235796
3640.42 -945.569 1212235852
3639.54 -941.103 1212235912
3639.54 -941.103 1212235972
3638.65 -941.103 1212236033
3637.76 -941.103 1212236098
3638.65 -942.22 1212236154
