3627.13 -928.824 1211995205
3682.08 -942.22 1211995207
3685.63 -961.197 1211995267
3683.86 -961.197 1211995327
3683.86 -960.081 1211995387
3683.86 -958.964 1211995447
3683.86 -960.081 1211995507
3683.86 -962.313 1211995567
3683.86 -963.43 1211995627
3683.86 -963.43 1211995687
3683.86 -963.43 1211995748
3683.86 -962.313 1211995808
3685.63 -964.546 1211995869
3683.86 -969.011 1211995929
3683.86 -958.964 1211995990
3682.08 -963.43 1211996050
3682.97 -963.43 1211996111
3682.97 -963.43 1211996171
3682.97 -963.43 1211996232
3682.08 -963.43 1211996293
3682.08 -963.43 1211996353
3682.08 -962.313 1211996413
3682.08 -962.313 1211996473
3682.08 -964.546 1211996533
3682.97 -966.778 1211996593
3685.63 -965.662 1211996653
3687.4 -964.546 1211996714
3683.86 -965.662 1211996774
3685.63 -961.197 1211996834
3682.08 -965.662 1211996895
3681.2 -964.546 1211996955
3682.08 -964.546 1211997016
3683.86 -962.313 1211997058
3680.31 -966.778 1211997118
3681.2 -966.778 1211997179
3681.2 -966.778 1211997239
3682.08 -966.778 1211997299
3682.08 -965.662 1211997359
3684.74 -964.546 1211997419
3682.97 -965.662 1211997479
3679.42 -970.127 1211997539
3683.86 -965.662 1211997600
3685.63 -963.43 1211997660
3685.63 -963.43 1211997721
3686.51 -962.313 1211997781
3684.74 -964.546 1211997842
3683.86 -964.546 1211997902
3683.86 -965.662 1211997963
3684.74 -965.662 1211998023
3684.74 -965.662 1211998084
3684.74 -965.662 1211998145
3684.74 -965.662 1211998206
3685.63 -962.313 1211998266
3685.63 -963.43 1211998328
3684.74 -963.43 1211998388
3685.63 -964.546 1211998459
3684.74 -965.662 1211998509
3683.86 -966.778 1211998569
3683.86 -965.662 1211998634
3683.86 -963.43 1211998689
3683.86 -965.662 1211998749
3685.63 -962.313 1211998809
3685.63 -964.546 1211998869
3686.51 -963.43 1211998930
3685.63 -964.546 1211998990
3685.63 -964.546 1211999057
3683.86 -965.662 1211999111
3683.86 -965.662 1211999171
3683.86 -966.778 1211999231
3683.86 -965.662 1211999291
3683.86 -964.546 1211999351
3685.63 -964.546 1211999412
3685.63 -963.43 1211999472
3685.63 -963.43 1211999533
3686.51 -964.546 1211999593
3685.63 -964.546 1211999654
3684.74 -964.546 1211999714
3685.63 -964.546 1211999775
3685.63 -964.546 1211999836
3685.63 -963.43 1211999896
3685.63 -965.662 1211999957
3686.51 -964.546 1212000018
3686.51 -964.546 1212000078
3685.63 -965.662 1212000141
3685.63 -965.662 1212000200
3688.29 -963.43 1212000261
3687.4 -963.43 1212000321
3686.51 -964.546 1212000382
3685.63 -964.546 1212000442
3685.63 -964.546 1212000503
3684.74 -965.662 1212000563
3684.74 -965.662 1212000624
3688.29 -964.546 1212000689
3685.63 -969.011 1212000744
3687.4 -965.662 1212000804
3685.63 -965.662 1212000864
3685.63 -964.546 1212000924
3686.51 -961.197 1212000990
3687.4 -961.197 1212001045
3686.51 -960.081 1212001105
3686.51 -962.313 1212001165
3682.97 -964.546 1212001225
3683.86 -963.43 1212001285
3683.86 -964.546 1212001345
3684.74 -962.313 1212001405
3684.74 -962.313 1212001466
3682.97 -964.546 1212001526
3683.86 -965.662 1212001588
3684.74 -963.43 1212001647
3684.74 -963.43 1212001709
3684.74 -963.43 1212001768
3686.51 -961.197 1212001830
3686.51 -961.197 1212001890
3685.63 -961.197 1212001952
3682.97 -963.43 1212002012
3682.08 -965.662 1212002078
3682.97 -965.662 1212002138
3682.97 -964.546 1212002193
3685.63 -958.964 1212002253
3687.4 -957.848 1212002315
