3671.45 -1038.22 1212121814
3645.74 -980.174 1212121875
3641.31 -972.36 1212121981
3637.76 -966.778 1212122049
3637.76 -964.546 1212122101
3637.76 -962.313 1212122159
3637.76 -964.546 1212122221
3636.88 -963.43 1212122280
3636.88 -967.895 1212122340
3637.76 -965.662 1212122401
3637.76 -965.662 1212122461
3638.65 -967.895 1212122583
3637.76 -962.313 1212122645
3635.99 -960.081 1212122703
3636.88 -961.197 1212122766
3636.88 -957.848 1212122823
3635.99 -960.081 1212122884
3636.88 -961.197 1212122944
3636.88 -957.848 1212123006
3637.76 -961.197 1212123066
3638.65 -962.313 1212123127
3636.88 -958.964 1212123193
3637.76 -961.197 1212123248
3637.76 -961.197 1212123308
3637.76 -962.313 1212123369
3636.88 -961.197 1212123441
3636.88 -960.081 1212123489
3637.76 -958.964 1212123549
3640.42 -965.662 1212123609
3647.51 -977.942 1212123670
3643.08 -964.546 1212123735
3649.29 -980.174 1212123796
3644.85 -972.36 1212123834
3646.63 -976.825 1212123884
3644.85 -971.244 1212123948
3643.08 -970.127 1212124004
3644.85 -969.011 1212124064
3639.54 -963.43 1212124125
3640.42 -965.662 1212124184
3640.42 -963.43 1212124244
3644.85 -970.127 1212124304
3642.19 -970.127 1212124374
3643.08 -970.127 1212124424
3639.54 -965.662 1212124485
3638.65 -964.546 1212124545
3638.65 -958.964 1212124606
3637.76 -964.546 1212124671
3638.65 -963.43 1212124726
3643.08 -966.778 1212124780
3642.19 -965.662 1212124833
3641.31 -962.313 1212124893
3637.76 -966.778 1212124953
3639.54 -966.778 1212125016
3640.42 -963.43 1212125063
3643.08 -970.127 1212125119
3638.65 -963.43 1212125179
3635.1 -957.848 1212125240
3642.19 -964.546 1212125301
3641.31 -963.43 1212125361
3641.31 -963.43 1212125423
3638.65 -966.778 1212125489
3639.54 -965.662 1212125548
3641.31 -965.662 1212125603
3640.42 -962.313 1212125672
3637.76 -963.43 1212125723
3638.65 -962.313 1212125783
3635.1 -955.615 1212125843
3637.76 -961.197 1212125906
3637.76 -963.43 1212125970
3633.33 -982.407 1212126028
3635.99 -985.756 1212126086
3627.13 -987.988 1212126148
3628.01 -994.686 1212126204
3626.24 -990.221 1212126265
3640.42 -971.244 1212126326
3640.42 -963.43 1212126386
3636.88 -966.778 1212126452
3636.88 -965.662 1212126507
3636.88 -965.662 1212126567
3635.1 -969.011 1212126629
3634.22 -964.546 1212126687
3635.99 -963.43 1212126752
3636.88 -961.197 1212126813
3637.76 -961.197 1212126873
3637.76 -962.313 1212126928
3638.65 -963.43 1212126988
3639.54 -965.662 1212127048
3637.76 -963.43 1212127109
3636.88 -964.546 1212127170
3637.76 -964.546 1212127229
3637.76 -964.546 1212127295
3638.65 -964.546 1212127355
3641.31 -964.546 1212127421
3638.65 -969.011 1212127471
3637.76 -966.778 1212127535
3637.76 -971.244 1212127592
3637.76 -966.778 1212127652
3635.99 -966.778 1212127712
3637.76 -962.313 1212127772
3637.76 -963.43 1212127834
3637.76 -964.546 1212127904
3637.76 -964.546 1212127952
3638.65 -963.43 1212128013
3635.1 -962.313 1212128074
3637.76 -962.313 1212128133
3637.76 -962.313 1212128207
3636.88 -964.546 1212128255
3635.99 -965.662 1212128315
3636.88 -965.662 1212128376
3635.99 -965.662 1212128436
3636.88 -964.546 1212128497
3636.88 -962.313 1212128558
3636.88 -963.43 1212128620
3636.88 -963.43 1212128678
3636.88 -963.43 1212128739
3635.99 -963.43 1212128800
3638.65 -967.895 1212128862
3639.54 -964.546 1212128927
3640.42 -960.081 1212128982
3639.54 -962.313 1212129042
3640.42 -963.43 1212129102
3639.54 -963.43 1212129162
3640.42 -965.662 1212129342
3638.65 -964.546 1212129403
3639.54 -963.43 1212129463
3638.65 -962.313 1212129524
3639.54 -960.081 1212129583
3638.65 -962.313 1212129644
3640.42 -953.383 1212129708
3636.88 -958.964 1212129764
3637.76 -962.313 1212129825
3638.65 -962.313 1212129884
3639.54 -962.313 1212129946
3637.76 -962.313 1212130009
3636.88 -963.43 1212130069
3637.76 -963.43 1212130124
3638.65 -964.546 1212130184
3636.88 -963.43 1212130244
3640.42 -962.313 1212130305
3638.65 -962.313 1212130375
3639.54 -962.313 1212130425
3640.42 -963.43 1212130493
3639.54 -963.43 1212130546
3636.88 -963.43 1212130611
3636.88 -962.313 1212130666
3640.42 -962.313 1212130793
