3609.4 -981.29 1213081540
3608.51 -993.57 1213081541
3618.26 -998.035 1213081563
3613.83 -996.919 1213081623
3612.94 -994.686 1213081686
3613.83 -990.221 1213081744
3613.83 -986.872 1213081806
3612.94 -991.337 1213081869
3612.06 -993.57 1213081925
3615.6 -994.686 1213081989
3614.72 -995.802 1213082045
3608.51 -992.453 1213082117
3610.28 -987.988 1213082170
3608.51 -989.105 1213082226
3612.06 -990.221 1213082266
3616.49 -991.337 1213082326
3621.81 -987.988 1213082387
3611.17 -989.105 1213082451
3613.83 -992.453 1213082511
3604.97 -981.29 1213082566
3613.83 -982.407 1213082626
3612.06 -994.686 1213082687
3614.72 -989.105 1213082748
3611.17 -977.942 1213082808
3612.06 -980.174 1213082869
3607.63 -983.523 1213082929
3601.42 -974.593 1213082990
3609.4 -973.476 1213083050
3612.06 -977.942 1213083111
3615.6 -979.058 1213083172
3606.74 -982.407 1213083202
3607.63 -975.709 1213083262
3607.63 -987.988 1213083322
3606.74 -993.57 1213083382
3608.51 -986.872 1213083443
3609.4 -989.105 1213083503
3613.83 -987.988 1213083567
3613.83 -986.872 1213083623
3612.94 -987.988 1213083684
3605.85 -991.337 1213083721
3604.08 -1001.38 1213083785
3608.51 -1000.27 1213083846
3608.51 -991.337 1213083905
3605.85 -989.105 1213083961
3606.74 -980.174 1213084026
3606.74 -981.29 1213084081
3609.4 -972.36 1213084129
3621.81 -979.058 1213084189
3612.94 -983.523 1213084250
3611.17 -989.105 1213084310
3614.72 -1000.27 1213084371
3617.38 -977.942 1213084433
3614.72 -998.035 1213084493
3614.72 -995.802 1213084553
3615.6 -991.337 1213084617
3616.49 -992.453 1213084675
3615.6 -993.57 1213084735
3615.6 -999.151 1213084795
3615.6 -1001.38 1213084824
3614.72 -992.453 1213084884
3617.38 -998.035 1213084945
3618.26 -993.57 1213085005
3620.03 -990.221 1213085070
3613.83 -994.686 1213085126
3616.49 -998.035 1213085187
3620.03 -1000.27 1213085213
3614.72 -1003.62 1213085273
3612.06 -1000.27 1213085333
3603.19 -1000.27 1213085394
3613.83 -996.919 1213085454
3614.72 -1000.27 1213085515
3613.83 -1002.5 1213085575
3613.83 -1018.13 1213085635
3612.94 -1009.2 1213085699
3604.08 -983.523 1213085755
3600.53 -993.57 1213085816
3609.4 -1003.62 1213085879
3612.06 -1004.73 1213085937
3614.72 -1002.5 1213085997
3612.94 -994.686 1213086060
3614.72 -995.802 1213086118
3617.38 -1005.85 1213086179
3617.38 -1018.13 1213086239
3618.26 -1002.5 1213086306
3612.94 -987.988 1213086335
3614.72 -996.919 1213086395
3613.83 -1013.66 1213086455
3617.38 -1014.78 1213086515
3618.26 -1012.55 1213086585
3614.72 -994.686 1213086636
3613.83 -993.57 1213086696
3614.72 -998.035 1213086757
3613.83 -998.035 1213086817
3612.94 -998.035 1213086877
3612.06 -996.919 1213086937
3612.94 -999.151 1213086998
3600.53 -996.919 1213087057
3609.4 -996.919 1213087118
3611.17 -995.802 1213087177
3614.72 -1001.38 1213087241
3614.72 -1000.27 1213087299
3604.08 -986.872 1213087361
3606.74 -985.756 1213087421
3610.28 -986.872 1213087481
3610.28 -987.988 1213087541
3610.28 -989.105 1213087602
3607.63 -983.523 1213087662
3609.4 -983.523 1213087723
3611.17 -987.988 1213087783
3611.17 -989.105 1213087844
3611.17 -989.105 1213087904
3609.4 -986.872 1213087966
3608.51 -984.639 1213087990
3608.51 -979.058 1213088050
3610.28 -985.756 1213088115
3613.83 -980.174 1213088170
3613.83 -984.639 1213088199
3614.72 -986.872 1213088259
3608.51 -982.407 1213088321
3609.4 -990.221 1213088379
3609.4 -990.221 1213088439
3609.4 -987.988 1213088499
3608.51 -986.872 1213088743
3603.19 -980.174 1213088801
3609.4 -989.105 1213088861
3610.28 -989.105 1213088922
3612.94 -992.453 1213088982
3613.83 -984.639 1213089043
3616.49 -983.523 1213089103
3614.72 -987.988 1213089164
3623.58 -972.36 1213089224
3617.38 -983.523 1213089285
3613.83 -989.105 1213089346
