4002.07 3088.65 1211018404
4005.62 3077.48 1211018442
4004.73 3104.29 1211018503
3987 3098.7 1211018539
3985.23 3097.59 1211018592
3985.23 3096.47 1211018594
4022.46 3100.94 1211018654
4219.24 2876.45 1211018714
4078.3 2216.43 1211018757
3671.45 2219.78 1211018818
3104.15 1670.36 1211018887
2574.09 1688.23 1211018939
1834.84 1055.1 1211019000
1051.26 1493.93 1211019060
557.542 1673.71 1211019121
-139.164 1563.16 1211019186
-830.552 1451.5 1211019241
-1167.38 1722.85 1211019306
-1243.61 1701.63 1211019323
-1253.36 1700.51 1211019324
-1679.72 1644.68 1211019384
-1775.45 2199.68 1211019450
-1362.39 2425.26 1211019536
-1493.57 2264.45 1211019600
-2035.16 2367.19 1211019659
-2466.84 2341.51 1211019710
-2986.26 2292.37 1211019786
-2984.49 2292.37 1211019805
-2979.17 2293.49 1211019813
-2725.66 2339.27 1211019868
-2389.72 2553.69 1211019927
-2059.09 2614 1211019996
-1902.2 2878.68 1211020053
-1467.87 2944.58 1211020108
-892.599 3035.04 1211020170
-446.743 3290.8 1211020230
-516.768 3723.05 1211020291
-583.248 4138.57 1211020351
-523.859 4464.74 1211020413
-380.263 4485.96 1211020439
-592.998 4243.56 1211020485
-511.45 3668.32 1211020546
-421.924 3083.07 1211020606
-362.535 2713.39 1211020667
-995.421 2486.69 1211020727
-1022.9 2493.39 1211020787
-949.328 1652.5 1211020849
-1063.67 1409.07 1211020908
-1743.54 1115.4 1211020973
-2338.31 672.123 1211021029
-2715.03 648.676 1211021089
-2788.6 18.9795 1211021148
-2748.71 -726.769 1211021208
-2714.14 -825.006 1211021245
-2714.14 -823.89 1211021246
-2657.41 -574.946 1211021307
-2689.32 -1.11644 1211021367
-2709.71 337.171 1211021426
-2481.9 445.471 1211021486
-1923.48 525.859 1211021546
-1267.54 647.56 1211021606
-1252.48 1057.34 1211021666
-1081.4 1084.13 1211021689
-1321.61 957.96 1211021749
-1272.86 636.395 1211021809
-1271.98 637.511 1211021822
-1320.73 992.574 1211021882
-1219.68 1068.5 1211021908
-1442.16 926.696 1211021969
-1966.02 665.424 1211022035
-2707.94 649.793 1211022090
-3471.12 610.714 1211022150
-4065 528.092 1211022215
-4038.41 176.399 1211022266
-4038.41 174.166 1211022268
-3880.63 159.652 1211022328
-3676.76 169.7 1211022385
-3097.95 200.961 1211022445
-2708.82 405.277 1211022505
-2439.36 455.519 1211022565
-1792.29 551.539 1211022626
-1311.86 629.695 1211022686
-1323.39 1046.17 1211022738
-884.622 1124.33 1211022800
-257.941 1224.82 1211022863
235.781 1310.8 1211022920
312.897 1324.2 1211022937
411.287 804.992 1211022997
434.333 497.947 1211023057
1035.31 342.754 1211023118
1088.49 -175.279 1211023179
1118.63 -606.204 1211023239
1166.5 -1281.57 1211023300
1122.18 -1985.9 1211023364
1037.97 -2382.13 1211023420
984.784 -2619.86 1211023478
984.784 -2619.86 1211023479
1041.51 -2405.57 1211023539
1260.45 -1910 1211023599
1381 -1666.67 1211023626
1407.59 -1622.02 1211023636
1550.3 -1086.22 1211023697
1511.3 -532.524 1211023745
1468.76 -41.3081 1211023805
1427.98 482.316 1211023865
1200.18 863.052 1211023926
1246.27 1281.77 1211023986
1186.88 1083.02 1211024047
1092.04 1074.08 1211024097
1092.04 1072.97 1211024099
1163.84 1083.02 1211024159
1255.13 1462.66 1211024219
1455.46 1673.71 1211024279
1691.24 1930.55 1211024339
1959.82 2179.58 1211024375
2232.83 2445.36 1211024435
2231.94 2686.59 1211024493
2303.74 2698.88 1211024500
2213.33 2555.93 1211024566
2184.96 2591.66 1211024590
2107.85 2449.83 1211024648
2173.44 2510.14 1211024664
2395.92 2320.29 1211024730
2676.02 2064.55 1211024784
2984.49 2121.51 1211024828
3255.73 1845.68 1211024884
3587.24 2156.13 1211024942
3577.49 2157.24 1211025003
3559.76 1933.9 1211025064
3197.22 1491.7 1211025124
3082.88 1234.87 1211025185
3342.59 971.359 1211025211
3154.68 682.172 1211025271
2769.98 662.075 1211025331
2428.72 626.346 1211025391
1872.07 586.151 1211025452
1441.28 561.588 1211025513
1221.45 528.092 1211025573
799.528 505.762 1211025633
599.203 793.826 1211025694
592.998 858.586 1211025727
483.971 1223.71 1211025787
447.629 1512.91 1211025851
435.22 1624.58 1211025908
378.49 1948.42 1211025968
310.238 2344.86 1211026015
278.328 2559.28 1211026075
273.009 2570.44 1211026085
454.72 2329.22 1211026145
561.974 1679.3 1211026205
645.295 1565.4 1211026270
1077.86 1329.79 1211026326
2350.72 989.224 1211026386
2862.17 -408.606 1211026454
2597.14 -1893.26 1211026485
2828.48 -3398.85 1211026536
3244.2 -4823.83 1211026571
3687.4 -6283.14 1211026615
3950.66 -7748.88 1211026653
4182.01 -9232.21 1211026696
3450.73 -10533.5 1211026739
2543.07 -11738.8 1211026786
2567 -12425.5 1211026809
2808.1 -13933.6 1211026861
3072.24 -15312.2 1211026922
3833.66 -16231.4 1211026969
4540.11 -15948.4 1211027029
4369.04 -15852.6 1211027090
4357.52 -15868.2 1211027150
4275.08 -15908.3 1211027184
4273.31 -15910.5 1211027189
4140.35 -16075.5 1211027245
2934.85 -14043.9 1211027359
2885.21 -13842.2 1211027414
2583.84 -12331.8 1211027467
3049.2 -10919.3 1211027520
4011.82 -9770.82 1211027567
4071.21 -8287.59 1211027621
3803.52 -6792.94 1211027673
3042.99 -3982.48 1211027777
2841.78 -3316.27 1211027837
3524.3 -1849.73 1211027865
3856.7 -366.184 1211027920
3641.31 444.354 1211027981
3626.24 521.393 1211028041
3628.01 514.694 1211028101
3576.6 564.937 1211028161
3020.83 552.656 1211028221
2645.89 646.443 1211028297
2437.58 617.414 1211028318
2019.21 593.967 1211028378
1519.28 561.588 1211028443
1235.63 537.024 1211028509
727.73 677.706 1211028558
597.43 943.445 1211028618
592.998 976.942 1211028645
592.998 975.825 1211028649
463.584 1345.42 1211028711
416.605 1605.6 1211028767
390.9 1806.6 1211028805
358.103 2019.89 1211028856
296.056 2357.14 1211028903
238.44 2722.33 1211028959
188.802 3075.25 1211029019
-0.886394 3153.43 1211029139
-15.0687 3155.66 1211029199
-10.6367 3159.01 1211029275
-10.6367 3161.25 1211029328
-7.97755 3156.78 1211029379
7.09116 3157.9 1211029439
-10.6367 3155.66 1211029499
-17.7279 3167.95 1211029552
-435.22 3210.39 1211029609
-491.949 3599.07 1211029670
-999.853 4029.1 1211029791
-827.006 4306.12 1211029856
-642.636 4326.22 1211029873
-384.695 4607.72 1211029933
-270.35 4874.7 1211029993
-288.965 4897.05 1211030026
-59.3884 4550.75 1211030093
694.933 4535.11 1211030146
786.232 3941.98 1211030206
837.643 3676.14 1211030266
901.463 3279.64 1211030305
1035.31 2458.77 1211030365
1158.52 1681.53 1211030426
1369.48 1254.97 1211030493
1512.19 1038.35 1211030546
2650.32 861.936 1211030606
2885.21 -593.924 1211030658
2492.54 -2089.71 1211030704
2895.85 -3593.03 1211030751
3344.37 -5063.71 1211030795
3729.06 -6510.71 1211030842
3991.43 -7977.53 1211030882
4127.05 -9470.85 1211030927
3296.5 -10701.9 1211030972
2542.18 -11991.8 1211031022
2672.48 -13481.1 1211031060
2966.76 -14966.7 1211031111
3643.97 -16290.5 1211031161
4530.36 -16084.4 1211031226
4346.88 -15858.2 1211031286
4346.88 -15858.2 1211031290
4346.88 -15858.2 1211031361
4346.88 -15858.2 1211031362
4252.92 -15933.9 1211031422
3616.49 -16251.5 1211031492
3043.88 -14904.3 1211031543
2700.84 -13435.4 1211031603
2558.13 -11946.1 1211031655
3332.84 -10677.4 1211031711
4166.05 -9402.83 1211031761
4001.18 -7893.88 1211031821
3735.27 -6408.08 1211031866
3319.55 -4961.07 1211031919
2923.33 -3530.53 1211031972
3259.27 -2186.81 1211032025
3943.57 -864.078 1211032070
3822.13 448.82 1211032131
3334.62 544.84 1211032191
2924.22 665.424 1211032253
2678.68 648.676 1211032311
2192.05 610.714 1211032371
1795.84 711.202 1211032433
1399.62 830.672 1211032492
1363.27 932.279 1211032558
1366.82 932.279 1211032613
1377.46 916.647 1211032681
1369.48 924.463 1211032734
1360.62 923.346 1211032795
1357.96 924.463 1211032856
1397.84 775.961 1211032917
1447.48 196.495 1211032977
1478.51 -333.808 1211033049
1497.12 -587.225 1211033059
1623.87 -876.357 1211033124
1918.16 -825.006 1211033180
1927.02 -818.308 1211033239
1903.98 -685.464 1211033303
2065.3 -284.687 1211033360
2052.89 -49.1231 1211033420
2008.57 486.782 1211033481
1986.41 811.691 1211033542
2005.91 1035 1211033603
2287.78 1005.97 1211033663
2928.65 1209.19 1211033724
2935.74 1227.06 1211033784
2928.65 1225.94 1211033854
2934.85 1224.82 1211033910
3437.44 875.334 1211033966
3642.19 427.607 1211034025
3829.22 -526.942 1211034085
3765.4 -1134.22 1211034146
3620.03 -913.196 1211034206
3579.26 -974.593 1211034266
3585.47 -982.407 1211034326
3575.72 -985.756 1211034387
3615.6 -989.105 1211034447
3698.04 -925.475 1211034508
3698.04 -924.359 1211034575
3695.38 -926.591 1211034625
3698.04 -924.359 1211034685
3696.26 -925.475 1211034745
3697.15 -927.708 1211034805
3696.26 -925.475 1211034870
3690.06 -919.893 1211034926
3697.15 -926.591 1211034986
3698.04 -927.708 1211035046
3699.81 -924.359 1211035107
3699.81 -921.01 1211035167
