3714.88 -1029.29 1211233501
3670.56 -915.428 1211233561
3683.86 -942.22 1211233629
3685.63 -944.452 1211233692
3685.63 -935.522 1211233748
3683.86 -941.103 1211233808
3682.08 -947.801 1211233864
3682.08 -947.801 1211233924
3683.86 -944.452 1211233984
3684.74 -942.22 1211234044
3687.4 -937.754 1211234104
3688.29 -939.987 1211234164
3690.95 -935.522 1211234224
3687.4 -939.987 1211234285
3685.63 -943.336 1211234345
3685.63 -943.336 1211234412
3685.63 -943.336 1211234466
3684.74 -944.452 1211234531
3688.29 -938.871 1211234586
3690.06 -936.638 1211234646
3690.06 -936.638 1211234706
3685.63 -942.22 1211234766
3684.74 -941.103 1211234826
3684.74 -941.103 1211234886
3685.63 -941.103 1211234947
3685.63 -942.22 1211235009
3684.74 -942.22 1211235069
3682.97 -943.336 1211235134
3682.97 -944.452 1211235190
3682.97 -945.569 1211235266
3682.97 -946.685 1211235327
3682.97 -946.685 1211235371
3684.74 -944.452 1211235432
3684.74 -943.336 1211235491
3684.74 -943.336 1211235551
3684.74 -943.336 1211235612
3683.86 -945.569 1211235678
3682.97 -946.685 1211235734
3682.97 -946.685 1211235795
3682.97 -945.569 1211235855
3683.86 -944.452 1211235915
3683.86 -943.336 1211235976
3684.74 -943.336 1211236036
3683.86 -944.452 1211236096
3682.08 -946.685 1211236162
3682.97 -946.685 1211236223
3682.97 -945.569 1211236286
3682.97 -945.569 1211236336
3682.97 -944.452 1211236397
3682.08 -943.336 1211236457
3682.08 -944.452 1211236517
3683.86 -944.452 1211236577
3683.86 -943.336 1211236637
3684.74 -942.22 1211236692
3684.74 -942.22 1211236752
3683.86 -941.103 1211236812
3686.51 -941.103 1211236873
3685.63 -942.22 1211236944
3683.86 -942.22 1211236993
3682.97 -942.22 1211237053
3682.97 -942.22 1211237114
3682.97 -944.452 1211237174
3682.08 -944.452 1211237234
3682.08 -945.569 1211237295
3682.97 -944.452 1211237358
3694.49 -961.197 1211237419
3691.83 -915.428 1211237474
3649.29 -979.058 1211237536
3636.88 -919.893 1211237603
3639.54 -918.777 1211237656
3640.42 -918.777 1211237716
3640.42 -919.893 1211237787
3637.76 -918.777 1211237837
3636.88 -917.661 1211237897
3636.88 -918.777 1211237957
3637.76 -918.777 1211238017
3638.65 -917.661 1211238077
3638.65 -918.777 1211238139
3638.65 -918.777 1211238197
3639.54 -918.777 1211238262
3640.42 -916.544 1211238317
3640.42 -918.777 1211238377
3640.42 -918.777 1211238437
3640.42 -919.893 1211238498
3639.54 -919.893 1211238559
3638.65 -918.777 1211238620
3638.65 -918.777 1211238680
3637.76 -918.777 1211238741
3637.76 -919.893 1211238801
3641.31 -924.359 1211238862
3638.65 -921.01 1211238922
3637.76 -919.893 1211238989
3638.65 -917.661 1211239044
3638.65 -921.01 1211239104
3638.65 -921.01 1211239164
3635.1 -918.777 1211239230
3635.1 -918.777 1211239290
3636.88 -918.777 1211239346
3636.88 -919.893 1211239406
3637.76 -921.01 1211239466
3636.88 -921.01 1211239531
3636.88 -921.01 1211239585
3638.65 -923.242 1211239640
3636.88 -923.242 1211239701
3635.99 -923.242 1211239761
3632.44 -923.242 1211239821
3633.33 -921.01 1211239882
3634.22 -923.242 1211239943
3636.88 -922.126 1211240003
3638.65 -921.01 1211240064
3638.65 -923.242 1211240124
3637.76 -925.475 1211240185
3636.88 -925.475 1211240245
3636.88 -924.359 1211240311
3636.88 -925.475 1211240366
3636.88 -925.475 1211240432
3659.92 -956.732 1211240486
3663.47 -957.848 1211240546
3660.81 -953.383 1211240612
3667.9 -963.43 1211240667
3671.45 -965.662 1211240737
3670.56 -962.313 1211240788
3667.9 -958.964 1211240854
3673.22 -963.43 1211240909
3654.6 -942.22 1211240970
3651.95 -938.871 1211241030
3635.99 -924.359 1211241091
3635.99 -923.242 1211241153
3635.99 -923.242 1211241213
3635.99 -923.242 1211241274
3635.99 -924.359 1211241334
3635.99 -924.359 1211241357
3635.99 -924.359 1211241449
3636.88 -924.359 1211241510
3636.88 -923.242 1211241580
3636.88 -923.242 1211241630
3635.99 -922.126 1211241690
3635.1 -922.126 1211241751
3635.99 -923.242 1211241816
3636.88 -924.359 1211241877
3636.88 -924.359 1211241938
3637.76 -923.242 1211242002
3639.54 -918.777 1211242059
3636.88 -921.01 1211242118
3636.88 -921.01 1211242174
3636.88 -923.242 1211242240
3636.88 -922.126 1211242300
3637.76 -918.777 1211242355
3637.76 -919.893 1211242420
3636.88 -921.01 1211242480
3635.99 -922.126 1211242541
3635.1 -921.01 1211242597
3635.1 -922.126 1211242655
3635.99 -921.01 1211242716
3635.99 -921.01 1211242776
3637.76 -923.242 1211242836
3636.88 -921.01 1211242896
3635.99 -921.01 1211242960
3635.1 -922.126 1211243017
3635.1 -921.01 1211243076
3635.99 -922.126 1211243131
3636.88 -922.126 1211243180
3637.76 -922.126 1211243240
3637.76 -921.01 1211243316
3637.76 -919.893 1211243363
3640.42 -916.544 1211243423
3637.76 -924.359 1211243484
3635.1 -926.591 1211243544
3632.44 -927.708 1211243605
3631.56 -927.708 1211243665
3631.56 -929.94 1211243726
3631.56 -932.173 1211243796
3632.44 -929.94 1211243847
3633.33 -929.94 1211243908
3633.33 -929.94 1211243968
3633.33 -931.057 1211244015
3633.33 -931.057 1211244075
3632.44 -929.94 1211244136
3632.44 -932.173 1211244195
3632.44 -934.405 1211244256
3631.56 -934.405 1211244291
3632.44 -933.289 1211244351
3632.44 -931.057 1211244411
3632.44 -932.173 1211244471
3632.44 -932.173 1211244531
3632.44 -933.289 1211244591
3631.56 -934.405 1211244651
3630.67 -935.522 1211244713
3630.67 -935.522 1211244777
3630.67 -932.173 1211244837
3632.44 -929.94 1211244892
3632.44 -929.94 1211244952
3632.44 -929.94 1211245012
3633.33 -931.057 1211245073
3632.44 -932.173 1211245133
3632.44 -932.173 1211245193
3634.22 -924.359 1211245253
3631.56 -933.289 1211245313
3632.44 -932.173 1211245373
3632.44 -932.173 1211245438
3633.33 -929.94 1211245553
3635.1 -923.242 1211245613
3635.99 -919.893 1211245676
3635.99 -922.126 1211245751
3635.1 -925.475 1211245794
3635.1 -925.475 1211245855
3635.1 -923.242 1211245915
3635.1 -924.359 1211245976
3635.1 -924.359 1211246036
3635.99 -925.475 1211246097
3635.99 -924.359 1211246157
3635.1 -924.359 1211246217
3635.1 -924.359 1211246277
3635.99 -925.475 1211246339
3635.1 -924.359 1211246397
3635.1 -924.359 1211246462
3635.1 -924.359 1211246522
3635.99 -923.242 1211246578
3635.99 -923.242 1211246638
3635.99 -923.242 1211246698
3635.99 -924.359 1211246758
3635.99 -923.242 1211246818
3636.88 -923.242 1211246878
3635.99 -923.242 1211246938
3635.99 -923.242 1211246999
3635.99 -922.126 1211247059
3635.99 -922.126 1211247121
3635.99 -922.126 1211247180
3635.99 -922.126 1211247247
3636.88 -924.359 1211247303
3636.88 -924.359 1211247323
3636.88 -924.359 1211247338
3635.99 -923.242 1211247383
3635.99 -923.242 1211247444
3636.88 -923.242 1211247503
3635.1 -924.359 1211247563
3635.1 -923.242 1211247623
3635.99 -923.242 1211247688
3635.99 -923.242 1211247743
3635.1 -924.359 1211247803
3635.99 -923.242 1211247863
3635.99 -923.242 1211247928
3635.99 -923.242 1211247985
3635.1 -923.242 1211248045
3630.67 -925.475 1211248105
3634.22 -925.475 1211248166
3636.88 -922.126 1211248237
3635.99 -922.126 1211248286
3635.1 -922.126 1211248346
3635.1 -922.126 1211248406
3634.22 -923.242 1211248464
3633.33 -922.126 1211248524
3634.22 -923.242 1211248584
3635.1 -922.126 1211248644
3635.99 -921.01 1211248713
3635.99 -922.126 1211248764
3635.1 -923.242 1211248830
3634.22 -923.242 1211248880
3635.1 -923.242 1211248940
3634.22 -923.242 1211249000
3634.22 -923.242 1211249060
3634.22 -923.242 1211249131
3633.33 -924.359 1211249245
3632.44 -926.591 1211249305
3632.44 -926.591 1211249365
3633.33 -925.475 1211249426
3634.22 -919.893 1211249481
3635.99 -924.359 1211249541
3634.22 -919.893 1211249601
3635.99 -921.01 1211249735
3635.99 -922.126 1211249785
3635.99 -923.242 1211249841
3635.99 -922.126 1211249902
3639.54 -921.01 1211249967
3639.54 -924.359 1211250022
3639.54 -923.242 1211250083
3639.54 -923.242 1211250143
3637.76 -922.126 1211250204
3638.65 -923.242 1211250264
3639.54 -924.359 1211250324
3638.65 -924.359 1211250384
3637.76 -923.242 1211250444
3638.65 -923.242 1211250509
3639.54 -923.242 1211250564
3638.65 -924.359 1211250624
3638.65 -924.359 1211250689
3639.54 -923.242 1211250756
3639.54 -922.126 1211250805
3637.76 -923.242 1211250865
3638.65 -922.126 1211250936
3637.76 -922.126 1211250987
3628.9 -916.544 1211251060
3635.1 -921.01 1211251107
3635.99 -922.126 1211251167
3635.99 -922.126 1211251232
3639.54 -922.126 1211251298
3638.65 -922.126 1211251347
3638.65 -922.126 1211251362
3642.19 -924.359 1211251411
3641.31 -921.01 1211251473
3640.42 -922.126 1211251543
3638.65 -923.242 1211251588
3638.65 -922.126 1211251648
3637.76 -922.126 1211251709
3636.88 -922.126 1211251770
3639.54 -921.01 1211251830
3635.99 -921.01 1211251890
3635.99 -921.01 1211251950
3637.76 -923.242 1211252010
3638.65 -922.126 1211252070
3639.54 -922.126 1211252103
3639.54 -922.126 1211252163
3639.54 -921.01 1211252224
3639.54 -921.01 1211252284
3637.76 -921.01 1211252344
3638.65 -921.01 1211252410
3639.54 -923.242 1211252466
3641.31 -923.242 1211252527
3641.31 -924.359 1211252587
3638.65 -921.01 1211252653
3639.54 -921.01 1211252706
3643.08 -925.475 1211252766
3636.88 -922.126 1211252826
3640.42 -923.242 1211252891
3639.54 -924.359 1211252951
3638.65 -923.242 1211253019
3639.54 -924.359 1211253072
3637.76 -925.475 1211253127
3635.99 -923.242 1211253188
3636.88 -923.242 1211253248
3638.65 -924.359 1211253309
3640.42 -924.359 1211253384
3641.31 -925.475 1211253429
3636.88 -927.708 1211253490
3609.4 -986.872 1211253550
3609.4 -990.221 1211253613
3607.63 -987.988 1211253676
3323.98 -1168.83 1211253731
2477.47 -1300.55 1211253792
1829.52 -1325.1 1211253853
1561.83 -1257.01 1211253916
1505.1 -541.455 1211253973
1371.25 -168.58 1211254034
1265.77 155.186 1211254098
1229.43 521.393 1211254154
909.441 532.558 1211254182
604.521 831.789 1211254242
953.76 1172.34 1211254304
1179.79 1392.32 1211254364
1250.7 1889.23 1211254431
1148.77 1880.3 1211254462
412.173 1798.78 1211254521
407.741 1738.48 1211254534
373.172 1938.37 1211254600
327.08 2211.96 1211254655
262.373 2609.53 1211254716
491.949 2830.66 1211254786
947.556 2921.12 1211254838
1368.59 2965.8 1211254896
1670.85 3010.47 1211254956
1807.36 3231.61 1211255022
2371.99 3332.13 1211255076
2652.98 3362.29 1211255144
2659.18 3382.39 1211255197
2659.18 3375.69 1211255257
2657.41 3391.33 1211255317
2664.5 3387.97 1211255382
2798.35 3641.51 1211255443
3042.11 3652.68 1211255497
2991.58 3844.8 1211255557
2971.19 4076.01 1211255586
3171.52 3573.38 1211255646
3187.47 3409.2 1211255706
2652.09 2914.42 1211255781
2016.55 2568.21 1211255827
1365.93 2412.98 1211255892
933.373 2375.01 1211255958
223.371 2237.65 1211256004
-675.433 2122.62 1211256065
-1451.91 1996.43 1211256124
-1669.08 1526.31 1211256184
-1981.09 813.924 1211256247
-2381.74 674.356 1211256305
-3014.63 630.812 1211256365
-3667.01 595.083 1211256426
-3779.59 542.607 1211256486
-3760.97 127.275 1211256548
-3760.09 -29.0273 1211256617
-3744.13 -51.356 1211256679
-3768.06 419.792 1211256733
-3428.57 599.549 1211256794
-2498.75 650.909 1211256848
-1667.31 671.007 1211256908
-1470.53 315.958 1211256968
-1079.63 170.817 1211257028
-530.064 214.359 1211257088
-2.65918 247.853 1211257149
169.301 380.714 1211257209
749.89 493.481 1211257270
995.421 512.461 1211257330
1250.7 535.908 1211257391
1259.57 537.024 1211257406
1337.57 553.772 1211257421
1437.73 197.612 1211257481
1076.97 160.769 1211257541
370.513 107.179 1211257601
231.349 415.326 1211257661
118.777 363.967 1211257704
118.777 363.967 1211257705
238.44 449.937 1211257751
723.298 493.481 1211257812
860.689 -101.595 1211257872
889.94 -452.145 1211257932
1024.67 -797.098 1211257992
1021.13 -812.727 1211258062
1029.1 -848.449 1211258081
1029.99 -861.845 1211258084
1136.36 -884.171 1211258147
1085.83 -238.914 1211258206
1037.97 443.238 1211258257
797.755 691.104 1211258321
588.566 930.046 1211258379
454.72 1384.5 1211258439
405.969 1694.93 1211258500
374.945 1754.11 1211258538
380.263 1750.76 1211258599
247.304 1940.6 1211258664
788.891 2026.59 1211258720
1013.15 2278.97 1211258780
1192.2 2306.89 1211258840
1464.32 2347.09 1211258901
2215.1 2544.76 1211258972
2338.31 2676.54 1211259026
2348.95 2668.72 1211259087
2348.95 2667.61 1211259146
2340.08 2665.37 1211259204
2420.74 2629.63 1211259264
2698.18 2894.32 1211259325
2735.41 3057.38 1211259372
2735.41 3046.21 1211259432
2729.21 3059.61 1211259493
2733.64 3047.33 1211259553
2727.44 3049.56 1211259620
2730.98 3037.28 1211259675
2736.3 3018.29 1211259736
2606.89 2860.81 1211259801
2217.76 2582.73 1211259856
2293.1 2694.41 1211259916
2293.99 2587.2 1211259976
2180.53 2565.98 1211259998
1784.31 2411.86 1211260070
1833.06 2063.44 1211260120
2184.96 1732.9 1211260180
2183.19 1730.66 1211260240
2363.13 1576.56 1211260271
2585.61 1327.55 1211260331
2737.19 1179.04 1211260391
3048.31 1268.37 1211260456
3543.8 763.679 1211260512
3380.71 551.539 1211260573
3000.45 807.225 1211260639
2906.49 986.991 1211260682
2902.94 993.69 1211260711
2907.37 990.341 1211260766
2903.83 986.991 1211260871
2902.94 991.457 1211260932
2902.94 990.341 1211260993
2903.83 992.574 1211261010
2983.6 811.691 1211261070
2901.17 1013.79 1211261108
2899.4 1029.42 1211261110
3191.91 1482.76 1211261170
3714.88 1993.08 1211261230
3877.98 2169.53 1211261291
3898.36 2395.11 1211261356
3765.4 2534.71 1211261389
3496.83 2803.86 1211261452
3419.71 2905.49 1211261483
3337.28 3326.55 1211261540
3403.75 3319.84 1211261601
3423.26 3322.08 1211261680
3429.46 3327.66 1211261681
3146.7 3068.55 1211261741
2877.24 3031.69 1211261803
2538.63 3482.91 1211261861
1702.76 3346.65 1211261922
1226.77 3276.29 1211261982
1095.58 3965.43 1211262048
1006.94 4491.55 1211262102
428.129 4512.77 1211262169
-81.5483 4431.23 1211262227
-273.009 4393.25 1211262282
-266.805 4387.66 1211262312
-266.805 4387.66 1211262323
-95.7306 4418.94 1211262325
955.533 4570.86 1211262385
1036.2 4204.47 1211262450
933.373 4168.73 1211262485
924.509 4167.61 1211262486
643.522 4124.04 1211262546
338.603 3972.13 1211262606
-176.392 3893.95 1211262667
-286.305 4170.96 1211262712
-591.225 4356.38 1211262772
-599.203 4359.74 1211262832
-600.089 4356.38 1211262892
-595.657 4360.85 1211262953
-599.203 4359.74 1211263013
-605.407 4368.67 1211263078
-600.089 4367.55 1211263133
-594.771 4355.27 1211263194
-592.111 4364.2 1211263254
-580.588 4366.44 1211263319
-579.702 4366.44 1211263385
-569.952 4368.67 1211263440
-576.156 4367.55 1211263506
-618.703 4397.71 1211263512
-327.08 4494.9 1211263572
-207.416 4516.12 1211263598
-173.733 4414.47 1211263622
-7.09116 4270.37 1211263691
-9.75034 4263.67 1211263738
0 4263.67 1211263798
-0.886394 4265.91 1211263828
169.301 4460.27 1211263888
956.42 4583.15 1211263948
1093.81 4897.05 1211264008
1325.16 5187.5 1211264068
1325.16 5188.62 1211264096
1325.16 5188.62 1211264099
1325.16 5190.85 1211264158
1341.11 5098.13 1211264187
1237.41 4959.6 1211264248
1139.9 4556.34 1211264317
1215.25 4118.46 1211264373
1218.79 3995.59 1211264428
1219.68 3995.59 1211264473
1233.86 3996.71 1211264476
1118.63 3882.78 1211264535
912.986 3838.1 1211264595
626.681 4023.52 1211264661
319.102 4173.19 1211264715
5.31837 4217.87 1211264781
-190.575 4415.59 1211264836
-284.533 4399.95 1211264842
-639.977 4548.52 1211264908
-585.02 4141.92 1211264973
-509.677 3656.03 1211265024
-734.821 3573.38 1211265084
-734.821 3573.38 1211265090
-915.645 3544.34 1211265150
-874.871 3342.18 1211265210
-991.875 3041.74 1211265270
-416.605 3115.46 1211265332
163.983 3194.75 1211265397
23.9326 3146.73 1211265452
14.1823 3390.21 1211265513
13.2959 3386.86 1211265573
13.2959 3391.33 1211265633
14.1823 3392.44 1211265693
14.1823 3394.68 1211265757
14.1823 3391.33 1211265813
15.0687 3391.33 1211265830
150.687 3305.32 1211265892
380.263 2917.77 1211265950
803.073 3001.54 1211266010
810.165 3012.7 1211266070
811.937 3007.12 1211266131
813.71 3007.12 1211266170
808.392 3007.12 1211266172
647.068 3054.03 1211266232
601.862 3174.65 1211266293
188.802 3108.75 1211266353
177.279 3121.04 1211266413
217.167 2838.48 1211266474
554.883 2841.83 1211266535
959.965 2915.54 1211266595
1238.29 3004.89 1211266664
1392.53 3196.99 1211266715
1997.93 3303.09 1211266777
2138.87 3322.08 1211267046
2151.28 3317.61 1211267055
2447.34 3346.65 1211267056
2565.23 3259.53 1211267078
2357.81 3147.84 1211267151
2444.68 2898.79 1211267208
2506.72 2827.31 1211267258
2469.49 2733.5 1211267318
2467.72 2731.26 1211267335
2230.17 2456.53 1211267381
1927.02 2158.36 1211267442
1837.5 2063.44 1211267503
1726.7 1995.32 1211267563
1859.66 1573.21 1211267624
2668.93 829.556 1211267684
2816.08 -327.11 1211267746
2621.07 -1843.03 1211267777
1841.04 -3109.81 1211267837
359.876 -3108.69 1211267887
-944.896 -3806.17 1211267937
-1521.05 -4119.74 1211267997
-2143.3 -3953.47 1211268057
-2346.29 -3904.37 1211268110
-2347.17 -3903.25 1211268117
-2001.48 -3989.18 1211268176
-1732.01 -4075.1 1211268240
-1039.74 -4153.21 1211268292
-413.06 -4100.77 1211268355
-0.886394 -4050.55 1211268423
184.37 -3788.32 1211268473
503.472 -3366.49 1211268534
994.535 -2691.29 1211268599
1088.49 -2240.39 1211268662
1314.52 -1796.15 1211268719
1490.03 -1464.64 1211268774
1461.66 -1499.24 1211268832
1461.66 -1498.12 1211268835
1243.61 -1921.16 1211268895
1020.24 -2584.15 1211268961
538.928 -3307.34 1211269016
244.645 -3680.07 1211269077
71.7979 -4194.5 1211269137
410.401 -4521.44 1211269198
396.218 -4547.11 1211269258
368.74 -4588.39 1211269292
326.193 -4577.23 1211269295
323.534 -4346.26 1211269355
-1.77279 -4144.29 1211269416
132.073 -3875.36 1211269476
382.922 -3512.68 1211269546
919.191 -2837.49 1211269598
1044.17 -2384.36 1211269657
1256.02 -1913.35 1211269717
1394.3 -1520.45 1211269777
1372.14 -1366.41 1211269839
1315.41 -654.207 1211269898
1283.5 -202.073 1211269959
1264 32.3768 1211270019
1199.29 755.864 1211270081
1419.12 912.181 1211270146
1762.15 936.745 1211270205
2120.26 1511.8 1211270271
2497.86 1887 1211270320
2537.75 2184.04 1211270380
2471.27 2270.03 1211270440
2467.72 2292.37 1211270500
2529.77 2467.7 1211270561
2778.85 2721.21 1211270600
2942.83 2963.56 1211270661
2968.53 3252.83 1211270695
3205.2 3379.04 1211270756
3362.09 3618.06 1211270816
3716.65 3726.4 1211270877
3722.86 3878.31 1211270937
3294.73 4119.58 1211270998
3097.06 4126.28 1211271058
3139.61 3876.07 1211271097
3228.25 3519.77 1211271156
2961.44 3355.58 1211271221
2688.43 2924.47 1211271282
2672.48 2829.54 1211271303
2294.88 2437.55 1211271363
1873.84 2089.12 1211271423
1641.6 1952.88 1211271483
1440.39 1924.97 1211271548
912.986 1728.43 1211271603
264.146 1627.93 1211271664
-461.812 1495.05 1211271724
-690.501 1157.83 1211271783
-694.047 1162.29 1211271829
-694.933 1162.29 1211271830
-152.46 1237.11 1211271890
398.877 1326.44 1211271953
577.929 1559.81 1211272011
541.587 1770.86 1211272071
522.973 2205.26 1211272136
885.508 2266.68 1211272191
1193.09 2313.59 1211272251
1336.68 2318.05 1211272311
1907.52 2442.01 1211272371
2198.26 2587.2 1211272431
2029.84 2775.94 1211272491
2013 2802.74 1211272553
2119.37 2469.93 1211272613
2200.03 2586.08 1211272663
2087.46 2512.37 1211272723
2218.65 2546.99 1211272783
2202.69 2593.9 1211272795
2158.37 3079.72 1211272853
1830.4 3152.31 1211272913
1272.86 3060.73 1211272973
1100.9 3043.98 1211273033
846.507 2999.3 1211273099
620.476 3132.21 1211273154
489.29 3159.01 1211273214
166.642 3208.16 1211273276
97.5034 3630.35 1211273334
74.4571 3804.59 1211273365
21.2735 4112.87 1211273426
-26.5918 4404.42 1211273486
-43.4333 4512.77 1211273542
109.027 4473.67 1211273602
1007.83 4444.63 1211273662
1172.7 3404.73 1211273723
1295.02 2659.79 1211273783
1342 2473.28 1211273848
1394.3 2036.64 1211273915
1496.23 1469.36 1211273964
1559.17 1116.51 1211274025
2093.66 1036.12 1211274084
2638.8 -136.204 1211274144
2705.28 -1647.7 1211274194
2223.96 -2843.07 1211274254
1949.18 -2998.2 1211274314
1949.18 -2998.2 1211274322
1123.95 -3160.03 1211274373
964.397 -2910.04 1211274430
1033.54 -2810.71 1211274451
1079.63 -2263.82 1211274532
1139.9 -2136.58 1211274584
694.047 -3115.39 1211274645
298.715 -3601.95 1211274699
633.772 -3821.79 1211274759
432.56 -4159.91 1211274825
124.982 -4674.31 1211274881
-62.934 -5121.73 1211274945
108.14 -5353.8 1211275000
21.2735 -5411.82 1211275060
-53.1837 -5149.63 1211275120
-70.9116 -5098.3 1211275152
-114.345 -5075.99 1211275154
-386.468 -4740.14 1211275214
-20.3871 -4133.13 1211275274
378.49 -3520.49 1211275340
944.896 -2806.24 1211275395
1044.17 -2470.31 1211275457
1198.41 -2032.78 1211275517
1412.91 -1610.86 1211275579
1533.46 -1349.66 1211275643
1536.12 -1060.55 1211275704
1321.61 -729.002 1211275764
1276.41 -144.019 1211275824
1225.88 515.811 1211275879
849.166 510.228 1211275939
265.032 468.917 1211275999
401.537 825.089 1211276059
318.216 1305.22 1211276119
-132.959 1384.5 1211276179
-165.756 1555.35 1211276240
-255.282 2120.39 1211276300
-321.761 2534.71 1211276332
-402.423 3035.04 1211276391
-479.539 3482.91 1211276451
-538.041 3857.09 1211276511
-598.316 4241.33 1211276571
-602.748 4375.37 1211276632
-611.612 4387.66 1211276692
-596.543 4387.66 1211276753
-599.203 4384.31 1211276819
-604.521 4382.08 1211276874
-607.18 4384.31 1211276934
-600.975 4380.96 1211276995
-604.521 4385.43 1211277054
-606.294 4385.43 1211277114
-600.975 4380.96 1211277174
-604.521 4370.91 1211277234
-351.899 4492.66 1211277295
-21.2735 4423.41 1211277355
-0.886394 4229.04 1211277416
136.505 4139.68 1211277484
573.497 4214.52 1211277529
803.96 4248.03 1211277590
1168.27 4405.53 1211277650
1103.56 4819.97 1211277710
1150.54 5167.39 1211277770
1518.39 5128.29 1211277835
1858.77 4830.02 1211277890
2330.33 4407.77 1211277958
2439.36 4327.34 1211278016
2562.57 4218.99 1211278071
2832.03 4173.19 1211278131
3099.72 3944.21 1211278191
3171.52 3843.68 1211278251
3222.93 3735.34 1211278271
3107.7 3489.61 1211278331
3120.99 3689.54 1211278391
3405.53 3269.58 1211278451
3171.52 3647.1 1211278508
2802.78 3601.31 1211278569
2137.98 3523.12 1211278632
1928.79 3698.48 1211278690
1929.68 3698.48 1211278698
1930.57 3701.83 1211278755
1930.57 3701.83 1211278756
1944.75 3503.02 1211278816
1425.32 3414.78 1211278876
1379.23 3022.76 1211278936
1806.47 2822.84 1211279002
2311.72 2866.4 1211279060
2661.84 2603.95 1211279120
3096.18 2415.21 1211279180
3329.3 2197.45 1211279241
3576.6 1914.92 1211279302
3261.93 1552 1211279363
2759.35 1560.93 1211279423
2356.04 1474.95 1211279484
2148.62 1519.61 1211279544
1691.24 1920.5 1211279606
1378.34 1608.95 1211279665
1262.23 1496.16 1211279707
979.466 1212.54 1211279765
624.022 860.819 1211279825
583.248 848.537 1211279848
630.226 332.705 1211279909
868.667 -205.422 1211279970
959.079 -570.48 1211280033
1314.52 -760.259 1211280096
1316.3 -803.796 1211280152
1323.39 -852.914 1211280158
938.692 -926.591 1211280219
896.145 -430.934 1211280278
867.78 -3.34931 1211280338
1035.31 159.652 1211280399
1224.11 516.927 1211280459
730.389 494.597 1211280521
449.402 666.541 1211280581
585.02 962.426 1211280643
571.724 1117.63 1211280663
600.089 1401.25 1211280716
177.279 1400.13 1211280781
62.934 1378.92 1211280870
91.2986 1383.38 1211280914
418.378 1538.6 1211280972
1036.2 1556.46 1211281031
2172.55 1028.3 1211281092
2691.98 -193.142 1211281152
2901.17 -811.61 1211281173
2455.31 -2219.18 1211281218
2914.46 -3670.03 1211281263
3375.39 -5112.81 1211281307
3741.47 -6584.34 1211281355
4010.05 -8081.26 1211281401
4087.16 -9571.22 1211281449
3218.5 -10774.4 1211281495
2540.41 -12104.4 1211281542
2716.8 -13605.9 1211281596
2997.79 -15067 1211281635
3756.54 -16256 1211281695
4478.95 -16198 1211281755
4477.18 -16201.4 1211281813
4497.57 -16179.1 1211281823
4151.87 -16067.7 1211281884
3221.16 -15569.6 1211281939
2940.17 -14103 1211281993
2602.45 -12633.9 1211282044
2812.53 -11138.9 1211282095
3841.63 -10037.3 1211282142
4119.07 -8567.53 1211282192
3855.82 -7099.7 1211282246
3590.78 -5621.57 1211282288
3118.34 -4215.7 1211282336
2780.62 -2741.51 1211282386
3695.38 -1555.05 1211282435
3855.82 -58.0546 1211282487
3341.71 1348.77 1211282544
2952.58 1766.4 1211282604
2648.55 2077.96 1211282664
2604.23 2115.92 1211282717
2396.81 2309.12 1211282778
2220.42 2679.89 1211282838
2211.55 2573.79 1211282898
2171.67 2821.73 1211282959
2330.33 2620.7 1211283019
2451.77 2665.37 1211283080
2709.71 2897.67 1211283140
2968.53 3163.48 1211283200
3026.15 3460.57 1211283260
3523.42 3441.59 1211283323
3555.33 3339.95 1211283381
2882.55 3259.53 1211283441
2406.56 3249.48 1211283501
1671.74 3115.46 1211283561
1524.6 2792.69 1211283622
1739.11 2717.86 1211283682
1920.82 2484.45 1211283743
1795.84 2334.81 1211283803
1645.15 2360.49 1211283834
1638.06 2398.46 1211283835
1742.65 2692.18 1211283895
1763.92 2387.29 1211283960
1646.03 2315.82 1211283998
1692.13 2385.06 1211284028
1923.48 2009.84 1211284081
2364.9 1747.41 1211284141
2666.27 2048.92 1211284201
3027.92 2075.72 1211284261
3276.11 1823.35 1211284322
3034.13 1323.09 1211284382
2746.94 1074.08 1211284443
2494.31 1019.37 1211284503
2232.83 1037.24 1211284564
2002.37 1091.95 1211284593
1725.81 1027.19 1211284654
1387.21 938.978 1211284714
1359.73 926.696 1211284774
1357.96 922.23 1211284835
1357.96 919.997 1211284896
1357.07 921.113 1211284956
1401.39 909.948 1211285017
1453.69 905.481 1211285077
1451.91 911.064 1211285137
1454.57 911.064 1211285198
1761.27 937.862 1211285258
1966.02 1050.64 1211285319
2402.13 1009.32 1211285380
2661.84 1055.1 1211285440
3005.76 736.882 1211285502
3481.76 695.571 1211285547
3588.12 691.104 1211285554
3769.84 411.976 1211285614
3819.47 -779.237 1211285674
3745.02 -1052.73 1211285734
3691.83 -919.893 1211285794
3589.01 -982.407 1211285865
3581.92 -983.523 1211285915
3690.95 -912.079 1211285975
3682.08 -915.428 1211286035
3682.97 -914.312 1211286095
3684.74 -916.544 1211286161
3683.86 -916.544 1211286216
3682.97 -916.544 1211286282
3680.31 -915.428 1211286337
3681.2 -916.544 1211286404
3682.08 -916.544 1211286458
3682.97 -914.312 1211286519
3682.97 -914.312 1211286580
3683.86 -914.312 1211286641
3683.86 -914.312 1211286701
3683.86 -915.428 1211286762
3684.74 -916.544 1211286822
3683.86 -916.544 1211286883
