-1576.9 961.31 1212020875
-1517.51 487.898 1212020935
-1521.94 481.199 1212020958
-1547.64 582.801 1212021039
-1542.33 792.71 1212021099
-1302.11 876.451 1212021143
-1201.95 960.193 1212021204
-1198.41 956.843 1212021215
-880.19 1272.84 1212021334
-944.01 1709.45 1212021379
-1034.42 2245.47 1212021439
-1044.17 2727.91 1212021501
-962.624 2899.9 1212021560
-984.784 2997.07 1212021620
-1030.88 3312.03 1212021691
-1146.11 3762.14 1212021744
-1373.91 4153.09 1212021800
-1098.24 4243.56 1212021872
-1058.35 4271.49 1212021921
-839.416 4303.88 1212021987
-480.426 4351.92 1212022042
-469.789 4355.27 1212022068
-470.675 4355.27 1212022069
-470.675 4354.15 1212022082
-229.576 4405.53 1212022156
85.9803 4447.98 1212022203
575.27 4525.06 1212022263
897.031 4573.09 1212022328
1025.56 4322.87 1212022389
1317.18 4006.76 1212022444
2215.99 4145.27 1212022504
2509.38 4198.88 1212022564
2806.32 4245.8 1212022624
3126.31 3924.1 1212022684
3120.11 3752.09 1212022744
3105.93 3726.4 1212022804
3343.48 3769.96 1212022866
3498.6 3745.39 1212022926
3500.37 3740.92 1212022987
3505.69 3747.62 1212022997
3433.01 3653.8 1212023083
3458.71 3692.89 1212023104
3458.71 3691.78 1212023106
3370.07 3834.75 1212023165
3432.12 3629.23 1212023225
3481.76 3431.53 1212023285
3102.38 3035.04 1212023351
2835.58 2763.65 1212023405
2835.58 2763.65 1212023423
2374.65 2315.82 1212023469
1783.43 1729.55 1212023537
1961.59 1480.53 1212023592
2366.67 1199.14 1212023647
2379.97 1212.54 1212023671
2426.95 1286.24 1212023726
2475.7 1314.15 1212023764
2507.61 1258.32 1212023787
2489.88 1223.71 1212023861
2590.93 1184.63 1212023907
2367.56 1279.54 1212023971
2290.44 1359.93 1212024032
2280.69 1164.53 1212024088
2336.54 1307.45 1212024152
2217.76 1428.05 1212024213
2133.55 1514.03 1212024274
1699.22 1926.08 1212024329
1474.07 1797.66 1212024394
1450.14 1707.21 1212024459
1649.58 2318.05 1212024574
1576.01 2784.87 1212024631
1998.82 2870.87 1212024691
2254.99 2934.53 1212024751
2301.97 2859.7 1212024785
2314.38 2856.35 1212024841
2309.94 2848.53 1212024902
2294.88 2842.95 1212024962
2291.33 2840.71 1212025022
2330.33 2586.08 1212025082
2053.78 2314.7 1212025143
1752.4 1983.03 1212025217
1694.79 2086.89 1212025266
1694.79 2086.89 1212025282
1693.9 2089.12 1212025284
1587.53 2665.37 1212025344
1559.17 2857.46 1212025404
1514.85 3214.86 1212025464
1433.3 3679.49 1212025534
1389.87 3955.38 1212025584
1293.25 4119.58 1212025647
1296.8 4111.76 1212025672
1225 4023.52 1212025727
1279.95 3702.95 1212025782
1259.57 3834.75 1212025811
1238.29 3968.78 1212025871
2240.81 4156.44 1212025992
2229.28 4319.52 1212026052
2351.6 4926.09 1212026222
2354.26 4927.21 1212026223
2256.76 5121.59 1212026289
2946.38 4926.09 1212026403
3043.88 4450.22 1212026464
3160 3788.95 1212026529
3116.56 3555.51 1212026584
3071.36 3387.97 1212026644
3050.08 3281.87 1212026672
2787.71 2966.91 1212026750
2476.59 2718.98 1212026793
2240.81 2473.28 1212026854
2011.23 2241 1212026915
1786.08 2016.54 1212026986
1550.3 1722.85 1212027044
1377.46 1606.71 1212027096
1303 1535.25 1212027167
1228.54 1467.13 1212027181
1213.47 1455.96 1212027216
1055.7 1469.36 1212027247
1210.81 2271.15 1212027357
1106.22 2938.99 1212027398
1365.93 3174.65 1212027459
1916.38 3265.12 1212027519
2054.66 3448.29 1212027580
2046.68 3593.49 1212027635
2025.41 3711.88 1212027674
2024.52 3711.88 1212027679
2064.41 3544.34 1212027740
1919.04 3518.65 1212027795
1484.71 3439.35 1212027850
1176.25 3479.56 1212027911
1304.77 3515.3 1212027967
1397.84 3403.61 1212028029
1609.69 3439.35 1212028088
2005.91 3532.06 1212028150
2316.15 3552.16 1212028209
2335.65 3559.98 1212028241
2730.09 3622.53 1212028298
2760.23 3601.31 1212028365
2920.67 3619.18 1212028417
3077.56 3509.72 1212028477
3030.58 3467.27 1212028519
2965.88 3332.13 1212028577
2668.93 3297.51 1212028638
2428.72 3245.01 1212028701
2277.15 3086.42 1212028758
2345.4 2742.43 1212028829
2140.64 2756.95 1212028880
2142.42 2769.24 1212028924
2106.96 2763.65 1212028927
2385.29 2712.28 1212028987
2385.29 2712.28 1212029006
2706.16 2398.46 1212029066
2980.06 2120.39 1212029126
2683.12 1789.85 1212029187
2324.13 1430.28 1212029249
2393.26 1042.82 1212029325
2467.72 857.469 1212029369
2555.48 -261.242 1212029499
2679.57 -361.718 1212029571
2683.12 -368.416 1212029588
2707.94 -566.015 1212029656
2572.32 -353.903 1212029711
2526.22 231.106 1212029784
2487.22 650.909 1212029831
2012.12 596.2 1212029891
1598.17 559.355 1212029963
1240.95 549.306 1212030034
274.782 463.335 1212030158
26.5918 569.403 1212030234
-279.214 1538.6 1212030396
-877.53 1441.45 1212030466
-1676.17 1619 1212030577
-2247.9 2349.32 1212030752
-2892.31 2325.87 1212030796
-3361.21 2293.49 1212030875
-3395.78 2353.79 1212030892
-3395.78 2351.56 1212030936
-3395.78 2351.56 1212030971
-3707.79 2653.09 1212031026
-3637.76 2258.87 1212031084
-3618.26 2263.33 1212031209
-3618.26 2256.63 1212031455
-3620.92 2256.63 1212031498
-2946.38 2299.07 1212031576
-2613.09 2321.4 1212031634
-2604.23 2318.05 1212031641
-2604.23 2318.05 1212031667
-2263.85 2334.81 1212031707
-1700.99 2371.66 1212031763
-1061.9 2474.4 1212031824
-1006.94 2801.62 1212031884
-680.751 2860.81 1212031946
-377.604 2934.53 1212032017
-375.831 2937.88 1212032075
-375.831 2937.88 1212032082
-386.468 2933.41 1212032085
-369.626 2721.21 1212032149
-259.714 2103.64 1212032210
-230.463 1936.13 1212032264
-169.301 1531.9 1212032325
-129.414 1263.91 1212032391
-14.1823 1003.74 1212032445
335.057 1019.37 1212032505
592.998 853.003 1212032565
592.111 853.003 1212032581
591.225 856.353 1212032630
306.692 534.791 1212032690
42.5469 240.038 1212032750
67.366 62.5208 1212032810
68.2524 65.8701 1212032875
70.9116 64.7537 1212032930
72.6843 63.6372 1212032992
69.1388 62.5208 1212033052
66.4796 62.5208 1212033113
57.6156 150.721 1212033174
47.8653 257.901 1212033235
246.418 463.335 1212033278
749.003 954.61 1212033340
912.1 1118.75 1212033384
1014.92 1228.17 1212033449
1337.57 1554.23 1212033504
1610.58 1622.35 1212033569
1936.77 1332.02 1212033624
2366.67 1764.16 1212033684
2927.76 2311.35 1212033750
3612.06 2990.37 1212033805
3922.3 3223.79 1212033865
4017.14 3152.31 1212033900
4017.14 3152.31 1212033903
4191.76 3250.6 1212033963
4190.87 2487.8 1212034023
4016.25 2274.5 1212034083
4013.59 2275.62 1212034109
3425.91 1562.05 1212034260
3816.81 108.295 1212034321
3745.02 -1396.55 1212034374
2883.44 -2614.28 1212034425
3077.56 -4148.75 1212034480
3568.62 -5601.49 1212034531
3833.66 -7129.82 1212034575
4096.03 -8619.95 1212034621
3782.25 -10085.3 1212034676
3402.87 -10501.2 1212034737
3101.49 -10801.1 1212034800
2523.56 -11630.6 1212034858
2474.81 -11753.2 1212034918
2972.97 -11767.7 1212034979
3420.6 -11361.9 1212035039
3457.82 -11389.8 1212035099
3457.82 -11389.8 1212035100
3128.09 -11469 1212035161
2627.27 -11680.8 1212035221
2982.72 -10987.3 1212035290
3792.88 -10114.3 1212035331
4143.01 -8682.4 1212035374
3880.63 -7197.86 1212035420
3615.6 -5717.52 1212035466
3138.72 -4289.35 1212035519
2607.77 -2859.82 1212035568
2808.1 -1317.29 1212035618
2646.77 185.331 1212035672
2599.79 1528.55 1212035732
3419.71 2077.96 1212035792
3606.74 1883.65 1212035854
3966.62 2256.63 1212035903
3983.46 2272.27 1212035928
3743.24 2551.46 1212035988
3499.49 2835.13 1212036048
3290.3 2942.34 1212036108
2757.57 2420.8 1212036168
2330.33 1999.79 1212036230
1793.18 1462.66 1212036289
1607.03 1180.16 1212036349
1592.85 1122.1 1212036410
1572.46 978.058 1212036443
1631.85 290.279 1212036503
1685.04 -480.054 1212036563
1737.33 -1159.9 1212036623
1713.4 -1229.11 1212036677
1711.63 -1230.22 1212036678
1542.33 -1044.92 1212036739
1497.12 -528.058 1212036815
1407.59 -524.709 1212036843
1472.3 -342.739 1212036903
1906.63 -317.062 1212036964
2218.65 -288.036 1212037024
2222.19 -292.502 1212037053
2222.19 -292.502 1212037055
2284.24 -32.3766 1212037116
2254.99 385.18 1212037176
2491.65 711.202 1212037236
2652.09 1060.69 1212037296
3096.18 1385.62 1212037356
3574.83 1850.15 1212037418
3564.19 1851.26 1212037459
3053.63 1351 1212037509
2762.89 1557.58 1212037569
2567.88 1342.07 1212037629
1519.28 1096.42 1212037692
1114.2 1272.84 1212037750
877.53 1723.96 1212037814
319.988 1630.16 1212037871
-203.871 1555.35 1212037915
-930.714 1434.75 1212037970
-1614.12 1275.07 1212038030
-2003.25 807.225 1212038096
-2341.85 676.59 1212038151
-2737.19 646.443 1212038211
-2998.67 362.85 1212038276
-2973.85 111.645 1212038341
-2978.29 114.994 1212038390
-2978.29 114.994 1212038391
-2806.32 8.93151 1212038451
-2707.94 415.326 1212038517
-2274.49 461.102 1212038571
-1532.58 726.834 1212038691
-1497.12 1021.6 1212038756
-1185.11 1072.97 1212038811
-880.19 1113.16 1212038872
-453.834 1193.56 1212038932
-36.3422 1048.4 1212038992
41.6605 327.123 1212039053
56.7292 96.0143 1212039113
72.6843 75.9182 1212039173
350.126 561.588 1212039233
586.793 794.943 1212039293
756.094 964.659 1212039354
1044.17 1254.97 1212039415
1057.47 1518.5 1212039475
959.079 1845.68 1212039536
1276.41 1874.71 1212039662
1374.8 2242.11 1212039717
1334.91 2525.77 1212039782
1365.93 2964.68 1212039837
1350.87 3374.57 1212039902
1878.27 3484.03 1212039957
2058.21 3490.73 1212040027
2441.13 3561.1 1212040077
2685.78 3576.73 1212040142
