4524.16 -15947.3 1211139244
3789.34 -16156.8 1211139311
4036.64 -16208 1211139365
4027.78 -16174.6 1211139427
4029.55 -16172.4 1211139487
4031.32 -16172.4 1211139549
4035.75 -16169 1211139608
4034.87 -16167.9 1211139637
3402.87 -16143.4 1211139697
3852.27 -16736.2 1211139758
4135.92 -16971.3 1211139823
4407.15 -17191.9 1211139878
4757.28 -17478.2 1211139943
5048.02 -17717.7 1211140008
5356.48 -17973.9 1211140058
5883 -18396.1 1211140135
6980.36 -19218.2 1211140178
8435.82 -19331.8 1211140233
9769.84 -19942.1 1211140292
10519.7 -20810.8 1211140352
11482.4 -21925.4 1211140407
12417.5 -23132.3 1211140462
13316.3 -24348 1211140512
14215.1 -25562.3 1211140568
15227.4 -26683 1211140617
16240.5 -27805.7 1211140670
17220.9 -28907.2 1211140729
18521.2 -29621.4 1211140789
19782.6 -30274.4 1211140836
19787 -29920.6 1211140916
19857.9 -29021.8 1211140961
20237.3 -27853.6 1211141017
20610.4 -27833.5 1211141077
20609.6 -27833.5 1211141079
20608.7 -27834.7 1211141143
20605.1 -27851.3 1211141203
20168.1 -28013.8 1211141260
19820.7 -29094.1 1211141320
19705.4 -29743.8 1211141366
19705.4 -29743.8 1211141381
19314.5 -29992.9 1211141433
17977.9 -29395.6 1211141495
16826.4 -28432.1 1211141549
15812.4 -27309.5 1211141590
14805.4 -26188.9 1211141647
13849 -25041.4 1211141701
12972.4 -23851.5 1211141760
12070 -22639.1 1211141805
11116.3 -21478.9 1211141850
10151 -20362 1211141912
9049.2 -19334 1211141958
7589.31 -19280.5 1211142000
6266.81 -18673.5 1211142065
5128.68 -17719.9 1211142109
4768.8 -17667.6 1211142169
4649.14 -17761.1 1211142230
4611.02 -17860.3 1211142290
4679.28 -17825.8 1211142350
4688.14 -17825.8 1211142410
4682.82 -17818 1211142470
4683.71 -17818 1211142533
4684.59 -17822.4 1211142591
4674.84 -17815.7 1211142666
4650.91 -17855.8 1211142781
4598.61 -17809 1211142839
5031.17 -17494.9 1211142895
4260.01 -17001.3 1211142955
3857.59 -16217 1211143015
4251.15 -16157.9 1211143068
