2397.7 1223.71 1211859195
2248.78 1399.02 1211859260
1817.11 1857.96 1211859315
1637.17 2611.77 1211859379
1481.17 2788.22 1211859435
1481.17 2788.22 1211859450
1547.64 2804.97 1211859471
1553.85 2880.92 1211859491
1529.03 3204.8 1211859551
1478.51 3414.78 1211859591
1868.52 3467.27 1211859651
1920.82 3358.94 1211859711
2004.14 2989.25 1211859771
2044.03 2627.4 1211859824
2040.48 2531.36 1211859831
1912.84 2143.84 1211859891
1737.33 1971.87 1211859951
1737.33 1971.87 1211859968
1443.05 1794.31 1211860011
1373.02 2267.8 1211860072
1360.62 2970.26 1211860132
1805.59 3049.56 1211860192
2368.45 3154.55 1211860252
2404.79 3252.83 1211860312
2763.78 3408.08 1211860373
2678.68 4217.87 1211860433
2594.48 4220.11 1211860493
2532.43 4393.25 1211860553
2360.47 4417.82 1211860613
2048.46 4679.21 1211860673
1841.93 5063.5 1211860733
1846.36 5085.84 1211860793
1849.02 5076.9 1211860853
1782.54 5238.89 1211860914
1639.83 5352.84 1211860974
1321.61 5280.22 1211861039
1037.08 5042.27 1211861100
927.169 4932.79 1211861161
959.079 4733.95 1211861221
1003.4 4416.7 1211861282
1002.51 4267.02 1211861336
1010.49 4272.61 1211861401
1002.51 4263.67 1211861458
991.875 4241.33 1211861516
1043.29 4178.78 1211861559
1139.02 3594.6 1211861619
1277.29 2715.63 1211861680
1352.64 2257.75 1211861740
1403.16 1947.3 1211861802
1481.17 1552 1211861860
1379.23 1081.9 1211861922
1365.05 547.073 1211861981
1356.18 556.005 1211862041
1360.62 563.821 1211862102
1339.34 560.471 1211862120
1185.11 1051.75 1211862180
1163.84 1257.21 1211862240
1212.59 1425.82 1211862292
1383.66 1603.36 1211862358
1558.28 1760.81 1211862418
1559.17 1760.81 1211862473
1477.62 1716.15 1211862538
1004.28 1424.7 1211862603
596.543 1431.4 1211862653
588.566 1412.42 1211862714
587.68 1409.07 1211862748
525.632 1346.54 1211862809
79.7755 1382.27 1211862868
-144.482 1406.83 1211862933
-170.188 1548.65 1211862984
-176.392 1593.31 1211862986
-182.597 1655.85 1211863003
-312.011 2467.7 1211863068
355.444 2715.63 1211863123
1042.4 2790.45 1211863184
1154.97 3157.9 1211863244
1942.98 3284.1 1211863304
2223.96 3316.49 1211863358
2230.17 3316.49 1211863359
1674.4 3084.18 1211863419
1576.01 2906.6 1211863479
1287.04 2940.11 1211863539
1505.98 3104.29 1211863601
1413.8 2836.24 1211863659
1485.6 2391.76 1211863719
1755.95 1677.06 1211863781
2098.98 1338.72 1211863841
2097.21 1338.72 1211863902
2098.98 1344.3 1211863962
2520.91 1014.91 1211864022
3013.74 1290.7 1211864082
3388.69 924.463 1211864122
3633.33 425.374 1211864183
3823.91 -456.611 1211864242
3809.72 -733.467 1211864266
3752.11 -32.3766 1211864326
3354.12 -22.3287 1211864387
3250.41 -314.83 1211864447
3252.18 -222.168 1211864512
3252.18 -224.401 1211864568
3248.64 -212.121 1211864628
3253.95 -223.285 1211864688
3251.29 -218.819 1211864719
3232.68 7.81507 1211864764
3230.91 24.5617 1211864766
3036.79 369.549 1211864826
2846.21 656.492 1211864886
2264.74 610.714 1211864947
1815.34 588.384 1211865007
1403.16 548.19 1211865068
1230.32 522.51 1211865088
1196.63 907.715 1211865148
1170.93 1206.96 1211865184
1211.7 1413.53 1211865244
1259.57 1970.75 1211865304
1144.34 2676.54 1211865369
1017.58 3439.35 1211865425
1082.29 3867.14 1211865485
1790.52 3969.9 1211865545
1781.65 4322.87 1211865605
1753.29 4401.07 1211865642
1752.4 4402.18 1211865643
1406.71 4356.38 1211865703
1211.7 4639 1211865763
973.261 4816.61 1211865824
674.546 4673.63 1211865884
495.494 4522.82 1211865945
-52.2973 4539.58 1211866010
-346.58 4499.37 1211866066
-491.949 4364.2 1211866127
-604.521 4377.61 1211866153
-602.748 4380.96 1211866213
-606.294 4385.43 1211866273
-607.18 4378.73 1211866333
-608.953 4373.14 1211866393
-604.521 4373.14 1211866440
-606.294 4374.26 1211866473
-610.726 4377.61 1211866533
-609.839 4380.96 1211866594
-604.521 4378.73 1211866651
-603.635 4377.61 1211866652
-605.407 4374.26 1211866712
-604.521 4368.67 1211866772
-488.403 4468.09 1211866832
-348.353 4492.66 1211866858
-279.214 4130.75 1211866920
-287.192 3549.93 1211866980
-415.719 3061.85 1211867042
-352.785 2635.22 1211867101
-218.939 1844.56 1211867162
-179.938 1461.55 1211867224
-160.437 1466.01 1211867244
197.666 1518.5 1211867305
669.228 1585.5 1211867365
1401.39 1815.53 1211867426
1838.38 1790.96 1211867487
2050.23 1878.06 1211867525
2051.12 1878.06 1211867526
2483.68 1436.98 1211867586
2697.3 1220.36 1211867651
3017.29 1279.54 1211867706
3033.24 1584.38 1211867766
3221.16 1779.8 1211867827
3597.88 1869.13 1211867879
3776.93 2056.74 1211867939
3979.91 2251.05 1211867999
3752.99 2557.04 1211868059
3466.69 2854.11 1211868120
3094.4 3237.19 1211868185
3041.22 3318.73 1211868244
3004.88 3482.91 1211868253
3401.98 3006 1211868313
3093.52 2726.8 1211868373
2689.32 2462.12 1211868433
2383.51 2710.04 1211868493
2158.37 2945.69 1211868553
2093.66 3221.56 1211868613
1672.63 3133.33 1211868675
1358.84 3249.48 1211868733
1317.18 3484.03 1211868794
1258.68 3877.19 1211868854
1247.16 3979.95 1211868917
1188.65 4291.6 1211868976
1120.4 4685.92 1211869036
769.39 4781.98 1211869097
625.794 4541.81 1211869159
-44.3197 4516.12 1211869219
-318.216 4499.37 1211869279
-342.148 4479.26 1211869291
-133.846 4404.42 1211869351
715.32 4432.34 1211869411
861.575 4250.27 1211869471
1023.79 4282.66 1211869531
1113.31 4299.42 1211869559
1171.81 4311.7 1211869564
1236.52 4014.58 1211869625
1050.38 4386.54 1211869708
1121.29 4418.94 1211869768
1130.15 4417.82 1211869828
1124.83 4412.24 1211869888
1121.29 4412.24 1211869948
1121.29 4415.59 1211869973
1083.17 3966.55 1211870033
1173.59 3447.17 1211870093
583.248 3282.99 1211870153
-320.875 3137.79 1211870213
-628.454 3085.3 1211870273
-664.796 3077.48 1211870289
-773.822 3451.64 1211870349
-1022.9 3245.01 1211870414
-992.762 3045.09 1211870470
-616.931 3084.18 1211870530
-3.54558 3183.58 1211870590
177.279 3097.59 1211870650
378.49 2807.21 1211870710
936.033 2904.37 1211870771
1117.74 2940.11 1211870831
1388.98 3061.85 1211870892
1766.58 3249.48 1211870953
2357.81 3347.77 1211871013
2965.88 3391.33 1211871073
3102.38 3107.64 1211871135
3400.21 3326.55 1211871195
3661.7 3396.91 1211871256
3732.61 3420.36 1211871318
3815.04 3682.84 1211871378
3925.84 3573.38 1211871438
3764.52 3849.27 1211871499
3383.37 4372.02 1211871559
