3694.49 -961.197 1211454502
3690.06 -963.43 1211454532
3688.29 -963.43 1211454592
3687.4 -962.313 1211454653
3686.51 -961.197 1211454713
3628.9 -908.73 1211454775
3580.15 -965.662 1211454837
3576.6 -1065.01 1211454896
3987.89 -1120.83 1211454958
4001.18 -1037.11 1211454966
3853.16 -51.356 1211455027
3360.32 1327.55 1211455087
3182.16 1518.5 1211455101
3448.96 1736.25 1211455162
3475.55 1763.05 1211455165
3572.17 1842.33 1211455225
3570.4 1841.21 1211455285
3568.62 1842.33 1211455345
3568.62 1843.45 1211455405
3570.4 1843.45 1211455465
3570.4 1843.45 1211455478
3569.51 1841.21 1211455539
3572.17 1841.21 1211455599
3573.06 1841.21 1211455661
3572.17 1841.21 1211455721
3573.06 1844.56 1211455782
3570.4 1843.45 1211455847
3571.28 1841.21 1211455908
3573.94 1838.98 1211455962
3573.94 1841.21 1211456022
3572.17 1843.45 1211456082
3565.08 1844.56 1211456142
3568.62 1845.68 1211456202
3565.96 1846.8 1211456213
3566.85 1835.63 1211456268
3570.4 1835.63 1211456328
3568.62 1842.33 1211456389
3565.96 1836.75 1211456449
3567.74 1837.86 1211456509
3568.62 1842.33 1211456569
3564.19 1847.91 1211456630
3577.49 1863.55 1211456690
3585.47 1871.36 1211456707
3330.18 1385.62 1211456767
3825.68 -26.7945 1211456819
3690.95 -1514.87 1211456869
2787.71 -2696.87 1211456917
3081.99 -4176.65 1211456966
3563.31 -5585.87 1211457012
3823.02 -7055.08 1211457066
4092.48 -8565.3 1211457108
3797.31 -10069.7 1211457159
2749.6 -11190.2 1211457209
2578.52 -12706.4 1211457258
2853.3 -14215.6 1211457305
3097.95 -15412.4 1211457350
3837.2 -16231.4 1211457410
4556.07 -16053.2 1211457470
4361.95 -15860.4 1211457530
4332.7 -15851.5 1211457555
4326.49 -15859.3 1211457582
4326.49 -15858.2 1211457587
4278.63 -15896.1 1211457645
3916.98 -16166.8 1211457705
3121.88 -15276.5 1211457768
2417.2 -14033.9 1211457826
1334.02 -13871.2 1211457887
950.215 -13123.3 1211457947
729.503 -13376.3 1211458008
678.092 -13447.6 1211458063
677.205 -13447.6 1211458121
678.092 -13447.6 1211458181
678.092 -13447.6 1211458244
678.978 -13447.6 1211458302
678.092 -13446.5 1211458363
678.978 -13446.5 1211458423
678.978 -13447.6 1211458484
678.978 -13447.6 1211458544
678.092 -13447.6 1211458607
678.978 -13446.5 1211458665
927.169 -13216.9 1211458727
1283.5 -13811 1211458789
1589.31 -14137.5 1211458848
2749.6 -13536.8 1211458908
2566.11 -12054.2 1211458962
3271.68 -10743.1 1211459009
4143.89 -9483.12 1211459057
4026 -8007.65 1211459105
3757.43 -6529.68 1211459151
3363.87 -5051.44 1211459200
2945.49 -3596.37 1211459249
3239.77 -2248.2 1211459310
3760.09 -1142.04 1211459371
3748.56 -1003.62 1211459431
3742.36 -966.778 1211459492
3738.81 -964.546 1211459552
3738.81 -964.546 1211459613
3743.24 -966.778 1211459673
3742.36 -966.778 1211459736
3742.36 -969.011 1211459795
3742.36 -969.011 1211459856
3720.2 -923.242 1211459901
3611.17 -983.523 1211459958
3578.37 -1148.73 1211460021
3827.45 -1135.34 1211460052
3765.4 -1340.73 1211460113
2925.99 -2579.68 1211460166
3044.76 -4055.02 1211460220
3549.12 -5487.69 1211460263
3811.5 -6975.88 1211460316
4088.05 -8492.81 1211460359
2814.3 -11122.2 1211460453
2577.64 -12631.7 1211460507
2837.35 -14108.6 1211460553
3144.04 -15567.3 1211460611
3874.43 -16215.8 1211460669
4317.63 -16059.9 1211460729
4413.36 -16044.3 1211460789
4414.24 -16045.4 1211460853
4414.24 -16045.4 1211460910
4414.24 -16044.3 1211460971
4415.13 -16045.4 1211461032
4416.02 -16045.4 1211461094
4415.13 -16044.3 1211461152
4415.13 -16044.3 1211461212
4415.13 -16044.3 1211461275
4414.24 -16048.7 1211461334
4415.13 -16046.5 1211461379
4416.02 -16045.4 1211461440
4414.24 -16045.4 1211461498
4408.93 -16043.1 1211461558
4410.7 -16044.3 1211461586
4414.24 -16043.1 1211461650
4410.7 -16040.9 1211461707
4414.24 -16040.9 1211461767
4408.93 -16040.9 1211461828
4408.04 -16042 1211461889
4408.93 -16043.1 1211461950
4410.7 -16043.1 1211462010
4413.36 -16043.1 1211462071
4408.93 -16039.8 1211462131
4410.7 -16040.9 1211462192
4411.59 -16042 1211462252
4413.36 -16042 1211462313
4413.36 -16043.1 1211462374
4412.47 -16042 1211462434
4412.47 -16043.1 1211462494
4416.9 -16044.3 1211462555
4416.02 -16044.3 1211462616
4413.36 -16042 1211462676
4413.36 -16042 1211462737
4413.36 -16042 1211462797
4413.36 -16042 1211462857
4413.36 -16043.1 1211462918
4415.13 -16043.1 1211462982
4415.13 -16043.1 1211463038
4416.9 -16042 1211463098
4415.13 -16042 1211463158
4414.24 -16043.1 1211463219
4413.36 -16043.1 1211463279
4409.81 -16042 1211463344
4412.47 -16044.3 1211463407
4411.59 -16044.3 1211463460
4411.59 -16042 1211463525
4411.59 -16046.5 1211463562
4412.47 -16044.3 1211463630
4410.7 -16042 1211463681
4412.47 -16046.5 1211463747
4416.9 -16042 1211463803
4414.24 -16042 1211463864
4384.99 -16049.8 1211463929
4407.15 -16044.3 1211463984
4404.49 -16043.1 1211464044
4403.61 -16045.4 1211464106
4417.79 -16038.7 1211464165
4418.68 -16040.9 1211464225
4416.02 -16045.4 1211464287
4410.7 -16049.8 1211464349
4412.47 -16048.7 1211464407
4413.36 -16048.7 1211464467
4411.59 -16025.3 1211464528
4412.47 -16030.9 1211464588
4415.13 -16035.3 1211464650
4415.13 -16038.7 1211464710
4412.47 -16043.1 1211464771
4408.93 -16044.3 1211464832
4408.93 -16045.4 1211464894
4406.27 -16039.8 1211464953
4408.04 -16039.8 1211465014
4408.04 -16038.7 1211465040
4403.61 -16044.3 1211465100
4411.59 -16042 1211465160
4412.47 -16045.4 1211465220
4415.13 -16048.7 1211465280
4416.02 -16032 1211465343
