-2339.19 -6920.11 1212918649
-2339.19 -6920.11 1212918740
-2358.7 -6404.73 1212918798
-2353.38 -6365.69 1212918799
-2352.49 -6366.81 1212918805
-1172.7 -5590.33 1212918923
-686.069 -5169.71 1212918981
-343.035 -4664.27 1212919041
-28.3646 -4142.05 1212919102
383.809 -3517.14 1212919163
1042.4 -2395.53 1212919283
1224.11 -1975.86 1212919343
1461.66 -1513.75 1212919405
1853.45 -1684.53 1212919467
1987.3 -1725.83 1212919526
1987.3 -1728.06 1212919585
1988.18 -1726.95 1212919645
2061.75 -1843.03 1212919709
1992.61 -1987.02 1212919777
1871.18 -2262.71 1212919827
1883.59 -2381.02 1212919891
1879.16 -2375.44 1212919947
1880.04 -2376.55 1212920012
1882.7 -2379.9 1212920067
1880.93 -2379.9 1212920160
1880.93 -2378.78 1212920217
1882.7 -2379.9 1212920236
1883.59 -2382.13 1212920296
1880.04 -2375.44 1212920363
1880.93 -2381.02 1212920416
1865.86 -2423.43 1212920476
1860.54 -2460.26 1212920536
1861.43 -2460.26 1212920601
1862.31 -2460.26 1212920658
1865.86 -2460.26 1212920721
1864.97 -2460.26 1212920783
1849.91 -2685.71 1212920822
2175.21 -2807.36 1212920880
2240.81 -2814.06 1212920942
2672.48 -3030.57 1212921002
3162.66 -4474.58 1212921050
3620.03 -5902.71 1212921098
3878.86 -7366.3 1212921138
3878.86 -7366.3 1212921161
4147.44 -8848.58 1212921184
3667.01 -10249.2 1212921231
2667.16 -11359.7 1212921287
2592.7 -12895.9 1212921330
2866.6 -14356 1212921387
4205.06 -16154.6 1212921488
4490.47 -16204.7 1212921586
4488.7 -16201.4 1212921687
4484.27 -16200.2 1212921764
4482.5 -16193.6 1212921827
4511.75 -16136.7 1212921858
4520.61 -16122.3 1212921863
4547.2 -16078.8 1212921864
3913.43 -16171.3 1212921924
3148.47 -15386.8 1212921984
2869.26 -13901.3 1212922039
2588.27 -12395.4 1212922098
3031.47 -10940.5 1212922154
3992.32 -9814.31 1212922209
4072.98 -8289.82 1212922257
3806.18 -6798.52 1212922306
3520.76 -5316.99 1212922359
3010.2 -3854.15 1212922409
2184.08 -2929.01 1212922467
875.758 -3165.61 1212922527
967.056 -2783.92 1212922588
1569.8 -2814.06 1212922648
1854.34 -2632.14 1212922709
1864.97 -2456.91 1212922769
1864.97 -2456.91 1212922773
1854.34 -2450.22 1212922833
1872.07 -2378.78 1212922893
1845.47 -2367.62 1212922953
1842.81 -2367.62 1212922970
1458.12 -2295.08 1212923035
1300.34 -1831.87 1212923092
1408.48 -1624.26 1212923116
1481.17 -1493.66 1212923154
1264.88 -1886.56 1212923214
1031.76 -2507.14 1212923274
538.928 -3312.92 1212923334
848.279 -3439.02 1212923396
857.143 -3430.1 1212923443
443.197 -3454.65 1212923503
951.101 -2800.66 1212923563
1050.38 -2324.09 1212923623
1074.31 -2211.37 1212923683
1059.24 -2172.3 1212923744
1271.98 -1800.62 1212923809
1179.79 -2039.48 1212923864
1168.27 -2020.5 1212923928
1032.65 -2510.48 1212923985
557.542 -3291.71 1212924045
375.831 -3480.31 1212924106
375.831 -3479.2 1212924166
374.945 -3466.92 1212924227
367.854 -3465.81 1212924288
371.399 -3473.62 1212924351
698.479 -3125.43 1212924409
990.103 -2719.19 1212924470
890.826 -2865.4 1212924531
963.511 -2789.5 1212924592
993.648 -2705.8 1212924652
1032.65 -2826.33 1212924712
1047.72 -2830.8 1212924772
1048.6 -2829.68 1212924832
1048.6 -2830.8 1212924893
1048.6 -2830.8 1212924953
1048.6 -2830.8 1212925014
1032.65 -2808.48 1212925058
1032.65 -2808.48 1212925060
1006.06 -2781.69 1212925120
1062.79 -2991.51 1212925180
1068.99 -3054.01 1212925197
872.212 -3153.33 1212925257
843.848 -3221.41 1212925317
1576.9 -3176.77 1212925367
2735.41 -3084.14 1212925427
3160.88 -4441.1 1212925487
3616.49 -5865.9 1212925543
3888.61 -7401.99 1212925595
4165.17 -8922.18 1212925655
3622.69 -10310.5 1212925702
2645.89 -11415.4 1212925759
2598.02 -12901.4 1212925811
2877.24 -14391.6 1212925869
3221.16 -15889.4 1212925924
4038.41 -16182.4 1212925984
4391.2 -15857.1 1212926049
4303.45 -15872.7 1212926085
4302.56 -15872.7 1212926143
4302.56 -15873.8 1212926203
4294.58 -15892.7 1212926245
4295.47 -15892.7 1212926246
3533.17 -16270.4 1212926306
2686.66 -13413.1 1212926408
2555.48 -11927.2 1212926459
4163.39 -9418.44 1212926559
4156.3 -8743.74 1212926576
