3640.42 -970.127 1212286782
3640.42 -971.244 1212286803
3640.42 -971.244 1212286855
3639.54 -971.244 1212286876
3639.54 -972.36 1212286936
3639.54 -971.244 1212286978
3610.28 -990.221 1212287212
3606.74 -991.337 1212287344
3607.63 -989.105 1212287455
3577.49 -1131.99 1212287515
3808.84 -741.281 1212287635
3651.06 166.351 1212287753
3441.87 286.93 1212287836
3386.03 274.648 1212287950
3384.25 286.93 1212287953
3403.75 698.92 1212288014
3092.63 1228.17 1212288077
2437.58 1887 1212288195
1896.88 2314.7 1212288257
1647.81 2267.8 1212288321
1088.49 2120.39 1212288437
1103.56 2025.47 1212288467
1210.81 1980.8 1212288508
1209.93 1981.92 1212288518
1225.88 1994.2 1212288530
1211.7 2271.15 1212288643
1303 2542.52 1212288698
1578.67 2534.71 1212288762
1834.84 2600.6 1212288825
1900.43 2729.03 1212288877
2062.64 2864.16 1212288937
2188.51 2898.79 1212288979
2312.6 2794.92 1212289035
2376.42 2740.2 1212289136
2436.7 2904.37 1212289188
2586.5 2970.26 1212289254
2780.62 3161.25 1212289310
2816.96 3276.29 1212289367
2791.26 3520.89 1212289427
2750.48 4023.52 1212289493
2869.26 3946.44 1212289573
3124.54 3855.97 1212289630
3483.53 3791.19 1212289690
3383.37 3705.18 1212289760
3526.08 3442.7 1212289813
3453.39 3353.35 1212289877
3434.78 3331.01 1212289929
3431.23 3326.55 1212289989
3417.94 3306.44 1212290049
3426.8 3325.43 1212290109
3434.78 3347.77 1212290169
3433.01 3333.25 1212290232
3439.21 3346.65 1212290298
3433.89 3328.78 1212290351
3431.23 3328.78 1212290391
3433.01 3335.48 1212290449
3436.55 3333.25 1212290498
3479.1 3399.14 1212290573
3815.93 3172.42 1212290636
4156.3 2842.95 1212290735
3958.64 3045.09 1212290790
3739.7 3370.1 1212290857
3491.51 3657.15 1212290909
3377.16 3704.06 1212290975
3188.36 3503.02 1212291035
2985.38 3395.79 1212291093
2522.68 3234.96 1212291152
2289.56 3236.08 1212291218
2070.62 3192.52 1212291254
2069.73 3191.4 1212291257
1808.24 3232.73 1212291316
1968.68 3188.05 1212291376
2017.43 3104.29 1212291428
2007.68 3074.13 1212291486
2018.32 3097.59 1212291548
2014.77 3080.83 1212291671
2009.46 3075.25 1212291747
2051.12 3100.94 1212291789
2124.69 3099.82 1212291814
2138.87 3313.14 1212291872
2534.2 3379.04 1212291933
2974.74 3448.29 1212291996
3248.64 3530.94 1212292055
3410.85 3309.79 1212292116
3410.85 3312.03 1212292119
3419.71 3315.38 1212292179
3350.57 3572.27 1212292361
3496.83 3729.75 1212292429
3382.48 3677.26 1212292476
3382.48 3641.51 1212292717
3382.48 3641.51 1212292746
3201.66 3564.45 1212292798
3042.99 3750.98 1212292861
2265.62 4169.84 1212293036
1186 4282.66 1212293221
1116.86 4513.89 1212293273
1085.83 4511.65 1212293297
1084.95 4510.54 1212293311
1084.06 4510.54 1212293317
1079.63 4507.19 1212293402
1156.74 4447.98 1212293438
1178.02 4326.22 1212293476
1014.92 4492.66 1212293568
990.989 4592.08 1212293631
414.833 4513.89 1212293689
-587.68 4451.33 1212293817
-588.566 4451.33 1212293830
-512.336 4468.09 1212293872
-475.994 4380.96 1212293929
-331.512 4379.84 1212293989
445.856 4501.6 1212294049
754.322 4183.25 1212294175
795.982 3900.65 1212294230
889.054 3346.65 1212294290
1231.2 2146.08 1212294478
1497.12 2242.11 1212294539
1459.89 2580.5 1212294652
1131.04 2626.28 1212294707
1088.49 2127.09 1212294838
1222.34 1987.5 1212294888
1225.88 1993.08 1212294905
1250.7 2009.84 1212294965
1378.34 2226.48 1212295027
1482.94 2449.83 1212295086
1435.07 2768.12 1212295151
1979.32 2865.28 1212295239
2276.26 2909.96 1212295300
2361.35 2707.81 1212295364
2375.54 2789.34 1212295420
2512.93 2890.97 1212295484
2582.07 2915.54 1212295542
2752.25 2712.28 1212295613
3294.73 3268.47 1212295766
3379.82 3203.69 1212295808
3394.89 3199.22 1212295869
3394.89 3204.8 1212295931
3394.89 3198.1 1212295992
3386.03 3146.73 1212296051
3387.8 3160.13 1212296119
3394.89 3171.3 1212296174
3397.55 3152.31 1212296247
3431.23 3241.66 1212296355
3587.24 3554.39 1212296414
3394 3720.82 1212296479
3134.29 3902.88 1212296535
3041.22 3852.62 1212296599
3041.22 3852.62 1212296618
3058.95 3802.36 1212296673
2613.09 3603.54 1212296735
2429.61 3566.68 1212296793
2025.41 3515.3 1212296853
1778.11 3477.33 1212296882
1630.08 3452.75 1212296942
1166.5 3518.65 1212297002
1118.63 3836.98 1212297050
1118.63 3838.1 1212297052
1221.45 3994.47 1212297112
2208.89 4158.67 1212297178
2510.27 4210.05 1212297233
2796.57 4250.27 1212297276
2872.8 3948.68 1212297457
3011.08 3864.9 1212297513
2942.83 4280.43 1212297570
2836.46 4110.64 1212297630
2899.4 3793.42 1212297694
3029.7 3241.66 1212297857
2802.78 3000.42 1212297917
2457.97 2689.94 1212297985
2079.48 2294.6 1212298038
1653.13 1955.12 1212298100
1589.31 1936.13 1212298158
1537.89 1930.55 1212298218
1513.96 1939.48 1212298281
1513.96 1930.55 1212298338
1488.26 1913.8 1212298398
1444.82 1892.58 1212298464
1279.95 1898.17 1212298520
608.067 1686 1212298647
-179.938 1549.76 1212298702
-988.33 1426.93 1212298765
-1630.97 1342.07 1212298830
-1673.51 1615.65 1212298883
-3584.58 1434.75 1212299061
-4689.03 1365.52 1212299131
-5422.07 1326.44 1212299193
-6202.99 1404.6 1212299456
