3408.19 -16160.1 1211052943
3014.63 -14786.2 1211053008
2161.92 -14037.2 1211053065
729.503 -14546.6 1211053118
-413.946 -13624.8 1211053171
-1377.46 -12455.6 1211053226
-2750.48 -9862.26 1211053332
-3157.34 -8416.97 1211053382
-3019.95 -5560.21 1211053492
-2158.37 -5578.06 1211053550
-1186 -5176.4 1211053676
-897.031 -5262.32 1211053730
-899.69 -5260.08 1211053762
-897.918 -5260.08 1211053877
-897.918 -5258.97 1211053938
-897.031 -5257.85 1211054001
-897.031 -5256.74 1211054029
-897.031 -5256.74 1211054030
-945.783 -5157.44 1211054096
-915.645 -5019.08 1211054151
-607.18 -4746.84 1211054203
-310.238 -4406.51 1211054267
-10.6367 -3706.85 1211054334
261.486 -3358.67 1211054391
501.699 -3155.56 1211054446
250.85 -2984.81 1211054505
145.369 -2962.49 1211054561
-319.102 -2830.8 1211054621
-1373.91 -1682.3 1211054794
-1822.43 -2053.99 1211054910
-2762.01 -2407.8 1211055187
-2713.25 -2349.77 1211055244
-2813.42 -2441.29 1211055299
-2847.99 -2482.58 1211055394
