3505.69 -1157.66 1211154889
2830.26 -1205.66 1211154951
2257.65 -1310.59 1211154990
2194.71 -896.451 1211155048
2026.3 -840.635 1211155110
1914.61 -852.914 1211155151
1711.63 -862.961 1211155189
1541.44 -878.59 1211155249
1188.65 -905.381 1211155315
826.12 -932.173 1211155369
423.697 -966.778 1211155456
160.437 -985.756 1211155516
118.777 -665.37 1211155572
80.6619 -175.279 1211155631
61.1612 61.4043 1211155694
61.1612 61.4043 1211155714
124.982 344.987 1211155767
451.175 668.774 1211155824
579.702 801.642 1211155883
830.552 1042.82 1211155945
1198.41 1411.3 1211156005
1310.09 1671.48 1211156063
1247.16 2041.1 1211156124
1591.08 2382.83 1211156184
1593.74 2667.61 1211156245
1518.39 3181.35 1211156307
1840.15 3260.65 1211156368
2401.24 3347.77 1211156426
2780.62 3386.86 1211156487
3017.29 3622.53 1211156551
2962.33 3887.24 1211156611
3022.61 3811.29 1211156636
3029.7 3809.06 1211156638
3056.29 3802.36 1211156656
3096.18 3715.23 1211156716
3160 3525.35 1211156783
3014.63 3219.32 1211156838
2662.73 2887.62 1211156896
2469.49 2705.58 1211156956
2225.74 2571.56 1211157017
2077.71 2485.57 1211157076
2075.05 2476.63 1211157084
2051.12 2425.26 1211157142
2069.73 2295.72 1211157202
1935 2411.86 1211157265
1857 2943.46 1211157323
1649.58 2926.71 1211157361
1384.55 3077.48 1211157421
1334.02 3363.4 1211157481
1339.34 3389.09 1211157497
1599.06 3443.82 1211157557
1868.52 3495.2 1211157619
1989.96 3501.9 1211157679
2160.14 3495.2 1211157750
2257.65 3138.91 1211157800
2153.94 2994.84 1211157860
2059.98 2969.15 1211157879
1915.5 2949.04 1211157940
1423.55 2875.33 1211158003
1403.16 2876.45 1211158033
1134.58 2834.01 1211158093
694.047 2788.22 1211158153
124.982 2695.53 1211158215
-178.165 2638.57 1211158276
-892.599 2510.14 1211158334
-1013.15 2479.98 1211158395
-1006.06 2029.94 1211158457
-936.033 1569.86 1211158519
-923.623 1447.03 1211158548
-1042.4 1399.02 1211158612
-1750.63 1142.2 1211158671
-2286.01 677.706 1211158729
-2970.31 639.744 1211158797
-3617.38 -29.0273 1211158973
-3637.76 -338.274 1211159031
-3608.51 -831.704 1211159090
-3647.51 -1492.54 1211159174
-3829.22 -1921.16 1211159240
-3883.29 -1923.4 1211159242
-3883.29 -1923.4 1211159275
-3930.27 -1999.3 1211159277
-3928.5 -1995.95 1211159297
-3920.52 -2070.73 1211159391
-3819.47 -1928.98 1211159447
-3541.15 -1784.99 1211159566
-3579.26 -1123.06 1211159620
-3566.85 -238.914 1211159717
-3176.84 207.66 1211159799
-2905.6 424.258 1211159859
-2695.53 433.189 1211159902
-2538.63 445.471 1211159964
-2532.43 644.21 1211159999
-2006.8 792.71 1211160046
-1716.95 907.715 1211160069
-1736.45 1126.56 1211160102
-1619.44 1296.29 1211160142
-1672.63 1601.13 1211160203
-1719.61 1637.98 1211160224
-1982.86 1586.61 1211160247
-2281.58 1545.3 1211160280
-2413.65 1900.4 1211160343
-2436.7 2330.34 1211160403
-2442.9 2410.75 1211160424
-2452.65 2608.42 1211160482
-2455.31 2640.8 1211160543
-2457.09 2639.69 1211160605
-2455.31 2631.87 1211160663
-2454.43 2632.98 1211160724
-2460.63 2675.42 1211160785
-2533.32 2552.58 1211160843
-2732.75 2539.17 1211160903
-2723.89 2290.14 1211160964
-2696.41 1798.78 1211161024
-2681.34 1585.5 1211161086
-2683.12 1583.26 1211161150
-2683.12 1583.26 1211161183
-2646.77 1478.3 1211161245
-1924.36 1591.08 1211161305
-1654.9 1451.5 1211161363
-1499.78 1246.04 1211161426
-845.62 1340.95 1211161483
-185.256 1447.03 1211161544
391.786 1537.48 1211161603
622.249 1260.56 1211161664
909.441 1191.33 1211161725
986.557 1114.28 1211161786
1019.35 604.015 1211161847
1245.38 535.908 1211161906
1594.62 550.423 1211161966
2026.3 592.85 1211162023
2557.25 631.928 1211162082
2557.25 633.045 1211162085
2557.25 631.928 1211162114
2557.25 631.928 1211162147
2559.02 636.395 1211162206
2559.02 639.744 1211162266
2523.56 634.161 1211162327
2052 599.549 1211162387
1813.56 455.519 1211162447
1841.93 89.3155 1211162482
1857.88 -131.739 1211162546
2118.48 -119.458 1211162575
2395.92 -266.824 1211162633
2406.56 -403.024 1211162674
2306.4 -151.834 1211162735
2254.99 368.433 1211162795
2112.28 608.481 1211162857
1641.6 568.287 1211162920
1437.73 551.539 1211162977
1197.52 532.558 1211163038
759.64 502.413 1211163099
605.407 848.537 1211163159
490.176 1193.56 1211163219
327.966 1276.19 1211163270
294.283 1505.1 1211163327
72.6843 1597.78 1211163387
-292.51 1537.48 1211163421
-646.182 1715.03 1211163482
-649.727 1737.36 1211163548
-611.612 1696.05 1211163602
-204.757 1797.66 1211163662
-321.761 2522.42 1211163722
-346.58 2697.76 1211163782
-398.877 2992.6 1211163842
-475.107 3508.6 1211163902
-544.246 3912.93 1211163963
-606.294 4294.95 1211164023
-631.999 4458.04 1211164089
-721.525 5022.16 1211164145
-410.401 5123.82 1211164206
27.4782 5120.47 1211164266
335.057 5051.21 1211164328
365.195 5082.49 1211164362
366.081 5082.49 1211164364
366.081 5083.6 1211164384
366.081 5085.84 1211164445
195.007 5056.79 1211164505
172.847 5040.04 1211164553
443.197 4831.14 1211164613
914.759 4900.4 1211164673
972.375 4678.1 1211164734
1022.9 4346.33 1211164794
1095.58 3883.89 1211164855
1116.86 3742.04 1211164896
1116.86 3742.04 1211164900
1129.27 3658.27 1211164961
1286.16 3595.72 1211165020
1434.19 3620.29 1211165046
1275.52 3800.12 1211165104
1221.45 4086.07 1211165164
1209.04 4150.85 1211165209
1097.36 4084.95 1211165273
825.233 4033.57 1211165365
818.142 4039.15 1211165409
897.918 3936.39 1211165469
1224.11 3982.19 1211165530
2214.21 4132.98 1211165590
2638.8 4220.11 1211165650
3078.45 4205.59 1211165710
3170.63 3676.14 1211165775
3431.23 3132.21 1211165830
3807.06 2816.14 1211165890
4717.39 3825.81 1211165950
5699.52 4935.03 1211166005
6491.95 5921.5 1211166068
9482.65 6842.16 1211166158
10941.7 7111.45 1211166213
12326.2 6605.28 1211166274
11602 5284.69 1211166331
12858.9 4740.65 1211166393
14237.3 4275.96 1211166439
15481.8 3444.94 1211166494
16816.7 2921.12 1211166554
16990.4 2804.97 1211166615
16853 3241.66 1211166675
16725.4 3329.9 1211166696
16725.4 3329.9 1211166697
16724.5 3331.01 1211166757
16727.1 3327.66 1211166817
16727.1 3322.08 1211166878
16874.3 3463.92 1211166938
17076.4 3644.87 1211166998
17420.3 3822.46 1211167058
18200.3 4181.01 1211167118
18341.3 4539.58 1211167178
17964.6 4955.14 1211167240
16609.3 5612.03 1211167297
15750.3 6860.04 1211167349
14336.5 7323.76 1211167395
12889.9 7454.5 1211167447
11425.6 7263.42 1211167501
10805.1 7191.9 1211167561
9356.78 6820.93 1211167620
7946.53 6492.43 1211167668
6556.66 5911.44 1211167723
5559.47 4760.76 1211167778
4584.43 3616.94 1211167829
3577.49 2882.03 1211167889
3536.71 3298.62 1211167950
3287.64 3129.97 1211168010
2892.31 3007.12 1211168071
2736.3 2966.91 1211168132
2541.29 2778.17 1211168193
2250.56 2467.7 1211168253
1963.36 2198.56 1211168314
1471.41 1694.93 1211168376
1182.45 1403.48 1211168437
1154.97 1344.3 1211168482
870.439 1066.27 1211168542
629.34 1266.14 1211168603
586.793 1521.85 1211168652
567.292 1633.51 1211168712
248.19 1627.93 1211168774
-445.856 1515.15 1211168832
-916.532 1525.2 1211168896
-976.807 1899.28 1211168953
-974.147 2057.85 1211168998
-974.147 2057.85 1211169000
-600.975 2122.62 1211169061
-255.282 2037.75 1211169121
-155.119 1423.58 1211169181
-98.3898 1235.99 1211169241
438.765 1333.14 1211169305
589.452 1142.2 1211169366
591.225 864.169 1211169422
596.543 786.01 1211169482
596.543 781.544 1211169491
1014.92 639.744 1211169549
1357.07 539.257 1211169609
1590.19 554.889 1211169669
2239.92 607.365 1211169729
2500.52 625.229 1211169789
3333.73 685.522 1211169850
3543.8 418.675 1211169910
3736.15 163.002 1211169971
3819.47 -277.988 1211170032
4189.99 -265.708 1211170093
4041.07 -539.222 1211170155
4043.73 -514.662 1211170161
3974.59 -550.386 1211170221
3815.04 -955.615 1211170283
3568.62 -1119.71 1211170346
3567.74 -1119.71 1211170401
3303.59 -1173.29 1211170462
2606 -1258.13 1211170522
1966.91 -1326.22 1211170584
1333.14 -1342.97 1211170644
1173.59 -1624.26 1211170693
980.352 -1662.21 1211170726
975.92 -1699.04 1211170786
980.352 -1694.58 1211170847
979.466 -1697.93 1211170907
979.466 -1697.93 1211170967
978.579 -1700.16 1211171027
982.125 -1703.51 1211171087
981.239 -1701.28 1211171147
985.671 -1699.04 1211171207
981.239 -1701.28 1211171268
985.671 -1701.28 1211171329
981.239 -1706.86 1211171390
978.579 -1699.04 1211171451
975.034 -1690.11 1211171514
972.375 -1685.65 1211171572
976.807 -1695.69 1211171633
969.716 -1693.46 1211171693
970.602 -1693.46 1211171754
981.239 -1699.04 1211171814
979.466 -1702.39 1211171875
973.261 -1697.93 1211171933
973.261 -1697.93 1211171995
975.034 -1697.93 1211172054
975.92 -1699.04 1211172114
978.579 -1700.16 1211172175
978.579 -1701.28 1211172234
975.92 -1701.28 1211172294
974.147 -1700.16 1211172354
980.352 -1701.28 1211172415
976.807 -1702.39 1211172475
975.034 -1701.28 1211172536
978.579 -1700.16 1211172597
983.011 -1701.28 1211172657
983.898 -1703.51 1211172682
984.784 -1701.28 1211172744
981.239 -1701.28 1211172771
978.579 -1703.51 1211172831
980.352 -1700.16 1211172891
975.034 -1709.09 1211172951
974.147 -1709.09 1211173011
981.239 -1711.32 1211173073
975.92 -1709.09 1211173132
991.875 -1711.32 1211173193
994.535 -1707.97 1211173254
994.535 -1706.86 1211173302
998.08 -1703.51 1211173360
993.648 -1706.86 1211173420
989.216 -1715.79 1211173481
994.535 -1712.44 1211173541
996.307 -1712.44 1211173601
987.443 -1707.97 1211173661
977.693 -1700.16 1211173721
983.898 -1702.39 1211173781
982.125 -1697.93 1211173841
969.716 -1712.44 1211173907
980.352 -1715.79 1211173962
990.103 -1703.51 1211174026
979.466 -1709.09 1211174084
980.352 -1707.97 1211174147
988.33 -1704.62 1211174206
987.443 -1696.81 1211174269
987.443 -1696.81 1211174316
1307.43 -1806.2 1211174376
1466.98 -1502.59 1211174437
1549.42 -1134.22 1211174500
1535.24 -889.753 1211174529
1925.25 -1024.83 1211174589
1964.25 -1668.91 1211174648
1694.79 -1638.77 1211174688
1693.9 -1638.77 1211174689
1693.9 -1638.77 1211174698
1693.01 -1637.65 1211174747
1555.62 -1538.31 1211174809
1560.05 -1301.66 1211174868
1440.39 -887.52 1211174931
1323.39 -756.91 1211174958
1319.84 -717.838 1211174981
1098.24 -553.735 1211175041
1006.94 -567.131 1211175068
1287.93 -539.222 1211175129
1580.44 -520.244 1211175189
1872.95 -497.916 1211175250
1842.81 109.412 1211175310
1799.38 742.465 1211175371
1791.4 759.213 1211175382
1783.43 807.225 1211175442
1586.65 564.937 1211175502
1262.23 543.723 1211175562
1046.83 525.859 1211175625
606.294 725.717 1211175684
603.635 788.243 1211175745
511.45 1131.03 1211175806
374.058 1323.09 1211175856
-13.2959 1262.79 1211175911
-128.527 1323.09 1211175941
-143.596 1423.58 1211175984
376.718 943.445 1211176106
405.969 672.123 1211176163
425.469 480.083 1211176225
439.652 224.407 1211176279
438.765 222.174 1211176283
288.078 103.829 1211176343
99.2762 87.0826 1211176404
51.4109 246.737 1211176464
49.6381 248.97 1211176467
46.9789 288.046 1211176528
1.77279 854.12 1211176587
-150.687 1436.98 1211176647
-416.605 1518.5 1211176707
-1129.27 1396.78 1211176767
-1650.47 1430.28 1211176828
-2086.57 1581.03 1211176888
-2988.92 1467.13 1211176950
-3844.29 1419.12 1211177008
-4322.06 1833.4 1211177068
-4361.95 2482.22 1211177128
-4668.64 2637.45 1211177189
-4676.62 2635.22 1211177204
-4676.62 2635.22 1211177214
-4675.73 2634.1 1211177279
-4731.57 2225.36 1211177337
-4559.61 2205.26 1211177394
-4352.2 2211.96 1211177459
-3965.73 2236.53 1211177513
-3932.05 2259.98 1211177573
-4254.69 2244.35 1211177633
-5005.47 2197.45 1211177697
-5765.11 2157.24 1211177754
-6382.93 2215.31 1211177814
-6542.48 2192.98 1211177841
-6530.07 2192.98 1211177843
-6080.67 2181.81 1211177901
-5475.26 2156.13 1211177961
-4854.78 2186.28 1211178024
-4419.56 2213.08 1211178082
-3792.88 2251.05 1211178145
-3090.86 2287.9 1211178203
-2543.07 2314.7 1211178263
-2225.74 2339.27 1211178283
-1290.59 2439.78 1211178343
-1003.4 2003.14 1211178403
-911.213 1433.63 1211178466
-1005.17 1105.35 1211178523
-628.454 1170.11 1211178585
-144.482 1229.29 1211178628
163.983 1276.19 1211178689
374.058 1316.39 1211178728
287.192 1538.6 1211178813
286.305 1606.71 1211178873
278.328 1615.65 1211178933
228.69 1730.66 1211178970
-188.802 1644.68 1211179025
-144.482 1364.4 1211179086
-92.185 1116.51 1211179150
7.09116 740.232 1211179205
58.502 94.8978 1211179265
102.822 -496.8 1211179326
139.164 -986.872 1211179386
246.418 -1431.15 1211179446
274.782 -1428.92 1211179468
304.033 -1417.75 1211179505
305.806 -1412.17 1211179565
172.847 -1356.36 1211179625
344.807 -1118.59 1211179685
623.135 -961.197 1211179738
743.685 -946.685 1211179776
1037.97 -928.824 1211179836
1525.48 -1067.25 1211179901
1741.77 -1195.62 1211179957
1742.65 -1206.78 1211179959
1721.38 -1225.76 1211180021
1536.12 -975.709 1211180081
1531.69 -857.38 1211180099
1521.05 -526.942 1211180159
1496.23 -145.136 1211180219
1028.22 -21.2123 1211180279
757.867 139.556 1211180339
433.447 112.761 1211180400
425.469 637.511 1211180632
604.521 688.871 1211180633
208.303 786.01 1211180679
63.8204 1055.1 1211180736
-0.886394 1449.27 1211180783
-0.886394 1448.15 1211180784
-23.0463 1575.45 1211180844
-174.62 1538.6 1211180907
-183.484 1535.25 1211180965
-189.688 1516.26 1211181025
-202.098 1516.26 1211181086
-203.871 1516.26 1211181109
-196.78 1515.15 1211181168
-160.437 1470.48 1211181211
553.997 1568.75 1211181322
565.52 1654.73 1211181384
553.11 1730.66 1211181420
408.628 1653.61 1211181480
32.7966 1584.38 1211181540
-646.182 1474.95 1211181600
-1061.9 1200.26 1211181663
-1298.57 1163.41 1211181694
-1298.57 1163.41 1211181696
-1220.57 1062.92 1211181756
-752.549 1137.73 1211181816
-150.687 1234.87 1211181876
250.85 1300.75 1211181936
487.517 1338.72 1211182000
574.384 1137.73 1211182058
586.793 863.052 1211182118
399.764 636.395 1211182178
96.617 322.657 1211182239
70.0252 81.5004 1211182292
448.516 189.797 1211182352
425.469 456.636 1211182412
611.612 826.206 1211182472
1009.6 1225.94 1211182535
1301.23 1673.71 1211182592
1280.84 1832.28 1211182652
1164.72 2578.26 1211182716
1487.37 2777.05 1211182774
1669.08 2705.58 1211182836
1672.63 2699.99 1211182848
1715.17 2821.73 1211182905
2074.16 2896.55 1211182965
1861.43 2955.75 1211183025
1732.01 2735.73 1211183085
1833.95 2073.49 1211183145
2252.33 2467.7 1211183207
2323.24 2543.64 1211183239
2057.32 2285.67 1211183298
1622.1 2266.68 1211183362
1102.67 2182.93 1211183420
527.405 2092.47 1211183482
66.4796 2019.89 1211183541
-239.326 1966.28 1211183602
-819.915 1873.6 1211183662
-1010.49 1745.18 1211183722
-1661.1 1639.1 1211183783
-1667.31 1639.1 1211183792
-1714.29 1633.51 1211183812
-1661.99 1631.28 1211183873
-970.602 1744.06 1211183932
-585.907 1806.6 1211183993
-210.075 1765.28 1211184054
-17.7279 1470.48 1211184114
202.098 1292.94 1211184174
551.337 1136.61 1211184236
590.339 877.567 1211184295
269.464 506.879 1211184355
51.4109 171.933 1211184417
104.595 84.8497 1211184477
103.708 84.8497 1211184537
104.595 87.0826 1211184598
104.595 84.8497 1211184658
101.935 84.8497 1211184719
101.935 85.9662 1211184779
106.367 90.432 1211184843
105.481 91.5484 1211184900
105.481 85.9662 1211184961
103.708 82.6168 1211185022
100.163 85.9662 1211185082
101.049 84.8497 1211185142
123.209 89.3155 1211185203
82.4347 293.629 1211185264
102.822 317.075 1211185325
103.708 315.958 1211185329
210.075 419.792 1211185364
456.493 671.007 1211185426
880.19 1091.95 1211185484
1175.36 1334.25 1211185538
1175.36 1335.37 1211185539
1174.47 1339.84 1211185600
1213.47 1422.47 1211185660
1326.93 1607.83 1211185721
1551.19 1826.7 1211185781
1638.94 1966.28 1211185843
1944.75 2257.75 1211185903
2150.39 2397.34 1211185964
2277.15 2444.25 1211186024
2313.49 2397.34 1211186085
2410.99 2647.5 1211186148
2750.48 2724.56 1211186206
2953.47 2916.66 1211186267
2818.73 3073.01 1211186328
2519.13 2750.25 1211186388
2351.6 2591.66 1211186448
2085.69 2322.52 1211186508
1880.04 2090.24 1211186568
1669.08 2214.2 1211186633
1462.55 2885.38 1211186691
1390.75 3041.74 1211186736
1255.13 3062.96 1211186796
1256.91 2882.03 1211186856
1398.73 2748.02 1211186917
1244.5 2938.99 1211186977
1691.24 2969.15 1211187043
1833.06 2835.13 1211187103
2051.12 2570.44 1211187165
2225.74 2474.4 1211187223
2512.04 2191.86 1211187283
2840.01 1874.71 1211187345
3315.12 1332.02 1211187405
3831 -54.7053 1211187455
3822.13 -1014.78 1211187515
3714.88 -907.614 1211187576
3570.4 -981.29 1211187636
3572.17 -1000.27 1211187697
3604.97 -987.988 1211187760
3644.85 -922.126 1211187819
3642.19 -924.359 1211187879
