3268.14 2646.39 1212742457
3268.14 2646.39 1212742458
3268.14 2647.5 1212742462
3269.02 2647.5 1212742463
3269.02 2647.5 1212742469
3270.8 2648.62 1212742499
3272.57 2647.5 1212742522
3272.57 2647.5 1212742526
3352.34 2962.45 1212742586
3300.05 2949.04 1212742612
3077.56 2725.68 1212742645
2847.99 2519.07 1212742703
2547.5 2157.24 1212742763
3079.33 1616.76 1212742824
3713.99 581.685 1212742877
3397.55 270.183 1212742934
3386.03 139.556 1212742968
3370.07 491.248 1212743029
2847.1 662.075 1212743089
2510.27 637.511 1212743117
2142.42 608.481 1212743177
1786.97 581.685 1212743237
1431.53 554.889 1212743288
843.848 507.995 1212743348
856.257 51.3563 1212743408
897.918 -536.989 1212743468
939.578 -1094.04 1212743528
976.807 -1580.72 1212743589
978.579 -1633.19 1212743610
978.579 -1633.19 1212743611
1296.8 -1810.66 1212743671
1279.07 -1911.12 1212743707
1422.66 -2293.96 1212743767
1365.93 -2793.97 1212743827
943.124 -2981.46 1212743887
843.848 -3208.02 1212743948
1467.87 -3174.54 1212744008
2831.14 -3310.69 1212744069
3199 -4800.39 1212744122
2805.44 -5359.38 1212744181
2537.75 -5148.51 1212744241
2538.63 -5147.4 1212744256
2200.92 -5204.3 1212744317
1843.7 -5415.17 1212744378
1443.05 -5611.53 1212744438
710.888 -5418.52 1212744499
-295.169 -4975.57 1212744558
-458.266 -4862.88 1212744579
-45.2061 -4174.42 1212744639
246.418 -3689 1212744700
733.935 -3074.09 1212744760
1040.63 -2411.15 1212744821
1160.29 -2109.8 1212744862
1388.98 -1659.98 1212744904
1614.12 -1335.15 1212744964
1721.38 -822.774 1212745024
1677.06 -242.264 1212745086
1595.51 847.42 1212745149
1551.19 1471.6 1212745209
1730.24 1922.73 1212745267
1610.58 2578.26 1212745328
1712.51 2809.44 1212745376
1712.51 2809.44 1212745378
1736.45 2817.26 1212745402
2327.67 2905.49 1212745462
2336.54 2588.31 1212745525
2296.65 2593.9 1212745543
2182.3 2578.26 1212745601
1677.94 2490.04 1212745660
1566.26 2851.88 1212745721
1454.57 2883.15 1212745786
1384.55 3071.9 1212745842
1347.32 3261.77 1212745902
1337.57 3265.12 1212745913
1360.62 3212.62 1212745976
1430.64 2784.87 1212746034
1604.37 2685.47 1212746094
1606.15 2686.59 1212746145
1605.26 2685.47 1212746147
1452.8 2625.17 1212746207
1455.46 2624.05 1212746230
1421.78 2865.28 1212746290
1382.78 3127.74 1212746351
1318.07 3285.22 1212746412
1314.52 3284.1 1212746472
1314.52 3284.1 1212746493
1315.41 3285.22 1212746499
1341.11 3308.67 1212746559
1425.32 2846.3 1212746619
1561.83 2800.51 1212746684
1761.27 2632.98 1212746744
1753.29 2610.65 1212746758
1332.25 2431.96 1212746819
877.53 2357.14 1212746879
