3697.15 -976.825 1212839722
3712.22 -977.942 1212839724
3731.72 -963.43 1212839784
3730.83 -963.43 1212839844
3731.72 -964.546 1212839904
3730.83 -964.546 1212839964
3728.18 -943.336 1212840025
3630.67 -981.29 1212840079
3601.42 -982.407 1212840138
3598.76 -984.639 1212840200
3597.88 -984.639 1212840261
3597.88 -983.523 1212840320
3597.88 -983.523 1212840380
3591.67 -984.639 1212840434
3487.08 -1047.15 1212840493
3816.81 -902.032 1212840553
3193.68 -2254.89 1212840611
1918.16 -3084.14 1212840656
456.493 -3097.53 1212840702
-869.553 -3723.59 1212840747
-1415.57 -5165.25 1212840795
-2804.55 -5649.46 1212840841
-3135.18 -7137.63 1212840888
-2826.71 -9792.01 1212840968
-2703.5 -10728.6 1212841007
-2702.62 -10728.6 1212841008
-2138.87 -10568.1 1212841068
-1404.05 -10463.3 1212841128
-1515.73 -10454.4 1212841188
-1472.3 -10447.7 1212841248
-1822.43 -10541.3 1212841310
-2526.22 -9998.3 1212841369
-3168.86 -9107.31 1212841431
-3063.38 -7611.69 1212841473
-3160 -6078.98 1212841521
-3372.73 -4637.49 1212841580
-3537.6 -3615.35 1212841660
-3569.51 -3157.79 1212841702
-4150.99 -3091.95 1212841763
-4178.46 -3035.03 1212841823
-4178.46 -3036.15 1212841883
-4178.46 -3035.03 1212841944
-4177.58 -3035.03 1212841956
-3541.15 -2860.93 1212842012
-3471.12 -3385.46 1212842072
-3488.85 -4513.63 1212842133
-3154.68 -5295.79 1212842194
-3183.93 -6786.25 1212842242
-3175.06 -8332.21 1212842292
-2808.1 -9825.46 1212842342
-2433.15 -11275 1212842391
-1439.5 -12406.5 1212842436
-486.631 -13562.4 1212842484
341.262 -14802.9 1212842539
1630.97 -14118.6 1212842587
2911.81 -14637.9 1212842648
3283.21 -16087.7 1212842700
4253.81 -16166.8 1212842760
4472.75 -16200.2 1212842839
4250.26 -15966.3 1212842901
3283.21 -15858.2 1212842959
2966.76 -14419.5 1212843001
1514.85 -14148.7 1212843053
106.367 -14487.5 1212843096
-726.843 -13194.6 1212843140
-1641.6 -12015.2 1212843184
-2629.93 -10887 1212843225
-3070.47 -9350.42 1212843272
-3062.49 -7820.27 1212843319
-3171.52 -6336.69 1212843363
-3251.29 -4852.84 1212843419
-3491.51 -4426.6 1212843479
-3456.94 -3391.04 1212843540
-3463.14 -3257.12 1212843555
-3517.21 -2262.71 1212843615
-3355 -1888.8 1212843695
-3385.14 -1888.8 1212843755
-3383.37 -1895.49 1212843816
-3384.25 -1901.07 1212843878
-3387.8 -1887.68 1212843936
-3386.91 -1891.03 1212843996
-3384.25 -1888.8 1212844057
-3382.48 -1893.26 1212844117
-3382.48 -1898.84 1212844149
-3382.48 -1899.96 1212844209
-3381.59 -1896.61 1212844270
-3381.59 -1893.26 1212844330
-3381.59 -1893.26 1212844391
-3382.48 -1893.26 1212844446
-3431.23 -1903.31 1212844505
-3557.1 -1509.29 1212844565
-3596.99 -732.351 1212844625
-3655.49 180.865 1212844690
-3527.85 596.2 1212844746
-3064.27 620.763 1212844806
-3100.61 414.209 1212844872
-3498.6 392.996 1212844926
-3657.26 384.064 1212844973
-3696.26 379.598 1212845033
-3682.08 591.734 1212845085
-3368.3 1368.87 1212845146
-3204.32 1761.93 1212845180
-3623.58 2057.85 1212845265
-3600.53 2258.87 1212845323
-3250.41 2282.32 1212845386
-2546.61 2322.52 1212845445
-1904.86 2362.72 1212845494
-1221.45 2458.77 1212845555
-356.331 2595.01 1212845616
387.354 2722.33 1212845676
956.42 2811.67 1212845737
1121.29 2725.68 1212845797
1439.5 2772.59 1212845857
2080.37 2861.93 1212845922
2358.7 2905.49 1212845978
2614.86 2868.63 1212846017
2611.32 2869.75 1212846019
2676.91 2869.75 1212846053
2858.62 3014.94 1212846119
3012.85 3227.14 1212846174
3005.76 3234.96 1212846233
2999.56 3248.36 1212846294
3313.34 3324.31 1212846354
3406.41 3343.3 1212846417
3386.03 3297.51 1212846474
3388.69 3316.49 1212846502
3402.87 3322.08 1212846558
3392.23 3329.9 1212846618
3352.34 3271.82 1212846678
3334.62 3297.51 1212846739
3340.82 3353.35 1212846800
3363.87 3331.01 1212846859
3362.09 3346.65 1212846919
3365.64 3337.71 1212846980
3397.55 3317.61 1212847043
3403.75 3327.66 1212847101
3409.96 3315.38 1212847161
3405.53 3315.38 1212847223
3420.6 3339.95 1212847288
3425.03 3323.19 1212847344
3418.82 3334.36 1212847404
3420.6 3338.83 1212847464
3427.69 3351.12 1212847528
3410.85 3319.84 1212847587
3450.73 3434.88 1212847646
3355 3563.33 1212847707
3402.87 3366.75 1212847775
3395.78 3386.86 1212847830
3396.66 3380.16 1212847888
3391.35 3392.44 1212847950
3400.21 3368.99 1212848007
3406.41 3355.58 1212848070
3409.96 3337.71 1212848127
3409.07 3351.12 1212848188
3406.41 3361.17 1212848224
3698.04 3635.93 1212848288
3810.61 3753.21 1212848344
3806.18 3743.16 1212848410
3364.75 4387.66 1212848523
2615.75 5228.83 1212848583
2320.58 5380.77 1212848611
2320.58 5381.88 1212848612
2083.91 5405.35 1212848678
1918.16 5396.41 1212848694
1848.13 5365.13 1212848834
1833.95 5376.3 1212848895
1763.92 5322.67 1212848961
1764.81 5324.91 1212849016
1765.7 5320.44 1212849082
1764.81 5317.09 1212849136
1764.81 5318.21 1212849196
1763.92 5319.32 1212849256
1764.81 5315.97 1212849319
1764.81 5319.32 1212849437
1764.81 5318.21 1212849496
1757.72 5324.91 1212849558
1763.92 5323.79 1212849622
1763.04 5317.09 1212849675
1763.92 5320.44 1212849802
1763.92 5319.32 1212849866
1790.52 5171.86 1212849923
1383.66 4988.65 1212850024
1340.23 4981.95 1212850038
936.033 4833.37 1212850098
870.439 4588.73 1212850149
530.95 4529.53 1212850210
-23.9326 4442.4 1212850270
-610.726 4349.68 1212850333
-806.619 4579.79 1212850390
-843.848 4798.74 1212850450
-812.824 4583.15 1212850523
-695.82 4435.69 1212850572
-623.135 4356.38 1212850633
-573.497 4052.56 1212850693
-556.656 3937.51 1212850720
-535.382 3610.24 1212850777
-599.203 3265.12 1212850844
-581.475 3089.77 1212850863
-1157.63 2998.19 1212850915
-1599.06 2931.17 1212850978
-1779.88 2669.84 1212851040
-1816.22 2377.24 1212851096
-2172.55 2358.26 1212851161
-2613.98 2330.34 1212851220
-3209.63 2297.95 1212851268
-3440.98 2284.55 1212851327
-3956.86 2255.52 1212851392
-4238.74 2241 1212851448
-4681.05 2213.08 1212851509
-5024.08 2194.1 1212851547
-5404.35 2354.91 1212851606
-5317.48 2177.34 1212851666
-5652.54 2155.01 1212851726
-5957.46 2000.9 1212851786
-5949.48 1979.68 1212851849
-5949.48 1979.68 1212851909
-5950.37 1978.57 1212851966
-5950.37 1978.57 1212852026
-5951.25 1980.8 1212852074
-5951.25 1981.92 1212852117
-5951.25 1979.68 1212852179
-5951.25 1979.68 1212852238
-5951.25 1979.68 1212852302
-5950.37 1979.68 1212852361
-5950.37 1979.68 1212852419
-5949.48 1978.57 1212852480
-5950.37 1979.68 1212852541
-5950.37 1979.68 1212852603
-5950.37 1980.8 1212852662
-5951.25 1978.57 1212852722
-5951.25 1977.45 1212852782
-5950.37 1977.45 1212852842
-5945.93 1977.45 1212852907
-5947.71 1978.57 1212852962
-5948.59 1979.68 1212853027
-5948.59 1979.68 1212853083
-5945.93 1976.33 1212853146
-5947.71 1976.33 1212853204
-5948.59 1976.33 1212853264
-5950.37 1978.57 1212853325
-5951.25 1979.68 1212853386
-5951.25 1978.57 1212853477
-5952.14 1977.45 1212853535
-5953.03 1977.45 1212853595
-5947.71 1975.22 1212853655
-5946.82 1974.1 1212853715
-5949.48 1977.45 1212853778
-5956.57 1977.45 1212853838
-5952.14 1977.45 1212853896
-5949.48 1976.33 1212853959
-5949.48 1976.33 1212854020
-5950.37 1980.8 1212854078
-5950.37 1981.92 1212854138
-5784.61 2134.91 1212854199
-5186.29 2170.64 1212854260
-4699.66 2190.74 1212854308
-4698.78 2191.86 1212854369
-4700.55 2190.74 1212854425
-4393.86 2216.43 1212854486
-3896.59 2245.47 1212854546
7871.18 8817.91 1212854618
5741.18 7475.73 1212854645
3775.15 6299.13 1212854649
1949.18 5194.2 1212854659
406.855 4265.91 1212854663
-1059.24 3396.91 1212854669
-2378.2 2619.58 1212854695
-2574.09 2376.13 1212854721
-2576.75 2318.05 1212854758
-2202.69 2338.16 1212854817
-1618.56 2252.17 1212854877
-1565.37 1943.95 1212854937
-1100.9 1936.13 1212854997
-941.351 1623.46 1212855061
-1275.52 1372.22 1212855115
-1822.43 864.169 1212855176
-2340.08 667.657 1212855236
-2434.93 660.958 1212855267
-2505.84 104.946 1212855330
-2108.73 -1274.87 1212855419
-2494.31 -1853.08 1212855481
-2665.39 -2306.24 1212855539
-2803.67 -2817.41 1212855599
-2872.8 -2835.26 1212855660
-2874.58 -2834.15 1212855719
-2873.69 -2837.49 1212855779
-2872.8 -2839.73 1212855806
-2872.8 -3311.8 1212855871
-3159.11 -3269.4 1212855935
-3280.55 -4751.3 1212856050
-3277 -4753.53 1212856102
-3148.47 -5710.82 1212856168
-3106.81 -7207.9 1212856214
-3192.79 -8685.75 1212856268
-1286.16 -12722 1212856403
-332.398 -13876.7 1212856451
718.866 -14641.3 1212856513
1257.79 -14322.5 1212856535
2715.91 -14113 1212856589
3100.61 -15425.8 1212856645
3818.59 -16239.2 1212856702
4533.91 -16113.3 1212856764
4382.33 -15859.3 1212856827
4382.33 -15860.4 1212856848
4381.45 -15859.3 1212856906
4226.33 -15985.2 1212856968
3343.48 -16067.7 1212857026
2974.74 -14563.3 1212857072
1572.46 -14120.8 1212857128
209.189 -14574.4 1212857178
-624.022 -13339.5 1212857226
-1562.71 -12116.7 1212857272
-2588.27 -11037.5 1212857317
-2930.42 -9579.02 1212857365
-3123.65 -8097.99 1212857404
-3170.63 -6574.3 1212857452
-3193.68 -5048.09 1212857510
-3329.3 -4695.51 1212857570
-3487.08 -4273.73 1212857630
-3451.62 -3455.76 1212857690
-3472.89 -3083.02 1212857750
-3481.76 -2912.27 1212857811
-3510.12 -2373.2 1212857874
-3543.8 -1712.44 1212857933
-3566.85 -1316.17 1212857993
-3624.47 -276.872 1212858080
-3623.58 -276.872 1212858098
-3585.47 -26.7945 1212858150
-3752.11 -34.6095 1212858208
-4117.3 -56.9382 1212858244
-4733.35 -91.5474 1212858305
-4985.97 34.6097 1212858370
-4985.97 -43.541 1212858424
-5290 -121.691 1212858484
-5694.2 -146.252 1212858548
-6109.03 -168.58 1212858609
-6513.23 -161.882 1212858670
-6535.39 -3.34931 1212858732
-6533.61 -3.34931 1212858786
-6533.61 -4.46575 1212858840
-6165.76 32.3768 1212858939
-5680.9 58.055 1212858997
-5098.54 85.9662 1212859055
-4982.42 -101.595 1212859113
-4888.47 -21.2123 1212859142
-4686.37 163.002 1212859197
-4149.21 147.371 1212859257
-3682.97 166.351 1212859324
-3682.08 163.002 1212859378
-3567.74 174.166 1212859400
-3017.29 204.311 1212859463
-2555.48 233.339 1212859520
-2395.92 241.154 1212859590
-2064.41 337.171 1212859640
-1972.23 342.754 1212859706
-1907.52 370.666 1212859763
-1396.07 499.063 1212859823
-1270.2 677.706 1212859881
-1324.27 1031.65 1212859941
-960.852 1105.35 1212860003
-897.031 1412.42 1212860062
-962.624 1812.18 1212860121
-1023.79 2201.91 1212860186
-1032.65 2455.42 1212860242
-909.441 2471.05 1212860302
-678.978 2511.25 1212860324
-387.354 2591.66 1212860358
-101.049 2628.52 1212860388
242.872 2614 1212860439
291.624 2382.83 1212860500
352.785 2162.83 1212860559
1001.63 2275.62 1212860632
1182.45 2309.12 1212860696
1402.28 2353.79 1212860753
1755.95 2404.04 1212860813
1755.06 2398.46 1212860873
1755.95 2398.46 1212860936
1756.83 2398.46 1212860993
1916.38 2423.03 1212861054
1894.22 2663.14 1212861116
1736.45 2940.11 1212861171
1404.05 2880.92 1212861229
1410.25 2882.03 1212861290
1333.14 2882.03 1212861350
1277.29 2946.81 1212861410
1215.25 3196.99 1212861473
1195.75 3381.27 1212861531
1251.59 3621.41 1212861569
1186 3702.95 1212861629
1157.63 3600.19 1212861696
1139.02 3556.63 1212861750
1147.88 3564.45 1212861809
1164.72 3582.32 1212861869
1164.72 3574.5 1212861935
1164.72 3572.27 1212861990
1171.81 3609.12 1212862054
1316.3 3447.17 1212862111
1225.88 3385.74 1212862172
1186.88 3282.99 1212862233
1200.18 3176.88 1212862294
1275.52 2869.75 1212862342
1315.41 2540.29 1212862406
1570.69 2579.38 1212862467
1744.42 2610.65 1212862524
2053.78 2656.44 1212862587
2650.32 2450.95 1212862647
2845.33 2259.98 1212862709
3141.38 2773.7 1212862886
3061.61 2835.13 1212862914
3064.27 2837.36 1212862933
3013.74 2885.38 1212862976
3383.37 3303.09 1212863038
3483.53 3582.32 1212863098
3132.52 3387.97 1212863157
2676.91 3240.54 1212863221
2567.88 3262.88 1212863277
2395.92 3246.13 1212863339
1817.11 3159.01 1212863397
1278.18 3061.85 1212863457
1255.13 2857.46 1212863520
1301.23 2546.99 1212863578
1352.64 2291.25 1212863638
1396.96 1968.52 1212863710
1134.58 1779.8 1212863760
663.909 1692.7 1212863823
-5.31837 1582.15 1212863881
-182.597 1515.15 1212863941
-187.916 1500.63 1212864002
-185.256 1482.76 1212864063
-186.143 1486.11 1212864124
-171.961 1481.65 1212864189
-176.392 1499.51 1212864202
-92.185 1043.94 1212864262
-220.712 732.416 1212864322
-656.818 467.801 1212864382
-951.101 188.68 1212864442
-1107.99 -257.893 1212864505
-755.208 -688.813 1212864562
-749.89 -706.675 1212864594
-749.003 -707.791 1212864596
-789.777 -1019.24 1212864660
-821.688 -1441.19 1212864700
-819.915 -1453.47 1212864720
-663.023 -1597.47 1212864779
-636.431 -1589.65 1212864875
-636.431 -1587.42 1212864939
-746.344 -1358.59 1212864995
-489.29 -413.072 1212865056
-649.727 72.5688 1212865115
-202.984 179.749 1212865175
0 256.785 1212865236
183.484 394.112 1212865282
355.444 563.821 1212865340
575.27 792.71 1212865400
749.89 965.776 1212865461
927.169 1145.55 1212865524
1312.75 1656.96 1212865587
1303.89 1777.56 1212865646
1181.56 2491.15 1212865702
1070.76 3233.84 1212865762
962.624 3873.84 1212865827
1581.33 4042.5 1212865886
2242.58 4252.5 1212865946
2242.58 4252.5 1212865963
2232.83 4479.26 1212865994
2293.1 4488.2 1212866024
2293.1 4488.2 1212866025
2386.17 4504.95 1212866079
2243.46 4487.08 1212866138
1772.79 4341.86 1212866201
1857.88 3888.36 1212866258
1915.5 3564.45 1212866319
1928.79 3191.4 1212866379
1392.53 3081.95 1212866440
955.533 3012.7 1212866499
674.546 2868.63 1212866560
546.905 2846.3 1212866619
374.945 2788.22 1212866690
449.402 2328.1 1212866739
485.744 2134.91 1212866798
655.045 1891.46 1212866859
702.024 1713.91 1212866919
930.714 1622.35 1212866986
1025.56 1581.03 1212867022
892.599 1501.75 1212867066
914.759 1318.62 1212867126
941.351 1202.49 1212867170
846.507 1078.55 1212867188
816.369 703.386 1212867303
811.051 704.503 1212867362
813.71 707.852 1212867460
813.71 708.969 1212867499
1006.94 1231.52 1212867683
1304.77 1719.5 1212867746
1215.25 2276.73 1212867802
1122.18 2911.07 1212867852
982.125 3790.07 1212867912
866.007 4428.99 1212867962
803.96 4807.68 1212868021
696.706 4875.82 1212868092
374.058 4827.79 1212868142
45.2061 5110.42 1212868206
-313.784 5141.7 1212868268
-850.052 5056.79 1212868338
-1267.54 4984.18 1212868392
-1380.12 5066.85 1212868444
-1388.09 5062.38 1212868487
-1388.09 5062.38 1212868503
-1351.75 4983.06 1212868556
-1234.75 4984.18 1212868609
-1138.13 5002.05 1212868670
-994.535 5027.75 1212868733
-420.151 5118.24 1212868792
-10.6367 5147.28 1212868851
346.58 4850.13 1212868925
384.695 4620.01 1212868988
413.946 4435.69 1212869038
451.175 4212.29 1212869095
522.086 3780.02 1212869155
598.316 3323.19 1212869215
639.09 3035.04 1212869283
737.48 2772.59 1212869337
1124.83 2736.85 1212869397
1123.95 2733.5 1212869422
1304.77 2763.65 1212869485
1752.4 2826.19 1212869543
1888.91 2913.31 1212869603
1876.5 2885.38 1212869666
1847.25 3040.63 1212869724
1522.83 3110.99 1212869786
1088.49 3123.27 1212869848
998.08 3611.36 1212869912
885.508 4316.17 1212869967
481.312 4417.82 1212870030
154.233 4364.2 1212870090
-6.20476 4338.51 1212870149
-178.165 4373.14 1212870210
-178.165 4372.02 1212870273
-177.279 4372.02 1212870330
-156.005 4278.19 1212870455
-116.118 4014.58 1212870512
-62.934 3681.72 1212870573
-13.2959 3355.58 1212870635
-13.2959 3364.52 1212870704
-1.77279 3303.09 1212870758
35.4558 3036.16 1212870814
88.6394 2826.19 1212870876
148.914 2397.34 1212870938
165.756 2265.57 1212870974
206.53 2090.24 1212871039
228.69 1854.61 1212871094
265.032 1631.28 1212871160
551.337 1565.4 1212871215
1000.74 1631.28 1212871278
1045.95 1483.88 1212871338
1635.4 1061.8 1212871398
2699.07 647.56 1212871461
2940.17 -1198.97 1212871576
