-5224.41 10714.8 1211591088
-4502.88 9574.59 1211591155
-4116.42 8146.24 1211591201
-3811.5 6799.7 1211591258
-1104.45 4563.04 1211591475
-28.3646 4403.3 1211591655
11.5231 4121.81 1211591714
-392.673 3958.73 1211591775
-514.109 3681.72 1211591833
-737.48 3477.33 1211591894
-898.804 3459.46 1211591927
-934.26 3451.64 1211591934
-987.443 3056.26 1211591996
-867.78 3051.79 1211592048
-867.78 3051.79 1211592065
-575.27 3088.65 1211592073
-146.255 2943.46 1211592133
475.994 3042.86 1211592194
928.055 3084.18 1211592254
962.624 2853 1211592315
1011.38 2561.51 1211592375
1108.88 1939.48 1211592435
858.03 1830.05 1211592495
854.484 1830.05 1211592499
997.194 1954 1211592564
1241.84 1994.2 1211592628
1380.12 2009.84 1211592679
1566.26 1920.5 1211592742
1842.81 2064.55 1211592802
2059.98 2264.45 1211592862
2259.42 2477.75 1211592920
2505.84 2717.86 1211592970
2542.18 2771.47 1211593032
2457.09 2692.18 1211593091
1981.09 2540.29 1211593156
1601.71 2640.8 1211593215
1446.6 2767 1211593277
1440.39 2773.7 1211593302
1440.39 2773.7 1211593306
1439.5 2774.82 1211593336
1559.17 2971.38 1211593418
1490.03 3346.65 1211593479
1445.71 3631.46 1211593539
1387.21 3975.49 1211593605
1349.09 4221.22 1211593661
1574.24 4375.37 1211593721
1560.05 4765.23 1211593786
2001.48 5294.75 1211593987
2001.48 5294.75 1211594071
2001.48 5294.75 1211594083
2002.37 5298.1 1211594152
2081.25 5219.9 1211594208
2136.21 4907.1 1211594261
2235.49 4494.9 1211594323
2282.47 4456.92 1211594375
2282.47 4456.92 1211594380
2428.72 4331.81 1211594438
2449.99 4311.7 1211594477
2489 4284.89 1211594530
2535.97 4233.51 1211594590
2611.32 4170.96 1211594661
2849.76 3965.43 1211594712
3080.22 3682.84 1211594830
2989.81 3296.39 1211594863
2882.55 3144.49 1211594931
2832.03 3196.99 1211594986
2670.71 3499.67 1211595046
2465.06 3469.51 1211595106
2250.56 3438.24 1211595167
1665.54 3341.06 1211595227
1037.08 3325.43 1211595288
967.056 3776.67 1211595349
777.368 4140.8 1211595407
23.9326 4119.58 1211595502
23.9326 4119.58 1211595518
294.283 4163.14 1211595566
296.056 4168.73 1211595641
339.489 3931.92 1211595652
384.695 3663.85 1211595678
444.97 3293.04 1211595740
1196.63 3152.31 1211595917
1632.74 3228.26 1211595977
1957.16 3183.58 1211596040
2082.14 3067.43 1211596096
2101.64 3077.48 1211596097
2109.62 3267.35 1211596158
2045.8 3592.37 1211596217
2000.59 3896.18 1211596278
1928.79 4317.29 1211596337
1901.32 4411.12 1211596359
1980.21 4756.29 1211596424
2046.68 4784.22 1211596663
2050.23 4780.87 1211596723
2051.12 4780.87 1211596783
2052 4780.87 1211597025
2058.21 4779.75 1211597147
2053.78 4775.28 1211597263
2049.34 4779.75 1211597327
