3660.81 -919.893 1211372678
3587.24 -999.151 1211372734
3576.6 -1087.34 1211372800
3717.54 -1153.2 1211372855
3693.61 -1144.27 1211372937
3693.61 -1144.27 1211372994
3433.01 -1153.2 1211373048
2984.49 -1206.78 1211373108
2786.82 -1209.01 1211373133
2322.35 -1315.06 1211373193
1614.12 -1330.69 1211373257
1559.17 -1252.55 1211373277
1524.6 -831.704 1211373337
1490.92 -359.485 1211373405
1444.82 177.516 1211373457
1487.37 369.549 1211373520
1434.19 544.84 1211373579
1218.79 494.597 1211373639
1255.13 50.2399 1211373702
1291.48 -440.981 1211373738
1119.52 -912.079 1211373799
959.965 -931.057 1211373836
598.316 -945.569 1211373959
598.316 -942.22 1211374020
595.657 -941.103 1211374078
592.998 -944.452 1211374144
292.51 -966.778 1211374201
-57.6156 -1005.85 1211374265
137.391 -899.8 1211374319
103.708 -475.589 1211374379
65.5932 42.4248 1211374440
49.6381 248.97 1211374499
23.0463 612.948 1211374560
1.77279 911.064 1211374620
142.71 1280.65 1211374683
452.948 1428.05 1211374750
419.265 1633.51 1211374801
366.967 1961.82 1211374866
346.58 2053.39 1211374887
326.193 2216.43 1211374947
297.829 2361.61 1211374984
456.493 2306.89 1211375019
500.813 2032.17 1211375079
556.656 1689.35 1211375139
631.113 1195.79 1211375199
589.452 863.052 1211375259
640.863 246.737 1211375319
669.228 -177.512 1211375382
716.207 -764.724 1211375440
365.195 -970.127 1211375502
379.377 -1149.85 1211375561
379.377 -1148.73 1211375563
381.15 -1149.85 1211375625
531.837 -1127.52 1211375655
734.821 -980.174 1211375719
666.569 -946.685 1211375740
270.35 -975.709 1211375797
118.777 -637.461 1211375864
76.2299 -64.7532 1211375920
-328.852 234.455 1211376041
-843.848 198.728 1211376099
-1179.79 170.817 1211376162
-1237.41 472.267 1211376225
-1237.41 496.83 1211376281
-1285.27 769.262 1211376342
-1135.47 1079.67 1211376404
-707.343 1146.66 1211376463
-451.175 1187.98 1211376492
-103.708 1119.86 1211376551
-148.028 861.936 1211376612
-141.823 844.071 1211376645
-103.708 1177.93 1211376735
-120.55 1232.64 1211376796
88.6394 1488.35 1211376856
850.052 1605.6 1211376921
1305.66 1110.93 1211376978
2684.89 767.029 1211377039
2885.21 -609.553 1211377099
2488.11 -2074.08 1211377163
2874.58 -3535 1211377208
3295.61 -4986.73 1211377261
3713.99 -6423.7 1211377313
3984.34 -7937.38 1211377365
4135.92 -9439.63 1211377419
3323.98 -10672.9 1211377467
2537.75 -11989.6 1211377527
2612.2 -13104.3 1211377561
2895.85 -14567.7 1211377612
3262.82 -16015.3 1211377661
4271.53 -16163.5 1211377721
4483.38 -15896.1 1211377785
4391.2 -15853.7 1211377846
4392.08 -15855.9 1211377907
4391.2 -15857.1 1211377912
4188.21 -16042 1211377975
4359.29 -16190.2 1211378033
