3663.47 -927.708 1212059511
3678.54 -969.011 1212059571
3646.63 -976.825 1212059631
3612.06 -984.639 1212059691
3581.92 -996.919 1212059752
3581.03 -995.802 1212059755
3089.97 -1186.69 1212059815
2757.57 -234.449 1212059875
2265.62 1031.65 1212059937
1108.88 1299.64 1212059997
1264.88 1455.96 1212060059
1307.43 1758.58 1212060119
1288.82 1835.63 1212060139
1162.06 2603.95 1212060199
1433.3 2746.9 1212060259
1596.4 2655.32 1212060319
1599.94 2655.32 1212060379
1596.4 2658.67 1212060439
1578.67 2743.55 1212060450
1479.39 3301.97 1212060514
1392.53 3427.07 1212060530
1289.7 3683.96 1212060590
953.76 3912.93 1212060650
720.639 4240.21 1212060711
293.397 4172.08 1212060771
18.6143 4116.23 1212060808
68.2524 3720.82 1212060868
146.255 3304.21 1212060931
-402.423 3121.04 1212060990
-1083.17 3014.94 1212061051
-1678.83 2917.77 1212061109
-1473.19 2669.84 1212061169
-1025.56 2514.61 1212061229
-1194.86 2034.4 1212061285
-1800.27 1943.95 1212061323
-1819.77 2016.54 1212061532
-1818.88 2010.95 1212061580
-1703.65 1758.58 1212061640
-1482.05 1241.57 1212061700
-826.12 1338.72 1212061762
-114.345 1455.96 1212061828
559.315 1566.51 1212061881
999.853 1630.16 1212061943
1260.45 1120.98 1212062001
2679.57 784.894 1212062055
2896.74 -739.049 1212062111
2463.29 -2174.53 1212062158
2907.37 -3633.2 1212062205
3344.37 -5061.48 1212062253
3736.15 -6537.49 1212062299
3997.64 -7997.61 1212062345
4117.3 -9489.81 1212062386
2543.07 -12087.7 1212062480
2707.94 -13582.5 1212062527
2987.15 -15039.1 1212062574
4560.5 -16045.4 1212062694
4438.18 -15869.3 1212062787
4439.06 -15869.3 1212062792
4439.06 -15868.2 1212062825
4294.58 -15896.1 1212062885
3785.79 -16205.8 1212062947
3074.9 -15102.7 1212063009
2740.73 -13591.4 1212063056
4116.42 -9543.34 1212063204
4023.34 -8044.45 1212063246
4023.34 -8044.45 1212063272
3755.65 -6555.33 1212063290
3372.73 -5079.34 1212063343
2918.01 -3580.75 1212063383
2476.59 -2154.44 1212063429
2902.94 -689.93 1212063476
2710.59 788.243 1212063534
2404.79 1217.01 1212063594
1884.47 1756.35 1212063654
1632.74 2408.51 1212063714
1532.58 3079.72 1212063774
1466.1 3519.77 1212063839
1446.6 3644.87 1212063849
1362.39 4145.27 1212063909
1462.55 4357.5 1212063965
1635.4 4291.6 1212064024
1640.72 4298.3 1212064084
1641.6 4292.71 1212064145
1645.15 4303.88 1212064205
1645.15 4303.88 1212064265
1638.94 4289.36 1212064327
1637.17 4291.6 1212064385
1635.4 4292.71 1212064447
1635.4 4292.71 1212064520
1643.38 4292.71 1212064581
1645.15 4288.25 1212064643
1641.6 4286.01 1212064702
1643.38 4300.53 1212064763
1644.26 4301.65 1212064825
1645.15 4298.3 1212064884
1640.72 4298.3 1212064944
1639.83 4293.83 1212065007
1637.17 4291.6 1212065127
1637.17 4288.25 1212065188
1641.6 4292.71 1212065251
1638.94 4288.25 1212065310
1646.03 4294.95 1212065369
1644.26 4292.71 1212065429
1641.6 4296.06 1212065456
1642.49 4287.13 1212065512
1745.31 4403.3 1212065575
2006.8 4445.75 1212065604
2209.78 4422.29 1212065669
2214.21 4422.29 1212065750
2214.21 4422.29 1212065817
2212.44 4422.29 1212065857
2382.63 4178.78 1212065922
3006.65 4280.43 1212065987
3125.43 3946.44 1212066039
3158.22 3790.07 1212066060
3199 3811.29 1212066081
3100.61 3591.25 1212066140
2754.91 3513.07 1212066203
2508.5 3501.9 1212066260
2485.45 3501.9 1212066321
2354.26 3571.15 1212066384
2292.22 3552.16 1212066442
2293.1 3554.39 1212066502
2292.22 3554.39 1212066562
2300.19 3594.6 1212066622
2288.67 3538.76 1212066682
2293.99 3546.58 1212066742
2291.33 3536.52 1212066803
2220.42 3544.34 1212066863
1977.55 3497.43 1212066901
2474.81 3580.08 1212066962
2780.62 3635.93 1212067021
3088.2 3643.75 1212067081
3121.88 3375.69 1212067141
3113.9 3372.34 1212067149
3001.33 3328.78 1212067206
2430.49 3258.42 1212067271
2035.16 3193.64 1212067329
1429.75 3095.35 1212067395
1107.99 3037.28 1212067448
1069.88 3036.16 1212067508
953.76 3019.41 1212067568
475.107 2837.36 1212067630
-160.437 2733.5 1212067689
-343.035 2703.34 1212067750
-785.345 2584.96 1212067809
-1008.72 2498.97 1212067876
-1227.66 2475.52 1212067929
-1279.95 2482.22 1212067992
-1284.39 2455.42 1212068074
-990.103 1933.9 1212068140
-1083.17 1624.58 1212068172
-1213.47 1514.03 1212068232
-1217.02 1519.61 1212068257
-932.487 1631.28 1212068320
-948.442 1732.9 1212068384
-1036.2 2464.35 1212068438
-138.278 2632.98 1212068497
889.94 2794.92 1212068557
1092.92 2742.43 1212068621
1129.27 2830.66 1212068689
1370.37 2993.72 1212068738
2000.59 3077.48 1212068798
2833.8 3211.51 1212068862
2938.4 3227.14 1212068872
2891.42 3123.27 1212068936
2458.86 3046.21 1212068994
2020.98 2991.48 1212069054
1444.82 2902.14 1212069115
1441.28 2898.79 1212069128
1553.85 2788.22 1212069186
2293.1 2899.9 1212069234
2293.1 2904.37 1212069235
2191.17 2791.57 1212069300
1747.97 2712.28 1212069355
1417.34 2826.19 1212069423
1286.16 2864.16 1212069475
1138.13 2850.76 1212069535
694.047 2781.52 1212069600
54.9565 2678.77 1212069658
-321.761 2595.01 1212069715
-1007.83 2498.97 1212069776
-1277.29 2473.28 1212069841
-1300.34 2645.27 1212069855
-1022.01 2530.24 1212069919
-1250.7 2475.52 1212069977
-1256.91 2488.92 1212070039
-1259.57 2494.5 1212070081
-1254.25 2474.4 1212070141
-1248.93 2486.69 1212070267
-1248.93 2490.04 1212070382
-1285.27 2773.7 1212070442
-1277.29 2975.85 1212070502
-1404.05 2972.5 1212070562
-1406.71 2980.32 1212070681
-1405.82 2975.85 1212070742
-1407.59 2984.78 1212070803
-1404.94 2975.85 1212070862
-1410.25 2972.5 1212070925
-2349.83 2811.67 1212071048
-2947.26 2734.61 1212071108
-3253.95 2723.45 1212071165
