4520.61 -16118.9 1212776600
4299.01 -15906.1 1212776739
3658.15 -16242.6 1212776800
3010.2 -14902.1 1212776859
3363.87 -10652.8 1212776996
4173.15 -9353.76 1212777036
3987.89 -7854.84 1212777086
3716.65 -6312.14 1212777137
2881.67 -3407.78 1212777230
3424.14 -1970.28 1212777291
3877.98 -570.48 1212777332
3472.01 896.549 1212777387
3596.1 1690.46 1212777449
3851.38 1942.83 1212777513
4212.15 2358.26 1212777565
4249.37 3129.97 1212777631
4080.07 3400.26 1212777657
4080.07 3400.26 1212777659
4016.25 3400.26 1212777722
3971.05 3363.4 1212777762
3991.43 3332.13 1212777784
3993.21 3127.74 1212777844
3606.74 2740.2 1212777904
3187.47 2235.41 1212777964
2651.21 1151.13 1212778032
2846.21 -352.787 1212778084
2621.95 -1855.31 1212778133
2810.76 -3339.7 1212778189
3131.63 -4309.43 1212778222
3597.88 -5738.71 1212778267
3855.82 -7204.56 1212778315
4114.64 -8687.98 1212778361
3748.56 -10150 1212778415
2590.04 -12775.5 1212778502
2858.62 -14261.2 1212778555
3182.16 -15733.4 1212778595
4027.78 -16165.7 1212778649
4257.35 -16169 1212778828
4312.31 -16180.2 1212778888
