3736.15 -991.337 1211115388
3581.03 -993.57 1211115448
3574.83 -1037.11 1211115508
3492.39 -1117.48 1211115568
3488.85 -1114.13 1211115629
3494.17 -1121.94 1211115689
3228.25 -1179.99 1211115751
2458.86 -1303.9 1211115814
2379.08 -1134.22 1211115842
2345.4 -650.858 1211115901
2309.06 -227.75 1211115958
2307.28 -229.983 1211116016
2332.1 -582.76 1211116077
2362.24 -967.895 1211116137
2386.17 -1294.97 1211116200
2723 -1579.61 1211116257
592.998 -3108.69 1211116370
-325.307 -3183.46 1211116430
-990.989 -3186.81 1211116490
-1626.53 -3191.28 1211116551
-2299.31 -3360.91 1211116611
-2704.39 -2886.6 1211116673
-2738.07 -2301.77 1211116733
-2867.49 -2242.62 1211116763
-2867.49 -2242.62 1211116765
-3029.7 -2296.19 1211116814
-3441.87 -2319.63 1211116862
-4096.03 -2316.28 1211116922
-4376.13 -1951.3 1211116978
-4590.64 -1931.21 1211117016
-4588.86 -1930.09 1211117074
-4591.52 -1896.61 1211117134
-5168.57 -1787.22 1211117195
-5271.39 -766.957 1211117255
-5298.87 90.432 1211117316
-5363.57 70.3359 1211117362
-5162.36 503.529 1211117419
-4605.71 538.141 1211117456
-3867.34 576.102 1211117506
-2552.82 648.676 1211117626
-1908.41 831.789 1211117695
-1482.05 1243.81 1211117747
-966.17 1319.74 1211117808
-263.259 1434.75 1211117877
415.719 1543.06 1211117928
1183.34 1660.31 1211117988
1176.25 2472.17 1211118052
1084.06 3054.03 1211118111
1084.95 3056.26 1211118113
1233.86 3021.64 1211118174
1213.47 2898.79 1211118236
1215.25 2895.44 1211118295
1217.02 2902.14 1211118362
1217.91 2898.79 1211118416
1217.02 2899.9 1211118445
1217.02 2899.9 1211118508
1215.25 2899.9 1211118555
1217.91 2898.79 1211118615
1220.57 2898.79 1211118676
1218.79 2897.67 1211118736
1119.52 2866.4 1211118818
1130.15 3375.69 1211118879
1123.06 3371.22 1211118925
1202.84 3202.57 1211118985
1450.14 2770.35 1211119048
1745.31 2817.26 1211119092
1745.31 2817.26 1211119098
1864.09 2903.25 1211119154
1937.66 2957.98 1211119216
1440.39 2880.92 1211119276
1236.52 2885.38 1211119308
1231.2 2915.54 1211119333
1233.86 2916.66 1211119351
1680.6 3024.99 1211119410
2190.28 3104.29 1211119471
2847.99 3238.31 1211119539
2775.3 3505.25 1211119591
3087.31 3649.33 1211119653
3492.39 3762.14 1211119715
3479.98 3793.42 1211119730
2943.72 3785.6 1211119791
2873.69 3673.91 1211119849
2679.57 4115.11 1211119910
2524.45 4264.79 1211119934
2487.22 4288.25 1211119968
2391.49 4358.62 1211120016
2542.18 4229.04 1211120071
2201.8 4154.2 1211120121
1417.34 4023.52 1211120180
1090.27 3878.31 1211120240
1139.02 3485.15 1211120299
1069.88 3242.78 1211120360
1069.88 3242.78 1211120375
1077.86 3351.12 1211120416
1200.18 3380.16 1211120457
1460.78 3415.9 1211120499
1763.92 3467.27 1211120560
2356.04 3547.69 1211120620
2832.92 3649.33 1211120679
3467.58 3733.1 1211120801
3467.58 3734.22 1211120824
3467.58 3733.1 1211120827
3304.48 3701.83 1211120888
2904.71 3621.41 1211120947
2399.47 3582.32 1211121007
2081.25 3513.07 1211121071
2085.69 3515.3 1211121073
2687.55 3612.47 1211121138
3156.45 3680.61 1211121195
3421.48 3726.4 1211121255
3423.26 3729.75 1211121259
3196.34 3680.61 1211121316
2855.08 3624.76 1211121376
2353.38 3578.97 1211121436
2218.65 3543.23 1211121499
1967.8 3505.25 1211121524
1640.72 3456.11 1211121585
1479.39 3430.42 1211121617
1383.66 3055.14 1211121677
1693.9 2812.79 1211121740
2286.9 2930.06 1211121798
2579.41 2954.63 1211121865
2737.19 2982.55 1211121915
2746.05 2983.67 1211121922
2542.18 2772.59 1211121977
2332.1 2803.86 1211122038
2184.08 2868.63 1211122092
2059.09 2979.2 1211122152
1747.97 2928.94 1211122200
1285.27 2867.52 1211122259
1225.88 3107.64 1211122319
1223.22 3170.18 1211122353
1180.68 3468.39 1211122396
1104.45 3908.47 1211122460
1061.01 4061.49 1211122517
1061.9 4062.61 1211122525
1217.02 3992.24 1211122586
1572.46 4043.62 1211122655
2967.65 4279.31 1211122709
3113.9 3977.72 1211122767
3433.89 3901.76 1211122840
3478.21 3727.52 1211122901
3406.41 3595.72 1211122958
3268.14 3456.11 1211123018
3111.24 3344.42 1211123074
2782.39 3299.74 1211123136
2312.6 3152.31 1211123195
1395.18 3083.07 1211123260
1147.88 3059.61 1211123318
841.188 3004.89 1211123375
397.105 2928.94 1211123436
174.62 3135.56 1211123502
174.62 3133.33 1211123523
174.62 3137.79 1211123533
160.437 3207.04 1211123539
862.462 3322.08 1211123594
1092.04 3362.29 1211123655
1514.85 3429.3 1211123715
2106.07 3644.87 1211123777
2181.42 3525.35 1211123806
2189.39 3538.76 1211123809
2301.08 3300.86 1211123871
2071.5 3479.56 1211123928
1846.36 3485.15 1211123988
1847.25 3485.15 1211123996
1674.4 3116.57 1211124052
1770.13 2506.79 1211124112
1827.75 2074.61 1211124181
1829.52 2067.9 1211124206
1829.52 2066.79 1211124210
1684.15 2143.84 1211124268
1584.87 2739.08 1211124339
1567.15 2999.3 1211124362
1888.02 3061.85 1211124422
1768.36 2927.82 1211124476
1766.58 2932.29 1211124484
1388.09 2897.67 1211124545
831.438 2770.35 1211124601
514.109 2754.72 1211124661
540.701 2705.58 1211124746
539.814 2704.46 1211124752
654.159 2759.18 1211124770
892.599 2796.04 1211124826
1125.72 2722.33 1211124908
1268.43 2732.38 1211124973
1308.32 2867.52 1211125027
1221.45 2906.6 1211125081
1062.79 3155.66 1211125144
904.122 3339.95 1211125201
460.925 3271.82 1211125262
140.05 3357.82 1211125330
139.164 3358.94 1211125340
152.46 3279.64 1211125404
-23.9326 3447.17 1211125459
-111.686 3992.24 1211125516
-172.847 4386.54 1211125575
-118.777 4775.28 1211125634
-22.1599 5162.92 1211125692
301.374 5064.61 1211125773
177.279 4795.39 1211125823
-187.916 4755.17 1211125876
-483.085 4431.23 1211125933
-1025.56 4281.54 1211125991
-1063.67 3508.6 1211126115
-982.125 2927.82 1211126172
-1023.79 2524.66 1211126232
-1470.53 2436.43 1211126299
-1474.07 2438.66 1211126315
-1474.07 2435.31 1211126332
-1537.89 2412.98 1211126430
-1116.86 2467.7 1211126490
-679.865 2519.07 1211126550
-515.882 2544.76 1211126577
-242.872 1988.62 1211126628
-78.8891 1883.65 1211126671
-62.0476 1796.55 1211126695
-62.934 1794.31 1211126701
-199.439 1769.75 1211126787
-243.758 2025.47 1211126837
-331.512 2563.74 1211126894
-367.854 2790.45 1211126953
-444.084 3266.23 1211127012
-445.856 3317.61 1211127037
-422.81 3098.7 1211127088
-409.514 3020.52 1211127113
-365.195 2716.74 1211127171
-299.601 2325.87 1211127227
-250.85 2017.65 1211127283
-214.507 1779.8 1211127347
-213.621 1779.8 1211127366
-202.984 1790.96 1211127408
-205.644 1790.96 1211127469
-205.644 1789.85 1211127539
-204.757 1789.85 1211127591
-209.189 1785.38 1211127649
-210.962 1786.5 1211127715
-196.78 1788.73 1211127778
-195.893 1788.73 1211127791
-195.893 1789.85 1211127813
-508.79 1821.11 1211127916
-669.228 1843.45 1211128023
-669.228 1843.45 1211128088
-671.001 1844.56 1211128145
-666.569 1844.56 1211128178
-811.051 1782.03 1211128244
-1266.66 1701.63 1211128299
-1655.78 1637.98 1211128360
-2385.29 1526.31 1211128419
-3246.86 1462.66 1211128503
-3216.73 1404.6 1211128569
-3277.89 1374.45 1211128621
-3472.89 1393.43 1211128748
-3584.58 1382.27 1211128804
-3729.06 1367.75 1211128864
-3855.82 1336.49 1211128927
-3839.86 1127.68 1211128993
-3788.45 940.095 1211129042
-3735.27 751.397 1211129102
-3688.29 452.17 1211129162
-3664.35 145.138 1211129225
-3618.26 -608.436 1211129285
-3571.28 -1452.36 1211129361
-3536.71 -2117.61 1211129421
-3505.69 -2725.89 1211129482
-3472.01 -3444.6 1211129542
-3494.17 -3796.13 1211129604
-3489.73 -4529.25 1211129664
-3148.47 -5608.18 1211129725
-3120.11 -7161.05 1211129781
-3186.59 -8702.48 1211129824
-2693.75 -10145.5 1211129873
-2158.37 -11541.4 1211129925
-1279.95 -12729.8 1211129969
-328.852 -13887.9 1211130013
698.479 -14655.8 1211130073
2045.8 -14066.2 1211130120
2791.26 -14153.1 1211130145
4525.93 -16159 1211130387
3393.12 -16166.8 1211130503
2988.92 -14785 1211130559
2698.18 -13445.4 1211130614
2569.66 -12115.6 1211130677
4041.07 -9725.1 1211130797
4068.55 -8246.33 1211130857
3800.86 -6753.9 1211130917
3522.53 -5312.52 1211130977
3089.08 -4134.24 1211131036
2769.1 -3109.81 1211131096
2558.13 -2495.98 1211131157
2545.72 -2312.93 1211131216
2465.06 -2289.49 1211131283
1914.61 -2368.74 1211131336
1583.99 -2341.95 1211131396
1178.02 -2064.03 1211131457
1377.46 -1666.67 1211131517
1537.01 -1364.17 1211131577
1370.37 -1249.2 1211131637
957.306 -1349.66 1211131697
892.599 -1558.4 1211131772
893.486 -1558.4 1211131802
894.372 -1552.82 1211131862
891.713 -1550.59 1211131920
756.981 -1278.22 1211131980
720.639 -781.469 1211132043
679.865 -266.824 1211132100
622.249 433.189 1211132160
602.748 761.446 1211132222
599.203 802.758 1211132282
499.04 1135.5 1211132344
469.789 1313.04 1211132402
448.516 1476.06 1211132462
439.652 1505.1 1211132522
437.879 1536.36 1211132574
437.879 1536.36 1211132575
437.879 1537.48 1211132579
615.158 1307.45 1211132640
870.439 1182.39 1211132700
910.327 1194.68 1211132739
984.784 1120.98 1211132802
1016.69 656.492 1211132859
915.645 591.734 1211132890
938.692 576.102 1211132895
608.067 700.037 1211132956
598.316 903.248 1211133017
587.68 1021.6 1211133077
484.858 1205.84 1211133142
468.016 1316.39 1211133162
598.316 1439.22 1211133222
576.156 1554.23 1211133282
581.475 1562.05 1211133342
581.475 1562.05 1211133358
699.365 1586.61 1211133396
710.002 1512.91 1211133456
503.472 1468.25 1211133516
460.925 1346.54 1211133576
460.925 1345.42 1211133578
584.134 1009.32 1211133639
670.114 480.083 1211133699
1115.08 520.277 1211133759
1420 525.859 1211133819
1224.11 717.901 1211133881
1224.11 717.901 1211133893
909.441 695.571 1211133957
884.622 694.454 1211133995
831.438 336.055 1211134050
842.961 155.186 1211134113
874.871 -203.189 1211134170
898.804 -583.876 1211134230
952.874 -1302.78 1211134291
989.216 -1751.5 1211134351
1019.35 -2215.83 1211134411
184.37 -3069.63 1211134472
-981.239 -3855.27 1211134533
-1421.78 -4139.82 1211134594
-1796.72 -4053.9 1211134654
-2237.26 -3936.73 1211134714
-2343.63 -4273.73 1211134774
-2983.6 -4298.28 1211134835
-3110.36 -4713.36 1211134895
-3110.36 -4712.25 1211134915
-3109.47 -4713.36 1211134975
-3178.61 -4717.83 1211135036
-3206.98 -4872.92 1211135067
-3484.42 -4477.93 1211135127
-3461.37 -3759.3 1211135190
-3459.6 -3331.89 1211135247
-3480.87 -2926.78 1211135308
-3495.94 -2629.91 1211135369
-3505.69 -2451.33 1211135429
-3495.05 -2320.75 1211135476
-3608.51 -2328.56 1211135536
-3828.34 -1951.3 1211135599
-4252.03 -1947.95 1211135657
-4751.96 -1973.62 1211135717
-4811.35 -1405.48 1211135778
-4836.17 -942.22 1211135841
-4848.58 -740.165 1211135879
-4870.74 -328.226 1211135942
-4887.58 -42.4245 1211135969
-4904.42 285.813 1211136029
-4904.42 290.279 1211136086
-4915.94 499.063 1211136103
-4417.79 544.84 1211136163
-4111.1 562.704 1211136225
-4064.12 562.704 1211136286
