3605.85 -965.662 1211716824
3606.74 -964.546 1211716887
3608.51 -975.709 1211716949
3608.51 -970.127 1211717005
3598.76 -957.848 1211717078
3603.19 -962.313 1211717127
3601.42 -957.848 1211717192
3600.53 -956.732 1211717255
3604.97 -970.127 1211717308
3604.97 -970.127 1211717368
3605.85 -967.895 1211717430
3606.74 -967.895 1211717488
3606.74 -972.36 1211717548
3608.51 -980.174 1211717609
3612.06 -989.105 1211717669
3612.06 -953.383 1211717730
3612.94 -975.709 1211717790
3605.85 -979.058 1211717851
3607.63 -980.174 1211717880
3611.17 -991.337 1211717940
3611.17 -976.825 1211718005
3612.94 -954.499 1211718060
3611.17 -962.313 1211718120
3609.4 -977.942 1211718180
3610.28 -979.058 1211718242
3610.28 -979.058 1211718304
3610.28 -977.942 1211718361
3609.4 -975.709 1211718402
3613.83 -958.964 1211718459
3612.06 -971.244 1211718517
3609.4 -983.523 1211718577
3609.4 -985.756 1211718638
3609.4 -987.988 1211718698
3609.4 -989.105 1211718762
3607.63 -996.919 1211718819
3608.51 -999.151 1211718880
3608.51 -985.756 1211718940
3608.51 -984.639 1211719001
3609.4 -984.639 1211719071
3610.28 -982.407 1211719121
3610.28 -986.872 1211719186
3609.4 -982.407 1211719246
3611.17 -977.942 1211719306
3612.94 -986.872 1211719369
3614.72 -989.105 1211719425
3613.83 -976.825 1211719486
3612.94 -981.29 1211719553
3610.28 -991.337 1211719606
3610.28 -984.639 1211719666
3610.28 -993.57 1211719726
3612.94 -989.105 1211719786
3612.94 -992.453 1211719825
3612.94 -994.686 1211719888
3612.06 -985.756 1211719947
3612.94 -994.686 1211720007
3612.94 -989.105 1211720067
3609.4 -998.035 1211720128
3601.42 -1013.66 1211720190
3603.19 -1009.2 1211720249
3607.63 -1001.38 1211720309
3611.17 -994.686 1211720375
3612.94 -990.221 1211720430
3612.94 -987.988 1211720493
3612.94 -991.337 1211720553
3612.94 -991.337 1211720612
3612.06 -991.337 1211720672
3612.06 -991.337 1211720733
3614.72 -980.174 1211720793
3612.94 -986.872 1211720854
3612.94 -986.872 1211720890
3612.06 -990.221 1211720950
3614.72 -982.407 1211721012
3613.83 -992.453 1211721072
3617.38 -982.407 1211721130
3616.49 -982.407 1211721190
3615.6 -987.988 1211721251
3612.94 -986.872 1211721311
3611.17 -991.337 1211721374
3612.06 -990.221 1211721434
3612.06 -989.105 1211721496
3612.94 -989.105 1211721557
3612.94 -987.988 1211721614
3612.94 -985.756 1211721675
3612.06 -986.872 1211721735
3611.17 -987.988 1211721795
3610.28 -987.988 1211721855
3611.17 -986.872 1211721917
