4346.88 -15903.9 1211060986
4150.1 -16078.8 1211061054
3288.52 -15809.1 1211061106
2973.85 -14468.5 1211061169
2512.04 -14018.3 1211061234
1097.36 -14378.3 1211061286
-94.8442 -14291.3 1211061346
-915.645 -13021.8 1211061401
-1832.18 -11821.2 1211061463
-3161.77 -9159.72 1211061566
-3057.17 -7621.73 1211061628
-2075.05 -5542.36 1211061739
-1100.9 -4399.82 1211061808
-115.231 -3277.21 1211061848
1362.39 -3161.14 1211061899
2748.71 -2696.87 1211061953
3718.42 -1512.63 1211062015
3848.72 -32.3766 1211062070
3380.71 1278.42 1211062129
3130.75 1572.1 1211062188
3021.72 1694.93 1211062248
2828.48 1895.93 1211062309
2582.95 2147.19 1211062373
2290.44 2423.03 1211062431
2186.74 2860.81 1211062491
2318.81 2885.38 1211062553
2410.11 2924.47 1211062613
2418.97 2982.55 1211062674
2418.97 2987.02 1211062690
2441.13 3141.14 1211062747
2548.38 3167.95 1211062807
2913.58 3256.18 1211062867
2968.53 3252.83 1211062927
3032.36 3175.77 1211062990
3220.27 2981.43 1211063047
3171.52 2823.96 1211063108
3166.2 2765.88 1211063169
3166.2 2763.65 1211063230
3157.34 2774.82 1211063290
3167.97 2756.95 1211063351
3128.97 2813.91 1211063382
3042.11 2842.95 1211063442
2908.26 3000.42 1211063503
2761.12 3477.33 1211063565
2806.32 3702.95 1211063626
2714.14 4061.49 1211063683
2619.3 4184.36 1211063743
2555.48 4237.98 1211063764
2415.42 4349.68 1211063823
2357.81 4498.25 1211063887
2320.58 4489.31 1211063921
2321.47 4488.2 1211063923
2194.71 4565.27 1211063983
2129.12 4786.45 1211064021
1974 4759.64 1211064060
2027.18 4622.24 1211064121
2113.16 4159.79 1211064181
2133.55 4000.06 1211064241
2004.14 3899.53 1211064301
2028.07 3610.24 1211064362
1654.01 3553.28 1211064422
1635.4 3382.39 1211064482
1685.92 3066.31 1211064543
1754.17 2676.54 1211064603
1789.63 2418.56 1211064667
1825.97 2131.56 1211064713
2260.31 1675.95 1211064773
2430.49 1473.83 1211064837
2430.49 1470.48 1211064894
2431.38 1477.18 1211064955
2431.38 1473.83 1211065015
2430.49 1467.13 1211065081
2428.72 1466.01 1211065136
2440.24 1468.25 1211065197
2520.02 1414.65 1211065257
2596.25 1429.17 1211065319
2602.45 1425.82 1211065381
2603.34 1423.58 1211065440
2597.14 1424.7 1211065500
2598.02 1428.05 1211065561
2601.57 1426.93 1211065621
2598.02 1430.28 1211065682
2595.36 1431.4 1211065742
2596.25 1426.93 1211065811
2600.68 1424.7 1211065863
2596.25 1429.17 1211065925
2598.91 1426.93 1211065986
2603.34 1423.58 1211066046
2601.57 1428.05 1211066106
2603.34 1422.47 1211066167
2612.2 1419.12 1211066217
2611.32 1418 1211066280
2612.2 1415.77 1211066342
2611.32 1422.47 1211066401
2612.2 1422.47 1211066459
2611.32 1419.12 1211066519
2610.43 1416.88 1211066580
2608.66 1414.65 1211066640
2609.55 1416.88 1211066701
2611.32 1413.53 1211066761
2611.32 1413.53 1211066823
2609.55 1412.42 1211066883
2609.55 1411.3 1211066944
2606.89 1411.3 1211067004
2607.77 1413.53 1211067065
2607.77 1414.65 1211067125
2612.2 1414.65 1211067189
2613.98 1419.12 1211067247
2619.3 1422.47 1211067307
2619.3 1424.7 1211067342
2611.32 1418 1211067402
2610.43 1418 1211067463
2610.43 1419.12 1211067523
2611.32 1419.12 1211067583
2613.09 1416.88 1211067643
2612.2 1416.88 1211067704
2615.75 1415.77 1211067764
2614.86 1412.42 1211067825
2615.75 1402.37 1211067885
2621.95 1380.03 1211067946
2611.32 1406.83 1211068006
2608.66 1415.77 1211068067
2608.66 1416.88 1211068128
2609.55 1418 1211068188
2607.77 1418 1211068252
2607.77 1419.12 1211068311
2607.77 1420.23 1211068371
2611.32 1416.88 1211068432
2613.98 1422.47 1211068492
2616.64 1406.83 1211068553
2614.86 1409.07 1211068613
2613.09 1414.65 1211068674
2605.11 1422.47 1211068734
2606.89 1416.88 1211068795
2608.66 1413.53 1211068855
2607.77 1406.83 1211068914
2606.89 1411.3 1211068974
2609.55 1413.53 1211069034
2598.91 1419.12 1211069100
2600.68 1416.88 1211069155
16074.8 10945.1 1211069213
13493.6 9131.98 1211069242
11575.4 7776.34 1211069245
9532.29 6333.77 1211069250
7953.62 5216.54 1211069254
6476 4168.73 1211069258
5062.2 3173.53 1211069265
3768.06 2268.92 1211069278
2772.64 1596.66 1211069339
3057.17 1646.91 1211069399
3411.73 924.463 1211069459
3831.88 -499.033 1211069519
3987 -818.308 1211069583
3786.68 521.393 1211069640
3120.99 1581.03 1211069701
2840.89 1849.03 1211069761
2813.42 1902.63 1211069822
2692.87 2029.94 1211069882
2769.98 2148.31 1211069943
2902.06 2013.19 1211070003
2427.83 1533.01 1211070067
2572.32 1421.35 1211070124
2601.57 1433.63 1211070188
2602.45 1435.87 1211070249
2598.91 1428.05 1211070308
2599.79 1433.63 1211070368
2600.68 1430.28 1211070429
2599.79 1426.93 1211070489
2598.91 1430.28 1211070550
2726.55 1595.55 1211070610
2497.86 1813.3 1211070675
2328.56 1993.08 1211070699
2075.94 2278.97 1211070754
1927.02 2477.75 1211070814
1847.25 3006 1211070873
1770.13 3157.9 1211070896
1369.48 3161.25 1211070957
1333.14 3386.86 1211071017
1325.16 3460.57 1211071041
1321.61 3461.69 1211071046
1063.67 3467.27 1211071107
880.19 3392.44 1211071168
981.239 2749.13 1211071226
646.182 2420.8 1211071286
327.08 2272.27 1211071349
-69.1388 2209.73 1211071406
-253.509 2039.99 1211071470
-274.782 1860.2 1211071527
-275.669 1861.31 1211071541
-230.463 1924.97 1211071601
-105.481 2056.74 1211071664
-232.235 1879.18 1211071722
-201.212 1674.83 1211071760
-168.415 1526.31 1211071820
-163.097 1487.23 1211071880
107.254 1495.05 1211071947
499.04 1560.93 1211072000
579.702 1572.1 1211072060
965.284 1633.51 1211072121
1284.39 1684.88 1211072181
1720.49 1716.15 1211072242
2260.31 1649.15 1211072302
2808.1 2190.74 1211072362
3046.54 2448.72 1211072422
3253.95 2624.05 1211072490
3548.24 2717.86 1211072542
3773.38 2501.2 1211072602
3981.68 2289.02 1211072637
3995.87 2300.19 1211072643
3830.11 2128.21 1211072702
3536.71 2353.79 1211072762
3557.1 2388.41 1211072763
3576.6 2706.69 1211072825
3237.11 3060.73 1211072887
2982.72 3052.91 1211072944
3117.45 3351.12 1211073004
3105.93 3355.58 1211073009
3493.28 3178 1211073069
3359.43 2894.32 1211073129
3693.61 2576.03 1211073189
3982.57 2297.95 1211073252
3981.68 2296.84 1211073260
3695.38 2205.26 1211073323
3349.68 2554.81 1211073382
3157.34 2745.78 1211073443
2940.17 2600.6 1211073503
2669.82 2463.23 1211073564
2579.41 2533.59 1211073626
2512.04 2587.2 1211073683
2446.45 2617.35 1211073743
2395.92 2754.72 1211073803
2432.27 2937.88 1211073863
2447.34 2936.76 1211073924
2521.79 3154.55 1211073984
2750.48 3218.21 1211074044
2786.82 3419.25 1211074105
2721.23 3882.78 1211074165
2599.79 4188.83 1211074206
2477.47 4282.66 1211074265
2366.67 4395.48 1211074326
2338.31 4560.8 1211074386
2309.94 4744 1211074447
2257.65 5028.87 1211074508
2233.71 5195.32 1211074568
2315.26 5380.77 1211074629
2270.94 5385.24 1211074682
2263.85 5386.35 1211074684
2258.53 5386.35 1211074685
2239.92 5375.18 1211074745
2262.97 5364.01 1211074805
2293.99 5364.01 1211074866
2342.74 5356.19 1211074926
2395.04 5338.31 1211074987
2470.38 5295.86 1211075050
2522.68 5195.32 1211075108
2668.05 5085.84 1211075168
2903.83 4926.09 1211075230
2974.74 4908.22 1211075292
3074.9 4301.65 1211075351
3173.29 3768.85 1211075411
3456.05 3316.49 1211075471
3399.32 2888.74 1211075531
3691.83 2582.73 1211075591
3979.02 2289.02 1211075635
3982.57 2293.49 1211075654
3984.34 2294.6 1211075678
3823.02 2119.27 1211075739
3729.95 2025.47 1211075799
3305.36 1600.01 1211075859
2838.23 1128.8 1211075919
2494.31 1021.6 1211075979
2246.12 1032.77 1211076039
2014.77 1061.8 1211076099
1646.03 1099.77 1211076160
998.967 1066.27 1211076221
982.125 1070.73 1211076268
657.705 888.733 1211076328
374.058 607.365 1211076368
-50.5245 226.64 1211076427
-132.959 16.7466 1211076488
-93.0714 -468.891 1211076551
-76.2299 -1001.38 1211076609
-183.484 -1013.66 1211076642
-183.484 -1013.66 1211076647
141.823 -971.244 1211076728
-93.9578 -823.89 1211076781
-264.146 -873.008 1211076841
-264.146 -873.008 1211076907
-259.714 -888.637 1211076967
85.9803 -811.61 1211077027
624.022 -773.655 1211077087
892.599 -751.328 1211077147
1100.02 -734.583 1211077208
1088.49 -265.708 1211077268
1035.31 442.121 1211077332
1028.22 540.374 1211077389
1035.31 543.723 1211077450
1034.42 545.956 1211077510
1028.22 544.84 1211077571
987.443 953.494 1211077631
996.307 1213.66 1211077692
1204.61 1420.23 1211077753
1280.84 1863.55 1211077813
1153.2 2643.04 1211077878
1046.83 3317.61 1211077935
929.828 4039.15 1211077995
838.529 4571.97 1211078056
528.291 4678.1 1211078116
528.291 4678.1 1211078128
527.405 4678.1 1211078141
528.291 4676.98 1211078169
527.405 4693.74 1211078231
387.354 4611.07 1211078293
-19.5007 4439.05 1211078350
-728.616 4323.99 1211078411
-916.532 4299.42 1211078469
-1209.93 4170.96 1211078530
-1271.09 3891.71 1211078590
-1061.01 3503.02 1211078650
-1014.04 3021.64 1211078711
-1411.14 2962.45 1211078771
-2052.89 2860.81 1211078832
-2454.43 2796.04 1211078883
-2730.98 2453.18 1211078944
-2725.66 2335.92 1211078988
-2725.66 2334.81 1211078993
-2723.89 2329.22 1211079020
-2652.09 2311.35 1211079048
-2262.08 2335.92 1211079108
-2262.08 2335.92 1211079121
-1869.41 2363.84 1211079182
-1343.77 2436.43 1211079242
-514.995 2555.93 1211079303
7.09116 2658.67 1211079362
352.785 2718.98 1211079422
887.281 2800.51 1211079482
1070.76 2756.95 1211079543
1120.4 2841.83 1211079603
1012.26 3533.17 1211079668
1205.5 3979.95 1211079724
1437.73 4021.28 1211079786
2215.99 4153.09 1211079846
2238.15 4162.02 1211079878
2245.24 4163.14 1211079935
2359.58 4302.77 1211079996
2520.02 4312.82 1211080056
2511.16 4359.74 1211080078
2511.16 4360.85 1211080082
2426.95 4397.71 1211080166
2384.4 4407.77 1211080228
2371.99 4385.43 1211080286
2368.45 4376.49 1211080308
2233.71 4310.59 1211080369
2210.67 4456.92 1211080430
2074.16 4462.5 1211080453
2074.16 4462.5 1211080455
1637.17 4389.9 1211080515
1384.55 4355.27 1211080576
1327.82 4225.69 1211080636
1198.41 4202.24 1211080667
1209.04 3981.07 1211080727
940.465 3958.73 1211080791
807.505 3882.78 1211080847
853.598 3660.5 1211080919
938.692 3026.11 1211080967
979.466 2777.05 1211080991
768.504 2342.62 1211081051
155.119 2247.7 1211081111
-251.736 2070.14 1211081171
-245.531 1859.08 1211081231
-254.395 1857.96 1211081262
-254.395 1857.96 1211081264
-253.509 1878.06 1211081276
-24.819 1900.4 1211081336
345.694 1955.12 1211081396
928.941 2050.04 1211081456
1238.29 2002.02 1211081576
1377.46 2016.54 1211081636
1676.17 2055.62 1211081697
1802.04 2103.64 1211081740
1802.04 2103.64 1211081742
1677.06 2173.99 1211081802
1567.15 2835.13 1211081862
1542.33 2987.02 1211081923
1386.32 3123.27 1211081983
1364.16 3259.53 1211082046
1616.78 3417.01 1211082106
1642.49 3346.65 1211082129
1791.4 3247.25 1211082189
1975.77 3284.1 1211082225
2536.86 3358.94 1211082287
2669.82 3363.4 1211082328
2559.91 3245.01 1211082393
2838.23 3203.69 1211082448
2979.17 3147.84 1211082479
2979.17 3148.96 1211082480
3039.45 3113.22 1211082531
3072.24 3112.1 1211082545
3136.95 3068.55 1211082605
2877.24 3159.01 1211082665
2812.53 3386.86 1211082727
2269.17 3431.53 1211082786
1483.82 3301.97 1211082846
1080.51 3238.31 1211082907
978.579 3700.71 1211082971
842.961 3750.98 1211083028
816.369 3695.13 1211083041
805.733 3821.34 1211083099
1131.04 3877.19 1211083144
1242.73 3902.88 1211083181
1237.41 3983.3 1211083242
1576.9 4043.62 1211083299
2239.03 4151.97 1211083360
2250.56 4216.76 1211083384
2453.54 4303.88 1211083444
2520.91 4415.59 1211083508
2630.82 4415.59 1211083525
2535.97 4320.64 1211083586
2546.61 4224.58 1211083656
2654.75 4136.33 1211083717
2654.75 4135.21 1211083735
2877.24 3943.09 1211083820
2882.55 3764.38 1211083880
2883.44 3758.79 1211083906
2908.26 3345.53 1211083966
2939.28 3230.49 1211084024
2675.14 2893.2 1211084096
2383.51 2580.5 1211084145
2130.01 2320.29 1211084206
2029.84 2331.45 1211084238
2027.18 2329.22 1211084240
1958.93 2429.73 1211084297
1861.43 2896.55 1211084358
1419.12 2985.9 1211084443
1366.82 3227.14 1211084503
1347.32 3323.19 1211084528
1318.95 3472.86 1211084589
1301.23 3585.67 1211084649
1270.2 3765.5 1211084677
1249.82 3891.71 1211084711
1140.79 3878.31 1211084732
1106.22 3916.29 1211084760
1085.83 4022.4 1211084798
1076.97 4185.48 1211084822
1233.86 3963.2 1211084882
1257.79 3815.76 1211084923
1280.84 3658.27 1211084957
1303 3516.42 1211084980
1326.93 3404.73 1211085015
1346.43 3221.56 1211085075
1388.09 3023.87 1211085135
1438.62 2670.96 1211085195
1587.53 2578.26 1211085253
1590.19 2579.38 1211085257
1589.31 2679.89 1211085315
1559.17 2864.16 1211085373
1435.96 2857.46 1211085435
1387.21 3046.21 1211085485
1342 3316.49 1211085545
1591.08 3436 1211085606
1619.44 3122.16 1211085671
1553.85 3109.87 1211085698
1515.73 3172.42 1211085756
1484.71 3314.26 1211085819
1777.22 3467.27 1211085877
2154.82 3532.06 1211085936
2197.37 3571.15 1211085982
2197.37 3570.03 1211085983
2177.87 3637.05 1211086025
2046.68 3585.67 1211086050
1781.65 3477.33 1211086111
1645.15 3259.53 1211086171
1446.6 3092 1211086232
1386.32 2989.25 1211086292
1417.34 2865.28 1211086365
1568.92 2851.88 1211086413
1393.41 3084.18 1211086474
1354.41 3268.47 1211086535
1310.98 3504.13 1211086608
1285.27 3678.37 1211086655
1255.13 3851.5 1211086719
1255.13 3883.89 1211086747
1523.71 3938.62 1211086807
1593.74 3568.91 1211086870
1609.69 3492.96 1211086931
1783.43 3253.95 1211086989
2160.14 3318.73 1211087049
2257.65 3223.79 1211087110
2296.65 3007.12 1211087170
2231.94 3041.74 1211087216
2231.05 3040.63 1211087221
2184.08 2998.19 1211087280
2044.91 2970.26 1211087340
1950.95 2960.21 1211087380
1544.99 2892.09 1211087460
1203.72 3299.74 1211087582
1204.61 3371.22 1211087642
1332.25 3366.75 1211087702
1371.25 3218.21 1211087762
1375.68 3075.25 1211087822
1379.23 3050.68 1211087847
1404.94 2989.25 1211087906
1478.51 2773.7 1211087971
1733.79 2756.95 1211088028
1577.78 2771.47 1211088088
1543.21 2882.03 1211088118
1541.44 2904.37 1211088173
1280.84 2856.35 1211088233
1324.27 2481.1 1211088293
1388.09 2046.69 1211088413
1428.87 1789.85 1211088473
1464.32 1620.11 1211088534
1494.46 1464.9 1211088594
1383.66 971.359 1211088656
1438.62 262.367 1211088717
1443.05 184.214 1211088775
1471.41 -141.786 1211088835
1496.23 -443.214 1211088895
1526.37 -856.263 1211088963
1552.96 -1318.41 1211089015
1465.21 -1478.03 1211089080
1366.82 -1683.42 1211089135
1363.27 -1685.65 1211089155
1179.79 -1734.76 1211089215
1154.97 -1142.04 1211089275
1330.48 -1081.76 1211089336
1327.82 -811.61 1211089397
1303 -497.916 1211089457
1277.29 -144.019 1211089517
1275.52 -22.3287 1211089588
1230.32 470.034 1211089640
1186.88 907.715 1211089698
1186 1177.93 1211089758
1205.5 1447.03 1211089818
1292.36 1803.25 1211089879
1178.02 2481.1 1211089939
1074.31 3085.3 1211090001
1670.85 3231.61 1211090059
2331.22 3364.52 1211090120
2494.31 3477.33 1211090178
2494.31 3477.33 1211090180
2438.47 3470.63 1211090220
1676.17 3344.42 1211090280
1699.22 3017.17 1211090343
1641.6 2707.81 1211090400
