4345.99 -16175.7 1211426822
4503.77 -16121.1 1211426882
4330.04 -15892.7 1211426942
4275.08 -15956.2 1211427057
3659.92 -16241.5 1211427115
3144.04 -15414.7 1211427173
2993.35 -14850.8 1211427233
2909.15 -14096.3 1211427294
2610.43 -12826.8 1211427348
2692.87 -11335.2 1211427389
3712.22 -10212.4 1211427436
4147.44 -8757.13 1211427485
3882.41 -7265.91 1211427536
3617.38 -5782.23 1211427581
3156.45 -4342.91 1211427629
2715.91 -2913.39 1211427680
3594.33 -1719.13 1211427729
3852.27 -218.819 1211427780
3357.66 1222.59 1211427837
3819.47 1926.08 1211427898
3560.65 2333.69 1211427962
3151.13 2748.02 1211428023
2943.72 2882.03 1211428079
2828.48 2778.17 1211428140
2762.89 2758.07 1211428201
2972.97 2899.9 1211428237
3177.72 3085.3 1211428297
3331.07 3323.19 1211428357
3561.53 4010.11 1211428417
3666.13 3710.77 1211428461
3487.96 3409.2 1211428521
3042.11 2961.33 1211428581
3041.22 2966.91 1211428603
2904.71 3095.35 1211428666
2791.26 3504.13 1211428723
2939.28 3639.28 1211428783
3154.68 3176.88 1211428843
3429.46 3688.43 1211428904
3753.88 3616.94 1211429025
3956.86 3383.51 1211429085
4073.87 3415.9 1211429120
4230.76 3051.79 1211429159
4191.76 2488.92 1211429218
3988.77 2453.18 1211429278
4027.78 2578.26 1211429299
4055.25 2465.47 1211429360
4035.75 2452.07 1211429420
3951.55 2562.63 1211429480
4127.05 2414.1 1211429540
4128.83 2416.33 1211429545
3948.89 2343.74 1211429613
3503.03 2063.44 1211429668
2899.4 1461.55 1211429726
2711.48 1285.12 1211429786
2711.48 1285.12 1211429795
2691.98 1262.79 1211429855
2424.29 1230.41 1211429918
2195.6 1459.31 1211429976
2461.52 1846.8 1211430037
2823.17 2287.9 1211430098
2457.09 2640.8 1211430158
2603.34 2806.09 1211430218
2828.48 3115.46 1211430278
2996.01 3320.96 1211430339
3181.27 3494.08 1211430400
3207.86 3647.1 1211430438
3668.79 3629.23 1211430495
3792.88 3488.5 1211430557
3616.49 3286.34 1211430616
3229.13 2850.76 1211430676
2744.28 2380.59 1211430740
2492.54 2619.58 1211430797
2535.97 2735.73 1211430858
2637.91 2812.79 1211430904
2723 3067.43 1211430965
2836.46 3247.25 1211431025
2799.23 3446.05 1211431086
2744.28 3831.4 1211431147
2680.46 4118.46 1211431210
2610.43 4174.31 1211431266
2461.52 4308.35 1211431328
2224.85 4513.89 1211431386
1659.33 5014.34 1211431446
1545.87 5111.53 1211431506
1357.96 5298.1 1211431567
1338.46 5215.43 1211431628
1745.31 5263.47 1211431690
2056.44 5307.03 1211431749
2606.89 5207.61 1211431810
2935.74 4941.73 1211431877
3211.41 4573.09 1211431930
3518.1 4068.2 1211431993
3419.71 4044.74 1211432014
3420.6 4044.74 1211432015
3131.63 3979.95 1211432077
3185.7 4070.43 1211432125
2894.96 3958.73 1211432185
2621.07 4170.96 1211432237
2621.07 4170.96 1211432239
2593.59 4200 1211432272
2480.13 4291.6 1211432333
2394.15 4292.71 1211432393
2308.17 4173.19 1211432454
2153.94 4143.03 1211432514
1333.14 4011.23 1211432574
824.347 3930.81 1211432634
815.483 3800.12 1211432694
889.94 3389.09 1211432757
891.713 3386.86 1211432763
905.009 3221.56 1211432824
1057.47 3135.56 1211432878
1319.84 3182.47 1211432920
1378.34 3093.12 1211432950
1068.99 3175.77 1211433009
983.898 3695.13 1211433070
870.439 4386.54 1211433130
408.628 4404.42 1211433192
-42.5469 4329.58 1211433259
-440.538 4267.02 1211433311
-486.631 4260.32 1211433334
-486.631 4261.44 1211433336
-608.067 4294.95 1211433392
-587.68 4364.2 1211433453
-596.543 4365.32 1211433508
-603.635 4374.26 1211433566
-570.838 4456.92 1211433631
-569.065 4455.8 1211433637
14.1823 4433.46 1211433697
719.752 4406.65 1211433762
775.595 4049.21 1211433817
834.097 3580.08 1211433880
915.645 3250.6 1211433937
1086.72 2944.58 1211434005
1380.12 2978.08 1211434059
1673.51 3030.57 1211434121
2170.78 3135.56 1211434181
2177.87 3118.81 1211434196
2483.68 3150.08 1211434258
2808.1 3269.58 1211434320
2847.99 3584.55 1211434377
3058.95 3472.86 1211434437
2978.29 3327.66 1211434491
2809.87 3324.31 1211434551
2640.57 3641.51 1211434611
2170.78 3422.6 1211434672
1478.51 3307.56 1211434732
1036.2 3248.36 1211434792
724.184 3185.82 1211434852
-40.7741 3081.95 1211434912
-799.528 2940.11 1211434973
-1195.75 2715.63 1211435036
-1194.86 2716.74 1211435053
-1497.12 2860.81 1211435114
-1179.79 2994.84 1211435170
-822.574 3042.86 1211435231
-587.68 3090.88 1211435292
-5.31837 3184.7 1211435353
191.461 3064.08 1211435413
364.308 2806.09 1211435474
1025.56 2920.01 1211435534
1497.12 3009.35 1211435597
1967.8 3070.78 1211435655
2008.57 2893.2 1211435716
2015.66 2930.06 1211435776
