4390.31 -16065.4 1212257571
4390.31 -16067.7 1212257631
4392.08 -16053.2 1212257692
4392.97 -16056.5 1212257752
4393.86 -16050.9 1212257813
4393.86 -16048.7 1212257873
4393.86 -16055.4 1212257934
4392.97 -16055.4 1212257994
4392.97 -16055.4 1212258059
4392.08 -16061 1212258119
4392.08 -16059.9 1212258182
4392.97 -16057.6 1212258236
4394.74 -16056.5 1212258285
4392.08 -16055.4 1212258345
4392.08 -16055.4 1212258405
4391.2 -16056.5 1212258465
4391.2 -16057.6 1212258525
4391.2 -16057.6 1212258585
4392.08 -16059.9 1212258616
4390.31 -16057.6 1212258676
4388.54 -16056.5 1212258736
4392.08 -16057.6 1212258796
4391.2 -16056.5 1212258828
4390.31 -16055.4 1212258885
4391.2 -16054.3 1212258935
4392.08 -16054.3 1212258995
4392.08 -16054.3 1212259055
4392.97 -16053.2 1212259119
4392.08 -16053.2 1212259181
4392.08 -16055.4 1212259238
