10375.2 16625 1211888277
10479 16734.7 1211888337
10512.6 16696.6 1211888397
11208.5 15347.6 1211888455
11257.2 13803 1211888514
11578.1 12319.1 1211888568
11921.1 10848.9 1211888624
12207.4 9373.4 1211888682
12549.6 7897.03 1211888739
11248.3 7258.95 1211888798
10402.7 7130.45 1211888858
8969.43 6759.47 1211888912
7687.7 6396.34 1211888961
6388.24 5739.39 1211889015
5424.73 4606.6 1211889070
4457.68 3467.27 1211889122
3659.04 2803.86 1211889168
3882.41 3117.69 1211889228
4058.8 2921.12 1211889288
4207.71 2769.24 1211889348
4189.1 2443.13 1211889380
3787.56 2110.34 1211889439
3173.29 2734.61 1211889501
2874.58 3060.73 1211889562
2777.07 3500.78 1211889623
2834.69 3664.97 1211889674
2851.53 3645.98 1211889711
2854.19 3648.22 1211889712
2840.01 3587.9 1211889772
2771.76 3698.48 1211889832
2753.14 3864.9 1211889886
2738.96 3888.36 1211889946
2724.78 3896.18 1211890006
2730.98 3890.6 1211890066
2746.94 3888.36 1211890126
2659.18 3915.17 1211890186
2601.57 3910.7 1211890214
2452.65 3898.41 1211890239
2496.97 3685.08 1211890299
2368.45 3238.31 1211890360
1618.56 3129.97 1211890420
1314.52 3093.12 1211890480
1315.41 3094.23 1211890540
1318.07 3079.72 1211890600
1309.2 3087.53 1211890660
1301.23 3090.88 1211890680
1325.16 3080.83 1211890741
1326.93 3075.25 1211890801
1328.71 3077.48 1211890824
1323.39 3078.6 1211890884
1320.73 3092 1211890996
1281.73 3087.53 1211891056
1197.52 3267.35 1211891113
1165.61 3364.52 1211891141
1537.01 3430.42 1211891202
1755.95 3246.13 1211891262
2544.84 3374.57 1211891322
3153.79 3466.16 1211891382
3196.34 3528.71 1211891409
3644.85 3137.79 1211891469
4016.25 2972.5 1211891529
4973.56 4080.48 1211891570
5863.5 5177.44 1211891630
7299.46 6225.39 1211891681
8683.12 6693.55 1211891725
10135.9 6958.37 1211891775
11590.5 7181.85 1211891826
11803.2 5942.72 1211891888
12567.3 4680.33 1211891949
14009.5 4389.9 1211891992
15318.7 3616.94 1211892041
16674.9 3021.64 1211892093
17651.7 1874.71 1211892149
18933.4 1156.71 1211892199
19732 -85.9653 1211892246
20585.6 -1311.71 1211892290
21441 -2536.15 1211892340
21486.2 -3389.92 1211892401
21081.1 -3580.75 1211892461
20433.2 -4720.06 1211892522
19664.7 -5247.81 1211892577
19697.5 -5251.16 1211892607
19695.7 -5252.27 1211892609
19927.9 -5415.17 1211892670
20587.4 -4648.65 1211892730
21031.5 -3677.84 1211892792
21025.3 -3632.08 1211892852
21103.3 -2860.93 1211892913
21155.6 -2065.15 1211892973
20280.7 -833.937 1211893021
19422.7 395.229 1211893067
18378.5 1479.41 1211893119
17360 2561.51 1211893170
16062.4 3259.53 1211893217
14764.7 4034.69 1211893266
13467 4681.45 1211893313
12012.4 4773.05 1211893360
12233.1 6273.44 1211893415
11254.6 7305.88 1211893475
11036.5 7264.54 1211893535
11001.9 7264.54 1211893595
10955.8 7266.77 1211893656
10937.2 7269.01 1211893716
10910.6 7270.12 1211893777
10863.7 7267.89 1211893837
10813.1 7261.18 1211893898
10728.9 7237.72 1211893958
10674 7210.9 1211894020
10565.8 7181.85 1211894080
10154.5 7015.35 1211894141
8692.87 6702.49 1211894201
7404.05 6271.2 1211894262
6248.19 5567.34 1211894322
5305.07 4461.39 1211894383
4713.85 3772.2 1211894431
4123.51 3075.25 1211894491
3612.06 3107.64 1211894554
3344.37 3466.16 1211894612
3161.77 3621.41 1211894672
2821.39 3539.87 1211894733
2727.44 3918.52 1211894793
2431.38 4334.04 1211894853
2114.05 4614.42 1211894914
1555.62 5107.06 1211894980
1391.64 5307.03 1211895034
1359.73 5191.97 1211895069
1361.5 5190.85 1211895130
1361.5 5189.73 1211895190
1360.62 5189.73 1211895254
1361.5 5189.73 1211895310
1362.39 5190.85 1211895366
1361.5 5191.97 1211895378
1505.98 5137.23 1211895439
1621.22 5043.39 1211895499
1749.74 4930.56 1211895521
2017.43 4693.74 1211895581
2189.39 4475.91 1211895651
1779.88 4410 1211895688
1618.56 4384.31 1211895708
1496.23 4287.13 1211895768
1580.44 4275.96 1211895828
1579.55 4272.61 1211895888
1578.67 4272.61 1211895906
1818.88 4107.29 1211895966
1887.13 3709.65 1211896026
2283.35 3769.96 1211896086
2431.38 3795.65 1211896146
2605.11 3816.88 1211896206
2915.35 3870.49 1211896266
2974.74 3871.61 1211896289
2948.15 3768.85 1211896348
2730.09 3967.67 1211896409
2606 4194.42 1211896469
2440.24 4320.64 1211896529
2388.83 4373.14 1211896550
2509.38 4374.26 1211896611
2662.73 4346.33 1211896671
2514.7 4378.73 1211896731
2789.48 4442.4 1211896791
2870.15 4374.26 1211896838
3089.08 4207.82 1211896899
3158.22 3861.55 1211896959
3100.61 3612.47 1211897020
2930.42 3543.23 1211897081
2892.31 3465.04 1211897142
3001.33 3277.4 1211897204
3214.07 3145.61 1211897263
3545.58 3458.34 1211897323
3581.92 3405.84 1211897384
3556.21 3432.65 1211897409
3533.17 3252.83 1211897431
3316 2952.39 1211897489
3077.56 2821.73 1211897549
2861.28 3037.28 1211897609
2597.14 3069.66 1211897670
2152.17 2999.3 1211897730
1605.26 2911.07 1211897792
1228.54 2906.6 1211897852
1266.66 2863.05 1211897916
1404.05 2874.22 1211897973
1377.46 3040.63 1211898034
1349.98 3249.48 1211898066
1319.84 3482.91 1211898126
1292.36 3692.89 1211898186
1536.12 3940.86 1211898268
1569.8 3795.65 1211898328
1564.49 3717.47 1211898345
1740.88 3673.91 1211898405
2220.42 3748.74 1211898467
2436.7 3799 1211898527
2717.69 3828.05 1211898589
2916.24 3888.36 1211898649
2925.99 3866.02 1211898669
3082.88 3767.73 1211898729
2737.19 4087.18 1211898789
2485.45 4290.48 1211898849
2389.72 4377.61 1211898909
2351.6 4430.11 1211898932
2259.42 4492.66 1211898992
2245.24 4194.42 1211899052
2244.35 4167.61 1211899112
1112.43 3983.3 1211899172
1099.13 3983.3 1211899236
810.165 3831.4 1211899293
865.121 3542.11 1211899349
724.184 3300.86 1211899394
322.648 3249.48 1211899453
-81.5483 3173.53 1211899517
-559.315 3093.12 1211899580
-1011.38 3022.76 1211899634
-1358.84 2974.73 1211899694
-1543.21 2947.93 1211899748
-1543.21 2947.93 1211899750
-1543.21 2947.93 1211899752
-1543.21 2946.81 1211899762
-1681.49 2920.01 1211899816
-1996.16 2858.58 1211899867
-1903.98 2987.02 1211899937
-1601.71 3135.56 1211899988
-1545.87 3247.25 1211900055
-1542.33 3246.13 1211900110
-1543.21 3255.06 1211900140
-1442.16 3052.91 1211900201
-1362.39 2961.33 1211900261
-1245.38 2896.55 1211900321
-1050.38 2785.99 1211900381
-596.543 2871.98 1211900441
133.846 2985.9 1211900509
363.422 2899.9 1211900563
388.241 2764.77 1211900623
439.652 2421.91 1211900683
514.109 1939.48 1211900745
551.337 1717.26 1211900805
588.566 1486.11 1211900866
817.256 1391.2 1211900929
1053.92 1395.67 1211900987
1443.94 1094.18 1211901047
2552.82 940.095 1211901108
2590.93 -6.69863 1211901168
2743.39 -1549.47 1211901229
2693.75 -3064.05 1211901284
3168.86 -4479.04 1211901334
3617.38 -5899.37 1211901383
3852.27 -7213.48 1211901444
4099.57 -8597.64 1211901505
3777.81 -10103.1 1211901561
2733.64 -11219.2 1211901607
2583.84 -12729.8 1211901655
2855.96 -14232.3 1211901711
3167.09 -15694.4 1211901764
3976.37 -16200.2 1211901825
4489.59 -16195.8 1211901885
4515.29 -16171.3 1211901946
4527.7 -16165.7 1211901961
4511.75 -16173.5 1211902020
4516.18 -16176.8 1211902059
4522.38 -16169 1211902060
4285.72 -15927.3 1211902121
3932.93 -16175.7 1211902184
4388.54 -16057.6 1211902241
4400.06 -16027.5 1211902304
4398.29 -16025.3 1211902361
4400.95 -16029.8 1211902424
4400.95 -16028.7 1211902483
4401.83 -16028.7 1211902542
4400.95 -16027.5 1211902602
4400.06 -16026.4 1211902663
4400.95 -16027.5 1211902723
4400.95 -16027.5 1211902784
4400.95 -16027.5 1211902844
4400.95 -16027.5 1211902905
4401.83 -16027.5 1211902965
4401.83 -16026.4 1211903029
4401.83 -16026.4 1211903091
4400.95 -16029.8 1211903149
4401.83 -16029.8 1211903209
4402.72 -16028.7 1211903270
4402.72 -16028.7 1211903330
4401.83 -16028.7 1211903395
4402.72 -16028.7 1211903452
4401.83 -16028.7 1211903515
4401.83 -16027.5 1211903573
4401.83 -16027.5 1211903634
4400.95 -16028.7 1211903694
4400.95 -16028.7 1211903755
4400.06 -16028.7 1211903819
4401.83 -16028.7 1211903876
4402.72 -16028.7 1211903936
