10611.9 16529.9 1213018482
11258.1 15194.3 1213018541
11269.6 13731.4 1213018601
11381.3 13127.6 1213018661
11610.9 12184.9 1213018721
11855.5 11132.9 1213018769
12158.7 9640.54 1213018830
12499.9 8142.88 1213018891
11682.7 7333.82 1213018951
10973.6 7257.83 1213019012
10935.4 7260.07 1213019072
10908 7261.18 1213019133
10860.1 7257.83 1213019196
10830 7254.48 1213019254
10804.3 7246.66 1213019314
10770.6 7247.78 1213019375
10744 7234.37 1213019435
10659.8 7203.08 1213019497
10582.7 7185.2 1213019557
10520.6 7167.32 1213019618
9381.6 6836.57 1213019678
7942.09 6498.02 1213019736
6573.5 5928.2 1213019792
5586.94 4799.86 1213019850
4718.28 3781.13 1213019910
3901.91 2867.52 1213019971
3626.24 3218.21 1213020032
3299.16 2926.71 1213020093
3028.81 2673.19 1213020153
2818.73 2516.84 1213020214
2776.19 2459.88 1213020274
2752.25 2464.35 1213020335
2700.84 2461 1213020395
2714.14 2442.01 1213020456
2693.75 2461 1213020516
2711.48 2461 1213020559
2747.82 2440.9 1213020619
2741.62 2446.48 1213020679
2740.73 2442.01 1213020745
2755.8 2442.01 1213020806
2764.66 2434.2 1213020862
2769.1 2435.31 1213020919
2761.12 2436.43 1213020979
2767.32 2425.26 1213021040
2740.73 2430.85 1213021100
2715.03 2445.36 1213021162
2734.53 2423.03 1213021223
2738.07 2419.68 1213021282
2733.64 2423.03 1213021343
2744.28 2418.56 1213021404
2762.01 2418.56 1213021464
2768.21 2419.68 1213021525
2744.28 2428.61 1213021550
2420.74 2060.09 1213021603
1871.18 1782.03 1213021666
1501.55 1939.48 1213021723
1388.98 2134.91 1213021783
1342 2423.03 1213021843
1270.2 2733.5 1213021904
1229.43 3095.35 1213021964
1167.38 3295.27 1213022025
1162.95 3294.16 1213022047
1303 3382.39 1213022107
1796.72 3471.74 1213022168
2077.71 3514.19 1213022228
2090.12 3525.35 1213022288
2405.67 3564.45 1213022348
2236.37 3438.24 1213022408
1697.45 3351.12 1213022469
1389.87 3300.86 1213022529
1325.16 3269.58 1213022561
939.578 3222.67 1213022621
476.88 3148.96 1213022679
-296.056 3032.81 1213022736
-1011.38 2875.33 1213022794
-1020.24 2546.99 1213022854
-996.307 1988.62 1213022916
-944.896 1646.91 1213022976
-1148.77 1391.2 1213023037
-1584.87 1287.35 1213023097
-2034.28 796.059 1213023158
-2467.72 662.075 1213023218
-2999.56 631.928 1213023279
-3987.89 579.452 1213023339
-4794.51 534.791 1213023401
-5350.28 319.308 1213023461
-5289.12 -699.977 1213023529
-5262.52 -1140.92 1213023591
-5232.39 -1709.09 1213023648
-5731.43 -2072.96 1213023760
-5731.43 -2071.85 1213023763
-5701.29 -2032.78 1213023791
-5285.57 -2010.46 1213023842
-5349.39 -1801.73 1213023902
-4705.87 -1569.56 1213024025
-4723.6 -1261.48 1213024257
-4726.26 -1262.59 1213024308
-4727.14 -1262.59 1213024413
-4727.14 -1263.71 1213024471
-4727.14 -1262.59 1213024532
-4727.14 -1262.59 1213024591
-4800.71 -1347.43 1213024651
-4825.53 -1349.66 1213024662
-4918.6 -1354.13 1213024675
-5058.65 -1153.2 1213024735
-5214.66 -969.011 1213024776
-5233.27 -955.615 1213024836
-5246.57 -1405.48 1213024897
-5680.02 -1605.28 1213024957
-5730.54 -2041.71 1213025017
-5726.11 -2098.63 1213025038
-5721.68 -2098.63 1213025068
-5721.68 -2093.05 1213025118
-5305.96 -2011.57 1213025178
-5218.2 -1637.65 1213025238
-5260.75 -942.22 1213025298
-5305.07 -189.792 1213025358
-4782.1 599.549 1213025470
-4176.69 733.533 1213025530
-3004.88 1005.97 1213025653
-2374.65 1113.16 1213025729
-1755.95 1199.14 1213025817
-1177.13 1290.7 1213025929
-456.493 1486.11 1213026002
-510.563 1806.6 1213026057
-546.019 2013.19 1213026117
-428.129 2367.19 1213026269
-327.966 2383.94 1213026284
-164.869 2436.43 1213026366
-144.482 2318.05 1213026389
152.46 2354.91 1213026451
349.239 2407.39 1213026506
371.399 2397.34 1213026542
480.426 2157.24 1213026602
552.224 1750.76 1213026659
610.726 1349.89 1213026720
776.482 1171.23 1213026780
924.509 1194.68 1213026841
993.648 913.297 1213026901
1100.02 885.383 1213026963
1192.2 1024.95 1213027023
1178.9 1032.77 1213027072
1178.9 1033.89 1213027074
1184.22 1079.67 1213027155
1018.47 1083.02 1213027215
984.784 1137.73 1213027271
1041.51 1268.37 1213027355
1078.74 1300.75 1213027415
1063.67 1430.28 1213027478
1054.81 1483.88 1213027538
1039.74 1600.01 1213027598
1021.13 1727.31 1213027656
882.849 1939.48 1213027716
860.689 1948.42 1213027778
912.1 1945.07 1213027810
263.259 1949.53 1213027896
-83.3211 1893.7 1213027956
-462.698 1835.63 1213028016
-827.006 1776.45 1213028077
-981.239 1948.42 1213028141
-1027.33 2639.69 1213028198
-1048.6 2761.42 1213028258
-1329.59 2708.93 1213028319
-1579.55 2850.76 1213028379
-1578.67 2849.65 1213028396
-1579.55 2931.17 1213028457
-1873.84 2888.74 1213028517
-1949.18 2871.98 1213028541
-2116.71 2854.11 1213028601
-2120.26 2857.46 1213028661
-2484.56 2792.69 1213028724
-3065.15 2727.91 1213028781
-3667.9 2696.64 1213028841
-3931.16 2683.24 1213028896
-4358.4 2657.55 1213028952
-4364.61 2453.18 1213029012
-4326.49 1869.13 1213029073
-4260.9 1314.15 1213029136
-3899.25 1251.62 1213029195
-3684.74 417.559 1213029256
-3650.17 -42.4245 1213029317
-3624.47 -596.156 1213029377
-3596.99 -1038.22 1213029438
-3574.83 -1471.33 1213029507
-3550.01 -1885.45 1213029559
-3499.49 -2759.37 1213029621
-3406.41 -2858.7 1213029682
-3206.09 -3200.2 1213029740
-2832.92 -3572.94 1213029799
-2620.18 -3914.41 1213029862
-2622.84 -3976.9 1213029901
-2622.84 -3976.9 1213029911
-2622.84 -3975.79 1213029937
-2652.09 -4101.88 1213029996
-2652.09 -4100.77 1213030055
-2566.11 -4296.04 1213030116
-2271.83 -4084.03 1213030178
-2269.17 -4041.63 1213030208
-2037.82 -3988.06 1213030268
-1629.19 -4094.07 1213030312
-1291.48 -4148.75 1213030369
-1014.04 -4120.85 1213030429
-177.279 -3316.27 1213030490
887.281 -2580.8 1213030553
1123.95 -1935.68 1213030610
1219.68 -1537.19 1213030677
1349.98 -1534.96 1213030719
1350.87 -1534.96 1213030721
1299.45 -1797.27 1213030782
1335.8 -1768.25 1213030842
1335.8 -1768.25 1213030908
1324.27 -1761.55 1213030963
1326.05 -1763.78 1213031024
1332.25 -1768.25 1213031084
1333.14 -1769.36 1213031146
1466.98 -1512.63 1213031208
1556.51 -1198.97 1213031268
1524.6 -801.563 1213031329
1512.19 -570.48 1213031386
1487.37 -304.782 1213031447
1459.89 -11.1644 1213031507
1466.98 -5.58219 1213031515
1449.25 154.07 1213031575
1439.5 380.714 1213031635
1415.57 643.094 1213031695
1420.89 1210.31 1213031758
1515.73 1406.83 1213031815
1809.13 1720.61 1213031879
1921.7 1849.03 1213031936
2153.05 2082.42 1213031997
2449.11 2376.13 1213032059
2497.86 2428.61 1213032077
2768.21 2685.47 1213032137
2972.08 2912.19 1213032197
2944.6 2934.53 1213032229
2936.62 2947.93 1213032289
2933.08 2951.28 1213032349
2932.19 2957.98 1213032410
2930.42 2961.33 1213032470
2929.53 2962.45 1213032531
2929.53 2966.91 1213032594
2928.65 2973.61 1213032652
2928.65 2979.2 1213032712
2928.65 2985.9 1213032774
2930.42 2979.2 1213032834
2930.42 2979.2 1213032858
2930.42 2979.2 1213032929
2932.19 2993.72 1213032991
2933.08 2983.67 1213033049
2886.99 2995.95 1213033111
2936.62 3198.1 1213033170
3033.24 3331.01 1213033233
2614.86 3351.12 1213033291
2421.63 3212.62 1213033351
2830.26 3229.38 1213033397
2887.87 2792.69 1213033456
2689.32 2889.85 1213033505
2584.73 3224.91 1213033567
2583.84 3293.04 1213033627
2579.41 3284.1 1213033689
2560.79 3234.96 1213033749
2580.29 3087.53 1213033810
2410.11 3102.05 1213033870
2332.99 3086.42 1213033931
2289.56 3045.09 1213033952
1895.11 2953.51 1213034035
1893.34 2957.98 1213034044
1591.96 2898.79 1213034104
940.465 2820.61 1213034164
-16.8415 2666.49 1213034226
-291.624 2603.95 1213034285
-981.239 2488.92 1213034344
-998.967 2484.45 1213034383
-966.17 1792.08 1213034443
-873.099 1215.89 1213034504
-890.826 800.525 1213034565
-1271.98 736.882 1213034625
-1287.93 702.27 1213034648
-1284.39 703.386 1213034727
-1283.5 703.386 1213034763
-1281.73 702.27 1213034768
-1497.12 595.083 1213034830
-1788.74 436.539 1213034889
-1899.54 397.462 1213034950
-2007.68 348.336 1213035010
-2367.56 250.086 1213035076
-2659.18 229.99 1213035132
-2678.68 250.086 1213035163
-2717.69 435.422 1213035227
-3109.47 414.209 1213035284
-3320.43 399.695 1213035326
-3394 535.908 1213035377
-3397.55 547.073 1213035442
-3394.89 539.257 1213035486
-3231.79 614.064 1213035528
-2741.62 638.628 1213035585
-2166.35 675.473 1213035645
-1742.65 1142.2 1213035705
-1473.19 1241.57 1213035765
-665.682 1365.52 1213035825
-121.436 1451.5 1213035885
702.024 1587.73 1213035945
961.738 1630.16 1213036010
1297.68 1703.86 1213036067
