1547.64 2913.31 1211091792
1520.17 3193.64 1211091852
2169.89 3318.73 1211091912
2525.34 3379.04 1211091947
2913.58 3394.68 1211092008
2955.24 3413.66 1211092047
3171.52 3834.75 1211092101
3233.57 3826.93 1211092125
3233.57 3825.81 1211092149
3542.03 3169.06 1211092209
3862.91 2819.49 1211092269
4890.24 3963.2 1211092321
5861.73 5121.59 1211092372
7012.27 6096.91 1211092423
8282.47 6628.74 1211092481
9756.54 6884.62 1211092535
11210.2 7185.2 1211092589
12629.3 7523.78 1211092641
14099.9 7374.05 1211092699
15519.9 6952.78 1211092752
16430.2 5766.2 1211092807
16829.1 5500.31 1211092825
17141.1 5386.35 1211092840
18313.8 4491.55 1211092934
18165.8 4147.5 1211092987
18111.7 3967.67 1211093048
18109.9 3966.55 1211093110
18066.5 3997.82 1211093171
18332.4 4516.12 1211093234
18246.4 4665.81 1211093292
17970.8 4940.61 1211093352
16905.3 5501.42 1211093413
15994.1 6692.43 1211093468
14633.5 7232.13 1211093517
13181.6 7431.04 1211093567
11720.8 7329.35 1211093622
10327.4 7081.28 1211093682
8877.24 6728.19 1211093735
7447.49 6289.08 1211093788
6116.12 5398.64 1211093843
5130.45 4246.92 1211093898
4735.12 3776.67 1211093958
4368.15 3355.58 1211093996
3744.13 2734.61 1211094074
3129.86 2101.41 1211094111
3042.11 2109.22 1211094171
2879.01 2233.18 1211094234
2800.12 2304.65 1211094297
2701.73 2418.56 1211094357
2543.07 2561.51 1211094383
2413.65 2803.86 1211094445
2364.01 2794.92 1211094461
2231.05 2926.71 1211094524
2100.75 3320.96 1211094582
1671.74 3342.18 1211094644
1244.5 3267.35 1211094702
1042.4 3259.53 1211094748
304.92 3125.51 1211094813
-402.423 3046.21 1211094876
-470.675 3427.07 1211094934
-536.269 3860.44 1211094990
-966.17 3864.9 1211095052
-969.716 3862.67 1211095072
-969.716 3862.67 1211095076
-979.466 3872.72 1211095134
-978.579 3872.72 1211095195
-979.466 3870.49 1211095255
-979.466 3870.49 1211095257
-913.873 4080.48 1211095322
-502.586 4148.62 1211095379
-13.2959 4232.39 1211095437
426.356 4298.3 1211095497
861.575 4370.91 1211095558
1014.04 4391.01 1211095623
1131.04 4415.59 1211095679
1193.09 4223.46 1211095739
1264 3807.94 1211095800
960.852 3757.68 1211095860
852.711 3750.98 1211095920
866.007 3503.02 1211095980
1054.81 3144.49 1211096040
1358.84 3190.29 1211096100
2093.66 3314.26 1211096160
2278.92 3144.49 1211096225
2286.01 2955.75 1211096281
2315.26 2800.51 1211096342
2380.86 2744.67 1211096377
2375.54 2749.13 1211096379
2455.31 2935.64 1211096463
2398.58 3093.12 1211096527
2163.69 3208.16 1211096584
2114.05 3193.64 1211096613
2470.38 3361.17 1211096673
2794.8 3508.6 1211096733
2769.98 4021.28 1211096794
2801.89 4032.45 1211096828
2801.89 4032.45 1211096829
2794.8 4029.1 1211096889
2705.28 4088.3 1211096950
2705.28 4088.3 1211096956
2591.82 4189.95 1211097019
2476.59 4294.95 1211097073
2400.36 4291.6 1211097134
2394.15 4234.63 1211097192
1261.34 4007.88 1211097312
1279.95 3679.49 1211097374
1279.95 3679.49 1211097379
1311.86 3511.95 1211097439
1347.32 3307.56 1211097499
1361.5 3152.31 1211097559
1631.85 3020.52 1211097620
2067.07 3141.14 1211097680
2625.5 3184.7 1211097740
2969.42 3213.74 1211097800
3239.77 2990.37 1211097861
3142.27 2796.04 1211097921
2835.58 3031.69 1211097982
2695.53 3278.52 1211098042
2420.74 3248.36 1211098103
2337.42 3103.17 1211098165
2713.25 3189.17 1211098224
2968.53 3221.56 1211098284
3027.04 3156.78 1211098344
3243.32 3065.2 1211098405
3340.82 2945.69 1211098467
3445.42 2823.96 1211098525
3511.89 2612.88 1211098585
3144.93 2765.88 1211098646
2994.24 2906.6 1211098716
2789.48 3284.1 1211098772
2379.08 3195.87 1211098827
1722.26 3086.42 1211098888
1388.98 3031.69 1211098948
1671.74 3022.76 1211099008
2086.57 3094.23 1211099072
2364.9 3147.84 1211099131
2750.48 3201.45 1211099191
2959.67 3253.95 1211099249
3045.65 3209.27 1211099309
3066.04 3184.7 1211099369
3237.11 2949.04 1211099430
3171.52 2808.32 1211099475
2791.26 3217.09 1211099535
2606.89 3485.15 1211099595
1966.91 3387.97 1211099657
1349.98 3289.69 1211099711
1083.17 3241.66 1211099770
549.565 3160.13 1211099831
-181.711 3041.74 1211099891
-373.172 3010.47 1211099913
-374.945 3011.59 1211099919
42.5469 3188.05 1211099985
219.826 2847.41 1211100039
538.928 2841.83 1211100099
1285.27 2954.63 1211100160
1368.59 3163.48 1211100220
1370.37 3173.53 1211100248
1095.58 3259.53 1211100308
952.874 3730.87 1211100376
816.369 3718.58 1211100431
639.977 3937.51 1211100491
563.747 4436.81 1211100550
418.378 4515 1211100611
-32.7966 4455.8 1211100672
-91.2986 4537.35 1211100723
-91.2986 4537.35 1211100725
-121.436 4528.41 1211100761
-180.824 4423.41 1211100822
675.433 4539.58 1211100884
763.186 4127.4 1211100946
847.393 3698.48 1211101003
945.783 3018.29 1211101064
1224.11 2933.41 1211101124
1661.99 3026.11 1211101185
2239.92 3117.69 1211101245
2590.93 2904.37 1211101307
2910.03 2975.85 1211101367
2910.92 2975.85 1211101410
2871.03 3008.24 1211101471
2870.15 3117.69 1211101531
3296.5 2991.48 1211101595
3253.07 2898.79 1211101638
3148.47 2799.39 1211101699
2895.85 2562.63 1211101759
2780.62 2444.25 1211101814
2785.94 2440.9 1211101816
2610.43 2505.67 1211101855
2434.04 2681.01 1211101915
2397.7 2764.77 1211101942
2082.14 2636.34 1211101999
2352.49 2406.28 1211102061
2173.44 2153.89 1211102122
2175.21 2161.71 1211102141
2082.14 2272.27 1211102181
1952.73 2169.53 1211102239
1583.1 1935.02 1211102299
1340.23 1903.75 1211102363
826.12 1717.26 1211102420
163.097 1608.95 1211102481
-504.358 1493.93 1211102545
-1223.22 1381.15 1211102601
-1708.08 932.279 1211102661
-2482.79 660.958 1211102722
-2700.84 438.772 1211102786
-2699.96 171.933 1211102843
-2682.23 -395.21 1211102904
-2763.78 -389.628 1211102935
-2765.55 -334.925 1211102937
-2786.82 46.8905 1211102984
-2727.44 432.073 1211103044
-2312.6 455.519 1211103104
-1770.13 549.306 1211103168
-1278.18 717.901 1211103227
-1187.77 1071.85 1211103285
-881.076 1297.4 1211103349
-899.69 1411.3 1211103407
-908.554 1749.65 1211103468
-543.36 1824.46 1211103528
-220.712 1902.63 1211103589
-70.9116 2109.22 1211103624
192.348 2124.86 1211103650
224.258 1916.03 1211103711
201.212 2019.89 1211103771
202.098 2019.89 1211103783
419.265 2194.1 1211103850
1049.49 2284.55 1211103899
1159.4 2597.25 1211103964
1057.47 3353.35 1211104018
1458.12 3469.51 1211104079
1460.78 3468.39 1211104101
1460.78 3468.39 1211104103
1322.5 3507.48 1211104136
1637.17 3345.53 1211104196
1933.23 3275.17 1211104257
2379.97 3363.4 1211104317
2530.66 3162.36 1211104378
2884.33 3272.93 1211104438
2961.44 3189.17 1211104497
2816.08 3134.44 1211104557
2373.76 3360.05 1211104618
1463.44 3313.14 1211104681
1218.79 3327.66 1211104726
1218.79 3327.66 1211104743
1461.66 3409.2 1211104803
1680.6 3052.91 1211104863
1763.04 2545.87 1211104929
1896.88 2017.65 1211104987
2394.15 1526.31 1211105044
2405.67 1489.46 1211105107
2427.83 1476.06 1211105164
2422.52 1495.05 1211105226
2428.72 1486.11 1211105284
2442.9 1405.72 1211105345
2433.15 1439.22 1211105405
2431.38 1452.61 1211105465
2426.06 1461.55 1211105525
2425.18 1447.03 1211105561
2415.42 1489.46 1211105621
2724.78 1570.98 1211105681
2921.56 1771.98 1211105741
2744.28 1978.57 1211105801
2558.13 2155.01 1211105861
2630.82 2007.6 1211105921
2643.23 2013.19 1211105983
2641.46 2013.19 1211106043
2641.46 2012.07 1211106088
2544.84 2181.81 1211106148
2363.13 2357.14 1211106208
2170.78 2780.4 1211106269
1723.15 2715.63 1211106329
1576.9 2810.56 1211106393
1574.24 2828.43 1211106410
1573.35 2828.43 1211106417
1587.53 3009.35 1211106477
1527.26 2899.9 1211106537
1443.94 2777.05 1211106597
1597.28 2651.97 1211106657
1450.14 2884.27 1211106717
1257.79 2927.82 1211106778
1256.91 2930.06 1211106837
1217.02 3144.49 1211106897
1161.18 3564.45 1211106957
1122.18 3836.98 1211107017
1030.88 4391.01 1211107077
978.579 4688.15 1211107137
952.874 5018.81 1211107197
1735.56 5148.4 1211107258
1687.7 5481.31 1211107379
1687.7 5481.31 1211107383
1544.99 5333.85 1211107443
1334.02 5300.33 1211107504
1516.62 5131.64 1211107565
1818.88 4865.77 1211107625
2136.21 4588.73 1211107686
2338.31 4410 1211107757
2450.88 4317.29 1211107803
2661.84 4129.63 1211107863
2681.34 4165.37 1211107910
2341.85 4175.43 1211107970
1390.75 4015.7 1211108031
804.846 3924.1 1211108090
805.733 3925.22 1211108124
805.733 3924.1 1211108129
1061.01 3966.55 1211108187
1408.48 4013.46 1211108248
2381.74 4185.48 1211108308
2528.88 4206.7 1211108368
2616.64 4220.11 1211108390
2284.24 4172.08 1211108451
1124.83 3983.3 1211108511
799.528 3926.34 1211108571
837.643 3683.96 1211108616
891.713 3316.49 1211108674
1032.65 2496.74 1211108735
1139.02 1797.66 1211108795
1156.74 1511.8 1211108855
1156.74 1511.8 1211108857
1162.06 1347.65 1211108920
1214.36 1420.23 1211108977
1344.66 1557.58 1211109037
1450.14 1659.2 1211109098
1593.74 1825.58 1211109158
1806.47 2022.12 1211109189
1997.93 1932.78 1211109249
2401.24 1780.91 1211109310
2612.2 1994.2 1211109370
2797.46 2178.46 1211109430
2984.49 2115.92 1211109490
2944.6 2041.1 1211109534
2447.34 1563.16 1211109591
2215.1 1442.57 1211109651
1897.77 1748.53 1211109711
1479.39 1712.8 1211109771
1006.94 1231.52 1211109831
700.252 924.463 1211109891
224.258 461.102 1211109951
-390.9 229.99 1211110012
-982.125 169.7 1211110073
-968.829 137.323 1211110112
-968.829 136.207 1211110116
-527.405 219.941 1211110181
-241.099 187.564 1211110229
46.0925 198.728 1211110285
59.3884 32.3768 1211110345
71.7979 -8.9315 1211110367
-254.395 61.4043 1211110427
-776.482 -43.541 1211110487
-623.135 -339.39 1211110547
-684.297 -1108.55 1211110608
-1485.6 -1663.32 1211110729
-1919.04 -2120.96 1211110789
-2717.69 -2318.51 1211110849
-2793.03 -2287.26 1211110898
-2799.23 -2297.31 1211110900
-2779.73 -2290.61 1211110960
-2668.93 -2319.63 1211111022
-2142.42 -2203.55 1211111080
-1630.08 -1798.38 1211111149
-844.734 -1479.15 1211111204
-646.182 -979.058 1211111261
-733.935 -205.422 1211111323
-258.827 58.055 1211111383
52.2973 183.098 1211111451
232.235 388.53 1211111503
249.963 -81.4996 1211111563
113.458 -91.5474 1211111610
312.897 103.829 1211111670
818.142 145.138 1211111730
905.009 -596.156 1211111791
959.965 -1337.38 1211111855
1177.13 -1345.2 1211111911
1689.47 -1336.27 1211111972
2130.89 -1330.69 1211112032
2718.57 -1608.63 1211112092
2715.91 -3126.55 1211112143
3182.16 -4539.3 1211112188
3631.56 -5989.73 1211112234
3897.48 -7458.88 1211112275
4169.6 -8955.64 1211112320
3607.63 -10329.5 1211112365
2623.73 -11471.2 1211112415
2598.91 -12981.7 1211112460
2884.33 -14476.3 1211112511
3233.57 -15932.8 1211112563
4019.8 -16186.9 1211112623
4493.13 -15918.3 1211112683
4478.06 -15890.5 1211112699
4244.06 -15955.1 1211112759
4143.01 -16069.9 1211112802
3158.22 -15452.6 1211112854
2871.92 -13943.6 1211112900
2588.27 -12491.2 1211112946
2913.58 -11037.5 1211112998
3924.95 -9931.4 1211113045
4092.48 -8405.82 1211113095
3827.45 -6927.92 1211113143
3561.53 -5448.64 1211113193
3066.04 -4084.03 1211113239
2511.16 -2660.04 1211113285
2839.12 -1205.66 1211113333
2698.18 320.424 1211113390
2403.9 1224.82 1211113450
1789.63 1872.48 1211113510
1579.55 2436.43 1211113574
1366.82 3110.99 1211113631
1374.8 3067.43 1211113691
1381.89 3058.5 1211113752
1378.34 3060.73 1211113812
1388.09 3054.03 1211113873
1391.64 3054.03 1211113934
1386.32 3057.38 1211113995
1367.71 3069.66 1211114055
1372.14 3066.31 1211114116
1368.59 3069.66 1211114176
1362.39 3073.01 1211114237
1369.48 3067.43 1211114274
1377.46 3066.31 1211114334
1375.68 3069.66 1211114381
1522.83 3002.65 1211114441
1670.85 3030.57 1211114502
1742.65 2698.88 1211114562
1841.04 2088.01 1211114623
2016.55 1720.61 1211114684
2019.21 1719.5 1211114745
2015.66 1722.85 1211114805
2019.21 1721.73 1211114835
2020.09 1719.5 1211114894
2020.98 1720.61 1211114954
2024.52 1718.38 1211115014
2021.87 1720.61 1211115075
2018.32 1720.61 1211115135
1968.68 1626.81 1211115196
2186.74 1577.68 1211115260
2647.66 2038.87 1211115318
2925.99 1782.03 1211115378
3126.31 1957.35 1211115439
3376.28 2122.62 1211115499
3622.69 1916.03 1211115561
3794.65 2077.96 1211115584
3852.27 2410.75 1211115644
3537.6 2762.53 1211115704
3216.73 3079.72 1211115764
3410.85 3326.55 1211115825
3433.89 3390.21 1211115886
3576.6 3571.15 1211115947
3478.21 3709.65 1211116007
3370.07 3796.77 1211116068
2937.51 3793.42 1211116128
2800.12 3766.61 1211116189
2660.96 4226.81 1211116249
2386.17 4379.84 1211116309
1961.59 4745.12 1211116369
1659.33 5063.5 1211116549
1917.27 5177.44 1211116609
2095.44 5114.88 1211116670
1675.29 5032.22 1211116730
1721.38 4653.52 1211116799
1628.31 4386.54 1211116851
1081.4 4294.95 1211116914
1058.35 4294.95 1211116933
867.78 4370.91 1211116993
832.324 4461.39 1211117053
834.984 4471.44 1211117113
834.984 4471.44 1211117141
754.322 4172.08 1211117199
836.756 3660.5 1211117259
1022.9 3350 1211117319
990.989 3452.75 1211117360
990.989 3452.75 1211117362
954.647 3447.17 1211117386
757.867 3309.79 1211117445
642.636 3289.69 1211117470
321.761 3237.19 1211117535
100.163 3203.69 1211117590
100.163 3204.8 1211117611
-29.251 3184.7 1211117666
-427.242 3182.47 1211117726
-490.176 3544.34 1211117786
-667.455 3582.32 1211117846
-669.228 3580.08 1211117873
-608.067 3317.61 1211117933
-566.406 3105.4 1211117993
-794.209 2947.93 1211118057
-974.147 1825.58 1211118181
-946.669 1430.28 1211118235
-1577.78 1289.59 1211118295
-2161.03 692.221 1211118355
-2209.78 664.308 1211118403
-2209.78 664.308 1211118405
-2054.66 486.782 1211118465
-2410.11 452.17 1211118525
-2466.84 448.82 1211118562
-2714.14 417.559 1211118622
-2714.14 417.559 1211118624
-2668.05 224.407 1211118687
-2504.06 -3.34931 1211118746
-2420.74 -842.867 1211118806
-2075.05 -1421.1 1211118867
-1661.1 -1590.77 1211118928
-998.967 -1964.7 1211118988
-699.365 -2634.37 1211119048
-339.489 -2838.61 1211119109
118.777 -2968.07 1211119169
393.559 -3288.37 1211119230
993.648 -3242.61 1211119291
2334.76 -2874.32 1211119352
2796.57 -1561.75 1211119413
3144.04 -1192.27 1211119474
3419.71 -1236.92 1211119525
3420.6 -1239.15 1211119527
3811.5 -1139.8 1211119587
3995.87 -984.639 1211119625
3854.04 7.81507 1211119685
3625.35 558.238 1211119745
3620.03 687.755 1211119772
4136.8 786.01 1211119832
4078.3 1569.86 1211119893
3926.73 2014.3 1211119953
4234.31 2655.32 1211120013
4257.35 2980.32 1211120077
4257.35 2983.67 1211120081
4086.28 3396.91 1211120141
4096.92 3352.23 1211120201
4214.81 2763.65 1211120261
4216.58 2765.88 1211120321
4250.26 2876.45 1211120355
4232.53 3209.27 1211120416
3897.48 3692.89 1211120477
3739.7 3897.3 1211120534
3738.81 3897.3 1211120536
3590.78 4062.61 1211120596
3584.58 4070.43 1211120656
3449.85 3740.92 1211120717
3379.82 3825.81 1211120777
3407.3 3821.34 1211120838
3439.21 3758.79 1211120898
3428.57 3795.65 1211120959
3419.71 3786.72 1211121019
3396.66 3801.24 1211121080
3323.09 3805.71 1211121141
3071.36 3761.03 1211121204
2709.71 4002.29 1211121262
2696.41 4105.06 1211121323
2489.88 4289.36 1211121383
2385.29 4377.61 1211121444
2368.45 4366.44 1211121464
2410.11 4119.58 1211121527
2434.04 3922.99 1211121584
2563.45 3192.52 1211121693
2609.55 2937.88 1211121752
3002.22 2528.01 1211121811
3033.24 2463.23 1211121828
3042.11 2450.95 1211121864
3307.14 2185.16 1211121925
3596.99 1892.58 1211121984
3572.17 1870.25 1211122000
3547.35 1825.58 1211122059
3569.51 1835.63 1211122119
3565.96 1845.68 1211122179
3566.85 1843.45 1211122196
3215.84 1512.91 1211122257
2889.65 1430.28 1211122317
2612.2 1692.7 1211122371
2258.53 1026.07 1211122428
1065.45 1400.13 1211122488
745.458 1702.75 1211122548
-45.2061 1581.03 1211122609
-128.527 1573.21 1211122669
-172.847 1530.78 1211122729
-140.937 1351 1211122789
-538.041 1284 1211122850
-827.006 1241.57 1211122910
-1147.88 1190.21 1211122971
-1170.93 1261.67 1211123022
-1170.93 1261.67 1211123023
-1164.72 1313.04 1211123082
-927.169 1329.79 1211123139
-267.691 1436.98 1211123200
-30.1374 1474.95 1211123231
140.937 1495.05 1211123255
140.937 1495.05 1211123258
441.424 1443.68 1211123318
437.879 1434.75 1211123334
274.782 1592.2 1211123394
272.123 1604.48 1211123454
278.328 1547.53 1211123512
567.292 1570.98 1211123573
1179.79 1679.3 1211123640
1290.59 1760.81 1211123693
1391.64 1812.18 1211123753
1486.48 1841.21 1211123816
1852.56 1583.26 1211123875
2106.96 1500.63 1211123935
2462.4 1847.91 1211123996
2660.96 2051.15 1211124056
2816.08 2207.5 1211124117
2848.87 2238.76 1211124177
2889.65 2290.14 1211124238
2936.62 2390.64 1211124298
3014.63 2417.45 1211124360
3127.2 2509.02 1211124420
3226.48 2596.13 1211124486
3238 2612.88 1211124541
3289.41 2669.84 1211124603
3373.62 2748.02 1211124663
3437.44 2796.04 1211124724
3483.53 2832.89 1211124784
3514.55 2916.66 1211124845
3634.22 3013.82 1211124905
3667.9 3043.98 1211124967
3698.04 3227.14 1211125027
3779.59 3332.13 1211125088
3936.48 3353.35 1211125148
3967.5 3434.88 1211125210
3997.64 3421.48 1211125271
4037.53 3461.69 1211125331
3957.75 3618.06 1211125392
3936.48 3643.75 1211125423
3867.34 3727.52 1211125484
3702.47 3926.34 1211125544
3619.15 4043.62 1211125605
3279.66 4512.77 1211125666
2929.53 4977.48 1211125727
2300.19 5133.88 1211125787
1698.33 5041.15 1211125848
1022.01 4930.56 1211125908
373.172 4824.43 1211125969
-82.4347 4643.47 1211126029
-39.0014 4462.5 1211126090
-194.12 4504.95 1211126150
-418.378 4488.2 1211126214
-418.378 4488.2 1211126223
-517.654 4473.67 1211126260
-522.973 4468.09 1211126318
-628.454 4384.31 1211126378
-604.521 4231.28 1211126442
-538.928 3834.75 1211126502
-476.88 3442.7 1211126561
-427.242 3138.91 1211126622
-366.081 2751.37 1211126683
-283.646 2225.36 1211126743
-126.754 2093.59 1211126804
270.35 2158.36 1211126867
780.914 2144.96 1211126925
732.162 2021 1211126986
553.997 1990.85 1211127007
476.88 2280.08 1211127069
406.855 2697.76 1211127133
509.677 2837.36 1211127189
595.657 2847.41 1211127218
592.111 2846.3 1211127277
597.43 2845.18 1211127358
597.43 2846.3 1211127460
436.106 2936.76 1211127520
166.642 3194.75 1211127578
120.55 3489.61 1211127643
65.5932 3820.23 1211127701
22.1599 4101.7 1211127763
-23.9326 4386.54 1211127823
-182.597 4527.29 1211127886
-185.256 4526.18 1211127888
-81.5483 4420.06 1211127948
389.127 4498.25 1211128008
1009.6 4439.05 1211128068
1457.23 4021.28 1211128129
2345.4 4172.08 1211128189
2652.98 4132.98 1211128249
2810.76 3996.71 1211128310
2972.08 3707.41 1211128378
2972.08 3667.2 1211128393
2811.64 3600.19 1211128452
2613.98 3522 1211128512
1907.52 3382.39 1211128572
1318.95 3284.1 1211128632
983.898 2781.52 1211128696
1101.79 2055.62 1211128754
1113.31 1997.55 1211128781
1113.31 1997.55 1211128783
1185.11 1981.92 1211128847
1215.25 2262.22 1211128909
1305.66 2534.71 1211128963
1325.16 2560.39 1211128978
1149.65 2650.85 1211129038
929.828 3217.09 1211129098
666.569 3182.47 1211129159
-65.5932 3061.85 1211129222
-792.437 2947.93 1211129280
-1267.54 2922.24 1211129341
-1519.28 2944.58 1211129401
-1834.84 2895.44 1211129464
-2086.57 2942.34 1211129522
-2037.82 3379.04 1211129583
-2118.48 3410.31 1211129605
-2118.48 3410.31 1211129607
-2040.48 3368.99 1211129667
-2093.66 3012.7 1211129727
-2135.32 2845.18 1211129788
-2355.15 2783.75 1211129849
-2355.15 2781.52 1211129910
-2354.26 2783.75 1211129974
-2355.15 2781.52 1211130024
-2355.15 2781.52 1211130084
-2355.15 2782.64 1211130144
-2355.15 2782.64 1211130205
-2355.15 2783.75 1211130264
-2354.26 2781.52 1211130324
-2354.26 2780.4 1211130351
-2353.38 2781.52 1211130375
-2358.7 2783.75 1211130440
-2559.91 2777.05 1211130497
-3243.32 2718.98 1211130558
-3792 2685.47 1211130619
-3996.75 2743.55 1211130668
-3993.21 2744.67 1211130698
-3997.64 2726.8 1211130759
-3995.87 2670.96 1211130780
-3971.93 2267.8 1211130841
-3951.55 2237.65 1211130904
-3946.23 2238.76 1211130931
-3568.62 2264.45 1211130992
-3348.8 2277.85 1211131049
-3336.39 2284.55 1211131114
-3265.48 2276.73 1211131171
-2743.39 2312.47 1211131231
-2414.54 2318.05 1211131297
-1637.17 2386.18 1211131347
-728.616 2519.07 1211131407
-325.307 2517.96 1211131468
-264.146 2113.69 1211131530
-229.576 1876.95 1211131589
-96.617 1884.76 1211131649
202.984 1937.25 1211131710
365.195 1880.3 1211131771
356.331 1851.26 1211131832
225.144 1893.7 1211131886
221.599 1920.5 1211131891
203.871 2058.97 1211131951
172.847 2236.53 1211132017
-81.5483 2208.61 1211132072
-313.784 2472.17 1211132131
6.20476 2645.27 1211132191
244.645 2705.58 1211132252
429.901 2822.84 1211132312
864.235 2893.2 1211132344
1243.61 2955.75 1211132406
1384.55 2769.24 1211132465
1481.17 2778.17 1211132525
1505.1 2796.04 1211132548
1572.46 2846.3 1211132586
1550.3 2989.25 1211132642
1801.15 3039.51 1211132701
1929.68 3276.29 1211132761
2659.18 3394.68 1211132821
2558.13 3278.52 1211132883
2574.98 3109.87 1211132941
2711.48 2823.96 1211133004
3035.9 2503.44 1211133064
2710.59 1779.8 1211133125
2684 291.396 1211133182
2830.26 -1217.94 1211133233
2506.72 -2665.62 1211133281
3039.45 -4053.9 1211133333
3551.78 -5511.12 1211133380
3813.27 -6988.16 1211133423
4086.28 -8488.35 1211133470
3864.68 -9991.61 1211133527
2832.92 -11091 1211133560
2542.18 -12054.2 1211133595
2691.09 -13549.1 1211133645
2988.04 -15045.8 1211133689
3558.87 -16360.7 1211133752
3940.91 -16251.5 1211133812
4035.75 -16256 1211133862
4058.8 -16248.2 1211133922
4068.55 -16232.6 1211133982
4063.23 -16194.7 1211134042
4061.46 -16189.1 1211134070
4060.57 -16182.4 1211134072
3751.22 -16167.9 1211134132
4198.85 -16125.6 1211134195
4384.99 -16019.7 1211134253
4409.81 -16043.1 1211134314
4408.93 -16040.9 1211134374
4407.15 -16039.8 1211134435
4408.04 -16039.8 1211134495
4408.04 -16039.8 1211134555
4409.81 -16044.3 1211134615
4408.93 -16043.1 1211134675
4408.93 -16043.1 1211134736
4408.93 -16040.9 1211134805
4408.04 -16038.7 1211134856
4406.27 -16039.8 1211134916
4408.04 -16044.3 1211134977
4408.93 -16042 1211135039
4406.27 -16028.7 1211135101
4405.38 -16038.7 1211135160
4407.15 -16039.8 1211135220
