4399.18 -16038.7 1212507253
4395.63 -16038.7 1212507313
4395.63 -16038.7 1212507373
4392.97 -16040.9 1212507433
4394.74 -16039.8 1212507494
4394.74 -16040.9 1212507615
4395.63 -16040.9 1212507676
4395.63 -16040.9 1212507739
4396.52 -16040.9 1212507798
4396.52 -16039.8 1212507863
4391.2 -16042 1212507919
4393.86 -16039.8 1212507982
4394.74 -16038.7 1212508040
4394.74 -16038.7 1212508099
4395.63 -16038.7 1212508159
4394.74 -16037.6 1212508221
4394.74 -16038.7 1212508283
4394.74 -16038.7 1212508343
4394.74 -16039.8 1212508404
4394.74 -16039.8 1212508461
4394.74 -16038.7 1212508521
4394.74 -16038.7 1212508581
4394.74 -16039.8 1212508641
4393.86 -16042 1212508701
4395.63 -16039.8 1212508766
4394.74 -16040.9 1212508821
4394.74 -16040.9 1212508888
4394.74 -16040.9 1212508949
4394.74 -16040.9 1212509005
4393.86 -16039.8 1212509063
4393.86 -16039.8 1212509123
4391.2 -16049.8 1212509232
4391.2 -16047.6 1212509287
4392.08 -16049.8 1212509348
4390.31 -16049.8 1212509406
4394.74 -16053.2 1212509467
4391.2 -16045.4 1212509527
4394.74 -16038.7 1212509550
4392.97 -16034.2 1212509583
4399.18 -16043.1 1212509628
4398.29 -16043.1 1212509696
4395.63 -16040.9 1212509748
4395.63 -16040.9 1212509815
4386.77 -16040.9 1212509875
4386.77 -16046.5 1212509916
4388.54 -16032 1212509972
4389.43 -16033.1 1212510032
4397.4 -16042 1212510092
4395.63 -16040.9 1212510155
4392.08 -16037.6 1212510213
4395.63 -16039.8 1212510273
