4579.11 -16069.9 1212429222
4196.19 -16045.4 1212429275
3729.95 -16220.3 1212429336
3074.02 -15124.9 1212429396
2765.55 -13644.9 1212429448
2565.23 -12162.4 1212429499
3211.41 -10793.3 1212429555
4109.32 -9556.72 1212429603
4027.78 -8064.53 1212429654
3766.29 -6585.45 1212429704
3417.94 -5131.78 1212429764
2951.69 -3633.2 1212429823
2787.71 -2694.64 1212429883
3730.83 -1501.47 1212429922
3846.95 22.3288 1212429979
3291.18 1401.25 1212430040
2972.08 1740.71 1212430100
2698.18 2014.3 1212430163
2416.31 2303.54 1212430210
2208.01 2635.22 1212430270
2041.37 3008.24 1212430331
2298.42 3286.34 1212430393
2490.77 3458.34 1212430453
2521.79 3494.08 1212430659
2794.8 3611.36 1212430719
2955.24 3669.44 1212430787
3108.59 3714.12 1212430840
3390.46 3850.38 1212430900
3352.34 3682.84 1212430960
3356.78 3663.85 1212431021
3345.25 3647.1 1212431081
3311.57 3619.18 1212431142
3310.68 3614.71 1212431202
3330.18 3618.06 1212431264
3413.5 3682.84 1212431324
3409.07 3681.72 1212431385
3394 3669.44 1212431445
3403.75 3667.2 1212431506
3404.64 3672.79 1212431566
3404.64 3673.91 1212431627
3395.78 3666.09 1212431687
3426.8 3689.54 1212431748
3492.39 3518.65 1212431830
3523.42 3444.94 1212431890
3519.87 3467.27 1212431926
3481.76 3412.55 1212431984
3501.26 3432.65 1212432045
3457.82 3362.29 1212432105
3489.73 3412.55 1212432165
3568.62 3513.07 1212432225
3526.96 3462.81 1212432285
3517.21 3446.05 1212432345
3406.41 3379.04 1212432396
3464.03 3353.35 1212432457
3207.86 3630.35 1212432516
3311.57 3505.25 1212432576
3312.46 3506.37 1212432637
3062.49 3477.33 1212432698
2870.15 3590.14 1212432761
2878.12 3578.97 1212432819
3023.49 3663.85 1212432880
3396.66 3672.79 1212432940
3449.85 3697.36 1212433001
3385.14 3520.89 1212433061
3207.86 3337.71 1212433122
2893.19 3255.06 1212433182
2669.82 3268.47 1212433250
2532.43 3258.42 1212433264
2314.38 3207.04 1212433302
2073.28 3186.93 1212433362
1988.18 3064.08 1212433422
1837.5 2908.84 1212433482
1757.72 2921.12 1212433550
1755.95 2921.12 1212433561
1720.49 2850.76 1212433621
1747.97 2693.29 1212433681
1766.58 2511.25 1212433741
1566.26 2465.47 1212433801
1570.69 2453.18 1212433819
1449.25 2692.18 1212433878
1430.64 2874.22 1212433938
1372.14 3140.03 1212433999
1328.71 3386.86 1212434064
1559.17 3433.77 1212434121
2130.89 3519.77 1212434181
2299.31 3565.56 1212434243
2636.14 3504.13 1212434303
2756.69 3473.98 1212434364
2891.42 3619.18 1212434424
3036.79 3629.23 1212434485
3144.04 3638.16 1212434537
3345.25 3659.39 1212434598
3469.35 3687.31 1212434659
3526.08 3730.87 1212434719
3626.24 3844.8 1212434780
3793.77 3701.83 1212434842
3782.25 3430.42 1212434901
3624.47 3258.42 1212434961
3440.1 3469.51 1212435021
3403.75 3764.38 1212435081
3183.93 3699.6 1212435141
3159.11 3673.91 1212435154
3087.31 3580.08 1212435214
3160.88 3412.55 1212435274
2866.6 3305.32 1212435338
2672.48 3270.7 1212435396
2482.79 3239.43 1212435455
2434.04 3090.88 1212435515
2278.92 2972.5 1212435580
2204.46 2975.85 1212435613
2208.01 2954.63 1212435676
2169.01 2984.78 1212435734
2106.96 2871.98 1212435799
2075.05 2935.64 1212435854
2025.41 2950.16 1212435914
1857.88 2982.55 1212435974
2091 3093.12 1212436036
2128.23 3058.5 1212436096
2128.23 3059.61 1212436112
2297.53 3033.92 1212436178
2326.79 2760.3 1212436232
2376.42 2660.9 1212436270
2539.52 2532.47 1212436329
2618.41 2491.15 1212436389
2549.27 2195.21 1212436453
2916.24 1784.26 1212436510
3332.84 1164.53 1212436571
3832.77 -246.729 1212436628
3577.49 -1720.25 1212436687
2715.91 -2927.89 1212436742
3138.72 -4351.84 1212436796
3602.31 -5788.92 1212436847
3863.79 -7267.02 1212436897
4125.28 -8725.9 1212436949
3738.81 -10160 1212437003
2709.71 -11259.4 1212437059
2586.5 -12744.3 1212437112
2853.3 -14224.5 1212437173
3164.43 -15697.7 1212437225
3913.43 -16250.4 1212437285
4073.87 -16136.7 1212437345
4112.87 -16154.6 1212437405
4069.44 -16124.5 1212437468
3912.55 -16121.1 1212437494
3904.57 -16126.7 1212437495
4031.32 -16180.2 1212437558
