29810.3 -41033.6 1212115703
29906.1 -40783.6 1212115753
29600.3 -40562.6 1212115813
29758 -40235.9 1212115878
30164 -39391.5 1212116069
30362.6 -37955.9 1212116255
29398.2 -36658.9 1212116374
27503.9 -34402.3 1212116472
26307.3 -33501.7 1212116522
25110.7 -32621 1212116580
23922.9 -31750.3 1212116625
22737.8 -30900.6 1212116667
21261.9 -30506.8 1212116723
19838.4 -30242.1 1212116763
18543.4 -29600.3 1212116814
17249.2 -28902.7 1212116857
16245 -27789 1212116912
15246.9 -26684.1 1212116973
14234.6 -25552.3 1212117017
13344.7 -24352.4 1212117071
12461.8 -23154.6 1212117126
11536.4 -21958.8 1212117179
10552.5 -20820.8 1212117234
9584.58 -19701.5 1212117287
8153.06 -19299.5 1212117343
6717.1 -19045.5 1212117404
5572.76 -18108.7 1212117459
4431.97 -17161.8 1212117511
3737.93 -16248.2 1212117583
4241.4 -16106.7 1212117654
4391.2 -16053.2 1212117705
4391.2 -16054.3 1212117739
4391.2 -16054.3 1212117788
4392.08 -16053.2 1212117853
4393.86 -16053.2 1212117913
4392.97 -16052.1 1212117968
4392.97 -16052.1 1212118029
4392.97 -16052.1 1212118089
4392.97 -16050.9 1212118153
4391.2 -16054.3 1212118219
4391.2 -16054.3 1212118269
4392.08 -16053.2 1212118329
4391.2 -16053.2 1212118389
4391.2 -16052.1 1212118450
4392.08 -16052.1 1212118515
4392.08 -16052.1 1212118571
4392.97 -16052.1 1212118633
4392.08 -16050.9 1212118691
4392.08 -16050.9 1212118731
4392.08 -16050.9 1212118791
4392.08 -16049.8 1212118851
4392.08 -16050.9 1212118911
4392.08 -16050.9 1212118972
4392.08 -16050.9 1212119032
