4041.96 -16191.3 1211219489
4033.98 -16192.4 1211219661
4026.89 -16146.8 1211219801
2637.91 -13143.3 1211219927
3511.89 -10470 1211220028
4196.19 -9087.23 1211220082
3646.63 -5960.73 1211220179
3183.93 -4474.58 1211220248
2979.17 -3767.11 1211220250
2660.07 -131.739 1211220398
2521.79 1026.07 1211220458
2312.6 1342.07 1211220519
1759.49 1892.58 1211220638
1456.35 1926.08 1211220698
1249.82 2005.37 1211220763
1172.7 2515.72 1211220828
1079.63 3134.44 1211220879
1046.83 3294.16 1211220938
936.033 3956.5 1211220998
952.874 4378.73 1211221058
952.874 4380.96 1211221081
954.647 4388.78 1211221105
953.76 4389.9 1211221118
953.76 4385.43 1211221177
961.738 4364.2 1211221197
956.42 4376.49 1211221224
900.577 4367.55 1211221304
734.821 4293.83 1211221347
65.5932 4131.86 1211221465
-12.4095 4316.17 1211221532
-34.5694 4406.65 1211221584
-148.914 4525.06 1211221645
-330.625 4491.55 1211221713
-674.546 4437.93 1211221789
-887.281 4408.89 1211221985
-1469.64 4379.84 1211222091
-1396.07 4413.35 1211222137
-1347.32 4449.1 1211222207
-1310.09 4520.59 1211222366
-1576.01 4587.61 1211222413
-1398.73 4225.69 1211222473
-1032.65 3341.06 1211222599
-987.443 3052.91 1211222659
-970.602 2935.64 1211222719
-957.306 2832.89 1211222777
-778.254 2845.18 1211222813
-24.819 2964.68 1211222868
746.344 3088.65 1211222933
933.373 3027.22 1211222992
1013.15 2586.08 1211223048
1115.08 1916.03 1211223121
1136.36 1778.68 1211223168
1186 1474.95 1211223228
983.898 1421.35 1211223288
983.898 1421.35 1211223298
