4305.22 -15996.3 1212778808
4217.46 -16042 1212778855
3330.18 -16037.6 1212778899
2954.35 -14556.6 1212778954
2632.59 -13114.4 1212779014
2599.79 -11572.6 1212779079
4200.62 -9100.61 1212779166
3949.77 -7628.42 1212779220
3690.06 -6157.08 1212779273
3244.2 -4721.17 1212779329
2828.48 -3279.44 1212779383
2775.3 -2687.94 1212779448
3717.54 -1526.03 1212779461
3849.61 -14.5137 1212779539
3361.21 1317.5 1212779579
2965.88 1749.65 1212779639
2847.1 1875.83 1212779696
2847.1 1875.83 1212779745
2684 2041.1 1212779754
2510.27 2218.66 1212779814
2306.4 2431.96 1212779874
2192.94 2841.83 1212779934
2192.94 2841.83 1212779973
2199.14 2882.03 1212780008
2198.26 2883.15 1212780025
2200.92 2897.67 1212780082
2203.58 2899.9 1212780083
2309.06 2916.66 1212780142
2303.74 2918.89 1212780204
2303.74 2917.77 1212780347
2311.72 2894.32 1212780422
2344.51 2733.5 1212780700
2418.08 2632.98 1212780760
2506.72 2720.1 1212780827
2579.41 2809.44 1212780862
2598.02 2813.91 1212780877
2770.87 2974.73 1212780931
2874.58 3127.74 1212780990
2875.46 3126.62 1212780996
2884.33 3096.47 1212781022
2910.92 3112.1 1212781082
2919.78 3114.34 1212781157
2939.28 3134.44 1212781204
2980.06 3151.2 1212781275
3061.61 2997.07 1212781324
2836.46 2759.18 1212781384
2440.24 2348.21 1212781444
2195.6 2122.62 1212781504
1870.29 1803.25 1212781568
1866.75 1806.6 1212781595
1736.45 1930.55 1212781662
1931.45 2149.43 1212781716
2031.62 2253.28 1212781743
2223.96 2434.2 1212781803
2363.13 2576.03 1212781832
2429.61 2640.8 1212781859
2605.11 2809.44 1212781925
2690.21 2818.38 1212781964
2715.91 2840.71 1212782024
2704.39 2771.47 1212782086
2718.57 2777.05 1212782144
2777.96 2714.51 1212782203
2643.23 2581.61 1212782259
2410.99 2348.21 1212782321
2043.14 1979.68 1212782384
1865.86 1808.83 1212782440
1732.01 1673.71 1212782506
1193.97 1287.35 1212782625
997.194 1080.78 1212782745
639.09 874.218 1212782801
266.805 503.529 1212782861
-357.217 135.09 1212782921
-748.117 -197.607 1212782988
-1634.51 -1594.12 1212783232
-2065.3 -1455.71 1212783283
-2295.76 -1593 1212783353
-2296.65 -1593 1212783384
-2296.65 -1593 1212783385
-2309.06 -1555.05 1212783445
-2409.22 -1753.74 1212783498
-2596.25 -2153.33 1212783558
-2640.57 -2283.91 1212783618
-2677.8 -2306.24 1212783647
-2735.41 -2356.46 1212783708
-2824.94 -2456.91 1212783763
-3028.81 -2660.04 1212783825
-3033.24 -2664.5 1212783885
-3126.31 -2761.6 1212783946
-3125.43 -2762.72 1212783989
-3214.07 -3186.81 1212784049
-3226.48 -3572.94 1212784089
-3245.98 -4031.58 1212784110
-3273.45 -4698.86 1212784171
-3188.36 -5127.31 1212784231
-3191.02 -6615.57 1212784291
-3138.72 -8106.91 1212784336
-2898.51 -9643.7 1212784388
-2568.77 -11124.5 1212784436
-1540.55 -12196.9 1212784478
-617.817 -13383 1212784525
190.575 -14629 1212784581
1522.83 -14168.7 1212784641
2897.62 -14471.9 1212784702
3154.68 -15611.9 1212784754
3971.93 -16182.4 1212784805
4263.56 -16098.9 1212784865
4401.83 -16043.1 1212784926
4403.61 -16042 1212784987
4404.49 -16042 1212785047
4404.49 -16042 1212785112
4405.38 -16042 1212785168
4404.49 -16040.9 1212785229
4403.61 -16040.9 1212785294
4403.61 -16039.8 1212785354
4404.49 -16040.9 1212785409
