3998.53 -16261.5 1212571786
3893.04 -16126.7 1212571843
3659.92 -16300.5 1212571967
4454.13 -16194.7 1212572022
4309.65 -15896.1 1212572082
2980.94 -14785 1212572204
2660.07 -13327.2 1212572244
2551.04 -11794.5 1212572299
4183.78 -9312.5 1212572392
3905.45 -7384.14 1212572455
3642.19 -5921.68 1212572507
3182.16 -4510.28 1212572562
2716.8 -3100.88 1212572623
2769.98 -1600.82 1212572671
2412.77 -1307.24 1212572731
1806.47 -1326.22 1212572792
1544.1 -1102.97 1212572852
1488.26 -369.533 1212572912
1446.6 171.933 1212572972
1427.1 455.519 1212573037
1622.99 413.093 1212573098
1612.35 530.325 1212573159
1610.58 518.044 1212573219
1639.83 539.257 1212573274
1645.15 549.306 1212573334
1641.6 545.956 1212573397
1648.69 548.19 1212573459
1640.72 551.539 1212573514
1638.06 547.073 1212573575
1638.94 557.122 1212573636
1637.17 528.092 1212573698
1640.72 533.675 1212573757
1639.83 537.024 1212573818
1755.06 570.52 1212573878
2148.62 598.433 1212573939
2504.95 377.365 1212574000
2569.66 -503.498 1212574060
2765.55 -1275.99 1212574120
2861.28 -1344.08 1212574181
3102.38 -1193.39 1212574228
3743.24 -979.058 1212574307
3693.61 -957.848 1212574367
3685.63 -927.708 1212574429
3686.51 -927.708 1212574489
3685.63 -927.708 1212574550
3686.51 -926.591 1212574610
3686.51 -926.591 1212574671
3687.4 -926.591 1212574732
3687.4 -925.475 1212574795
3687.4 -925.475 1212574852
3688.29 -926.591 1212574913
3687.4 -926.591 1212574973
3687.4 -925.475 1212574993
3686.51 -925.475 1212575074
3687.4 -926.591 1212575134
3687.4 -926.591 1212575194
3687.4 -926.591 1212575255
3688.29 -928.824 1212575315
3686.51 -925.475 1212575376
3687.4 -925.475 1212575415
3686.51 -925.475 1212575475
