3790.22 -481.171 1211455266
3792.88 -480.054 1211455326
3792 -480.054 1211455386
3792.88 -481.171 1211455447
3792 -482.287 1211455507
3791.11 -482.287 1211455573
3790.22 -482.287 1211455628
3790.22 -482.287 1211455689
3789.34 -482.287 1211455753
3789.34 -482.287 1211455809
3767.18 -273.523 1211455869
3581.92 5.58219 1211455929
3244.2 -17.863 1211455989
3044.76 129.508 1211456049
3358.55 271.299 1211456109
3712.22 296.978 1211456169
4080.96 133.974 1211456229
3737.04 17.863 1211456289
3461.37 3.34932 1211456356
3463.14 4.46575 1211456410
3462.26 5.58219 1211456481
3460.48 5.58219 1211456530
3460.48 5.58219 1211456590
3459.6 5.58219 1211456650
3421.48 -11.1644 1211456710
3074.02 -40.1917 1211456770
2877.24 123.926 1211456830
2844.44 553.772 1211456890
2829.37 799.409 1211456950
2970.31 1251.62 1211457011
3334.62 1623.46 1211457071
3405.53 1958.47 1211457134
3454.28 2004.25 1211457194
3453.39 2004.25 1211457255
3454.28 2004.25 1211457315
3453.39 2005.37 1211457381
3538.49 2110.34 1211457436
3479.1 2045.57 1211457502
3282.32 1849.03 1211457537
3453.39 1744.06 1211457597
3571.28 1844.56 1211457657
3573.06 1837.86 1211457717
3573.94 1838.98 1211457777
3573.94 1841.21 1211457838
3573.94 1842.33 1211457898
3577.49 1837.86 1211457960
3574.83 1842.33 1211458020
3573.94 1843.45 1211458081
3573.06 1844.56 1211458141
3574.83 1841.21 1211458192
3573.94 1841.21 1211458253
3572.17 1844.56 1211458313
3573.06 1841.21 1211458378
3570.4 1846.8 1211458438
3571.28 1846.8 1211458470
3574.83 1838.98 1211458529
3571.28 1844.56 1211458589
3567.74 1850.15 1211458649
3566.85 1850.15 1211458710
3565.96 1852.38 1211458770
3566.85 1851.26 1211458831
3573.06 1841.21 1211458892
3573.94 1838.98 1211458936
3573.06 1841.21 1211458995
3573.06 1842.33 1211459053
3572.17 1842.33 1211459118
3572.17 1844.56 1211459174
3572.17 1845.68 1211459234
3573.06 1844.56 1211459295
3573.06 1843.45 1211459360
3573.94 1844.56 1211459415
3573.94 1843.45 1211459487
3574.83 1842.33 1211459545
3575.72 1840.1 1211459601
3575.72 1840.1 1211459631
3170.63 1466.01 1211459691
2888.76 1429.17 1211459752
2678.68 1636.86 1211459786
2339.19 1977.45 1211459842
1830.4 2297.95 1211459902
1571.58 2256.63 1211459962
1209.04 2293.49 1211460022
1104.45 2941.23 1211460086
581.475 3171.3 1211460146
411.287 3358.94 1211460199
411.287 3358.94 1211460200
162.21 3243.9 1211460265
185.256 3150.08 1211460274
210.075 2914.42 1211460334
604.521 2851.88 1211460395
1090.27 2927.82 1211460455
1240.07 2941.23 1211460528
1369.48 3077.48 1211460601
1406.71 2965.8 1211460630
1496.23 2978.08 1211460664
1505.98 3014.94 1211460782
1508.64 3012.7 1211460790
1699.22 2923.36 1211460850
1697.45 2494.5 1211460910
1205.5 2416.33 1211460970
630.226 2320.29 1211461034
103.708 2238.76 1211461092
-381.15 2063.44 1211461156
-410.401 2060.09 1211461172
-409.514 2058.97 1211461179
-539.814 2036.64 1211461202
-969.716 1962.93 1211461280
-969.716 1961.82 1211461340
-1432.41 1887 1211461411
-964.397 1645.8 1211461512
-1354.41 1579.91 1211461595
-1077.86 1514.03 1211461667
-912.1 1455.96 1211461715
-897.031 1356.58 1211461780
-988.33 1104.23 1211461852
-1416.46 1035 1211461902
-1533.46 702.27 1211461972
-1445.71 168.584 1211462017
-1125.72 167.467 1211462082
-997.194 180.865 1211462150
-721.525 343.87 1211462206
-507.018 571.636 1211462259
-108.14 791.593 1211462319
-12.4095 800.525 1211462334
239.326 820.623 1211462394
351.012 1115.4 1211462459
174.62 1289.59 1211462519
37.2286 1268.37 1211462537
-288.078 1327.55 1211462605
-304.033 1414.65 1211462667
-348.353 1698.28 1211462727
-394.446 1937.25 1211462777
-381.15 1865.78 1211462861
-379.377 1866.9 1211462945
-376.718 1864.66 1211462998
-174.62 1567.63 1211463008
41.6605 1481.65 1211463073
814.596 1603.36 1211463128
1129.27 1242.69 1211463205
2302.85 1008.21 1211463250
2613.98 125.042 1211463310
2800.12 -1369.76 1211463368
2622.84 -2893.3 1211463424
3128.09 -4316.13 1211463478
3611.17 -5771.07 1211463534
3875.32 -7249.17 1211463584
3875.32 -7249.17 1211463606
4143.89 -8743.74 1211463629
4179.35 -9330.34 1211463650
2611.32 -12882.5 1211463821
2890.53 -14353.8 1211463873
4000.3 -16259.3 1211463981
4082.73 -16235.9 1211464029
4072.1 -16245.9 1211464063
4072.98 -16245.9 1211464064
4070.32 -16192.4 1211464125
3503.92 -16203.6 1211464185
3052.74 -14935.5 1211464245
2663.62 -13306.1 1211464314
4000.3 -9800.93 1211464475
4074.76 -8296.52 1211464519
3805.29 -6792.94 1211464576
3499.49 -5271.24 1211464634
2998.67 -3830.72 1211464693
2910.92 -3535 1211464704
2777.07 -3095.3 1211464765
2557.25 -2379.9 1211464825
2582.95 -2146.63 1211464885
2737.19 -2024.97 1211464945
2708.82 -2003.76 1211465006
2703.5 -1991.48 1211465066
2688.43 -1941.26 1211465127
2835.58 -1476.91 1211465187
2843.55 -1422.22 1211465222
2648.55 -1067.25 1211465284
2648.55 -1067.25 1211465353
2648.55 -1068.36 1211465408
2648.55 -1069.48 1211465523
2638.8 -1057.2 1211465560
2603.34 -941.103 1211465601
2439.36 -996.919 1211465675
2364.01 -1041.57 1211465734
2359.58 -1037.11 1211465804
2367.56 -1037.11 1211465884
