3797.31 -486.753 1213010205
3796.43 -484.52 1213010266
3795.54 -483.403 1213010326
3795.54 -482.287 1213010363
3795.54 -481.171 1213010424
3795.54 -481.171 1213010488
3793.77 -480.054 1213010544
3794.65 -480.054 1213010605
3794.65 -480.054 1213010665
3776.93 -304.782 1213010725
3676.76 3.34932 1213010785
3478.21 -8.9315 1213010857
3369.19 -18.9794 1213010905
3070.47 -42.4245 1213010965
2801.89 4.46575 1213011025
2906.49 228.873 1213011085
3278.77 260.134 1213011146
3617.38 284.697 1213011206
4073.87 276.881 1213011266
4113.76 -241.147 1213011332
4195.3 -371.765 1213011390
3827.45 198.728 1213011495
3467.58 1570.98 1213011555
3876.2 1987.5 1213011616
3814.16 2079.07 1213011681
3278.77 2615.12 1213011736
2984.49 2654.2 1213011796
2984.49 2654.2 1213011803
2769.98 2420.8 1213011851
2993.35 2131.56 1213011910
3091.74 2013.19 1213011970
3331.07 1884.76 1213012030
3486.19 2005.37 1213012091
3485.3 2002.02 1213012154
3513.67 1996.43 1213012213
3975.48 2259.98 1213012273
3877.98 2415.21 1213012334
4190.87 2742.43 1213012394
4042.85 2329.22 1213012455
4026 2313.59 1213012461
3829.22 2122.62 1213012516
3618.26 1910.45 1213012576
3568.62 1840.1 1213012636
3567.74 1841.21 1213012698
3567.74 1841.21 1213012758
3566.85 1841.21 1213012819
3567.74 1842.33 1213012881
3568.62 1842.33 1213012941
3567.74 1842.33 1213013000
3568.62 1841.21 1213013061
3568.62 1841.21 1213013074
3572.17 1837.86 1213013135
3574.83 1836.75 1213013195
3573.94 1838.98 1213013255
3573.94 1838.98 1213013315
3574.83 1837.86 1213013375
3574.83 1836.75 1213013436
3573.06 1837.86 1213013496
3576.6 1835.63 1213013556
3574.83 1836.75 1213013577
3428.57 1711.68 1213013637
2991.58 1335.37 1213013694
2928.65 1474.95 1213013733
3829.22 -27.9109 1213013829
3687.4 -1531.61 1213013881
2755.8 -2683.48 1213013934
1348.21 -3113.15 1213014000
850.052 -3301.76 1213014052
833.211 -3516.03 1213014101
833.211 -3516.03 1213014108
592.111 -3526.07 1213014163
303.147 -3605.3 1213014230
83.3211 -3943.43 1213014293
-195.007 -4406.51 1213014350
-368.74 -4692.16 1213014392
-442.311 -4832.75 1213014463
-131.186 -4312.78 1213014525
95.7306 -3930.04 1213014583
281.873 -3639.9 1213014644
640.863 -3527.19 1213014709
1094.7 -3500.4 1213014767
1593.74 -3483.66 1213014827
1928.79 -3404.43 1213014872
2315.26 -3226.99 1213014904
2654.75 -3097.53 1213014969
2742.5 -3014.94 1213015024
2549.27 -2402.22 1213015084
2692.87 -1928.98 1213015144
2770.87 -1249.2 1213015210
2608.66 -812.727 1213015265
2852.42 -635.229 1213015331
3097.06 -461.076 1213015398
3082.88 -271.29 1213015413
3236.23 -32.3766 1213015474
3565.96 -7.81506 1213015534
4023.34 23.4452 1213015594
4018.03 -256.777 1213015654
3765.4 -185.327 1213015719
3511.01 -10.0479 1213015774
3219.38 -32.3766 1213015834
2874.58 -58.0546 1213015894
2794.8 151.837 1213015940
3001.33 232.222 1213016000
3261.93 256.785 1213016040
3626.24 280.231 1213016101
4080.07 189.797 1213016162
3768.06 10.048 1213016233
3401.1 -17.863 1213016283
3005.76 -48.0067 1213016343
2808.98 81.5004 1213016408
3004.88 235.572 1213016464
3041.22 300.327 1213016487
3024.38 485.665 1213016547
2982.72 1038.35 1213016608
2998.67 1302.99 1213016668
3406.41 1699.4 1213016734
3539.37 1821.11 1213016762
3540.26 1818.88 1213016827
3544.69 1821.11 1213016883
3543.8 1821.11 1213016949
3546.46 1825.58 1213017003
3545.58 1826.7 1213017072
3545.58 1825.58 1213017126
3544.69 1826.7 1213017185
3552.67 1833.4 1213017243
3564.19 1842.33 1213017303
3566.85 1843.45 1213017363
3573.06 1850.15 1213017423
3569.51 1856.85 1213017435
3573.06 1847.91 1213017495
3571.28 1852.38 1213017558
3572.17 1849.03 1213017620
3589.01 1824.46 1213017676
3583.69 1842.33 1213017748
3579.26 1842.33 1213017802
3579.26 1838.98 1213017859
3580.15 1837.86 1213017919
3586.35 1826.7 1213017979
3581.92 1832.28 1213018039
3581.92 1830.05 1213018099
3581.03 1831.16 1213018172
3572.17 1842.33 1213018219
3571.28 1844.56 1213018227
3573.06 1841.21 1213018282
3574.83 1843.45 1213018343
3574.83 1843.45 1213018403
3573.94 1842.33 1213018467
3573.06 1850.15 1213018501
3792.88 2079.07 1213018560
3475.55 2418.56 1213018620
3085.54 2813.91 1213018682
2816.96 3214.86 1213018742
2784.16 3434.88 1213018777
2784.16 3434.88 1213018782
2756.69 3593.49 1213018820
2720.34 3858.2 1213018882
2730.98 3905.12 1213018910
2733.64 3908.47 1213018970
2733.64 3906.23 1213019003
2731.87 3905.12 1213019074
2732.75 3905.12 1213019124
2732.75 3905.12 1213019191
2731.87 3904 1213019307
2730.98 3905.12 1213019370
2730.09 3904 1213019425
2730.98 3904 1213019440
2728.32 3899.53 1213019501
2726.55 3898.41 1213019563
2730.98 3904 1213019627
2727.44 3918.52 1213019892
2724.78 3914.05 1213019956
2729.21 3899.53 1213020007
2730.09 3898.41 1213020044
2728.32 3909.58 1213020099
2481.02 3757.68 1213020165
2554.59 3183.58 1213020220
2853.3 2651.97 1213020357
2873.69 2629.63 1213020361
2847.99 2268.92 1213020423
3322.21 2156.13 1213020502
3452.51 2046.69 1213020507
3551.78 1832.28 1213020568
3550.01 1831.16 1213020632
3550.01 1830.05 1213020689
3550.01 1831.16 1213020749
3550.01 1831.16 1213020808
3550.9 1832.28 1213020848
3551.78 1833.4 1213020908
3551.78 1833.4 1213020978
3551.78 1834.51 1213021028
3552.67 1834.51 1213021088
3552.67 1833.4 1213021148
3566.85 1843.45 1213021209
3566.85 1843.45 1213021233
3569.51 1846.8 1213021293
3568.62 1849.03 1213021308
3271.68 1558.7 1213021363
2660.07 1655.85 1213021492
2184.08 2137.14 1213021552
1943.86 2369.42 1213021603
1906.63 2591.66 1213021664
1882.7 2732.38 1213021691
1823.31 3152.31 1213021753
1796.72 3258.42 1213021812
1769.24 3477.33 1213021873
1595.51 3660.5 1213021934
1675.29 3670.56 1213021969
1675.29 3669.44 1213021976
1672.63 3667.2 1213022027
1880.93 3681.72 1213022094
2019.21 3522 1213022149
2222.19 3423.72 1213022211
2363.13 3138.91 1213022270
2422.52 3040.63 1213022331
2314.38 2752.48 1213022397
2395.04 2740.2 1213022453
2429.61 2855.23 1213022511
2636.14 2850.76 1213022572
2673.37 2829.54 1213022632
2666.27 2800.51 1213022706
2666.27 2799.39 1213022714
2667.16 2808.32 1213022734
2677.8 2834.01 1213022770
2679.57 2837.36 1213022830
2681.34 2839.59 1213022890
2681.34 2840.71 1213022951
2681.34 2841.83 1213023012
2676.02 2788.22 1213023072
2673.37 2797.16 1213023133
2676.02 2811.67 1213023231
2681.34 2838.48 1213023298
2675.14 2803.86 1213023412
2670.71 2808.32 1213023472
2668.93 2815.02 1213023532
2678.68 2832.89 1213023599
2685.78 2842.95 1213023658
2688.43 2842.95 1213023713
2662.73 2834.01 1213023773
2701.73 2797.16 1213023839
2703.5 2804.97 1213023898
2688.43 2793.81 1213023944
2686.66 2791.57 1213024005
2705.28 2797.16 1213024074
2703.5 2793.81 1213024127
2716.8 2784.87 1213024192
2749.6 2771.47 1213024257
2780.62 2741.31 1213024321
2909.15 2593.9 1213024368
3107.7 2398.46 1213024428
2626.39 1693.81 1213024488
2648.55 221.058 1213024548
2813.42 -1269.29 1213024607
2542.18 -2747.09 1213024667
2850.64 -3459.11 1213024741
3120.99 -4307.2 1213024794
3208.75 -4681 1213024846
3469.35 -5260.08 1213024929
3890.39 -7437.68 1213025022
4164.28 -8951.18 1213025095
