12128.5 8648.03 1211676797
12380.3 8443.51 1211676862
12010.6 7407.57 1211676907
10822 7239.95 1211676967
10463 7150.56 1211677042
9132.52 6790.76 1211677105
7704.54 6419.8 1211677160
6404.2 5753.91 1211677205
5442.46 4630.06 1211677263
4448.81 3459.46 1211677329
3476.44 2474.4 1211677394
3124.54 2109.22 1211677416
2950.81 2052.27 1211677467
2908.26 1787.61 1211677538
3076.68 1606.71 1211677587
3801.75 270.183 1211677664
3805.29 -804.912 1211677712
3800.86 -1138.69 1211677851
3817.7 -1033.76 1211677910
3802.63 -686.581 1211677948
3754.77 -31.2602 1211678011
3657.26 288.046 1211678075
3612.94 692.221 1211678137
3606.74 702.27 1211678190
3028.81 1291.82 1211678272
2868.37 1078.55 1211678333
2830.26 802.758 1211678393
2816.96 979.175 1211678454
2831.14 1102 1211678498
2884.33 1439.22 1211678582
2621.07 1710.56 1211678641
2672.48 1947.3 1211678702
2674.25 1946.18 1211678763
2684 1936.13 1211678828
2689.32 1940.6 1211678893
2481.9 1842.33 1211678945
2063.53 2263.33 1211679008
1892.45 2707.81 1211679074
1880.93 2846.3 1211679124
1738.22 3143.38 1211679190
1346.43 3075.25 1211679260
1284.39 3066.31 1211679290
1095.58 3027.22 1211679341
1054.81 3229.38 1211679399
956.42 3857.09 1211679464
614.271 4115.11 1211679524
-259.714 3976.6 1211679643
-552.224 3944.21 1211679704
-615.158 4356.38 1211679767
-606.294 4376.49 1211679824
-603.635 4376.49 1211679944
-604.521 4376.49 1211680072
-605.407 4376.49 1211680144
-605.407 4377.61 1211680204
-604.521 4376.49 1211680281
-605.407 4376.49 1211680324
-608.953 4376.49 1211680384
-608.953 4377.61 1211680469
-630.226 4433.46 1211680523
-472.448 4377.61 1211680589
-583.248 4244.68 1211680642
-505.245 3644.87 1211680758
-442.311 3236.08 1211680818
-538.928 2991.48 1211680896
-1044.17 2841.83 1211680948
-1057.47 2439.78 1211681019
-959.965 1768.63 1211681080
-914.759 1479.41 1211681134
-986.557 378.481 1211681422
-985.671 377.365 1211681439
-1115.97 883.15 1211681545
-1081.4 1097.53 1211681630
-870.439 1136.61 1211681727
-889.054 1332.02 1211681775
-1039.74 1429.17 1211681850
-1372.14 1481.65 1211681910
-1566.26 897.666 1211682069
-1480.28 1037.24 1211682129
-1297.68 1075.2 1211682190
-908.554 1132.15 1211682234
-459.152 1205.84 1211682294
-174.62 1246.04 1211682369
-10.6367 932.279 1211682419
182.597 736.882 1211682480
202.098 727.95 1211682527
201.212 729.067 1211682528
159.551 407.51 1211682589
39.0014 283.58 1211682655
86.8667 -88.1981 1211682780
64.7068 65.8701 1211682864
47.8653 225.524 1211682871
315.556 539.257 1211682928
698.479 918.88 1211683048
906.782 1133.26 1211683112
1317.18 1538.6 1211683173
1304.77 1663.66 1211683233
1253.36 1997.55 1211683288
1148.77 2621.82 1211683351
1029.1 3350 1211683413
1043.29 3976.6 1211683469
1310.09 4017.93 1211683528
2210.67 4160.91 1211683605
2237.26 4166.49 1211683653
2239.92 4243.56 1211683709
2198.26 4464.74 1211683770
2186.74 4573.09 1211683834
2166.35 4672.51 1211683902
2164.58 4693.74 1211683916
2161.92 4721.66 1211683938
2089.23 5208.72 1211684055
2359.58 5333.85 1211684100
2076.82 5397.53 1211684177
1945.64 5395.29 1211684233
1817.99 5374.06 1211684293
1781.65 5360.66 1211684309
1674.4 5343.9 1211684353
1566.26 5326.03 1211684417
1365.05 5300.33 1211684562
1364.16 5300.33 1211684646
1336.68 5195.32 1211684676
1625.65 5023.28 1211684747
2055.55 4649.05 1211684807
2201.8 4529.53 1211684857
2231.94 4500.48 1211684917
2276.26 4464.74 1211684989
2338.31 4412.24 1211685037
2509.38 4262.55 1211685097
2753.14 4049.21 1211685227
2889.65 3794.54 1211685290
2890.53 3759.91 1211685344
2880.78 3635.93 1211685410
2872.8 3634.81 1211685420
2872.8 3634.81 1211685423
2799.23 3676.14 1211685489
2581.18 3614.71 1211685535
2227.51 3584.55 1211685586
1794.95 3506.37 1211685646
1712.51 3874.96 1211685706
1682.38 3991.12 1211685744
1680.6 3991.12 1211685745
1647.81 4210.05 1211685781
1685.04 3911.82 1211685886
1427.98 3668.32 1211685937
1506.87 3660.5 1211685958
1535.24 3978.84 1211686034
1298.57 4229.04 1211686081
907.668 4170.96 1211686145
439.652 4291.6 1211686271
436.992 4291.6 1211686295
435.22 4294.95 1211686354
30.1374 4031.33 1211686427
36.3422 4011.23 1211686536
31.0238 4008.99 1211686602
31.0238 4008.99 1211686616
24.819 4020.16 1211686738
77.1163 3816.88 1211686909
11.5231 2976.97 1211687158
11.5231 2982.55 1211687202
22.1599 3138.91 1211687256
-179.052 4365.32 1211687437
-38.115 4405.53 1211687564
7.09116 4157.56 1211687614
177.279 4150.85 1211687695
290.737 4166.49 1211687703
587.68 4216.76 1211687771
785.345 4249.15 1211687836
1012.26 4284.89 1211687884
1206.38 4318.41 1211687941
1552.96 4370.91 1211688017
1585.76 4379.84 1211688019
1810.02 4119.58 1211688079
1854.34 3774.43 1211688144
2013 3503.02 1211688199
2201.8 3592.37 1211688256
2202.69 3592.37 1211688262
2191.17 3577.85 1211688280
2204.46 3568.91 1211688340
2194.71 3592.37 1211688401
2203.58 3503.02 1211688462
2215.1 3443.82 1211688491
2252.33 3151.2 1211688551
2261.19 2975.85 1211688614
2284.24 2915.54 1211688672
2306.4 2847.41 1211688698
2241.69 2569.33 1211688766
1935.89 2558.16 1211688819
1899.54 2601.71 1211688859
1871.18 2829.54 1211688920
1888.02 2740.2 1211688975
1666.42 2694.41 1211689045
1576.9 2802.74 1211689119
1554.74 2933.41 1211689179
1674.4 3024.99 1211689256
2065.3 3094.23 1211689304
2063.53 3122.16 1211689342
2031.62 3122.16 1211689402
2116.71 3088.65 1211689462
2096.32 3260.65 1211689522
2046.68 3591.25 1211689582
1996.16 3916.29 1211689647
1944.75 4268.14 1211689712
1875.61 4641.23 1211689779
1849.02 4821.08 1211689828
1662.88 5043.39 1211689892
1730.24 5129.41 1211689949
1730.24 5129.41 1211689966
1731.13 5133.88 1211690006
1732.01 5133.88 1211690072
1745.31 5151.75 1211690096
1804.7 4881.41 1211690278
2282.47 4466.97 1211690400
2325.01 4424.52 1211690448
2430.49 4332.93 1211690507
2531.54 4237.98 1211690567
2776.19 4016.81 1211690694
2891.42 3793.42 1211690753
2900.28 3622.53 1211690816
2941.94 3438.24 1211690878
2947.26 3198.1 1211690930
3172.41 3041.74 1211691006
3215.84 3037.28 1211691063
3339.05 3155.66 1211691150
3307.14 3118.81 1211691175
3253.95 3089.77 1211691224
3228.25 3080.83 1211691274
3224.7 3093.12 1211691332
3230.02 3097.59 1211691401
3227.36 3086.42 1211691463
3224.7 3078.6 1211691519
3223.82 3071.9 1211691559
3173.29 3080.83 1211691606
3039.45 2950.16 1211691679
2863.94 2790.45 1211691726
2804.55 2750.25 1211691786
2539.52 2472.17 1211691847
2360.47 2300.19 1211691907
1935 1878.06 1211691969
1598.17 1524.08 1211692094
1374.8 1098.65 1211692165
1427.98 391.879 1211692205
1454.57 90.432 1211692274
1462.55 -33.4931 1211692325
1469.64 -94.8967 1211692387
1494.46 -445.447 1211692448
1497.12 -533.64 1211692556
1424.44 -533.64 1211692558
1285.27 -256.777 1211692639
1225 514.694 1211692754
1226.77 545.956 1211692802
1178.9 1079.67 1211692894
1136.36 1089.72 1211692943
887.281 1069.62 1211692997
768.504 1008.21 1211693057
577.043 818.39 1211693118
409.514 665.424 1211693239
410.401 578.335 1211693320
412.173 569.403 1211693360
416.605 590.617 1211693432
414.833 608.481 1211693482
3348.8 -198755 1211693664
1005.17 519.16 1211693725
1400.5 548.19 1211693802
1994.39 592.85 1211693906
2517.36 629.695 1211693966
3016.4 669.89 1211694026
3174.18 541.49 1211694152
3175.06 538.141 1211694174
3370.96 550.423 1211694219
3457.82 403.044 1211694275
3378.05 376.248 1211694347
3138.72 538.141 1211694397
2853.3 658.725 1211694459
2817.85 1065.15 1211694515
3045.65 1337.6 1211694586
3493.28 1776.45 1211694651
3786.68 2061.2 1211694696
3553.56 2342.62 1211694756
3182.16 2720.1 1211694816
2997.79 2904.37 1211694876
2878.12 3018.29 1211694946
2986.26 3133.33 1211695002
2942.83 2851.88 1211695123
2904.71 3055.14 1211695167
2788.6 3504.13 1211695238
2644.11 3613.59 1211695305
2493.43 3590.14 1211695331
2491.65 3589.02 1211695333
2211.55 3553.28 1211695393
2200.92 3558.86 1211695453
2171.67 3553.28 1211695514
2158.37 3562.21 1211695576
2156.6 3563.33 1211695634
2158.37 3565.56 1211695697
2161.03 3565.56 1211695758
2157.48 3562.21 1211695815
2166.35 3553.28 1211695875
2163.69 3557.75 1211695936
2169.89 3563.33 1211695996
2171.67 3559.98 1211696057
2172.55 3559.98 1211696119
2171.67 3558.86 1211696180
2172.55 3580.08 1211696204
2189.39 3398.03 1211696264
2302.85 3094.23 1211696324
2285.12 3016.06 1211696384
2147.73 2947.93 1211696444
2083.91 2934.53 1211696504
1962.48 2930.06 1211696566
1799.38 3151.2 1211696624
1934.11 3249.48 1211696687
2379.08 3337.71 1211696744
2496.97 3351.12 1211696804
2517.36 3366.75 1211696834
2520.02 3366.75 1211696839
2551.93 3222.67 1211696905
2575.86 3026.11 1211696974
2754.91 2711.16 1211697035
2642.34 2577.14 1211697085
2347.17 2382.83 1211697140
2431.38 2462.12 1211697201
2441.13 2467.7 1211697224
2413.65 2351.56 1211697288
2390.61 2345.97 1211697330
2176.1 2745.78 1211697393
2177.87 2874.22 1211697456
2105.19 3268.47 1211697513
1794.95 3365.64 1211697573
1722.26 3761.03 1211697632
1642.49 4213.41 1211697698
1265.77 4220.11 1211697753
1164.72 4422.29 1211697827
1089.38 4900.4 1211697874
1061.9 5004.29 1211697951
1064.56 5004.29 1211697960
1045.06 5111.53 1211698128
1739.99 4928.33 1211698252
2346.29 4406.65 1211698390
2440.24 4315.05 1211698450
2409.22 4297.18 1211698516
2234.6 4323.99 1211698576
1439.5 4360.85 1211698691
1066.33 4300.53 1211698761
623.135 4225.69 1211698896
340.375 4181.01 1211698941
174.62 4154.2 1211698966
0 4250.27 1211699021
-21.2735 4425.64 1211699088
312.897 4480.38 1211699154
1474.96 4688.15 1211699319
1538.78 4698.2 1211699363
1785.2 4732.83 1211699433
2242.58 4498.25 1211699544
2357.81 4396.6 1211699603
2542.18 4234.63 1211699663
2724.78 4064.84 1211699728
2738.96 4053.67 1211699754
2883.44 3733.1 1211699838
2915.35 3429.3 1211699900
2946.38 3211.51 1211699949
3040.33 3089.77 1211700015
3060.72 3096.47 1211700044
3060.72 3096.47 1211700102
3002.22 2954.63 1211700123
2734.53 2678.77 1211700265
2697.3 2630.75 1211700276
2587.39 2536.94 1211700297
2567 2539.17 1211700363
2826.71 2280.08 1211700435
3045.65 2430.85 1211700480
3416.16 2790.45 1211700556
3654.6 3050.68 1211700663
3655.49 3048.44 1211700727
3655.49 3048.44 1211700739
3654.6 3049.56 1211700790
3706.9 3087.53 1211700921
3500.37 3267.35 1211700976
3335.5 3437.12 1211701046
3316.89 3545.46 1211701090
3468.46 3635.93 1211701155
3482.64 3680.61 1211701175
3078.45 3658.27 1211701246
2636.14 3488.5 1211701296
1939.43 3377.92 1211701356
1652.24 3228.26 1211701416
1715.17 2864.16 1211701483
1745.31 2717.86 1211701536
1906.63 2638.57 1211701596
1909.29 2638.57 1211701609
2194.71 2693.29 1211701669
2410.11 2763.65 1211701730
2432.27 2978.08 1211701790
2550.16 3156.78 1211701855
2826.71 3297.51 1211701910
2783.28 3606.89 1211701971
3170.63 3752.09 1211702031
3193.68 3728.64 1211702077
3175.95 3663.85 1211702136
3115.68 3572.27 1211702197
2982.72 3411.43 1211702265
2838.23 3270.7 1211702316
2567.88 3088.65 1211702379
2425.18 3031.69 1211702451
2195.6 2987.02 1211702498
2057.32 2990.37 1211702559
2051.12 2997.07 1211702594
2051.12 2997.07 1211702599
1840.15 3019.41 1211702655
2052.89 3099.82 1211702715
2391.49 3234.96 1211702775
2383.51 3232.73 1211702836
2392.38 3220.44 1211702897
2406.56 3255.06 1211702956
2407.45 3265.12 1211703016
2392.38 3267.35 1211703080
2390.61 3269.58 1211703141
2395.92 3259.53 1211703196
2401.24 3269.58 1211703256
2401.24 3270.7 1211703307
2393.26 3258.42 1211703352
2393.26 3267.35 1211703413
2091 3212.62 1211703474
2049.34 3193.64 1211703532
1426.21 3108.75 1211703592
1242.73 3076.37 1211703653
950.215 3020.52 1211703718
380.263 2930.06 1211703786
201.212 2992.6 1211703838
202.098 2991.48 1211703865
202.984 2990.37 1211703867
180.824 3112.1 1211703927
124.982 3451.64 1211703991
80.6619 3737.57 1211704052
58.502 3880.54 1211704107
21.2735 4116.23 1211704167
-3.54558 4255.85 1211704227
-2.65918 4255.85 1211704275
-2.65918 4255.85 1211704294
87.753 4447.98 1211704337
-196.78 4309.47 1211704400
-466.243 4353.03 1211704457
-1134.58 4608.84 1211704517
-2041.37 4712.73 1211704577
-3424.14 5175.21 1211704702
-3724.63 4566.39 1211704774
-3932.05 3957.61 1211704832
-3848.72 3639.28 1211704883
-3689.17 3500.78 1211704957
-3696.26 3590.14 1211705072
-3696.26 3590.14 1211705111
-3696.26 3590.14 1211705130
-3696.26 3591.25 1211705202
-3697.15 3591.25 1211705304
-3697.15 3591.25 1211705353
-4388.54 3075.25 1211705575
-4379.67 2758.07 1211705624
-4270.65 2524.66 1211705664
-4072.98 2377.24 1211705725
-3635.1 2262.22 1211705785
-3280.55 2278.97 1211705849
-2933.08 2300.19 1211705907
-2635.25 2318.05 1211705968
-2317.04 2338.16 1211706028
-1758.61 2368.31 1211706098
-1129.27 2467.7 1211706149
-1057.47 2478.87 1211706214
-987.443 2809.44 1211706269
-699.365 2861.93 1211706330
-405.082 3116.57 1211706389
43.4333 3191.4 1211706449
297.829 3234.96 1211706492
467.13 3253.95 1211706533
873.985 3314.26 1211706585
1024.67 3365.64 1211706646
1161.18 3387.97 1211706707
1198.41 3375.69 1211706732
1472.3 3422.6 1211706792
1568.03 3718.58 1211706852
1519.28 4068.2 1211706905
1529.92 4359.74 1211706973
1917.27 4452.45 1211707029
2234.6 4519.47 1211707082
2340.97 4567.51 1211707141
2339.19 4582.03 1211707153
2286.01 4604.37 1211707166
2162.8 4567.51 1211707195
2336.54 4427.87 1211707260
2498.75 4280.43 1211707355
2545.72 4237.98 1211707426
2577.64 4213.41 1211707463
2655.64 4134.1 1211707516
2855.96 3881.66 1211707576
2840.89 3873.84 1211707636
2273.6 3524.24 1211707696
1993.5 3496.31 1211707756
1479.39 3429.3 1211707818
1045.06 3347.77 1211707878
592.998 3277.4 1211707939
316.443 3239.43 1211707999
-411.287 3123.27 1211708060
-1061.9 3020.52 1211708120
-1676.17 2921.12 1211708244
-1950.07 2876.45 1211708308
-1889.79 2878.68 1211708377
-1460.78 2945.69 1211708429
-1133.7 3010.47 1211708484
-1560.94 2937.88 1211708544
-1722.26 2945.69 1211708605
-1740.88 3074.13 1211708670
-1740.88 3074.13 1211708680
-1590.19 3042.86 1211708737
-1576.9 2946.81 1211708807
-1299.45 2970.26 1211708857
-731.275 3064.08 1211708918
-444.084 3106.52 1211708978
-375.831 2820.61 1211709038
-345.694 2609.53 1211709098
-272.123 2143.84 1211709163
-190.575 1629.05 1211709224
-195.893 1510.68 1211709283
-195.893 1508.45 1211709327
-193.234 1503.98 1211709387
-194.12 1506.21 1211709447
-195.893 1505.1 1211709507
-162.21 1469.36 1211709584
-18.6143 1470.48 1211709627
515.882 1556.46 1211709689
1004.28 1632.4 1211709747
1062.79 1365.52 1211709807
2363.13 984.758 1211709867
2693.75 -203.189 1211709927
3476.44 -1169.94 1211710049
3604.97 -1155.43 1211710087
3743.24 -1068.36 1211710131
3751.22 -1066.13 1211710172
3751.22 -1066.13 1211710190
