3545.58 -16521.1 1211737469
4743.98 -17465.9 1211737526
5888.32 -18408.4 1211737576
6473.34 -19134.6 1211737636
6449.41 -19175.8 1211737697
6493.73 -19222.6 1211737761
7384.55 -19693.7 1211737817
8007.69 -20023.4 1211737877
8418.97 -20015.6 1211737937
8644.12 -19811.8 1211737974
8637.91 -19796.2 1211738016
8637.91 -19796.2 1211738017
8823.17 -19883.1 1211738077
9094.41 -19927.6 1211738137
9323.98 -19386.3 1211738197
7833.07 -19288.3 1211738255
6443.2 -18826.1 1211738316
5362.69 -17936 1211738355
4217.46 -16974.6 1211738410
3821.25 -16225.9 1211738479
