3118.34 3893.95 1212600648
3105.93 3841.45 1212600702
3094.4 3769.96 1212600772
3091.74 3769.96 1212600831
3091.74 3782.25 1212600892
3090.86 3802.36 1212600953
3094.4 3815.76 1212601004
3091.74 3790.07 1212601061
3087.31 3792.3 1212601126
3088.2 3793.42 1212601181
3121.88 3917.4 1212601243
3121.88 3917.4 1212601300
3117.45 3672.79 1212601336
3543.8 3103.17 1212601448
3719.31 2839.59 1212601508
3609.4 2716.74 1212601581
3225.59 2322.52 1212601630
2678.68 1745.18 1212601689
2713.25 405.277 1212601750
2859.51 -1095.15 1212601815
2474.81 -2574.1 1212601867
3014.63 -3962.4 1212601928
3526.08 -5397.32 1212601960
3795.54 -6885.53 1212602017
4072.1 -8437.04 1212602062
2570.54 -12512.4 1212602231
