4518.84 -16069.9 1212641259
2654.75 -13270.4 1212641483
3444.53 -10563.6 1212641597
3963.07 -9853.34 1212641626
3935.59 -7545.88 1212641715
3672.33 -6078.98 1212641763
3217.61 -4619.63 1212641815
2775.3 -3149.98 1212641875
2798.35 -2694.64 1212641935
3737.04 -1481.38 1212641955
3849.61 -6.69863 1212642025
3352.34 1287.35 1212642081
3964.84 2058.97 1212642140
4245.83 3144.49 1212642257
3783.13 3821.34 1212642375
3416.16 4048.09 1212642436
3132.52 3990.01 1212642496
3129.86 3992.24 1212642514
2907.37 3936.39 1212642572
2962.33 3670.56 1212642633
2682.23 3611.36 1212642695
2680.46 3611.36 1212642756
2259.42 3546.58 1212642817
2239.03 3344.42 1212642878
2286.9 3058.5 1212642942
2220.42 2995.95 1212642971
2016.55 2934.53 1212643031
2018.32 2918.89 1212643091
