12243.8 12011.6 1211064615
11870.6 11942.3 1211064690
11573.7 11880.8 1211064741
11623.3 11751.1 1211064806
11838.7 11146.3 1211064856
11919.3 10778.5 1211064921
12019.5 10313.5 1211064983
11971.6 9714.31 1211065036
12199.4 9396.87 1211065096
12260.6 9021.33 1211065167
12269.5 8954.27 1211065222
12293.4 8808.97 1211065276
12306.7 8717.32 1211065336
12345.7 8568.68 1211065407
12437 8327.28 1211065456
12460.9 8261.35 1211065521
12507.9 8135.06 1211065637
12531 8054.6 1211065703
12546 7964.08 1211065775
12553.1 7900.38 1211065818
12558.4 7841.15 1211065888
12554 7775.22 1211065938
12534.5 7704.82 1211066001
12506.1 7651.18 1211066063
12395.3 7546.13 1211066131
12307.6 7508.14 1211066187
12189.7 7466.79 1211066240
12056.7 7427.68 1211066300
11941.5 7394.16 1211066360
11808.5 7358.4 1211066426
11677.4 7326 1211066480
11528.4 7293.59 1211066540
11439.8 7274.59 1211066606
11321.9 7263.42 1211066662
11197.8 7251.13 1211066722
11108.3 7246.66 1211066782
11069.3 7246.66 1211066848
10940.8 7253.36 1211066963
10889.4 7252.25 1211067088
10831.7 7245.54 1211067143
10400.1 7124.86 1211067203
8966.77 6755 1211067263
7550.31 6341.59 1211067319
6308.47 5639.96 1211067379
5335.21 4501.6 1211067439
4575.57 3606.89 1211067500
3994.98 2933.41 1211067559
3194.57 2215.31 1211067619
2953.47 1983.03 1211067647
2371.99 1497.28 1211067707
2057.32 1596.66 1211067767
1862.31 1795.43 1211067795
1684.15 2148.31 1211067855
1752.4 2399.58 1211067920
1918.16 2521.31 1211067986
1857 2913.31 1211068036
1847.25 2930.06 1211068102
1835.72 2927.82 1211068161
1845.47 2940.11 1211068217
2091.89 3085.3 1211068278
2213.33 3105.4 1211068311
2339.19 3103.17 1211068371
2391.49 3125.51 1211068431
2771.76 3199.22 1211068489
2832.03 3172.42 1211068559
2779.73 3597.95 1211068606
2701.73 4040.27 1211068666
2579.41 4198.88 1211068729
2444.68 4315.05 1211068787
2193.83 4535.11 1211068855
2119.37 4945.08 1211068908
2083.91 5179.68 1211068969
2236.37 5223.25 1211069029
2265.62 5372.95 1211069095
2265.62 5372.95 1211069096
2265.62 5372.95 1211069100
2193.83 5369.6 1211069166
2057.32 5317.09 1211069219
1958.93 5170.74 1211069289
1604.37 5127.17 1211069341
1670.85 4928.33 1211069411
1741.77 4517.24 1211069462
1808.24 4177.66 1211069522
1862.31 3816.88 1211069582
1911.95 3540.99 1211069642
2141.53 3540.99 1211069702
2210.67 3466.16 1211069762
2215.99 3438.24 1211069815
2205.35 3477.33 1211069816
2240.81 3331.01 1211069867
2079.48 3199.22 1211069927
1370.37 3079.72 1211069988
1114.2 3038.39 1211070048
959.965 3018.29 1211070113
990.989 2730.15 1211070169
1068.99 2226.48 1211070231
1080.51 2150.54 1211070296
1115.08 1924.97 1211070356
1138.13 1793.2 1211070411
1146.99 1391.2 1211070476
1015.81 1256.09 1211070539
755.208 995.923 1211070593
624.022 866.402 1211070665
283.646 522.51 1211070714
39.0014 246.737 1211070781
43.4333 234.455 1211070788
161.324 -85.9653 1211070888
64.7068 7.81507 1211070947
51.4109 208.777 1211071010
59.3884 277.998 1211071070
327.966 545.956 1211071135
514.995 689.988 1211071193
515.882 689.988 1211071225
504.358 714.552 1211071285
564.633 775.961 1211071341
653.273 864.169 1211071408
912.986 1122.1 1211071461
1199.29 1409.07 1211071526
1304.77 1649.15 1211071591
1289.7 1777.56 1211071652
1214.36 2235.41 1211071706
1112.43 2938.99 1211071772
1069.88 3203.69 1211071821
998.08 3682.84 1211071887
832.324 4149.74 1211071942
771.163 4069.31 1211072002
-78.0027 3898.41 1211072152
-197.666 3876.07 1211072164
-293.397 4162.02 1211072213
-552.224 4239.1 1211072273
-600.089 4336.28 1211072455
-600.089 4323.99 1211072519
-593.884 4339.63 1211072579
-603.635 4312.82 1211072633
-590.339 4325.11 1211072697
-616.044 4325.11 1211072757
-477.767 4248.03 1211072817
-157.778 4223.46 1211072888
-114.345 4006.76 1211072938
16.8415 3713 1211073005
116.118 3548.81 1211073057
147.141 3326.55 1211073130
190.575 3064.08 1211073188
347.467 3038.39 1211073238
919.191 3137.79 1211073311
1070.76 3166.83 1211073360
1036.2 3425.95 1211073421
972.375 3850.38 1211073483
825.233 4672.51 1211073582
795.982 4856.83 1211073632
914.759 4903.75 1211073694
1192.2 4949.55 1211073752
1350.87 4978.6 1211073818
1667.31 5018.81 1211073867
1964.25 5067.97 1211073920
2075.05 5245.59 1211073998
2067.07 5270.17 1211074047
1999.71 5282.46 1211074102
2325.01 5342.78 1211074169
2375.54 5329.38 1211074228
2465.95 5281.34 1211074344
2520.02 5247.82 1211074403
2594.48 5199.79 1211074472
2598.91 5197.55 1211074528
2795.69 5073.55 1211074645
2835.58 5041.15 1211074687
2835.58 5041.15 1211074689
2849.76 5059.03 1211074756
2539.52 5172.98 1211074800
2589.16 5072.43 1211074871
2935.74 4912.69 1211074985
3025.26 4561.92 1211075035
3147.59 3854.85 1211075100
3299.16 3771.08 1211075156
3483.53 3739.81 1211075215
3946.23 3341.06 1211075337
4196.19 2541.41 1211075430
4196.19 2436.43 1211075506
4221.01 2433.08 1211075558
4220.12 2433.08 1211075581
4230.76 2611.77 1211075588
4253.81 2984.78 1211075642
4085.39 3411.43 1211075718
3745.02 3872.72 1211075762
3723.74 3904 1211075775
3609.4 4045.86 1211075839
3472.89 4058.14 1211075894
3482.64 3764.38 1211075954
3437.44 3664.97 1211076014
3213.18 3524.24 1211076075
2965.88 3580.08 1211076135
2822.28 3528.71 1211076196
2790.37 3523.12 1211076214
2711.48 3800.12 1211076274
2713.25 3809.06 1211076334
2715.03 3815.76 1211076395
2715.91 3822.46 1211076456
2717.69 3826.93 1211076524
2718.57 3832.51 1211076581
2720.34 3834.75 1211076637
2720.34 3839.21 1211076709
2699.96 4041.39 1211076757
2639.68 4213.41 1211076822
2608.66 4214.52 1211076851
2409.22 4298.3 1211076901
2415.42 4122.93 1211076961
2438.47 3966.55 1211077038
2460.63 3814.64 1211077081
2504.95 3675.02 1211077150
2445.56 3250.6 1211077201
2293.1 3220.44 1211077262
1971.34 3154.55 1211077322
2005.02 2997.07 1211077383
2160.14 2677.66 1211077444
2318.81 2710.04 1211077510
2344.51 2647.5 1211077570
2348.95 2637.45 1211077581
2360.47 2614 1211077639
2184.96 2710.04 1211077693
2160.14 2878.68 1211077753
2155.71 3310.91 1211077863
2381.74 3366.75 1211077916
2393.26 3363.4 1211077976
2407.45 3370.1 1211078036
2434.04 3399.14 1211078074
2657.41 3394.68 1211078134
2894.08 3430.42 1211078195
3057.17 3454.99 1211078258
3673.22 3791.19 1211078388
3772.49 3699.6 1211078438
3804.4 3668.32 1211078493
3831 3635.93 1211078509
3847.84 3615.83 1211078561
3808.84 3449.4 1211078615
3451.62 3633.7 1211078721
3126.31 3548.81 1211078782
2973.85 3542.11 1211078843
2789.48 3583.43 1211078903
2714.14 3933.04 1211078964
2707.05 4030.22 1211079029
2628.16 4165.37 1211079084
2561.68 4229.04 1211079145
2531.54 4253.62 1211079174
2531.54 4256.97 1211079180
2528 4294.95 1211079238
2528 4294.95 1211079242
2518.25 4259.2 1211079301
2702.62 4100.59 1211079364
2847.99 3975.49 1211079422
3042.99 3874.96 1211079483
3473.78 3788.95 1211079544
3486.19 3772.2 1211079600
3481.76 3769.96 1211079674
3477.33 3769.96 1211079721
3457.82 3857.09 1211079806
3486.19 3857.09 1211079817
3468.46 3852.62 1211079871
3440.98 4020.16 1211079931
3031.47 3975.49 1211079998
3011.97 3988.89 1211080033
2969.42 4258.09 1211080088
2719.46 4237.98 1211080143
2539.52 4213.41 1211080203
2281.58 4178.78 1211080263
1548.53 4042.5 1211080323
1132.81 4006.76 1211080398
966.17 3967.67 1211080443
832.324 3955.38 1211080503
509.677 3890.6 1211080570
54.0701 3797.89 1211080634
-207.416 3611.36 1211080684
-455.607 3553.28 1211080760
-613.385 3318.73 1211080811
-577.929 3071.9 1211080882
-404.196 2815.02 1211080925
-318.216 2427.5 1211080986
-249.077 1980.8 1211081045
54.0701 1932.78 1211081109
235.781 1853.5 1211081165
248.19 1883.65 1211081233
248.19 1885.88 1211081308
247.304 1859.08 1211081356
251.736 1843.45 1211081411
228.69 1903.75 1211081466
74.4571 2908.84 1211081647
27.4782 3169.06 1211081690
-41.6605 3573.38 1211081751
-473.335 3545.46 1211081819
-650.614 3621.41 1211081876
-807.505 3629.23 1211081934
-808.392 3635.93 1211082002
-807.505 3632.58 1211082053
-803.96 3577.85 1211082178
-873.099 3663.85 1211082243
-581.475 4137.45 1211082362
-607.18 4308.35 1211082390
-148.914 4418.94 1211082450
359.876 4500.48 1211082505
832.324 4577.56 1211082568
988.33 4656.87 1211082623
1217.91 4960.72 1211082753
1908.41 5070.2 1211082881
2073.28 5300.33 1211082939
1959.82 5295.86 1211082998
1616.78 5244.47 1211083048
1615.9 5242.24 1211083069
1586.65 5232.18 1211083082
2057.32 5307.03 1211083206
2540.41 5256.76 1211083317
2613.98 5203.14 1211083377
2631.71 5191.97 1211083437
3214.07 4568.62 1211083559
3516.33 4140.8 1211083631
3669.67 3897.3 1211083684
4232.53 3065.2 1211083811
4174.92 2314.7 1211083872
4170.49 2305.77 1211083930
4166.94 2301.3 1211083985
3924.07 2084.66 1211084281
3853.16 1980.8 1211084342
3631.56 1864.66 1211084382
3626.24 1869.13 1211084385
3618.26 1880.3 1211084409
3499.49 1782.03 1211084482
3160.88 1448.15 1211084535
2910.03 1195.79 1211084600
2518.25 1134.38 1211084651
2301.97 1338.72 1211084710
2123.8 1243.81 1211084775
1963.36 1267.26 1211084832
1958.05 1275.07 1211084860
1958.93 1273.96 1211084865
1933.23 1298.52 1211084924
2013 1646.91 1211085066
1755.06 1916.03 1211085086
1620.33 2521.31 1211085146
1752.4 2606.18 1211085206
1887.13 2720.1 1211085266
1853.45 2932.29 1211085326
2114.94 3087.53 1211085387
2132.67 3089.77 1211085411
2172.55 2990.37 1211085481
2198.26 2847.41 1211085534
2091.89 2758.07 1211085599
1981.09 2756.95 1211085654
1989.07 2761.42 1211085725
1982.86 2745.78 1211085835
1984.64 2746.9 1211085895
1989.07 2748.02 1211085955
1981.09 2745.78 1211086020
1984.64 2743.55 1211086075
1981.09 2748.02 1211086135
1984.64 2745.78 1211086195
1981.98 2746.9 1211086257
1980.21 2749.13 1211086327
1979.32 2749.13 1211086377
1977.55 2750.25 1211086438
1981.09 2746.9 1211086498
1982.86 2748.02 1211086562
1983.75 2750.25 1211086624
1903.98 2722.33 1211086681
1893.34 2732.38 1211086740
1892.45 2733.5 1211086800
1894.22 2733.5 1211086861
1895.11 2734.61 1211086921
1893.34 2734.61 1211086983
1893.34 2734.61 1211087042
1893.34 2732.38 1211087106
1893.34 2731.26 1211087163
1896.88 2730.15 1211087232
1898.66 2730.15 1211087282
1899.54 2729.03 1211087344
1899.54 2730.15 1211087414
1899.54 2732.38 1211087478
1896.88 2731.26 1211087524
1895.11 2731.26 1211087584
1895.11 2729.03 1211087645
1896.88 2729.03 1211087718
1896.88 2730.15 1211087766
1896.88 2731.26 1211087826
1899.54 2733.5 1211087905
1897.77 2727.91 1211087956
1896 2730.15 1211088006
1896 2731.26 1211088066
1895.11 2730.15 1211088126
1900.43 2723.45 1211088186
1896.88 2731.26 1211088250
1896 2742.43 1211088308
1896 2743.55 1211088366
1896.88 2734.61 1211088431
1896 2736.85 1211088487
1890.68 2742.43 1211088547
1891.57 2744.67 1211088612
1890.68 2749.13 1211088667
1890.68 2744.67 1211088727
1884.47 2753.6 1211088790
1891.57 2751.37 1211088853
1889.79 2755.83 1211088911
1886.25 2751.37 1211088969
1894.22 2744.67 1211089037
1894.22 2740.2 1211089089
1894.22 2740.2 1211089154
1888.91 2760.3 1211089210
1885.36 2763.65 1211089271
1884.47 2756.95 1211089331
1883.59 2750.25 1211089394
1893.34 2739.08 1211089457
1894.22 2739.08 1211089522
1890.68 2742.43 1211089579
1887.13 2748.02 1211089634
1885.36 2749.13 1211089697
1884.47 2754.72 1211089764
1877.38 2765.88 1211089816
1880.04 2768.12 1211089883
1880.04 2772.59 1211089934
1880.93 2761.42 1211090000
1878.27 2764.77 1211090057
1880.04 2759.18 1211090125
1882.7 2746.9 1211090177
1882.7 2753.6 1211090238
1875.61 2755.83 1211090275
1860.54 2791.57 1211090335
1937.66 2865.28 1211090395
2019.21 2777.05 1211090455
2391.49 2712.28 1211090581
2379.08 2693.29 1211090636
2379.08 2694.41 1211090638
2413.65 2822.84 1211090698
2445.56 2980.32 1211090768
2443.79 2988.13 1211090782
2528 3125.51 1211090843
2687.55 3213.74 1211090903
2822.28 3231.61 1211090981
3052.74 3096.47 1211091017
2782.39 3210.39 1211091077
2222.19 3571.15 1211091139
1992.61 3551.04 1211091203
1511.3 3433.77 1211091250
1062.79 3332.13 1211091313
919.191 3163.48 1211091371
1022.9 2520.19 1211091431
1139.9 1820 1211091507
1340.23 1787.61 1211091551
1334.91 1789.85 1211091572
1333.14 1786.5 1211091577
1428.87 1827.81 1211091642
1412.03 1929.43 1211091716
1746.2 2073.49 1211091737
1976.66 1959.58 1211091799
2215.1 2224.25 1211091858
2375.54 2335.92 1211091918
2348.06 2372.78 1211091946
2348.06 2372.78 1211091949
2286.9 2447.6 1211092012
2175.21 2764.77 1211092068
2137.1 2937.88 1211092142
2084.8 3270.7 1211092189
2541.29 3383.51 1211092249
2795.69 3454.99 1211092315
3034.13 3698.48 1211092370
3313.34 3638.16 1211092432
3511.89 3716.35 1211092506
3510.12 3717.47 1211092508
3433.01 3737.57 1211092568
2919.78 3518.65 1211092628
2487.22 3516.42 1211092690
2218.65 3536.52 1211092748
2089.23 3513.07 1211092803
2088.35 3513.07 1211092805
2240.81 3544.34 1211092872
2568.77 3596.84 1211092942
2886.99 3621.41 1211092985
3071.36 3724.17 1211093043
3015.51 3568.91 1211093105
2347.17 3463.92 1211093165
1599.06 3329.9 1211093226
1242.73 3269.58 1211093287
1035.31 3327.66 1211093347
945.783 3887.24 1211093415
846.507 4526.18 1211093467
120.55 4461.39 1211093596
-521.2 4664.69 1211093710
-601.862 4663.57 1211093760
-604.521 4663.57 1211093776
-650.614 4533.99 1211093823
-580.588 4449.1 1211093884
-358.99 4488.2 1211093928
-35.4558 4542.93 1211093998
343.921 4602.14 1211094074
507.904 4632.3 1211094095
705.57 4472.56 1211094156
743.685 4246.92 1211094207
985.671 4278.19 1211094262
1414.69 4353.03 1211094329
1888.91 4425.64 1211094398
2239.92 4479.26 1211094449
2353.38 4398.83 1211094510
2527.11 4255.85 1211094565
2530.66 4268.14 1211094608
2531.54 4269.26 1211094614
2527.11 4308.35 1211094657
2520.02 4344.1 1211094719
2504.95 4410 1211094782
2246.12 4502.72 1211094837
1730.24 4946.2 1211094906
1651.35 5015.46 1211094957
1232.09 4962.96 1211095068
427.242 4836.72 1211095114
-108.14 4898.16 1211095174
-302.261 4909.33 1211095241
-472.448 4974.13 1211095298
-636.431 4980.83 1211095352
-643.522 4978.6 1211095371
-678.092 4691.5 1211095418
-509.677 4466.97 1211095487
-491.949 4472.56 1211095510
-136.505 4529.53 1211095573
324.42 4599.9 1211095630
797.755 4679.21 1211095691
970.602 4633.41 1211095750
993.648 4512.77 1211095815
1064.56 4080.48 1211095878
1162.06 3489.61 1211095932
1201.95 3191.4 1211095992
1247.16 2911.07 1211096049
1246.27 2913.31 1211096080
1245.38 2911.07 1211096082
1257.79 2840.71 1211096166
1496.23 2767 1211096212
1506.87 2769.24 1211096214
1476.73 2885.38 1211096279
1293.25 2856.35 1211096336
1174.47 2625.17 1211096394
1147.88 1765.28 1211096519
965.284 1198.03 1211096638
399.764 468.917 1211096772
451.175 131.741 1211096817
457.38 130.624 1211096861
457.38 121.693 1211096906
75.3435 87.0826 1211096981
1055.7 1266.14 1211097138
1209.93 1423.58 1211097198
1310.98 1662.55 1211097269
1258.68 2004.25 1211097329
1127.49 2730.15 1211097379
1089.38 3355.58 1211097440
1474.96 3460.57 1211097499
1453.69 3503.02 1211097530
1453.69 3501.9 1211097573
1451.91 3499.67 1211097631
1424.44 3669.44 1211097688
1347.32 3911.82 1211097751
1347.32 3910.7 1211097803
1298.57 3905.12 1211097863
1227.66 4032.45 1211097924
1162.95 4312.82 1211097985
1059.24 4294.95 1211098045
768.504 4245.8 1211098106
559.315 4215.64 1211098168
453.834 4186.6 1211098305
603.635 4111.76 1211098337
554.883 4510.54 1211098396
536.269 4605.49 1211098462
534.496 4608.84 1211098492
534.496 4609.95 1211098493
201.212 4587.61 1211098558
-598.316 4460.27 1211098679
-586.793 4373.14 1211098735
-594.771 4384.31 1211098810
-585.907 4372.02 1211098857
-635.545 4391.01 1211098962
-633.772 4385.43 1211099011
-633.772 4383.19 1211099088
-635.545 4385.43 1211099156
-632.886 4376.49 1211099253
-636.431 4380.96 1211099311
-636.431 4379.84 1211099373
-636.431 4376.49 1211099439
-631.999 4368.67 1211099554
-639.09 4382.08 1211099680
-485.744 4472.56 1211099735
-165.756 4526.18 1211099800
-23.0463 4365.32 1211099877
266.805 4166.49 1211099984
563.747 4213.41 1211100041
987.443 4282.66 1211100101
1166.5 4309.47 1211100161
1228.54 4021.28 1211100216
1230.32 4014.58 1211100244
1342 4005.64 1211100305
2240.81 4159.79 1211100364
2657.41 4230.16 1211100431
3219.38 4320.64 1211100479
3529.62 4113.99 1211100544
3890.39 3673.91 1211100637
4205.06 3205.92 1211100707
4089.82 2491.15 1211100812
4086.28 2464.35 1211100881
4086.28 2468.82 1211100884
4141.23 2538.06 1211100948
3877.98 2438.66 1211101008
3612.06 2697.76 1211101068
3585.47 2722.33 1211101079
3280.55 2940.11 1211101142
2957.9 2607.3 1211101208
2746.05 2411.86 1211101266
2313.49 1981.92 1211101321
1877.38 1776.45 1211101381
1471.41 1937.25 1211101442
1142.56 1875.83 1211101507
1076.08 1750.76 1211101562
688.728 1691.58 1211101626
61.1612 1593.31 1211101687
-634.658 1479.41 1211101767
-1394.3 1357.7 1211101816
-1746.2 901.015 1211101863
-2278.92 673.24 1211101939
-2532.43 659.842 1211101989
-3000.45 545.956 1211102043
-3000.45 545.956 1211102062
-2890.53 428.724 1211102132
-2531.54 445.471 1211102182
-2059.98 471.15 1211102251
-1649.58 572.753 1211102302
-1569.8 951.261 1211102362
-1236.52 1061.8 1211102428
-914.759 1109.81 1211102486
-134.732 1247.16 1211102602
7.97755 724.6 1211102668
20.3871 302.56 1211102723
6.20476 309.259 1211102789
2.65918 333.822 1211102813
2.65918 331.589 1211102877
8.86394 347.22 1211102928
11.5231 350.569 1211102988
-3.54558 326.006 1211103048
-3.54558 313.725 1211103108
-220.712 242.271 1211103180
-223.371 64.7537 1211103234
33.683 84.8497 1211103288
55.8428 165.235 1211103354
186.143 401.928 1211103408
581.475 794.943 1211103469
605.407 813.924 1211103522
873.099 1087.48 1211103583
1326.93 1550.88 1211103648
1251.59 2026.59 1211103724
1141.68 2725.68 1211103768
1019.35 3469.51 1211103823
941.351 3926.34 1211103883
850.052 4358.62 1211103943
785.345 4831.14 1211104003
1077.86 4928.33 1211104063
1527.26 5018.81 1211104123
1897.77 5172.98 1211104183
1967.8 5226.6 1211104249
1967.8 5226.6 1211104269
1936.77 5283.57 1211104331
1584.87 5236.65 1211104392
1514.85 5131.64 1211104452
1816.22 4869.12 1211104523
2121.14 4597.67 1211104572
2273.6 4463.62 1211104601
2403.9 4348.57 1211104661
2564.34 4210.05 1211104721
2754.03 4045.86 1211104781
2864.83 3877.19 1211104845
2817.85 3721.93 1211104902
2840.89 3675.02 1211104964
2847.99 3659.39 1211105023
2865.71 3635.93 1211105082
2597.14 3585.67 1211105142
2074.16 3515.3 1211105202
1755.06 3458.34 1211105262
1245.38 3392.44 1211105322
1200.18 3385.74 1211105370
897.918 3285.22 1211105434
967.943 2841.83 1211105492
1082.29 2139.38 1211105552
1030.88 1754.11 1211105612
569.065 1678.18 1211105672
-118.777 1569.86 1211105734
-811.937 1459.31 1211105794
-1065.45 1422.47 1211105859
-1065.45 1421.35 1211105864
-1138.13 1507.33 1211105923
-909.441 1650.26 1211105982
-487.517 1718.38 1211106046
-363.422 1735.13 1211106112
-360.763 1735.13 1211106171
-179.938 1567.63 1211106221
-201.212 1525.2 1211106292
-202.984 1529.66 1211106341
-202.984 1524.08 1211106401
-207.416 1516.26 1211106462
-205.644 1516.26 1211106522
-162.21 1469.36 1211106582
-21.2735 1474.95 1211106647
999.853 1631.28 1211106744
1065.45 1343.19 1211106801
2140.64 1031.65 1211106862
2586.5 90.432 1211106921
2784.16 -1200.08 1211106987
3443.64 -1169.94 1211107048
3744.13 -1075.06 1211107082
3716.65 -939.987 1211107142
3716.65 -939.987 1211107157
