3932.93 -16249.3 1211546922
4071.21 -16235.9 1211546956
4068.55 -16233.7 1211546980
4068.55 -16234.8 1211546982
4061.46 -16166.8 1211547042
3382.48 -16072.1 1211547102
3002.22 -14607.9 1211547161
2645 -13148.9 1211547227
3721.08 -10209 1211547336
4156.3 -8774.97 1211547382
3889.5 -7283.75 1211547428
3611.17 -5745.41 1211547474
3237.11 -4723.4 1211547511
2803.67 -3285.02 1211547562
2803.67 -3285.02 1211547577
2691.98 -1764.9 1211547619
2904.71 -620.716 1211547662
2775.3 328.239 1211547724
2797.46 36.8425 1211547777
2843.55 -66.986 1211547812
3233.57 -36.8424 1211547866
3652.83 -4.46575 1211547926
4095.14 71.4524 1211547986
3783.13 298.094 1211548046
3114.79 243.387 1211548171
3063.38 -33.4931 1211548226
3328.41 -29.0273 1211548291
3639.54 -4.46575 1211548346
3702.47 145.138 1211548418
3538.49 135.09 1211548477
3292.07 114.994 1211548528
3065.15 233.339 1211548592
3064.27 234.455 1211548649
3064.27 235.572 1211548699
3064.27 235.572 1211548754
3064.27 235.572 1211548822
3063.38 235.572 1211548856
3309.8 128.391 1211548943
3139.61 79.2675 1211549003
3128.97 89.3155 1211549022
3549.12 135.09 1211549082
2738.07 -2795.08 1211549319
3111.24 -4255.87 1211549366
3584.58 -5661.73 1211549414
4116.42 -8633.33 1211549513
2891.42 -14448.5 1211549732
4031.32 -16185.8 1211549857
4471.86 -15883.8 1211549937
4283.06 -15912.8 1211549991
3964.84 -16151.2 1211550046
3153.79 -15389 1211550111
2886.99 -13951.4 1211550157
2597.14 -12492.3 1211550206
2961.44 -10998.5 1211550262
3968.39 -9857.8 1211550312
4087.16 -8366.78 1211550362
3819.47 -6875.49 1211550414
3759.2 -6538.6 1211550437
3381.59 -5080.45 1211550482
2942.83 -3641.01 1211550540
2533.32 -2565.17 1211550598
2551.04 -2435.71 1211550658
2574.09 -2059.57 1211550718
2564.34 -2081.89 1211550783
2562.57 -2093.05 1211550838
2545.72 -2155.56 1211550898
2544.84 -2151.09 1211550964
2548.38 -2151.09 1211551019
2549.27 -2151.09 1211551079
2554.59 -2148.86 1211551139
2555.48 -2148.86 1211551204
2555.48 -2148.86 1211551263
2556.36 -2147.75 1211551329
2551.04 -2183.46 1211551384
2280.69 -2278.33 1211551452
2014.77 -2343.07 1211551504
1746.2 -2359.81 1211551558
1380.12 -2260.48 1211551624
1209.04 -1999.3 1211551685
827.892 -2013.81 1211551746
616.044 -2029.43 1211551778
404.196 -1880.98 1211551849
385.582 -1594.12 1211551899
383.809 -1597.47 1211551975
378.49 -1600.82 1211552020
366.081 -1347.43 1211552132
341.262 -1048.27 1211552192
156.005 -982.407 1211552253
149.801 -985.756 1211552460
149.801 -984.639 1211552521
150.687 -983.523 1211552582
151.573 -981.29 1211552646
151.573 -980.174 1211552701
155.119 -975.709 1211552761
154.233 -977.942 1211552821
150.687 -984.639 1211552871
518.541 -955.615 1211552939
903.236 -927.708 1211552988
1115.97 -914.312 1211553049
1451.91 -886.404 1211553113
1493.57 -883.055 1211553123
1525.48 -859.612 1211553184
1489.14 -477.822 1211553243
1443.05 -166.348 1211553279
1076.97 -195.374 1211553345
856.257 117.227 1211553400
600.089 126.158 1211553466
272.123 99.3636 1211553526
62.0476 94.8978 1211553580
56.7292 144.022 1211553646
46.0925 148.488 1211553702
45.2061 149.604 1211553762
40.7741 246.737 1211553824
37.2286 399.695 1211553886
21.2735 559.355 1211553910
-21.2735 809.458 1211553971
-429.901 644.21 1211554031
-651.5 405.277 1211554091
-964.397 184.214 1211554151
-1224.11 446.587 1211554237
-1293.25 786.01 1211554311
-990.103 1937.25 1211554558
-866.007 2837.36 1211554675
-491.063 2894.32 1211554735
-257.941 2930.06 1211554786
132.959 2997.07 1211554852
1029.99 3146.73 1211554974
1194.86 3142.26 1211555026
1579.55 3226.03 1211555093
2338.31 3338.83 1211555147
2582.07 3412.55 1211555218
2778.85 3516.42 1211555281
2768.21 3581.2 1211555318
2852.42 3608.01 1211555354
2916.24 3583.43 1211555410
2971.19 3301.97 1211555469
3019.06 2982.55 1211555596
2974.74 2946.81 1211555659
2834.69 3157.9 1211555770
2810.76 3353.35 1211555826
2795.69 3473.98 1211555890
2754.91 3759.91 1211555946
2728.32 3917.4 1211556006
2722.12 3919.64 1211556066
2718.57 3926.34 1211556132
2719.46 3925.22 1211556188
2718.57 3926.34 1211556247
2716.8 3929.69 1211556367
2716.8 3930.81 1211556429
2716.8 3929.69 1211556492
2716.8 3930.81 1211556548
2704.39 3924.1 1211556624
2714.14 3928.57 1211556800
2710.59 3935.27 1211556833
2502.29 3901.76 1211556899
2482.79 3651.57 1211557014
2571.43 3093.12 1211557073
2650.32 2876.45 1211557147
2794.8 2713.39 1211557194
3143.15 2358.26 1211557254
2596.25 1637.98 1211557315
2699.07 669.89 1211557356
2893.19 -722.304 1211557435
3322.21 -5022.43 1211557589
4018.03 -8133.68 1211557711
4071.21 -9612.48 1211557755
3017.29 -15140.5 1211557982
3518.1 -16361.8 1211558032
4035.75 -16094.4 1211558102
