3734.38 -991.337 1212190316
3700.7 -962.313 1212190391
3698.92 -980.174 1212190543
3569.51 -1124.18 1212190627
3020.83 -1217.94 1212190688
2434.93 -1334.04 1212190740
2286.9 -1337.38 1212190761
1731.13 -1358.59 1212190821
1547.64 -1282.69 1212190886
1525.48 -980.174 1212190941
1505.1 -735.7 1212191001
1486.48 -424.236 1212191076
1468.76 -236.681 1212191100
1452.8 -43.541 1212191161
1425.32 303.677 1212191219
1410.25 476.733 1212191279
1395.18 679.939 1212191321
1391.64 877.567 1212191381
1721.38 893.199 1212191442
1947.41 907.715 1212191506
2192.94 904.365 1212191561
2206.24 880.917 1212191589
2206.24 880.917 1212191603
2192.05 985.874 1212191660
2067.07 1114.28 1212191735
1919.93 1267.26 1212191776
1999.71 1376.68 1212191836
2239.03 1611.18 1212191896
2442.02 1814.41 1212191957
2602.45 1969.63 1212192022
2777.96 2144.96 1212192080
2816.08 2247.7 1212192140
2725.66 2340.39 1212192201
2606 2467.7 1212192272
2608.66 2471.05 1212192288
2563.45 2513.49 1212192363
2551.93 2512.37 1212192364
2551.04 2513.49 1212192367
2479.25 2602.83 1212192398
2526.22 2741.31 1212192465
2545.72 2762.53 1212192486
2720.34 2922.24 1212192532
2765.55 2969.15 1212192592
2815.19 3027.22 1212192658
2877.24 3080.83 1212192785
2920.67 3135.56 1212192831
2975.63 3181.35 1212192885
3098.83 3054.03 1212192945
3131.63 3051.79 1212193005
3362.09 2893.2 1212193066
3416.16 2830.66 1212193126
3442.76 2889.85 1212193201
3437.44 2885.38 1212193213
3433.01 2880.92 1212193215
3327.52 2941.23 1212193275
3300.05 2938.99 1212193335
3260.16 2916.66 1212193395
3054.52 2739.08 1212193455
2772.64 2425.26 1212193515
2558.13 2211.96 1212193582
2201.8 1849.03 1212193636
2054.66 1704.98 1212193697
1848.13 1338.72 1212193761
1914.61 1262.79 1212193817
1914.61 1262.79 1212193824
1922.59 1254.97 1212193877
1935.89 1318.62 1212193939
2112.28 1483.88 1212193985
2366.67 1746.3 1212194045
2661.84 2039.99 1212194115
2832.03 2213.08 1212194171
2607.77 2467.7 1212194228
2407.45 2726.8 1212194314
2337.42 2779.29 1212194376
2418.97 2662.02 1212194439
2675.14 2598.36 1212194495
2847.1 2781.52 1212194555
2972.97 2893.2 1212194620
3258.39 3039.51 1212194675
3565.08 2715.63 1212194755
3711.33 2573.79 1212194800
4056.14 2614 1212194858
4246.72 2953.51 1212194955
4248.49 2975.85 1212194957
4100.46 3382.39 1212195017
3881.52 3702.95 1212195063
3586.35 4067.08 1212195156
3485.3 4061.49 1212195211
3416.16 4117.34 1212195229
3331.96 4129.63 1212195288
2988.92 4173.19 1212195376
2725.66 4136.33 1212195436
2558.13 4106.17 1212195496
2440.24 4088.3 1212195561
2132.67 3946.44 1212195617
2087.46 3935.27 1212195678
2071.5 3927.46 1212195697
1974.89 3909.58 1212195728
1860.54 3805.71 1212195764
1902.2 3520.89 1212195830
1903.09 3514.19 1212195837
2142.42 3528.71 1212195897
2180.53 3533.17 1212195958
2588.27 3599.07 1212196019
2852.42 3581.2 1212196088
3089.08 3593.49 1212196138
3283.21 3729.75 1212196198
3341.71 3738.69 1212196258
3448.96 3568.91 1212196333
3584.58 3394.68 1212196379
3575.72 3230.49 1212196438
3325.75 2962.45 1212196611
3401.1 2882.03 1212196629
3498.6 2777.05 1212196673
3570.4 2677.66 1212196744
3804.4 2469.93 1212196811
3867.34 2156.13 1212196925
3854.04 2152.78 1212196989
3749.45 2039.99 1212197047
3656.38 1948.42 1212197054
3462.26 1753 1212197096
3351.46 1643.56 1212197163
3343.48 1639.1 1212197185
3343.48 1639.1 1212197201
3220.27 1650.26 1212197249
3152.02 1956.23 1212197312
3102.38 2009.84 1212197374
2673.37 2605.06 1212197494
2739.85 2668.72 1212197565
2749.6 2685.47 1212197669
2745.16 2689.94 1212197715
2745.16 2684.36 1212197776
2939.28 2875.33 1212197897
3027.92 2981.43 1212197972
3273.45 3214.86 1212198018
3355 3287.45 1212198049
3357.66 3286.34 1212198050
3374.5 3293.04 1212198080
3432.12 3354.47 1212198130
3552.67 3604.66 1212198189
3383.37 3747.62 1212198241
3205.2 3698.48 1212198304
2986.26 3669.44 1212198359
2636.14 3613.59 1212198438
2239.92 3559.98 1212198479
2095.44 3546.58 1212198540
1775.45 3489.61 1212198604
1493.57 3437.12 1212198661
1152.31 3384.62 1212198721
889.054 4272.61 1212198842
655.932 4660.22 1212198918
199.439 4584.26 1212198963
-142.71 4536.23 1212199024
-249.963 4768.58 1212199086
-249.077 4768.58 1212199116
-249.077 4768.58 1212199139
-249.077 4768.58 1212199187
-249.077 4768.58 1212199287
-345.694 4758.53 1212199343
-506.131 4582.03 1212199417
-606.294 4377.61 1212199538
-607.18 4377.61 1212199594
-607.18 4377.61 1212199643
-608.067 4378.73 1212199829
-608.067 4377.61 1212200126
-630.226 4428.99 1212200191
-479.539 4473.67 1212200246
-358.99 4490.43 1212200305
-224.258 4516.12 1212200367
-95.7306 4533.99 1212200421
148.914 4156.44 1212200669
182.597 3982.19 1212200845
730.389 4051.44 1212200857
832.324 3623.64 1212200914
868.667 3370.1 1212200968
1047.72 3154.55 1212201028
1180.68 3207.04 1212201093
1784.31 3285.22 1212201148
2368.45 3374.57 1212201210
2393.26 3277.4 1212201269
2374.65 3256.18 1212201329
2293.1 3240.54 1212201393
2265.62 3238.31 1212201402
2175.21 3228.26 1212201405
1790.52 3277.4 1212201464
1723.15 3696.24 1212201524
1672.63 4032.45 1212201589
1670.85 4334.04 1212201644
1670.85 4336.28 1212201709
1797.61 4144.15 1212201714
1798.49 4134.1 1212201721
1539.67 3985.54 1212201782
1262.23 3927.46 1212201843
1117.74 3904 1212201903
835.87 3828.05 1212201963
827.006 3736.45 1212202029
881.962 3396.91 1212202064
1000.74 2659.79 1212202119
1098.24 2101.41 1212202180
1132.81 1984.15 1212202209
1133.7 1984.15 1212202211
1213.47 2293.49 1212202277
1126.61 2825.08 1212202334
1044.17 3322.08 1212202394
1095.58 3348.88 1212202455
1088.49 3368.99 1212202516
1088.49 3391.33 1212202576
1086.72 3376.81 1212202636
1084.06 3364.52 1212202698
1087.61 3355.58 1212202758
1086.72 3360.05 1212202819
1084.95 3363.4 1212202874
1084.06 3364.52 1212202933
1084.06 3364.52 1212202993
1084.06 3364.52 1212203054
1084.06 3365.64 1212203114
1084.95 3364.52 1212203174
1085.83 3364.52 1212203235
1147.88 3354.47 1212203295
1453.69 3418.13 1212203354
1682.38 3448.29 1212203416
2114.05 3520.89 1212203476
2461.52 3566.68 1212203537
2765.55 3612.47 1212203598
3109.47 3718.58 1212203659
3394.89 3849.27 1212203732
3374.5 3852.62 1212203793
3364.75 3820.23 1212203804
3297.39 3788.95 1212203855
3226.48 3676.14 1212203922
3064.27 3676.14 1212203976
2590.04 3511.95 1212204036
2401.24 3472.86 1212204096
2262.97 3443.82 1212204156
1695.67 3350 1212204217
1363.27 3294.16 1212204277
1361.5 3301.97 1212204338
1224.11 3271.82 1212204400
939.578 3229.38 1212204460
-407.741 3011.59 1212204580
-1042.4 2681.01 1212204641
-1022.01 2538.06 1212204701
-990.989 1930.55 1212204773
-925.396 1499.51 1212204841
-1497.12 1334.25 1212204883
-2533.32 650.909 1212205019
-2694.64 441.005 1212205063
-2908.26 427.607 1212205113
-2917.12 426.491 1212205115
-3081.11 416.442 1212205151
-2928.65 629.695 1212205242
-2370.22 662.075 1212205322
-2239.03 515.811 1212205472
-2053.78 778.194 1212205533
-1584.87 1258.32 1212205609
-1261.34 1278.42 1212205654
-910.327 1490.58 1212205713
-1033.54 2668.72 1212205893
-620.476 2868.63 1212205955
-404.196 2997.07 1212206016
-471.562 3419.25 1212206076
-523.859 3757.68 1212206154
-585.02 4128.51 1212206202
-476.88 4420.06 1212206310
-477.767 4421.17 1212206345
-477.767 4421.17 1212206368
-483.971 4452.45 1212206375
-484.858 4454.68 1212206379
-484.858 4456.92 1212206391
-590.339 4455.8 1212206406
-654.159 4559.69 1212206439
-850.939 4853.48 1212206520
-839.416 4943.96 1212206561
-771.163 4964.07 1212206646
-776.482 4962.96 1212206721
-777.368 4962.96 1212206748
-264.146 3973.25 1212206992
174.62 4044.74 1212207053
618.703 4076.01 1212207117
663.023 3898.41 1212207154
664.796 3899.53 1212207166
789.777 3934.16 1212207194
848.279 3565.56 1212207258
612.499 3172.42 1212207316
-91.2986 3059.61 1212207375
-898.804 2930.06 1212207436
-1027.33 2502.32 1212207497
-968.829 1789.85 1212207558
-913.873 1448.15 1212207625
-896.145 1344.3 1212207684
-781.8 1237.11 1212207723
-950.215 1107.58 1212207808
-1118.63 1080.78 1212207826
-1482.94 1021.6 1212207891
-1625.65 1314.15 1212207958
-1279.95 1586.61 1212208085
-1141.68 1607.83 1212208158
-1139.9 1607.83 1212208228
-1241.84 1374.45 1212208328
-1708.08 1008.21 1212208386
-2231.05 677.706 1212208448
-2531.54 660.958 1212208507
