2500.52 1336.49 1212002265
2658.3 1485 1212002291
2923.33 1755.23 1212002331
3123.65 1960.7 1212002400
3309.8 2141.61 1212002451
3503.92 2783.75 1212002588
3261.93 3035.04 1212002632
3141.38 3162.36 1212002693
3054.52 3126.62 1212002717
3047.42 3127.74 1212002730
3044.76 3155.66 1212002791
2988.04 3308.67 1212002856
3043.88 3381.27 1212002879
3401.1 3347.77 1212002944
3423.26 3364.52 1212002970
3442.76 3529.82 1212003021
3332.84 3594.6 1212003082
3086.43 3604.66 1212003145
2918.01 3548.81 1212003203
2763.78 3571.15 1212003236
2636.14 3567.8 1212003270
2207.12 3514.19 1212003330
2251.44 3234.96 1212003390
2253.21 3228.26 1212003410
2352.49 3098.7 1212003470
2381.74 3119.92 1212003530
2563.45 3155.66 1212003564
2563.45 3155.66 1212003567
2678.68 3154.55 1212003628
2577.64 3213.74 1212003691
2569.66 3262.88 1212003753
2566.11 3266.23 1212003808
2556.36 3265.12 1212003872
2557.25 3265.12 1212003901
2555.48 3264 1212003955
2552.82 3266.23 1212004015
2554.59 3279.64 1212004075
2548.38 3286.34 1212004136
2546.61 3279.64 1212004196
2554.59 3282.99 1212004256
2553.7 3277.4 1212004317
2553.7 3268.47 1212004377
2559.91 3267.35 1212004438
2559.02 3275.17 1212004498
2558.13 3271.82 1212004558
2554.59 3264 1212004619
2554.59 3272.93 1212004684
2552.82 3274.05 1212004746
2550.16 3265.12 1212004803
2560.79 3271.82 1212004866
2549.27 3271.82 1212004922
2540.41 3256.18 1212004983
2541.29 3257.3 1212005014
2546.61 3256.18 1212005055
2579.41 2974.73 1212005108
2595.36 2938.99 1212005165
2668.05 2844.06 1212005228
2840.89 2593.9 1212005283
3026.15 2476.63 1212005354
2731.87 1798.78 1212005410
2714.14 449.937 1212005469
2875.46 -1034.87 1212005537
2454.43 -2483.7 1212005580
2991.58 -3886.52 1212005630
3490.62 -5310.29 1212005689
4049.05 -8305.44 1212005791
3964.84 -9822.12 1212005834
3088.2 -15377.9 1212006044
3840.75 -16225.9 1212006106
4275.08 -15897.2 1212006239
4234.31 -15990.8 1212006283
4230.76 -15994.1 1212006296
