3284.98 -15874.9 1211620319
2943.72 -14429.5 1211620374
2623.73 -12982.8 1211620416
2652.98 -11435.5 1211620466
3620.92 -10333.9 1211620516
4184.67 -8950.06 1211620564
3921.41 -7464.45 1211620615
3656.38 -5985.27 1211620668
3205.2 -4573.89 1211620722
2709.71 -2933.47 1211620797
3589.9 -1728.06 1211620833
3850.5 -211.004 1211620890
3391.35 1198.03 1211620944
3062.49 1661.43 1211621003
2679.57 2039.99 1211621064
2904.71 2301.3 1211621124
3066.04 2459.88 1211621185
2996.9 2918.89 1211621245
2840.01 3135.56 1211621290
2773.53 3358.94 1211621348
2823.17 3466.16 1211621408
2838.23 3462.81 1211621469
2868.37 3543.23 1211621530
2802.78 3852.62 1211621590
2742.5 4093.89 1211621650
2739.85 4101.7 1211621666
2847.99 4157.56 1211621727
2881.67 3866.02 1211621786
2856.85 3800.12 1211621846
2925.1 3563.33 1211621906
3101.49 3075.25 1211621967
3221.16 2876.45 1211622027
2955.24 2619.58 1211622106
2833.8 2462.12 1211622148
2560.79 2254.4 1211622220
2225.74 1704.98 1211622269
2305.51 1824.46 1211622329
2307.28 1824.46 1211622357
2307.28 1824.46 1211622359
2142.42 1807.71 1211622419
1896.88 1562.05 1211622489
1834.84 1218.12 1211622539
1804.7 510.228 1211622599
1612.35 551.539 1211622659
1390.75 549.306 1211622719
897.918 511.345 1211622784
507.018 482.316 1211622840
262.373 461.102 1211622900
53.1837 290.279 1211622960
54.0701 110.528 1211623021
62.0476 111.645 1211623081
58.502 108.295 1211623143
57.6156 107.179 1211623202
58.502 109.412 1211623263
54.9565 108.295 1211623323
54.9565 106.062 1211623384
54.9565 107.179 1211623418
57.6156 64.7537 1211623478
56.7292 64.7537 1211623497
84.2075 -289.152 1211623557
119.663 -772.539 1211623618
152.46 -1202.32 1211623678
105.481 -1594.12 1211623738
3.54558 -1885.45 1211623799
-75.3435 -2338.6 1211623858
-81.5483 -2346.42 1211623918
-81.5483 -2346.42 1211623977
-81.5483 -2346.42 1211623979
1.77279 -2194.62 1211624015
25.7054 -2066.27 1211624045
-7.09116 -1641 1211624108
66.4796 -1262.59 1211624167
142.71 -1012.55 1211624227
114.345 -643.043 1211624292
73.5707 -108.294 1211624348
57.6156 161.885 1211624408
57.6156 178.632 1211624426
219.826 437.655 1211624482
600.975 818.39 1211624547
1013.15 1229.29 1211624603
1306.55 1689.35 1211624666
1217.02 2239.88 1211624722
1101.79 2964.68 1211624783
1334.02 3399.14 1211624848
1749.74 3457.22 1211624903
2158.37 3523.12 1211624969
2234.6 3515.3 1211625023
2241.69 3517.54 1211625041
2277.15 3542.11 1211625077
2628.16 3590.14 1211625156
2768.21 3632.58 1211625199
3026.15 3467.27 1211625266
3012.85 3248.36 1211625291
3152.02 3087.53 1211625353
3587.24 3400.26 1211625410
3831 3173.53 1211625470
3909 3098.7 1211625531
3911.66 3109.87 1211625653
3909.89 3104.29 1211625673
3953.32 3205.92 1211625733
