4400.06 -16047.6 1211872693
4400.06 -16053.2 1211872745
4400.06 -16054.3 1211872803
4400.06 -16053.2 1211872862
4400.06 -16053.2 1211872924
4400.06 -16052.1 1211872978
4400.06 -16052.1 1211873043
4400.95 -16052.1 1211873107
4400.95 -16050.9 1211873158
4400.95 -16050.9 1211873205
4400.95 -16050.9 1211873271
3627.13 -16253.7 1211873543
3753.88 -16663.8 1211873733
4899.99 -17592.9 1211873747
6003.55 -18503 1211873807
6550.45 -19249.3 1211873862
6661.25 -19295 1211873922
6657.71 -19293.9 1211873973
6657.71 -19293.9 1211873995
6590.34 -18861.7 1211874022
5370.66 -17940.5 1211874074
3946.23 -16240.4 1211874181
4046.39 -16181.3 1211874240
2992.47 -14567.7 1211874330
2637.91 -13087.6 1211874381
2590.04 -11613.9 1211874439
3549.12 -10435.4 1211874487
4203.28 -9076.08 1211874522
3799.97 -6766.17 1211874592
3474.67 -5229.96 1211874643
2989.81 -3810.63 1211874688
2453.54 -2410.04 1211874736
2898.51 -957.848 1211874788
2729.21 542.607 1211874843
1848.13 1056.22 1211874904
1040.63 1565.4 1211874963
1229.43 2153.89 1211875026
1065.45 3162.36 1211875084
895.258 3934.16 1211875144
712.661 3922.99 1211875205
711.775 3925.22 1211875232
712.661 3925.22 1211875233
597.43 4206.7 1211875293
173.733 4157.56 1211875353
-21.2735 4358.62 1211875413
-316.443 4401.07 1211875475
-868.667 4414.47 1211875536
-357.217 4494.9 1211875595
-41.6605 4441.28 1211875655
468.016 4511.65 1211875719
1022.9 4315.05 1211875779
1317.18 4006.76 1211875837
2410.11 4188.83 1211875901
2576.75 4216.76 1211875955
2827.6 4252.5 1211876015
2826.71 4253.62 1211876075
2798.35 4256.97 1211876136
2608.66 4222.34 1211876198
2603.34 4229.04 1211876258
2578.52 4222.34 1211876318
2523.56 4283.78 1211876379
2520.91 4326.22 1211876439
2417.2 4406.65 1211876476
2416.31 4405.53 1211876498
2357.81 4181.01 1211876559
2169.89 4146.39 1211876629
1095.58 3882.78 1211876685
1238.29 2992.6 1211876739
1369.48 2152.78 1211876799
1430.64 1667.01 1211876859
1154.97 1382.27 1211876919
1180.68 1046.17 1211876979
1191.31 1026.07 1211877041
1137.24 1087.48 1211877080
651.5 888.733 1211877122
355.444 591.734 1211877182
-204.757 244.504 1211877243
-836.756 198.728 1211877310
-1318.95 166.351 1211877366
-1351.75 510.228 1211877420
-1259.57 522.51 1211877436
-1259.57 522.51 1211877437
-1303.89 877.567 1211877497
-1180.68 1069.62 1211877543
-1107.99 980.291 1211877596
-1018.47 371.782 1211877661
-461.812 223.291 1211877716
-87.753 208.777 1211877782
59.3884 96.0143 1211877843
567.292 122.809 1211877892
1051.26 160.769 1211877948
1639.83 168.584 1211878008
1715.17 -814.959 1211878068
1733.79 -1290.5 1211878128
1727.58 -1286.04 1211878188
1739.11 -1283.8 1211878248
1742.65 -1287.15 1211878308
1700.99 -1292.73 1211878368
1716.06 -1288.27 1211878435
1768.36 -1334.04 1211878476
