4236.97 -16010.8 1212738533
3998.53 -16126.7 1212738563
2596.25 -12583.8 1212738704
3890.39 -9976 1212738815
4108.44 -8493.92 1212738858
3817.7 -6874.37 1212738923
3708.67 -6260.83 1212738949
3263.7 -4832.75 1212738984
2839.12 -3370.95 1212739037
2635.25 -1872.05 1212739094
2491.65 -1284.92 1212739155
1874.72 -1320.64 1212739235
1166.5 -1313.94 1212739275
1142.56 -985.756 1212739322
1028.22 -820.541 1212739382
1028.22 -820.541 1212739416
1027.33 -819.425 1212739420
1027.33 -816.076 1212739508
1299.45 -718.955 1212739563
1497.12 -693.279 1212739623
1709.85 -729.002 1212739675
1748.86 -746.863 1212739707
1736.45 -756.91 1212739768
1730.24 -747.979 1212739827
1731.13 -749.096 1212739886
1732.01 -750.212 1212739946
1732.9 -750.212 1212740012
1732.9 -750.212 1212740070
1732.9 -750.212 1212740142
1732.9 -750.212 1212740188
1733.79 -749.096 1212740248
1733.79 -749.096 1212740310
1733.79 -749.096 1212740370
1732.9 -749.096 1212740433
1790.52 -683.232 1212740491
2131.78 -655.323 1212740557
2325.01 -473.356 1212740621
2324.13 -516.895 1212740669
2328.56 -553.735 1212740680
2494.31 -531.407 1212740740
2216.87 -466.658 1212740802
1842.81 -493.451 1212740863
1706.31 -506.847 1212740903
1329.59 -531.407 1212740968
1340.23 -1063.9 1212741033
1802.04 -1332.92 1212741083
2557.25 -1280.45 1212741155
2437.58 -2348.65 1212741211
2949.03 -3782.74 1212741264
3447.19 -5223.27 1212741313
3756.54 -6704.82 1212741360
4064.12 -8416.97 1212741414
2612.2 -11490.1 1212741545
2885.21 -14488.6 1212741645
3235.34 -15941.7 1212741702
