3714.88 -931.057 1211243785
3713.99 -932.173 1211243846
3628.01 -991.337 1211243906
3573.06 -1126.41 1211243966
3478.21 -1009.2 1211244027
3296.5 -570.48 1211244096
3273.45 -243.38 1211244148
3282.32 -6.69863 1211244211
3401.1 141.789 1211244271
3556.21 293.629 1211244332
3457.82 554.889 1211244392
3019.06 540.374 1211244452
2817.85 874.218 1211244512
2863.94 1145.55 1211244572
3271.68 1555.35 1211244632
3584.58 1866.9 1211244692
3791.11 2076.84 1211244753
3990.55 2278.97 1211244813
3875.32 2414.1 1211244874
3470.23 2816.14 1211244934
3466.69 2907.72 1211244994
3446.3 2875.33 1211245070
3456.05 2892.09 1211245095
3237.11 3113.22 1211245155
3176.84 3107.64 1211245215
2993.35 2957.98 1211245275
2855.96 2987.02 1211245337
2839.12 3166.83 1211245396
2838.23 3170.18 1211245502
2798.35 3433.77 1211245562
2785.94 3582.32 1211245622
2735.41 3614.71 1211245684
2508.5 3603.54 1211245744
2110.51 3552.16 1211245804
1521.05 3450.52 1211245868
1240.07 3417.01 1211245927
1048.6 3391.33 1211245988
936.919 3370.1 1211246047
618.703 3317.61 1211246090
15.9551 3268.47 1211246160
-54.0701 3303.09 1211246182
-54.0701 3304.21 1211246195
-132.073 3212.62 1211246244
5.31837 3193.64 1211246304
144.482 3221.56 1211246364
25.7054 3312.03 1211246429
-22.1599 3307.56 1211246532
-22.1599 3308.67 1211246647
-23.0463 3308.67 1211246704
-132.959 3179.12 1211246753
287.192 3249.48 1211246820
853.598 3324.31 1211246873
1153.2 3370.1 1211246933
1598.17 3440.47 1211246994
1904.86 3488.5 1211247053
2145.07 3537.64 1211247114
2325.9 3571.15 1211247185
2598.02 3611.36 1211247240
2756.69 3547.69 1211247300
3001.33 3649.33 1211247355
2994.24 3777.78 1211247375
2996.01 3859.32 1211247435
2994.24 3858.2 1211247597
3100.61 3768.85 1211247645
3316.89 3494.08 1211247705
3708.67 2966.91 1211247765
3610.28 2727.91 1211247825
3264.59 2370.54 1211247890
3214.95 2318.05 1211247946
2598.91 1276.19 1211248007
2667.16 -164.115 1211248078
2705.28 -1680.07 1211248124
2744.28 -3172.3 1211248183
3199 -4598.43 1211248242
3642.19 -6046.63 1211248295
4024.23 -8158.22 1211248366
2559.02 -12223.7 1211248504
4720.94 -17644.2 1211248678
5041.81 -17480.4 1211248744
5731.43 -17633 1211248813
6125.87 -17994 1211248868
6124.99 -17994 1211248926
6115.24 -17997.3 1211248978
5828.04 -17695.4 1211249029
5753.59 -17633 1211249035
4153.64 -16125.6 1211249250
