2676.91 2042.22 1212298779
2809.87 1893.7 1212298818
3064.27 1873.6 1212298879
3479.98 2285.67 1212298945
3725.52 2553.69 1212298999
3696.26 3054.03 1212299059
3499.49 3161.25 1212299321
3200.77 2870.87 1212299376
3101.49 2781.52 1212299431
3101.49 2781.52 1212299473
1879.16 3384.62 1212299687
2354.26 3400.26 1212299747
2661.84 3294.16 1212299820
2555.48 3065.2 1212299867
1394.3 3041.74 1212300133
1341.11 3383.51 1212300193
1326.05 3477.33 1212300233
1463.44 3654.92 1212300294
1639.83 3383.51 1212300348
1666.42 3186.93 1212300420
1726.7 2724.56 1212300464
1793.18 2265.57 1212300528
1983.75 1937.25 1212300582
2218.65 1710.56 1212300642
2452.65 1838.98 1212300741
2819.62 2198.56 1212300802
3044.76 2421.91 1212300862
3133.4 2760.3 1212300922
2798.35 2533.59 1212300983
2541.29 2587.2 1212301048
2534.2 2631.87 1212301108
2530.66 2630.75 1212301180
2410.99 2712.28 1212301228
2441.13 2950.16 1212301300
1856.11 2949.04 1212301442
1767.47 2530.24 1212301503
1830.4 2132.67 1212301557
1843.7 1789.85 1212301627
1363.27 1209.19 1212301743
1424.44 441.005 1212301809
1447.48 135.09 1212301857
1474.07 -301.433 1212301917
1479.39 -373.998 1212301982
1475.85 -377.347 1212301991
1477.62 -373.998 1212302052
1483.82 -389.628 1212302088
1324.27 -534.756 1212302160
1295.91 -353.903 1212302220
1276.41 -34.6095 1212302270
1248.04 269.066 1212302348
1230.32 505.762 1212302395
1225.88 593.967 1212302415
1188.65 1074.08 1212302486
1162.95 1357.7 1212302548
1257.79 1862.43 1212302668
1153.2 2689.94 1212302722
1739.99 2819.49 1212302782
2076.82 2878.68 1212302836
2269.17 3099.82 1212302982
2281.58 3037.28 1212303048
2284.24 2801.62 1212303102
2481.9 2934.53 1212303162
2765.55 2753.6 1212303228
2887.87 2612.88 1212303271
3049.2 2458.77 1212303331
2648.55 1722.85 1212303409
2640.57 211.01 1212303449
2541.29 -2750.44 1212303547
3824.79 -7053.97 1212303694
2812.53 -11104.4 1212303846
3130.75 -15530.6 1212303986
