2867.49 -13877.9 1212432428
2577.64 -12361.9 1212432464
3082.88 -10891.4 1212432513
4049.94 -9691.65 1212432558
4037.53 -8126.99 1212432603
3774.27 -6659.08 1212432651
3435.66 -5174.17 1212432716
2983.6 -3761.53 1212432747
2731.87 -2830.8 1212432807
3659.92 -1633.19 1212432832
3852.27 -110.527 1212432883
3347.91 1288.47 1212432939
3842.52 1937.25 1212432999
3681.2 2213.08 1212433059
3349.68 2732.38 1212433120
3443.64 2864.16 1212433151
3443.64 2864.16 1212433153
3560.65 2482.22 1212433213
3959.52 2292.37 1212433273
3541.15 1677.06 1212433334
3812.38 200.961 1212433394
3768.06 -1327.34 1212433445
2937.51 -2570.75 1212433490
3053.63 -4075.1 1212433539
3549.12 -5496.61 1212433584
3808.84 -6981.46 1212433625
4076.53 -8454.89 1212433667
3893.04 -9963.73 1212433722
2888.76 -11045.3 1212433761
2572.32 -12497.9 1212433809
2818.73 -13982.6 1212433864
3130.75 -15465.9 1212433915
3993.21 -16174.6 1212433980
4411.59 -16055.4 1212434150
4409.81 -16052.1 1212434204
4409.81 -16052.1 1212434275
4410.7 -16053.2 1212434324
4415.13 -16009.7 1212434570
4196.19 -16058.7 1212434739
3702.47 -16601.4 1212434799
4809.58 -17508.3 1212434859
5964.55 -18462.9 1212434910
7312.75 -19282.8 1212434963
8791.26 -19332.9 1212435013
9978.14 -20182.7 1212435069
10840.6 -21216.1 1212435123
11811.2 -22316.2 1212435157
12698.5 -23509.7 1212435198
13598.2 -24732 1212435245
14516.5 -25904 1212435290
15524.3 -27015.7 1212435338
16527.7 -28130.6 1212435386
17555.9 -29225.4 1212435432
18931.6 -29803.8 1212435489
20380 -30378.9 1212435524
21819.5 -30609.2 1212435569
23522.2 -31487.8 1212435628
25134.6 -32673.3 1212435692
26317.9 -33544 1212435732
27518.1 -34460.1 1212435776
28409.8 -35515.1 1212435819
29346.7 -36630 1212435867
30082.5 -37474.7 1212435918
31193.1 -38490.4 1212435959
32852.4 -39309.3 1212436019
34253.8 -39708.2 1212436058
35689.8 -40102.6 1212436123
37101.8 -40480.3 1212436162
38507.6 -40919.2 1212436194
37361.5 -41433.5 1212436238
37361.5 -41433.5 1212436257
36569.1 -41716.7 1212436298
36510.6 -40938.1 1212436371
36364.3 -41145.8 1212436425
36363.4 -41138 1212436511
36362.6 -41138 1212436680
36362.6 -41138 1212436692
36361.7 -41136.9 1212436699
36361.7 -41136.9 1212436711
36310.3 -41000.3 1212436759
36555.8 -40959.2 1212436820
38380 -41005.8 1212437067
33745 -39536 1212437091
33745 -39536 1212437111
31368.6 -38602.6 1212437164
30179.1 -37546.9 1212437220
29979.6 -37361.3 1212437228
29026.8 -36237.6 1212437267
28071.2 -35114.9 1212437315
27031.5 -34048.7 1212437366
25841.9 -33172.6 1212437413
24628.5 -32278.5 1212437468
23432.7 -31397.7 1212437516
22122.6 -30664.8 1212437561
20668.1 -30421.2 1212437603
19233 -29965.1 1212437650
17888.3 -29372.2 1212437694
16745.8 -28355.4 1212437754
15750.3 -27256.1 1212437787
14737.2 -26127.7 1212437834
13777.2 -24946.8 1212437880
12886.4 -23737.9 1212437925
11998.2 -22538.9 1212437984
11034.7 -21386.5 1212438020
10151.9 -20364.2 1212438080
9973.71 -20158.2 1212438141
9343.48 -19454.3 1212438213
7898.66 -19295 1212438250
6496.38 -18874 1212438295
5323.69 -17893.7 1212438362
4172.26 -16933.4 1212438397
3897.48 -16204.7 1212438469
4178.46 -16123.4 1212438517
4282.17 -16152.3 1212438631
