-1146.11 2491.15 1211809281
-1504.21 2450.95 1211809352
-1287.93 2514.61 1211809406
-1277.29 2472.17 1211809460
-1394.3 2434.2 1211809520
-1414.69 2397.34 1211809581
-1382.78 2425.26 1211809625
-1265.77 2443.13 1211809648
-1017.58 2066.79 1211809708
-1075.2 1943.95 1211809736
-1137.24 1938.37 1211809861
-1138.13 1938.37 1211809935
-1135.47 1938.37 1211809976
-1128.38 1938.37 1211810015
-657.705 2008.72 1211810075
38.115 2141.61 1211810135
826.12 2273.38 1211810195
1208.16 2340.39 1211810267
1263.11 2741.31 1211810316
1595.51 2793.81 1211810376
2049.34 2857.46 1211810436
2145.07 2876.45 1211810467
2210.67 2842.95 1211810520
2210.67 2842.95 1211810521
2282.47 2922.24 1211810581
2294.88 2923.36 1211810612
2647.66 2839.59 1211810672
2746.94 2985.9 1211810738
2843.55 3089.77 1211810792
3160 2785.99 1211810852
2936.62 2954.63 1211810912
2719.46 2815.02 1211810972
2418.08 2598.36 1211811032
2280.69 2514.61 1211811067
2114.05 2301.3 1211811127
1896 2096.94 1211811181
1747.97 1924.97 1211811242
1581.33 1756.35 1211811301
1271.09 1467.13 1211811361
1078.74 1280.65 1211811422
509.677 725.717 1211811482
373.172 609.598 1211811542
157.778 394.112 1211811603
-633.772 108.295 1211811663
-755.208 -205.422 1211811723
-630.226 -821.657 1211811783
-812.824 -1452.36 1211811843
-685.183 -1440.08 1211811903
-603.635 -1262.59 1211811963
-601.862 -1260.36 1211812023
-601.862 -1261.48 1211812084
-601.862 -1262.59 1211812143
-610.726 -1157.66 1211812203
-422.81 -1034.87 1211812282
-68.2524 -1013.66 1211812325
129.414 -992.453 1211812381
124.982 -596.156 1211812436
70.9116 -96.0131 1211812496
62.934 75.9182 1211812556
64.7068 69.2195 1211812616
66.4796 68.103 1211812676
66.4796 68.103 1211812736
53.1837 248.97 1211812796
76.2299 293.629 1211812827
393.559 625.229 1211812887
753.435 978.058 1211812941
1020.24 1248.27 1211813002
967.943 1205.84 1211813062
686.069 1391.2 1211813122
192.348 1314.15 1211813188
-92.185 1241.57 1211813242
-303.147 1242.69 1211813302
-795.982 1155.6 1211813374
-1257.79 1089.72 1211813427
-1338.46 1072.97 1211813482
-1324.27 649.793 1211813542
-1814.45 569.403 1211813608
-2294.88 466.684 1211813675
-2676.91 429.84 1211813723
-3095.29 410.86 1211813789
-3511.01 390.763 1211813859
-3493.28 198.728 1211813914
-2999.56 208.777 1211813963
-2573.2 228.873 1211814029
-2016.55 368.433 1211814143
-1511.3 573.869 1211814204
-1293.25 802.758 1211814271
-1331.36 1038.35 1211814322
-1306.55 1279.54 1211814370
-962.624 1763.05 1211814425
-1031.76 2222.01 1211814485
-974.147 2818.38 1211814545
-234.008 2962.45 1211814610
319.102 3048.44 1211814672
1269.32 3196.99 1211814725
1927.02 3291.92 1211814785
2925.99 3466.16 1211814867
2942.83 3418.13 1211814927
3272.57 3743.16 1211815006
3463.14 3570.03 1211815084
3367.41 3806.82 1211815127
3299.16 3510.83 1211815203
2892.31 3109.87 1211815252
2662.73 3067.43 1211815307
2583.84 2912.19 1211815373
2646.77 2909.96 1211815427
2614.86 2873.1 1211815487
2613.09 2878.68 1211815547
2627.27 2890.97 1211815608
2770.87 2739.08 1211815668
2925.1 2899.9 1211815729
3260.16 2925.59 1211815789
3182.16 2847.41 1211815857
2778.85 2990.37 1211815920
2652.98 2883.15 1211815979
2384.4 2578.26 1211816033
2081.25 2275.62 1211816100
1849.02 2050.04 1211816154
1622.1 1843.45 1211816214
1623.87 1840.1 1211816236
1488.26 1678.18 1211816269
1363.27 2233.18 1211816329
1329.59 2488.92 1211816390
1248.93 2953.51 1211816450
1172.7 3240.54 1211816511
1147.88 3660.5 1211816571
1106.22 3958.73 1211816632
1062.79 4398.83 1211816704
1113.31 4998.7 1211816818
1330.48 5207.61 1211816884
1332.25 5199.79 1211816905
1356.18 5093.66 1211816959
812.824 4900.4 1211817026
666.569 4711.61 1211817074
358.99 4609.95 1211817134
-276.555 4670.28 1211817254
-637.318 4557.45 1211817331
-498.154 4465.85 1211817374
-166.642 4521.71 1211817434
-32.7966 4447.98 1211817500
-31.0238 4425.64 1211817554
13.2959 4138.57 1211817614
158.665 4144.15 1211817674
497.267 4200 1211817735
760.526 4146.39 1211817808
490.176 3888.36 1211817862
52.2973 3788.95 1211817916
116.118 3432.65 1211817977
-21.2735 3190.29 1211818043
-411.287 3123.27 1211818108
-389.127 2906.6 1211818158
-346.58 2601.71 1211818217
-308.465 2326.99 1211818270
-260.6 2031.05 1211818324
-149.801 1355.47 1211818385
-119.663 1145.55 1211818451
2.65918 733.533 1211818517
388.241 650.909 1211818566
437.879 650.909 1211818626
702.911 724.6 1211818686
703.797 724.6 1211818713
754.322 856.353 1211818756
624.908 669.89 1211818816
462.698 666.541 1211818876
243.758 481.199 1211818924
46.9789 229.99 1211818984
67.366 188.68 1211819002
24.819 601.782 1211819062
-215.394 797.176 1211819122
-688.728 588.384 1211819182
-836.756 376.248 1211819242
-836.756 376.248 1211819253
-825.233 357.268 1211819313
-905.009 561.588 1211819373
-961.738 877.567 1211819434
-866.007 1125.45 1211819494
-1326.05 1051.75 1211819555
-1229.43 1057.34 1211819615
-843.848 1116.51 1211819676
-382.922 1193.56 1211819736
-16.8415 1003.74 1211819797
337.716 1008.21 1211819852
588.566 933.396 1211819912
594.771 812.807 1211819972
284.533 521.393 1211820033
52.2973 222.174 1211820093
50.5245 37.959 1211820153
70.9116 59.1714 1211820213
71.7979 59.1714 1211820222
50.5245 309.259 1211820282
-442.311 464.451 1211820342
-726.843 638.628 1211820402
-1104.45 753.63 1211820462
-1250.7 630.812 1211820506
-1250.7 630.812 1211820508
-1264.88 650.909 1211820548
-1320.73 830.672 1211820599
-1356.18 815.04 1211820680
-1571.58 949.027 1211820740
-1660.22 1520.73 1211820801
-1987.3 1588.85 1211820861
-2534.2 1498.4 1211820921
-3433.01 1442.57 1211820981
-4294.58 1387.85 1211821042
-4603.05 1583.26 1211821107
-4628.75 2188.51 1211821168
-4630.52 2206.38 1211821205
-4630.52 2206.38 1211821207
-4647.37 2265.57 1211821236
-4706.75 2196.33 1211821296
-5497.42 2168.41 1211821357
-5892.75 2175.11 1211821416
-5890.09 2182.93 1211821476
-5891.86 2186.28 1211821536
-5890.09 2184.04 1211821543
-5593.15 2143.84 1211821603
-5018.77 2177.34 1211821664
-4192.65 2225.36 1211821725
-3516.33 2265.57 1211821791
-3398.44 2445.36 1211821837
-3252.18 2711.16 1211821897
-3162.66 3195.87 1211821957
-2982.72 4346.33 1211822017
-2052.89 4703.79 1211822077
-1007.83 5033.33 1211822137
-351.899 5130.52 1211822197
303.147 5033.33 1211822257
444.084 4835.61 1211822319
1046.83 4924.97 1211822379
1393.41 4980.83 1211822440
2060.87 5075.79 1211822500
2094.55 5253.41 1211822573
2055.55 5399.76 1211822621
2056.44 5441.09 1211822649
2057.32 5439.98 1211822650
2056.44 5434.39 1211822710
2055.55 5408.7 1211822770
2101.64 5231.07 1211822835
2083.03 5053.44 1211822895
2083.03 5053.44 1211822914
2153.05 4593.2 1211822955
1937.66 4378.73 1211823016
1700.1 4350.8 1211823075
1700.1 4350.8 1211823094
1609.69 4091.65 1211823149
1708.08 3585.67 1211823209
1944.75 3185.82 1211823276
2112.28 3089.77 1211823330
