3380.71 3678.37 1212788496
3398.44 3659.39 1212788556
3389.57 3657.15 1212788629
3391.35 3644.87 1212788673
2979.17 3526.47 1212788748
2540.41 3484.03 1212788850
2486.34 3577.85 1212788910
1943.86 3510.83 1212788971
1340.23 3406.96 1212789031
1208.16 3394.68 1212789098
913.873 3345.53 1212789152
612.499 3290.8 1212789212
203.871 3221.56 1212789278
-394.446 3121.04 1212789333
-1002.51 3031.69 1212789399
-1663.76 2926.71 1212789470
-1844.59 2902.14 1212789518
-1924.36 2885.38 1212789530
-1927.91 2898.79 1212789584
-2526.22 2772.59 1212789655
-2640.57 2552.58 1212789704
-2637.02 2405.16 1212789737
-2637.91 2352.67 1212789767
-2637.91 2342.62 1212789781
-2909.15 2102.52 1212789856
-3029.7 2293.49 1212789916
-2542.18 2316.94 1212789982
-2266.51 2334.81 1212790023
-2187.62 2339.27 1212790057
-1940.32 2356.02 1212790091
-1687.7 2378.36 1212790137
-1135.47 2471.05 1212790191
-209.189 2611.77 1212790251
314.67 2710.04 1212790311
780.027 2768.12 1212790383
856.257 2781.52 1212790385
1011.38 2542.52 1212790445
1084.95 2033.29 1212790506
1103.56 1924.97 1212790566
1146.11 1664.78 1212790626
1178.02 1476.06 1212790692
1170.04 1075.2 1212790747
1206.38 615.181 1212790807
1232.97 381.831 1212790868
1254.25 48.007 1212790929
1274.64 -250.078 1212790989
1304.77 -666.487 1212791062
1332.25 -923.242 1212791110
1339.34 -950.034 1212791169
1429.75 -1252.55 1212791224
1561.83 -1244.73 1212791241
1688.58 -1230.22 1212791263
1822.43 -1225.76 1212791297
2384.4 -1291.62 1212791407
2956.13 -1217.94 1212791468
3392.23 -1176.64 1212791529
3763.63 -1143.15 1212791589
3809.72 -706.675 1212791649
4209.49 -516.895 1212791709
4205.94 -518.011 1212791769
4206.83 -518.011 1212791841
4207.71 -510.196 1212791890
4209.49 -512.429 1212791950
4209.49 -513.545 1212792016
4210.37 -514.662 1212792070
4192.65 -496.8 1212792130
3800.86 -688.813 1212792190
3752.11 -1129.76 1212792257
3756.54 -1108.55 1212792311
3755.65 -1104.08 1212792372
3754.77 -1105.2 1212792449
3754.77 -1104.08 1212792473
3754.77 -1105.2 1212792531
3754.77 -1102.97 1212792586
3754.77 -1104.08 1212792658
3754.77 -1109.66 1212792706
3753.88 -1114.13 1212792766
3753.88 -1114.13 1212792805
3752.99 -1113.01 1212792858
3751.22 -1104.08 1212792919
3487.08 -1158.78 1212793040
1772.79 -1327.34 1212793246
1563.6 -1279.34 1212793306
1505.98 -486.753 1212793427
1481.17 -158.533 1212793489
1451.91 156.303 1212793516
1451.91 250.086 1212793577
1432.41 503.529 1212793612
1426.21 573.869 1212793646
1423.55 597.316 1212793658
1396.96 921.113 1212793723
1568.03 1023.84 1212793800
1481.17 1008.21 1212793860
1708.08 1048.4 1212793920
1933.23 1036.12 1212793985
2362.24 981.408 1212794039
2643.23 877.567 1212794100
2588.27 87.0826 1212794159
2762.01 -1445.66 1212794219
2598.91 -2860.93 1212794285
2598.91 -2860.93 1212794298
3079.33 -4271.5 1212794335
2959.67 -4023.77 1212794395
2959.67 -4023.77 1212794429
2961.44 -4084.03 1212794431
2940.17 -4051.67 1212794465
3206.09 -4412.09 1212794548
3615.6 -5841.35 1212794625
3873.54 -7330.6 1212794653
4139.46 -8810.66 1212794700
3669.67 -10249.2 1212794760
2654.75 -11405.4 1212794807
2654.75 -11405.4 1212794820
2597.14 -12926 1212794864
2877.24 -14480.8 1212794921
3247.75 -15960.7 1212794989
3563.31 -16297.2 1212795036
