772.936 2813.91 1212385860
-313.784 2608.42 1212385926
-371.399 2603.95 1212385959
-1023.79 2477.75 1212386031
-938.692 1773.1 1212386091
-927.169 1709.45 1212386105
-914.759 1441.45 1212386159
-849.166 1337.6 1212386220
453.834 1562.05 1212386340
984.784 1621.23 1212386394
1637.17 1742.95 1212386455
2082.14 1467.13 1212386524
1956.27 1683.76 1212386572
1775.45 1856.85 1212386632
1260.45 1981.92 1212386704
790.664 2137.14 1212386752
206.53 2056.74 1212386897
324.42 2262.22 1212386963
255.282 2707.81 1212387017
255.282 2707.81 1212387048
324.42 3016.06 1212387122
612.499 3277.4 1212387169
533.609 3766.61 1212387247
528.291 3774.43 1212387268
528.291 3774.43 1212387269
811.051 3927.46 1212387335
1061.9 3968.78 1212387389
1524.6 4027.98 1212387462
2586.5 4195.53 1212387512
2389.72 4081.6 1212387566
2302.85 3859.32 1212387626
2356.92 3469.51 1212387684
2356.92 3469.51 1212387685
2223.08 3342.18 1212387746
2511.16 3373.45 1212387806
2712.37 4082.72 1212387867
2575.86 4214.52 1212387927
2495.2 4519.47 1212387988
2370.22 4510.54 1212388049
2377.31 4382.08 1212388109
2634.36 4149.74 1212388170
2745.16 4048.09 1212388238
2866.6 3935.27 1212388292
2969.42 3253.95 1212388380
3053.63 3255.06 1212388441
3374.5 2923.36 1212388506
3704.24 3084.18 1212388562
3709.56 3077.48 1212388638
3712.22 3086.42 1212388687
