-377.604 3839.21 1212148191
-375.831 3847.03 1212148251
-353.671 3843.68 1212148275
-105.481 3908.47 1212148301
1.77279 3915.17 1212148362
-3.54558 3920.75 1212148428
-1.77279 3924.1 1212148482
-20.3871 3938.62 1212148542
-3.54558 3929.69 1212148602
-2.65918 3930.81 1212148670
5.31837 3922.99 1212148703
90.4122 3664.97 1212148763
148.914 3291.92 1212148823
795.982 3308.67 1212148883
936.033 3040.63 1212148944
1070.76 2139.38 1212149017
1141.68 1844.56 1212149066
1024.67 1636.86 1212149126
1123.95 1218.12 1212149186
2558.13 934.512 1212149242
2874.58 -523.593 1212149302
2530.66 -1984.79 1212149351
2828.48 -3432.33 1212149411
3261.93 -4897.47 1212149447
3697.15 -6345.61 1212149494
3967.5 -7845.92 1212149543
3967.5 -7845.92 1212149556
4166.05 -9322.54 1212149598
2529.77 -11898.2 1212149695
2647.66 -13409.7 1212149751
2926.87 -14853 1212149811
3364.75 -16288.3 1212149868
4344.22 -16184.6 1212149928
4412.47 -15854.8 1212149988
4382.33 -15850.4 1212150013
4382.33 -15850.4 1212150015
4281.29 -15900.5 1212150082
2984.49 -14708.2 1212150214
2657.41 -13271.5 1212150264
3441.87 -10572.5 1212150390
4190.87 -9294.66 1212150426
3974.59 -7748.88 1212150476
3710.45 -6264.17 1212150523
3255.73 -4776.96 1212150567
2808.1 -3297.29 1212150617
2675.14 -1803.97 1212150676
2817.85 -300.316 1212150730
2465.06 1039.47 1212150784
1651.35 1079.67 1212150822
1111.54 1301.87 1212150882
1293.25 1508.45 1212150942
1233.86 2159.48 1212151003
1097.36 2921.12 1212151063
653.273 2982.55 1212151124
479.539 2954.63 1212151150
218.939 2975.85 1212151204
151.573 3324.31 1212151270
74.4571 3702.95 1212151324
-289.851 3672.79 1212151384
-298.715 3682.84 1212151404
-305.806 3670.56 1212151452
-251.736 3673.91 1212151528
-256.168 3672.79 1212151577
-255.282 3672.79 1212151637
-252.622 3672.79 1212151703
-292.51 3659.39 1212151757
-373.172 3681.72 1212151829
-390.9 3867.14 1212151858
-543.36 4038.04 1212151913
-291.624 4140.8 1212151974
-324.42 4411.12 1212152033
-383.809 4816.61 1212152093
-607.18 4885.88 1212152153
-661.25 4582.03 1212152213
-490.176 4464.74 1212152273
-111.686 4525.06 1212152333
-20.3871 4346.33 1212152393
90.4122 4128.51 1212152455
379.377 4175.43 1212152521
530.064 4197.77 1212152556
627.567 4016.81 1212152603
298.715 3855.97 1212152669
84.2075 3668.32 1212152723
-68.2524 3183.58 1212152843
-421.037 3098.7 1212152903
-400.65 2920.01 1212152965
-345.694 2608.42 1212153024
-277.441 2157.24 1212153091
-210.075 1680.41 1212153146
-493.722 1613.41 1212153212
-615.158 1594.43 1212153227
-922.737 1501.75 1212153287
-904.122 1356.58 1212153347
-982.125 1105.35 1212153404
-1292.36 1059.57 1212153475
-1410.25 877.567 1212153531
-1392.53 752.514 1212153597
-1500.67 585.035 1212153770
-1503.32 595.083 1212153837
-1567.15 483.432 1212153856
-1802.93 452.17 1212153905
-1802.93 452.17 1212153919
-1802.93 451.053 1212153955
-1926.14 399.695 1212154026
-2326.79 252.319 1212154092
-2615.75 234.455 1212154135
-2717.69 622.996 1212154195
-2694.64 940.095 1212154261
-2637.02 1399.02 1212154375
-2668.93 1441.45 1212154426
-2749.6 2328.1 1212154495
-3203.43 2533.59 1212154573
-3198.11 2924.47 1212154626
-2757.57 2923.36 1212154675
-2637.91 2530.24 1212154736
-2059.09 2638.57 1212154796
-1539.67 2676.54 1212154857
-1305.66 2472.17 1212154995
-1301.23 2472.17 1212155049
-1295.02 2467.7 1212155098
-1295.91 2466.58 1212155164
-1297.68 2468.82 1212155230
-1298.57 2468.82 1212155278
-1298.57 2468.82 1212155338
-1638.06 2407.39 1212155410
-2056.44 2458.77 1212155458
-2071.5 2755.83 1212155524
-1898.66 2883.15 1212155591
-1803.81 2892.09 1212155643
-1800.27 2895.44 1212155645
-1588.42 2920.01 1212155705
-1002.51 3017.17 1212155766
-682.524 3071.9 1212155826
54.0701 3185.82 1212155893
724.184 3293.04 1212155947
1189.54 3371.22 1212156008
1453.69 3409.2 1212156069
1713.4 3467.27 1212156129
1752.4 3462.81 1212156150
2132.67 3523.12 1212156210
2345.4 3562.21 1212156270
2507.61 3578.97 1212156310
2508.5 3578.97 1212156312
2507.61 3473.98 1212156372
2165.46 3432.65 1212156433
1651.35 3346.65 1212156494
1295.91 3294.16 1212156554
1030.88 3401.38 1212156620
932.487 3959.85 1212156658
608.953 4150.85 1212156718
546.019 4221.22 1212156779
546.019 4220.11 1212156780
464.471 4059.26 1212156852
535.382 3571.15 1212156907
483.085 3167.95 1212156966
23.9326 3087.53 1212157026
-674.546 2827.31 1212157080
-674.546 2827.31 1212157087
-498.154 2885.38 1212157159
-419.265 3148.96 1212157224
-508.79 3725.29 1212157320
-616.931 4347.45 1212157446
-633.772 4451.33 1212157460
-659.477 4599.9 1212157549
-56.7292 4531.76 1212157664
595.657 4252.5 1212157828
556.656 4506.07 1212157888
671.887 4717.19 1212157948
551.337 4494.9 1212158008
471.562 4197.77 1212158068
159.551 4149.74 1212158129
23.0463 4112.87 1212158188
180.824 4071.55 1212158268
253.509 3558.86 1212158309
691.388 3611.36 1212158369
883.735 3375.69 1212158430
897.918 3250.6 1212158490
975.92 2770.35 1212158563
1072.54 2187.39 1212158610
1118.63 1917.15 1212158670
1136.36 1782.03 1212158748
1383.66 1777.56 1212158792
1830.4 1605.6 1212158863
2391.49 1059.57 1212158917
2482.79 662.075 1212158983
2577.64 -595.04 1212159092
2713.25 -574.946 1212159158
2705.28 -430.934 1212159213
2705.28 -430.934 1212159215
2621.95 -369.533 1212159281
2567.88 -327.11 1212159335
2381.74 -281.338 1212159395
2109.62 -308.131 1212159462
1662.88 -339.39 1212159576
1480.28 -194.258 1212159640
1630.08 12.2808 1212159694
2094.55 31.2603 1212159805
2266.51 -6.69863 1212159885
2269.17 -11.1644 1212159950
2546.61 -157.416 1212160049
2603.34 -1009.2 1212160134
2484.56 -2086.36 1212160195
2836.46 -3452.42 1212160265
3252.18 -4875.15 1212160313
3562.42 -5655.04 1212160358
3811.5 -7023.85 1212160429
3898.36 -7893.88 1212160478
4088.94 -9448.55 1212160568
4425.77 -9401.71 1212160622
4456.79 -9320.31 1212160663
4455.9 -9319.19 1212160696
4455.9 -9319.19 1212160698
4416.9 -9358.22 1212160758
4176.69 -9581.25 1212160824
4078.3 -8274.21 1212160878
3945.34 -7525.8 1212160908
3680.31 -6049.98 1212160963
3224.7 -4612.94 1212161023
3014.63 -3850.81 1212161059
2854.19 -3330.77 1212161098
3557.99 -1818.48 1212161196
3811.5 -918.777 1212161257
3801.75 -573.829 1212161318
3765.4 -100.479 1212161384
3651.06 190.913 1212161430
3380.71 262.367 1212161485
3403.75 99.3636 1212161546
3405.53 98.2472 1212161627
3405.53 98.2472 1212161631
3383.37 398.578 1212161691
3169.75 764.796 1212161751
2841.78 1407.95 1212161877
2763.78 1556.46 1212161932
2614.86 1699.4 1212161992
2159.26 2170.64 1212162059
2377.31 2586.08 1212162113
2591.82 2779.29 1212162184
2827.6 3048.44 1212162233
2911.81 3043.98 1212162310
2911.81 3043.98 1212162312
3206.98 2888.74 1212162378
2985.38 2921.12 1212162434
2767.32 2975.85 1212162495
2446.45 2672.07 1212162555
2363.13 2801.62 1212162615
2171.67 2841.83 1212162675
2196.49 2899.9 1212162724
1691.24 3144.49 1212162821
1482.05 3096.47 1212162844
1131.93 3045.09 1212162934
1140.79 3027.22 1212162956
1073.42 3137.79 1212163004
1098.24 3169.06 1212163038
919.191 3448.29 1212163098
659.477 3401.38 1212163156
773.822 3088.65 1212163289
940.465 3115.46 1212163338
1284.39 3172.42 1212163398
1826.86 3280.75 1212163458
2258.53 3331.01 1212163518
2721.23 3385.74 1212163578
2794.8 3557.75 1212163675
2646.77 3544.34 1212163717
2520.91 3498.55 1212163740
2502.29 3532.06 1212163799
2411.88 3578.97 1212163859
1981.09 3507.48 1212163932
1646.92 3452.75 1212163979
1199.29 3409.2 1212164039
1076.97 3375.69 1212164067
1018.47 3447.17 1212164128
979.466 3680.61 1212164156
725.957 4031.33 1212164222
259.714 3955.38 1212164281
-94.8442 3897.3 1212164354
-269.464 4044.74 1212164475
-412.173 4057.03 1212164535
-34.5694 4102.82 1212164576
396.218 4176.54 1212164644
396.218 4176.54 1212164670
509.677 3898.41 1212164729
920.964 3202.57 1212164898
1037.97 2924.47 1212164958
1348.21 2937.88 1212165024
1938.54 3060.73 1212165078
2590.04 3144.49 1212165139
3486.19 2820.61 1212165427
3697.15 2593.9 1212165492
3825.68 2454.3 1212165526
3829.22 2449.83 1212165528
3505.69 2400.69 1212165602
3207.86 2696.64 1212165649
3031.47 2898.79 1212165710
2996.9 2918.89 1212165770
2591.82 2951.28 1212166010
2652.98 2867.52 1212166070
2795.69 2712.28 1212166305
