1785.2 1336.49 1211099471
1935 1335.37 1211099519
2105.19 1501.75 1211099541
2646.77 2047.8 1211099601
2642.34 2086.89 1211099662
2394.15 2318.05 1211099722
2237.26 2461 1211099783
2122.91 3308.67 1211099862
2400.36 3351.12 1211099917
2505.84 3379.04 1211099951
2403.02 3553.28 1211100108
2240.81 3520.89 1211100168
1810.02 3459.46 1211100222
1338.46 3432.65 1211100282
1281.73 3756.56 1211100342
1288.82 4003.41 1211100413
2347.17 4176.54 1211100463
2418.08 4179.9 1211100506
2561.68 4207.82 1211100566
2566.11 4112.87 1211100626
2263.85 4059.26 1211100687
1693.9 3944.21 1211100747
1243.61 3893.95 1211100819
1092.92 3964.32 1211100867
1071.65 4096.12 1211100923
1071.65 4097.24 1211100925
1072.54 4096.12 1211100945
1201.95 4111.76 1211101000
1076.08 3969.9 1211101060
1145.22 3581.2 1211101115
1248.93 2912.19 1211101169
1342.89 2315.82 1211101229
1402.28 1968.52 1211101295
1419.12 1843.45 1211101355
1489.14 1506.21 1211101415
1508.64 992.574 1211101470
2679.57 1109.81 1211101530
2797.46 1822.23 1211101568
3785.79 2740.2 1211101622
9721.09 6908.08 1211101908
11182.8 7185.2 1211101963
12032.8 7361.75 1211101993
13444.8 7474.62 1211102053
14871 7117.04 1211102112
15542 6884.62 1211102172
15713.1 6925.96 1211102233
15935.6 6980.71 1211102294
15732.6 6799.7 1211102354
15731.7 6800.82 1211102381
15731.7 6800.82 1211102383
15686.5 6744.95 1211102443
15638.7 6705.84 1211102509
15489.7 6781.82 1211102563
15143.2 6216.46 1211102623
14887 6261.15 1211102683
14828.5 6924.85 1211102744
13502.4 7530.49 1211102801
12036.4 7413.16 1211102859
10822 7190.79 1211102920
9933.82 6947.19 1211102980
8467.73 6652.21 1211103031
7080.52 6151.65 1211103081
5956.57 5225.48 1211103130
4985.97 4081.6 1211103181
4028.66 2950.16 1211103231
3105.93 2105.87 1211103291
2964.1 2094.71 1211103357
2964.1 2092.47 1211103360
2434.93 1554.23 1211103420
2173.44 1287.35 1211103480
1984.64 1080.78 1211103540
1994.39 609.598 1211103600
2111.39 451.053 1211103660
2273.6 51.3563 1211103721
2332.1 -540.338 1211103787
2359.58 -956.732 1211103848
2134.44 -1195.62 1211103903
1952.73 -1206.78 1211103934
1953.61 -1205.66 1211103937
1711.63 -1224.64 1211103982
1534.35 -1013.66 1211104042
1490.92 -447.679 1211104102
1457.23 138.44 1211104162
1435.96 342.754 1211104222
1397.84 956.843 1211104282
1493.57 1394.55 1211104342
1464.32 1643.56 1211104403
1384.55 2210.85 1211104464
1334.91 2520.19 1211104525
1304.77 2723.45 1211104585
1282.61 2918.89 1211104646
1960.7 3029.46 1211104706
1960.7 3029.46 1211104728
1960.7 3029.46 1211104730
2055.55 2660.9 1211104790
2496.09 2580.5 1211104856
2849.76 2253.28 1211104919
2818.73 1951.77 1211104972
3144.93 1531.9 1211105032
3807.06 194.263 1211105093
3800.86 -580.527 1211105153
4210.37 -501.265 1211105213
4204.17 -519.127 1211105274
4210.37 -513.545 1211105340
4198.85 -521.36 1211105395
4203.28 -516.895 1211105455
4199.74 -521.36 1211105515
4106.67 -541.455 1211105575
3804.4 -750.212 1211105635
3750.33 -1070.59 1211105695
3748.56 -1066.13 1211105755
3749.45 -1067.25 1211105817
