3354.12 2936.76 1212182741
3720.2 2573.79 1212182778
3987 2305.77 1212182844
4064.12 2227.6 1212182883
4065.89 2226.48 1212182885
4033.09 2159.48 1212182951
3837.2 2147.19 1212183006
3518.1 2401.81 1212183067
3280.55 2641.92 1212183126
3044.76 2854.11 1212183186
3331.96 3381.27 1212183392
3155.56 3086.42 1212183451
2865.71 2802.74 1212183511
2598.02 2570.44 1212183566
2304.63 2245.47 1212183632
1866.75 1817.76 1212183687
1546.76 1486.11 1212183747
1593.74 1137.73 1212183808
1576.9 927.813 1212183873
1632.74 186.447 1212183929
1680.6 -471.123 1212183989
1707.2 -845.1 1212184049
1718.72 -1038.22 1212184097
1719.61 -1038.22 1212184105
1543.21 -916.544 1212184177
1508.64 -495.684 1212184219
1469.64 -79.2667 1212184279
1440.39 323.773 1212184351
1415.57 512.461 1212184400
1422.66 556.005 1212184440
1193.97 951.261 1212184549
1210.81 1424.7 1212184664
1312.75 1655.85 1212184724
1283.5 1805.48 1212184784
1111.54 1981.92 1212184844
1072.54 1976.33 1212184879
1072.54 1976.33 1212184882
873.985 1832.28 1212184942
1065.45 1966.28 1212185008
1116.86 1938.37 1212185057
1137.24 1802.13 1212185124
1258.68 1773.1 1212185166
1307.43 1774.21 1212185220
1613.24 1813.3 1212185281
2170.78 1273.96 1212185346
2395.04 1220.36 1212185382
2534.2 1359.93 1212185442
2872.8 1428.05 1212185502
3339.05 1079.67 1212185562
3820.36 -325.993 1212185627
3965.73 -548.153 1212185689
4209.49 -518.011 1212185748
4212.15 -520.244 1212185802
4213.03 -507.964 1212185862
4216.58 -513.545 1212185983
4212.15 -518.011 1212186043
4216.58 -511.313 1212186103
4236.08 -804.912 1212186163
3815.04 -851.798 1212186224
3514.55 -1153.2 1212186284
2416.31 -1319.52 1212186378
2243.46 -1426.68 1212186445
2327.67 -1902.19 1212186499
2022.75 -2074.08 1212186565
2025.41 -2079.66 1212186568
2277.15 -2053.99 1212186640
2334.76 -1906.65 1212186661
2291.33 -1412.17 1212186727
2648.55 -1249.2 1212186782
3518.1 -1163.25 1212186842
3750.33 -1111.9 1212186882
