2731.87 -13573.6 1211955581
3415.28 -10601.5 1211955694
4195.3 -9284.62 1211955722
3698.92 -6241.86 1211955810
3253.07 -4800.39 1211955867
2793.92 -3281.67 1211955904
2682.23 -1772.71 1211955966
2777.07 -256.777 1211956009
2673.37 1171.23 1211956069
3448.07 2720.1 1211956183
3715.77 2984.78 1211956275
3713.11 2831.78 1211956336
3211.41 2314.7 1211956395
3062.49 2090.24 1211956449
2707.05 655.375 1211956509
2898.51 -877.473 1211956572
2434.93 -2345.3 1211956608
2948.15 -3770.46 1211956661
3760.97 -6659.08 1211956754
4031.32 -8178.29 1211956794
4050.82 -9677.15 1211956840
2567 -12437.7 1211956946
2820.51 -14013.8 1211956998
3120.11 -15503.8 1211957046
4002.96 -16179.1 1211957094
4393.86 -16049.8 1211957226
4394.74 -16048.7 1211957280
4395.63 -16048.7 1211957425
4395.63 -16048.7 1211957503
4396.52 -16047.6 1211957545
4399.18 -16049.8 1211957683
4400.06 -16049.8 1211957792
4399.18 -16048.7 1211957852
4397.4 -16049.8 1211957917
4398.29 -16048.7 1211957971
