4398.29 -16043.1 1211958385
4416.9 -16037.6 1211958439
4234.31 -16040.9 1211958711
2966.76 -14593.4 1211958829
2644.11 -13123.3 1211958880
2598.02 -11609.4 1211958939
3532.28 -10463.3 1211958988
4192.65 -8946.72 1211959040
3932.93 -7477.84 1211959090
3670.56 -6019.86 1211959153
3222.93 -4591.74 1211959194
2870.15 -3364.25 1211959254
3619.15 -1691.23 1211959316
3856.7 -204.306 1211959364
3361.21 1221.47 1211959423
3711.33 1809.95 1211959489
3892.16 1985.27 1211959507
3848.72 3763.26 1211959626
3335.5 4454.68 1211959693
2886.99 5032.22 1211959746
2488.11 5175.21 1211959807
2244.35 5213.19 1211959843
2244.35 5213.19 1211959844
2244.35 5213.19 1211959858
2261.19 5227.72 1211959929
2912.69 4955.14 1211959989
2974.74 4860.18 1211960018
3095.29 4125.16 1211960078
3183.93 3591.25 1211960132
3696.26 3064.08 1211960200
