38.115 324.89 1212254241
31.9102 152.953 1212254296
32.7966 -15.6301 1212254350
75.3435 45.7741 1212254416
77.1163 58.055 1212254533
75.3435 98.2472 1212254597
258.827 -304.782 1212254652
294.283 -455.494 1212254728
294.283 -462.192 1212254792
271.237 -54.7053 1212254847
235.781 439.888 1212254907
232.235 430.956 1212254967
228.69 522.51 1212255027
-6.20476 1011.56 1212255087
-144.482 1406.83 1212255147
-227.803 1924.97 1212255208
-257.054 2128.21 1212255275
-329.739 2551.46 1212255341
-387.354 2921.12 1212255401
-448.516 3313.14 1212255462
-485.744 3611.36 1212255528
-551.337 3921.87 1212255581
-616.044 4308.35 1212255648
-986.557 4481.49 1212255714
-1807.36 4800.98 1212255763
-2988.92 4816.61 1212255823
-3677.65 5476.84 1212255884
-3799.97 6752.77 1212255950
-3937.36 7979.72 1212256010
-4428.43 9111.86 1212256064
-6614.28 12929.6 1212256238
-7166.5 14289.5 1212256298
-7071.65 15742.4 1212256371
-6703.8 15876.6 1212256485
-6731.28 15921.4 1212256582
-6351.02 15647.3 1212256642
-5855.52 15469.5 1212256679
-5718.13 15935.9 1212256745
-5530.21 15966.1 1212256824
-5524.01 15940.4 1212256871
-6054.96 15519.8 1212256946
-6380.27 15680.9 1212256970
-6189.69 11392.2 1212257254
-5110.95 10411.8 1212257316
-4455.02 9114.09 1212257376
-3461.37 5296.98 1212257667
-3548.24 5012.11 1212257727
-3405.53 5091.42 1212257799
-3404.64 5093.66 1212257913
-3400.21 5094.78 1212257973
-3401.98 5095.89 1212258040
-3403.75 5095.89 1212258088
-3230.02 4908.22 1212258158
-1898.66 4736.18 1212258208
-933.373 5031.1 1212258268
-700.252 4837.84 1212258328
-608.953 4446.86 1212258388
-503.472 4459.15 1212258405
22.1599 4432.34 1212258477
565.52 4513.89 1212258525
822.574 4555.22 1212258591
1022.01 4340.75 1212258646
1120.4 3679.49 1212258705
1396.07 3711.88 1212258766
1465.21 3431.53 1212258826
1662.88 3447.17 1212258881
1686.81 3450.52 1212258883
1764.81 3480.68 1212258917
1625.65 3366.75 1212258977
1695.67 3017.17 1212259037
1308.32 2865.28 1212259098
1143.45 2834.01 1212259158
700.252 2774.82 1212259218
413.946 2559.28 1212259285
148.028 2358.26 1212259351
-341.262 2275.62 1212259398
-341.262 2275.62 1212259427
-277.441 2111.46 1212259540
-207.416 1711.68 1212259589
-189.688 1569.86 1212259655
-135.618 1268.37 1212259727
-126.754 1237.11 1212259749
150.687 1471.6 1212259814
239.326 1821.11 1212259869
158.665 2347.09 1212259995
120.55 2625.17 1212260049
-25.7054 3510.83 1212260230
-84.2075 3843.68 1212260296
203.871 3957.61 1212260350
194.12 4050.32 1212260379
194.12 4050.32 1212260381
280.101 4064.84 1212260442
354.558 3863.79 1212260502
406.855 3350 1212260600
562.86 3271.82 1212260660
1128.38 3362.29 1212260721
1331.36 3390.21 1212260781
1571.58 3434.88 1212260845
2034.28 3500.78 1212260906
2340.97 3551.04 1212260954
2071.5 3525.35 1212261014
1871.18 3576.73 1212261048
1934.11 3697.36 1212261185
1958.05 3690.66 1212261246
1958.93 3688.43 1212261315
1953.61 3686.19 1212261375
1957.16 3691.78 1212261424
2046.68 3500.78 1212261480
1974.89 3303.09 1212261540
1973.11 2978.08 1212261601
2109.62 2483.34 1212261668
2384.4 2360.49 1212261691
2721.23 1943.95 1212261751
3085.54 1570.98 1212261811
3786.68 390.763 1212261866
2816.96 -2658.92 1212261975
3071.36 -4140.94 1212262025
3559.76 -5576.94 1212262071
2881.67 -14469.7 1212262361
3224.7 -15912.8 1212262423
4466.54 -15867.1 1212262603
4454.13 -15878.2 1212262643
3566.85 -16525.6 1212262786
5188.95 -17322.2 1212262876
5006.36 -17347.8 1212263044
