4419.56 -16027.5 1211323873
4415.13 -16032 1211323927
4408.04 -16038.7 1211323980
4400.06 -16048.7 1211324041
4408.93 -16034.2 1211324156
4411.59 -16036.5 1211324216
4412.47 -16033.1 1211324282
4408.04 -16045.4 1211324348
4407.15 -16048.7 1211324414
4408.04 -16046.5 1211324474
4408.93 -16048.7 1211324535
4404.49 -16047.6 1211324588
4410.7 -16040.9 1211324655
4405.38 -16046.5 1211324714
4414.24 -16043.1 1211324757
4415.13 -16043.1 1211325008
4402.72 -16045.4 1211325068
4409.81 -16039.8 1211325132
4414.24 -16037.6 1211325254
4415.13 -16038.7 1211325319
4423.99 -16037.6 1211325502
4420.45 -16040.9 1211325557
4416.02 -16040.9 1211325623
4405.38 -16048.7 1211325671
4407.15 -16046.5 1211325743
4407.15 -16048.7 1211325809
4408.93 -16053.2 1211325863
4406.27 -16048.7 1211325914
4407.15 -16046.5 1211325991
4408.04 -16045.4 1211326038
4411.59 -16043.1 1211326094
4409.81 -16044.3 1211326159
4407.15 -16047.6 1211326214
4409.81 -16047.6 1211326256
