2363.13 4360.85 1211664933
2363.13 4360.85 1211664951
2371.11 4349.68 1211664952
2223.08 4262.55 1211665012
2161.92 4151.97 1211665079
1135.47 3991.12 1211665151
825.233 3941.98 1211665199
782.686 3811.29 1211665260
833.211 3267.35 1211665347
1096.47 2112.57 1211665438
1186.88 1625.7 1211665492
1400.5 1105.35 1211665553
1620.33 567.17 1211665613
1669.97 209.893 1211665672
1669.97 209.893 1211665674
1608.81 206.544 1211665734
1272.86 164.118 1211665794
1233.86 327.123 1211665854
918.305 511.345 1211665915
671.001 876.451 1211666023
613.385 943.445 1211666083
585.02 918.88 1211666120
592.998 894.316 1211666141
538.928 773.728 1211666185
265.918 500.18 1211666247
53.1837 123.926 1211666306
-135.618 77.0346 1211666366
-122.322 63.6372 1211666390
171.074 87.0826 1211666451
624.908 125.042 1211666511
635.545 470.034 1211666576
864.235 500.18 1211666642
1021.13 683.289 1211666691
1176.25 904.365 1211666751
1535.24 924.463 1211666811
1782.54 1005.97 1211666871
1913.73 1294.05 1211666931
2129.12 1507.33 1211666991
2603.34 1979.68 1211667053
3274.34 2647.5 1211667112
3698.04 2993.72 1211667174
3698.04 2993.72 1211667189
3675.88 2874.22 1211667250
3701.58 2817.26 1211667310
3593.44 2724.56 1211667331
3293.84 2390.64 1211667363
3227.36 2272.27 1211667389
3665.24 1942.83 1211667454
3988.77 2261.1 1211667509
4028.66 2299.07 1211667549
4028.66 2301.3 1211667551
4185.55 2410.75 1211667613
4010.93 2146.08 1211667672
3355.89 1125.45 1211667732
3822.13 -310.364 1211667792
3827.45 -1100.73 1211667852
3750.33 -1039.34 1211667876
3583.69 -974.593 1211667943
3576.6 -994.686 1211668003
