-2055.55 2448.72 1211466135
-1841.04 2882.03 1211466242
-1125.72 3000.42 1211466302
-728.616 3058.5 1211466362
-446.743 3309.79 1211466483
-495.494 3597.95 1211466537
-545.133 3880.54 1211466586
-610.726 4230.16 1211466646
-622.249 4401.07 1211466697
-623.135 4357.5 1211466758
-480.426 4354.15 1211466807
75.3435 4441.28 1211466874
732.162 4539.58 1211466934
991.875 4540.7 1211466988
1093.81 3971.02 1211467048
1404.05 3866.02 1211467108
1407.59 3858.2 1211467157
1410.25 3847.03 1211467158
1273.75 3795.65 1211467218
969.716 3766.61 1211467284
897.031 4162.02 1211467345
626.681 4184.36 1211467393
494.608 4193.3 1211467424
483.971 4023.52 1211467487
497.267 3667.2 1211467542
488.403 3719.7 1211467648
661.25 3824.69 1211467689
970.602 3946.44 1211467750
1019.35 3959.85 1211467810
1027.33 3972.13 1211467871
1361.5 4008.99 1211467931
1575.12 4038.04 1211467992
2484.56 4192.18 1211468071
2794.8 4239.1 1211468093
3058.95 4281.54 1211468147
3098.83 4120.69 1211468214
3157.34 3892.83 1211468230
3246.86 3906.23 1211468296
3299.16 3749.86 1211468382
3177.72 3581.2 1211468454
2925.99 3650.45 1211468503
2486.34 3606.89 1211468534
2220.42 3548.81 1211468594
2215.99 3561.1 1211468654
2217.76 3555.51 1211468714
2221.3 3555.51 1211468774
2221.3 3555.51 1211468834
2219.53 3555.51 1211468894
2231.05 3580.08 1211468954
2231.94 3578.97 1211468989
2208.01 3547.69 1211469044
2321.47 2893.2 1211469147
2607.77 2906.6 1211469218
2872.8 2619.58 1211469267
3223.82 2284.55 1211469327
3449.85 2048.92 1211469389
3664.35 1834.51 1211469447
3371.84 1032.77 1211469507
3348.8 -2029.43 1211469627
2845.33 -3363.14 1211469681
3268.14 -4890.77 1211469736
3704.24 -6324.41 1211469789
3975.48 -7848.15 1211469857
2590.93 -12834.6 1211470034
2868.37 -14335.9 1211470097
4556.07 -15997.5 1211470270
3626.24 -16266 1211470454
3542.03 -16522.3 1211470535
4886.69 -17586.2 1211470603
4886.69 -17586.2 1211470615
5008.13 -17347.8 1211470722
4985.08 -17347.8 1211470927
5040.04 -17383.5 1211471126
