12616.9 7518.2 1212305516
14083.9 7362.87 1212305577
15673.2 9054.86 1212305699
16240.5 9934.51 1212305808
16465.7 10286.6 1212305878
17194.3 10897 1212305993
17206.7 11014.4 1212306032
17206.7 11014.4 1212306045
17191.6 10905.9 1212306106
16510 10386.1 1212306215
15970.2 9555.59 1212306275
15086.4 8759.79 1212306335
14751.4 7300.29 1212306387
9409.08 6835.46 1212306618
7779.88 6424.27 1212306670
6455.61 5808.66 1212306734
5497.42 4676.98 1212306797
4502 3529.82 1212306836
3513.67 2993.72 1212306897
3478.21 3093.12 1212306958
3468.46 3092 1212306965
3226.48 2904.37 1212307026
3163.54 2860.81 1212307087
2900.28 2578.26 1212307148
2261.19 1880.3 1212307214
1807.36 1852.38 1212307268
1194.86 1878.06 1212307328
908.554 1730.66 1212307388
69.1388 1597.78 1212307455
-608.067 1482.76 1212307508
-1466.1 1347.65 1212307568
-1928.79 832.905 1212307641
-2340.08 674.356 1212307688
-2870.15 639.744 1212307754
-4044.62 157.419 1212307881
-4002.96 -615.134 1212307973
-3995.87 -762.492 1212308004
-3994.98 -768.073 1212308006
