3365.64 -16110 1211779539
2960.56 -14645.7 1211779586
2866.6 -13930.2 1211779607
2866.6 -13930.2 1211779624
2580.29 -12413.2 1211779655
3014.63 -10951.6 1211779704
3976.37 -9828.81 1211779747
4075.64 -8347.82 1211779795
3806.18 -6840.91 1211779842
3534.05 -5371.66 1211779890
3027.92 -3962.4 1211779938
2462.4 -2522.76 1211779987
2462.4 -2522.76 1211779999
2869.26 -1066.13 1211780042
2723.89 442.121 1211780099
1815.34 1055.1 1211780159
1129.27 1359.93 1211780219
1318.07 1612.3 1211780279
1274.64 1903.75 1211780339
1154.97 2767 1211780406
1123.06 2966.91 1211780423
1049.49 3410.31 1211780483
850.939 4359.74 1211780543
850.939 4359.74 1211780556
280.987 4273.72 1211780610
-309.352 4184.36 1211780664
-563.747 4139.68 1211780724
-563.747 4139.68 1211780728
-564.633 4144.15 1211780795
-575.27 4040.27 1211780866
-25.7054 4112.87 1211780921
203.871 4158.67 1211780989
365.195 3958.73 1211781020
810.165 3993.36 1211781085
1761.27 4202.24 1211781170
1757.72 4202.24 1211781189
1602.6 4293.83 1211781261
1460.78 4389.9 1211781321
1461.66 4391.01 1211781322
1503.32 4032.45 1211781383
1609.69 3527.59 1211781443
1826.86 3431.53 1211781503
2200.92 3516.42 1211781563
