3649.29 -16288.3 1212378254
4046.39 -16175.7 1212378415
3440.1 -16166.8 1212378417
3442.76 -10568.1 1212378652
4197.08 -9243.36 1212378690
3698.92 -6227.36 1212378782
3245.98 -4775.85 1212378842
2628.16 -1887.68 1212378960
2468.61 -1296.08 1212379007
1773.68 -1328.45 1212379068
1297.68 -1351.9 1212379128
788.005 -1407.71 1212379188
460.039 -1230.22 1212379255
-21.2735 -1239.15 1212379309
-65.5932 -774.771 1212379389
-96.617 -294.734 1212379430
-262.373 -298.084 1212379462
-262.373 -298.084 1212379463
-259.714 -309.248 1212379486
-269.464 -317.062 1212379570
32.7966 -275.756 1212379636
64.7068 64.7537 1212379699
273.009 104.946 1212379747
819.028 140.672 1212379807
1048.6 116.11 1212379868
1078.74 -294.734 1212379928
1125.72 -883.055 1212379988
1162.06 -1286.04 1212380059
1106.22 -1955.77 1212380109
1157.63 -2095.29 1212380175
1513.96 -2340.84 1212380229
1752.4 -2520.53 1212380289
1711.63 -2894.41 1212380349
1719.61 -2869.86 1212380392
2166.35 -2807.36 1212380410
2465.95 -2668.97 1212380479
2888.76 -3610.88 1212380522
3357.66 -5079.34 1212380576
3714.88 -6541.95 1212380627
3929.39 -7752.23 1212380687
4174.03 -9233.32 1212380718
2730.09 -13429.8 1212380863
2953.47 -14950 1212380929
3414.39 -16334 1212380983
4568.48 -17332.2 1212381174
5053.33 -17541.7 1212381234
3696.26 -16132.3 1212381354
3696.26 -16132.3 1212381368
