4195.3 -16067.7 1212619897
4317.63 -17118.3 1212620022
4667.75 -17399.1 1212620078
8949.04 -19340.7 1212620306
10088.9 -20299.6 1212620370
10439.1 -20702.8 1212620379
11428.3 -21847.5 1212620451
12339.5 -23014.3 1212620496
14106.1 -25433.2 1212620586
14551.1 -26156.6 1212620635
15123.7 -25830.5 1212620707
16493.1 -24834.4 1212620821
16351.3 -24782.1 1212620894
16406.3 -24909 1212620953
15686.5 -25733.7 1212621032
14717.7 -25901.7 1212621081
14417.2 -25745.9 1212621105
13492.7 -24558.3 1212621149
11710.2 -22161.5 1212621242
10736 -21025.7 1212621291
10105.8 -20305.2 1212621359
9239.78 -19391.9 1212621412
7790.52 -19291.7 1212621473
6409.52 -18800.5 1212621535
5252.77 -17844.7 1212621570
4207.71 -16117.8 1212621695
