3890.39 3551.04 1212894212
3893.93 3536.52 1212894213
3827.45 3398.03 1212894273
3222.04 2884.27 1212894333
3025.26 2887.62 1212894392
3404.64 3327.66 1212894494
3474.67 3406.96 1212894544
3716.65 3793.42 1212894597
3789.34 3734.22 1212894661
3655.49 3778.9 1212894733
3166.2 3430.42 1212894846
2793.03 3737.57 1212894913
2743.39 3900.65 1212894985
2737.19 3890.6 1212894987
2606.89 3915.17 1212895053
2475.7 3691.78 1212895140
2102.53 3224.91 1212895200
1298.57 3079.72 1212895265
1075.2 2978.08 1212895321
958.192 3004.89 1212895393
429.901 2934.53 1212895441
102.822 2878.68 1212895512
79.7755 2792.69 1212895545
80.6619 2779.29 1212895572
207.416 3067.43 1212895689
175.506 3198.1 1212895728
125.868 3526.47 1212895781
49.6381 3968.78 1212895848
-19.5007 4367.55 1212895901
-25.7054 4414.47 1212895962
-43.4333 4537.35 1212895985
-43.4333 4537.35 1212895987
-115.231 4535.11 1212896020
-75.3435 4418.94 1212896085
187.029 4462.5 1212896114
809.278 4563.04 1212896186
1076.97 4000.06 1212896234
1185.11 3318.73 1212896296
1213.47 3167.95 1212896355
1647.81 3219.32 1212896415
1688.58 3010.47 1212896475
1778.99 2418.56 1212896535
2089.23 1850.15 1212896597
2465.95 1840.1 1212896657
3229.13 2609.53 1212896791
3122.77 2798.27 1212896831
3122.77 2798.27 1212896845
2962.33 3004.89 1212896894
2907.37 3049.56 1212896912
3011.08 3331.01 1212896973
3486.19 3716.35 1212897090
3487.08 3824.69 1212897169
3511.89 3159.01 1212897290
3633.33 2754.72 1212897362
3163.54 2207.5 1212897491
2632.59 1201.38 1212897543
2795.69 -288.036 1212897604
2627.27 -1846.38 1212897648
2808.1 -3358.67 1212897719
3237.11 -4804.86 1212897772
3680.31 -6257.48 1212897816
3948 -7742.19 1212897868
4178.46 -9256.74 1212897915
2911.81 -14767.2 1212898118
3319.55 -16192.4 1212898182
