3230.91 -15682.1 1211344920
2919.78 -14218.9 1211344971
2919.78 -14218.9 1211344983
2607.77 -12713.1 1211345022
2767.32 -11196.9 1211345075
3810.61 -10087.5 1211345130
4131.48 -8645.6 1211345171
3862.02 -7139.86 1211345220
3595.22 -5653.92 1211345269
3132.52 -4243.6 1211345322
2718.57 -2932.36 1211345382
3601.42 -1696.81 1211345422
3849.61 -211.004 1211345476
3366.53 1182.39 1211345536
3429.46 1533.01 1211345596
4223.67 2552.58 1211345657
4182.9 3012.7 1211345723
3958.64 3202.57 1211345777
3737.04 3421.48 1211345838
3456.94 3833.63 1211345910
