2199.14 5336.08 1212506621
1434.19 5215.43 1212506746
975.034 5038.92 1212506837
651.5 4873.59 1212506891
274.782 4816.61 1212506963
-48.7517 4757.41 1212506995
-450.288 4595.43 1212507099
-640.863 4466.97 1212507164
-496.381 4465.85 1212507225
-481.312 4436.81 1212507245
-477.767 4391.01 1212507293
15.9551 4433.46 1212507360
698.479 4522.82 1212507409
750.776 4155.32 1212507474
778.254 3988.89 1212507522
788.005 3908.47 1212507576
788.891 3870.49 1212507643
842.075 3565.56 1212507763
872.212 3364.52 1212507816
910.327 3201.45 1212507876
986.557 2924.47 1212507949
1248.93 2869.75 1212508002
1875.61 3046.21 1212508057
2662.73 3171.3 1212508130
2662.73 3171.3 1212508136
2677.8 3288.57 1212508196
2573.2 3071.9 1212508257
2600.68 2867.52 1212508323
