131.186 3440.47 1212131193
110.799 3485.15 1212131195
15.9551 3080.83 1212131196
-236.667 2832.89 1212131211
-218.939 2726.8 1212131255
-218.939 2726.8 1212131256
-374.945 2880.92 1212131328
73.5707 2983.67 1212131388
171.961 3182.47 1212131436
447.629 3240.54 1212131496
881.076 3297.51 1212131557
1331.36 3425.95 1212131617
1287.04 3687.31 1212131677
1251.59 3921.87 1212131737
1199.29 4245.8 1212131804
1201.06 4245.8 1212131844
1143.45 4578.68 1212131905
1090.27 4949.55 1212131964
1348.21 5110.42 1212132031
1523.71 5128.29 1212132087
1961.59 5190.85 1212132134
1973.11 5226.6 1212132175
1973.11 5226.6 1212132177
1960.7 5044.51 1212132238
1997.93 4807.68 1212132275
2011.23 4702.67 1212132341
2225.74 4488.2 1212132395
2520.02 4244.68 1212132461
2670.71 4115.11 1212132521
2992.47 3723.05 1212132581
3147.59 3803.47 1212132635
3149.36 3593.49 1212132707
3056.29 3318.73 1212132761
2791.26 3279.64 1212132821
2423.4 3237.19 1212132882
2247.01 3223.79 1212132935
1552.96 3118.81 1212132996
1357.96 3270.7 1212133056
1310.98 3575.62 1212133116
1278.18 3777.78 1212133176
1278.18 3777.78 1212133194
1211.7 4191.07 1212133241
1365.93 4335.16 1212133296
1468.76 4349.68 1212133321
1891.57 4426.76 1212133381
2161.03 4461.39 1212133448
2353.38 4395.48 1212133502
2455.31 4300.53 1212133582
2628.16 4146.39 1212133623
2648.55 4139.68 1212133683
2850.64 4035.8 1212133744
2955.24 3853.74 1212133805
3138.72 3832.51 1212133851
3187.47 3438.24 1212133917
3692.72 3051.79 1212133972
3696.26 3054.03 1212134032
3697.15 3050.68 1212134098
3686.51 3051.79 1212134152
3596.1 3250.6 1212134219
3321.32 2974.73 1212134279
2931.31 2584.96 1212134339
3205.2 2296.84 1212134393
3433.01 2062.32 1212134454
3420.6 1559.81 1212134520
3810.61 -787.051 1212134652
3752.99 -1051.62 1212134694
